0.20262302	0.85306211	0.68781358	0.36292583	0.32302190	0.01842402
0.11942036	0.75777457	0.81954925	0.44583230	-0.01679403	-0.03348360
0.13214813	0.75457449	0.59402225	-0.47730309	-0.10122578	-0.14062166
0.07703161	0.61363861	0.59464481	0.30025758	0.14977925	-0.16146085
0.15104881	1.02617075	0.65826485	-0.18947280	0.10298161	-0.03473193
0.05680191	0.86483283	0.61884858	-0.04586788	0.04029833	-0.04995074
0.09555105	0.94030428	0.61472392	-0.30440964	-0.03405581	-0.01626380
0.08602721	0.98113907	0.75600265	-0.47601324	-0.02040162	0.05142203
0.20210730	0.61131306	0.70088297	-0.68231778	0.19776799	0.02987133
0.11798300	0.66638993	0.86509316	-0.64139409	0.25803592	-0.07386911
-0.02349515	0.64029317	0.77272917	-0.36226519	-0.51920865	-0.02674477
0.06926615	0.73764640	0.68056769	0.82643555	-0.47922098	-0.16869123
0.07723197	0.71058088	0.82718743	-0.16998779	-0.36156454	-0.03426709
0.23973586	0.61555408	0.92839931	0.15960505	-0.38545436	0.07894432
0.10363653	0.52899427	0.65434372	1.56559110	-0.47979746	-0.07670788
0.03440676	0.60150813	0.63557437	0.91364626	-0.50898536	-0.14334772
0.06116175	0.75142407	0.29521336	0.35536884	-0.33259660	-0.02052623
0.17294596	0.63034163	0.66438451	0.75217036	-0.17346031	0.06709596
0.19009668	0.94105213	0.60050004	0.84723746	-0.38495870	-0.06607588
0.12171339	0.76327259	0.56507152	0.29884059	-0.31813930	0.01196639
0.12603245	0.76056954	0.61009780	0.61623074	0.02716679	-0.32186046
0.19883831	0.79715524	0.56440545	0.22565203	-0.20175335	-0.29121706
0.20552999	0.90592912	0.55866613	0.15400182	-0.11093503	-0.22855967
0.30447704	0.62685749	0.56926890	0.55996299	0.18331147	-0.26397014
0.15379015	0.69587155	0.76546029	-0.39439092	0.03178103	-0.26184104
0.22036852	0.59883451	0.61496651	0.30533220	-0.14629958	-0.28146503
0.17868451	0.94257965	0.62752223	0.47487156	0.37097595	-0.27905637
0.27497075	0.91147735	0.49475137	0.26737445	0.33567924	-0.33529249
0.23463953	0.91961908	0.51220474	0.10126282	0.14114582	-0.59466434
0.12524538	0.86519936	0.55258990	0.12063867	0.10913717	-0.43317395
0.05185008	0.81354733	0.32371896	0.51570540	0.19095126	-0.40616530
0.13256814	0.71458279	0.57451937	0.15150118	0.23975798	-0.28503714
0.13221126	0.87751209	0.64002777	0.70596259	0.14922344	-0.15701107
0.03726127	0.97729138	0.74009756	0.23232465	0.05080053	-0.11006572
0.00301238	0.89175491	0.57182216	0.14600451	0.16793625	-0.08657024
0.01448002	0.79541781	0.51951102	-0.13019169	0.15957053	-0.06596027
0.17385845	0.82878366	0.48037946	-0.59692183	0.33080903	-0.14683870
0.20689379	0.78397873	0.63247629	0.28916516	0.24721273	0.10805320
-0.15646215	0.90984585	0.41152193	0.81644977	0.26082412	0.17693295
0.01993937	0.83566606	0.64001633	0.23713570	0.28770345	0.13623553
0.00760834	1.05909214	0.62038302	0.37663277	0.06303824	0.18779502
0.05460292	0.77669598	0.49974578	0.26142376	0.29667659	0.02932335
0.04623730	0.62192977	0.57501553	0.78040846	0.04447269	0.02552816
0.00150286	0.87867381	0.76083828	0.11189713	-0.05046251	0.00546046
0.18957384	0.89648213	0.53453309	0.08570497	-0.19868660	-0.01053931
0.14090432	0.87443972	0.57992090	0.89350113	-0.12968791	-0.08719840
0.21314652	0.81647806	0.51611786	0.71095123	0.01926095	-0.09344431
0.05198967	0.97005682	0.73955347	-0.56015637	-0.07106527	-0.03142519
-0.03271179	0.82245794	0.48523653	-0.20225610	-0.30927435	-0.10682890
-0.03330110	0.85073921	0.66267819	0.38529708	0.02360467	-0.13485000
0.09639274	0.81305012	0.53647914	0.26103884	0.41149536	-0.28977497
-0.01255823	1.08941296	0.60160485	-0.54769657	0.35448074	-0.10779367
0.09658306	0.96660178	0.55332719	-0.34364209	0.14059907	-0.51861276
0.04712544	0.81797819	0.51558199	-0.12303393	0.19759347	-0.59214007
0.10990296	0.74497829	0.60854761	-0.65113655	0.57429324	-0.42932326
0.00345591	1.14747796	0.64590425	-0.67771382	0.44658277	-0.54916095
-0.13307268	1.12137715	0.72744265	0.31694935	0.52040761	-0.61927063
0.10535736	1.02586657	0.60161195	-0.14411054	0.33090175	-0.75213786
0.00969664	0.78145631	0.69801431	-1.02906904	0.08222355	-0.48779077
0.03180792	0.93326854	0.76280900	-0.79539063	0.34995193	-0.61360277
-0.10379131	0.86557710	0.70311593	-1.27076632	0.36863399	-0.38776186
-0.11478361	0.93282303	0.67587724	-1.45688490	0.14567161	-0.45142715
0.01500757	0.91876573	0.71838389	-1.87758686	0.28256899	-0.37413238
-0.11910019	1.22375461	0.77622989	-2.48896198	0.17582861	-0.30695463
0.04819158	0.70074310	0.76675079	-2.70616408	0.36900755	-0.44941101
-0.01117369	0.87996229	0.58542163	-4.04798507	0.47251413	-0.27014067
-0.10710066	0.65540457	0.58370371	-3.13973489	0.22789525	-0.16962974
-0.02456011	0.40801996	0.56639319	-3.26126390	-0.28087910	0.18589183
0.01199775	0.10551582	0.50492975	-3.32394839	0.18589212	0.02597221
-0.09214198	0.11301741	0.43985534	-2.14765686	-0.00846158	0.22513694
-0.00339108	-0.04139664	0.17940267	-2.44920765	0.24297145	0.15266957
-0.00407988	-0.19256397	0.38047500	-1.73255197	0.83405115	-0.09631261
-0.22153570	-0.06606789	0.49033173	0.35461423	1.09070145	-0.10591164
-0.46826729	0.00870588	0.57850280	0.60955115	0.46444996	-0.32911345
-0.38327468	-0.16661331	0.62454430	0.66595577	-0.31784702	-0.44966437
-0.45990723	0.10748329	0.91272532	0.76889199	-0.69542370	-0.42553260
-0.21349799	0.25807105	1.14156071	1.25054452	-0.24661588	-0.34090417
-0.26111218	0.69581614	1.25385856	-0.08614384	0.00606333	-0.44103458
-0.05858996	0.05638866	1.17826161	-0.30472989	0.39524717	-0.46637535
-0.10245970	0.69185964	1.37026400	-0.76134773	0.25277562	-0.15057888
-0.14992194	0.63543917	1.19408402	-1.02557409	0.11281448	0.23398803
-0.22936723	0.56254779	0.84327230	0.33806481	-0.45520487	0.41360487
-0.34126586	0.34503216	0.80788204	-0.31673707	-0.48995632	0.46916072
-0.19873907	0.27973212	0.87387637	0.26866230	-0.25850936	0.15911866
-0.15248441	0.23198062	0.78878685	-0.03367182	0.11881948	0.15524285
0.00460136	0.59460540	0.88167389	-0.18912052	0.31188077	0.12916947
-0.10467928	0.05142176	0.82380924	0.37000837	0.49618120	-0.10710006
-0.22685326	0.20425589	1.01101060	-0.12383844	0.46696737	0.19025044
-0.12556431	0.17213440	0.90003390	1.22024653	0.03245957	0.07336040
-0.21563057	0.33077938	0.95027405	0.08493095	-0.21167691	0.17741763
-0.17278218	0.45121902	0.89943396	-0.31279491	0.09678059	0.29348894
-0.07181024	0.31613497	0.94999111	0.17168379	0.60436727	0.17368807
-0.39089180	0.15236254	1.01179815	1.23713877	0.40348783	0.21869846
-0.38163140	0.04176891	1.05759080	1.21775191	-0.03874991	-0.30622301
-0.38546155	0.21153556	1.00499829	0.65039227	-0.27802336	-0.10039873
-0.27511999	0.41676470	0.98176595	0.09337890	-0.28198271	-0.00258147
-0.25720053	0.44643388	0.81979341	0.95528797	-0.05831833	0.10286536
-0.04981414	0.46789099	0.89608338	0.98749611	-0.13222830	0.13268159
-0.04691833	0.65782567	0.96225454	0.41728796	-0.18254682	0.09996282
-0.08332599	0.64072265	0.77111837	0.02278966	0.01746430	0.11924094
-0.09129548	0.37400741	0.96695062	0.07580934	-0.17865539	-0.03460309
-0.08213610	0.68527552	0.95634665	-0.34713739	-0.04743685	-0.16657678
-0.23277558	0.39331804	0.91707826	-0.45821622	0.00235698	0.06058855
-0.18548995	0.58975847	0.85549080	-1.09425942	-0.06563300	0.04432417
-0.12052973	0.36080969	0.86127126	0.25440586	-0.01389475	0.07741410
-0.27785766	0.53905443	0.91394480	-1.13384208	0.11138197	-0.03688746
-0.29895601	0.57053421	0.77648015	-0.27450406	-0.02300467	-0.04666004
-0.30987027	0.24721947	0.83361445	-0.59504425	0.13932052	-0.11944158
-0.19166181	0.53674297	0.99049633	-0.10184900	0.02289508	0.06538986
-0.28014336	0.29007026	0.80105313	-0.24618139	0.22600292	-0.00613069
-0.22909674	0.25337449	0.65198529	-0.58920714	-0.30708152	-0.12233650
-0.12908000	0.61518324	0.83740683	0.20268164	-0.02399219	0.05990639
-0.07156013	0.36716892	0.74578195	0.05454008	0.07088140	0.15687042
-0.07461870	0.64945835	0.89030121	0.13039510	0.02371774	0.13856093
-0.24443824	0.27522369	0.88361449	0.47349218	0.04696299	0.29028832
-0.17145747	0.43264412	1.00170730	-0.18005076	0.02203061	0.19655729
-0.09656735	0.59604417	0.89761823	0.19588904	0.04989407	0.07432196
-0.10331106	0.53009902	1.03863099	0.23865491	0.00870785	0.16013486
-0.18267307	0.40755281	0.98291007	-0.91579558	-0.14140607	-0.08836887
-0.30396709	0.43869185	0.88633326	-0.15878522	-0.16365416	-0.11829771
-0.26072395	0.52407164	0.87494318	-0.37615440	-0.06488008	0.25364921
-0.11290833	0.20534344	0.75409400	0.53650321	-0.05428342	0.21411367
-0.13721215	0.35300249	0.88373598	-0.99298129	-0.34411045	-0.00540526
-0.12846487	0.27797357	1.08796033	0.15838837	-0.35297523	-0.21836292
-0.25580675	0.40826204	0.74408551	0.30823376	-0.18812373	-0.00870034
-0.21092003	0.35488031	1.02933353	-0.45842287	-0.12548187	0.13331551
-0.26137432	0.31973231	0.89972867	0.00201203	-0.48046907	0.08164623
-0.11768869	0.39391089	1.09827592	-0.09355108	-0.27645180	-0.01477001
