1.29411249	-0.00690650	-0.08139723	0.14802518	-0.27422331	-0.44766200
1.11604446	-0.12788930	-0.18146424	-0.39778594	-0.87906828	-0.47163707
1.32251469	-0.18301969	-0.42930800	-0.45293105	-0.45262837	-0.37122116
1.12705429	-0.30282860	-0.26945416	-1.32141946	-1.27012451	-0.48173097
1.07607580	-0.45378070	-0.34994620	-1.51669119	-1.17059798	-0.43456559
1.04302772	-0.70038926	-0.30133502	-1.30741745	-1.05620835	-0.82894087
1.29440384	-0.75775683	-0.40475114	0.17521464	0.48878490	-0.73468252
1.43153696	-0.70891227	-0.30613088	0.62298677	2.28927833	-0.58841357
1.34433800	-0.54115011	-0.33626639	0.78539629	1.49537922	-0.52675582
1.22410654	-0.51300584	-0.02965342	0.30829414	0.98674422	-0.11560745
1.01457533	-0.11780452	-0.00576406	0.19920199	0.79785914	-0.12560915
0.94166910	-0.07401092	-0.02296341	-0.61125348	0.31946509	0.19791850
0.89605336	0.09244376	-0.09483415	-0.81858003	0.76061916	0.00749957
0.95364959	-0.02446315	-0.16475447	-0.96046426	1.48802667	0.22704731
0.73304736	-0.06751850	-0.00382975	-1.40228194	2.20236408	0.45189041
0.64808128	-0.19254240	0.06602285	-0.51981899	2.04604667	0.49306418
0.60575467	-0.20817751	0.12865507	-0.58115779	1.21813807	0.09819128
0.51497890	-0.29502099	0.23016781	-0.09087301	0.44918124	-0.12353949
0.66112323	-0.42564040	0.13603071	-0.01658593	0.22906441	-0.15072299
0.72197060	-0.14927230	0.17208855	0.17705012	0.15294333	-0.15883277
0.69332381	-0.09107778	0.05122084	0.64665943	-0.33327285	0.02069951
0.83148626	-0.15201358	0.08933179	0.23878400	-0.38800936	-0.09201109
0.81392534	-0.05614555	0.21139024	0.27634323	0.12126106	-0.15678587
1.10848015	-0.11402847	0.21526086	0.08223372	-0.49047887	-0.13460445
1.20413468	-0.14970540	0.15482402	-0.12697020	-0.37149215	0.06001132
1.37546043	-0.09550037	0.13986827	-0.53855263	-0.92002389	-0.11115267
1.54325006	0.06912873	0.07801010	-0.31831661	0.21511282	-0.02376021
1.50747086	0.04690191	0.31463236	-0.30469875	0.21493175	0.26425945
1.53134457	-0.15486460	0.27167132	-0.15763760	0.52115164	0.20186770
1.43668636	-0.41566877	0.09297734	-0.16067388	0.53160260	0.41256812
1.23322252	-0.71135763	-0.01625889	0.61921369	0.02173197	0.50608711
1.11387998	-0.59716198	-0.11189432	0.90300736	0.71431958	0.32544357
0.78035164	-0.36113746	-0.14757381	0.72921173	0.71602705	-0.31146266
0.39498304	-0.20214244	-0.04913521	1.21765569	0.01528757	0.25746065
0.99920841	-0.14613920	-0.13656228	0.65867632	-0.73289301	0.24642878
1.31162853	-0.12507830	-0.26048747	0.07599267	-1.07867240	0.49339661
1.06566918	-0.37203390	-0.13185091	-0.01952878	-0.54338830	0.46957740
1.04138464	-0.25648348	-0.05627086	-0.14027090	-1.08296358	0.10753485
1.08139353	-0.47254457	0.15427849	0.76803841	-0.30237876	-0.09430683
0.87177465	-0.41210174	0.07655618	0.68942539	-1.11069543	-0.21038537
0.61525416	-0.25817810	-0.09306176	1.28935510	-1.06286379	-0.36975120
0.79200580	-0.41646276	-0.10130768	0.44131181	-1.44459625	-0.10323132
0.67609511	-0.00243261	-0.15294864	0.80005643	-1.13253104	0.27836041
0.92788162	-0.14013564	-0.16784164	0.39625494	-0.85370748	0.30665130
1.10845578	-0.09961691	-0.16488084	0.75787175	-0.01487251	0.12493233
1.05576075	-0.15042293	0.04129862	-0.11701106	-0.09902106	-0.09633806
0.90193656	-0.09749074	-0.23076329	0.78848294	0.43808877	0.16537459
0.92911624	-0.08543919	0.01887451	0.05893190	-0.22658645	0.18545148
0.90721982	0.00610172	-0.04251032	0.27866029	-0.26770878	0.20396779
0.77669894	-0.16563983	-0.05735236	0.38734476	-0.75185748	0.54734452
0.83873825	0.04325751	-0.07291864	0.60517363	-0.60985101	0.46188558
0.85672389	-0.07266250	-0.24298139	0.85226686	-0.59267070	0.06124226
1.14661224	-0.39016966	-0.17823610	0.33071071	-0.03592336	0.03300580
1.46345676	-0.17646922	0.01459320	0.65199241	-0.44837506	-0.76663335
1.17692802	-0.13167539	0.02109031	0.18839024	-0.66017043	-0.57597046
1.07676539	0.08770164	0.12154445	0.71933479	-1.12295743	-0.35078565
1.22533150	0.21995714	-0.07530809	-0.30099252	-0.70288598	-0.49619930
1.16235645	0.02817225	-0.21108986	-0.47317405	-0.63071130	-0.26966298
1.20604221	-0.35536011	-0.11850676	-0.91234374	-0.62397864	-0.58419303
0.93707454	-0.55114319	-0.21708462	-1.28106978	-0.85805084	-0.78386485
0.98577065	-0.61965099	-0.23815461	-0.69686959	-1.51398332	-0.70852213
1.33672582	-0.84225432	-0.47198766	0.06267795	-0.18749862	-0.78542619
1.23530329	-0.69357138	-0.32122385	0.73269386	1.77133269	-0.64826542
1.60145089	-0.56958249	-0.24667310	0.83761162	1.67790693	-0.39149641
1.50760307	-0.68282401	-0.17680582	0.71369340	1.47289999	-0.15829002
1.15342517	-0.27459842	-0.02688750	0.43293018	1.13475120	-0.03024314
0.80117677	0.00929872	-0.01412407	-0.51089456	0.37083682	0.11865690
0.95037957	0.10423624	-0.00562786	-0.73689872	0.82385357	0.38637831
1.01415261	-0.01668102	-0.04958742	-0.17266474	0.63260248	0.57188886
0.74567643	-0.01610130	-0.08383917	-0.32387658	1.41974058	0.30069429
0.57547187	-0.15923487	-0.01841668	-0.10793131	1.63063308	0.21937016
0.89277724	-0.30432930	0.11495267	-0.31329878	0.95215518	0.14301095
0.69999049	-0.23639569	0.33501664	-0.14231132	0.46361692	-0.24319778
0.47730544	-0.34390748	0.22586107	0.62266827	0.15231969	-0.36366909
0.60137893	-0.25714498	0.18792402	0.37496974	0.05815943	0.07206777
0.88635216	-0.05122311	0.13727616	0.42711829	0.21326143	-0.08857286
0.81859760	-0.22025313	0.36973922	0.39282856	-0.22978306	0.17917889
1.06774920	-0.09967022	0.22063224	-0.27593675	0.35024748	-0.04000590
1.08282003	-0.01894771	0.17558828	0.04957169	-0.49418334	0.02651207
1.28532686	-0.11587989	0.31381380	-0.22435130	0.03263433	-0.02434472
1.49431536	-0.11682693	0.08529315	0.05121674	0.20975667	-0.27248516
1.57227841	-0.11551435	0.12802391	-0.41062819	0.97465306	-0.25824966
1.31181308	-0.07829919	0.46957334	0.22771320	1.94980985	0.33861951
1.20374895	-0.22437586	0.51354007	-0.25422494	-0.28156942	0.53324544
1.30971888	-0.58364032	0.12889153	0.47758755	0.42417460	0.87710551
1.06428298	-0.63349911	-0.08800340	1.02763173	-0.02775289	0.68686838
1.05624960	-0.41788521	-0.11491959	0.24815955	0.71231088	0.09781004
0.80299505	-0.16407721	0.01622699	0.19154866	-0.15048624	0.12725277
0.91568869	-0.22593527	-0.02780387	-0.33687024	-1.15185817	0.15949580
0.97362046	-0.38210650	-0.02101557	0.39747570	-0.68600357	-0.08278918
0.89664515	-0.22846926	-0.14700079	-0.60849074	-1.31761550	0.15069612
1.08071983	-0.39714479	-0.10832817	-0.27092368	-1.54010972	0.05679294
0.76125163	-0.25387628	0.07858002	0.30219349	-0.93601687	-0.07109445
0.81840940	-0.41034519	-0.03832354	0.54803505	-0.60237148	0.05515928
0.87813642	-0.30568431	-0.23403980	0.82929494	-0.91163780	0.10306151
0.67192385	-0.20186216	-0.06045918	0.88611318	-0.50817571	-0.09941242
0.93700393	-0.13575453	-0.18076520	0.40801394	-1.70032204	0.35864266
0.73983462	-0.14249907	-0.16088191	0.55890995	-0.97935584	0.22533661
0.69722552	-0.18905993	-0.09580630	0.45772325	-0.85579217	0.25456404
0.99239886	-0.16681878	-0.16474039	-0.06772526	-0.20565566	0.17182038
0.93374815	0.01685807	-0.10117565	-0.11618890	-0.00331264	0.47136032
0.91197161	-0.22687284	0.08121238	0.78435758	-0.10457454	0.00541096
0.83307628	-0.05355412	-0.14869485	0.29428141	-0.75710246	0.55832486
0.97511013	-0.09428743	-0.20459776	0.48085130	-0.22667890	0.46085105
1.07413698	-0.26391131	-0.03262432	0.53244801	0.05807966	0.57519099
1.26075476	-0.22438705	-0.13467177	0.83640413	-0.10285465	0.20146718
1.23370469	-0.19322107	-0.00345287	0.41620262	0.62385602	-0.08209786
1.17494723	-0.11899745	0.02424951	0.64913738	-0.08512887	-0.46061073
1.26693335	-0.07614376	-0.10562526	0.35746849	-1.08869001	-0.51120246
1.20847770	-0.12099880	-0.15523115	0.07284702	-0.48043948	-0.15019779
1.29889121	-0.26808966	-0.11808658	-0.49563303	-0.57979342	-0.65858988
1.24273054	-0.35747250	-0.19927107	-1.39009436	-0.44017055	-0.60617723
1.00187625	-0.44195247	-0.46591497	-0.97548493	-0.65729861	-0.55338680
1.02238457	-0.42081652	-0.22006874	-0.58549801	-0.09685066	-0.79402845
1.14779419	-0.62792707	-0.15132793	0.42350826	-0.15010798	-0.78699238
1.01095874	-0.64212680	-0.37172458	0.32499873	1.15273621	-0.38502552
1.29585766	-0.50037422	-0.24569783	0.60033419	1.36787222	-0.43226989
1.42780953	-0.48666940	-0.10010169	0.25613230	1.99500206	-0.38462819
1.37765508	-0.15483786	-0.07219379	-0.18399336	0.52386291	-0.17973449
0.92179916	-0.17781388	-0.09107601	-0.70260685	0.73115630	-0.09939848
0.92051558	-0.12942290	-0.02529873	-0.31520396	0.60528962	-0.09895600
0.80034870	-0.10543633	0.06411762	-1.06191540	1.11111403	0.18274025
0.65859931	-0.18879214	-0.19110383	-0.46978633	1.31915327	0.29126767
0.66159319	-0.00170518	-0.03761026	-0.68271831	1.19914404	0.34194923
0.66732364	-0.23129458	0.22739330	-0.38844899	1.87213130	0.28814279
0.75025541	-0.30642755	0.14091104	-0.37064258	0.67634812	0.14924962
0.45006681	-0.17244689	0.08546014	-0.46169868	0.61336242	-0.27643988
0.61272692	-0.08829072	0.18420076	-0.19640870	-0.34176152	-0.23419703
