0.73132788	0.00149722	-0.06609275	0.10930898	-0.35473302	0.41390243
0.92072499	-0.19326925	-0.13884194	0.16358256	0.02391869	0.54956920
1.03718316	-0.01980376	-0.16145730	0.00944006	0.41359201	0.47614786
0.90295157	-0.03285943	-0.18130127	0.08861981	-0.12679239	0.16132328
1.15999512	-0.43944502	-0.04377100	0.83522297	0.68212788	0.44594667
1.11765245	-0.42005643	-0.05907703	0.81644589	-0.03186845	-0.32011382
1.27421324	-0.18558969	-0.12251507	0.06875456	-0.28295107	-0.68170424
1.26233779	-0.08973314	-0.08167860	-0.00766408	-0.34471014	-0.74729681
1.15188237	-0.01013373	-0.11279175	-0.43723136	-1.03833340	-0.59540945
1.21652633	-0.26243228	-0.10796008	-0.63889262	-0.48096049	-0.37610655
1.34422143	-0.21199933	-0.17351944	-1.56674607	-0.62464947	-0.42009128
0.85608581	-0.41016085	-0.22043867	-1.28410934	-0.18493306	-0.52783482
0.92924248	-0.54226402	-0.26164970	-0.83042804	-1.16068645	-0.51556001
0.97004357	-0.81245333	-0.38143792	0.12933934	0.09254725	-0.81570761
1.45313349	-0.72725262	-0.33990772	0.46253221	1.19342863	-0.51434987
1.45066837	-0.58871055	-0.19820887	0.35150576	1.76277877	-0.51326708
1.12635212	-0.34501693	-0.13869787	0.67254560	1.50432562	-0.36570693
0.90727131	-0.11137440	0.01291571	0.28610652	0.52723138	-0.21472712
0.76083605	0.02514220	-0.06556282	-0.17115415	0.44490839	0.05749488
0.93185846	0.09728035	-0.00943784	-1.26153773	0.55118051	0.16528423
0.83975729	-0.23002701	-0.10327285	-0.94299804	1.81989498	0.26784892
0.83477428	-0.17214911	-0.05617077	-1.21802990	1.71870863	0.33207323
0.74829235	-0.08523117	-0.03652853	-1.21246259	1.08957116	0.28153901
0.63585973	-0.36336213	0.02740260	-0.58608380	0.92558851	0.16714226
0.77858419	-0.32491907	0.12607150	-0.49870249	-0.14304320	-0.03014241
0.58487740	-0.31457181	0.21752191	0.24311583	0.18950086	-0.04614680
0.79463927	-0.19655899	0.13165655	0.03928524	0.34732288	0.04206958
0.73664296	-0.17446570	0.16536611	0.20210635	0.32461711	-0.01886658
0.87397871	-0.03273683	0.08852788	-0.05407745	0.43694234	0.08109181
0.82334879	-0.19421912	0.11564468	0.53522217	-0.05673702	-0.34194228
0.84949312	-0.23233591	0.06643511	0.20566870	-0.21440541	-0.44053624
0.88713146	-0.31734259	0.07740957	-0.15106283	-0.70968013	-0.37570088
1.22444129	-0.10903705	0.17989753	0.03728275	-0.73202346	-0.08553478
1.55514891	-0.13871536	0.13043553	-0.03739794	-0.24682229	-0.34044284
1.61693131	-0.08238097	0.27418178	0.94625861	0.71968423	-0.08544076
1.18174710	-0.35513546	0.21640501	-0.32077434	0.36141299	0.27481725
1.34925614	-0.44935658	0.11634030	-0.12404651	0.08878087	0.57975405
1.36837199	-0.56124517	-0.04544838	0.31104810	1.02936872	0.51693218
0.91018576	-0.46299670	0.14903927	0.84238938	0.97438403	-0.01993394
0.52470895	-0.30074032	0.15624932	0.88519963	-0.30737342	-0.51278649
0.75138686	-0.20153740	0.04995059	0.49834478	-1.30994495	0.29370717
1.21068383	-0.03793978	-0.23213932	-0.14248147	-1.36709696	0.62126331
1.27458289	-0.13390038	-0.15583586	-0.30486244	-1.17926768	0.33370387
1.02423824	-0.32265456	-0.24907888	-0.37630952	-0.04229475	0.03528945
0.97045886	-0.45640587	-0.00503115	-0.50174618	-0.54722526	0.28210429
0.72924832	-0.58589970	0.00865373	-0.07188980	-0.89693734	-0.44781380
0.64017394	-0.45212120	0.05327139	0.48288070	-0.80331694	-0.39380816
0.58202324	-0.21172667	-0.00594731	0.70952746	-1.14605017	-0.13093144
0.57867904	-0.44297666	-0.11192363	1.08634523	-0.97211467	-0.31684019
0.81868867	-0.29766977	-0.09426396	0.42334500	-0.56117496	0.07642498
1.00605363	-0.10932160	-0.15626219	1.02417993	-0.89836587	0.08796651
1.03611966	-0.13035309	-0.16734101	0.63583115	-0.00459937	0.19906134
0.85271252	0.06006028	-0.24140793	0.35126482	-0.30748307	0.26171100
0.89880760	-0.01695053	-0.06329882	-0.09095292	-0.55811983	0.15113269
0.84384174	-0.05204826	-0.15466234	0.18483452	-0.08838816	0.45354871
0.98293557	-0.04905162	0.01503634	0.20669522	-0.49385511	0.23310530
1.18365639	-0.17750792	-0.18847719	0.20768895	-0.22696452	0.18477772
0.95046665	-0.20053457	-0.19248296	0.28837000	0.06870030	0.41196366
0.88054532	-0.16159332	-0.05037227	0.18055312	-0.20004427	-0.08303398
0.69483280	-0.23263386	-0.14431976	0.10403437	0.28155139	0.06682309
1.10637163	-0.11809137	-0.03096351	-0.18330222	-0.34005126	0.03990182
0.98334414	0.02230827	0.09872841	-0.18650082	-1.27868401	-0.40988562
1.23409674	-0.12875797	0.05461080	0.23805230	-0.94604109	-0.39252648
1.20612669	-0.17823171	0.01251110	-0.32251523	-1.18244460	-0.18386701
1.19817500	-0.08071918	-0.05955517	-0.46698073	-0.66350970	-0.50560810
1.23024258	-0.04126430	-0.31050274	-0.91444865	-0.93576050	-0.49048133
1.02340592	-0.42089984	-0.23699071	-1.16200455	-0.71341546	-0.30017015
1.06831125	-0.67083198	-0.29623745	-1.21873162	-0.71614158	-0.65987788
0.91513470	-0.63684163	-0.31589389	-0.18589253	-0.43981028	-0.32197282
1.25057813	-0.67296365	-0.41028999	0.51572504	1.41140635	-0.63711504
1.30226801	-0.77776535	-0.27629761	1.08920108	1.65071767	-0.74449361
1.48518110	-0.52729811	-0.31367584	0.69332812	1.90500584	-0.78137975
1.32455703	-0.35462144	-0.09033384	0.23482163	1.00666437	-0.32103314
1.16713148	0.06433683	-0.12326118	-0.46659586	0.42273588	0.01550654
0.94744104	0.01867762	0.03668319	-0.41777126	0.43116598	0.46025480
0.94126951	-0.04745315	-0.08016322	-0.74842882	1.12233041	0.23022009
0.84332513	-0.11868621	-0.07683889	-0.73409468	1.68944896	0.39277249
0.91779394	-0.10536925	-0.01533528	-0.40834697	1.67481707	0.28400351
0.87498166	-0.20671391	0.14875205	-0.67707254	0.04908696	-0.09157286
0.70826688	-0.35930387	0.10082262	-0.48703649	0.71856251	0.02673622
0.61820654	-0.11309258	0.23883225	0.08050027	0.24249184	0.11993503
0.57723334	-0.21324772	0.22053170	0.27774407	0.02104731	0.14372439
0.76646078	-0.12887886	0.07914754	0.29073172	0.25917234	0.20751702
0.71767787	-0.02210183	0.02198885	0.18946009	-0.15730531	0.09516709
0.75397298	0.01373031	0.20586895	0.56799714	-0.09725403	-0.21405152
0.77681594	-0.12682118	0.27884607	0.26744706	0.02811555	-0.27531697
0.86348294	-0.16398739	0.07618801	-0.11028693	-0.80870701	-0.14392319
1.37442293	-0.14009696	0.15382106	-0.11662781	-0.21616508	-0.39296369
1.63151696	-0.16758873	0.09288386	0.17519400	-0.61999885	-0.17722542
1.46359135	0.01633758	0.21838085	-0.47498225	0.71246206	0.23269951
1.45268092	0.01522512	0.21260112	-0.46387351	1.38507107	0.41850095
1.39372663	-0.16185379	0.27834856	-0.23745172	0.58854769	0.35336198
1.42454134	-0.37610722	0.21924682	0.35881467	0.16014445	0.48468784
1.29932391	-0.52183911	0.13519685	0.81950860	1.08356991	0.49321349
0.95851170	-0.52208229	0.09453945	0.40494161	1.50714679	-0.22042890
0.65262723	-0.56045307	-0.01485272	0.44738012	0.09862184	0.15679379
0.83450731	-0.11248584	0.01228090	0.33896662	-0.65828540	0.20348088
0.87889291	-0.24556192	-0.28421945	-0.25219759	-1.16101456	0.56275153
1.00531432	-0.18548720	-0.18130989	-0.14468250	-0.58272091	0.21764186
1.24458340	-0.19402686	-0.10958146	-0.79698112	0.16348276	0.05076463
0.85439239	-0.41173303	0.04540369	-0.52227429	0.48262071	-0.01883626
0.87730271	-0.26113966	0.05880959	-0.05437435	-0.71028896	-0.35954292
0.69816239	-0.23148085	-0.03548935	-0.13460473	-0.98889412	-0.21421872
0.62420077	-0.25018464	0.01572465	0.45219137	-1.74263882	-0.19326920
0.99954638	-0.21761416	-0.11156020	0.11188783	-1.35968601	-0.02584567
0.95017348	-0.18747082	-0.14261550	0.66158627	-0.83893678	-0.20472584
1.27015958	-0.10980028	-0.22165423	0.75281274	-0.12449412	0.01215565
0.98192381	0.12738533	-0.06313844	0.17791676	-0.09203696	0.26149940
0.75438940	-0.16564921	-0.01934302	0.16566591	-0.08084470	0.36620364
0.83688135	-0.10030130	0.00972349	0.09910068	-0.44120374	0.50192283
1.07706055	-0.03008673	-0.10930587	0.35536405	-1.10860613	0.43371581
0.91389498	-0.03294862	-0.07494000	0.40616569	-0.23320914	0.20337260
1.11388597	-0.07832969	-0.17457929	-0.23405710	0.26283368	0.25943542
0.89233856	-0.13175474	-0.13447035	0.25502017	0.33911847	0.23231551
1.06944176	-0.16871997	-0.10837709	0.16706447	0.17194778	0.03447143
0.94464426	-0.17137311	-0.07230768	0.15440000	-1.04510394	0.17482993
1.01399466	-0.09997980	-0.01275110	-0.07513033	-0.22471572	-0.24615784
1.06416395	-0.03075871	-0.02361048	0.01767000	-1.09580408	-0.34245830
1.00379166	-0.17746315	-0.14262679	0.00137873	-0.25824606	-0.27573893
1.38193768	-0.09238516	-0.04994810	0.51823587	-0.80080661	0.02678236
1.22225367	-0.13162894	-0.20964208	0.25002879	-0.60296079	-0.23704514
1.13830658	-0.17124294	-0.20994159	-0.27534619	0.10659873	-0.30967405
1.18189794	-0.30029735	-0.16969064	-0.54106793	0.08043575	-0.44052159
0.99875495	-0.44337839	-0.14543231	-0.98782701	-0.45989241	-0.47330918
1.02343072	-0.56469014	-0.27515513	-0.97300465	-0.81571147	-0.44388377
1.07430918	-0.75739116	-0.29316967	-0.42690187	-0.59324597	-0.90786922
1.24777417	-0.61651194	-0.30857569	0.47381736	0.85662255	-0.95365587
1.53627992	-0.70099921	-0.26364454	0.74568504	1.77655304	-0.62713019
