1.41840472	-0.10527329	-0.21112348	-0.46401879	-0.40992272	-0.12966471
1.16933620	-0.23455028	-0.22126128	-1.00571141	-0.82310814	-0.45202205
1.05241325	-0.27947418	-0.12598306	-1.20576794	-1.05896284	-0.14797603
0.88786783	-0.55413117	-0.25166433	-1.04173054	-1.03760623	-0.47711972
0.81478099	-0.64289976	-0.35732164	-0.38204169	-0.01735504	-0.46869059
1.16808685	-0.90862803	-0.27566874	0.58037963	0.94481294	-0.62341029
1.37502504	-0.58729260	-0.32708858	0.70910336	2.81361203	-0.90225475
1.48100991	-0.58613741	-0.15820386	0.80757854	1.38707423	-0.49819719
1.17900371	-0.27203523	-0.13713191	0.43279011	0.83092914	-0.28918666
0.89353337	0.05036326	0.04378501	-0.21954533	0.39046307	0.18377086
1.11831537	0.08513814	-0.06670135	-0.81125870	0.39101795	0.23390494
0.74333168	-0.17651682	0.01483369	-0.30939117	1.45024423	0.49617561
0.68599474	0.02810509	-0.04440983	-0.73336133	0.92479654	0.58716403
1.00898169	-0.25802059	-0.13571614	-0.46833295	1.47595897	0.24077289
0.60037158	-0.16125505	0.04963709	-0.66459734	0.70450225	0.16142208
0.62929628	-0.21648485	0.17054286	-0.14460604	0.17587873	0.26216614
0.58869036	-0.13326452	0.31026890	0.05540632	0.50319322	-0.10004114
0.53220371	-0.32417989	0.09680228	0.15156484	0.24073439	-0.04481888
0.78840074	-0.08781836	0.16277195	0.26154123	-0.46453362	-0.13780815
0.83561312	-0.10227766	0.24322766	0.35560828	0.35118382	0.01723689
0.83809787	-0.05492699	0.28209536	0.30747431	-0.14980754	-0.11604109
0.62420784	0.12402262	0.15197386	0.29118902	-0.13429496	-0.38187123
0.91976655	-0.21256904	0.12462998	-0.25225415	0.30171255	-0.41293280
1.16583209	-0.04698242	0.07147607	0.03045180	-0.28291222	-0.31603174
1.42541969	-0.19591042	0.24425381	-0.31141393	0.42792817	-0.30103540
1.65112650	-0.19324125	0.06240576	-0.29444407	0.70495233	0.13336856
1.47401996	0.03412709	0.22657240	-0.28848831	1.51659302	0.16469568
1.38227139	-0.12237654	0.26295294	-0.47844001	0.44628776	0.56334365
1.48415599	-0.20889846	0.29947512	0.01428286	0.00689192	0.75063054
1.21702671	-0.64617019	0.17217001	0.32198030	1.19364791	0.24041518
0.84382258	-0.56847076	0.12774673	0.58569004	1.32238001	0.08888890
0.67456873	-0.38653151	0.01532255	0.87413561	-0.93539881	0.13196680
0.66280775	-0.25560008	-0.08080681	0.29279068	-0.94726851	0.59138789
0.86002593	-0.08097758	-0.08598811	-0.08833316	-1.42483483	0.58545765
1.18539410	-0.40998065	-0.34544476	-0.62609685	0.37825060	0.67492832
1.35687833	-0.36576514	-0.11250566	-0.76425030	0.12102383	-0.27600901
0.93980625	-0.27788500	0.06875220	-0.63912256	-0.47083916	0.02500505
0.74669257	-0.32006556	0.12651375	-0.23270167	-0.83948658	-0.28078884
0.65516801	-0.17080974	0.16771300	0.00293584	-0.39940053	-0.42287640
0.64661816	-0.29908059	0.12872745	0.47628689	-1.20000747	-0.19933853
1.05474598	-0.37292438	-0.06194708	0.48109553	-0.74015463	0.26282732
0.87507296	-0.32977587	-0.10115984	0.36608328	-0.71696779	0.04532448
1.00364090	-0.14881493	-0.30630857	0.51368017	-0.72452258	-0.09603318
1.13147016	-0.13047952	-0.11871438	0.55872949	-0.02926281	-0.06036792
0.66464255	-0.11884293	0.01022484	0.35788886	-0.60850099	-0.08327167
0.80919085	-0.08995545	0.00804214	0.15009836	-0.62511381	0.54971514
0.99867871	0.05091648	0.07573673	0.10987438	-0.56010705	0.08050189
1.03559564	-0.16759504	-0.01094139	0.50609022	0.08449225	0.47994649
0.98256853	-0.17483862	-0.03134373	0.42273631	0.50911179	0.11239548
0.93130723	-0.11562134	-0.12254859	0.27482199	-0.32498200	-0.05203761
1.06488635	-0.21661445	-0.11126302	0.17284990	-0.16608671	0.14827246
1.06202040	-0.05962165	-0.05958796	0.08026481	-0.52708322	0.19138248
0.93169226	0.05802695	-0.06550728	0.41664772	-0.31150738	-0.04591078
1.08720567	-0.14637767	0.01282538	0.00423020	-0.50444582	-0.47107313
1.28067441	-0.30096603	0.02643143	0.27366339	-0.89885161	-0.21787424
1.23777457	-0.20316428	0.04120468	0.35716175	-0.94076489	-0.29543766
1.41386228	-0.23707867	-0.23351353	0.19522954	-0.88893617	-0.25746576
1.27517368	-0.16173763	-0.09311711	-0.04493054	-0.32396746	-0.59384923
1.14239482	-0.24364064	-0.14415227	-0.50471214	-0.35436010	-0.41141265
0.87896249	-0.42934227	-0.17179970	-1.06616588	-1.20903473	-0.63299437
0.89514315	-0.64039729	-0.21849419	-1.38076491	-1.65207661	-0.52088898
1.02527390	-0.49806665	-0.28445963	-0.39256450	-0.31887264	-0.58425349
1.42252606	-0.43998756	-0.34875908	0.15367290	0.55358605	-0.79278952
1.55171110	-0.58111616	-0.25369905	0.57701512	1.85809577	-0.83918350
1.48382642	-0.33382165	-0.23278108	0.50306518	2.06555499	-0.44904040
1.28317811	0.02763141	-0.03047714	0.75406915	0.94718404	-0.48264090
0.89492334	0.01514094	-0.03994711	-0.11329338	1.18320268	0.05347374
0.87655600	0.18678801	0.07562276	-0.92748999	0.73990702	0.13603567
0.95209722	0.09538973	-0.02567071	-1.09311885	0.59783093	0.30505896
0.99762070	-0.22488423	-0.03738471	-0.71137778	0.75282305	0.82599157
0.85997242	-0.34073253	-0.09159973	-0.42416148	1.66487445	0.49550163
0.69544409	-0.18028980	0.06911837	-0.68486224	1.44586339	-0.11357783
0.87841342	-0.13920819	0.28119198	-0.66645414	0.85907134	-0.00859523
0.69238711	-0.28164443	0.16811264	-0.70814053	0.48855562	0.24089283
0.51310701	-0.42041842	0.16922474	-0.35023920	-0.35024786	0.13835457
0.86795458	-0.13376747	0.23131546	-0.57876018	0.46097022	0.30764119
0.91446013	-0.19708565	0.18144364	0.15240300	0.25254416	-0.02052599
0.93939859	-0.09296019	0.17080289	-0.07815501	0.18445742	-0.15279103
0.87193327	-0.07774480	0.12215855	0.24028657	0.03974582	-0.14074674
0.91985528	-0.14256278	0.26284052	-0.22021702	-0.80314724	-0.28060230
0.76146039	-0.10330484	0.11220470	-0.10432509	0.10819455	0.08033309
1.05402182	-0.19448727	0.17468623	-0.08766456	0.74942073	0.06714376
1.27459060	-0.01980078	0.09905688	-0.22732978	0.29782814	-0.03244615
1.35830097	-0.01273227	-0.00138688	0.09211701	0.96253971	-0.04669401
1.31334274	-0.00846061	0.34501484	-0.21839768	0.54745490	0.15045970
1.49277137	-0.11776379	0.24761892	-0.74478341	0.82997849	0.54075338
1.38696302	-0.45656842	0.07105924	-0.13008576	0.26237848	0.20205612
1.25131730	-0.54993512	-0.08293556	0.47861882	1.45023205	0.20040690
0.96452540	-0.63948603	0.13566219	0.71420463	1.88140667	-0.08938186
0.52136026	-0.28109068	0.15908535	0.50780905	0.20609889	-0.28413214
0.52622237	-0.22301554	-0.07739378	0.27126162	-1.61479828	0.14304717
0.89424244	-0.15891517	-0.19671118	-0.17489077	-1.25578574	0.15021712
1.23227139	-0.25426224	-0.26961516	-0.64120000	-0.43059326	0.11608412
1.11197721	-0.35920738	-0.12115458	-0.42497733	-0.17369491	0.07990200
1.16790291	-0.28241149	0.05677966	-0.26880786	-0.15299973	-0.06642940
0.61838660	-0.39511341	-0.03205279	-0.03289655	-0.32950568	-0.37286494
0.79719599	-0.44836536	0.02215447	0.54939887	-1.41246613	-0.21941484
0.79467008	-0.30226901	-0.01581444	0.40951599	-1.06681864	-0.12390615
0.81714066	-0.31874862	-0.09132404	0.38129610	-2.09818555	-0.13374532
1.16232125	-0.18202540	-0.20675956	0.70471091	-0.55780624	0.18662872
0.88990903	-0.14204009	-0.16140290	0.41038221	-0.76805071	-0.04331867
0.84170444	-0.05775351	-0.07108992	0.57999878	-0.43446393	-0.09965255
0.81440536	0.12100296	-0.08890793	0.43215924	0.19320236	0.43522288
1.08463627	-0.02055494	-0.17512883	0.37911792	-0.68048765	0.18865898
0.97999047	0.14374363	-0.12604356	0.02588051	-0.52798374	0.33867233
0.90159764	-0.03684022	-0.01841003	-0.03577682	-0.20932394	0.40429060
0.96481300	-0.02641924	-0.02869945	0.05632575	0.33593659	0.33509562
1.07992217	-0.14040728	-0.12470793	0.06783762	-0.54736693	0.30900129
1.02852721	-0.12320445	-0.11292721	0.16280831	-0.01638575	0.38556307
1.00097710	-0.28718738	-0.11293914	0.29194464	0.40591832	0.51958501
0.83584227	-0.30790044	-0.12087678	-0.00214802	-0.16540962	0.36181799
0.99508911	-0.20947737	-0.11413641	-0.20687090	-0.06032240	-0.38962024
1.10325640	-0.19638256	-0.01137300	-0.34076776	-1.05535431	-0.69048123
1.46424108	-0.36664647	0.00794646	0.28255039	-0.26441862	-0.31819460
1.25038383	-0.09276067	-0.08414844	0.40887590	-0.49107120	-0.30657592
1.43677940	-0.23254836	-0.10566228	0.40688382	-0.11283915	0.01190465
1.15026765	-0.11683175	-0.13655827	-0.24703813	-0.98900425	-0.44466820
1.07739284	-0.26980389	-0.12670511	-0.34997191	-1.11584842	-0.59122647
0.78989019	-0.32227482	-0.22024632	-0.97426916	-1.13126058	-0.35105985
0.90111032	-0.58379542	-0.32380320	-0.88627777	0.35405597	-0.63193769
1.00963407	-0.60873580	-0.24916152	-0.13994164	0.06545730	-0.50341962
1.35057610	-0.77252984	-0.32863527	0.30700027	1.51968983	-0.87305467
1.28000320	-0.82354614	-0.25351601	0.46029465	1.59591076	-0.67919965
1.17387840	-0.62440268	-0.14974801	0.66047673	1.62986209	-0.77591183
1.21069697	-0.23984968	-0.13613530	0.67422774	0.83133504	-0.12000802
1.16616084	0.04761318	-0.05382002	0.10571886	0.46775059	0.27483923
1.11739996	0.07380315	-0.05449863	-0.71166631	0.58274735	0.40645384
0.95485156	-0.09661835	-0.25130404	-0.55843539	1.16967847	0.50302042
