0.94034982	-0.72641455	-0.17087628	-0.97760606	-1.04130768	-0.59289431
1.22062495	-0.76673305	-0.12104033	-0.25884403	0.39693878	-0.71016819
1.42364582	-0.53491048	-0.37486084	0.33366070	1.80752094	-0.95965177
1.37777114	-0.59945027	-0.33979202	0.38087356	1.91458541	-0.56882436
1.32335305	-0.39042734	-0.06863317	0.22122183	1.62400557	-0.27016562
1.04027409	-0.12658081	-0.08197547	-0.04862860	0.77151363	-0.00260651
1.01947796	-0.06950285	0.00041604	-0.20541675	0.50316213	-0.07544150
1.08661934	-0.00331180	-0.07447340	-0.44018717	0.32890797	0.32314924
0.73878186	0.14871457	-0.23010268	-0.81108300	1.15000005	0.15398014
0.79640130	-0.22838156	-0.04542204	-0.49679441	1.85614294	0.39504290
0.58247547	-0.06426117	0.04084513	-0.55191452	1.98053318	0.11439215
0.63051128	-0.13129353	0.16450751	-0.11036704	1.14544981	0.02666338
0.69083070	-0.33092171	0.10124622	-0.48038722	0.03875065	-0.21081652
0.62806463	0.01559082	0.04195508	-0.62156809	0.02449074	-0.08954767
0.69395523	-0.09872519	0.10074286	-0.09931668	0.04249283	-0.01458923
0.73269830	-0.07245484	-0.01224765	-0.18609901	0.42196066	0.01065989
0.66375619	0.02791568	-0.00168138	0.26409937	-0.04725020	0.15841964
0.84560050	-0.26070989	0.09965812	0.02036208	-0.50785110	-0.01777012
0.84191850	-0.34137184	0.22601479	0.29067903	-0.10850756	-0.32654061
1.21403272	-0.29101129	-0.03587225	-0.14318101	-0.16799232	-0.43335389
1.34960670	-0.23640871	0.08559060	-0.03275004	-0.29828107	-0.38062615
1.33611401	-0.01961660	0.16088900	0.07332125	0.71943907	-0.08395106
1.35346141	0.16719277	0.34510953	-0.11024981	0.90142539	-0.07797274
1.53401046	0.28844096	0.30962386	0.15564443	0.69878170	0.08592861
1.43332070	-0.01020662	0.23011248	-0.69925747	0.32850459	0.26439582
1.57979086	-0.44473367	-0.01208431	0.10546223	0.51274983	0.37275788
1.47348576	-0.98342185	-0.21626292	0.49065064	0.47415614	0.31704421
1.18966898	-0.78251828	-0.03464075	0.69749958	1.19993013	0.11704170
0.71616335	-0.34940286	-0.00426659	0.39196898	0.20564171	-0.28124680
0.56216900	-0.42426200	0.05527278	0.10554845	-0.78220992	0.04831689
0.96446759	-0.11239657	0.06109440	-0.25910075	-0.48534516	0.41237048
0.97154589	-0.37391799	-0.02986327	-0.51157726	-0.15796075	-0.25684004
0.97344061	-0.33737386	0.02259985	-0.33095944	-0.79604640	-0.00389317
0.85380558	-0.39541842	0.04921652	-0.07580395	-1.02966861	-0.26264136
0.97483215	-0.45931141	-0.02193947	0.20613966	-0.87132794	-0.34798917
0.67576003	-0.38846259	-0.08137564	0.37269561	-0.84458127	-0.30378898
0.73275739	-0.23391226	0.08463330	0.23425838	-1.05076853	-0.23461820
0.80348224	-0.19132567	0.02603398	0.56676303	-1.30813016	-0.35380078
0.72009271	-0.25850972	-0.01345214	0.69202716	-0.36215867	-0.16497418
0.98128550	-0.18621113	-0.11270829	0.45273945	-0.19093398	0.26280726
0.85827148	0.20004852	-0.13381119	0.47327396	-0.13728917	0.34001549
1.01672199	0.07783364	-0.16750577	0.29522750	-0.34716925	0.29198930
1.09969264	-0.16888289	-0.04845709	0.52650842	-0.48283312	0.54580781
1.00965514	-0.06942136	-0.00901448	0.34261576	-0.20470455	0.19469490
0.91546160	-0.27423035	-0.08685064	0.45027223	-0.24837994	0.18304981
0.98540551	-0.25584879	-0.13106912	0.41151590	-0.23649198	0.33523889
0.82977230	-0.31707554	-0.16011843	0.69115889	-0.45572141	0.20747058
1.17871843	-0.25489686	-0.10351540	0.58429812	0.11193917	0.17950071
1.04217699	-0.19708463	-0.10084767	0.39204228	0.67253242	-0.02592282
1.16114975	-0.17155257	0.18633717	0.28351994	0.13071536	-0.28542085
1.20071445	0.00797273	0.18432055	0.07324415	-0.85180233	-0.47096117
1.21203352	-0.26823671	0.19031679	0.00920904	-1.14590290	-0.09125310
1.38073460	0.10862104	-0.05575922	0.07449588	-0.42412443	0.03492979
1.20226181	-0.09032640	-0.12882639	-0.45961547	-0.35982159	-0.15579900
0.95771280	-0.33474092	-0.22999646	-0.91202488	-0.36092563	-0.33757538
0.88238652	-0.61996123	-0.24082925	-1.10829452	-0.27465530	-0.62397130
1.00369109	-0.84927267	-0.30805949	-0.31531864	-0.04403602	-1.13770522
0.98369171	-0.68851532	-0.26116983	-0.17260106	-0.00260448	-0.71288660
1.38166043	-0.56094470	-0.28343563	0.74049931	0.61283366	-0.34004757
1.69244810	-0.42799129	-0.37507230	0.79602697	1.94156555	-0.90817555
1.34977140	-0.04715851	-0.17831655	0.87677636	1.82996944	-0.06146773
1.15025105	0.20736278	-0.06933083	0.04085349	1.22073603	0.07989938
1.12971186	0.08659455	0.09477442	-0.63927984	0.90119509	-0.01142381
0.74404081	-0.14402702	0.00679985	-0.78602025	0.99849635	0.20098857
0.75220148	-0.06790409	-0.04162333	-0.95136504	0.92780721	0.26780849
0.98954060	-0.38874852	0.00375294	-0.45599777	1.30180828	0.36903168
0.74427942	-0.26461638	0.05552605	-0.46949973	1.06800641	0.17926485
0.68985123	-0.29375758	-0.02260759	-0.13404588	0.85702531	-0.03782399
0.58387538	-0.27901010	0.11529828	-0.19960106	0.60987066	0.10904553
0.64985744	-0.20738753	0.24148256	-0.11292469	0.43606071	0.20182187
0.73241945	-0.05480125	0.17212841	0.62484038	-0.78759456	0.14583960
0.82551444	-0.00457243	0.22892439	0.68875952	-0.78626191	0.03575946
0.90374091	-0.10659941	0.16966863	0.40884318	0.40554866	-0.10128922
0.99692421	-0.09362168	0.16772641	0.11175145	-0.46639492	-0.21644652
0.87833327	-0.01667006	0.09543170	-0.10740322	-0.45874708	-0.22412825
1.19294264	-0.32316286	0.12783268	-0.08909259	-0.32555696	0.11563360
1.46919604	0.16919280	0.18641357	0.02112616	0.42819159	0.25761065
1.45832347	-0.00385481	0.11660941	-0.08191869	0.25345744	-0.00624647
1.49930436	0.01016466	0.20069094	-0.37787153	1.56667266	-0.02605629
1.24994166	-0.13891997	0.37972351	-0.18452727	0.81748942	0.23841973
1.35211802	-0.17664458	0.10891167	-0.60147087	0.07437949	0.37687749
1.40982608	-0.41774729	0.20228149	-0.33982928	-0.54762719	0.47981558
1.34368099	-0.55015725	0.12699587	0.14323676	0.70376276	0.26361956
0.89662544	-0.51519692	0.07711370	0.60035032	0.51725909	0.02109032
1.02121317	-0.15219587	0.13719255	0.82051240	0.21940374	0.37278639
0.88297637	-0.36202350	-0.19983912	0.09527389	-0.19770772	0.31360276
0.80577781	-0.08779238	-0.09994425	0.07870650	-0.77561033	0.29498777
1.01151612	-0.29341580	-0.12046411	-0.32959675	0.05242344	0.24504694
1.01695642	-0.33515774	0.11532557	-0.45876786	-1.18925283	-0.17627320
0.81890653	-0.25544350	-0.10194721	-0.21448730	-1.30138569	-0.09781756
0.81900715	-0.54822422	-0.03402180	-0.29352212	-0.58576762	0.04919426
0.54434611	-0.47861188	-0.05603140	0.43241161	-1.10309073	0.06119139
0.75688958	-0.37263503	-0.03521254	0.66270086	-0.71965317	-0.00134791
1.05714997	-0.49986909	-0.07203950	0.44544019	-0.84639177	0.13300575
0.92127523	-0.31706131	-0.15639744	0.17572601	-0.60124189	0.24711418
0.94307570	-0.07161245	-0.22253364	0.45611780	-1.41340900	0.27879798
1.02112313	-0.11150277	-0.03975957	0.29363400	-0.53928257	-0.00240869
0.93132693	-0.07539090	0.02868650	0.18098009	-0.59556083	0.43543402
1.08361642	-0.02370461	-0.04066364	0.70571779	-0.17768259	0.27825437
0.95332395	-0.04999982	-0.07869179	0.26375971	-0.74992941	0.14252682
0.86058816	0.09681924	-0.05400114	0.16517668	-0.48428819	0.35833421
1.07002923	-0.28824657	-0.14836488	0.16581960	-0.26388571	0.55389108
0.75142870	-0.18097832	-0.11234112	0.22144084	-0.44408881	0.34817752
0.93177729	-0.20109165	-0.15520943	0.04497938	0.14721312	0.18048627
1.06913098	-0.19168219	-0.05745517	0.10975959	0.17164274	-0.26154044
1.07212411	-0.25528790	-0.09818122	0.36626301	0.18764292	-0.18049731
1.01996402	-0.15717060	-0.02596143	0.68598466	-0.28192629	-0.31223303
1.18783740	-0.05828932	0.04237060	0.35821077	-0.14624503	-0.02092498
1.26073891	-0.06497437	-0.11434990	-0.08174237	-0.82134049	-0.35061258
1.33916965	0.05110331	-0.32277695	-0.73859109	-0.79890485	-0.03606573
1.16938173	-0.32223160	-0.35191247	-0.99203867	-1.17984963	-0.32241453
0.93821319	-0.43067332	-0.19549321	-1.19460469	-0.58207089	-0.48015348
0.85580513	-0.65795433	-0.20052950	-0.59016016	-0.37781044	-0.83884034
1.04450639	-0.55437854	-0.29432247	0.03651093	0.72331213	-1.00882227
1.09074276	-0.54731616	-0.31151340	0.88034841	1.45549166	-0.76058904
1.64069302	-0.58488804	-0.14843692	0.65600193	1.02813530	-0.45068716
1.52819518	-0.26135819	-0.24127128	0.63542551	1.40343849	-0.55487814
1.23212304	-0.35633975	-0.01602661	0.35490895	1.12466795	-0.12757798
1.03417929	0.03202977	-0.04510390	-0.10201183	1.11636158	-0.14165685
0.87525334	-0.02225951	-0.00846021	-0.83329818	0.91840133	0.18084555
0.68187498	-0.10865404	-0.00058256	-0.43025912	0.94808156	0.66684000
0.69377666	-0.21478785	-0.09516609	-0.08170106	1.38578965	0.24887259
0.99007470	0.05090974	0.13195142	-0.60512487	1.79144842	0.10634839
0.65757070	-0.06869365	0.00724357	-0.06904235	0.95812816	0.15317628
0.63178117	-0.17288889	0.12763207	-0.31433075	0.48391644	0.03688080
0.66651780	-0.18494181	0.34952991	-0.27118767	-0.14791271	0.12944971
0.60593737	-0.14336412	0.23442619	0.28708893	-0.56411101	0.38641337
0.73478720	-0.12182445	0.34484621	0.09662268	-0.41540000	0.04976649
