0.96153641	0.08909306	-0.00555328	0.11470481	0.01847262	-0.00632859
1.01547765	-0.23309771	-0.07903585	0.24364038	-0.64627310	-0.05058941
1.15303112	-0.08799861	0.14308121	0.10975481	-0.85756191	-0.45770881
1.07227741	-0.27161442	-0.09091853	0.26134119	-0.73224655	-0.31138540
1.10119008	-0.04186840	-0.10120857	0.02083190	-0.84558731	-0.37336940
1.24500956	-0.01464334	-0.12916373	-0.11436130	-0.39363388	-0.39743571
0.91362114	-0.23920954	-0.22617787	-0.80807588	-0.83854348	-0.34268150
0.84137396	-0.28785450	-0.15999376	-1.17998346	-0.79058456	-0.78886221
0.80974911	-0.44963081	-0.27462009	-0.61623154	-0.75927038	-0.65464436
0.98971953	-0.55105546	-0.17271229	-0.58820840	-0.42006856	-0.60956247
1.14104843	-0.59285624	-0.42552372	0.65311052	0.55315615	-1.09960681
1.29416148	-0.79057634	-0.12813404	1.13815182	1.28495595	-1.09144059
1.41908910	-0.68043700	-0.21543157	0.87380620	0.98187937	-0.72329401
1.26069579	-0.27505395	-0.26209122	0.39831816	0.72715817	-0.01751314
1.24596811	0.17052800	-0.15287294	-0.54124331	0.88993532	0.25442511
1.24622084	0.21534955	-0.12787575	-1.00866757	0.61161814	0.31772370
0.97166633	0.16571104	-0.04772196	-0.87922852	1.38919987	0.35772368
1.02969957	-0.22242467	-0.06705847	-0.82868544	1.65263188	0.25499493
0.83455215	-0.12142651	0.01062562	-0.71160350	0.99871772	0.32776078
0.77843484	-0.32673343	0.10709001	-0.34019373	1.00905504	0.08045178
0.60018529	-0.23142126	0.05523926	-0.17327218	0.44420547	0.11543600
0.60496901	-0.29389566	0.16222220	0.05302467	0.03531704	0.17065105
0.66510655	-0.18766530	0.11899462	0.39869744	0.12106229	0.29140555
0.67533432	-0.08527971	0.02368419	-0.24245867	0.25333750	0.34780783
0.73365490	-0.26008930	0.19738466	-0.00351421	-0.24673979	0.05037206
0.85349445	-0.20406747	0.07741263	0.45922914	0.21157120	-0.02090915
0.98752582	-0.09107650	0.05451424	-0.08538840	-0.48738299	-0.23575429
0.98735698	-0.08564732	0.10744849	-0.20191588	0.02799987	-0.03823098
1.35175577	-0.29628207	0.23378886	-0.12713472	0.41139431	-0.16753106
1.52509769	-0.13102478	0.31719382	-0.03057756	0.34987688	-0.06354356
1.47823693	-0.24319460	0.23707415	0.12318923	0.39025722	-0.10889428
1.14344451	-0.04553202	0.43921178	-0.02428583	1.07270110	-0.38941724
1.23511890	0.02737013	0.35338228	0.03463740	0.74996823	0.08621764
1.13712061	-0.10506881	0.32451603	0.08262624	0.37197515	0.41764302
0.94692247	-0.39744799	-0.00874789	0.70754737	0.56739208	0.40902175
1.10970261	-0.43439507	0.23278012	0.39970434	-0.04344730	0.36238691
0.96106377	-0.39205065	0.06034180	0.19405918	-0.28211455	0.28570977
0.54171754	-0.10268573	-0.04609176	-0.22827149	-1.05096216	0.53407646
0.68509024	-0.04255036	-0.26374806	-0.50776197	-0.35837455	0.42747990
1.00210540	-0.12114103	-0.21629313	-0.91225866	0.03998193	0.25064273
1.11995874	-0.15149091	-0.28711628	-1.12348810	-0.28904179	-0.06285829
0.94019875	-0.27553973	-0.08180946	-0.57069982	-0.47805349	0.09318472
1.00849115	-0.31012442	-0.01049081	-0.46108150	-0.16450330	0.04492977
0.83051236	-0.42671120	0.02183559	-0.04773447	-0.81438422	-0.05694073
0.80297562	-0.48211032	-0.01009734	-0.18759445	-0.72373124	-0.05706003
0.96219086	-0.25801037	0.02441450	0.22225869	-0.99943577	-0.10337882
0.78083465	-0.29168206	-0.08443299	0.29468470	-0.95479717	0.26831877
0.95894623	0.01760328	-0.02085072	0.50954475	-0.96483197	0.05017107
0.97238891	-0.07971039	-0.14478922	0.84807606	-0.61634214	0.09429326
0.79569276	-0.06568444	-0.21596445	0.48683196	0.09959730	0.31093814
0.85045575	0.06277431	-0.05776588	0.35232860	-1.26816574	0.26954615
1.05008497	-0.15063655	-0.10080967	0.06478695	-0.80050536	0.18467852
1.13849140	-0.21238525	-0.11443854	0.19618532	0.00976717	0.08606035
0.93680081	-0.08061210	-0.06133788	-0.11675071	-0.18513442	0.28445874
1.16552743	-0.24243137	-0.18075495	0.31252940	-0.15017943	0.18586649
0.90225941	-0.23686145	-0.11077935	-0.11393501	-0.75624119	0.33249590
0.80311188	-0.13530830	-0.01994860	0.01819483	-0.39667376	0.17417199
1.11664285	-0.29642318	-0.12730138	-0.17437341	-0.02181710	0.04170839
1.10337597	-0.19321115	-0.05480327	0.26476441	-0.15817849	0.14572505
1.04421685	-0.24988267	-0.08183453	0.30710586	-0.26548721	-0.26759851
1.03120831	-0.10629734	0.01749566	0.11138161	-0.87527023	-0.29407588
1.20057366	-0.14092066	-0.03235648	0.34002959	-0.05925525	-0.36642558
1.12407203	-0.06849886	-0.16071442	0.69871225	-0.22574183	-0.25207137
1.32621672	-0.00134025	-0.20298029	-0.23869298	-0.12797055	-0.21488976
1.13530902	0.00139721	-0.24672433	-0.74894466	-0.45312599	-0.48841908
0.93862102	-0.41515963	-0.29774018	-0.83210040	-0.42816196	-0.72795798
0.78850897	-0.77363669	-0.27033738	-0.40117428	-0.21374051	-0.86312975
0.83205639	-0.62274337	-0.25480086	-0.00052794	0.59811808	-0.61883934
1.32905327	-0.52751218	-0.13470602	0.25599437	1.45594313	-0.78333259
1.38278293	-0.60021519	-0.22460415	1.04716818	1.35623525	-0.58546093
1.45047918	-0.29072671	-0.20644184	0.12302585	0.81926529	-0.51491690
1.14007811	-0.19112641	-0.11137475	-0.08507407	0.69141693	-0.15821894
1.27327983	-0.06245497	-0.13331662	-0.60836951	0.80028454	0.15355560
0.92562395	0.01192005	-0.12449094	-1.11143406	0.63349240	0.19090626
0.95336506	0.01380785	-0.16464745	-0.87110230	1.11504372	0.25641700
0.87813019	-0.19464929	0.02152585	-0.87074892	2.08940731	0.66480252
0.75115817	-0.12881006	-0.04544674	-0.66356502	1.44304144	0.37008592
0.74669000	-0.22354201	-0.08814092	-0.33989508	0.90532516	0.43240266
0.71422627	-0.21629635	0.21523922	-0.81633288	-0.08510075	0.30228634
0.83136575	-0.27068949	-0.04488912	-0.37628956	-0.17653081	0.35554557
0.78111108	-0.21688358	0.16384621	0.34618993	-0.27173011	0.27021472
0.85436759	-0.18639092	0.24030934	0.07960597	0.77050925	0.33393738
0.74562626	-0.03171972	0.07089515	0.33150083	-0.13986657	-0.02577155
0.80570000	-0.29130533	0.10082801	0.24038832	-0.42522481	0.14947909
0.72081965	-0.37496907	0.17660597	0.29726400	0.33781235	-0.05937166
0.85955473	-0.14073333	0.19266603	0.35117934	0.05835241	-0.23193711
0.85182056	-0.39435359	0.14282786	0.06999306	0.15026155	-0.36904275
1.20667617	-0.13683895	0.03141662	0.10612010	0.34981227	-0.17239526
1.19458839	-0.07944906	0.07258467	-0.26075486	0.31481905	-0.12417495
1.23192147	0.04896893	0.13397650	-0.36349662	0.79283158	-0.22575810
1.26575943	0.04838394	0.21817519	-0.43408177	0.56128483	-0.12687312
1.47407962	-0.19132253	0.21755429	0.07570562	0.00560334	0.22576425
1.46229870	-0.43149127	-0.10595076	0.12006171	0.84439403	0.60695424
1.25577651	-0.63417310	-0.09996499	0.67581459	1.75107580	0.01940895
0.71514793	-0.55019214	-0.12606403	0.53605294	1.18909342	-0.02273974
0.76085774	-0.19344416	0.12951672	-0.10219075	-0.41524434	-0.07966091
0.86753719	-0.38816112	-0.13870264	0.00280458	-0.68873861	0.49369614
1.06420203	-0.23459053	-0.12851431	-0.59327320	-0.66972220	0.01885073
1.15051964	-0.37377777	-0.16027945	-0.81727680	-0.39755341	0.03595828
0.98870897	-0.41145315	-0.28825938	-0.13180036	-0.93794984	0.05468487
0.92137416	-0.37288423	0.03668577	0.49588580	-1.19815849	-0.20737951
0.76429728	-0.43924822	0.09923095	0.74742299	-0.58897693	-0.34807720
0.97868927	-0.25131691	0.13278940	0.44657791	-0.22528854	-0.28062178
0.86086473	-0.27080963	-0.18184305	0.32352719	-0.40649419	-0.09819621
0.69832413	-0.16866731	-0.04763275	0.64535176	-0.06222481	0.13230145
1.14122761	-0.02996114	-0.03185175	0.22608480	-0.80276082	0.16665618
1.12247006	0.06927780	-0.06293926	-0.28881400	-0.63696514	0.17231451
0.97565614	0.01701332	0.03319394	-0.65331279	-0.50804508	0.31335808
0.89998190	-0.22360278	-0.15502516	-0.19585930	-0.14751688	0.47830812
0.99070591	-0.20274188	-0.01472600	0.00206218	-1.14009271	0.35634400
1.10511209	-0.11912839	0.06215291	0.15749409	-0.78801451	0.29801714
1.04213802	-0.15049944	0.13214746	0.56875040	0.07737480	0.34276511
1.03796622	-0.26510067	-0.07919100	0.73168979	0.27311829	0.26030924
0.96935381	-0.03270858	-0.01958387	0.49077232	0.26379760	0.08468051
0.92587067	-0.10200607	-0.16594919	0.72105509	0.42483759	0.07291989
1.09910977	-0.08620373	-0.10560480	0.16813498	0.18088742	0.28880929
1.01662852	-0.02251409	-0.16499894	0.01400563	-0.40313424	-0.20703843
0.94264219	-0.32936967	-0.10175882	0.31177734	-0.41058318	-0.35757524
1.05363220	-0.21578789	-0.08162635	0.08142441	-0.69913027	-0.39536084
1.14168605	-0.30925606	0.05861148	0.66366364	-0.53714971	-0.31894388
1.18257831	-0.12687805	-0.01368327	0.66480118	-0.69965084	-0.38194645
1.19717375	-0.03733103	-0.02106373	0.79210886	-0.48213446	-0.40057388
1.20221175	-0.15573365	-0.25292737	-0.06829517	-0.84687295	-0.33342055
0.84529608	-0.11326633	-0.24238966	-0.21973637	-0.55156739	-0.28280388
0.76386099	-0.38288709	-0.13563868	-0.40834058	-0.87563198	-0.43582772
0.94977820	-0.53956365	-0.23062016	0.15260492	-0.56169461	-0.78356500
0.98367746	-0.65758440	-0.26287958	0.35547073	0.43218965	-0.88627527
1.22774400	-0.54126043	-0.19678081	0.35869324	0.66255243	-0.94643773
