0.65585893	0.27522792	-0.00899584	-0.91448445	0.01028689	0.22993429
0.31237862	0.14620011	-0.14238519	-0.82372044	-0.29678157	0.92636333
0.84691452	-0.12663156	-0.13732701	-0.55831386	-0.27439305	1.00893662
0.65940671	-0.21623061	-0.18139454	-0.99323663	0.67012773	0.64975779
0.43594340	-0.28700930	-0.17778537	-1.13144391	0.82189454	-0.21292538
0.68689901	-0.04261906	-0.17911891	-1.21682193	0.32089507	-0.00958845
0.40126805	-0.14929456	-0.09619858	-1.61431672	0.61189846	0.20189539
0.95824700	0.15103942	-0.01928117	-0.80770673	0.95577685	0.37797661
0.96701041	0.01160296	0.00750205	-0.75678843	0.25352474	0.40878782
0.68569346	0.23249575	-0.14990470	-0.83949070	1.28842414	0.18533640
1.10968878	-0.16401618	-0.21790180	-0.89194332	0.69052819	0.45712252
0.67822824	-0.03211065	-0.13454307	-1.36622385	0.81870153	0.42990452
1.03081183	-0.47919778	-0.32250808	-1.58741791	0.90923547	0.60493904
0.69573011	-0.61490352	-0.30417071	-1.70038945	1.02091482	0.05596222
0.92080621	-0.74006302	-0.27674579	-1.09354781	1.16250444	-0.80536111
1.33428775	-1.37227327	-0.06771576	-1.00480645	1.52020064	-1.47322217
1.64177996	-1.31334405	0.03488043	-1.38771015	0.96340021	-1.84828513
1.62932422	-1.18043710	0.05769176	-1.54635073	0.49288760	-1.28240651
1.68382417	-0.89319338	-0.03796654	-1.30622233	0.32436418	-0.65169621
1.59363700	-0.21942641	0.04902186	-1.25332177	0.99296343	-0.70724207
1.74183580	-0.05648952	-0.13033003	-2.47708660	-0.18168719	-0.29122278
1.82884788	-0.24247425	-0.11761826	-2.12056525	-0.01386986	0.25689170
1.26115490	-0.31183434	-0.02617981	-1.90444576	1.49465007	0.81053655
1.46414331	-0.19016986	-0.15496754	-1.96100114	1.92695651	0.75843966
0.82668722	-0.46134143	-0.05184085	-1.88401953	1.87455630	0.55660275
0.56494103	-0.26381717	-0.04264564	-2.12134911	1.46039473	0.44798295
0.75969820	-0.01101076	-0.08124822	-1.93407698	1.64148092	1.17153898
0.42183899	-0.24828294	0.01655757	-2.08388513	0.45361426	0.58893949
0.65729672	-0.47350813	0.22724886	-1.50869894	-0.57982687	0.34965429
0.81389610	-0.33660817	0.00766910	-1.58571534	0.05807576	0.68442429
1.14383651	-0.35825468	0.21777529	-1.27394414	0.83797783	-0.13427374
1.10935314	-0.38692197	-0.03010337	-1.16773712	0.00551428	-0.33529941
0.85683297	-0.34781717	0.03980365	-0.79542314	0.20075648	-0.44906331
0.56255576	-0.14530681	0.12476864	-0.50604218	-0.68036609	-0.03561177
0.93497228	0.03577799	0.11613899	-0.01874466	-0.54289633	-0.33951041
0.82279930	-0.31654601	-0.03120696	-0.67225100	-0.26438404	-0.76964337
0.95831173	-0.49554831	-0.09701406	-0.49233944	0.01618902	0.01739958
0.77729566	-0.31593871	0.15223784	-1.16361221	-0.32046638	-0.27280249
0.81341192	-0.27822003	-0.02953169	-0.24698400	-1.25461447	0.30235644
1.33252252	-0.66141915	-0.21371029	-0.62176553	0.25669416	0.20563953
1.48875307	-0.63471525	-0.32947137	-0.51781158	1.44820500	0.08027328
1.37231447	-0.53606793	-0.29860085	0.43210680	2.12649820	-0.50392594
1.01022743	-0.44351859	0.01235875	-0.43268347	2.10147402	-0.68112892
0.73009882	0.04477439	0.32609027	-1.17377214	-1.34034251	-0.57118931
0.92722956	0.09316888	0.13064391	-0.73834051	-2.07596312	0.36142740
1.48027823	-0.20467688	-0.18442327	-0.72085963	-1.06511060	0.23434053
1.32801399	-0.20089390	-0.07496469	-0.37795546	-0.15755971	-0.63807843
0.93845242	-0.62723710	-0.20720278	0.46676039	-0.13799604	-0.36771376
0.85207549	-0.20408641	-0.17058624	-0.01949171	-0.98799729	-0.25298488
0.81807933	-0.61604840	0.08405814	0.07879903	-0.75424299	-0.14160321
0.92866492	-0.20135449	0.02582491	0.33267799	-0.75640285	-0.51810071
0.98162089	-0.35511086	-0.14152038	-0.29500594	-1.19478261	0.00678271
0.85285376	-0.09689898	-0.12684578	0.13403725	0.61521620	0.88328267
0.81570877	-0.03000598	-0.08914698	0.39114883	0.07184727	-0.06466164
1.06594990	-0.07232152	-0.10210740	0.46591951	0.04317730	0.77455894
0.81452372	-0.08852113	-0.08261990	-0.03536566	-0.38841521	0.24339435
0.69830349	-0.01633884	-0.07442111	-0.14311452	0.43158301	-0.20750160
0.71601419	-0.40433713	-0.11295445	0.26156339	0.10539347	0.24976618
0.81997958	-0.28172215	-0.18726620	0.23848797	0.10961782	0.09924745
0.65543357	0.04990327	-0.18383546	0.44407923	0.63704363	-0.37166887
0.63283441	-0.01566145	-0.02228994	0.36126928	0.35127195	0.36406680
0.68695320	-0.10084237	0.03878683	1.11496174	0.13410313	-0.04193639
0.69031754	-0.11722818	-0.04443513	0.93484444	0.82542090	-0.51325077
0.55014665	0.04596034	0.16635513	0.39197529	-0.30384432	-0.54468334
0.29020441	-0.09178059	0.11799739	-0.03359969	-0.53870748	0.06912199
0.90251411	-0.15735852	-0.07245158	0.31911732	0.71921446	-0.53688145
1.15991722	-0.28703344	-0.16857835	0.13137480	0.47507294	-0.77657585
1.31886847	-0.67298758	-0.01553902	0.40315805	1.41187946	-1.64897453
1.26728552	-0.52789327	0.12167443	-0.02634433	0.25884913	-1.63626637
1.69175069	-0.64280275	0.20360139	-0.02471947	-0.38342180	-1.43903478
1.76428221	-0.22727410	0.19869805	0.37912369	0.41073732	-0.27211554
1.66754182	-0.38724546	0.13739566	0.18189438	-0.18495922	0.15987663
1.82610617	-0.30221054	0.10686786	0.58746281	0.60115389	0.20163361
1.63534924	-0.21909656	0.01038881	0.79416021	0.03544939	-0.27442922
1.33715580	-0.21572100	0.10279565	0.68310226	1.05518171	-0.05365069
1.22678303	-0.23503990	0.19888661	0.39762262	-1.16786574	-0.08635506
1.18271296	-0.29054568	0.26381356	0.55813725	-0.03270312	-0.01610814
1.03932872	-0.19110290	0.15920199	0.84714091	0.32992945	0.75987919
0.81068729	-0.05047020	0.06093044	0.15946847	0.19561511	0.19574610
0.63094259	-0.29480202	0.22610287	0.98495475	0.27704058	0.81359359
0.54586824	-0.22628301	0.16389785	0.34051218	-0.72810754	0.39895953
0.41828014	-0.35675658	0.09915473	0.51410850	-0.38334378	-0.49081603
0.99680649	0.15792534	0.15328436	0.40214115	0.18686143	0.02842125
0.58690302	-0.12884215	0.14880223	0.74030544	-0.21691698	-0.71791146
0.50900859	-0.15505194	0.26114304	0.90664812	-1.32861039	0.15958978
0.51131499	-0.04267108	0.13728501	0.83530568	-2.28647282	0.75538710
0.63746404	-0.40297028	-0.00722335	0.23737633	-0.85823769	0.15410487
0.97235474	-0.05637037	-0.06547084	1.27554240	-1.71180713	-0.09480196
0.98208193	-0.05494776	-0.03767513	0.62951086	-1.07268186	-0.11096581
0.72365899	-0.14143218	0.03207722	1.01567607	-0.31190999	0.21977956
0.85718216	0.04641919	-0.00058299	0.69399966	-0.32291715	-0.06997604
0.75914881	-0.21503564	-0.00849312	-0.07113481	-0.94032485	0.17612573
0.95949468	-0.13723703	0.10596482	-0.38811274	-1.45946313	0.11006063
0.97265125	0.03135685	0.05608346	-0.04640670	1.11297558	0.21591674
1.08893500	-0.47917320	0.16966611	0.05591996	0.00521482	-0.44770778
1.25411937	-0.89586171	-0.02222753	0.66196130	0.20604200	0.34569818
1.17568195	-0.67951814	-0.20926913	0.87878596	0.97475833	0.12671885
1.24672429	-0.25641243	-0.43032578	0.84739699	-0.19021542	-0.10407683
1.58782394	-0.52610487	-0.32245620	0.60858533	0.31633569	-0.38643150
1.47035068	-0.11004531	-0.11455352	0.68804620	0.18442064	-1.11442789
1.18668856	-0.19905191	-0.02729103	0.14718866	-0.38560889	-0.33949477
1.68971631	-0.13109152	-0.15223786	-0.28630562	-1.98123645	0.45671675
2.02446923	-0.01054553	-0.26558809	0.17753844	-0.32282512	-0.23472918
1.67301194	-0.08595678	-0.10956653	-0.13974385	-0.79085930	-0.56847424
1.08047129	-0.57035660	-0.00328604	0.93093050	-1.27430488	0.66937493
1.09184869	-0.36828807	-0.09366728	0.15045530	-2.85475936	0.25730917
0.96508370	-0.00243420	-0.39250810	0.81841887	-2.00287457	0.92937278
0.76544337	-0.22931341	-0.21288824	0.27184943	-0.91781732	1.32294111
0.92797528	-0.06968474	-0.18131107	0.71024031	-0.87968121	0.52251796
0.99976909	-0.26957689	-0.22500076	0.55261102	-0.45139043	0.21824273
0.99385915	-0.29382789	-0.07473918	0.13630318	-0.35573278	0.21126827
0.91572576	0.08246781	-0.10530942	0.70641980	0.01960033	-0.17005485
0.59346875	0.01890317	-0.14706421	0.46700308	-0.36767806	0.12684202
0.60275946	-0.09274232	-0.14317172	-0.30015549	0.49114152	0.27935003
0.69386428	-0.31067739	-0.12055336	0.68254231	-0.54463613	-0.03609560
0.80482472	-0.06416088	-0.06775502	0.00310556	0.41961253	0.40623412
0.67843541	-0.37052738	-0.03391965	0.56555917	1.82062189	0.13961644
0.57294884	-0.09176752	-0.08606463	0.35681400	1.11663026	-0.26642855
0.49487248	-0.08650359	-0.07214172	-0.19787844	-0.20238501	0.21145664
0.82656429	-0.25040929	-0.05669243	0.66070026	-0.79096604	-0.49820519
0.73866822	-0.21122225	-0.18092255	0.10194713	-0.72998199	-0.21872399
1.05432812	-0.11480437	-0.15377852	0.20910583	0.50904168	-0.06142345
0.93406779	-0.32161976	-0.31594169	0.92773893	1.00788379	-0.66116336
1.01460930	-0.14288403	-0.42724767	0.95039391	1.37463453	-0.60413669
0.92007260	-0.36701159	-0.11439383	0.32289736	2.26142369	-1.16483016
1.04655696	-0.88878333	0.21580525	0.36960987	0.28805801	-1.74721230
1.30448172	-0.75739818	0.26283276	-0.28051192	-0.87412276	-1.49679915
1.84823110	-0.67653288	0.11730821	0.49194123	0.34917152	-0.66828105
