0.98454593	0.03677588	0.03879113	-1.09064621	-0.34406648	-0.40730683
0.92601993	-0.23789821	-0.11225086	-1.05153960	-0.30797335	-0.04315762
1.20482852	-0.36619612	-0.04835042	-0.81057611	-0.32489580	0.18532290
0.92230343	-0.50039176	-0.00731292	-0.42313350	0.21192145	-0.15497487
1.16889091	-0.49075767	0.04909892	-0.34604174	0.61681253	-0.05967835
0.95857970	-0.51550173	-0.02297986	-0.15464354	0.48364593	-0.21378464
1.07023146	-0.44224026	-0.15692334	0.03605055	0.69578645	0.19360700
1.42308959	-0.53716211	-0.29358549	-0.28992768	0.15868716	-0.15927726
1.39026867	-0.31248755	-0.38376260	-0.35803657	0.74124512	-0.16292056
1.76423750	-0.06399290	-0.25559322	-0.08791322	0.79135006	-0.22218599
1.35993789	-0.18724484	-0.15234907	-0.61757159	0.84741741	0.15212031
1.50422372	-0.19314356	-0.18889745	-1.07162554	-0.14935350	0.06262518
1.43207099	-0.32306288	-0.25004044	-0.73921092	0.06254346	0.74276935
1.74605297	-0.51264132	-0.29627894	-0.39225795	-0.25746032	0.45975614
1.29824110	-0.47790662	-0.33519923	-0.59308460	-0.33499440	-0.01442505
1.30727902	-0.29459464	-0.05583504	-0.79724143	0.04570686	-0.29248823
0.99287238	-0.26919094	-0.06912847	-0.60298913	-0.31069076	0.16476251
0.84135847	-0.32953980	-0.18911086	-0.83070920	-1.35718311	0.46596496
0.99763635	-0.19155821	-0.20407246	-0.57862281	-0.73429712	0.74820383
0.91220019	-0.20000108	-0.16580195	-1.08970395	-0.65455701	0.62082620
1.04068654	-0.33091452	-0.17811568	-0.75635221	-0.88141269	0.77915474
0.94802210	-0.27618419	-0.14790194	-0.75599547	-0.14778975	0.51938867
0.85518036	-0.20194725	-0.06760897	-0.36538091	0.32101690	0.30367257
1.01915571	-0.19731768	-0.07934923	-0.29002904	0.88828509	-0.00503648
0.82507605	-0.20355490	-0.11404031	-0.50545860	0.25122620	0.00025038
0.55486069	-0.11641905	-0.16852098	0.06809279	1.06670851	0.11934676
1.02981289	0.00899912	-0.19785494	-0.41700337	1.32795197	0.89661071
0.75492687	-0.16507878	-0.07433522	-0.51967850	0.60909180	-0.11395628
0.66494912	-0.07365994	0.01499611	-0.29557983	0.56982403	0.75825006
0.65108733	-0.17020356	0.08022087	-0.24888640	0.49998309	0.73325879
0.72393538	-0.31666071	-0.03530883	-0.33154240	-0.06987942	0.70838817
1.01768307	-0.25638489	-0.05805103	-0.06031574	0.28558314	-0.08268960
1.03225639	-0.36767926	-0.23787000	-0.05167502	0.79307083	0.03434031
1.06356504	-0.21227845	-0.12341583	-0.37313232	1.00558359	-0.31424392
0.82864428	-0.12440313	-0.07861191	-0.57377688	1.00644904	-0.78893114
0.99271943	-0.08618114	-0.01942026	-0.75922700	1.26945779	-0.24532866
0.77118410	-0.00042815	0.03693765	-1.35230859	0.58186604	-0.90763514
1.08126721	-0.26789518	0.01020739	-1.03334540	1.15160364	-0.67736472
1.06436444	-0.77252376	-0.10191298	-1.33585132	0.60337786	-0.61069288
1.37272708	-0.64856083	0.02500261	-1.13348345	1.06270655	-1.03079262
1.11913269	-0.58749007	0.07359513	-0.28519634	0.92760313	-0.46833480
1.56373398	-0.59245449	0.15012852	-0.06415990	0.42657446	-0.75983797
1.41663966	-0.59108009	-0.02772884	-0.52493879	0.13987007	-0.15852977
1.39406597	-0.19594196	0.24017482	-0.29721751	0.14762905	-0.31673234
1.58970356	-0.22255585	0.20087392	-0.94092382	-0.35855287	-0.11115944
1.36323161	-0.19384777	0.20540543	-0.91053334	0.14722450	0.26668289
0.88134190	-0.14058103	0.19682100	-0.78790297	0.14410625	0.60846277
0.93291470	-0.23428238	0.12341797	-0.73266602	-0.10836012	0.99016030
0.58263907	-0.33590665	0.10423161	-1.00767760	0.24384261	0.45727662
0.58891792	-0.20279917	0.08695967	-0.73161272	0.15520055	0.92764739
0.36503670	-0.26629817	0.10735960	-0.65780142	0.47238263	0.80173338
0.47159475	-0.13823630	0.08117435	-0.66824263	-0.31000216	-0.12794488
0.30206439	-0.24748428	0.26470742	-0.46156078	0.56634184	0.27866631
0.46588010	-0.07411354	0.14218610	-0.40581573	0.01417202	-0.13280537
0.30217973	-0.20365837	0.21293232	-0.76862447	-0.65107777	-0.76432465
0.10033361	-0.02829862	0.17656662	-0.64125442	-0.75530858	-0.32197365
0.25038480	-0.17483080	0.01793552	-0.32392147	-1.36760003	-0.01265397
0.87319679	-0.15240556	-0.13667484	-0.63991618	-1.34055487	-0.16004609
0.82299901	-0.05181218	-0.07672899	-0.51422276	-0.87707715	0.05654977
1.45307170	-0.21053085	-0.10253217	-0.70301696	0.00832920	-0.63194602
1.08985786	-0.28104158	-0.09044055	-0.47574250	-0.19989028	-0.32570846
0.96374735	-0.23590224	0.05328461	-0.24352796	-0.10469823	-0.40638955
1.03896334	-0.32174142	0.04030573	-0.17189656	-0.23110055	-0.31132366
1.33435370	-0.35009500	-0.23065885	-0.30534292	0.07636523	-0.39090172
1.59468802	-0.41640506	-0.15980792	0.34705450	1.14640304	0.07203899
1.79155787	-0.18284997	-0.31991709	-0.18854717	1.66885051	-0.31157234
1.65080581	-0.10594615	-0.08161997	-0.36561930	1.89257333	-0.46681074
1.53451252	-0.01908680	-0.03509577	-1.23330885	0.65259079	0.07990425
1.47796721	-0.23005227	-0.13467142	-1.33061045	-0.91318187	0.41368245
1.35192118	-0.53431458	-0.27282122	-0.87672978	-1.01037228	0.28443397
1.70778788	-0.61836234	-0.18527912	-0.31190471	-0.07967801	0.37791386
1.41269879	-0.48483206	-0.15409406	-0.31448196	0.12889559	-0.24638646
1.00866909	-0.16365119	0.04376831	-0.16102948	-0.19811017	0.71394799
0.84201892	-0.08188202	0.06965838	-0.29421164	-0.94487465	0.58178839
1.00479436	-0.00510237	-0.02388441	-0.70818860	-1.40926403	0.78762054
0.78151023	-0.11516319	-0.07877136	-0.57689539	-1.06353632	1.29493318
0.51854124	-0.27074076	-0.03442791	-0.43764792	-0.68597979	1.21573018
0.90906773	-0.21341087	-0.08555066	-0.51108540	-0.86041753	0.72305640
0.83895838	-0.37149886	-0.21332545	-0.09373397	-0.00294498	0.50167164
0.96005504	-0.26424369	-0.17179373	-0.18178257	0.65641268	0.22327708
0.73402558	-0.23863942	-0.13566562	0.22267759	1.22954213	0.35211133
0.44981085	-0.15120113	-0.10197315	-0.32283030	1.33395222	0.16878741
0.49951067	-0.12469106	-0.02357284	-0.45410746	0.95601284	-0.00019802
0.62584608	-0.18005008	-0.02969212	-0.37417708	1.11140626	0.09989992
0.66901379	-0.00477515	-0.10038124	-0.51399110	0.12652180	0.24536885
0.48755608	-0.10256755	-0.08543952	-0.07667367	0.72267831	0.19680022
0.67838488	-0.17195266	-0.09207698	-0.36962914	0.47618762	-0.07583003
1.08150258	0.00535924	0.08804245	-0.13804097	0.19982258	-0.31369822
0.89725796	-0.11319247	-0.07736655	-0.51984582	0.50267079	0.24836060
0.59548860	-0.15468761	-0.06453604	-0.26655951	0.53502306	-0.25253725
0.79851801	-0.35746833	-0.01358678	-0.56407834	1.38548947	-0.74388208
1.28405199	-0.54457067	-0.07525895	-0.15726661	1.22676093	-0.93241180
1.24096243	-0.67170786	-0.02481435	-0.29029874	1.30468828	-1.43733136
1.76868231	-0.52827089	0.15678570	0.04488767	0.47624493	-1.17994279
1.61702080	-0.35431223	-0.04660146	0.04657477	0.98606103	-0.17334994
1.45374539	-0.33127132	0.07940995	-0.20888923	0.36179733	-0.25958984
1.41866458	-0.34777173	0.19716883	0.00779496	-0.08024973	0.05228015
1.30750258	-0.28708611	0.13326430	-0.36004320	0.00411595	0.10399672
1.13297654	-0.25694764	0.11014740	-0.61493511	0.78268104	0.22793164
1.20465314	-0.11137928	0.21847881	-0.41466953	0.45970149	0.13757114
1.08263520	-0.33684087	0.18616293	-0.61257644	0.22590364	-0.03969414
0.75090588	-0.32409748	0.21430956	-0.58592509	0.49140069	0.49161612
0.78153762	-0.29049489	0.25161848	-0.20198845	-0.22089233	0.36849253
0.73184031	-0.25911345	0.21548678	-0.13015586	-0.70987331	0.26747787
0.53349474	-0.08029116	0.05992245	-0.17428882	-0.22598802	0.44276901
0.81218725	-0.11742557	0.25569330	-0.09758975	0.19901637	0.38774780
0.68794593	-0.26031114	0.14851430	-0.37082806	-0.08336997	0.00264765
0.38451388	0.05552328	0.23701716	-0.36539736	0.08250488	0.18484745
0.42638810	-0.05644766	0.24149520	-0.82173960	-0.26411646	0.56214963
0.55790243	-0.08771699	0.00602544	-0.80141772	-1.20299236	-0.08576495
0.48588866	-0.04370388	0.08762557	-0.68669585	-1.88349266	-0.01371087
0.95602282	-0.26751916	-0.01189363	-1.42042530	-1.56498136	-0.20962842
1.15220127	-0.19726105	-0.08262375	-0.91316203	-0.54237836	-0.19399068
1.43575367	-0.27842319	0.04872242	-0.79859317	-0.02777820	-0.31680158
1.25494780	-0.43080742	0.12216326	-0.30883941	0.42984779	0.09578337
1.35049075	-0.50638524	-0.09329423	-0.02281696	0.75453849	-0.13694072
1.24403552	-0.57211422	-0.12693313	0.14952389	0.47726844	-0.19330159
1.20774825	-0.42365131	-0.22823605	-0.23526041	0.94990636	-0.03469816
1.06663734	-0.17569109	-0.23331015	-0.31424460	1.04638685	-0.02910845
1.10200710	-0.25445965	-0.13509820	-0.78062500	-0.27836364	0.07440571
1.52004618	-0.26231135	-0.24021169	-0.93937348	-0.49609921	0.36641668
1.70161735	-0.30841772	-0.15377045	-0.34055183	-0.21636747	0.35113352
1.77691394	-0.36077155	-0.12974724	0.17960339	0.59429435	0.48527352
1.66325042	-0.44738213	-0.38434997	-0.09440111	0.33667904	-0.24946432
1.34992987	-0.24369336	-0.15589990	0.22684802	0.01565528	-0.42753305
0.80155475	-0.02025400	0.12900651	-0.36060530	-0.86363360	-0.30155927
0.65796737	-0.06911064	-0.07941707	-0.74470715	-1.53590451	0.28926671
0.68846283	-0.13008018	-0.18415697	-0.91141850	-0.72631431	1.04357736
