1.01501176	-0.23785464	-0.02537697	-0.08259074	0.52730767	-0.27783592
1.07395524	-0.22189507	0.05022368	0.00902312	0.17118851	0.07662089
1.08107204	-0.19487769	-0.11455118	-0.32757778	1.18699142	0.31654847
1.12342979	-0.19557914	-0.18708850	-0.41838591	0.72685502	0.28767135
1.01901974	-0.20845432	-0.04834373	-0.16938944	1.30965336	0.33291076
0.81361777	-0.33573495	-0.19336326	-0.38082464	1.57300965	0.43624501
0.55273756	-0.38961657	0.05026406	-0.08917914	1.18378326	0.30632718
0.57598088	-0.22372030	0.08038954	0.01837843	0.55429869	0.27399247
0.45968778	-0.25721605	0.12555866	0.08302295	0.11860709	0.39809098
0.50917791	-0.19871422	0.16567998	-0.01856509	0.78446647	0.26060383
0.51004150	-0.19663226	0.10781143	-0.21082134	-0.24772017	0.18618487
0.59756632	-0.13357356	0.05739869	-0.06284831	0.74926935	0.13515386
0.65447777	-0.16809203	0.12665556	-0.20947051	0.49183772	0.05131170
0.77861355	-0.17627894	0.15635046	0.02735038	0.69063774	0.28906719
0.78966354	-0.28957978	0.11908586	0.32094751	0.77605502	0.01218099
0.96461724	-0.24314196	0.16704782	0.01469721	0.77568976	-0.01101828
0.96770187	-0.33993646	0.23378685	0.42812487	0.34432702	-0.05594715
0.93587607	-0.26549343	0.17664815	0.45649637	0.41320428	-0.04474830
0.92815270	-0.30825337	0.34134828	0.67891991	-0.09058768	-0.01129677
1.04055230	-0.18769580	0.28288422	0.66635177	0.41359125	0.12140311
1.27383344	-0.38954240	0.27852089	0.42942165	0.30112035	0.36797224
1.12692337	-0.34368198	0.11899703	0.59191129	-0.67565866	0.49808227
1.21806878	-0.44593392	0.11529200	0.45445835	-1.18248059	0.39870330
1.08681262	-0.48830934	0.04299007	0.12204064	-0.75707395	0.20526512
0.89067539	-0.39671765	0.04160252	0.05088397	-1.21064203	0.08202430
0.88087603	-0.37466355	-0.02378184	0.05726814	-0.85735523	0.16829775
0.99715979	-0.60350152	-0.08179805	-0.15207357	-1.72305947	0.25921024
1.06515878	-0.55964720	-0.16440458	0.19795883	-0.85648108	-0.02198140
1.13419414	-0.52909223	-0.14758856	0.06776085	-1.18537819	-0.19821576
1.22079470	-0.51006014	-0.13877718	-0.04355227	-1.04330709	-0.37085176
1.03845386	-0.36000383	-0.27062681	0.22309187	-0.91748533	-0.30677103
1.09302331	-0.43838364	-0.13948396	0.28877624	-1.47295421	-0.32311018
0.84588260	-0.23412331	-0.05980073	0.22723582	-0.99369233	-0.23405613
0.98334156	-0.44723542	-0.08251154	0.23796448	-1.64941843	-0.20936620
1.07697378	-0.43504372	-0.17117902	0.29227803	-1.23112302	-0.13165745
1.07513753	-0.36092339	-0.19634830	0.28409217	-0.75424252	-0.24101322
0.80955469	-0.35053846	-0.14171306	0.11355756	-0.78587937	-0.34393207
0.85117647	-0.24327823	-0.21831604	0.25027152	-0.05195406	-0.39338201
0.65795701	-0.19559140	-0.18519745	-0.04270435	-0.17050371	-0.24347855
0.71990541	-0.32306474	-0.15322454	0.17855360	-0.27330942	-0.16200624
0.85651011	-0.21198067	-0.15469433	0.30768447	-0.39035659	-0.15125532
0.80155985	-0.23816161	-0.16466518	0.45983136	-0.37413798	-0.09240098
0.78263752	-0.17702829	-0.06174432	0.68065873	-0.06316587	-0.00737272
0.68660128	-0.11233124	-0.19105717	0.56391973	-0.23763417	-0.00073513
0.96739257	-0.06825708	-0.19686512	0.22694307	0.00845055	-0.14828356
0.80551527	-0.04829991	-0.12578741	0.15508310	-0.14508688	0.10032391
0.98653207	-0.02194729	-0.10483526	0.12947396	-0.30067560	-0.24563214
1.18857077	0.07963657	-0.14150085	0.35595311	-0.35121628	-0.01775430
1.01191965	-0.09357755	-0.09291017	0.08193164	-0.13224750	-0.09109195
1.22099834	-0.09975327	-0.17858755	0.14972023	-0.19048268	-0.04899662
1.36107749	-0.21862805	-0.15737547	0.18224530	-0.16308441	0.20202719
1.40706987	-0.30621141	-0.22823790	0.18155134	-0.17722643	-0.11308281
1.17541449	-0.40306394	-0.22305203	0.03621181	-0.71445880	0.07189804
1.42436764	-0.58611526	-0.30985203	-0.06658267	-0.70827177	0.02507762
1.14651378	-0.54842418	-0.29205582	0.13014790	-0.00888477	-0.05923817
1.26537503	-0.71441028	-0.25401579	-0.10544702	-0.03033407	-0.26620207
0.86730578	-0.67372267	-0.37212786	0.11948465	0.41237544	-0.32585728
1.51682697	-0.60867957	-0.26674175	0.26059634	0.63963155	-0.12496580
1.12501869	-0.62352076	-0.24598808	0.45894819	1.84952463	-0.24316375
1.14224285	-0.41083563	-0.08466696	0.30764128	1.11584239	-0.15129153
1.00777088	-0.35963149	-0.09398885	0.28674486	2.09097407	-0.29541319
1.05884441	-0.33730822	0.09068673	0.00503310	0.42993103	-0.29966028
0.92187849	-0.29553493	0.13189450	-0.17130580	-0.10336855	0.00015276
1.23563590	-0.22542661	-0.06613674	-0.23878241	0.34785319	0.02099190
1.19313219	-0.28402283	-0.10814909	-0.07325788	0.75647314	0.08086245
1.08120674	-0.19959401	-0.25050099	-0.37577583	1.37379976	0.07539808
1.04731805	-0.19693376	-0.02620707	-0.29745918	1.13003246	0.22341585
0.74673445	-0.12422265	0.01731868	-0.10062044	1.41820887	0.07211073
0.53227598	-0.23453678	-0.10053683	-0.24050336	0.70816451	0.17580196
0.73679844	-0.21534461	0.09509589	-0.10724071	0.65617094	0.14543341
0.45669938	-0.28924871	0.14124231	-0.13382395	0.73425346	0.17383655
0.37081934	-0.05756445	0.17478059	-0.34967800	0.72539110	0.16522885
0.52641374	-0.09690499	0.01977198	-0.45116692	0.77183799	0.25687672
0.71059013	-0.20690177	-0.00798068	-0.21153683	0.26740815	0.27656754
0.69089047	-0.29581949	0.19698431	-0.23321620	0.31249966	0.05160792
0.76638837	-0.23566507	0.01516768	-0.21440182	1.15105928	0.02085270
0.69291819	-0.23055059	0.17117921	-0.11603010	-0.15988279	-0.03509289
0.89244734	-0.24656523	0.26839056	0.19909721	0.20347610	-0.12546731
0.94929084	-0.18240712	0.23081022	0.24500059	0.89271747	-0.27049544
1.17000599	-0.30141669	0.22764415	0.16113526	0.18683354	0.09985621
1.14649036	-0.23539141	0.39825936	0.40882695	0.48175177	0.07163706
1.10676893	-0.31782052	0.27429550	0.29180768	-0.60490740	0.16736470
1.28948165	-0.25442329	0.14909357	-0.05896656	-0.46095984	0.33330406
1.57543440	-0.33719635	0.13564443	0.27324313	-1.04991036	0.50749572
1.30025146	-0.35548423	0.22470100	0.16561577	-0.54051253	0.23198607
1.34073368	-0.51828939	0.15900973	0.22582751	-0.05065867	0.21880668
1.23743055	-0.37711650	0.12767101	0.13404211	-1.10348969	0.31713550
0.91054224	-0.54924287	0.04127261	-0.17133486	-0.94116291	0.16278114
0.79493339	-0.57478504	-0.17727111	0.11850152	-1.24824856	0.17036435
0.76041484	-0.62110314	-0.08603008	0.03327006	-1.68413450	-0.14200672
1.01587223	-0.48362013	-0.12973102	-0.00278421	-1.64403850	-0.02876218
1.07673044	-0.40941219	-0.11067217	0.03479019	-1.62651344	-0.47382809
1.13862758	-0.49575611	-0.26818019	0.25422459	-0.59566251	-0.36204074
1.05565469	-0.42594907	-0.21741567	0.26024411	-1.08841150	-0.37370652
0.86438941	-0.45354658	-0.03003100	0.35253613	-1.37214601	-0.44926676
0.95213816	-0.29739255	-0.14348697	0.62431099	-1.17733225	-0.22557410
0.76327616	-0.28384237	-0.09069982	0.57539855	-1.06957253	-0.22447678
0.93012426	-0.37481455	-0.19481257	0.45907766	-1.06985878	-0.29151091
0.92182464	-0.37544182	-0.21291451	0.36646913	-0.86938769	-0.37678259
0.93024125	-0.27085750	-0.22058750	0.31396402	-0.82653315	-0.52382421
0.87519324	-0.31422235	-0.28830898	0.40028687	0.21758903	-0.47164895
0.74938019	-0.15192898	-0.16653837	0.11968458	-0.48916127	-0.31429582
0.74550290	-0.16411789	-0.09535697	0.27907060	-0.85978970	-0.18441992
0.61726061	-0.12892396	-0.16776699	0.23943421	-0.74567987	-0.06117091
0.79745085	-0.12587526	-0.19789629	0.06590089	-0.75291997	-0.10542139
0.83475264	-0.11353782	-0.25945376	0.25603924	-0.20117466	0.03582039
1.08311267	-0.03374888	-0.34982832	0.13401123	0.29088806	-0.08750992
0.96075586	-0.15407094	-0.23337224	0.12643704	0.88610606	0.01722940
0.93004508	-0.14453743	-0.19064437	0.14323819	-0.47861456	-0.10627698
1.02983433	-0.04261898	-0.12622276	0.10947722	0.25861928	-0.04966714
0.99023348	-0.19904063	-0.15497087	0.24029500	-0.06333175	0.03235715
1.02349859	-0.07487658	-0.15393367	-0.04084495	0.06137777	0.11788362
1.15691836	-0.04976707	-0.20579953	0.09884966	-0.02685010	0.18198631
1.18018062	-0.14304399	-0.21167165	0.11503622	0.60494575	0.12854327
1.25648813	-0.18369895	-0.27896546	0.14485845	-0.36677695	-0.03973257
1.24225207	-0.20278657	-0.28491238	0.07551662	0.20126393	-0.01280147
1.30367201	-0.34040132	-0.39739700	0.04540950	-0.29403663	0.00950450
1.32250863	-0.36821694	-0.23490346	-0.08633986	-0.45820852	-0.25227742
1.21051144	-0.58225113	-0.36785420	-0.10110480	-0.69235453	-0.20567845
1.06871405	-0.57849911	-0.30059244	0.03232830	-0.11043609	-0.46028304
1.36415323	-0.63055259	-0.25599770	0.38076250	0.30807369	-0.40523272
1.34272128	-0.61562790	-0.22964360	0.68906713	0.51560589	-0.18322297
1.17661599	-0.64030520	-0.17753581	0.54048537	1.91517115	-0.26250419
1.11362082	-0.51323444	-0.07320413	0.64141448	1.08272796	-0.29273511
1.13442688	-0.35873182	-0.12409410	0.35004667	1.11779625	-0.15010237
1.08166381	-0.19291050	-0.05571390	-0.04870307	0.59409308	-0.11067578
1.05843960	-0.26747152	-0.18476004	-0.33800610	0.52242584	0.19281217
1.32483501	-0.20392099	-0.17119115	-0.26649735	0.53486299	0.17572146
