0.70626940	-0.21857903	0.10418764	-0.41233777	0.45884793	0.33375778
0.37475741	-0.29432446	0.12238603	-0.32756662	0.49034313	-0.10317270
0.60303763	-0.10141525	0.10066343	-0.03492910	0.46730052	0.03023000
0.68383039	-0.41972652	0.14025888	0.47992438	0.18901263	-0.16569227
0.91690469	-0.34313769	0.28945327	0.90717996	-0.21173549	-0.44503719
0.74755544	-0.27389488	0.29422755	0.62228692	1.02336297	-0.40159711
0.98265715	-0.43008363	0.28305658	0.62006310	0.38955281	-0.33841208
1.22759503	-0.42551912	0.34851127	0.71561431	-0.09435715	-0.23954487
1.29699536	-0.26673509	0.22922174	0.96727444	-0.00086707	0.02754336
1.18184716	-0.24993065	0.17328564	0.77301277	-0.04764808	0.17841278
1.13516091	-0.24738107	0.37482993	0.87855025	0.07414656	0.25511267
1.06583560	-0.43277130	0.12940143	0.55858872	-0.65785315	0.21028816
1.40113727	-0.45005867	0.37748473	0.76113211	-1.19328039	0.37263773
1.48414603	-0.44636799	0.20622364	0.66471036	-0.89471806	0.38812048
1.38561846	-0.46949748	0.12438211	0.89217995	-0.43045714	-0.01215287
0.94766392	-0.40924927	0.04230055	0.59654587	-0.64725354	-0.01576477
0.60056066	-0.41625996	-0.07082583	0.43555062	-1.38364556	0.14177007
0.63265878	-0.43848339	-0.00829782	0.05223078	-1.28023557	0.27615235
0.79911899	-0.49034097	0.15774724	0.16017738	-1.60508247	0.04805003
0.92937933	-0.45179012	-0.16924863	0.37840174	-1.51473179	0.00698026
1.13676467	-0.44156052	-0.27256486	0.63010288	-1.12555553	-0.26453657
1.04077204	-0.52743338	-0.05350105	0.42603754	-0.74381589	-0.18121561
0.79984528	-0.38303181	-0.11561795	0.61480000	-0.95229850	-0.18905845
0.93975319	-0.35472944	-0.12044317	0.38454915	-1.54406919	-0.17819502
1.13760824	-0.34058857	-0.15648204	0.60744236	-1.86769001	-0.18466830
0.89891557	-0.30304611	-0.07827607	0.34197948	-1.34086172	-0.15088546
0.90979144	-0.14314421	-0.18574539	0.39841893	-0.87921027	-0.23035269
0.87027340	-0.22674556	-0.09049870	0.09636338	-0.98846096	-0.47874521
0.90281478	-0.17080429	-0.12869279	0.04573169	-0.66611664	-0.33010614
0.86710672	-0.22803705	-0.05379656	0.14476399	-0.79057220	-0.26197540
0.78924364	-0.27907772	-0.04377099	0.41703843	-1.29970176	-0.30080444
0.70765666	-0.34212399	-0.03699038	0.57955173	-0.77725100	-0.18864997
0.56001306	-0.16832933	-0.12478437	0.58799008	-1.05727781	0.09069306
0.50618019	-0.13103769	-0.05994854	0.71017948	-0.13963394	0.27754339
0.90763513	-0.04369389	-0.14205055	0.50690318	0.01345767	0.08757417
0.76161468	0.09583867	-0.20011187	0.20675944	0.37227755	0.07850684
0.96504499	0.00169458	0.05853044	0.13065970	-0.29196830	-0.25639931
1.00906869	-0.14113714	-0.08216455	-0.01995721	-0.51609505	-0.02801905
0.86899857	-0.12058903	-0.17575729	0.20847934	0.26471177	0.10295988
1.37220203	-0.27322617	-0.17065797	0.10402002	-0.40782412	0.05604544
1.13087666	-0.28049631	-0.23586646	0.21910536	-0.40298561	0.01412457
1.25558664	-0.18484742	-0.26077317	0.23602421	-0.24056893	0.00774038
1.32603039	-0.18433308	-0.26012065	0.28311657	-0.55375618	-0.15902087
1.18773313	-0.41039734	-0.23699424	0.05379724	-0.25618573	-0.34412341
1.40038337	-0.34599454	-0.26264144	-0.00881597	-0.52879765	-0.38246947
1.62744446	-0.38701474	-0.25568100	-0.25345612	-0.32511629	-0.36253567
1.67170026	-0.44155768	-0.22416868	-0.03305677	0.13946216	-0.05064665
1.44845909	-0.53943922	-0.23449243	0.06432027	0.27411052	0.28517167
1.02405450	-0.60816525	-0.42745769	0.50769404	0.72926181	0.17791440
0.96568063	-0.64007697	-0.16338089	0.52827052	0.08629678	-0.04781782
0.82725838	-0.68853948	-0.19802381	0.61150226	0.44328503	-0.12105177
0.98076104	-0.67093363	-0.22638270	0.63908589	0.53140837	-0.35883310
1.03181928	-0.60258963	-0.19036070	0.71873458	1.42934520	-0.45649875
0.86385649	-0.45399434	-0.15413565	0.60955323	1.00998602	-0.35767791
0.90158094	-0.28650248	0.05090118	0.40270135	0.98951772	0.02274229
1.03811159	-0.23283800	0.00436556	0.33346072	0.28249498	-0.04324184
1.05140546	-0.19621120	0.02690397	0.19447754	0.13263113	0.12355636
0.83112116	-0.23340977	-0.22820014	0.11145774	0.47483375	0.12580959
0.89844407	-0.32177830	-0.03901511	0.42678796	0.82614904	-0.14682540
0.75121113	-0.31398853	-0.08272870	0.28694985	0.52209612	0.08233992
0.95170209	-0.24906656	0.13158259	0.48977284	1.22323036	0.17242296
0.61218779	-0.14937986	-0.01467073	0.47847688	-0.03351124	0.14206980
0.54772152	-0.00028588	0.04037700	-0.00976196	0.40682445	0.23601791
0.54132287	-0.16808647	0.10890060	0.06947504	0.04875407	0.12452507
0.76316063	-0.05755240	0.12880433	-0.22518597	-0.24712448	0.06369820
0.79029617	-0.14031055	0.21738215	-0.32610170	-0.21189598	0.21157366
0.61505683	-0.08862243	0.12676938	0.01187074	0.19336109	0.27874940
0.79192190	-0.27581573	0.09064139	-0.18979145	0.17011440	0.22513017
0.69759469	-0.30506681	0.10848496	-0.04947421	0.43855407	0.14409386
1.02204047	-0.27402681	0.10753807	0.00414818	-0.14018527	-0.00227933
1.03799826	-0.22557232	0.23859636	0.30099485	0.00780834	-0.00517192
1.04947156	-0.38734543	0.26739417	0.33601956	0.78017759	0.03984660
1.09081552	-0.40685817	0.30559875	0.65110407	0.11090767	0.23545162
1.06565621	-0.36427931	0.23505874	0.86155083	0.19662691	0.20969246
1.18574947	-0.37807266	0.14480334	0.81339045	-0.17585509	0.22002218
1.27192297	-0.36731511	0.06751448	0.48771515	-0.76917622	0.13504549
1.45022626	-0.47245349	-0.00982577	0.49150189	-0.14096468	0.24470810
1.16663788	-0.39745526	-0.06433171	0.33083542	-0.56595543	0.16674939
0.89557482	-0.56717101	-0.03688945	-0.02734609	-0.55512955	0.07899295
0.78768955	-0.51245094	0.01551629	-0.06512495	-0.85965892	0.18026598
0.88176291	-0.58789781	-0.15081985	0.07504977	-2.08261000	0.00285080
1.02605606	-0.51188502	-0.15180655	0.49743791	-1.87044689	0.03927355
1.15102622	-0.52690007	-0.20926336	0.31766667	-1.27067514	-0.17209010
1.36891930	-0.49115683	-0.21373752	0.51562088	-1.18876492	-0.39715609
1.07706513	-0.58995061	-0.21578948	0.59446940	-0.77667268	-0.40319835
1.02496559	-0.38771670	-0.11808643	0.54274843	-1.05904714	-0.41615561
0.76746994	-0.35503716	-0.08713634	0.44793273	-1.60730114	-0.13855844
0.79944833	-0.28916306	-0.17342825	0.51533671	-1.20387975	-0.14477883
0.90019582	-0.27587526	-0.10572812	0.31119431	-1.61007360	-0.23426403
1.09020553	-0.11847683	-0.13937211	0.33829870	-0.34326944	-0.12630159
0.84605888	-0.22406330	-0.19832414	-0.03857951	-0.43997363	-0.20674370
0.84449375	-0.26936518	-0.15224236	-0.27313152	0.07842793	-0.16542470
0.68242724	-0.23105576	-0.19854824	-0.27492912	0.35708284	-0.05911063
0.64247423	-0.29113792	-0.08065360	-0.14421128	-0.53817337	-0.10487387
0.52416086	-0.30021459	0.06218837	0.05203276	-0.39871937	-0.17473317
0.70633638	-0.28799222	-0.14846822	0.39346527	0.00576101	0.11546202
0.73489570	-0.06182334	-0.17077620	0.52357983	-0.40686990	-0.03759611
0.88047906	-0.04918855	-0.21329372	0.36330294	0.20617289	-0.14006261
1.02289047	-0.01610137	-0.11649873	-0.03373035	0.58909000	-0.16260837
0.79694543	-0.06277632	-0.09222605	0.10359620	0.18853536	-0.02564053
1.00144158	-0.07712470	-0.10817107	-0.12657877	0.38652730	-0.19640164
1.19637216	-0.10678753	-0.20370542	-0.12451129	0.22438227	-0.36759072
1.48548129	-0.18195490	-0.17519369	-0.06863850	-0.52820146	-0.03592854
1.29715375	-0.40989833	-0.06491371	-0.09372776	-0.84652944	0.10599659
1.50415627	-0.37920923	-0.21717023	0.36808633	0.08665624	0.08870307
1.58898072	-0.48522269	-0.32874512	0.33566213	-0.03637704	0.00282426
1.39167880	-0.49124860	-0.38658060	-0.14693874	-0.24681219	0.11979459
1.36607904	-0.44712830	-0.36011151	-0.20450636	0.14692571	0.05510958
1.29324945	-0.47313905	-0.37314453	-0.13756081	-0.30809668	-0.15199322
1.27843141	-0.59803310	-0.32866368	0.33485218	0.34736863	0.00753822
1.11160201	-0.75631235	-0.26808373	0.42582941	1.19434238	-0.04937678
0.96183989	-0.65247364	-0.18957661	0.71941774	1.43703152	-0.07106286
1.00825057	-0.55066364	-0.22701755	0.51048561	1.52725550	-0.23572379
0.99925740	-0.51471653	-0.25722827	0.33827731	1.19378655	-0.41725035
0.89271726	-0.45122431	-0.09484493	0.17507202	0.71111096	-0.17546336
1.22878119	-0.38093184	-0.02218445	0.21241594	0.72902838	-0.09175078
0.87001039	-0.25953883	-0.07026215	0.12989008	0.52098129	0.06689356
1.17263678	-0.22404582	-0.16062748	0.21423902	0.91641489	0.16514651
1.08836099	-0.30935672	-0.15290136	0.31916846	0.65524827	0.26019517
0.90033465	-0.21796871	0.03256262	-0.16290005	1.43528514	0.19395484
0.84002956	-0.27246018	-0.07040878	0.13169095	1.32551695	0.19338640
0.53285245	-0.16566692	0.08826261	-0.18834648	1.11809602	0.05906994
0.59513859	-0.20777394	0.09666965	0.16822717	0.41450624	0.11434587
0.49224579	-0.22889837	0.13926684	-0.10307474	0.70978457	-0.00242976
0.35762847	-0.23329496	0.09821874	-0.36750208	0.24216317	0.06069762
0.46479442	-0.16813247	0.15055750	-0.26119482	0.53317517	0.14658926
0.51088392	-0.23552359	0.11064556	-0.38344151	0.20251519	0.00043447
0.74925876	-0.23218261	0.14348651	-0.08139360	0.49991472	0.06303428
