0.98613728	-0.33221061	-0.00387621	0.02267144	-0.01946205	0.00347712
0.98801418	-0.33902816	-0.00685628	0.06632870	-0.00620302	0.00057436
0.98367114	-0.33454297	-0.01655533	0.05515673	-0.00556712	-0.01182690
0.98425565	-0.33223025	-0.01460578	0.04372027	-0.00062347	-0.00530157
0.98723369	-0.32854047	-0.01042191	0.03516325	-0.00244833	-0.00751413
0.98629532	-0.32896253	-0.00771495	0.05030001	-0.00901962	-0.00734699
0.99046265	-0.32973987	-0.01228844	0.05946706	0.00717162	-0.00356229
0.99270197	-0.32899452	-0.01441635	0.06995669	-0.01227266	-0.01050366
0.99186626	-0.32979070	-0.01280251	0.06827598	0.01786942	-0.00835543
0.98843459	-0.32925464	-0.00466435	0.05535733	0.02330997	-0.00808911
0.98916460	-0.32231569	-0.00254933	0.07146246	-0.01784578	-0.01092064
0.99016096	-0.32184556	-0.00560794	0.05296435	0.00897562	-0.00567205
0.98812878	-0.32132880	-0.00038594	0.05704233	-0.01497974	-0.00242284
0.98686195	-0.31937962	-0.00755501	0.05303310	-0.01789634	-0.00091062
0.98942146	-0.31564265	0.00097775	0.05357663	-0.01894062	-0.00020629
0.98756297	-0.31741517	-0.00335824	0.04945609	0.00762220	0.00668575
0.98998951	-0.31964596	-0.01294383	0.03753368	0.01878335	0.00411396
0.99082213	-0.32039368	-0.00689457	0.02610819	-0.00423474	0.01404861
0.99170012	-0.32091002	-0.00562519	0.02139207	-0.02226737	0.00848962
0.98975055	-0.32435487	-0.00182320	0.01358884	-0.01435289	0.01606232
0.98967083	-0.32383963	-0.00963001	0.02166407	-0.01926072	0.01587216
0.99383584	-0.32532537	-0.01242064	0.00258488	-0.02147666	0.01593165
0.99057096	-0.32275656	-0.02037557	0.01720264	0.00737883	0.00512024
0.99543592	-0.32080633	-0.01337527	-0.01200489	0.02511084	0.00011992
0.99149591	-0.31820945	-0.01095806	-0.01908918	0.01840157	-0.00511106
0.99056209	-0.31704771	-0.00786553	-0.02846208	0.01082157	0.00213313
0.98534268	-0.32707696	-0.00957650	-0.04111581	0.00572792	0.00202811
0.98404781	-0.32247136	-0.01080397	-0.02815142	0.00002899	0.00687802
0.99258879	-0.32320218	-0.02257423	-0.02653267	0.00934385	0.00615381
0.98975982	-0.32248024	-0.02312141	-0.04344678	-0.01510479	0.00578441
0.98409130	-0.33229175	-0.02321780	-0.04157139	-0.01197589	0.00792803
0.98647014	-0.33405121	-0.00910404	-0.02868133	-0.00527871	0.00766991
0.98696916	-0.33354781	-0.01218350	-0.02695855	-0.00168289	0.00756155
0.98640082	-0.33312399	-0.00593896	-0.04507476	-0.01579541	0.00297030
0.98939285	-0.33406528	-0.00737627	-0.02838246	0.00369393	0.00096160
0.98660181	-0.33575289	-0.00325283	-0.02525640	0.00999635	0.00233976
0.98775187	-0.33130966	-0.00393485	-0.03980994	0.00385764	-0.00543252
0.98517133	-0.32269448	-0.00554985	-0.01893888	0.01258994	-0.00097850
0.98894097	-0.32576740	-0.00634484	-0.04515692	0.02349416	0.00236104
0.98443688	-0.33055095	-0.00299368	-0.02050879	0.02128789	-0.00289665
0.98491255	-0.33357836	-0.00431028	-0.03370876	0.01386297	0.00001137
0.98829697	-0.33343324	-0.00914532	-0.00768182	-0.00692673	-0.00225498
0.98861355	-0.33367976	-0.01380507	-0.01660705	-0.00039169	-0.00378938
0.98656904	-0.32882001	-0.01661924	-0.00371763	0.01130978	-0.00040495
0.98658105	-0.33087746	-0.01191811	0.00407987	-0.00286008	-0.00366020
0.98615167	-0.33090563	-0.00680575	-0.00726836	-0.00904017	-0.00618617
0.98760814	-0.32804191	-0.00335904	-0.00174383	0.01293640	0.00096234
0.98994216	-0.33025830	-0.00873381	-0.00832403	-0.00515533	0.00248769
0.99173313	-0.32674283	-0.01268649	-0.01295669	-0.01369411	-0.00255014
0.99211417	-0.32450215	-0.01018519	-0.00176409	0.02148081	0.00012126
0.99136507	-0.33077036	0.00048422	-0.01436552	0.00909205	0.00626123
0.99025342	-0.33464756	-0.00764808	0.01169080	0.00257457	0.00079304
0.98690855	-0.33285346	-0.01104113	0.01717989	-0.01481443	0.01354349
0.98895073	-0.33435242	-0.02223223	-0.00829927	-0.02764412	0.01279924
0.99159450	-0.33666843	-0.02191377	0.01401174	-0.00075761	0.00430096
0.99494045	-0.33608826	-0.00994396	-0.00843213	-0.03367028	0.00650331
0.99217865	-0.33488988	-0.01302337	0.00358988	-0.01627717	-0.00097772
0.99118543	-0.32687119	-0.00768426	0.00091595	0.01062666	-0.00176563
0.98650254	-0.32001069	-0.01164596	-0.02039063	-0.02185638	-0.00384430
0.98727992	-0.32540942	-0.00916822	-0.01604722	0.01548004	0.00231233
0.98764286	-0.32691300	-0.00694451	-0.02686586	0.01731585	0.00152561
0.98570759	-0.32522888	-0.00923977	-0.01263164	-0.00443765	0.00060394
0.98814805	-0.32422374	-0.00396157	-0.01129306	0.01496543	0.00648526
0.98726255	-0.32881674	-0.00372014	-0.02040641	-0.00240882	0.01102068
0.99151723	-0.33070945	-0.01095105	-0.00716721	0.01671959	0.00260082
0.99055004	-0.32807819	-0.00480295	-0.03954599	0.00658673	-0.00377135
0.98658157	-0.33291559	-0.00954328	-0.04400659	-0.00858380	-0.01019467
0.98919365	-0.33164800	-0.01414934	-0.00499447	-0.01701032	-0.00162013
0.98891247	-0.33243986	-0.01894962	-0.03720100	0.00933588	-0.00156843
0.98954554	-0.32654341	-0.02014923	-0.01188035	-0.00865533	-0.00560365
0.98890677	-0.32585209	-0.01649506	-0.02412660	0.00949160	-0.00996562
0.98875499	-0.32994952	-0.01846093	-0.02499263	-0.00594796	-0.00890910
0.98569253	-0.32757777	-0.01175646	-0.02436596	0.02456104	-0.01125930
0.98653889	-0.32517891	-0.01200116	-0.02368530	0.03543196	0.00033191
0.98885148	-0.32984105	-0.00731871	-0.02790893	0.00724196	-0.00127446
0.98378962	-0.33181332	-0.01668184	-0.04560073	0.00176515	-0.00555986
0.98562014	-0.32983803	-0.01769690	-0.01996425	0.01063087	0.00129089
0.98779926	-0.32948834	-0.01518287	-0.01537810	-0.01416189	-0.00116166
0.98677869	-0.33132153	-0.01253584	-0.02408339	-0.00239915	-0.00641093
0.98669554	-0.32881587	-0.02473356	-0.00050224	0.01014570	-0.00578188
0.99082255	-0.33022177	-0.01494700	-0.01239647	-0.01191090	-0.00937151
0.99107704	-0.33119599	-0.01579785	0.00379521	0.00487603	-0.00389140
0.99116275	-0.32996043	-0.00984507	-0.02607704	-0.00572649	-0.00479786
0.98848441	-0.33463158	-0.01636090	-0.01020384	0.00145497	0.00394595
0.98938146	-0.33015927	-0.01658392	-0.00565501	-0.00303639	-0.00448731
0.98536286	-0.32617392	-0.01835123	-0.00590163	0.00007120	-0.00008726
0.98467784	-0.32929750	-0.01859316	-0.01189990	0.01598024	0.00304144
0.98460097	-0.32786435	-0.00576823	-0.00906208	0.01326074	-0.00332731
0.98664030	-0.33022581	-0.01611701	-0.01468059	0.01597208	-0.00035808
0.98922474	-0.32897797	-0.01920236	-0.00196764	-0.00048098	0.01012514
0.98670294	-0.32275258	-0.02718870	-0.00563966	0.02371499	-0.00408908
0.98451909	-0.32968795	-0.02283316	0.00387413	-0.01959585	0.00408221
0.98510377	-0.33221225	-0.01180861	-0.00354741	0.01405663	0.00707210
0.98613788	-0.32897060	-0.01540361	0.00497406	0.01706441	0.00616065
0.98798530	-0.33340737	-0.01750551	0.00043290	-0.02272981	0.00965680
0.98877892	-0.33006782	-0.01599059	-0.01243378	-0.00008883	-0.00073361
0.99179980	-0.33115561	-0.01785188	0.01748134	-0.02152830	-0.00122453
0.99146518	-0.32990235	-0.02081978	-0.00117298	-0.00966922	0.00210869
0.98913434	-0.32921716	-0.01556678	0.00637998	0.02049996	0.00053325
0.98581479	-0.32603580	-0.01082929	-0.01253834	0.00598634	-0.00044104
0.98715978	-0.32877249	-0.01089054	0.00087007	0.00158960	0.00597463
0.98674790	-0.32994584	-0.01847517	-0.01013536	0.02411113	0.00488657
0.99257112	-0.32375897	-0.02160910	-0.01019188	0.00096416	0.00135223
0.99569564	-0.32630188	-0.02348782	-0.01170013	0.00947204	0.00516791
0.99320131	-0.33090673	-0.02308079	-0.00423175	0.01397978	0.00776388
0.99206447	-0.33152808	-0.02519280	0.00176799	0.03301532	0.00053996
0.99245059	-0.33084621	-0.02384202	-0.02653528	-0.00921152	0.00235094
0.99083932	-0.33096287	-0.02246414	0.01319873	-0.00468675	0.00453238
0.98786184	-0.33229538	-0.01337010	-0.00999141	0.01180105	-0.00121772
0.98902327	-0.33292084	-0.01613487	0.00766816	0.00000093	-0.00370352
0.98731038	-0.32898459	-0.01499201	0.00627725	0.03896682	-0.00147016
0.98703436	-0.32464530	-0.01705734	0.00477837	0.03053486	-0.00407790
0.98812683	-0.32988472	-0.02345879	-0.02082081	0.05579792	-0.00440372
0.98670804	-0.32365419	-0.01409147	-0.01677434	0.01236248	0.00630051
0.98466908	-0.32592832	-0.02786800	-0.02149046	-0.02112996	0.00469195
0.98504083	-0.32515823	-0.01649516	-0.01435105	0.00237568	0.01152056
0.98486710	-0.32957362	-0.02430312	-0.01460477	0.02030935	0.01264792
0.98299451	-0.32734850	-0.01808008	-0.02657119	0.01197839	0.01457820
0.98586388	-0.32717667	-0.00507533	-0.01536767	-0.00910592	0.00918809
0.98816033	-0.33191120	-0.01798142	-0.00432988	0.00878393	0.00826637
0.98668579	-0.32573155	-0.01104299	-0.02367822	0.01320128	0.00411853
0.98684757	-0.32611435	-0.00546041	-0.01093823	0.01194410	0.00490450
0.98584497	-0.33356975	0.00762383	-0.00547414	0.06271023	0.00259732
0.98884620	-0.33368635	-0.01157832	-0.02356212	0.07715131	0.00123296
0.98990153	-0.33401664	-0.02934575	-0.01639564	0.04934222	0.00985627
0.99610563	-0.33279109	-0.02159753	-0.03944074	0.02653618	0.01662167
0.99861494	-0.33146737	-0.02350747	-0.03208291	0.08956510	0.01528912
0.99473912	-0.32971359	-0.02943509	-0.02495646	0.12399969	0.01764196
