0.98399031	0.12617896	0.23000101	0.01286106	-0.00028290	0.02899545
0.98319996	0.12154619	0.22622686	0.00894011	-0.00055925	0.02715608
0.98224380	0.12441374	0.22641943	0.00883862	-0.00452985	0.03052829
0.98168454	0.12489871	0.22519348	0.01002886	-0.00617637	0.02399246
0.98522093	0.12255520	0.22612725	0.01110945	-0.00791268	0.02838584
0.98596101	0.12428837	0.22988351	0.01154799	-0.00993196	0.02800519
0.98574443	0.12036488	0.23489716	0.01838510	-0.00843597	0.02250197
0.98782097	0.12653262	0.23205968	0.01581235	-0.00862863	0.02353285
0.98754110	0.12182464	0.22874756	0.01251946	-0.00272018	0.01062145
0.98663173	0.12172219	0.23135108	0.01389402	0.00229706	0.02056579
0.98930563	0.12701197	0.23295839	0.01712633	0.00165669	0.02880313
0.98322338	0.12377881	0.22953187	0.01283512	-0.00539477	0.02904966
0.98647892	0.12279678	0.22650688	0.01361509	-0.01479766	0.02127556
0.98578230	0.12483310	0.23502743	0.00790008	-0.00640636	0.01714279
0.98759087	0.11497222	0.22941267	0.01136508	-0.00100499	0.01755935
0.98395706	0.12028884	0.23209876	0.00895735	-0.00053370	0.02112714
0.98462458	0.12398788	0.23034535	0.01042330	0.00453174	0.01770607
0.98471417	0.12356046	0.22960149	0.00793903	0.00379684	0.01574093
0.98805126	0.12871929	0.21849030	0.01266031	0.00169691	0.02646184
0.98339047	0.13174159	0.22272112	0.01061606	0.00024265	0.03000346
0.98563495	0.12613254	0.23797365	0.00904938	-0.00250970	0.02355788
0.98580536	0.12989117	0.24386770	0.01113284	-0.00298754	0.02179219
0.98327211	0.12029799	0.24076679	0.00928869	-0.00316120	0.01705285
0.98263262	0.12449577	0.23422543	0.00883196	-0.00244145	0.02365169
0.98315918	0.13145677	0.23676384	0.00668765	0.00209838	0.01963579
0.97985669	0.12470476	0.22983168	0.01124609	0.00515628	0.02179213
0.98165886	0.12617582	0.22939351	0.00608703	0.00008706	0.02125798
0.98543435	0.12616624	0.23219938	0.00721845	0.00087226	0.02181175
0.99108058	0.12308289	0.23811646	0.00712078	0.00171484	0.01568043
0.99131281	0.12331347	0.24165049	0.00705732	0.00203611	0.01309257
0.98874752	0.12787799	0.23653988	0.00875989	-0.00092283	0.01903078
0.99020085	0.12115499	0.23220503	0.00764429	-0.00917874	0.01839103
0.98845739	0.11856908	0.22440321	0.00794266	-0.00532476	0.02208295
0.98907013	0.12034834	0.22751356	0.00647177	0.00103351	0.01739884
0.98643082	0.12229654	0.23445571	0.00422254	0.00268125	0.01445669
0.98584751	0.12378006	0.23406380	0.00423461	0.00762965	0.01571300
0.98748938	0.12528877	0.23211467	0.00672826	0.00042059	0.01472657
0.98846109	0.12206021	0.23123567	0.00738948	0.00727095	0.01197789
0.98600279	0.12400986	0.22886893	0.00618516	0.00242153	0.01131576
0.98748473	0.12664706	0.22779058	0.00438798	0.00024775	0.01448606
0.98749653	0.12529326	0.23584176	0.00751031	0.00124498	0.01539013
0.98754010	0.12215797	0.23416101	0.00944970	-0.00120427	0.00251427
0.98988039	0.12416500	0.23642202	0.00530369	0.00689771	0.00168702
0.98629991	0.12279385	0.23307712	0.00516354	0.00885085	0.00554378
0.98544440	0.12652008	0.23115016	0.00268830	0.00343797	0.01789024
0.98585730	0.12264446	0.23410940	0.00373335	-0.00550296	0.00507984
0.98681525	0.12767742	0.23340373	0.00776819	-0.00005375	0.00899541
0.98630266	0.12429270	0.22739374	0.01221477	0.00621638	0.01416422
0.98674997	0.12651590	0.22349230	0.00895961	0.00657503	0.00903349
0.98655778	0.12200705	0.22623090	0.00593672	0.00428576	0.01025531
0.98320487	0.12355169	0.23364730	0.00916000	0.00759871	0.01314234
0.98420956	0.12943730	0.23273459	0.00649621	0.00309646	0.01004859
0.98213982	0.12910292	0.24017637	0.00617938	0.00759938	0.01469312
0.98414950	0.12445169	0.23266702	0.00921678	0.00538623	0.02007191
0.98832501	0.12542505	0.23770702	0.00726734	0.00045568	0.02010907
0.98992328	0.12551074	0.23668765	0.00222716	-0.00040512	0.01555460
0.98725486	0.12784035	0.23764430	0.00245809	0.00265558	0.01590201
0.98433087	0.12411523	0.22605295	0.00304976	0.00022665	0.01295662
0.98547488	0.12595615	0.23546202	0.01049145	0.00920064	0.02411434
0.98535394	0.12903447	0.24167773	0.00740208	0.00688302	0.00843781
0.98586235	0.12178510	0.24006042	0.01020760	0.00387934	0.01230311
0.98663819	0.12786745	0.23626896	0.01082699	0.00722898	0.00809481
0.98707397	0.12446913	0.22856616	0.01316093	0.00118821	0.01169493
0.98708440	0.12570823	0.22824190	0.00770056	-0.00369248	0.00782878
0.98636609	0.13287202	0.22754969	0.00586082	-0.00308653	0.01021068
0.97768778	0.12965827	0.22791059	0.00710208	-0.00426363	0.01562104
0.97894297	0.12250148	0.23475621	0.00651445	-0.00806467	0.01921966
0.97619339	0.12676968	0.23102729	0.00687060	-0.00222522	0.01937634
0.97987516	0.12637845	0.23079010	0.01071148	-0.00128498	0.02242745
0.98402249	0.12828483	0.23018564	0.01181875	-0.00600555	0.01878632
0.98708114	0.12663524	0.22945166	0.00988860	-0.00486568	0.01411038
0.98438794	0.13146734	0.23082192	0.00969801	-0.00129918	0.00915749
0.98497205	0.13334699	0.23612794	0.01263436	-0.00620600	0.01479409
0.98750359	0.13049176	0.23843238	0.01178776	-0.00030715	0.01164551
0.98833877	0.12701383	0.22917742	0.01078030	-0.00654633	0.01575596
0.98742499	0.12200989	0.22177050	0.00529180	0.00629354	0.01162657
0.98373753	0.12764805	0.22727882	0.00233615	0.00652122	0.00633218
0.97937299	0.13022309	0.23267140	0.00543438	-0.00207404	0.00582977
0.98241141	0.12940766	0.23091693	0.01564842	-0.00896443	0.00503047
0.99095408	0.12552443	0.23923923	0.01005251	-0.00690257	0.00675485
0.98482627	0.13228431	0.23523174	0.00962639	-0.00578763	0.01288935
0.98461189	0.12677815	0.23400885	0.00924680	0.00031600	0.01175551
0.98439535	0.12913060	0.23368195	0.00864440	0.00198768	0.01178290
0.97887133	0.13369584	0.24020752	0.00816558	0.00093082	0.00774469
0.98119595	0.12656945	0.22871937	0.00601629	-0.00081584	0.00241486
0.98702757	0.12842685	0.22541173	0.00936108	0.00063872	0.00666728
0.98400300	0.13257347	0.23059316	0.01294387	-0.00639209	0.00939128
0.98692881	0.13243317	0.22731150	0.00910372	-0.01121626	0.00691747
0.98735270	0.12792588	0.22771637	0.00691543	-0.00906147	0.01185642
0.98220718	0.12639566	0.23665480	0.01113975	-0.00864867	0.01074582
0.98200243	0.12535697	0.23772751	0.01032913	-0.00967799	0.00772276
0.98011866	0.12727466	0.23340274	0.00883689	-0.00850282	0.01016552
0.98328897	0.12421917	0.23576654	0.00916384	-0.01167755	0.00809709
0.98719913	0.13084788	0.23536829	0.00788180	-0.00666089	0.00455888
0.98099504	0.12870061	0.22726902	0.01116635	-0.00329661	-0.00005849
0.97977734	0.13222294	0.22663561	0.00825342	-0.00823038	0.00247967
0.98525216	0.12797341	0.23088462	0.00701897	-0.00909605	-0.00144664
0.98836952	0.12908232	0.23403143	0.00759137	-0.00660797	-0.00177044
0.98680338	0.12765493	0.23228084	0.00756250	-0.00167126	0.00231414
0.98593856	0.12849043	0.23939050	0.00998233	0.00209143	0.00336765
0.98642901	0.12887484	0.24214055	0.01104989	-0.00436655	0.00399945
0.98711233	0.12878066	0.23956596	0.01266547	-0.00818494	0.00824076
0.98598909	0.13366546	0.24096054	0.01049928	-0.00405930	0.00819170
0.98423123	0.13715507	0.22974649	0.01094540	0.00170052	0.01041361
0.98441955	0.13428877	0.22779685	0.00747216	-0.00379125	0.00826279
0.98507373	0.14075841	0.23209711	0.00953611	-0.00352034	0.00749482
0.98268835	0.13946953	0.23319344	0.01118834	-0.00619526	0.01062995
0.97947658	0.14035729	0.22958211	0.01217584	-0.01418726	0.01455227
0.98411682	0.13406903	0.23728547	0.00877669	-0.00944281	0.00936483
0.98442913	0.12903228	0.23065859	0.01228102	-0.00531375	-0.00398590
0.98428546	0.13335776	0.23350878	0.00748950	0.00898835	0.00485006
0.98269367	0.13107517	0.23457962	0.00756949	-0.00223941	-0.00029471
0.98233537	0.13330878	0.23269814	0.01263677	-0.01149514	0.00164910
0.98177629	0.13608116	0.23227979	0.00879119	-0.00523606	0.00628368
0.98296381	0.13916675	0.23567670	0.00791461	-0.00359318	0.00119483
0.98314395	0.13350282	0.23059452	0.00810499	-0.00805339	0.00331637
0.98084842	0.13587909	0.22974956	0.00989778	-0.00261607	0.00234648
0.98752390	0.13220373	0.23288969	0.00866112	-0.00440085	0.00588793
0.99144526	0.13495484	0.23480383	0.00929020	-0.00543136	0.00486265
0.99022744	0.13451507	0.23199251	0.00722058	-0.00107621	-0.00330583
0.98690014	0.13344035	0.22908706	0.00940140	0.00370596	0.00272957
0.98820139	0.13854466	0.23486458	0.00945757	0.00164773	0.00445472
0.99005706	0.13910197	0.22915387	0.00617816	-0.00187407	0.00878224
0.98802333	0.13777354	0.22780887	0.00668920	-0.00538580	0.00787905
0.98856618	0.13672454	0.22399195	0.00592095	-0.00097584	0.02197411
0.98780712	0.13720292	0.23132433	0.00481771	0.00444534	0.01250767
0.98688722	0.13359650	0.23876204	0.00343853	0.01097835	0.01353399
0.98396573	0.12960321	0.23128717	0.00562589	0.00762820	0.00850076
