1.15909124	-0.24633068	-0.24852712	0.18153498	1.08175421	-0.30055745
1.17256167	-0.12951557	-0.14357379	-0.63154318	1.04836990	0.36573372
0.96631950	0.06959868	-0.13857138	-0.47473119	0.98700224	0.47676650
0.89587590	-0.24097384	0.05122555	-0.44892614	1.29950969	0.37188684
0.97637011	-0.28675317	-0.09961996	-0.50882670	1.29928551	0.29042547
0.81678533	-0.28837806	-0.03303175	-0.29859214	1.12507301	0.15699704
0.68812485	-0.33713997	-0.11865361	-0.40029857	1.34199290	0.12238569
0.98779424	-0.30768280	-0.00881138	-0.11018064	0.94942258	-0.23663471
0.44608574	-0.26456608	0.04006956	0.30818691	-0.05141505	-0.16515888
0.45289421	-0.24196963	0.19927603	0.48181963	0.00971657	0.12615281
0.64096905	-0.07350438	0.12220000	0.47972043	-1.24954436	0.19959171
0.79901493	-0.02330595	0.03977251	0.57384677	-0.37468225	0.21261676
0.83033740	-0.11458635	-0.06380748	0.27137545	-0.18713153	0.11013623
1.01768109	-0.12463796	0.01819017	-0.03310260	-0.00423912	-0.16561396
1.15771999	-0.21931418	0.00510593	0.30719869	-0.54681135	-0.21040971
1.15329508	-0.34032538	0.04281534	-0.47604202	-0.21624403	-0.25905022
1.22237399	-0.25355448	-0.02663737	-0.40675702	0.01960438	-0.28656219
1.31114435	-0.13627096	0.10814364	-0.15016996	0.57874785	-0.11375925
1.43837275	-0.00298473	0.10183895	-0.26374549	0.43752403	0.46634560
1.35513773	0.02259072	0.16281416	-0.03495839	0.00114656	0.32540496
1.32885194	-0.45593590	0.02413155	0.06776312	0.16561475	0.60379133
1.47845589	-0.70433193	-0.08741127	0.52290216	0.99063512	0.30361854
1.15892680	-0.76959060	-0.23177252	0.76870456	1.38821681	0.15084026
1.01028108	-0.57428068	-0.17037914	0.39713674	0.04022705	-0.20742591
0.56883085	-0.18085243	-0.00488382	0.65499946	-1.32401103	-0.08267473
0.92084099	-0.31006864	-0.07825675	0.05122378	-1.13308152	0.28603564
1.00706884	-0.04795592	-0.27063614	-0.95361025	-0.82044539	0.05826625
1.27693172	-0.30077191	-0.11586004	-0.83974837	-0.26589839	0.16680849
1.09993333	-0.29485198	-0.15584445	-0.12227260	-0.89138335	0.17684479
0.89586728	-0.41630164	-0.18281649	0.03362604	-0.62146604	0.09663129
0.66361496	-0.44004667	-0.09607228	0.69900718	-0.66046457	-0.04998133
0.84147748	-0.28334138	-0.18766266	0.60811893	-1.09638722	0.00683478
0.92236016	-0.28082136	-0.20157337	0.33977497	-0.51441750	-0.16594095
0.90950906	-0.18456058	-0.17706038	0.72243770	-0.80320116	0.11297824
1.04560839	-0.23297655	-0.24427877	0.41292460	0.51403385	0.05881623
1.07208362	-0.07290942	-0.23178319	0.33864627	0.01219712	-0.15857608
1.10214475	-0.04992262	-0.21421389	0.20902507	-0.42766150	0.23955025
0.99749094	-0.11918605	-0.25698126	0.10423716	-0.32008663	0.37196963
0.97970371	-0.12750352	-0.11108543	0.46694149	-0.38506017	0.25099515
0.90070079	-0.01935024	-0.20775881	0.08394358	0.09111533	0.30232060
0.97322630	-0.21914993	-0.07647541	-0.22338663	0.12293573	0.05332226
0.95776606	-0.09044414	-0.12988973	0.31458083	0.44828216	0.35329127
0.98765627	-0.28759461	-0.24312622	0.21925470	0.15117493	-0.00633180
1.05766952	-0.34834236	-0.27724029	0.08446656	0.46549475	0.08704820
0.87742434	-0.10991584	-0.14226586	0.43785494	0.55267066	-0.03880968
0.99759858	-0.28166135	-0.11594592	0.43075565	-0.90137333	-0.15498251
1.11006287	-0.35389641	-0.10415549	-0.38125732	-1.36803891	-0.09299895
1.28176132	-0.27763136	-0.18524414	0.03307083	-0.67748185	-0.34806436
1.37555515	-0.18743415	-0.30949357	0.11479103	-0.45326399	-0.19584703
1.28783003	-0.29513703	-0.34303770	-0.67779151	0.04294895	-0.38058821
1.15192912	-0.46692024	-0.30019202	-0.87752463	-0.02127766	-0.46955993
0.78531914	-0.37891266	-0.23314855	-0.87003925	-1.32915700	-0.42303020
0.82189229	-0.67666542	-0.23332232	-0.38442375	-0.64493417	-0.22399160
0.90482968	-0.55739394	-0.32671600	0.06618307	0.56533713	-0.59539547
1.13859013	-0.74904304	-0.27458127	0.39699253	0.85764252	-0.91072395
1.26254806	-0.66263067	-0.25184941	0.04034361	0.33493131	-1.01422363
1.35238823	-0.30165750	-0.21832744	0.06795265	0.90295554	-0.53451999
0.92992723	-0.04411999	-0.20629752	-0.53502431	0.74221429	0.05482027
0.76995987	-0.05360472	-0.10098515	-0.44735122	0.78356187	0.19766263
0.78113308	-0.27671891	-0.16373911	-0.38259431	0.38297673	0.57546957
0.86199414	-0.10082555	-0.11212681	-0.70101834	1.70157084	0.54318373
0.94009351	-0.18810100	-0.13889389	-0.45038264	1.49247589	0.42110266
0.69779897	-0.25230116	-0.08394020	-0.72642076	0.91433960	0.31406136
0.76725148	-0.27499758	0.16238732	-0.32915419	0.73640344	0.16445570
0.61538945	-0.33586546	0.12573549	-0.19875616	0.45687109	-0.00365272
0.54699359	-0.18348720	0.05588100	0.04749449	-0.25335061	-0.04227177
0.59711002	-0.20760130	0.05670841	0.10479156	-0.19050738	0.42966212
0.85680734	-0.11666135	0.09089567	-0.00271056	-0.48515753	0.40336449
0.60349590	-0.19533905	-0.00444559	-0.04368517	0.48115126	0.06039551
0.76019915	-0.10630620	0.07592755	-0.01193776	0.09909949	-0.07387713
1.00811380	-0.25810882	0.09757199	0.04287591	-0.66508562	-0.45980602
1.20898467	-0.12661513	-0.00246046	-0.16025476	0.11799477	-0.08994217
1.16745591	-0.23852131	0.02444741	-0.36977820	0.11116449	-0.30837527
1.28092662	-0.06212919	-0.04742898	-0.11314952	0.85139558	-0.01494316
1.23459374	-0.31623824	0.05932536	0.01801627	0.05045269	0.06801956
1.36217991	-0.18194253	0.06463860	0.08905828	0.32347823	-0.01920389
1.63990525	-0.30730838	0.11205968	-0.00547011	0.29590031	0.21386173
1.53489236	-0.63101991	-0.00225111	0.26204054	0.70697153	0.30910969
1.27984026	-0.74624430	-0.24040476	0.63593387	0.55610788	0.31264098
1.23997703	-0.75027744	-0.13229674	0.92250135	0.42685142	-0.02819417
0.82021179	-0.27528757	-0.08785023	0.77157673	-0.66981257	-0.17632266
0.82192289	-0.10558877	0.01285332	-0.11252459	-1.27932487	0.26792659
0.56560570	-0.10898951	-0.20782613	-0.50804394	-1.36728411	0.38226497
0.91382912	-0.41486012	-0.23079643	-1.08223203	-0.46824328	0.61440289
1.21631846	-0.52950525	-0.45222421	-0.55283009	0.60465407	0.33093539
1.09432945	-0.68046905	-0.37597476	0.16402890	0.11427355	-0.03758853
1.08938936	-0.51385668	-0.09126667	-0.05243362	-0.48545674	-0.08427443
0.82407359	-0.49928805	-0.02141522	-0.02707066	-1.60171609	-0.28148808
0.67382780	-0.24591282	-0.10724981	0.24039748	-1.58958590	-0.15058612
0.67507863	-0.36651682	-0.09481589	0.09211392	-1.20081529	0.04976895
0.93477633	-0.33961562	-0.27730002	0.42957717	-0.41761060	0.01949176
1.08634577	-0.22396897	-0.25964600	0.68464769	-0.03855060	0.03827080
0.82657823	-0.07105612	-0.21634415	0.39020959	-0.18565240	-0.22625624
1.03297710	-0.05999238	-0.13877274	-0.60921472	-0.37492445	0.31999187
0.64212652	-0.10868025	-0.28679198	0.09865082	-0.09428904	0.38022889
0.79434357	-0.01842249	-0.23289240	0.43059137	-0.39275764	0.32050754
0.92141988	-0.00544290	-0.22052504	0.08108785	0.23796458	0.53436511
0.96838930	-0.24797012	-0.22569637	0.34285336	0.69057064	0.27553963
0.92021140	-0.14612381	-0.18476146	0.28559452	0.26381546	0.29442436
0.86438191	-0.18990469	-0.21238899	0.38270032	-0.00075613	0.23869725
1.01915128	-0.11562784	-0.15088422	-0.04429807	0.74663957	0.04170965
1.05616804	-0.21397850	-0.30995171	0.35969938	-0.10715539	0.15123852
1.03684814	-0.23313096	-0.17478275	-0.17054448	-0.49912510	-0.20434629
1.30932481	-0.32832331	-0.18436855	0.20566728	0.01470090	-0.11829428
1.30223345	-0.18315163	-0.14705665	0.02006111	-0.26274467	-0.26367781
1.27166126	-0.33024857	-0.16844757	0.09774900	-0.69082794	-0.56601191
1.33583139	-0.20834788	-0.30901735	0.08733215	-0.17406533	-0.30681729
1.32460599	-0.18773845	-0.34956317	-0.02871273	-0.06583928	-0.55362851
1.26833691	-0.28358937	-0.17210341	-0.93191695	0.02130440	-0.46379129
0.73494853	-0.42748464	-0.13504513	-1.03626892	-0.78173987	-0.37625443
0.77566676	-0.62091194	-0.16230729	-0.47704912	-0.77046578	-0.18296807
0.96564061	-0.72907673	-0.29185633	-0.17042088	-0.46350277	-0.67145378
1.25069807	-0.72163929	-0.30251827	0.23292868	0.45339241	-0.81384759
1.39250966	-0.59960996	-0.19201132	0.45363853	1.29003049	-0.43519035
1.33553825	-0.56146086	-0.15539405	0.00219180	0.75464194	-0.69037453
1.24604287	-0.19712023	-0.23912143	-0.29455102	0.66614493	-0.25074849
1.21838104	-0.15031243	-0.09806084	-0.04827931	0.42163840	0.23808988
0.96552838	-0.18664516	-0.14300459	-0.62905161	0.37874785	0.09604419
0.82758667	-0.28448347	-0.11388701	-0.30986917	0.97044333	0.07885735
1.02050902	-0.26649560	-0.03157423	-0.04915534	1.10707413	0.31359506
0.93500245	-0.28202002	-0.16350848	-0.04905710	0.88282909	0.09939334
0.74704282	-0.14752672	-0.02904964	-0.02412640	1.50082011	0.26068913
0.79753503	-0.25997957	0.02400620	-0.10125635	0.63220175	-0.11214316
0.65532899	-0.24868151	0.05010484	-0.00717880	0.46877091	0.25708288
0.69513550	-0.20254412	0.15387057	-0.28262320	-0.16678515	0.29892525
0.81016306	-0.26180122	0.07439683	-0.16148432	-0.11291360	0.18423408
0.90530573	-0.12033293	0.04857732	-0.05631803	0.16169965	-0.02119570
0.81885139	-0.09616747	-0.03501151	0.41527853	-0.38666848	0.02400338
