0.66435047	-0.47171872	-0.06131556	0.16149613	0.52229523	-0.13033445
0.63911669	-0.46722088	0.05349791	-0.14988462	-0.77169437	0.00269229
0.81009743	-0.21656993	-0.08228804	-0.30077740	-0.71047792	-0.04101766
0.88157573	-0.42113514	-0.23078196	-0.78961720	-0.85892778	0.16351481
1.01878264	-0.50747435	-0.29756283	-0.77617975	-0.21543523	0.06629664
1.06456858	-0.63412761	-0.18553500	-0.09123180	0.21535986	0.26209119
0.82415702	-0.35007947	-0.10902085	-0.28186045	-0.49657042	-0.18831633
0.91271011	-0.37646383	-0.04369096	0.24904548	-0.86186335	-0.19587991
0.50297927	-0.41570843	-0.13778367	-0.04986898	-0.92210259	-0.28916866
0.70806352	-0.29346635	-0.18381077	-0.02059210	-0.89355390	-0.29841983
0.85747336	-0.30302557	-0.32941661	0.36619362	-0.39447555	-0.03197504
0.99527035	-0.01840339	-0.23519684	0.48007870	-0.31629808	0.20997177
1.07637159	-0.16780371	-0.15634472	0.17785812	0.23511073	-0.07497752
1.06668453	-0.15234025	0.01604768	-0.17223263	0.17841658	0.13741146
0.84035500	-0.19337859	-0.08036908	0.36250587	-0.18898543	0.32326820
0.93914691	-0.28743708	-0.05929995	0.32768367	-0.32696047	0.32395510
1.05911670	-0.08448944	-0.08393450	0.05868863	0.05058144	0.71628112
1.10635269	-0.14467449	-0.15413022	0.36183833	-0.70110764	0.37176503
0.80787344	-0.20040931	-0.19053260	0.08286912	0.12211660	0.49035725
0.81573324	-0.08773913	-0.19580930	0.55534836	0.10414397	0.27165153
1.03320748	-0.08140609	-0.26558060	0.50630097	0.17022859	0.11665020
1.20308160	-0.22924634	-0.18288677	0.66755575	0.11712472	0.05793151
1.17872196	-0.24527246	-0.21438419	0.34546351	0.03292236	-0.50091064
1.31663764	-0.00265992	-0.06153629	-0.26033239	-0.24849373	-0.06937142
1.43713127	0.11770435	-0.08584134	-0.02722009	-1.44042059	-0.11026331
1.02755112	0.05694973	-0.20487154	0.40866783	-0.71891506	0.15578200
1.26544639	-0.12826570	-0.21419047	-0.24837922	0.36037838	-0.07911409
0.98174689	-0.33747890	-0.13440093	-0.68652425	-0.48632718	-0.20923597
1.19230805	-0.32303528	-0.12080862	-1.66254392	-0.87510207	-0.28162142
1.05956172	-0.40759835	-0.17950490	-0.71656693	-1.50499913	-0.21586733
0.88638319	-0.79460399	-0.34879674	-0.31084795	-0.52255863	-0.38115840
0.92157428	-0.86889708	-0.32854997	0.47816970	0.41953226	-0.66020327
1.37813636	-0.58501033	-0.29139119	1.05408063	0.32127195	-0.87314037
1.33272333	-0.44534758	-0.10214472	0.22151470	1.05759369	-0.59298054
1.14380748	-0.25483456	-0.13496897	0.12673172	1.25723777	-0.27663639
1.13692710	-0.27324428	-0.05484766	-0.21652052	0.40648311	-0.03223005
0.78395123	0.10039668	-0.06712023	-0.56090298	1.22739870	0.27535198
0.91477502	0.06239096	-0.01316003	-0.49919150	0.92954694	0.26909886
0.90204902	-0.10760848	-0.06705367	-0.44738229	1.08312641	0.37575339
0.78851838	-0.27413449	-0.18964636	-0.37312802	0.68818206	0.43697239
0.77579274	-0.13736116	0.01492392	-0.66679210	0.97911954	0.20485419
0.83647880	-0.17553123	0.07315623	-0.12244663	0.51227646	0.33202551
0.81571951	-0.16102577	0.07703061	0.19658074	0.03169147	-0.02321688
0.80521802	-0.22688095	0.20135976	0.14424810	0.19972074	-0.00759301
0.51261567	-0.18251527	0.08665028	-0.04585218	0.15936153	0.05779492
0.72411925	-0.10768069	-0.00962898	0.16563934	-0.01698666	0.23148622
0.88977738	-0.13861420	0.07930350	0.23908033	-0.07896894	0.03033434
0.80095224	-0.14587513	0.11558929	0.05006968	-0.66561169	0.03048372
0.74839044	-0.16673949	0.12917550	-0.11546719	-1.06907450	-0.12459445
1.12562300	-0.30518471	-0.02504223	0.28063941	-0.30426467	-0.13954695
1.35157441	-0.32702534	0.02182732	-0.04400929	-0.29918956	-0.18009245
1.50399668	-0.18676537	-0.17840654	0.26856070	-0.30607502	0.09713416
1.30227548	0.18374439	0.01317818	0.31640038	0.13184848	-0.30126271
1.23057381	0.09031904	0.21366514	-0.18056970	0.21908057	0.00576086
1.21599914	-0.06809644	0.24252794	-0.05222345	0.04650925	0.05445617
1.42579079	-0.27695077	-0.00244528	0.18243805	0.63962757	0.13758794
1.30407936	-0.93251832	-0.30172630	0.51259454	1.20920488	0.30985134
1.18975123	-1.04959197	-0.22932918	0.69096543	0.92403757	0.08765608
0.92455427	-0.67237716	-0.08388195	0.02179941	0.30005176	-0.03950332
0.75330290	-0.22866434	-0.07655762	0.20061401	-1.86749448	0.00829694
0.91835700	-0.27985103	-0.13954944	0.12617240	-1.07387086	-0.23972937
1.27307562	-0.32851370	-0.22325333	-0.46268552	-0.27474553	0.15906847
1.02929160	-0.31506187	-0.27746130	-0.84802957	-0.28183478	0.35222946
1.11793314	-0.46817285	-0.08253509	-0.55548795	-0.17304289	0.22932737
0.75776750	-0.59373908	-0.16231975	-0.28725971	-0.32886091	0.20296771
0.61176258	-0.55840454	-0.14666775	0.51886439	-0.63716866	-0.07372912
0.61765053	-0.48315439	-0.22184602	0.54626325	-0.83984824	-0.15978419
0.81575339	-0.36807455	-0.16144843	0.15663097	-1.18797825	-0.16876663
0.95767711	-0.28120151	-0.15771543	0.13541803	-1.42875689	-0.12724876
0.99661877	-0.23151756	-0.30332942	0.49433344	-0.02890051	0.15073567
1.13801389	-0.37753097	-0.30412270	0.39008863	0.23945528	-0.09371519
0.98469228	-0.19196118	-0.16203146	0.83555895	0.28041995	0.16442093
1.08803290	-0.17658979	-0.05007691	0.23438765	0.52696382	0.27563205
0.82668728	-0.03577933	-0.00344586	0.36387716	-0.15238144	0.25279520
1.12299475	-0.20716939	-0.10129127	0.16380841	-0.42413150	0.06437721
1.20083103	-0.21912247	-0.09837150	0.17956716	0.28019879	0.32339899
0.91397315	-0.30838045	-0.19026347	0.45180058	0.17076411	0.35260535
1.01266987	-0.15450330	-0.14960883	0.71172010	0.48445828	0.02201086
0.95881799	-0.22847023	-0.30730415	0.71609886	-0.16181289	0.22738209
0.95502088	-0.32860376	-0.12773386	0.39910376	-0.09556051	-0.00218999
1.16150127	-0.15513507	-0.13621903	0.52799698	-0.32201371	-0.30270951
0.97086052	-0.19650109	-0.06693618	0.20351347	-1.78826460	-0.30943451
1.14134926	-0.04026921	-0.30290572	0.22267940	-1.23103148	-0.29204228
1.17946053	-0.19048077	-0.29982044	0.04946113	-0.31295205	-0.13676845
1.22032120	-0.20025250	-0.23881208	-1.04903609	-0.18932262	-0.22993653
1.02658307	-0.56620840	-0.14993698	-0.83593686	-0.41430969	-0.09725805
0.88271131	-0.69224445	-0.08469314	-1.15942054	-0.42494185	-0.18175897
0.87086550	-0.52549628	-0.19949464	-1.00517242	-0.93233862	-0.36486494
1.06283504	-0.90507697	-0.35494746	-0.63914417	-0.50052642	-0.70691226
1.38852970	-0.79363231	-0.31722912	0.30044009	0.21910031	-0.82389638
1.40372414	-0.52970171	-0.23838773	0.71608943	0.40254885	-0.73701968
1.41766691	-0.62652524	-0.22321394	1.07864519	1.67875510	-0.76762159
1.20736766	-0.30997861	-0.11771939	0.09968416	1.25036679	-0.29852656
0.61208466	0.11014550	-0.12298954	0.11842436	0.96448218	0.14043648
0.91919484	0.00806794	-0.07648691	-0.41676434	0.86200644	0.30354138
0.84414008	-0.23456905	-0.03613498	-0.51740197	0.35495059	0.46122926
0.79346878	-0.23594716	-0.14055835	-0.18078092	1.45464906	0.29761184
0.90104672	-0.23154038	-0.12351836	-0.73957426	1.65646148	0.28064968
0.82492009	-0.31101165	0.04075597	-0.02027652	1.14488267	0.06186074
0.70396641	-0.38411420	0.13340558	-0.35994325	1.07547612	0.01679522
0.70381087	-0.28611174	0.07280464	-0.19107757	0.47189969	0.15205690
0.69672096	-0.01335439	0.15799322	-0.30016246	-0.33770478	0.18825075
0.77365973	-0.10857357	0.09521358	0.06888044	-0.12008277	0.22639774
0.92705619	-0.03661332	0.05138211	-0.01379640	0.37333422	0.57979498
0.74218469	-0.07499053	-0.09079761	0.26967593	0.37157479	0.20815082
0.84961154	-0.12428751	0.10401876	-0.00302098	-0.05203720	0.07292227
1.05677728	-0.08534599	-0.05206553	-0.22497594	-1.20121184	-0.08681688
1.23762013	-0.24914428	0.04321606	-0.12328191	-0.16230102	-0.19122404
1.12265206	-0.39637390	0.06993871	-0.18755663	-0.03628646	-0.33167828
1.21383075	0.24413603	0.14243737	-0.08567577	0.42124993	-0.24824227
1.21371690	-0.09290355	0.16290125	0.17876366	0.16520281	0.03907775
1.34798437	0.08201598	0.21826547	-0.39365359	0.31100517	0.16554114
1.52668177	-0.26585698	0.11352259	-0.09447856	0.03003634	0.17913408
1.61880362	-0.65027605	-0.15318307	0.07061018	0.79003987	0.40945472
1.25045848	-0.67863395	-0.13466280	0.59945204	1.79380603	0.16239334
0.74108391	-0.57684423	0.10515364	0.12607168	-0.21206535	-0.34383379
0.56708883	-0.36421242	0.02012396	0.06799897	-1.38344155	0.18769336
0.73438326	-0.07924209	-0.08799017	-0.48972328	-0.88349864	0.39361242
1.08353359	-0.26712245	-0.49868912	-0.68225232	-0.01114901	0.42713588
1.17074480	-0.33505601	-0.43944131	-0.62059647	0.13269196	0.19608983
1.04533558	-0.41411438	-0.21287517	-0.23165323	-0.16690647	0.27957266
0.69491600	-0.57197573	-0.01829371	-0.00386860	-0.95504465	-0.17381754
0.61978324	-0.54451490	-0.04658631	0.42996370	-1.02483799	0.04889434
0.85813867	-0.29375414	-0.06522227	0.46936316	-1.14973916	-0.04950891
0.72230027	-0.37610127	-0.20867165	0.35307676	-1.27615389	-0.09591560
0.81327233	-0.09859301	-0.14062523	0.12733647	-0.43490914	0.23687895
1.06502609	-0.36777008	-0.17491619	0.58513802	-0.34496641	-0.11850308
1.16156618	-0.00534063	-0.19982372	0.38879474	-0.07284600	-0.16336934
