0.98035446	-0.84551661	-0.30286802	-0.02266513	0.22772066	-1.07148726
1.32227351	-1.03497151	-0.38837210	0.57893228	0.69028061	-1.07792553
1.16003383	-0.72646495	-0.14079320	0.50400193	1.34795016	-1.17736362
1.03475263	-0.38687030	-0.30226784	0.53917083	0.64974512	-0.76974930
1.03923072	-0.07734400	-0.10895012	-0.11333003	1.08072979	0.08819829
1.14773005	0.02251008	-0.25811967	-0.39103498	1.17789546	0.51918631
0.65194479	0.08914971	-0.11948772	-1.01853202	1.66390707	0.65650509
0.74218567	-0.21950282	-0.20112358	-0.47478151	1.90834603	0.43781252
0.69155532	-0.33623556	-0.09851598	-0.47960916	2.01824617	0.25985331
0.91537472	-0.29100362	-0.08195012	-0.73130633	1.04475862	0.02951585
0.72027155	-0.38713024	0.04324738	-0.54519477	1.41345761	-0.25159206
0.34993702	-0.30809498	0.08238276	-0.60496607	0.53833264	-0.13520646
0.66465835	-0.40587764	0.03790692	-0.26183263	0.06371509	0.11028368
0.84948051	-0.17130371	0.09663691	0.37984374	0.31434730	0.10500899
0.43601162	-0.28676086	0.08959127	0.26090280	0.28308200	0.31182214
0.74121027	-0.21380223	0.00103544	0.61019912	0.07870952	0.18856820
0.79930527	-0.05091070	-0.06311372	0.17143323	-0.50101262	0.25973339
0.89516575	-0.27135878	-0.00096236	-0.08521872	-0.76910955	-0.14871504
0.91505028	-0.34783294	0.15852104	0.31636176	-1.34191023	-0.01271436
1.11886286	-0.24098900	0.08401412	-0.39810011	-0.59407064	-0.18362047
1.42930643	-0.20868384	-0.14477928	0.12590907	-0.31964002	-0.15421618
1.63976836	-0.06313403	-0.07288311	-0.14366664	1.16372963	-0.10615217
1.39747275	-0.01788882	0.08472264	-0.33148266	0.87596128	-0.20773250
1.70026326	-0.24819846	0.07644142	-0.68532182	0.64300689	0.62825077
1.40485321	-0.53169752	-0.08349739	0.61539675	-0.02687553	0.58927403
1.37265277	-0.69684380	-0.21732689	0.72162217	1.10057943	0.34534990
0.97838841	-0.72508726	-0.03864634	1.28083655	2.49172648	-0.34872709
0.19372523	-0.40748229	0.23026252	1.14437649	0.74197335	-0.44627502
0.23239055	-0.29960609	0.13461294	0.39887357	-1.96654418	-0.10355649
0.42639299	-0.29241024	-0.04393927	-0.22934458	-1.83368723	0.52043676
0.97096184	-0.09544938	-0.11876003	-1.38622804	-0.88178242	0.21890400
1.03747806	-0.27630265	-0.54119681	-0.63365177	-0.11224058	0.52765225
1.20669675	-0.51769079	-0.26352665	-0.21853517	0.49948915	0.19969418
0.90273663	-0.55295928	-0.15078161	0.24833281	-0.60580378	-0.14770737
0.53465541	-0.42434011	-0.06797893	-0.12575186	-0.84301451	-0.17860147
0.46845575	-0.41253443	0.04334570	0.42142192	-1.52499318	-0.05246746
0.57746293	-0.44334481	-0.00868726	0.53244481	-2.21824373	-0.57132141
0.78537545	-0.26424467	-0.09402112	0.52287487	-1.48598621	-0.18848157
1.10952953	-0.15483705	-0.30536559	0.43157548	-0.35456996	-0.37148871
0.92664079	-0.24952028	-0.12403548	0.31265193	0.05318986	-0.20621802
1.17731170	-0.04287743	-0.22239214	0.44479278	-1.34361287	0.02332256
0.94857530	-0.05920614	-0.10716838	0.67793324	-0.33170681	0.58307252
0.88084030	0.00782323	-0.18736405	-0.05683892	-0.08224172	0.26545121
0.95314916	-0.03556476	-0.17506263	-0.01202076	0.00653561	0.59499499
0.99981722	-0.11697348	-0.06917622	-0.21342504	0.34766219	0.46287590
0.96351511	-0.27225572	-0.29492201	0.30841561	0.99021086	0.17206963
0.91691828	-0.30606860	-0.32746272	0.25000880	0.34727136	0.25726905
0.91385536	-0.22667064	-0.22756500	0.29086814	0.42066077	0.23165706
1.05144406	-0.24566979	-0.18252145	0.33960076	-0.40392382	-0.01978037
1.25708379	-0.13291525	-0.02972785	-0.39101233	-0.13758114	-0.50078015
1.23609486	-0.12376628	-0.00188926	0.22641669	-1.29111167	-0.71376273
1.27321834	-0.22277936	-0.17125683	0.10842894	-1.16344482	-0.15992172
1.59641419	-0.11573413	-0.34434379	-0.53140959	-0.37440008	-0.19628553
1.27640520	-0.29677492	-0.36262808	-0.60610112	-0.87967385	-0.27770712
1.20330978	-0.36387158	-0.27887662	-1.09581295	-1.13234906	-0.14758270
0.91421303	-0.25720597	-0.27196053	-0.84235973	-0.44180651	-0.23221610
0.70230307	-0.63256487	-0.26926682	-0.42076574	-0.09694311	-0.12678141
1.02797620	-0.72819713	-0.43923856	0.21635784	0.82997807	-0.38094337
0.82574956	-0.67100845	-0.17942927	0.44226116	1.75619294	-0.86485718
1.00093407	-0.85770200	-0.05299268	0.80186295	0.53342058	-0.80229243
0.91977662	-0.37640393	-0.01350499	0.35632740	0.72821252	-0.46538556
1.27942818	-0.14020136	-0.18592534	0.06585372	-0.53720235	0.18849018
1.15811786	-0.12563851	-0.21665160	-0.44971716	0.61420254	0.15283603
1.09675963	-0.08543108	-0.24499522	-0.89439220	0.73329734	0.24794759
1.03703376	-0.32423057	-0.05352931	-0.28873226	1.64130714	0.30230616
0.89863957	-0.30519982	-0.13857727	-0.32110594	2.04564916	0.45967044
0.61677417	-0.35024203	0.04051147	-0.26940941	1.07160021	0.48224576
0.64797105	-0.18256909	-0.05525382	-0.58365024	2.09200885	0.09427413
0.70359914	-0.17343758	0.09849248	-0.34665075	1.51860092	0.38418650
0.67123612	-0.26750377	-0.01152137	-0.02250862	-0.70167183	0.30860068
0.87017448	-0.12179360	0.00200590	0.10605427	0.25895706	0.41896455
0.91305431	-0.26200266	0.05359846	0.19179367	0.92198531	0.35774094
0.78210735	-0.21874590	0.00045065	0.21764208	0.22950013	0.36576217
0.83008403	0.02429854	0.07837152	0.26450740	-0.08993568	0.15732449
0.85682677	-0.14930072	0.00639643	-0.16238208	-0.91605997	0.29503711
1.03532409	-0.34878832	0.12028246	0.25115319	-1.01847284	-0.02327598
1.05994614	-0.38412382	0.05623788	-0.20618755	-0.09073610	0.07139081
1.16873456	-0.31081138	-0.03986871	-0.11292253	-0.05422026	-0.26628315
1.44867938	-0.19107595	0.00856745	-0.33003528	0.58227005	0.02325710
1.13283225	-0.06082767	0.03069504	-0.07342937	1.00159970	-0.34805149
1.34853932	-0.31747327	0.17995904	-0.06267109	-0.66041157	-0.37826136
1.64933206	-0.47524943	-0.27467861	0.21229386	-0.97527130	0.19717768
1.65577271	-0.80557337	-0.23859166	0.29059561	-0.10792920	0.63178317
0.97155435	-0.63310281	-0.25874074	0.78845762	1.64128920	0.17012970
0.92428602	-0.38463434	0.08653487	0.82772979	1.06381834	-0.08441810
0.27498542	0.09079895	0.13356780	-0.09927757	-1.53205018	-0.12671502
0.60464917	-0.09902956	-0.10448489	-0.35338729	-1.34039671	-0.09437977
1.12878485	-0.24450314	-0.37251019	-0.73708374	-1.22135753	-0.05463655
1.13501143	-0.36029342	-0.55786910	-1.22364892	0.33066101	0.36256862
1.03703608	-0.63798946	-0.35936465	-0.65440703	0.32760665	0.15998930
1.06031718	-0.61296165	-0.15393800	-0.23324256	0.16747606	0.44278124
0.44004227	-0.59987893	-0.24643236	-0.14473171	-0.18310943	0.13295333
0.39132175	-0.37900068	0.28386547	0.32381424	-1.53966723	-0.12384275
0.43390417	-0.37641238	0.14449489	0.55823965	-2.80771779	-0.17181973
0.93875721	-0.19658598	-0.11956361	0.35689618	-1.25209081	-0.12027370
0.98265922	-0.26758064	-0.28176011	0.54684411	-0.47185801	-0.22450025
1.17047186	-0.21152780	-0.42857330	0.36010071	-0.82535869	0.06490006
1.09857631	-0.06212862	-0.20878079	0.18471398	0.17463371	0.28622118
1.08921561	0.03054943	-0.30904542	0.11379693	-0.17655331	0.34663222
0.67295275	-0.14891568	-0.25147646	0.36470466	-0.58707278	0.52435141
0.75530153	-0.05651153	-0.15396876	0.06981971	-0.51763920	0.38938256
1.04177231	-0.23294846	-0.18410372	0.07073906	-0.25936262	0.20213631
0.91071533	-0.18520223	-0.18404773	0.23387325	0.56309293	0.51435556
0.96414785	-0.25098624	-0.16901440	0.00929428	0.13093456	0.44389372
0.91854672	-0.03662326	-0.21245364	0.87813710	-0.19884946	0.29390678
1.03204835	-0.20053733	-0.06576680	0.00695606	1.27864610	0.01588641
1.20671117	-0.16543030	-0.11399138	-0.00015945	-0.09015958	-0.09657056
1.16681376	-0.25168302	-0.22717994	-0.25166174	-0.83136873	-0.33972885
1.01326406	-0.24911940	-0.02166752	0.05839056	-1.48780900	-0.81841329
1.27808939	-0.28314141	-0.16045204	0.23551157	-0.73164239	-0.40123772
1.07812942	-0.33728637	-0.22683826	0.09346393	-0.17350903	-0.54639990
0.87559113	-0.56582486	-0.30130672	-0.42766006	-0.04003141	-0.48614541
0.85337422	-0.40767075	-0.18981641	-0.84907100	-0.72578418	-0.51412256
0.77573431	-0.28586187	-0.17484165	-1.41014829	-1.91435946	-1.06015696
1.02823215	-0.57842499	-0.33771585	-0.16720847	-0.18292502	-0.64397405
0.80461247	-0.68232750	-0.41357798	0.28396288	-0.94440675	-0.71761983
1.12203340	-0.93346138	-0.39564178	1.39518137	0.61475987	-1.05271013
1.43448677	-0.70461421	-0.32115159	1.20481569	0.74264763	-1.22956103
1.30012966	-0.60307979	-0.06777508	0.80313499	0.20855346	-0.44770500
0.99708652	-0.09766326	-0.17848595	-0.11318479	1.55670703	0.01386081
1.04790022	-0.09092460	-0.13811762	-0.91218145	0.76443272	0.18529730
0.90703882	0.05738451	-0.21949455	-0.74116291	0.86474043	0.30754526
1.04157962	-0.22933109	-0.10234384	-0.73523465	0.93017825	0.82040937
0.78773128	-0.25332564	-0.18183378	-0.49980152	1.21611445	0.03589132
0.65310108	-0.19077052	0.00395763	-0.19186983	1.87951981	0.05670865
0.74900346	-0.12963850	0.03171790	-0.42198148	0.70658963	0.39945198
0.43411667	-0.26883625	0.05757158	-0.18819294	0.93600730	-0.20729053
0.95248613	-0.14519860	0.12754426	-0.07974090	0.35331631	0.54652880
