1.00647363	-0.08311940	-0.28436489	-0.14310252	0.65796840	-0.32689958
1.08773102	0.08287376	-0.22173339	-1.06836914	0.73763109	0.08005570
0.90123503	-0.00167620	-0.19118833	-0.96063660	0.28173027	0.30396586
0.82018475	-0.23689864	-0.33737846	-1.08781544	0.40473332	-0.35591782
1.27013840	-0.52014863	-0.52493842	-0.77329974	0.18871549	0.30417972
1.05941338	-1.04434132	-0.28286450	-1.07173940	0.38985040	-0.45397224
0.95677417	-0.94545649	-0.17355606	0.26423238	1.03616604	-1.46510014
1.05004178	-0.88673074	-0.02000439	0.32425282	0.93991230	-1.74587281
1.28441835	-0.75452943	-0.01608174	0.61463542	0.58499156	-1.06917155
1.22881274	-0.52184527	-0.16709875	-0.11711007	0.93365823	-0.86539202
1.38660788	-0.17931275	0.02278248	-0.62670182	0.51739826	-0.75246440
1.40817335	-0.07996075	-0.00577197	-1.58291022	0.02758522	0.04248354
1.47520685	-0.01291075	-0.07830747	-1.77066681	0.38932018	0.05915178
1.49349076	-0.34933517	-0.02500089	-1.27282453	0.40764236	0.37495485
1.50143522	-0.42438412	-0.14176543	-0.77753639	1.40326255	0.54541881
0.79722177	-0.59177545	-0.17047557	-1.17969125	1.12152509	0.44449421
0.98036020	-0.39603005	0.05040381	-0.79023976	0.85316496	0.15271448
1.09249740	-0.28582603	-0.05352487	-1.37200379	0.75014807	-0.29693068
0.53302719	-0.08318324	0.14677264	-1.76011402	0.48244040	0.37059716
0.76117887	-0.16769158	-0.04475767	-1.04962858	0.60516336	-0.10428243
1.03300230	-0.40875357	-0.04384666	-0.84371532	1.00914672	-0.52855067
0.88050986	-0.25984235	-0.02813695	-0.69247296	0.94740379	-0.01563640
0.69729386	-0.37685114	-0.07850035	-0.71895556	1.39152141	0.27530436
0.63853915	-0.27042954	-0.03768669	-1.02913064	-0.03459101	-0.12093021
0.50469934	-0.19191449	0.08109634	-0.57636965	-0.42483505	0.10580485
1.00339978	-0.11251606	0.04393026	-0.51841444	-0.59252029	-0.11891863
1.16643016	-0.29888526	0.07476575	-0.79638402	-1.10200408	-0.04645828
1.07728311	-0.30980775	0.05257609	-0.17974870	-0.12709828	-0.48263691
0.96340090	-0.16525262	0.18654895	-0.21070565	-0.87405332	-0.07621679
0.80152716	-0.21476747	0.10264926	-0.19945441	-0.84027236	0.01723725
1.31480560	-0.56113172	0.00439306	-0.05357874	-0.90915484	0.18552375
1.26092178	-0.58734844	-0.01581178	0.10200660	-0.10137574	0.45039193
1.16281312	-0.64803012	-0.39432627	0.01149354	-0.15440021	-0.47658724
1.32044221	-0.30153748	-0.32573022	-0.21131475	0.33474457	-0.56200169
1.20045533	-0.13359344	-0.23202931	-0.70243418	0.55088069	-0.09527714
0.85250600	-0.11916817	-0.01531220	-0.69344885	0.19224507	-0.18695996
1.13221740	-0.19191215	-0.19675862	-1.24664224	-0.09727099	0.71059459
1.37302317	-0.49931940	-0.25100331	-1.57798699	-0.24187059	0.71478527
0.96264595	-0.84223151	-0.05340561	-0.65548199	-0.29700319	0.24398573
0.68287027	-0.62316310	-0.06371031	-0.32276202	-0.45980668	-0.05518738
0.69819276	-0.53769473	-0.09932839	0.08316462	-1.38975752	-0.31371833
0.62593639	-0.37682031	-0.12963253	-0.14891591	-1.29188149	-0.47368618
0.67022565	-0.37597523	-0.22904231	-0.58654377	-0.70001522	-0.41344773
0.67388667	-0.01627313	-0.20390821	-0.58668764	-0.86019563	0.08454997
0.82481944	-0.04551659	-0.17580006	0.04684222	-0.22266631	0.33928576
0.55525174	-0.37192828	-0.07442610	-1.05003134	-0.32906651	0.56003193
0.90420389	-0.29020972	-0.14490178	-0.58272445	-0.35397751	0.61654485
0.82126800	-0.16277672	-0.25942358	-0.55140031	0.26032912	0.55566405
1.07100572	-0.25877026	-0.16678281	0.18849414	0.07016281	-0.20363696
0.86762923	-0.17210349	-0.23232697	-0.72270222	0.71403263	0.03229958
1.00420545	-0.26604397	-0.12022659	-0.12561092	0.38288081	-0.12612262
0.71153655	-0.27883380	-0.01590001	0.16583549	0.07724083	-0.25465859
0.79530135	-0.08282816	-0.06706977	-0.35922213	0.20542045	0.27768745
0.66898876	0.10384759	-0.14083174	0.21667553	0.01530769	-0.01427078
0.68096455	-0.29801333	-0.14512197	0.37334953	0.97435820	0.09483280
0.81177659	-0.00504168	-0.09493706	0.71823024	0.33586925	-0.10791917
1.02236454	-0.34848266	-0.18046011	0.05974424	0.17305199	-0.42067114
0.87966758	-0.14908517	0.00212695	1.37366301	0.09077789	-0.63508747
0.72061762	-0.22062447	-0.13232452	0.43852106	0.87224262	-0.63147413
0.36574507	-0.15641060	-0.25487131	0.33223856	0.67755134	-0.32544384
0.74281959	-0.24436539	-0.16757122	0.01824900	-0.19645444	-0.52460532
0.96804718	-0.59638060	-0.07039496	0.55700540	0.49849678	-1.11469167
1.26090855	-0.73256454	-0.01087772	0.20771531	0.39855855	-1.60474457
1.37194653	-0.65286134	-0.11449512	0.95445590	0.32911781	-0.67786365
1.68516096	-0.45300166	-0.00009101	0.78371338	0.19599378	-1.09743227
1.57376709	0.02667580	-0.11399272	0.57443291	0.09508034	-0.70419465
1.48634242	-0.29023786	-0.03394596	0.24238658	-1.03594193	-0.34428611
1.51373326	-0.37670594	0.09213897	0.21387679	-0.97851224	-0.25380121
1.44824648	-0.36156198	0.02498590	0.53965886	-0.17138568	0.10417586
1.56680836	-0.40999963	-0.15548930	0.56004455	0.77768127	-0.38330038
1.64631145	-0.33216096	0.06210430	0.09956871	0.66363693	-0.35184438
1.12418308	-0.29018008	0.01174415	0.31931823	0.07914366	-0.47997853
0.46271842	-0.12383128	0.04875248	0.55372211	-0.93441270	0.60963852
0.38992424	-0.01319933	0.09377144	-0.04029450	-0.41036838	0.17735954
0.54337906	-0.14171971	0.01140309	-0.03906877	-0.63473099	0.47099573
1.06872007	-0.03873436	-0.01191502	-0.22059436	-0.21995517	0.67532874
0.67732203	-0.05473395	-0.00619975	0.24780145	-0.22514434	0.19474321
0.43223934	-0.07122535	0.04197423	-0.04559809	-0.51116565	-0.31356132
0.55040570	-0.19015949	0.15150636	0.24960900	-0.30819290	0.31922079
0.69718634	-0.31217893	-0.03650121	0.49987173	-1.35633815	0.46930712
0.76627637	-0.31538422	-0.05940950	0.02807559	-2.01651130	0.26416155
0.96997676	-0.26946867	-0.19029966	0.02299813	-1.51168150	-0.16392317
0.75078050	-0.28592643	-0.26130474	0.89039935	-0.64193581	0.03833600
0.97741428	-0.31629997	0.00782841	0.72922745	0.20531475	0.48808796
0.95968055	-0.52539209	0.06286192	0.62443477	-0.11583160	0.24256400
0.81707333	-0.39685398	0.09586841	0.58430612	-0.49751541	-0.24174030
1.29132991	-0.36255649	-0.02849489	1.32515019	-0.25228383	0.06204457
0.88083538	-0.58302714	-0.15920749	1.02805693	0.45492288	-0.70068531
1.41014795	-0.56486520	-0.43988446	0.35884405	0.37958088	-1.02084544
1.20216299	-0.24159348	-0.33981391	0.69595205	0.68204333	-1.40784242
1.68257942	-0.20037725	-0.30427121	0.76539642	-0.28162983	-0.57650593
1.75984762	-0.18369740	-0.30775372	0.86774655	-0.65320720	-0.33911799
1.69365741	-0.01379704	-0.40050606	1.06063660	0.23030912	0.04373192
1.55791640	-0.18065808	-0.38001895	0.74927304	0.40997308	0.25216850
1.32404558	-0.17190942	-0.23215297	0.65379963	-0.02212548	-0.28600787
1.02059863	0.11435174	-0.10303066	-0.47224563	-0.98160097	0.08142574
1.16302938	-0.10829811	-0.15102821	-0.00941636	-0.62237889	0.18148868
1.34114186	-0.04753361	-0.27226905	-0.32124248	-1.01964280	0.34372668
1.07251111	-0.34330766	-0.25563163	0.67039707	-0.15066266	0.66293034
0.87695962	-0.14378921	-0.17922246	0.28017533	-0.57398629	0.94762457
0.55086458	-0.24982563	-0.18615228	0.51079949	0.62098350	0.67798004
0.59792296	-0.14866585	-0.12968709	0.97969041	-0.31077570	0.39280913
0.86253688	-0.07441293	-0.21373962	0.64853681	-0.10365694	0.10517039
0.38930709	-0.24947640	-0.17934246	0.80736926	0.07473890	0.01280591
0.56986769	0.02258300	-0.17925606	0.66722438	0.03566836	0.67272132
0.56836409	0.10171616	-0.20897613	0.94333477	0.68513198	-0.02826344
0.67722553	-0.14591037	-0.09163730	0.73783607	1.11772731	-0.21371542
0.54509904	-0.00632573	-0.12412686	0.57999461	0.04405341	-0.09198265
0.48140257	-0.30719484	-0.08301478	-0.06714509	-0.37682812	-0.14995342
0.81042173	-0.20443698	-0.15077853	1.00744483	-0.57252703	0.02676532
0.70244982	-0.13137901	-0.14530761	0.44136899	0.30860362	-0.65747013
1.03663885	-0.31834443	-0.29875006	0.44313354	0.24104602	-0.24526694
0.88115717	-0.42478419	-0.08509510	1.00201103	0.85884526	-0.48576883
1.04991999	-0.56633904	-0.08022162	1.19624606	0.71209972	-1.11890043
1.02474153	-0.59186261	0.07403617	1.39403295	0.49538947	-1.73937081
1.13352604	-0.42320157	0.17151744	1.11466069	-0.35259424	-1.64514006
1.79358838	-0.37702765	0.08016409	0.47335939	-0.86429919	-0.86878518
2.09652049	-0.06922115	-0.01876595	-0.08673817	-0.42471506	-0.17951419
2.08388900	-0.00800301	0.15081170	-0.01551428	0.93801298	0.04755112
1.58144854	-0.52097269	0.16387478	0.57617014	-0.18796102	-0.45558506
1.62221278	-0.20716798	0.15173962	0.61666789	-1.26974082	0.03242383
1.66948158	-0.18129848	-0.05171106	0.66066492	0.15262232	0.33286367
1.48959721	-0.00473844	-0.08131015	1.44928015	0.29041787	0.68109903
0.58454704	0.07455218	0.01437734	0.07919531	0.28300083	0.60559979
0.69574334	-0.07685582	0.02624683	-0.11678213	0.57337759	1.31831102
0.47402442	0.02603804	0.10210091	0.27091466	-0.72300134	0.43859476
0.75325923	-0.07438576	0.17370633	-0.17589193	-0.64997253	0.39013450
0.64550512	-0.23380513	-0.01412379	0.33593499	-0.85646175	0.75866407
