1.12144808	0.08562319	0.09891704	-0.11456618	0.04875066	-0.13099519
1.11572792	0.07807928	0.09313877	-0.06695187	0.08862312	-0.13665872
1.11420294	0.07201622	0.09191764	-0.09622130	0.09918733	-0.12403426
1.11589422	0.07213262	0.09255937	-0.07610600	0.08587204	-0.13147881
1.12244110	0.07659054	0.09013294	-0.08043331	0.12439873	-0.11670474
1.12207201	0.08496826	0.08837576	-0.08894746	0.11042224	-0.14564671
1.11771881	0.10139587	0.08837918	-0.04653610	0.08192211	-0.13028461
1.11771466	0.09951655	0.09803135	-0.07963655	0.12981575	-0.11378852
1.12342659	0.10005598	0.10238401	-0.05615908	0.09695162	-0.15102269
1.12850978	0.09492238	0.10007566	-0.04018775	0.09240661	-0.09645888
1.12102448	0.09783318	0.09313459	-0.04292118	0.09667306	-0.10409299
1.11474331	0.09272304	0.10250935	-0.03791481	0.06438698	-0.10038187
1.11263711	0.09482835	0.09842301	-0.03454983	0.10828371	-0.09131977
1.11139376	0.10584780	0.10137048	-0.03524892	0.12727398	-0.06064393
1.11965175	0.10540206	0.09836545	-0.01832383	0.07560500	-0.10380823
1.12500662	0.11257212	0.09823422	-0.01885676	0.06366116	-0.11031016
1.11947660	0.10447812	0.10232792	-0.02132181	0.08265327	-0.07869655
1.12123737	0.11122781	0.10523138	-0.03085609	0.04573363	-0.09999932
1.12203750	0.11484658	0.10352048	-0.06068120	0.05201810	-0.08950534
1.11539900	0.11015263	0.10047392	-0.02929377	0.01993778	-0.07966305
1.10934141	0.11986521	0.09771672	-0.02247529	0.04184262	-0.07093982
1.10646047	0.11827617	0.10104151	-0.04299303	0.02977829	-0.05915612
1.10472511	0.10663025	0.09674212	-0.03039440	0.06365190	-0.05141595
1.10545618	0.09972995	0.10908865	-0.03310254	0.03160639	-0.07228444
1.10226835	0.10343045	0.10719572	-0.03499684	0.02836695	-0.07624594
1.11729580	0.09970955	0.10044369	-0.04620645	0.06302291	-0.04849199
1.12783994	0.09576878	0.09286667	-0.05205204	0.02930509	-0.02535804
1.12021493	0.10121016	0.08745697	-0.06729651	0.01137439	-0.02431813
1.11467396	0.09790367	0.08933934	-0.06570328	0.03740155	-0.04998079
1.12103218	0.10180916	0.09136470	-0.06969012	0.01699017	-0.02517243
1.12266042	0.09492615	0.08804317	-0.06616800	0.02868708	-0.02302727
1.11517082	0.10108415	0.08875582	-0.08918435	0.02731705	-0.03824362
1.11902382	0.11009757	0.09185925	-0.10218998	0.00920539	-0.04346428
1.11422952	0.10128407	0.09177674	-0.10057894	0.08275662	-0.03046790
1.11317563	0.09929197	0.08660488	-0.11870582	0.03613392	-0.04961736
1.11523499	0.09879546	0.09203133	-0.08969565	0.04207672	-0.05626623
1.11107538	0.10731725	0.08976418	-0.09406441	0.04971364	-0.05519547
1.10859430	0.10349847	0.09593754	-0.11566887	0.05361817	-0.05260482
1.10908405	0.11767588	0.09704806	-0.12057555	0.07319055	-0.06078850
1.11009656	0.11336855	0.10293656	-0.11236708	0.05133129	-0.05373011
1.10942191	0.11548224	0.09834049	-0.08589392	0.04411814	-0.06545698
1.11581969	0.10626781	0.09169910	-0.07302832	0.02891137	-0.08998624
1.12122452	0.09704764	0.09116048	-0.09112222	0.05688123	-0.08504789
1.12390906	0.09275394	0.08428655	-0.10483395	0.02753543	-0.04037133
1.12365271	0.09342314	0.08320084	-0.09967719	0.06341521	-0.05046532
1.12265963	0.09217587	0.07794513	-0.09593489	0.06809111	-0.03825214
1.12139838	0.09364828	0.08865274	-0.08911843	0.06109414	-0.03682738
1.11570223	0.08920823	0.08664530	-0.09976585	0.07459159	-0.05631036
1.11332809	0.08186639	0.08810747	-0.07164901	0.04302153	-0.04786531
1.11179021	0.09259670	0.08754067	-0.07704168	0.03731359	-0.08270089
1.12144549	0.08529745	0.09427746	-0.05673301	0.04726874	-0.03028262
1.11589466	0.07697140	0.08749441	-0.07838284	0.07072533	-0.05159530
1.10881312	0.08953853	0.08451717	-0.06844159	0.05083506	-0.08225957
1.11331543	0.08851910	0.08672647	-0.05390434	0.04288897	-0.06549179
1.11047503	0.09542423	0.09184510	-0.05406342	0.06046998	-0.07287334
1.11527254	0.09579285	0.10035423	-0.04167958	0.05298190	-0.06564467
1.11865776	0.10224537	0.09501294	-0.04740207	0.08542251	-0.06579877
1.11913255	0.09960965	0.10385127	-0.01140703	0.09715551	-0.05973086
1.11896286	0.10141965	0.09675328	-0.03164387	0.08933279	-0.06409708
1.10726822	0.10172803	0.10271850	-0.02080880	0.11303029	-0.02879701
1.11590884	0.10174345	0.09965007	-0.04326625	0.06677558	-0.05233499
1.12015740	0.10820032	0.09697627	-0.03621140	0.07282144	-0.05294293
1.11075165	0.11134916	0.10128891	-0.02714085	0.07203275	-0.06697476
1.10600323	0.10927623	0.11014674	-0.03769692	0.03689605	-0.04885661
1.11422455	0.11449091	0.10361728	-0.00811673	0.03388379	-0.03479431
1.11663665	0.11466152	0.10914311	-0.03403683	0.01952192	-0.02330365
1.11730118	0.10837567	0.11338384	-0.02283564	0.07127450	-0.03919442
1.11734240	0.10880551	0.10081541	-0.04394857	0.03711144	-0.02836646
1.11476439	0.11448017	0.10139034	-0.02200788	0.06755585	-0.00461063
1.11315356	0.11274629	0.10251482	-0.00421297	0.05727698	-0.02099441
1.11264860	0.11527715	0.10515484	0.00346959	0.01588669	-0.01531775
1.11711529	0.11190642	0.10153864	-0.02610647	0.01778153	-0.03495924
1.11407704	0.10274937	0.09522824	-0.04087591	0.06756322	-0.02776075
1.10945837	0.11504885	0.09745028	-0.04146692	0.07336213	-0.02432217
1.10634853	0.11563820	0.10396571	-0.03343698	0.02743314	0.00329303
1.10706042	0.11292251	0.10380890	-0.04748449	0.06387643	0.01741849
1.11458968	0.11056442	0.10029030	-0.03669190	0.01721203	-0.00770379
1.11266315	0.10429432	0.09987778	-0.03735508	0.04562602	-0.00747224
1.10912427	0.10561586	0.10117449	-0.03353936	0.04296299	-0.01607690
1.11154560	0.10535378	0.09932859	-0.04173270	0.05247799	0.00068176
1.10719796	0.11223990	0.09531022	-0.06332801	0.02483442	0.00478355
1.10730740	0.11452576	0.10414653	-0.04121329	0.05214482	-0.02233212
1.11752370	0.10973089	0.10661819	-0.05587366	0.00030673	-0.01263369
1.11458002	0.10987095	0.10054768	-0.04983961	0.02443139	-0.01216933
1.11349707	0.11913703	0.11137814	-0.06441817	0.00998792	-0.02476427
1.11187490	0.11990011	0.10785555	-0.07859771	0.00508108	0.00323581
1.11298461	0.12415145	0.10913529	-0.07981993	0.02136087	0.01555491
1.11350928	0.11206370	0.09921541	-0.06274068	0.02633567	0.02943531
1.11230639	0.11989590	0.10709947	-0.06537320	0.00710635	0.00023736
1.11740896	0.11150310	0.11199515	-0.05166962	0.01304165	0.00771455
1.11197305	0.11320179	0.10949229	-0.04876722	-0.01118020	-0.00058910
1.11524819	0.10641028	0.11425611	-0.08148954	-0.02374150	0.00164108
1.11351868	0.11130910	0.10818394	-0.04947483	-0.00818018	-0.01017108
1.11562811	0.10628646	0.10966393	-0.05210154	-0.01714747	-0.02105881
1.11189988	0.10263616	0.09792812	-0.04954247	-0.00581603	0.00564661
1.11731750	0.09616131	0.09335067	-0.05057180	-0.00790756	-0.01736443
1.11789056	0.09397457	0.09468497	-0.05336244	-0.00379572	-0.02397868
1.12593280	0.10180516	0.10240862	-0.04843326	0.00336427	0.01283817
1.11887507	0.10013525	0.10461688	-0.07073036	0.02834424	-0.01467919
1.11530686	0.10228983	0.09973362	-0.07113683	0.00111207	-0.03247456
1.11960202	0.10437246	0.09142065	-0.05819339	-0.00861298	-0.01118948
1.11550509	0.10370333	0.09595873	-0.03466615	0.00756083	0.00718235
1.11545291	0.09967447	0.09650336	-0.02676272	0.02753389	-0.03456973
1.10994070	0.08826263	0.09094979	-0.01391366	0.03980269	-0.02244384
1.11237606	0.10471609	0.09476462	-0.02625009	0.02613591	0.01213699
1.11706887	0.09854495	0.09344491	-0.03857592	-0.00545499	-0.01283150
1.11674546	0.10058762	0.09424538	-0.03097237	0.05394075	-0.00596860
1.11724963	0.09734830	0.09811996	-0.02599012	0.05439327	-0.03480240
1.11336286	0.10519149	0.10236276	-0.01999012	0.06484609	-0.03364793
1.11594698	0.11205936	0.10640167	-0.01796137	0.05189751	0.00094045
1.11616324	0.11460992	0.10407298	-0.00176845	-0.01225005	-0.00477347
1.11794321	0.11042790	0.10406328	-0.01563680	0.05274188	0.00132967
1.11239493	0.11243906	0.09970491	-0.01113378	0.02131317	-0.01654529
1.11545558	0.10864853	0.09906205	-0.00906543	0.03103390	-0.01202639
1.11275599	0.10789358	0.09970716	-0.01183048	0.02624354	-0.03308324
1.11594098	0.11392797	0.10513600	-0.01749092	0.04250355	0.01840304
1.11871867	0.11007624	0.10642857	-0.02902727	0.02031035	0.01123895
1.12111739	0.12167833	0.10435027	-0.02344348	0.02866924	0.01622623
1.11420695	0.11788078	0.11020613	-0.01798342	-0.01246441	-0.02768136
1.11942667	0.11609322	0.11188661	-0.01450634	0.02172938	-0.00176570
1.11583180	0.10754157	0.10201606	-0.00598022	0.01873101	0.02582580
1.11440027	0.11207178	0.08896355	0.00926796	0.00429308	0.03130557
1.10879913	0.11645116	0.09276502	-0.01857736	0.00835433	0.02529998
1.11066723	0.11696158	0.10041137	-0.01069202	-0.06045483	0.04428445
1.11041713	0.11219788	0.09507246	0.00674929	-0.05239828	0.03576794
1.10882506	0.11623141	0.08935347	-0.00710519	-0.07943709	0.03531790
1.11188410	0.11099461	0.08836336	-0.01427423	-0.05284734	-0.00782509
1.11672121	0.11522889	0.08706923	-0.03727917	-0.02067179	0.04000749
