0.11577728	0.87170167	0.65906463	0.01460776	0.01291141	0.04711949
0.11739007	0.88149883	0.65207551	-0.04264179	0.01894229	0.04151088
0.11573321	0.87262152	0.66131461	-0.01161141	0.01905947	0.05017341
0.11474836	0.85903477	0.67397611	-0.04712562	0.02316848	0.04869478
0.11671666	0.84046040	0.67048885	-0.00535913	0.00812967	0.04733647
0.11600361	0.83720366	0.69048444	-0.00125986	0.00715462	0.04956171
0.11455697	0.83898420	0.68904627	0.00481484	0.01076881	0.04729964
0.11422892	0.83994238	0.69256601	0.04231845	0.00012767	0.04073712
0.11276828	0.83955547	0.67971159	0.04639141	-0.00763182	0.06799650
0.10995849	0.85854810	0.67120722	0.05317788	0.00057042	0.05038774
0.10859671	0.85112966	0.66502251	0.04672431	-0.00755386	0.07875828
0.11477155	0.85526060	0.66594582	0.03680411	0.00805518	0.07502946
0.11575919	0.85870277	0.67752912	0.03705120	0.00522192	0.04077596
0.11553166	0.85781497	0.67025580	0.03519026	-0.00221609	0.03721535
0.11186718	0.85780873	0.66333353	0.02269373	0.01239941	0.04357264
0.11002335	0.84917662	0.67190238	0.01706519	0.01064481	0.03503122
0.11388274	0.84702397	0.67824950	0.02321301	0.00202134	0.05866828
0.11189769	0.84854502	0.68293231	0.03050023	0.00469379	0.05941831
0.11460790	0.85092245	0.67973816	0.00705573	0.00978582	0.05346517
0.11365094	0.84725275	0.67089323	0.02177310	0.00904994	0.03782670
0.11585226	0.85266983	0.67518158	0.02958183	0.01013219	0.03381294
0.11210171	0.84914030	0.66984148	0.02489794	0.01128277	0.03169168
0.11101181	0.85486206	0.68275073	0.03410253	0.00678960	0.02932760
0.11418912	0.84751819	0.68719016	0.04095114	-0.00097604	0.04218045
0.11313853	0.85336180	0.67946415	0.02288367	0.00418245	0.04864555
0.11461352	0.85779813	0.68336672	0.05166902	0.00784136	0.04520821
0.11549969	0.84670983	0.67849682	0.03889575	0.01021210	0.02631650
0.11362349	0.84403546	0.67151478	0.04658540	0.00000969	0.03276709
0.11527627	0.84744083	0.67046748	0.03066966	0.00616126	0.02940489
0.11312237	0.85814306	0.67218789	0.02202760	-0.00409595	0.03600358
0.11321733	0.85906153	0.67117751	0.02205606	0.00435410	0.02530486
0.11631553	0.86059247	0.67044781	0.04968941	0.00650796	-0.01486591
0.11561673	0.86290298	0.67808207	0.01627231	0.01076832	0.03598488
0.11592362	0.85259787	0.67661097	0.02616526	0.00704726	0.01634545
0.11561735	0.85031420	0.67066434	0.03088895	0.00157660	0.02213343
0.11249070	0.84569611	0.67397839	-0.00332739	0.00356116	0.01005410
0.11550609	0.84820620	0.67208242	0.01437110	0.01175634	0.00695044
0.10901068	0.84939687	0.67086855	0.02106648	0.00812068	0.00981703
0.11382430	0.84945330	0.67350159	0.02624994	0.01438377	0.03210241
0.11275176	0.85553425	0.67717057	0.02217691	0.01304802	0.01445434
0.11546449	0.84489035	0.69108420	0.03320942	0.01203140	0.01601967
0.11389110	0.84914834	0.68150850	0.02984063	0.01365296	0.01497264
0.11443061	0.84528171	0.67523630	0.02890268	0.01670043	0.02877197
0.11125832	0.84378999	0.67759126	0.02181236	0.00409293	0.01727946
0.11261370	0.85384984	0.67120812	0.01918898	0.01058094	0.00192734
0.11124660	0.85462792	0.67618756	0.02010436	0.00089528	0.01004296
0.11353026	0.85498599	0.66419531	0.02433450	0.00793116	0.00895373
0.11235358	0.84495272	0.66971571	0.02837679	0.00726123	0.00454964
0.11470451	0.84941699	0.67425768	0.01841256	0.00237063	0.01534232
0.11562320	0.84565077	0.67632602	0.01805103	0.00260627	0.01511805
0.11589803	0.85271011	0.69498076	0.00886084	0.00369932	0.00902021
0.11584986	0.85828626	0.68448333	0.03445253	0.00492490	0.02104796
0.11604023	0.85020915	0.67731624	0.05407475	0.00539794	0.01896554
0.11861006	0.84569960	0.67626765	0.04441811	0.00405802	0.00951612
0.11295918	0.85097111	0.67601706	0.03849543	0.01448876	0.01149764
0.11446960	0.84842321	0.66784284	0.03650113	0.01118902	0.00540541
0.12021159	0.85304497	0.67304272	0.03214486	0.00553841	0.01352028
0.11951719	0.84784672	0.67075007	0.03264184	0.01306923	0.01322445
0.11734637	0.85593277	0.67393158	0.02623360	-0.00043233	-0.00244581
0.11898200	0.85186183	0.67471364	0.02534910	0.00650081	0.00073167
0.11595873	0.85194276	0.67185785	0.00450540	0.00969059	-0.03996401
0.11163725	0.84808620	0.67252526	0.01099155	0.00479425	-0.00120324
0.11186274	0.85406011	0.67038757	0.02029674	-0.00009179	0.00204221
0.11084019	0.85834123	0.67023625	0.03460808	0.00380172	-0.00633949
0.10972764	0.84607220	0.66948576	0.01734855	0.00803422	0.01852258
0.11328411	0.85017857	0.67203766	0.02508781	0.00820772	-0.01175473
0.11748599	0.84189191	0.67047183	0.03528086	-0.00307427	-0.00896211
0.11460275	0.85814789	0.66353369	0.04544836	0.01301074	0.00198220
0.11409300	0.84310766	0.66699561	0.01297657	0.00553418	0.00784380
0.11828062	0.85196141	0.67183295	0.04261690	0.01380794	-0.01827840
0.11756143	0.84638735	0.67147494	0.01298769	0.00825291	0.01286930
0.11723165	0.85500414	0.66126821	0.01636038	0.00167907	-0.00989169
0.11808976	0.85347835	0.67101427	0.01836745	-0.00120511	0.00048453
0.11628561	0.85629037	0.67614611	0.03260096	0.00288924	-0.01159356
0.12042854	0.86005527	0.67166995	0.02332927	0.00551025	-0.00721690
0.11861204	0.85359343	0.67228846	0.00473370	0.00356984	-0.00683059
0.11696052	0.86224097	0.67551369	-0.00905900	0.00575128	0.00651913
0.11320436	0.85440193	0.67565366	0.00078016	-0.00262920	-0.01684030
0.11690111	0.85829780	0.67535556	0.02963574	0.00873893	-0.00432423
0.11914953	0.85678916	0.67594601	0.02177003	0.00031960	-0.00396835
0.11730859	0.85593764	0.67931201	0.00914492	0.00643483	-0.01115230
0.11111094	0.84532534	0.67258539	-0.00397111	0.00380602	0.01021969
0.11299354	0.85669391	0.67462207	0.03092134	0.01051227	-0.01241677
0.11487770	0.85498015	0.67869208	0.03023914	0.00827129	-0.01241216
0.11522597	0.84875824	0.68196942	0.01536033	0.01003009	-0.01826788
0.11574731	0.85268873	0.68106026	0.02013872	0.01395043	-0.01758934
0.11449389	0.84924560	0.67659619	0.02347989	0.00161653	-0.00523024
0.11248538	0.85744137	0.67444559	0.03161351	0.01069356	-0.00670066
0.11289908	0.86024498	0.67383404	0.01833493	0.01238437	-0.01251844
0.11374384	0.85141395	0.67311845	0.02029635	0.00616504	-0.01736848
0.11412997	0.85461543	0.67427438	0.02186186	0.01214644	-0.01835274
0.11677326	0.85815975	0.66761673	0.03687933	0.00503298	-0.01082190
0.11358160	0.85632966	0.67436336	0.02727440	0.00561067	-0.01430793
0.11842252	0.85570897	0.67818454	0.01801755	0.00593559	-0.02468310
0.11660685	0.85115469	0.67215877	0.01680790	0.00986216	-0.01686625
0.11693324	0.84726699	0.67566507	0.00190605	0.01107017	-0.02594465
0.11987120	0.84997558	0.66932118	0.01650371	0.01312357	-0.01585720
0.11787523	0.84936172	0.67183544	0.00892428	0.01648734	-0.00799025
0.11438329	0.85450966	0.68405541	-0.00457794	0.00716973	-0.00259839
0.11579998	0.84888298	0.68367338	0.01558797	0.01844551	-0.02359878
0.11999217	0.85051110	0.67027675	0.00474640	0.01165772	-0.02233659
0.11690121	0.84664627	0.66895131	0.00834207	0.01167496	-0.02097954
0.11627773	0.85243654	0.67378207	-0.00665457	0.02069173	-0.02530550
0.11583662	0.85889597	0.67579189	0.00253403	0.00469297	-0.02581496
0.10970130	0.86404929	0.67907173	0.00175043	-0.00069332	-0.02022216
0.10562467	0.85489056	0.67758194	0.01545821	0.00690963	-0.02683429
0.10742495	0.84860553	0.68242163	0.01570811	0.00939607	-0.01220414
0.11295192	0.84987196	0.68897092	-0.00071433	-0.00267756	-0.00753409
0.11066923	0.84260814	0.67476558	0.00589656	0.00231158	-0.01660806
0.11772467	0.84898979	0.67802095	0.01650626	0.01647164	-0.01678070
0.11998252	0.84747640	0.67637652	0.00263859	0.02826408	-0.03067936
0.11004924	0.84894864	0.67689580	0.02628101	0.01480940	-0.00547373
0.10881848	0.85899781	0.67955069	0.00762945	0.00550432	-0.01331211
0.11195455	0.85059032	0.67203839	0.00072899	0.01551704	-0.00673312
0.11569622	0.84995393	0.66914494	0.02908446	0.01155842	0.00744826
0.11849198	0.84863166	0.66997769	0.03968002	0.00974430	-0.01703098
0.11873150	0.85292893	0.67575857	0.01653733	-0.00042050	-0.02533575
0.11255047	0.85683519	0.67202035	0.00067850	0.00399244	-0.02245729
0.10833239	0.84267105	0.67391909	0.00953948	0.00682594	-0.02410409
0.10899874	0.84869072	0.67201379	0.02031023	-0.00642285	-0.03955481
0.10995919	0.84290720	0.67453798	0.00981242	0.00127234	-0.00687393
0.11198942	0.84957242	0.67624884	-0.00530389	-0.00607385	-0.01647734
0.11286025	0.85583187	0.67921597	0.00730397	-0.01326293	-0.01947357
0.12273372	0.84601610	0.66951122	-0.00884335	-0.00598199	-0.01112813
0.12071625	0.83257415	0.66060275	0.00220722	-0.00339316	-0.01639976
0.12044036	0.83641484	0.66237843	0.01392267	-0.00404172	-0.02245249
0.11846681	0.84819476	0.66297718	0.01607005	-0.01341284	0.00417586
0.11477609	0.86502113	0.67693766	0.02713180	-0.01664643	-0.01122884
