0.14998141	0.96116987	0.49998160	0.00242983	-0.00236166	0.00018519
0.14781135	0.96233529	0.50341408	-0.00421589	-0.00600055	-0.00282066
0.14334158	0.96464740	0.49328970	0.00061246	-0.01085372	0.00149818
0.14754160	0.96945023	0.49744236	-0.00281707	-0.00492613	-0.00410437
0.14357494	0.96775748	0.49443485	0.00625434	-0.00294561	0.00125297
0.14433347	0.96777242	0.49120035	0.00507767	0.00707055	0.00379626
0.14625905	0.96537973	0.49319711	-0.00153439	-0.00309832	-0.00025374
0.14777607	0.96795760	0.49359951	-0.00576977	-0.01165411	0.00047317
0.14503109	0.96352760	0.50103409	-0.00406705	-0.00466571	-0.00012555
0.14361015	0.96197231	0.50038010	0.00254854	-0.00935775	-0.00300556
0.15427367	0.96428164	0.48909970	0.00321832	0.00213418	-0.00145038
0.15585044	0.96566327	0.49228834	0.00116974	-0.00306607	-0.00164734
0.15788757	0.96487645	0.49240735	-0.00134629	0.00896993	-0.00280745
0.14829445	0.96757932	0.49594084	0.00097016	0.01458658	-0.00456213
0.14535282	0.96698151	0.49235255	-0.00931525	0.00189769	-0.00601153
0.14495552	0.97135585	0.49409358	-0.01316991	0.00295678	-0.00581955
0.15085304	0.96921311	0.49084711	0.00332526	0.01191753	-0.00015518
0.14758714	0.96763344	0.49986656	-0.01486966	0.00867335	-0.00244909
0.15045463	0.96938870	0.49811892	0.00145359	0.00726960	-0.00076646
0.14110547	0.96766128	0.50392476	-0.01197389	-0.00136623	0.00443624
0.13869785	0.96883993	0.50892419	-0.00418039	-0.00108589	0.00131110
0.14742049	0.96433874	0.49928061	-0.00391757	0.00612598	0.00245208
0.14601145	0.96079191	0.50315598	0.00497574	0.00436151	-0.00054054
0.14829783	0.96022310	0.49558193	0.00384602	0.00245517	-0.00599918
0.15476255	0.96375318	0.49475072	-0.00249385	0.00165720	0.00198699
0.14587949	0.96344078	0.49601078	-0.00913869	-0.00333191	0.00829841
0.14801157	0.97386936	0.49494714	-0.00348152	0.00790269	0.00292803
0.14836820	0.96552675	0.49677327	0.00574309	-0.00753616	0.00292241
0.14588341	0.96429775	0.49696787	0.00630094	0.00059627	-0.00109829
0.15180889	0.96893263	0.49421981	-0.00033657	0.00272884	-0.00620490
0.14527724	0.96127921	0.49772418	-0.00578626	-0.00240239	-0.00794009
0.14623495	0.96101736	0.49732219	0.00817237	-0.00692621	0.00044732
0.14248765	0.96048499	0.49819260	-0.00005528	0.00181641	-0.00437952
0.13978796	0.96867945	0.50435691	-0.00236443	0.00400774	0.00224007
0.14027987	0.96726757	0.49698160	-0.00040889	0.00349495	-0.00127527
0.13914283	0.96497965	0.48858815	0.00193927	0.01275350	-0.00331708
0.14720829	0.96636106	0.48933647	0.00282589	0.00444443	0.00290788
0.15077409	0.96014717	0.49182890	-0.00140296	-0.00144268	0.00274008
0.15294218	0.96343578	0.49873048	-0.00645792	0.00405708	0.00328369
0.14712726	0.96293803	0.49562140	-0.00680943	0.00474474	0.00866030
0.14811567	0.96101446	0.48932033	0.00545422	0.00042749	0.00792471
0.14181526	0.96053829	0.49394033	-0.00090278	0.00573141	-0.00242019
0.14708157	0.96369560	0.49766489	-0.00887175	-0.00096137	-0.00328169
0.15047824	0.96379278	0.50466023	-0.00335137	0.00405127	0.00203022
0.14413266	0.96357447	0.50304127	0.00577653	-0.00858615	-0.00239441
0.14652944	0.96463240	0.50086650	-0.00054156	0.00138436	0.00072433
0.14280813	0.96868519	0.49874704	0.00326955	0.00334247	0.00101753
0.14078404	0.96845701	0.49720033	0.00034380	0.00106209	0.00568934
0.14552113	0.96749689	0.49771299	-0.00107413	-0.01225827	-0.00040954
0.13897894	0.96716979	0.50402644	0.00509984	-0.00294093	0.00555097
0.14449036	0.96291376	0.49177671	0.00534649	0.00309894	0.00968425
0.14774297	0.96367583	0.49171673	0.00989787	-0.00073312	0.00287446
0.14508132	0.96278120	0.48991316	-0.00038949	-0.00093078	-0.00024188
0.14958250	0.95948982	0.48601431	-0.00504267	-0.01144024	0.00015746
0.14947648	0.95869910	0.49375039	-0.00262457	-0.00133106	0.00318615
0.15105425	0.96037929	0.48289956	0.00390599	-0.00237343	-0.00392552
0.15376555	0.96672132	0.48289389	0.00217461	0.01012627	-0.00249937
0.15281171	0.96261696	0.48993435	-0.00137484	0.00603398	-0.00100212
0.14904416	0.95999653	0.50232721	0.00130885	0.00563012	-0.01080528
0.14925000	0.96622717	0.49725073	-0.00318946	0.00845602	-0.00570882
0.14330436	0.96630947	0.49593902	0.00050419	0.01363666	0.00697151
0.14807368	0.96133549	0.49426100	-0.00485779	0.00316850	0.00198695
0.14144307	0.96828618	0.49118137	-0.00246722	0.00732602	0.00050262
0.14414022	0.96925240	0.49370288	-0.00617795	0.00342334	0.00092146
0.14681981	0.96938031	0.50181100	-0.00332646	0.01119850	0.00045589
0.14306138	0.96627652	0.49141828	-0.00135824	0.00509850	0.00088318
0.14388637	0.96697638	0.48682235	-0.00367923	0.00858382	0.00240085
0.14031170	0.96245536	0.49222351	-0.00619515	-0.00325849	0.00514515
0.13685431	0.95819818	0.49626410	-0.00424126	0.00379819	0.01424686
0.14502730	0.96664544	0.50250191	0.01245000	-0.00324164	0.00699983
0.15643533	0.96305301	0.50293094	0.00658595	-0.00353026	0.00204223
0.14702124	0.96132447	0.50383078	0.01133105	-0.00459372	0.00000885
0.14871969	0.96477369	0.49704903	0.00209415	-0.00972439	-0.00204915
0.14259773	0.96767233	0.49203208	-0.00548716	-0.00865645	-0.00739431
0.14240705	0.96615507	0.49827133	-0.00828604	-0.00469867	0.00110080
0.13861887	0.96296628	0.49846123	-0.00574541	0.00147841	0.00997757
0.14043660	0.96199856	0.50350074	-0.00609363	-0.01313141	0.00988563
0.14267859	0.96443754	0.50646037	0.00493840	-0.01801607	0.01285056
0.14164545	0.96270561	0.50348623	0.00321098	-0.01549310	0.01484220
0.14926584	0.95985167	0.50068506	0.00275522	-0.02171436	0.01029558
0.14606965	0.96122195	0.49753678	0.00611928	-0.02099886	0.00467910
0.15265557	0.96665854	0.49808581	0.00478144	-0.02817474	0.00508883
0.14959993	0.96772866	0.50044927	0.00476758	-0.02256583	0.00084908
0.15061021	0.97014601	0.49788437	0.00507307	-0.03813711	0.00304254
0.15264567	0.96684400	0.50198220	0.01466538	-0.02659901	0.01070951
0.15471636	0.96299188	0.50642732	0.01194214	-0.02858564	0.00086090
0.15218288	0.95854759	0.49727177	0.03142126	-0.03339504	-0.00135512
0.15016357	0.96118337	0.49313439	0.02337674	-0.03338382	0.00252662
0.15007068	0.96353248	0.49535390	0.03044889	-0.03486485	0.00384123
0.15228304	0.96833695	0.49661950	0.03274190	-0.03479769	0.00630472
0.15395827	0.97066251	0.49595012	0.03303781	-0.03028879	0.01440804
0.15451994	0.97086241	0.49497086	0.02477002	-0.02464003	0.00513158
0.15340924	0.97104325	0.49384483	0.01824845	-0.03497100	0.00679071
0.15397089	0.96811783	0.48493709	0.02378801	-0.02622835	0.00033273
0.15256379	0.96728422	0.48978157	0.01761726	-0.03073200	0.00225410
0.15558330	0.96398143	0.49059168	0.00443184	-0.02211444	0.00341501
0.15490035	0.96096327	0.49318540	0.00975229	-0.02489622	-0.00018358
0.15930399	0.96537909	0.49747925	0.00184026	-0.02203048	-0.00449348
0.16054611	0.96408070	0.49189937	0.00643707	-0.02088437	-0.00241401
0.15790940	0.97067037	0.49036434	0.00018655	-0.01658912	-0.00371608
0.15725483	0.96674363	0.49323762	0.01452546	-0.01835086	-0.00748626
0.15138269	0.96442063	0.49697513	0.02557598	-0.02337830	-0.00388742
0.15223473	0.96738732	0.49164180	0.02200835	-0.01810584	-0.00053000
0.15090878	0.96448277	0.49000371	0.02848764	-0.02149837	0.00424264
0.15026378	0.96112905	0.48846616	0.02357617	-0.02616920	-0.00073886
0.15357786	0.96979675	0.49124915	0.01150528	-0.02062050	0.00240512
0.15193999	0.97566005	0.49105467	0.00644472	-0.00686764	0.00508921
0.14913510	0.97508036	0.48405970	0.00635482	-0.01786363	0.01554003
0.15286332	0.96987895	0.48878065	0.00960060	-0.02116058	0.01165295
0.16866447	0.96505138	0.48862354	0.00942072	-0.01890336	0.00168424
0.16692508	0.96393447	0.49247138	0.01504356	-0.00892770	-0.00098253
0.16161123	0.97009204	0.49544234	0.00662692	-0.00974848	0.00722215
0.15848858	0.96445080	0.48692749	0.01198601	-0.01462510	0.00126652
0.16016874	0.96998811	0.48111240	0.00713422	-0.00989511	-0.00193473
0.15491836	0.97022384	0.47573592	0.01032847	-0.00883031	-0.00786395
0.15903068	0.97150972	0.48469027	0.00485702	-0.00688901	-0.00129784
0.15892417	0.97358469	0.48346859	-0.00155795	-0.01314940	-0.00237881
0.15783476	0.97429158	0.48723155	0.00661261	-0.01047065	-0.00322706
0.15683435	0.97139120	0.48865494	0.00433978	-0.00777002	-0.00102847
0.15232979	0.96548981	0.48537319	0.00717271	-0.00352558	0.00186117
0.15213736	0.97141250	0.48052372	0.00392003	-0.00846136	0.00197622
0.16124952	0.97270934	0.48119012	0.00830735	-0.01371072	0.00850339
0.15501275	0.97403916	0.47959272	0.01545258	-0.01672938	0.00910606
0.15578913	0.96922945	0.48259198	0.00911691	-0.01149525	0.01274979
0.15499513	0.96800267	0.48411689	-0.00156399	-0.00512700	0.00982189
0.16170478	0.96347439	0.49060110	-0.00599940	0.00488479	0.00133099
0.15760470	0.96791673	0.48653545	0.00311503	0.00509545	-0.00821212
0.15569475	0.96700515	0.48680606	-0.00148563	-0.00521057	-0.00388265
