1.32362885	-0.35041820	-0.22544399	-0.35014430	0.26804597	-0.61758307
1.28183674	-0.25477625	-0.25623784	-0.02541389	0.31868818	-0.34648110
1.31543821	-0.42467465	-0.20231703	-0.21266955	0.85682802	-0.41696659
0.97287983	-0.21807157	-0.10743904	-0.29354964	0.57585012	-0.09417414
0.71177403	0.10834953	-0.14793742	-0.03635910	0.50204452	-0.38476460
0.80493137	-0.05094093	-0.22267665	-1.29568499	0.45059652	0.08069857
0.86891419	-0.24141374	-0.12594693	-0.97323521	0.01739268	0.08138462
0.85507224	-0.21702303	-0.18594102	-0.63971762	0.37271962	-0.01055600
0.93778112	-0.43769392	-0.09337211	-0.34054324	0.07840674	0.16020877
0.99818828	-0.32887350	0.01533675	-0.01068423	0.04791789	0.44578542
0.92833536	-0.41301485	0.02109848	-0.14918750	0.09661973	0.09928071
0.90390355	-0.32744387	-0.01269252	-0.03622099	0.44507567	0.24907143
0.94723737	-0.28109349	0.02381341	-0.25978561	-0.01228025	0.19881148
0.91048363	-0.24275376	0.06715018	-0.04771399	-0.11776760	0.00402183
0.82901292	-0.17946574	0.01552625	-0.21961563	-0.49185630	0.20749850
0.79340977	-0.33623222	0.10903857	0.13465110	-0.04970240	0.12034606
1.04414807	-0.12476000	0.06692915	0.41842714	-0.60076076	-0.08935121
0.80388854	-0.15530013	0.07940612	-0.10007678	-0.27467851	-0.04011184
0.99576505	-0.21649733	0.03346475	0.45486231	0.18136468	0.00923733
0.98003337	0.06672345	-0.00785080	0.11570464	-0.22241158	0.08246066
1.32973736	-0.20825943	-0.06746511	-0.45942442	-0.46851177	0.15004565
1.25636242	-0.25324943	-0.05372757	-0.16964903	-0.59045829	0.10684746
1.22373157	-0.10932814	0.01414235	-0.06536436	-0.44053629	0.21431675
1.26301973	0.00456100	0.06622041	-0.28726235	-0.34987243	-0.11486989
1.82739025	0.33607333	-0.07047577	-0.52228846	-0.07409127	0.21317679
1.61907193	-0.05889811	-0.45113291	-1.14216209	-0.28822412	0.12180379
1.48667278	-0.52208366	-0.46354964	-0.90905964	0.16854781	0.53884426
1.25915543	-0.63285404	-0.26574808	-0.10725612	0.27718901	0.69087018
1.28515088	-1.06358377	-0.09283372	0.70827866	0.70834278	0.43584803
0.88460892	-0.60058725	-0.04014107	-0.21911200	0.76558151	-0.29103710
0.79773384	-0.36204541	-0.05513044	-0.67160759	0.50736672	-0.28379648
0.99269951	-0.50198179	-0.19250264	-0.25128969	-0.08008077	-0.00163180
0.87147138	-0.15446717	-0.23119915	-0.26103953	-0.24134537	0.17917258
1.03157349	-0.34389139	-0.31647753	-0.04554658	-0.03472626	0.37217238
1.18254864	-0.56034846	-0.26484389	0.42772111	0.17453796	0.12652306
1.02643409	-0.67244264	-0.21051571	0.72402795	-0.77497412	-0.29605220
0.96830881	-0.42016759	-0.20759733	1.02976525	-0.08675716	-0.44906397
0.85564232	-0.31199944	-0.21958256	0.23842678	-0.49637278	-0.37464803
0.95107634	-0.16655284	-0.18025719	0.65895941	-0.30624921	0.12358614
0.85605574	-0.09811740	-0.30388391	0.32516737	-0.31886036	0.28795436
0.91716635	-0.00802231	-0.28498620	-0.08044540	-0.35297278	0.48501304
0.87838956	-0.08840050	-0.24805185	0.11113107	-0.23754286	0.25762663
1.03397544	-0.18245675	-0.25359116	-0.19632098	-0.01731196	0.24592365
1.16095603	-0.20986959	-0.11556133	-0.03649207	0.15870359	0.14625170
1.08539968	-0.14341334	-0.20900061	0.34261882	-0.07235838	0.17939326
0.88510376	-0.09602892	-0.19376194	0.37146031	-0.21250913	0.21562219
1.03656735	-0.16831758	-0.18832167	-0.23487122	0.28081603	0.33548195
1.03587078	-0.10394167	-0.12112212	-0.16930756	0.10020881	0.39913165
1.16750866	-0.19800529	-0.11000696	0.23929452	0.00039987	0.26465825
1.02460763	-0.15919875	-0.00770424	0.34260357	0.16730791	0.09574552
0.92850866	-0.08446321	-0.10507568	0.14117212	0.10060283	0.42597065
1.26847191	-0.41744854	-0.09207752	0.75119501	0.14578887	-0.00255184
1.20002231	-0.17209366	-0.19571890	0.47045402	-0.05047863	-0.03600162
1.26999880	-0.13543318	-0.10821245	0.27014812	0.28707539	0.01103123
1.40771251	-0.01931444	-0.18705794	0.35408544	0.38817823	-0.12269180
1.32958945	-0.21418065	-0.05714197	0.15824117	0.25521084	-0.57154733
1.64363412	-0.33331468	0.04178805	0.29481417	0.39432461	-0.37280521
1.64384169	-0.57154290	-0.06172073	0.49917951	0.02848379	-0.69152717
1.29117409	-0.55656672	-0.28298967	0.07013626	-0.01302347	-0.57887194
1.31371403	-0.29504493	-0.39381715	-0.81162156	0.04766350	-0.49605562
1.02072729	-0.19723039	-0.37782479	-0.99430576	-0.65193313	-0.51101555
1.07229232	-0.42641938	-0.39256037	-0.05008241	0.06836842	-0.41571968
1.46122372	-0.48168321	-0.27598160	-0.56256163	0.36793010	-0.48510887
1.33674470	-0.35362468	-0.22263700	0.07511662	0.99629499	-0.45895553
0.83308419	-0.35138712	0.01805855	0.08401902	1.00168923	-0.29116918
0.88076606	-0.30035184	-0.03614254	0.17029981	0.83517814	-0.13456452
0.59290653	-0.10649131	-0.05078301	-0.20745360	0.14970959	-0.23871071
1.03242108	-0.17887524	-0.01808996	-1.01382846	-0.15761792	0.20542415
0.95810779	-0.32845534	-0.04543725	-0.33829767	-0.17935269	-0.02229635
0.85688855	-0.31965662	-0.03741451	-0.49166599	0.04130011	0.17498814
1.00598145	-0.35105480	-0.10700363	-0.15089233	0.03744455	0.07705727
0.89767695	-0.36192463	-0.09286425	-0.13832942	0.34548083	0.11911737
1.02079260	-0.28185982	-0.06778465	-0.09649453	0.08368010	-0.03038157
0.91108048	-0.11699972	0.04727819	-0.13598023	0.31573869	0.06347761
0.84620666	-0.09924975	-0.04788768	-0.26178705	0.04621366	0.05467080
0.94626667	-0.17008164	0.07811363	-0.39374830	-0.25623305	-0.08245320
0.90419904	0.02767225	0.07329576	0.11152849	-0.30923215	0.09713647
0.97275964	-0.02636349	0.06384925	0.06359932	-0.08997425	0.01404147
1.04746105	-0.32938886	0.10230626	-0.16030734	-0.43278852	-0.32609514
1.07627482	0.04053050	0.09667498	-0.27255268	0.35199800	-0.37125209
1.03842560	-0.18545765	-0.00986137	-0.54215161	-0.11004769	-0.25574357
1.24842992	-0.10396470	-0.05983904	-0.81423529	-0.20941955	-0.20460245
1.29465458	-0.27864081	-0.15417092	-0.62715326	-0.43163125	0.13998258
1.21455205	-0.17542776	-0.17155076	0.07774543	-0.42646830	0.42821244
1.32801541	-0.05065060	-0.00188643	-0.28882350	-0.07391783	0.34897054
1.59555323	-0.02240232	0.20052642	-0.08915445	0.27968256	0.21237930
1.68680923	-0.26223476	-0.14798742	-0.69382175	0.34742085	0.11586756
1.80279890	-0.08383830	-0.35681057	-0.52237984	0.52094144	0.69365499
1.53080919	-0.54336230	-0.32359731	-0.59153327	0.50433886	0.38350063
0.98180674	-0.75530649	-0.14181830	0.04502944	0.51527264	0.11794162
0.83547117	-0.69351553	-0.12069766	0.46349971	0.35880832	0.45941612
0.91371656	-0.16840360	-0.18241197	0.00253829	0.41071767	0.23030089
1.08710184	-0.43563465	-0.26201994	-0.56885770	0.28049868	0.17252514
1.17837966	-0.32822425	-0.24158363	-0.48052134	-0.13277044	0.28275526
1.11745741	-0.34232611	-0.25377352	-0.11142055	0.02761893	0.51163329
0.99701827	-0.62226632	-0.19227514	0.04870407	0.04554423	0.36279627
1.15277923	-0.54654676	-0.06527776	0.78532679	-0.26546032	-0.32167612
1.27317134	-0.36870100	-0.01919481	0.90791491	-0.42448538	-0.17366313
0.95753490	-0.36986423	-0.06412326	0.52295695	-0.71734047	-0.39268083
0.99732228	-0.24898472	-0.16206939	0.70442997	-0.71425833	-0.16018520
0.86452227	-0.16790982	-0.23131972	0.32557539	-0.49195971	-0.00860354
0.83217323	-0.00658987	-0.16852567	0.26012335	-0.35457842	0.46581577
0.65277107	-0.20274766	-0.16094581	0.35960805	-0.30995596	0.14874793
1.08794338	-0.39911677	-0.18259411	0.10518228	-0.47684534	0.35850253
1.06807040	-0.07211551	-0.22901789	0.14654694	-0.20071031	0.02333459
1.19586405	-0.26764473	-0.08150805	0.09783884	-0.37608746	0.37535101
1.05001533	-0.16089846	-0.09152390	0.35820241	-0.48595657	0.23752623
1.12156002	-0.11193629	-0.15831828	0.19934538	0.10335677	0.24724015
0.99191968	-0.30184105	-0.02669632	0.22650313	-0.08471748	0.36232225
0.95519790	-0.21682886	-0.06620752	0.29732083	0.32105589	0.31092720
1.07324196	-0.13150680	-0.05705667	-0.03149055	0.19816432	0.19682803
0.99972593	0.04446706	-0.07774126	0.20222815	0.19906368	0.06357312
1.07256245	-0.14102997	-0.13591560	0.22514421	0.11086545	0.43009356
1.11650857	-0.08444177	-0.06511961	0.51782749	0.02193745	0.17502585
1.31726362	-0.18519231	-0.17350928	0.62893867	0.02599280	-0.08287833
1.36061900	-0.30357407	-0.13904361	0.16562708	0.02577910	-0.15761166
1.03873396	-0.35004175	-0.19536552	0.02446693	-0.03162825	-0.24884262
1.41240449	-0.14475085	-0.16014330	-0.06583712	-0.26251048	-0.24163915
1.45939272	-0.14759814	-0.03749747	0.00663651	0.14255792	-0.14468565
1.62875507	-0.36619115	0.00070492	-0.22656351	-0.02690697	-0.59582247
1.77082515	-0.48287116	-0.15982948	-1.10004219	-0.05893473	-0.67728021
1.43013402	-0.44775805	-0.38520809	-0.85902062	-0.22996612	-0.47285542
0.93632525	-0.54402158	-0.34526637	-0.42397678	-0.52584016	-0.51047539
0.98198916	-0.32297196	-0.20890227	0.11878462	-0.11200421	-0.44093870
1.10626406	-0.46581513	-0.25633109	0.29214928	0.40698797	-0.71837169
1.30696226	-0.47006280	-0.09526290	0.29177450	0.72548185	-0.28618551
0.90211601	-0.40170618	-0.12702437	0.17008354	0.45659492	-0.13862359
0.88293884	-0.34498741	-0.09972301	-0.09887512	0.76727070	-0.08685983
