0.97550100	-0.16848505	0.04261564	-0.04811138	-0.40672532	0.21371766
0.95414204	-0.14497394	0.06684688	0.10406221	-0.06200993	0.20081289
1.04881561	0.00700749	-0.02847745	-0.21040562	0.30619148	0.01625234
1.42551797	-0.24093185	-0.04566402	-0.35535082	-0.21682684	0.05080847
1.08052157	-0.14308754	-0.03531899	-0.67559479	0.06256993	0.31952071
1.28659578	-0.19037290	-0.15134923	-0.17736801	-0.11787791	0.09694162
1.65399846	-0.39918490	-0.03996398	-0.05786927	-0.20099322	-0.32468515
1.30974038	-0.29653100	-0.17523995	-0.40626208	0.00808313	-0.12096503
1.72175991	-0.22994841	-0.27876684	-0.39707092	-0.11639555	0.31521974
1.99095818	-0.38513513	-0.35174946	-0.09280951	-0.07782416	0.73606866
1.91106639	-0.51276665	-0.52443818	0.59021833	0.76238351	0.83185386
1.12513644	-0.79605355	-0.26467484	0.38677239	1.01248208	0.30049528
0.98371585	-0.73180128	-0.09338508	0.23325479	0.88976194	0.18692238
0.74170517	-0.38173066	-0.03694837	-0.05319333	0.81484983	-0.39915567
0.70629126	-0.30661909	0.08870590	-0.57115301	0.17070912	-0.60007777
0.92239328	-0.19317791	-0.06449022	-0.85084319	-0.47581199	-0.21248721
0.97624315	-0.26366768	-0.14195853	-0.19830839	-0.58009120	0.09111988
1.10766826	-0.27678912	-0.22693425	0.00539358	-0.40492697	-0.12550442
1.13556381	-0.51422471	-0.34812669	0.69901589	-0.11700583	-0.06861448
1.08022130	-0.56617202	-0.20764984	0.31512859	0.08054564	-0.05623725
0.88978836	-0.34650598	-0.18466908	0.73574566	-0.02123133	-0.02337049
0.93278532	-0.36283684	-0.09543982	0.70321522	0.12707783	-0.29195123
0.74353294	-0.18573320	-0.12745205	0.25357455	-0.24351845	-0.08590662
0.90050105	-0.17267798	-0.12595363	-0.11927316	-0.37012563	0.19845636
1.04989155	-0.20662537	-0.22950055	-0.10512954	-0.51104903	0.31473716
0.99735462	-0.33009161	-0.26187488	0.32365110	0.15114055	0.27298831
0.98338629	-0.13126478	-0.20190546	0.10749714	-0.17879738	0.36719534
0.89563530	-0.15825083	-0.09789446	0.39400051	0.02391223	0.17210380
0.85942745	-0.05041236	-0.19608674	-0.24933376	-0.38069681	0.19066877
1.00831418	-0.13436294	-0.23060882	-0.04730092	0.09752905	0.34624765
0.89257570	-0.10530469	-0.13276667	-0.01070168	0.16358567	0.16318650
1.11933599	-0.05828232	-0.10591553	0.19780708	0.04234402	0.38648274
0.94967002	-0.17811219	-0.16395739	0.24764856	0.07206494	0.30338434
1.10340318	-0.16224132	-0.02341626	0.64132336	0.18630232	0.32899246
1.26817986	-0.29274629	-0.13618506	0.84533136	0.18692370	0.16963325
0.98390848	-0.20429628	-0.20965152	1.15402585	-0.23285315	0.03223074
1.06462653	-0.22485278	-0.23900199	0.67577359	-0.09382328	0.05145401
1.25054689	-0.10325978	-0.17257712	-0.04177988	0.19843410	-0.06074840
1.48622375	-0.08898226	-0.02464387	0.00381861	0.34849229	-0.66815954
1.45374151	-0.31719374	0.14347123	0.37791839	-0.02995974	-0.54105461
1.51152941	-0.46129593	0.12150052	0.44929149	0.09318541	-0.62613241
1.39403818	-0.47640183	0.03392992	0.41003755	0.63435808	-0.70794205
1.22797192	-0.46290790	-0.40826585	-0.09017238	-0.19480845	-0.30562001
1.06691978	-0.41276597	-0.29418060	-0.72946917	-0.68488558	-0.52717236
1.21971694	-0.32731933	-0.44701099	-0.43715599	-1.32495352	-0.50437538
1.27333198	-0.60209047	-0.25825282	0.04227994	-0.10386946	-0.38579052
1.23430910	-0.59650697	-0.22713230	0.51680707	0.99593811	-0.67388242
1.29727699	-0.62092501	-0.08483630	0.70479615	0.82367551	-0.92038731
0.91840530	-0.26395544	-0.00286594	0.10350224	0.66588226	-0.37861420
0.63420365	-0.19217130	0.04365718	0.12605665	0.71863665	-0.18402028
0.82534341	-0.02733211	0.01406188	-0.41494114	0.12836682	0.16645915
1.13125280	-0.21245751	-0.19158015	-0.92945122	-0.19275773	-0.10644642
1.00156934	-0.40431899	-0.11088070	-0.99905924	0.12555321	-0.12782480
1.01565560	-0.28058966	-0.07936575	-0.35754160	0.35563523	0.28078001
1.01514902	-0.61635073	-0.02986074	-0.10149185	0.36073573	-0.20474753
1.22516339	-0.20277141	-0.03503495	-0.01958416	0.28060718	0.12354465
0.88606549	-0.27997608	-0.07377617	-0.33632209	-0.23097154	-0.00817021
0.98269676	-0.36076719	-0.07648863	-0.49498125	0.03730734	-0.03337750
0.72326142	-0.02983589	0.19482087	0.04677074	0.09783019	0.02718717
0.93486262	-0.16661292	0.01524584	0.02724371	-0.41388396	0.25393325
0.90076395	-0.16350230	0.06245245	0.31642717	-0.40202608	0.20126040
1.20574778	-0.02656131	0.12946513	0.15486032	-0.34159518	0.10494875
0.98269415	-0.00094962	0.13508394	-0.01700714	-0.52045605	0.02474195
0.96817654	0.05325615	0.13595551	-0.32422543	-0.38536328	-0.10359989
0.98805867	-0.11427917	-0.13598710	-0.58309630	-0.02527283	0.02862076
1.37630226	-0.13611240	-0.10514185	-0.81269082	-0.20029739	0.24592456
1.16562292	-0.17911979	-0.14370292	-0.93218254	-0.48500580	0.32114439
1.34924409	-0.23784377	-0.11519636	-0.72006433	0.11415780	-0.08545807
1.49322178	-0.04849169	0.02666308	-0.20403315	-0.01242453	0.13236566
1.52955578	0.00381470	-0.13458602	-0.54537749	0.13212249	-0.10655546
1.58828091	0.07173995	-0.26700335	-0.19361587	-0.36626035	-0.06641780
1.63550164	-0.36411401	-0.45089760	-0.42794196	0.01393138	0.17469182
1.58086621	-0.87449771	-0.57985325	-0.18299902	0.53381746	0.23464195
1.32603079	-0.78077724	-0.49433464	0.40169762	1.14765864	0.32294375
1.32528672	-0.64433873	-0.28266316	0.36232748	0.69860784	0.34733923
0.72756124	-0.31400898	-0.08771489	0.30094844	1.29115658	-0.21800518
0.47796174	-0.20122098	0.04412973	-0.69040370	0.31361951	-0.40570884
0.78966499	-0.36803874	-0.13880246	-0.56546523	-0.42480582	-0.19321683
1.30245779	-0.39511913	-0.29642556	-0.50924195	-0.31190755	0.18530484
1.15961338	-0.49176496	-0.41622324	-0.27549079	-0.08198787	0.15807256
1.29896936	-0.53868271	-0.37739499	-0.04809180	-0.09866069	-0.21630322
1.07922391	-0.53218545	-0.15702773	1.18024362	-0.37814951	-0.17531713
0.95053735	-0.46571290	-0.21982044	0.78400895	-0.37578137	-0.46768509
1.14700745	-0.36124802	-0.29624581	0.93990142	-0.08898013	-0.01734872
0.94553899	-0.05853798	-0.17181585	0.36862424	-0.37925677	-0.12369411
0.84835661	-0.05981223	-0.22036837	0.04090202	-0.30224283	0.50992320
1.01384757	-0.26864810	-0.32114857	0.26878711	-0.22281087	0.01371653
1.06420435	-0.31187833	-0.21896999	0.51203228	-0.14647065	0.13474231
0.97370413	-0.17484287	-0.28992623	0.09011268	0.22228286	0.26538300
1.18751198	-0.10974969	-0.26174878	0.20399527	-0.01102190	0.13209889
0.98851642	-0.02935350	-0.18288578	0.05768201	-0.09364292	0.22875361
0.84808360	-0.12713127	-0.13313290	0.33925124	-0.09659603	0.37041907
0.97232676	-0.18341494	-0.04217793	0.14768244	0.15793807	0.23024147
1.09387235	-0.08778420	-0.02780558	-0.08416729	-0.07707140	0.47632457
0.99233224	-0.09260693	-0.11360151	0.72877320	0.36930836	0.15252600
1.32176930	-0.09063539	-0.19007574	0.00297471	0.09714542	0.12473765
1.02391685	-0.33051654	-0.16416848	0.37227692	0.16104689	0.27043172
1.15905338	-0.18476988	-0.18099243	0.78833667	0.01505688	0.21258549
1.39981392	-0.13597113	-0.22412611	0.20423021	0.14298817	0.04638130
1.00074703	-0.09860908	-0.12427036	0.20684303	0.21473652	-0.09326886
1.35834417	-0.32669538	-0.14880268	-0.10397668	0.03599996	-0.48440577
1.63119837	-0.39226471	0.06492163	0.32259106	0.47145867	0.00503076
1.26132610	-0.54535950	-0.01970272	0.60146538	0.18309845	-0.54778447
1.69574829	-0.55870137	-0.13293446	0.58946489	-0.20709413	-0.45703293
1.27707268	-0.29855792	-0.29886389	-0.09016012	-0.15755399	-0.46520795
1.20505694	-0.12083464	-0.48029928	-0.87432552	-0.27902483	-0.50241388
0.85334038	-0.37140422	-0.44393618	-1.22500212	-0.47072744	-0.77426137
1.19078310	-0.53393705	-0.33052368	-0.76248375	-0.38373125	-0.47050308
1.36963300	-0.66713134	-0.21376110	-0.05606279	0.72598956	-0.68575256
1.27004342	-0.49793917	-0.15088031	0.36292112	0.85681108	-0.37422846
1.17579406	-0.41583662	-0.20186636	0.82508812	0.75878893	-0.29091029
1.05515596	-0.49139331	-0.13148583	0.06982175	0.24512608	0.04192787
0.56433209	-0.10899969	-0.01265309	-0.10268917	0.02766096	-0.13667406
0.86542961	-0.33147653	-0.03593861	-0.42241720	-0.63073839	0.04409426
0.85815018	-0.18171364	-0.02742563	-0.73199946	-0.21508608	-0.04024711
1.12393833	-0.37645806	-0.24687207	-0.05470470	-0.11769053	-0.00903029
1.12315586	-0.44206961	-0.10235194	0.09749851	0.10929803	0.10578534
0.90495826	-0.22263040	-0.11386782	-0.25912747	0.05082926	-0.24202381
1.08490731	-0.25590819	-0.00930118	-0.65849951	0.39245316	-0.00183377
1.18313136	-0.22222164	-0.01699862	-0.65316454	0.08744763	0.20849425
0.79200161	-0.19415678	0.08087849	-0.12948227	0.26922184	0.17741018
1.02164818	-0.19998744	0.15554957	-0.20609583	-0.48490072	0.16828663
0.77269227	-0.07141603	0.10990416	-0.13640034	-0.16570184	0.09021352
0.68631373	-0.01340413	0.06527916	0.31871979	-0.31780958	0.08713932
0.98950132	-0.12035613	0.04546842	-0.00123624	-0.39040252	0.05764342
0.82070709	-0.10515480	0.02546565	-0.19662000	-0.45788890	0.25428559
1.02960636	-0.06804822	-0.03536669	-0.76829169	-0.48952782	0.06659957
1.16779238	-0.04012766	-0.01605662	-0.85566750	-0.38944520	0.08615460
