0.53160864	0.07270591	-0.02900216	-0.26964468	0.38229386	-0.61587092
0.29361146	0.27729862	-0.31218104	-0.69659367	-0.51437172	-0.10771408
0.35153543	0.08930834	-0.23359637	-1.15423224	-1.00601825	0.13256305
0.03387997	-0.17931352	-0.47029396	-0.51448933	-0.14372275	0.20637537
0.49475034	-0.53727222	-0.42452621	-0.79577853	-0.44933338	0.84136047
0.71184259	-0.86606711	-0.25921141	0.37198103	0.37575470	0.32760570
0.92002634	-1.04715735	-0.28463305	1.29102683	0.08774570	-0.00163992
2.00600764	-1.00951470	-0.47188816	0.14763860	0.88933735	-0.52891846
2.21353199	-0.49078906	-0.70537669	0.54831354	0.17822658	-0.56203363
1.80543458	-0.32966653	-0.60446072	0.28791875	0.42544213	-0.06681423
1.38710774	-0.47510593	-0.37081568	-0.30081468	-0.28609093	0.10567416
1.61218176	-0.04172113	-0.42042298	-0.32484109	-0.35792245	0.07025908
1.23081964	0.17777821	-0.21887939	-1.18137017	-0.92498925	0.17193488
1.66777984	-0.04012167	-0.37222886	-0.65546575	-0.90828330	0.47094374
0.76851628	-0.27026272	-0.26361930	0.24861554	-0.58526991	0.77468684
1.15878142	-0.31533122	-0.20270884	0.06408403	-0.18905905	0.08748237
0.88095866	-0.62852735	-0.36197309	0.92256412	-0.36696862	0.02308504
0.86692357	-0.27626038	-0.19112544	0.69786207	0.20332887	-0.49716428
0.73331866	-0.53949259	-0.21185422	1.14093526	0.72497578	-0.18763518
0.33291909	-0.04717993	-0.06803507	0.49724349	0.38727681	-0.19223561
0.58685727	0.01169859	0.00441788	1.30931736	0.18537644	-0.80087015
0.32691078	0.01600710	-0.22796606	0.60810285	0.03813675	-0.48108261
0.95186671	-0.18433655	0.07835346	0.96041438	0.02247302	-0.35241971
0.23445306	-0.34277715	-0.06765812	1.33409516	0.35672383	-0.53192707
0.89679746	-0.44935523	-0.17179311	1.87397812	0.52119571	-0.64627069
0.55357274	-0.48497719	-0.14317568	1.46219491	0.42422922	-0.33133151
0.94336598	-0.33469465	-0.21439657	0.10175903	1.20088043	0.03917185
1.30586519	-0.26730612	-0.22105822	-0.09785169	1.32684432	-0.31739741
1.40723122	-0.38036068	0.34502199	-0.47261383	0.72918223	-0.59447640
1.58433972	-0.25808047	0.23848899	-0.34567590	-0.17548001	-0.09425353
1.79805066	-0.57746122	0.04455716	0.16295986	-0.36564294	0.34060100
1.65255144	-0.58881667	-0.01477034	0.67433617	-0.05469301	0.12745485
1.45040207	-0.52211753	0.15476581	0.51524668	-0.05265759	-0.06468703
1.49399127	-0.63537983	0.25295271	0.98382696	0.24682819	0.15956140
1.01759927	-0.16529165	-0.04651678	1.25767299	-0.07179137	0.02626397
1.33339781	-0.15822938	-0.04822238	0.70177702	-0.62193261	0.26901873
1.71380568	-0.67600196	0.12907910	0.50003537	-0.17524611	0.15252056
1.61410325	-0.29174839	-0.03822225	0.74718248	-0.32677717	0.08216705
1.27851429	-0.15830976	0.14410252	0.65661723	-0.36503934	-0.44654442
0.90739204	-0.35473432	0.09937985	0.87267537	-0.10556905	-0.43925786
0.56151541	-0.25259911	-0.07730598	-0.12166560	0.56807466	-0.66901971
0.79143510	-0.06201844	0.01761194	-0.40987571	0.13265535	-0.39703268
0.77643789	-0.08978500	0.23695139	-0.36479907	0.25584782	-0.26971016
0.46618888	-0.07995380	0.07805746	0.63263475	0.62594145	-0.57588853
0.59216978	-0.01356143	0.04538945	0.10781657	-0.64427987	-0.39997747
0.94607150	-0.10205125	-0.05471066	0.76314565	-0.67582583	-0.64136876
1.56425655	-0.35991205	-0.09130241	0.97689390	-0.39728423	-0.44634660
1.10484802	-0.57844862	-0.15564015	0.56835676	-0.66087406	-0.32613204
1.25239096	-0.50781706	-0.14256556	1.09350285	-1.18498030	-0.31028148
1.08687864	-0.52752405	-0.32962819	1.96727910	-0.28753793	0.18499460
1.00098528	-0.84126587	-0.15312337	1.30326638	-0.30157679	0.55792033
1.22155679	-0.40211576	-0.09596464	2.08043965	-0.37016290	-0.06584527
1.16936143	-0.40733108	-0.11092613	0.98167369	0.13582797	-0.04463583
1.93246398	-0.34804193	-0.08659645	0.73525723	0.30774615	-0.30158380
1.38506543	-0.54431432	-0.27513439	1.00498116	0.28755313	-0.25539817
1.56246503	-0.08279988	-0.20518402	1.12223574	-0.29636657	-0.05822554
1.59038923	-0.05889150	-0.12807162	0.73740477	-0.24840346	-0.04028209
1.22684492	-0.01530580	0.01193889	0.67431024	-0.45831452	-0.21161050
1.07129843	0.02064909	0.06763265	0.40707727	-0.61579131	0.21512081
0.82569568	-0.30607091	0.16072882	0.26614966	-0.36872802	0.27015235
0.98486581	-0.38879987	-0.15767509	1.63314256	-0.97790919	0.03210603
1.17235114	-0.13725670	-0.21339387	0.85371268	-0.94604536	0.19209430
0.90126297	-0.35481824	-0.35520990	0.34778166	-0.43813161	-0.03925155
1.08378601	-0.07510168	-0.12922020	1.60544495	-0.30077611	0.08246401
0.59241848	-0.20915741	-0.07830959	0.67086428	0.06085619	-0.23082164
0.36712727	-0.20058614	-0.10268838	0.58245778	0.20966112	-0.61660148
0.63664632	-0.28306322	-0.05869140	1.14343109	0.04888707	-0.44940445
0.99681429	-0.40066815	-0.07986606	1.43569979	-0.21082291	-0.30438663
0.61014895	-0.12857352	0.01367826	1.82931756	0.52810794	-0.08784866
0.52261845	-0.16646594	-0.08453876	1.08334936	0.39852490	-0.12024301
0.82260701	0.08795704	-0.19531630	1.00158548	0.23628747	-0.33045705
1.01044304	-0.09638409	-0.21818221	0.22683972	0.15701615	-0.41171548
0.52617657	-0.27900327	-0.08611762	-0.06153152	0.55915973	-0.78413898
0.44524514	-0.18469394	0.08588249	-0.05634139	0.19405013	-0.37064237
0.83052780	-0.39875018	0.06616863	-0.59665967	0.03292988	0.17407846
1.15535317	-0.56163956	0.15143268	0.98887281	0.19393902	0.12824689
2.00823510	-0.49071564	0.25442213	0.51649645	0.09471892	0.24973150
1.71324646	-0.62486843	-0.01592612	-0.82076712	-0.16345724	-0.46697900
1.64996823	-0.53293692	-0.06943133	0.11527063	-0.45610135	-0.38617438
1.72214416	-0.50034633	0.06285581	0.96987515	0.25456590	-0.93068737
1.52901881	-0.62037644	0.24830013	1.67799151	-0.85842797	-0.21258140
0.99964827	-0.25595496	0.05023269	1.54612254	-0.20743729	0.07541552
1.00922789	0.40631349	-0.16260190	0.61397126	-0.07886240	-0.04713996
1.29000608	0.14613817	0.18488498	-0.09418180	-0.02562440	0.11243659
1.25352138	0.00041680	0.13657070	-0.30364779	0.39528991	-0.18848679
1.12797873	-0.00795372	0.06125624	0.19615549	-0.10120842	-0.44570863
1.44649945	0.02057267	0.03700950	-0.43112899	0.78573708	-0.33506928
0.71650658	-0.06577717	-0.14757756	-0.50077893	0.04522875	-0.53113332
0.50174608	-0.13728505	-0.00046516	0.47369045	-0.49753348	-0.60383854
1.03904557	-0.18478098	-0.19275092	0.77706210	-0.50764447	0.02574886
0.74843548	-0.08164538	-0.20300781	-0.03002284	-0.69292422	0.18438193
0.58052855	-0.41197918	-0.19204884	0.05943440	-0.61605040	0.23091490
0.68729242	-0.82351559	-0.13371079	1.85355640	-0.86561627	0.51672621
0.60916567	-1.06575483	-0.37060806	2.46760354	-0.67190764	0.54033634
0.94065940	-0.72763350	-0.30745539	1.67339102	0.48332516	0.44667702
1.52856097	-0.48404761	-0.57448152	1.32639005	0.72156353	-0.04536289
2.04309227	-0.28342718	-0.51775073	0.65262200	0.38372525	0.07068618
1.98384187	-0.07367890	-0.40359457	0.80152642	0.02316165	0.05571901
1.52017099	-0.00069358	0.09608224	0.78261195	0.05194382	-0.33043448
1.20213227	0.15840120	-0.16240498	-0.46785606	-0.68420682	-0.22116848
1.45370595	0.12304120	-0.14342418	-1.02569588	-0.53745998	-0.10360941
1.66207203	-0.04221190	-0.10162441	-0.65359903	-0.58123864	0.32098141
1.43266688	0.02116358	-0.16841692	0.12624603	-0.19845810	0.73339074
1.02823717	-0.31317876	-0.17505099	-0.59520454	-0.12591810	0.39165326
0.89545428	-0.09734231	-0.12409788	0.65630905	-0.62923876	-0.15335618
0.70804027	0.10817272	-0.11449823	-0.17455618	-0.34785725	0.17079999
0.78870299	-0.30526105	-0.18742087	0.06240976	0.12325574	-0.21518840
0.59200698	-0.31501132	-0.16438921	0.55191854	0.15113270	-0.02529306
0.91268275	-0.33931324	-0.20537766	1.14052420	0.16929370	-0.38617074
0.61342735	-0.11501394	-0.23741319	0.92282331	0.45813780	-0.10227469
0.44761154	-0.12131118	0.07026125	1.45451842	0.60693406	-0.23172936
0.23845018	-0.09682735	0.07100636	1.42720446	0.70364371	-0.76764352
0.12938187	0.26032858	0.00144811	0.99462895	0.28657385	-0.76002026
-0.11412119	0.21317363	0.17293602	-0.97690856	-0.44602289	-0.53469318
-0.26638987	0.03327569	-0.19759688	-0.22387926	-1.31108624	0.76646049
1.14108797	-0.36166225	-0.14360459	-0.42043289	-0.65124178	1.28436442
2.37705437	-0.73391534	-0.67371978	-0.76457015	0.32286438	0.25668467
1.75385192	-0.85463284	-0.05394836	-0.87855562	-0.02100648	-0.23136273
1.81133782	-0.59023208	0.11987247	-0.33089503	0.01286067	-0.09837685
2.08768708	-0.51745132	-0.07047104	0.36904641	0.20173647	-0.54493253
1.45898867	-0.34340208	-0.09235602	0.85895956	0.56468147	-0.68500440
1.60165685	-0.23675834	0.17772829	1.24326052	0.52032718	-0.62746270
1.55678701	-0.45216132	0.20427221	0.84749299	0.05258180	-0.14729286
1.04497114	0.43202870	0.22294399	-0.39493213	-0.05789721	-0.38741314
1.97497241	0.25495688	0.28010410	-0.15509842	0.24120309	-0.10142698
0.85566315	0.08419940	-0.08474267	-1.38906482	-0.16184291	-0.11243742
0.83145495	0.10723341	-0.21414787	-1.43059627	-0.60244156	-0.15696945
1.09229353	-0.40562274	-0.05115358	-1.75591196	-0.15344816	0.42630935
