1.25882017	-0.34015759	0.02638303	0.82280751	-0.22790322	-0.31446026
1.16244405	-0.40722709	0.12057620	0.95487141	-0.05203820	-0.23396730
0.86010652	-0.29319096	0.08702112	1.13079924	-0.57998558	-0.05054110
1.20155800	-0.29091125	-0.04289940	1.15801383	-0.56184080	0.31393662
1.37277259	-0.51271754	-0.05746216	1.08324933	-0.48945994	0.30556368
1.49542010	-0.65628070	-0.12402346	1.02947106	-0.33599104	0.19402053
1.42858063	-0.52551191	-0.16225516	1.70970494	-0.41420178	0.12742702
1.76604302	-0.54455488	-0.13505788	1.30419293	-0.82018069	0.23914007
1.51164432	-0.51648362	-0.11563235	1.20938321	-0.79887846	0.39708893
1.18134196	-0.61450343	-0.13524785	0.36882670	-0.73383466	0.33760740
1.12248423	-0.67319370	-0.23584952	0.90339191	-0.75517954	0.26391402
1.17944128	-0.93868630	-0.28949752	0.94247588	-0.24844430	0.24214463
1.06352007	-0.69868550	-0.19976584	0.90229201	-0.43673372	0.01503707
1.10169283	-0.66425684	-0.27570312	0.97752019	-0.63361311	0.06451637
1.38380550	-0.55149735	-0.24468318	0.63595523	-0.59924985	-0.09378951
1.19087769	-0.49454839	-0.26578777	0.54349057	0.04216297	-0.19191733
0.97443895	-0.50249197	-0.30078560	0.54331933	-0.33202865	-0.18675223
1.13516832	-0.45102765	-0.28076537	0.77034726	-0.46131902	-0.26629511
1.02229956	-0.51379233	-0.16461502	1.28480920	-0.22450210	-0.17324173
1.02145500	-0.40200324	-0.21594130	0.81559713	-0.45941454	-0.15425256
0.75371720	-0.28980481	-0.16097776	0.47319479	-0.63636566	-0.26032207
0.64193580	-0.24848850	-0.16243970	0.06424035	-0.44789433	-0.00811973
0.60760199	-0.26971639	-0.23279363	0.23900864	-0.40563845	-0.11061840
0.64200592	-0.24853853	-0.21661398	0.37337934	-0.53334408	-0.13069841
0.63837597	-0.40359055	-0.26317559	0.08842697	-0.30745881	0.13849408
0.71979692	-0.16412485	-0.17552277	0.33281411	-0.30591180	0.26279050
0.83266841	-0.33413457	-0.28516198	0.59880634	-0.69325348	0.42413591
0.63424307	-0.17148144	-0.26518373	0.65991551	-0.41239624	0.19557959
0.87682443	-0.24915092	-0.27630675	0.46849768	-0.35025313	0.08182875
1.02614541	-0.38027809	-0.09212476	0.62465536	-0.25585677	-0.09169046
0.98268372	-0.37522311	-0.18549890	0.49719497	-0.52762268	0.16236597
0.82669909	-0.29563681	-0.10334617	0.75675622	0.09317190	-0.00949947
1.09250325	-0.37221217	-0.14327318	0.93409633	-0.37346039	-0.12102667
1.38190758	-0.16956562	-0.04219304	0.47086184	0.04118552	0.11093613
1.22687708	-0.09465893	-0.04168123	0.34166892	-0.01513248	-0.10829881
0.98665532	-0.15391822	-0.07030432	0.34377448	0.33256409	-0.36218260
1.32573652	-0.25403455	-0.18550659	0.61164457	0.10711374	-0.40237335
1.26504987	-0.37196996	-0.17373535	0.98335227	0.33623475	-0.28969954
1.28828501	-0.56082828	-0.18335745	0.62887193	0.27552985	-0.05317989
1.19762421	-0.71082690	-0.28954635	-0.22712754	0.09028978	0.23847528
1.11658694	-0.70905359	-0.33286440	-0.48159699	0.22395748	0.19616172
1.29555720	-0.88958718	-0.25837983	-0.06328293	-0.00771309	-0.02782078
1.34167078	-0.87814445	-0.12274761	-0.17237031	0.25742094	0.02869882
1.13158139	-0.89889307	-0.16249117	0.95251556	0.08353596	0.03993771
1.13607624	-0.75473753	-0.15265077	0.18210423	0.16296744	0.28640834
1.14012974	-0.54958524	-0.22418188	0.30656520	0.25595585	0.43503150
1.06592421	-0.42862066	-0.20675946	-0.30894768	0.23422186	0.09357631
1.32294547	-0.41306116	-0.11154273	-0.45671163	0.11054144	0.21930887
1.01810860	-0.33102877	-0.07625651	0.04023546	-0.03186953	0.00083564
1.13339006	-0.47713211	-0.15066308	-0.24405151	-0.04512296	0.31906689
1.02210176	-0.53415577	-0.15537184	-0.12566374	0.21304560	0.29019377
0.88438929	-0.36011569	-0.18514642	-0.26445346	0.26391317	0.11375392
0.86236676	-0.35136753	-0.13580570	-0.15682395	0.37426192	-0.08229926
0.85681674	-0.50756247	-0.07282708	-0.42339302	0.20144731	0.14901224
0.83484294	-0.35223224	-0.09177878	-0.02346052	0.14995846	0.11815745
0.86328489	-0.26029313	0.00585233	-0.43302123	0.33771431	0.13926101
0.86377823	-0.37762067	-0.03394497	-0.25822303	0.65942557	0.05250996
0.77308189	-0.33166273	0.00587794	-0.39653491	0.57956516	0.11060307
0.62063000	-0.35625132	0.00121948	-0.47149779	0.42209998	0.13023296
0.76079475	-0.35477390	0.08580600	-0.49612087	0.22922118	0.11774113
0.72147145	-0.28233218	-0.05798167	-0.79593742	0.11631335	0.05800459
0.91688092	-0.25028026	0.06915426	-0.76274799	0.04407851	0.17077588
0.90548921	-0.43080201	0.01232594	-0.44670761	0.14680245	0.07512411
0.97331739	-0.58360688	0.01375226	-0.67831997	0.32324625	0.25828739
1.03111148	-0.54085713	0.01575202	-0.50393480	0.43879654	0.06996523
1.05431091	-0.27931267	0.09003928	-0.41508718	0.44335596	-0.33439324
1.14238847	-0.52377549	0.06508934	-0.44004141	0.19992141	-0.27263886
1.01020044	-0.32682637	0.06080354	-0.25147912	0.36770567	-0.28169390
0.86135360	-0.27805768	0.01976982	-0.78037967	0.41255658	-0.29195386
1.03492697	-0.28715732	0.02584625	-0.53417922	0.21688607	-0.36855592
0.92625682	-0.18876492	0.03771009	-0.35071741	-0.11757418	-0.07356612
1.01940759	-0.28302297	0.00181707	-0.89202799	-0.27990608	0.21503505
1.30359065	-0.56604857	-0.05544920	-0.67511330	-0.28080999	0.06451298
1.36916353	-0.76288784	-0.18764224	0.10360312	-0.11097478	0.25192605
1.38115361	-0.76714047	-0.20804716	0.08506095	0.11537026	0.04483268
1.52091102	-0.58164845	-0.11694732	0.17381638	0.05792014	-0.03952759
1.50144932	-0.23667905	-0.19026628	-0.21579911	-0.32528391	0.15089965
1.25210498	-0.39017149	-0.26784776	-1.03198663	-0.50098315	0.50589099
1.12175631	-0.44250192	-0.26584908	-0.77398266	-0.08860938	0.57111927
0.92412526	-0.66276936	-0.23553626	-0.24848900	-0.14543306	0.54832107
1.09508316	-0.80917041	-0.31010200	-0.39015325	0.02206290	0.28762905
1.13846049	-0.55709897	-0.30986529	-0.90943866	0.21107565	0.27992514
1.05098323	-0.54989779	-0.24635578	-0.15308711	-0.14228498	0.12898363
0.90925836	-0.40097417	-0.28466185	-0.57623716	-0.00462912	-0.00620231
1.10861678	-0.49979906	-0.18844504	0.03050743	-0.05958396	0.00337817
1.17094941	-0.41838692	-0.17763026	0.18625121	0.01406360	-0.26686300
0.99429295	-0.53157049	-0.25906849	-0.19337537	-0.05292481	0.14236153
0.90606347	-0.24402666	-0.16314967	-0.39542771	0.16574225	-0.05837625
0.72918064	-0.27972745	-0.19434195	-0.46335807	-0.23264042	-0.17043360
0.75211043	-0.32090797	-0.17035755	-0.35523122	-0.05784646	-0.15213128
0.86466735	-0.18775468	-0.26153126	-0.61360029	0.15121418	-0.01950542
0.80107066	-0.21883012	-0.15493700	-0.35776487	-0.22725913	0.04841030
0.66689941	-0.32420645	-0.16268970	-0.65878050	0.00897232	-0.11929797
0.85064613	-0.39738826	-0.16227793	-0.32264045	0.00192814	0.08566994
0.86253603	-0.24180072	-0.23825220	-0.71615993	-0.11753150	0.04257546
0.91592626	-0.38319454	-0.28895162	-0.30120359	-0.15961080	0.12982807
1.11255992	-0.40478945	-0.21411071	-0.37819319	0.29218327	0.23752860
0.84771192	-0.25350541	-0.26247239	-0.18677502	0.26662299	0.05054272
1.13694093	-0.41389833	-0.20418694	-0.56996331	0.23586507	-0.16793272
0.88331152	-0.29898566	-0.22931462	-0.35403862	0.19387308	-0.01070997
1.22537109	-0.21656163	-0.15573659	-0.61512298	0.30938730	0.05847738
1.22965584	-0.40533122	-0.16656722	-0.31601175	0.09671097	0.03659826
1.04470856	-0.31045574	-0.27994442	-0.63252078	0.16434478	0.08032370
1.29769583	-0.32019720	-0.31585641	-0.63506189	0.22994826	0.07323765
1.17559351	-0.26006168	-0.19472438	-0.28878149	0.20759196	-0.08159518
1.05014682	-0.26566593	-0.17386357	-0.31964888	0.48612744	-0.03364731
0.88488646	-0.19676101	-0.21829733	-0.61312701	0.01018192	0.01915919
1.17626017	-0.22181581	-0.28530464	-0.19310274	0.24927125	0.11539748
1.05935621	-0.17766452	-0.23786890	0.02384243	0.19082418	0.03457025
1.07449694	-0.21729314	-0.32551345	-0.23130376	0.25568818	0.17604010
1.26730903	-0.35933580	-0.30721711	0.46719884	0.38699872	0.02545880
1.30569246	-0.51298083	-0.33702253	-0.28609181	0.35274322	-0.22778339
1.45904377	-0.46690446	-0.22187750	-0.13068861	0.11594154	-0.11492827
1.32188181	-0.49128590	-0.32411513	-0.90972808	0.26916913	-0.25267173
1.72694323	-0.61781624	-0.29888204	-0.82683474	0.53697803	0.07397835
1.59968320	-0.74007971	-0.24323057	0.15544132	0.51693719	-0.31180681
1.53058312	-0.80194154	-0.27862021	-0.15451854	0.74943792	0.05592048
1.55696935	-0.81929740	-0.21508165	0.47471317	0.57313201	0.16145357
1.25091223	-0.65719522	-0.06416615	0.34430107	0.41642559	0.09476507
1.11262006	-0.74235941	-0.05207521	0.42847334	0.31827709	0.17910950
1.15649848	-0.38713157	0.00719688	0.14419766	0.61683355	0.53014231
1.12532721	-0.39754210	-0.03947627	-0.16321394	0.38878909	0.34272301
1.24635539	-0.33576291	-0.07155956	-0.32311641	0.11822545	0.44432908
1.13588416	-0.24705802	-0.08723606	-0.14893396	0.33971216	0.27012704
0.91106622	-0.26831496	-0.03555501	-0.73630241	0.62209607	0.12229410
0.89329784	-0.42197126	-0.03544364	-0.17808511	0.58505945	-0.15706335
0.64517299	-0.45284314	-0.03320266	-0.47078870	0.38161705	0.10655068
0.70822924	-0.11556331	-0.08840231	-0.83972272	0.48976360	0.01245332
