1.11260195	0.00796159	-0.19294335	-0.07733450	-0.22736217	0.17497747
1.12674197	-0.01696818	-0.17091220	-0.04810277	-0.20089269	0.18801746
1.14233099	-0.03234408	-0.14885502	-0.00234743	-0.07900726	0.19473423
1.12207144	-0.05736455	-0.16584719	-0.08340737	-0.02832912	0.07046743
1.12100650	-0.06842454	-0.16294113	-0.12604442	-0.05016291	0.04773449
1.11481275	-0.08480757	-0.20225586	-0.12038420	-0.03641037	0.04706219
1.10463374	-0.07123503	-0.16940795	-0.10185399	0.02337814	0.02819498
1.10244908	-0.07240076	-0.20713319	-0.03889730	0.02450672	0.01114555
1.11209512	-0.05255912	-0.17825981	-0.01974256	0.10541326	0.01247118
1.11367257	-0.11480226	-0.17844430	-0.09773168	0.10706467	-0.04131340
1.13008589	-0.09287418	-0.14492119	-0.10516508	0.13035073	-0.05819016
1.13162808	-0.08020040	-0.13227365	-0.10909300	0.15163267	-0.02088737
1.13451817	-0.09424588	-0.10944285	-0.08494904	0.17877746	-0.11699990
1.13564633	-0.09054393	-0.12648294	-0.03928214	0.24187941	-0.12172681
1.12773468	-0.04671981	-0.13110859	-0.01385333	0.23874313	-0.08959900
1.11887881	-0.03443372	-0.15511835	-0.01640058	0.22495479	-0.08542052
1.12017457	-0.04754381	-0.15386990	-0.00187996	0.26706721	-0.04182235
1.13499258	-0.04658301	-0.11459219	-0.00289561	0.30225870	-0.04813477
1.14176559	-0.03662687	-0.08692129	0.07506239	0.30796159	-0.01658404
1.13979916	-0.04938589	-0.11015937	0.07405078	0.31707804	-0.07302049
1.12579464	-0.04444704	-0.12074828	0.03965922	0.28959985	-0.06821416
1.12415028	-0.04513255	-0.06028784	0.06193453	0.26353754	-0.07423340
1.11196215	-0.05547985	-0.09217184	0.06310504	0.29497996	-0.12485166
1.10482980	-0.01430259	-0.07721425	0.08806282	0.29630749	-0.01458651
1.09913396	-0.04069911	-0.08672440	0.02479786	0.19541169	-0.07146882
1.11644666	-0.03898544	-0.08138587	0.07503208	0.19273741	-0.10790119
1.11532790	-0.04357549	-0.04385203	0.00299459	0.15443626	-0.12045785
1.11639235	-0.02741608	-0.01762020	0.03224054	0.07960331	-0.09681762
1.12086863	-0.01475946	-0.06857191	0.03037390	-0.03558221	-0.06025009
1.12363783	-0.02993039	-0.02201274	0.02347324	0.06845031	-0.05522427
1.11522665	-0.05476823	-0.02687309	0.01493584	0.04310171	-0.04352846
1.11426583	-0.02352816	-0.03239724	-0.00224310	0.08232073	-0.09705558
1.12204288	0.01206822	-0.06289621	-0.00386702	0.06213473	-0.06287210
1.12518408	0.00833952	-0.05536907	-0.00640560	-0.03965536	-0.13329362
1.12298124	-0.00431542	-0.05547852	-0.01483534	-0.00009218	-0.13771415
1.12396267	-0.01784283	-0.08998199	-0.01626313	0.02203426	-0.13943437
1.12961674	0.01165252	-0.07961631	-0.00166722	-0.03962421	-0.11518628
1.13666241	0.02296595	-0.05079787	0.00157522	-0.11931458	-0.14218240
1.13402760	0.01091244	-0.05159581	0.00905184	-0.09640402	-0.12422051
1.13568538	0.02951952	-0.06671662	0.00261344	-0.02048235	-0.03934337
1.12580866	0.00412423	-0.09040099	-0.01733125	-0.05400110	-0.14135634
1.12616300	-0.00644190	-0.07367694	-0.00995891	0.01840366	-0.08379428
1.12450155	0.02584817	-0.05186469	0.01306251	-0.12888053	-0.12003695
1.13654429	0.01133330	-0.09607277	0.02686083	-0.04917635	-0.09304534
1.12230838	0.00810051	-0.09091655	0.00855232	0.00749217	-0.10519640
1.13420491	0.00552480	-0.08049290	-0.01223388	-0.10552657	-0.05567686
1.13847881	0.03773968	-0.10784975	0.01830766	-0.00730938	-0.09008504
1.12971259	0.03714343	-0.09462960	-0.00606410	0.04580475	-0.10406544
1.12555686	0.02301223	-0.06665899	0.00511076	0.02276396	-0.09139651
1.12701708	0.04553780	-0.07875206	0.01445425	-0.04600118	-0.08792656
1.13074132	0.01559349	-0.06556402	0.04915488	0.01413972	-0.11039554
1.13025849	0.03029916	-0.06699252	0.02410840	-0.07709492	-0.13815976
1.12282525	0.05507322	-0.08386174	0.05397441	-0.01932334	-0.10049459
1.12667134	0.03930847	-0.05717109	0.01611241	-0.02841018	-0.08688851
1.11977505	0.03882482	-0.08728381	0.00373179	0.07053949	-0.16394470
1.12091847	0.01100339	-0.10235045	0.01338895	-0.00832878	-0.09924319
1.12931905	0.02756339	-0.07181596	-0.00020425	0.00027321	-0.05905839
1.12313288	0.03243128	-0.07687162	0.00189190	0.04278107	-0.06639104
1.11935441	0.03108749	-0.08778963	-0.00033308	0.01618676	-0.04930970
1.11958164	0.03796792	-0.06995097	-0.00406001	0.02993600	-0.08283720
1.11967961	0.03449150	-0.05001458	0.00628030	-0.13120386	-0.06438349
1.13465295	0.02797562	-0.08692388	0.03573809	-0.06782672	-0.08418906
1.12758855	0.04794854	-0.08920911	0.06410712	0.03709947	-0.03734398
1.12293213	0.00961437	-0.07806610	0.02274230	-0.03708528	-0.07666076
1.12890471	0.02732018	-0.10304669	0.01538655	-0.08460621	-0.10804958
1.12256840	0.03900185	-0.09966648	0.01602759	0.02863720	0.05284768
1.12293756	0.01546867	-0.09209462	-0.01832248	-0.06261862	-0.04991778
1.12695911	0.02519566	-0.09705344	0.00460817	-0.05662864	-0.03974527
1.12398211	0.04235846	-0.07745631	-0.00761765	-0.04448962	-0.00222873
1.12224723	0.02518999	-0.09179185	0.01032350	-0.05089351	0.03268378
1.13026410	0.02490170	-0.08723576	0.03888403	0.03091491	0.00982472
1.11854639	0.03518677	-0.07575065	0.00724875	0.04910856	0.02620676
1.12119559	0.02730628	-0.06735318	0.01072233	0.02845092	0.02001069
1.12759665	0.03375372	-0.08637303	-0.00780873	-0.05409206	-0.04092452
1.12569221	0.06317906	-0.05733603	-0.02203604	0.03350972	0.00856463
1.12207948	0.02283595	-0.13228624	-0.00362108	0.10457826	-0.01640085
1.13046237	0.03337029	-0.08429612	0.02877598	0.05097578	0.01167347
1.11669722	0.05688675	-0.11637514	-0.01164759	-0.03919079	-0.01367855
1.12103550	0.05069308	-0.06723950	0.00735165	-0.00813839	0.04893594
1.12538790	0.05365234	-0.09357008	0.00979679	-0.07684095	0.04150449
1.12760119	0.06695941	-0.10295745	0.00693649	0.00347000	0.03069033
1.12529177	0.02265050	-0.07282064	-0.01826319	0.00327783	0.00771784
1.12890361	0.05464403	-0.06435328	-0.01587519	0.08701934	0.01887351
1.12122212	0.04740641	-0.07050756	-0.02550671	-0.03533495	0.03615396
1.12596666	0.03106691	-0.09325904	-0.01782172	0.00701456	0.04197893
1.12884109	0.00178697	-0.07820467	-0.00300637	-0.04899820	0.07030500
1.13194549	0.04942439	-0.09210161	0.01580213	-0.10768420	0.04639733
1.11760043	0.02455616	-0.09470424	-0.00435426	-0.01168268	0.03220632
1.11999041	0.02903869	-0.11435436	-0.02632396	0.00501058	0.07265721
1.12028322	0.03774182	-0.09835904	-0.00090843	-0.03760239	0.08604324
1.12104020	0.04179853	-0.08486579	-0.02243682	0.01402067	0.08121253
1.12741218	0.04101810	-0.10237738	0.02844396	-0.02977598	0.03109151
1.12625173	0.02762180	-0.10638508	0.05955567	-0.00989427	0.06930620
1.11992187	0.03521795	-0.11433980	0.03248424	-0.00724571	0.07040807
1.12306760	0.02462790	-0.09995367	0.03806329	-0.15895835	0.02576279
1.12157727	0.03740672	-0.11235732	0.05147419	-0.04977187	0.04561278
1.12093055	0.03394472	-0.09239446	0.05182370	-0.00374533	0.04114675
1.12091017	0.03346111	-0.10688178	0.04703028	-0.03492635	0.09863690
1.12119981	0.04261029	-0.08779087	0.02841422	0.02228398	0.04606227
1.12063095	0.02704499	-0.12645300	0.03551358	-0.02663490	0.13139793
1.13742066	0.01923691	-0.10934773	0.00276721	-0.00009439	0.06052402
1.12547555	0.02364995	-0.10270962	0.03524850	0.06296198	0.06019159
1.12584674	0.02004963	-0.09921240	0.04933186	0.02520126	0.05751500
1.12828272	0.00713529	-0.07543044	-0.01188248	-0.04890660	0.10461615
1.12784223	0.01620183	-0.08962163	0.03967343	-0.00021436	0.02854874
1.12782963	0.03555356	-0.10303623	0.04405703	-0.04428153	0.03623032
1.12721966	-0.01106085	-0.12522555	0.01981827	-0.07579572	0.05289126
1.12360793	-0.00121440	-0.07596303	0.01808494	-0.07230528	0.04496686
1.12945015	0.02428617	-0.07601113	0.03065736	-0.02228856	0.02556155
1.12313798	-0.00570811	-0.10206342	0.02421663	-0.10801710	0.05370203
1.12114211	0.01183710	-0.09288944	0.00545003	-0.09498260	0.00705686
1.12824248	0.01324057	-0.11259630	0.02845686	0.00519627	0.02162270
1.12375585	0.02318011	-0.11101923	0.01629191	0.04220219	0.03006592
1.13453941	0.00661971	-0.12179851	0.01662560	0.00665723	0.01235606
1.12421636	0.01957939	-0.10844160	0.00111872	-0.01616550	-0.01482712
1.12047950	0.01899693	-0.09768038	0.03185552	-0.08031763	0.03755737
1.13162125	-0.00089500	-0.12559043	0.01058333	0.02009848	0.02836013
1.11785429	0.03318542	-0.10074935	0.00347529	-0.04851239	0.02169775
1.12333872	-0.00556582	-0.05904895	-0.00103473	0.02551872	-0.01588216
1.13031228	-0.00346371	-0.08109857	0.01421525	0.10652861	0.05222934
1.12838566	-0.02087246	-0.10201921	0.01251540	-0.03626235	0.05728558
1.12682543	0.00919214	-0.10326011	-0.00213274	0.00265151	0.07939032
1.12512275	-0.01618096	-0.12873496	-0.00475591	0.07101377	-0.01352192
1.12007479	0.02505459	-0.09660864	0.01184796	0.01893502	0.03479157
1.12346058	0.02615305	-0.06871897	0.00185596	-0.00547468	0.04213149
1.12728768	0.02633403	-0.11313076	0.00384866	0.04111334	-0.01845465
1.12931420	0.00436664	-0.11036438	-0.02477485	0.02741561	0.02125687
1.13336441	0.01882811	-0.09786012	0.02065559	-0.03373365	0.01819629
