0.23198742	0.98089900	0.42309597	0.20811075	0.09358299	0.22031335
0.23992883	0.98317572	0.42819568	0.19801222	0.08873158	0.18569894
0.23075785	0.98581443	0.42274456	0.17915583	0.06898440	0.18100092
0.22766340	0.96579404	0.42310282	0.27028258	0.11330423	0.19584470
0.23842200	0.97251255	0.42649936	0.24681173	0.07614118	0.19342301
0.21876971	0.96671907	0.42851701	0.19497814	0.11152186	0.20644308
0.24052784	0.97483073	0.43480119	0.25350691	0.10682571	0.21317351
0.25293088	0.98329284	0.43463318	0.19417791	0.04491245	0.13964292
0.23412270	0.97281998	0.42513892	0.25147230	0.11203924	0.17973469
0.23894824	0.97678307	0.43579020	0.20963961	0.12624292	0.18940775
0.22847399	0.97643338	0.41423685	0.26096276	0.10371383	0.20050382
0.24732104	0.98678520	0.41826260	0.20705039	0.07791777	0.17774530
0.23965000	0.98800221	0.43736842	0.27167578	0.11282865	0.20634602
0.22813192	0.98405343	0.44442099	0.19901275	0.10615505	0.14941896
0.22985884	0.98325914	0.41726783	0.20196035	0.12297072	0.16294608
0.22881925	0.98866117	0.43131947	0.21507446	0.14103250	0.20661027
0.22137967	0.97285467	0.43061170	0.20481600	0.06258204	0.19974110
0.22568547	0.97727948	0.42581763	0.17115143	0.01546888	0.16087074
0.23368964	0.97713041	0.41553143	0.17030654	0.09157588	0.16179743
0.23556346	0.98528657	0.41875670	0.21909768	0.07956966	0.17793623
0.22281380	0.96659282	0.42150797	0.18438018	0.12735431	0.17318637
0.23921137	0.98473346	0.43540160	0.17477080	0.07284687	0.16055236
0.23307973	0.99485219	0.42361254	0.24105001	0.09622098	0.15464730
0.24302349	0.98692445	0.43834519	0.16338345	0.07018066	0.19865238
0.23360425	0.97445213	0.44296616	0.17853146	0.12346627	0.18252448
0.24314374	0.98306575	0.44342497	0.16746669	0.08269431	0.18194922
0.23800076	0.97224741	0.44273659	0.18550251	0.08205922	0.20129765
0.23716099	0.98119277	0.45205081	0.16412015	0.05332209	0.18256679
0.22270523	0.99930806	0.44691728	0.12565187	0.04224582	0.20420657
0.22443802	0.98328953	0.44831123	0.18021163	0.03351547	0.19802647
0.25298644	0.97923874	0.43217735	0.18753095	0.04213946	0.15773482
0.25390683	0.96661024	0.43835673	0.16632732	0.07762372	0.08510257
0.22860756	0.97226570	0.45974489	0.15664085	0.07911328	0.12290410
0.23519709	0.96774185	0.43485188	0.06393334	0.11261821	0.16477706
0.23184975	0.96607784	0.44046792	0.14589820	0.07943987	0.16098652
0.23985251	0.96342312	0.44184675	0.20938940	0.07590329	0.17139237
0.23641478	0.96232844	0.43136885	0.16535583	0.10532818	0.16634505
0.24228963	0.97477811	0.43294867	0.21857354	0.09749792	0.17845865
0.22912662	0.97923659	0.44188063	0.19633435	0.11547393	0.14590849
0.23838271	0.96855262	0.44229470	0.15229298	0.07621190	0.11786827
0.25142703	0.97993673	0.44428554	0.19716619	0.01975324	0.14155048
0.22948146	0.97096281	0.43362855	0.16289939	0.10755810	0.14460879
0.24307503	0.97674422	0.41415347	0.14411714	0.07642025	0.13733580
0.22265528	0.97343864	0.44329325	0.15691068	0.07190755	0.13796734
0.22639346	0.97387668	0.45365303	0.13680355	0.07696559	0.12413262
0.24676562	0.96290208	0.44453215	0.13663213	0.03562433	0.15090037
0.23482600	0.97059863	0.44942597	0.14734317	0.01691819	0.12584190
0.23474161	0.97022987	0.44268609	0.16456005	0.04609630	0.12573147
0.22560039	0.97555757	0.44210024	0.14006515	0.07595736	0.13547710
0.21747963	0.96953100	0.44934056	0.13602642	0.03890529	0.12035580
0.22481224	0.98175669	0.44956859	0.16239437	0.04523995	0.16512376
0.25447354	0.97804026	0.43599438	0.18555481	0.03589521	0.12339528
0.25421823	0.98057913	0.44940186	0.14907827	0.05816143	0.10218253
0.23875492	0.96958409	0.45809260	0.12926833	0.05860770	0.13246264
0.22781525	0.97322719	0.44419338	0.15993791	0.02269970	0.12314950
0.22576330	0.97724849	0.44690734	0.12763916	0.01456304	0.13296988
0.23360570	0.96320875	0.43111039	0.13034379	0.05456771	0.09951128
0.24119652	0.96343470	0.45473568	0.20651710	0.06783474	0.08334586
0.23928002	0.96959032	0.45241288	0.10525939	0.01981097	0.07921389
0.25072537	0.97337611	0.44703891	0.17559586	0.06030303	0.09527330
0.24394804	0.96771028	0.44762248	0.17654086	0.05765022	0.07950975
0.23783973	0.97942869	0.45246002	0.12587782	0.06358134	0.06784023
0.22894138	0.98042697	0.44747062	0.10686238	0.03790972	0.07327672
0.23507232	0.98622044	0.46575753	0.12304550	0.04813566	0.12069003
0.23592944	0.97625637	0.45346619	0.10556892	0.05558957	0.05823275
0.23625840	0.97532676	0.44580753	0.14327406	0.07454762	0.08014803
0.25478122	0.96423488	0.44651250	0.11818759	0.02804489	0.07077948
0.23554511	0.96419703	0.44978989	0.14942467	0.02643515	0.08599684
0.23588886	0.95773162	0.45343224	0.13360681	0.11207167	0.02589090
0.23887244	0.95928711	0.44662715	0.13915323	0.06727311	0.08045313
0.23301604	0.96496563	0.45370407	0.08641217	0.08585881	0.08371272
0.22551223	0.97060465	0.46242928	0.12802637	0.06778549	0.08515777
0.23617605	0.98872672	0.47042524	0.13950681	0.00780788	0.09016181
0.22989038	0.96855137	0.46310358	0.10593414	0.03999056	0.09772220
0.22980628	0.95903622	0.46531520	0.16959964	0.07949897	0.05694896
0.22939028	0.96800839	0.46471222	0.06947007	0.03809250	0.09107201
0.20416934	0.95065836	0.44833687	0.08521180	-0.00862810	0.10486841
0.21796371	0.95063254	0.45329516	0.15305692	0.00425469	0.09036098
0.23002494	0.95304778	0.45801803	0.18928384	-0.06655645	0.10914341
0.23977156	0.96116734	0.45395669	0.18539756	0.00988169	0.11515501
0.23121685	0.95900107	0.46470665	0.20430969	-0.06007182	0.16167912
0.22506840	0.95815956	0.47115028	0.19688853	-0.10014373	0.06870694
0.23284860	0.96593064	0.47518547	0.23359692	-0.18693119	0.12580687
0.25138840	0.97089110	0.44913104	0.19151685	-0.12553758	0.08767535
0.25289659	0.99722167	0.45335155	0.18294932	-0.15243939	0.10518692
0.23989187	0.99388676	0.44498021	0.21361034	-0.08917885	0.12867456
0.26841342	0.99924268	0.42578793	0.13824580	-0.08506765	0.08296869
0.26454904	0.99634686	0.42710582	0.08455385	-0.07591747	0.06902565
0.29891340	0.98826553	0.42100191	0.11893931	-0.00725515	0.07578037
0.29731874	0.97047948	0.42353107	0.03489881	0.00737003	0.02592734
0.28292317	0.98407111	0.41873988	-0.04348118	0.02059581	-0.00679579
0.31286493	0.96627982	0.41514402	-0.06083843	0.00182819	-0.00609004
0.26024481	0.96806047	0.43506805	-0.02936443	0.15526349	0.00163000
0.26544020	0.98818097	0.45060745	-0.06776723	0.12795397	-0.00715293
0.24270387	0.98510846	0.46683023	-0.09085905	0.09847502	-0.00764362
0.22097165	0.96362686	0.47306223	0.03989867	0.07983175	-0.01974067
0.20609364	0.93504249	0.46138965	0.01194829	0.04717373	0.00452926
0.22781434	0.93751052	0.47219397	-0.01276548	0.09560792	0.00189104
0.23447990	0.96031385	0.46435110	-0.02732427	0.09785326	0.02448802
0.22149967	0.97828304	0.46415049	0.03225552	0.07192106	0.04022168
0.21555390	0.97866157	0.47548925	0.01306582	0.09523464	0.08859835
0.21978949	0.96932064	0.49126108	0.02911393	0.02741013	0.06783841
0.25095992	0.95353373	0.48106989	0.09834650	0.04097529	0.03521758
0.25232312	0.96287122	0.48753705	0.06853460	0.05407048	0.03931153
0.23358650	0.94274009	0.47625678	0.09595565	0.03038399	-0.01127563
0.22237012	0.96218650	0.47483899	0.08679885	-0.02765329	0.02678696
0.24561937	0.94937252	0.48585556	0.08539873	0.03552357	0.05519058
0.22895841	0.94124772	0.47660667	0.14162177	0.06524107	0.08389767
0.22340792	0.95944903	0.48139184	0.13464570	-0.00094169	0.05910716
0.24241606	0.95629849	0.48051894	0.13268519	-0.00725447	0.02856866
0.23404793	0.95218507	0.48060853	0.12807695	0.02574902	0.04241741
0.23374595	0.94491306	0.48573738	0.07949361	-0.00425792	-0.01275380
0.24715010	0.96145285	0.47013476	0.12844347	-0.00437392	0.08698094
0.23930279	0.96582150	0.46768992	0.17707656	0.00774309	0.04141336
0.22558734	0.97478008	0.46015434	0.13917256	-0.01006861	0.06141276
0.23616963	0.96284667	0.47205459	0.14589379	0.03925342	0.02966289
0.24046426	0.96932101	0.45612344	0.11111057	-0.04568081	-0.00404903
0.23957904	0.96717736	0.45085001	0.09029246	-0.01012168	0.01673392
0.24793355	0.96723290	0.45973303	0.09421674	0.01764479	0.03410168
0.24568640	0.96000115	0.46107655	0.07255376	-0.01226036	0.00782136
0.22935263	0.96401771	0.46598210	0.11639800	-0.01266431	0.01940777
0.24594047	0.96154723	0.47917427	0.07019901	0.07142429	0.02604152
0.25130737	0.95780143	0.47096560	0.02364199	-0.01189976	0.02850113
0.24452699	0.97457070	0.47537736	0.07478001	-0.00555055	-0.00289871
0.24166261	0.96671644	0.47372090	0.07447820	-0.00073700	0.03005211
0.24187966	0.96830502	0.47214324	0.02393962	-0.03595492	0.03897072
0.23665354	0.97131963	0.46221205	0.06100771	0.00631693	0.02590547
0.24277767	0.96505045	0.46848567	0.12584571	-0.03109488	0.04332890
