0.23060638	0.96021904	0.49224117	-0.00374750	-0.01896804	-0.00994115
0.22695495	0.95604203	0.48788734	0.00391090	-0.00495998	-0.00946380
0.22993339	0.95684936	0.48573909	-0.00222223	-0.00253231	-0.00914794
0.22781994	0.96148512	0.48813070	-0.00744457	-0.00922858	-0.01268401
0.23250910	0.95854739	0.48753286	-0.00612618	-0.01649709	-0.01555136
0.23304084	0.96015174	0.47830115	-0.00613515	-0.00573398	-0.01083017
0.23217255	0.96112775	0.48336994	-0.00779926	-0.01321620	-0.01131821
0.23399658	0.95974412	0.47755067	-0.01229619	-0.00516258	-0.00489785
0.23109603	0.95611298	0.47655648	-0.01045535	-0.01124607	-0.00926538
0.23267880	0.95355821	0.47852459	-0.00999422	-0.01300996	-0.01040583
0.23101302	0.95406822	0.48180695	-0.00713223	-0.00705619	-0.01329550
0.22874373	0.95278972	0.48017168	-0.01110401	-0.00749641	-0.00952169
0.23032269	0.95622010	0.48664618	-0.01276861	-0.00692429	-0.01593075
0.22063067	0.95805192	0.48494904	-0.00907974	-0.01403014	-0.00358195
0.22578618	0.95819480	0.49097510	-0.00703906	-0.00818303	-0.01120952
0.23064258	0.96146241	0.48909495	-0.00947564	-0.01308850	-0.00866102
0.22624998	0.96116683	0.49256511	-0.00775909	-0.00624136	-0.00796590
0.22911235	0.95822762	0.48821027	-0.00523318	-0.00526043	-0.00737824
0.23209604	0.95756290	0.48354622	-0.00648231	-0.00812595	-0.00646052
0.23164253	0.95813919	0.48062024	0.00004121	-0.01296871	-0.00868605
0.22691710	0.95758893	0.48099342	-0.00298560	-0.01648165	-0.00726156
0.23813461	0.95358852	0.47449379	-0.00381130	-0.01852448	-0.00935518
0.23565941	0.95600105	0.46041784	-0.00683864	-0.00512937	-0.00944476
0.22806354	0.95643642	0.47289189	-0.00592129	0.00360829	-0.01614317
0.22540801	0.95511096	0.48592524	-0.01338254	0.00279999	-0.01477868
0.23202736	0.95477226	0.48170056	-0.01753540	0.00215602	-0.00780966
0.22615808	0.95695925	0.48042171	-0.01503323	0.00736815	0.00023807
0.22484717	0.95192584	0.48930593	-0.02695867	0.00553062	-0.00090334
0.22282787	0.94859497	0.48892021	-0.02174368	0.00178696	-0.00763217
0.23454450	0.95248232	0.48475004	-0.00193007	0.01120720	-0.01219038
0.23924268	0.95204248	0.48276481	-0.00336016	0.00745068	-0.01704644
0.23260910	0.95622231	0.48537937	-0.01310698	0.00268802	-0.01651699
0.22723039	0.95818677	0.49078976	-0.01083445	-0.00459409	-0.00506477
0.22695116	0.96003463	0.49593534	-0.01260342	-0.01144743	-0.00753586
0.22953235	0.95669663	0.48826629	-0.00709600	-0.00330905	-0.00711261
0.22589301	0.95278663	0.48521153	-0.00491314	0.00577398	-0.01110211
0.23370226	0.95413654	0.48873077	-0.00536908	-0.00115315	-0.00907337
0.22956294	0.95416955	0.48583502	-0.00607807	-0.01191762	-0.00830670
0.23291364	0.95733573	0.48162100	-0.00898646	-0.01279122	-0.00935874
0.22923052	0.95851511	0.47917746	-0.01001660	-0.00863405	-0.00727067
0.23268124	0.95836475	0.48772457	-0.01262026	-0.00818324	-0.01323802
0.23309236	0.95581895	0.47888436	-0.01353256	-0.00620586	-0.01092416
0.23156579	0.95349982	0.47939844	-0.01634128	-0.00784149	-0.00815862
0.23397124	0.95160895	0.48260117	-0.01468781	-0.00609390	-0.01251424
0.23332708	0.94821814	0.47857648	-0.00723281	0.00003039	-0.01077918
0.22826938	0.94575240	0.48373174	-0.00755699	-0.00078392	-0.00970859
0.22356845	0.94810059	0.48735020	0.00605748	-0.00121095	-0.00484909
0.22243070	0.95429558	0.49139009	0.00461118	-0.01265244	-0.00257667
0.22723258	0.95039278	0.48441387	0.00141918	-0.00640519	-0.00731878
0.22381291	0.95320213	0.48727556	-0.00170893	-0.00294868	-0.00160935
0.23038686	0.95430873	0.48738641	0.00018154	-0.00561033	-0.00725368
0.22761211	0.95607354	0.48524624	-0.00493497	-0.01027227	-0.01058806
0.22811054	0.95641870	0.48817311	0.00188567	-0.00382299	-0.00584691
0.22900865	0.96104807	0.48382762	-0.00384592	-0.00017207	-0.00219554
0.22636813	0.95637057	0.47325530	-0.00735985	-0.01146722	-0.00379258
0.22894953	0.95237476	0.47619050	-0.00582595	-0.00057450	-0.00199913
0.23149013	0.95319048	0.47862985	-0.00854626	-0.00157919	-0.00342919
0.23180788	0.95326071	0.47783042	-0.01613390	0.00137827	-0.00199368
0.23087154	0.95468783	0.48413531	-0.01070840	-0.00032141	-0.00228725
0.22847161	0.95420320	0.48330892	-0.01477944	-0.00122647	-0.00796802
0.22013027	0.95447347	0.48177228	-0.01505214	-0.00241819	-0.00206397
0.22757003	0.95439729	0.48293741	-0.00603760	-0.00387116	-0.00633691
0.22892657	0.95165923	0.47676989	0.00400325	-0.01712972	-0.00405868
0.22727300	0.95375390	0.48478070	-0.00244445	-0.00390317	0.00182894
0.22558410	0.95514111	0.49239199	-0.00621089	-0.00195679	0.00099524
0.22809909	0.95142514	0.49083360	-0.00159901	-0.00365269	-0.00558881
0.22291254	0.95338883	0.48549919	-0.00430312	-0.01017646	-0.00450352
0.22557566	0.95698804	0.47825098	-0.00610174	-0.00984786	0.00404061
0.23065399	0.95480054	0.47903637	-0.00169723	-0.00140487	-0.00241456
0.23331615	0.95281297	0.48000142	-0.00107059	0.00047416	-0.00776802
0.23440136	0.95345585	0.48488574	-0.00610504	-0.00492487	-0.00858201
0.22559562	0.95766927	0.48738298	-0.00765301	-0.01054621	-0.00759584
0.22606927	0.95651856	0.49146851	-0.01204386	-0.00911696	-0.00533759
0.22596422	0.95902148	0.48589060	-0.00504588	-0.00841774	-0.00576351
0.22038377	0.96207717	0.49056810	-0.00154573	-0.00767003	0.00158000
0.21474859	0.95641920	0.49471520	-0.00465254	-0.00922439	0.00705879
0.22122747	0.95349576	0.48634197	0.00366868	-0.01880847	-0.00730076
0.23121726	0.95282341	0.49534701	0.00180103	-0.00617428	-0.01329179
0.22524685	0.95532199	0.49063922	-0.00915847	0.00287398	-0.00830963
0.22388751	0.95928900	0.48771183	-0.00268754	-0.00272488	-0.00410188
0.22395638	0.95796172	0.49334203	-0.00706276	-0.01353744	0.00102146
0.22575678	0.95649791	0.48990477	-0.00987516	-0.00341268	-0.00021766
0.22744956	0.95383139	0.48584424	-0.00597982	-0.00424303	-0.00005187
0.22526264	0.95561696	0.49036364	-0.00182590	-0.00651923	-0.00260637
0.23112930	0.95600035	0.48922781	-0.00877686	-0.00665910	-0.00044236
0.22636737	0.95961525	0.49075028	-0.00416841	-0.00368604	-0.00305213
0.23501028	0.94904619	0.48119961	-0.00980697	-0.00128250	-0.00537860
0.23198096	0.94979540	0.47854364	-0.00558739	-0.00051606	-0.00762797
0.23297034	0.95074890	0.48665777	-0.00659331	-0.00061442	-0.00644725
0.22657859	0.95861813	0.48925306	-0.00879614	0.00097993	-0.00595228
0.22918247	0.95871489	0.47653522	-0.00905165	-0.01110236	-0.00694714
0.23160216	0.95206503	0.48373017	0.00228025	-0.00277891	-0.01164201
0.23019102	0.95150181	0.48356904	-0.00557740	0.00514654	-0.01195619
0.22883976	0.95934789	0.48079220	-0.00172675	-0.01514145	-0.00994863
0.21825539	0.96590621	0.48200082	-0.00470800	-0.01603219	0.00052660
0.22241178	0.95912596	0.48733392	0.00244888	-0.01829864	0.00010813
0.23055187	0.95510912	0.48564747	-0.00889665	-0.01167876	0.00034755
0.23325392	0.95718433	0.48277170	-0.00875704	0.00067155	-0.00192777
0.23400025	0.95574112	0.48058838	-0.00662643	-0.00426487	-0.00540846
0.23333435	0.95688293	0.47539955	-0.00265587	-0.01856549	-0.00874829
0.22911920	0.95605378	0.47794690	-0.00465354	-0.01140550	-0.00238868
0.23103371	0.95556140	0.48431647	-0.00050572	-0.01851892	-0.00096449
0.23247768	0.95954691	0.48284723	-0.00390105	-0.00907605	-0.00428829
0.23158874	0.95897542	0.48014301	-0.00419811	-0.00443131	-0.00598096
0.22860702	0.95603177	0.47845301	-0.01101110	-0.00383645	-0.00574548
0.23218107	0.95468239	0.47706986	-0.00480268	0.00133561	-0.00739287
0.22978584	0.95494987	0.48032284	-0.00898947	-0.00099100	-0.00677882
0.22919737	0.95638422	0.48372813	-0.00963013	-0.00242610	-0.00585743
0.22663493	0.96060405	0.48833158	-0.00635721	-0.01141811	-0.00338736
0.22438916	0.95865392	0.48621832	-0.00020626	-0.00404231	-0.00496478
0.22687912	0.95711116	0.49321419	0.00440354	-0.00681459	-0.00484399
0.22927946	0.95865843	0.49368498	0.00206626	-0.00851017	-0.00500483
0.22899251	0.95799081	0.48436923	0.00539223	-0.01344974	-0.00114050
0.23114370	0.95532719	0.47647781	-0.00033155	-0.01347228	0.00125465
0.23263190	0.95893414	0.47282779	-0.00155558	-0.01526315	-0.00235836
0.22673057	0.95449729	0.48444554	-0.00480507	-0.01181376	-0.00332953
0.22969730	0.95787284	0.48159624	0.00441287	-0.01250252	-0.00650981
0.23117878	0.96155768	0.48729796	-0.00527983	-0.01700263	-0.00828868
0.23202436	0.96092687	0.48516995	-0.00438204	-0.00017375	-0.00639217
0.22733558	0.95625708	0.47998834	-0.00107505	0.00309399	-0.00071149
0.22206984	0.95368692	0.48726918	-0.01360389	0.00453888	-0.00234588
0.23293852	0.95559605	0.48349243	-0.00915974	-0.01108187	-0.00440311
0.23465866	0.94963910	0.47739996	-0.00090219	-0.01468304	-0.00881965
0.23853941	0.94990420	0.48516905	-0.00669647	-0.00321566	-0.01001115
0.24053725	0.95380517	0.48102329	-0.00134659	0.01331568	-0.00403636
0.22988337	0.95349641	0.48559012	-0.00578954	0.01331502	-0.00341275
0.22779686	0.95129267	0.48186926	-0.00259531	0.00482760	-0.00253028
0.22529313	0.95489567	0.48112971	-0.00732167	-0.00265296	-0.00019959
