0.22153443	0.95788713	0.48035815	-0.00171052	-0.00592279	0.00232808
0.22523550	0.95511764	0.48594276	-0.00350871	0.00107814	-0.00008021
0.22977629	0.95125313	0.49259558	-0.00719771	0.00269414	0.00688256
0.22487178	0.95068820	0.48447368	-0.00886365	0.00499774	0.00064848
0.22820358	0.95479072	0.48026380	-0.00676806	0.00360945	0.00026498
0.22723425	0.96070588	0.47458181	-0.00263818	0.00136034	-0.00195256
0.22329782	0.95928499	0.46808873	-0.00876224	0.00509088	0.00186210
0.22229031	0.95618766	0.47573459	-0.00901885	0.01761528	-0.00422688
0.22563876	0.95447024	0.48193230	-0.00326759	-0.00503111	-0.00260561
0.22777553	0.95322403	0.48431202	-0.00840427	0.00242511	-0.00407971
0.22903545	0.95311561	0.48848797	-0.01293925	-0.00331125	-0.00441056
0.23068502	0.95693940	0.49148951	-0.00560997	-0.00291295	-0.00589214
0.22692776	0.95476967	0.49353280	-0.00469188	0.00026320	-0.00392798
0.22807798	0.95749887	0.48687338	-0.00511262	-0.00493169	0.00022924
0.22176839	0.95810553	0.48410632	-0.00367797	-0.00578969	0.00171980
0.22798547	0.95811254	0.48628118	-0.00716110	0.00544434	0.00254615
0.22705843	0.95407676	0.49188827	-0.00151566	0.00752174	0.00720481
0.22568176	0.95703075	0.48301137	0.00047987	0.00781141	0.00332430
0.22754295	0.95444604	0.48084459	0.00016753	0.00547242	0.00810795
0.22538135	0.95607886	0.48675698	0.00147621	0.00407574	0.00575188
0.23009328	0.95508444	0.48531239	-0.00426463	0.00404605	0.00249906
0.23914144	0.94706673	0.48915588	0.00410749	0.01620842	-0.01456465
0.23060797	0.94654095	0.48661946	0.00501165	0.01276894	-0.00958136
0.23122178	0.94940229	0.48617561	0.00299143	0.01980807	-0.00318485
0.22718532	0.95518330	0.48245130	-0.00425175	0.00929897	0.00276042
0.21970242	0.95905685	0.48460105	-0.00574222	-0.00349458	0.00695614
0.22304894	0.95903122	0.48400055	-0.00128247	0.00307963	0.00305430
0.22303655	0.95779169	0.48721902	-0.00471599	0.00214612	0.00482322
0.22021680	0.96079641	0.48291021	-0.00296742	0.00908750	0.00073006
0.22597419	0.96172521	0.47851654	-0.00134402	0.00887300	-0.00064619
0.22318016	0.95902186	0.48018266	0.00279309	-0.00324034	0.00474900
0.23853754	0.95281067	0.47934405	-0.00106903	-0.01044984	0.00444401
0.23298306	0.95349029	0.47601546	-0.00448763	0.00345998	0.00634128
0.22939199	0.95677651	0.48594428	-0.00532651	0.00880290	0.00296215
0.22761408	0.95334783	0.48615923	-0.00257689	0.00184140	0.00677650
0.22973714	0.95274606	0.49670345	-0.00470807	0.00558331	0.00314032
0.22984794	0.95029816	0.49827471	-0.00347747	0.00237273	-0.00729903
0.23141360	0.95045942	0.49909492	0.00100374	0.00447333	-0.00276577
0.22838033	0.95346318	0.48997967	-0.00155091	-0.00405040	0.00681953
0.23125188	0.95842716	0.48817700	-0.00013640	0.00224822	0.00547700
0.22465973	0.95837958	0.48738055	0.00177982	-0.00019297	0.00772352
0.22701443	0.95841272	0.48900400	0.00179784	-0.00465851	0.01093190
0.23144567	0.95748745	0.48815558	-0.00015021	-0.00377959	0.00559547
0.23398932	0.95378386	0.48182131	-0.00352150	-0.00594123	0.00569120
0.22750787	0.95132596	0.48173423	-0.00319788	-0.00094596	0.00602600
0.23199832	0.95071948	0.48648119	-0.00122797	-0.00180310	0.00613805
0.22948667	0.95202734	0.48811265	0.00934001	-0.01030565	0.01343672
0.23817161	0.95318815	0.49189011	-0.00668746	0.00399742	0.00415601
0.23139975	0.95167278	0.47784934	0.00093328	0.00900750	0.00250407
0.23356967	0.95376276	0.48158715	0.00049274	0.00999687	-0.00784470
0.23339955	0.95261798	0.48609885	0.00281982	-0.00647900	0.00282711
0.22470980	0.95142716	0.48587110	0.00731672	0.00440899	-0.00084961
0.22637207	0.95493566	0.49856316	0.00056514	0.00539889	-0.00184731
0.22801753	0.95768985	0.49801626	-0.01393186	0.00331599	0.00722045
0.23103391	0.95388042	0.50425627	-0.01027696	0.01193173	0.00834205
0.22756802	0.94862418	0.50237426	-0.00826398	0.00284149	-0.00314948
0.22206371	0.94556604	0.48567337	-0.00309136	0.00434595	0.00100955
0.22457629	0.95071759	0.48513557	0.00265295	-0.00086162	-0.00085809
0.22351367	0.95699007	0.48381487	0.00292290	0.00665711	-0.00119971
0.22460535	0.95564829	0.49134882	-0.00571001	0.00115500	-0.00270418
0.22363890	0.94983407	0.48385821	-0.00584062	0.00837421	0.00045734
0.22928596	0.95282831	0.49207179	-0.00786329	0.00985762	-0.00512103
0.22784961	0.94925792	0.49088905	-0.00977720	0.01114522	-0.00241620
0.22693172	0.95193397	0.49726776	-0.00895632	0.00827890	-0.00061025
0.23369353	0.94717347	0.49780566	-0.00327601	0.00173776	0.00661482
0.22559438	0.94838618	0.49294405	0.00080199	-0.00114109	-0.00470402
0.23062985	0.95314133	0.48814021	0.00601854	-0.00032177	-0.01022517
0.22732408	0.95271317	0.47799842	0.00796331	0.00190527	-0.00960432
0.22613517	0.94952047	0.49034869	0.00654006	0.01554193	-0.00222325
0.21685323	0.95417942	0.49318733	0.00667376	0.00522832	0.00681250
0.22948467	0.95890440	0.48234540	0.00068726	-0.00671248	0.00448891
0.22960899	0.95673722	0.49553879	-0.00009016	0.00995313	0.00321684
0.23022735	0.95576471	0.49135234	0.00353204	0.00683014	0.00421281
0.22307505	0.95144504	0.49544294	0.00298141	-0.00936729	0.00571123
0.22949275	0.94885262	0.48634348	0.00036263	-0.00971836	0.00382917
0.23368669	0.95032883	0.48615812	-0.00553430	-0.00555322	0.00719461
0.23138242	0.94661530	0.48752192	-0.01288294	0.00446988	-0.00252754
0.23156167	0.94852874	0.48629437	-0.00732172	0.00981482	0.00263211
0.22704109	0.95324525	0.49591694	-0.00695852	-0.00266292	0.00802134
0.22611482	0.95699242	0.50018507	0.00406969	0.00021756	0.00373123
0.22721873	0.95059797	0.49773561	0.01063928	-0.00981584	-0.00272992
0.22625417	0.94581469	0.48846577	0.01273184	-0.00749728	-0.00091526
0.22620941	0.95010310	0.48838386	0.01068813	-0.00318809	0.00064635
0.22325384	0.96062953	0.49484443	0.00635586	-0.01739475	-0.00261567
0.22188291	0.96168404	0.49793840	0.00633599	-0.02136928	-0.00527122
0.22630078	0.95663313	0.49596617	-0.00176218	-0.00834756	-0.00580703
0.22971328	0.95343514	0.48831176	-0.00618490	0.00407923	-0.00065504
0.23202691	0.95448471	0.49436677	-0.00908656	-0.00701391	0.00801121
0.22874719	0.95207101	0.48894890	-0.00267343	-0.00782232	-0.00278087
0.22076569	0.94419645	0.48878663	-0.00267615	-0.00969688	0.00196848
0.22402672	0.94637961	0.49168413	0.00477106	-0.00331225	-0.00498456
0.22960849	0.95145834	0.48876087	0.00464072	-0.00780689	-0.00606809
0.22698475	0.94960674	0.48829069	0.00524884	-0.00627316	-0.00680230
0.22993190	0.94921638	0.48423608	0.01211443	-0.00010438	-0.00658986
0.22084196	0.95013907	0.48987760	0.00466044	0.00371868	-0.01187197
0.22699638	0.94940544	0.49384898	0.00223697	0.00102821	-0.01488257
0.22077633	0.94984585	0.49114950	-0.00477949	-0.00955615	-0.00961434
0.22129705	0.94943842	0.49007015	-0.00032693	0.00364285	-0.00005665
0.22811463	0.95862917	0.48802631	0.00680585	-0.00877437	-0.00019697
0.22208533	0.95703323	0.49058892	0.00636377	-0.00825670	-0.00470290
0.22708929	0.95238004	0.49658142	0.00620086	-0.00603782	-0.00803608
0.22494914	0.95593952	0.49552516	0.00201093	-0.01274908	-0.00824058
0.22736886	0.95560196	0.49379923	0.00719037	-0.01683544	0.00012708
0.22452027	0.95588951	0.48998505	0.00570855	-0.01520597	0.00023927
0.22310434	0.95546363	0.48919673	0.00397453	-0.01096263	-0.00720094
0.22202257	0.95616738	0.48986626	0.00644946	-0.01236585	-0.00242484
0.22689226	0.95625636	0.48481612	-0.00015410	-0.01585559	-0.00206175
0.22715032	0.95493585	0.48265922	-0.00210440	-0.01073723	0.00054872
0.23240560	0.95438286	0.48961014	-0.00617622	-0.00601415	0.00464061
0.22506202	0.95446823	0.49694198	-0.00123484	-0.01325387	0.01151629
0.23021687	0.95114524	0.49581229	-0.00090534	-0.02951774	-0.00206961
0.24058267	0.94803205	0.49573819	0.00237679	-0.00629519	-0.00981628
0.24368039	0.95289564	0.48749503	0.01113112	0.00132783	-0.01873153
0.23204956	0.95281895	0.48803783	0.00713657	-0.00170254	-0.01921604
0.21817157	0.95665347	0.48456695	0.00895870	-0.01170540	-0.00888236
0.21358799	0.95366579	0.47668292	0.00606204	-0.01268916	-0.00539761
0.22128964	0.95079174	0.48737937	0.00965270	-0.01703671	0.00071934
0.21905975	0.95357089	0.48522376	0.00862309	0.00213538	-0.01014401
0.21450138	0.95402583	0.48819096	0.00841463	-0.01797127	-0.00165823
0.22089151	0.95596341	0.49153783	0.00777936	-0.02415171	-0.00565129
0.22063559	0.95521468	0.49230512	0.00833855	-0.02520782	-0.00290560
0.23348732	0.95310268	0.48738589	0.00757695	-0.00966380	-0.00600879
0.23411588	0.95801245	0.49112380	0.01047917	-0.00744334	-0.00093996
0.23382151	0.95107636	0.48832266	0.01335149	-0.00752004	0.00536910
0.22711851	0.95409062	0.48275306	0.00915322	-0.01883613	0.00847259
0.23378084	0.94817309	0.48463292	0.01062816	-0.01628036	0.00141868
0.23322357	0.95037416	0.48746689	0.01008267	-0.01455322	-0.01908169
0.22554179	0.95095198	0.48804497	0.01323213	-0.00825177	-0.01616329
