0.22639981	0.95408764	0.48705818	0.01389274	-0.01154845	-0.00741089
0.22455146	0.96013391	0.48493542	0.00549782	-0.01110235	-0.00665114
0.22730504	0.95967561	0.47995535	0.00762666	-0.00460263	-0.00833320
0.23199497	0.96016782	0.48673373	0.00748245	-0.00378279	0.00027875
0.22902325	0.95339453	0.48997847	0.00852403	-0.00330350	0.00046307
0.22763744	0.95687396	0.49598744	0.00965672	-0.01687298	-0.00567751
0.22528510	0.95967630	0.48674856	0.00963247	-0.01508844	-0.01132436
0.22235844	0.95665430	0.48663161	0.00698533	-0.01818248	0.00054831
0.22972068	0.95837140	0.49181801	0.00421516	-0.01882770	0.00164154
0.23640646	0.95855807	0.48636447	0.00519097	-0.00433987	0.00427142
0.22532255	0.95811944	0.47978229	0.00581227	-0.00386976	0.00299313
0.22815529	0.96061307	0.48858264	0.00606959	-0.00495691	-0.00033615
0.22962908	0.96366387	0.47240821	0.00674386	-0.00599345	-0.00733810
0.22565584	0.95590250	0.47462612	0.00724529	-0.01245110	-0.01509830
0.22551529	0.95483143	0.47091505	0.01493086	-0.00289966	-0.00269648
0.22405876	0.95561876	0.48641067	0.01026629	-0.01044165	-0.00403681
0.22388207	0.95786845	0.48801909	0.00678248	0.00099690	-0.00630093
0.22013192	0.95758846	0.48427093	0.00921697	-0.01124244	-0.00461835
0.22263634	0.95496149	0.48486962	0.00221177	-0.00265909	-0.00770567
0.22629459	0.95482186	0.48207435	0.00626251	-0.00224957	0.00056960
0.22788101	0.95192819	0.47506301	0.00757001	0.00163803	-0.00477312
0.22866766	0.95247550	0.47314021	0.00229743	0.01089137	-0.00540237
0.22380083	0.95269013	0.48744691	-0.00278281	0.00759337	0.00534915
0.22515141	0.95215665	0.49220059	-0.00124196	0.00463629	0.01160205
0.22699122	0.95629823	0.49386467	0.00005734	0.01032142	0.01241015
0.22734788	0.95149276	0.47680028	-0.00309020	0.00101967	0.00989252
0.23706614	0.95976221	0.48062119	0.00383818	-0.00357602	-0.00188993
0.24494600	0.96297400	0.47337128	0.01026249	0.00225394	-0.01606835
0.23238204	0.96395055	0.46954897	0.00099193	0.02386907	-0.01136991
0.21884271	0.96037439	0.48342027	0.00009700	0.02732957	-0.00083777
0.21780481	0.96160187	0.48279250	-0.00891741	0.01815263	-0.00439095
0.22077634	0.95615442	0.47376996	-0.00597263	0.00694120	0.00401747
0.22405362	0.95294038	0.47074850	-0.00460393	0.00618152	0.00735326
0.22895360	0.95506928	0.47066318	0.00076320	0.00171612	0.00465609
0.22847982	0.95858751	0.47544035	0.00097578	0.00175940	0.00805128
0.22699975	0.96352728	0.48215594	0.00055477	0.00374618	0.00314349
0.22918844	0.96022316	0.48420127	-0.00037481	0.00627989	0.00417771
0.22927015	0.95870435	0.48155209	-0.00266813	0.01489050	0.00417814
0.22214455	0.95820634	0.49070917	0.00054590	0.01788617	0.00873254
0.22217716	0.95509991	0.48813948	-0.00689181	0.01831168	0.00424246
0.22221089	0.95297471	0.49507868	-0.01594758	0.01200186	0.00194048
0.22762939	0.95270115	0.49362832	-0.01112470	0.00797583	-0.00400694
0.23119660	0.94854514	0.48862645	-0.00444148	0.01147763	-0.00030851
0.22884831	0.94849248	0.48418474	-0.00565504	0.02116151	-0.01001397
0.22037171	0.95646133	0.47855913	-0.00690540	0.00481579	-0.00103010
0.21908842	0.96277564	0.48190631	-0.00674395	0.01795944	0.00353480
0.22433624	0.95901055	0.49212356	-0.00509279	0.01231973	0.00050278
0.22662181	0.95570252	0.48701086	-0.01251149	0.00436213	0.00425773
0.22057972	0.95945355	0.48026451	-0.00620097	0.01339786	0.00464466
0.22718417	0.95821492	0.48380290	-0.00207972	0.01091408	0.00211648
0.22914031	0.95627491	0.48651621	-0.00438103	0.00114522	-0.00229378
0.22933659	0.95829028	0.49061097	-0.00253986	0.01581409	-0.00387315
0.22899963	0.95762401	0.48727166	-0.00088797	0.01087178	-0.00024869
0.22522998	0.95765886	0.48057466	-0.00186245	0.00673931	-0.00143670
0.22774679	0.95871926	0.47764171	-0.00421852	0.01046629	0.00519871
0.22827920	0.95629482	0.48397978	-0.00693505	0.00585449	0.00265155
0.22886978	0.95683675	0.48742061	-0.00578473	0.01261135	-0.00064359
0.22789327	0.95357540	0.48562624	-0.00523643	0.00556862	0.00388114
0.22714268	0.96167510	0.48723514	-0.00300264	0.00117301	-0.00744239
0.22431155	0.96034831	0.47891344	-0.00340857	0.00501141	-0.00326368
0.22837768	0.95460398	0.48353506	-0.00360129	0.01229717	-0.00029754
0.22256917	0.95044891	0.48010409	-0.00472100	0.00792974	0.00085485
0.22656918	0.95289524	0.48357375	0.00096856	0.00323413	-0.00014035
0.22652187	0.95699653	0.48625943	0.00838435	0.00104930	-0.00465729
0.22648522	0.95412393	0.48791189	0.00186309	-0.00139200	0.00465362
0.22757999	0.95682087	0.48545409	-0.00506644	0.00088141	0.00539794
0.22825415	0.95495470	0.48285401	-0.00262389	-0.00556148	-0.00090662
0.22961965	0.95159550	0.48379485	-0.00655306	0.01357257	0.00520361
0.21577648	0.95620725	0.48793064	-0.01064664	0.00716702	0.00910318
0.21976904	0.95535502	0.48658277	-0.01197236	0.00132718	0.00818379
0.22851358	0.95102778	0.49006336	-0.00690938	0.00125107	0.00340200
0.24185214	0.95106862	0.49040704	-0.00649946	0.01318557	-0.01869809
0.23262441	0.95276149	0.49514288	-0.00481853	0.01537096	-0.00817996
0.21573229	0.95643739	0.49651792	-0.00861985	0.00910683	0.00051593
0.22129211	0.95820864	0.49650480	-0.00000033	0.00708253	0.00122402
0.22394529	0.95832108	0.48927447	0.00475995	-0.00035137	-0.00040042
0.22952626	0.95981672	0.48576834	0.00390511	0.00746058	0.00290712
0.22518567	0.95885017	0.49496822	0.00833405	-0.00058178	0.00523033
0.21751076	0.95607857	0.48539418	0.00975280	-0.00141498	0.00500945
0.22802354	0.95917236	0.48885245	-0.00038740	-0.00687510	0.01791767
0.22145549	0.95690108	0.49180199	-0.00747110	0.00723605	0.01057858
0.22626124	0.95728590	0.49151893	-0.01087935	0.00874219	0.00730200
0.23214992	0.95180752	0.49083751	-0.00618297	0.01082233	0.00839677
0.22509689	0.95829432	0.49190208	-0.01111328	0.01868856	0.00822637
0.22756639	0.94987210	0.49142373	-0.00999184	0.01152897	-0.00111093
0.22525176	0.94957291	0.49282180	-0.00153289	0.01094948	-0.00177850
0.22883527	0.94815412	0.49565873	-0.00020804	0.02756956	-0.00002410
0.23058234	0.94981873	0.49439364	0.00611581	0.02779908	-0.00572334
0.22654698	0.95378924	0.48932437	0.00226025	0.02378462	0.00589151
0.21854445	0.95987268	0.49282979	0.00510174	0.01198367	0.00546389
0.21808331	0.96043812	0.49177114	0.00456610	-0.00349232	0.00169243
0.22021580	0.96013641	0.49715171	0.00597814	-0.00406407	-0.00283939
0.22493255	0.96002013	0.48715160	0.00582331	0.00290490	0.00676626
0.22655504	0.95926545	0.48021096	-0.00038970	-0.00169499	0.00781175
0.22751150	0.95934811	0.47808748	-0.01203762	0.00119842	-0.00209912
0.21903990	0.95969704	0.48900196	-0.00819031	0.00178543	-0.00235139
0.22648418	0.95360014	0.48021396	-0.00688334	0.00079283	0.00675520
0.23042663	0.95435891	0.48664185	-0.00430780	0.01294038	-0.00098738
0.22967765	0.95117895	0.48977378	-0.00466599	0.01182681	-0.00094130
0.23169945	0.95303624	0.49039955	-0.01096062	0.00850340	0.00362667
0.22082074	0.95365173	0.48921440	-0.01157084	0.01218321	0.00069168
0.22750923	0.95283360	0.49788399	-0.01320844	0.00591532	-0.00783555
0.22193037	0.95665412	0.50298903	-0.00464910	0.00451741	0.00622840
0.22518144	0.95698731	0.49239687	-0.00241114	0.00266519	0.00537691
0.22090987	0.95482750	0.49937942	-0.00062910	-0.00298435	0.00089046
0.21533587	0.95496333	0.49495452	-0.00760650	0.00653324	0.00822596
0.21550408	0.95164602	0.50038388	-0.00618060	0.00355088	0.00970400
0.22726461	0.95375984	0.49282291	-0.00136108	0.00147066	0.00609288
0.22558051	0.95430387	0.49135700	-0.00421743	0.00970176	-0.00265769
0.22251204	0.95539098	0.48957514	-0.00594766	0.00149355	0.00123054
0.22741264	0.95891865	0.49680087	-0.00905259	0.01553281	-0.00459436
0.22319532	0.95723823	0.49243015	-0.00590795	0.01224639	0.00197488
0.22502501	0.96016840	0.48484541	-0.00627271	0.00972072	0.00160551
0.21860931	0.95990114	0.48772623	-0.00012409	-0.00373212	0.00936050
0.21335724	0.95820811	0.49756757	-0.00122562	-0.00485843	-0.00043364
0.22757222	0.95323894	0.49791238	-0.00105144	0.00950679	-0.00688922
0.23496599	0.94316504	0.47984689	-0.00220799	0.00719836	-0.01529739
0.23009511	0.94582990	0.48930875	0.00046429	-0.00467134	-0.01473418
0.22362779	0.94937897	0.48431837	-0.00077143	0.00638980	-0.00045965
0.22330187	0.95519011	0.48868315	-0.00066507	-0.00131005	0.00375917
0.22130302	0.95190875	0.49185629	-0.00409097	-0.00953082	-0.00214662
0.22243337	0.95058191	0.49068635	0.00319817	0.00507654	-0.00120318
0.22653213	0.95064276	0.49914367	0.00543785	0.00352969	0.00909910
0.22386032	0.95229006	0.51031482	0.00616759	0.00505509	0.00391791
0.22618069	0.95475427	0.51198875	-0.00038231	0.00378583	-0.00263595
0.22509056	0.95476034	0.49693394	-0.00108982	-0.00153465	0.00464618
0.23129248	0.95637346	0.49005041	-0.00315006	0.00865970	0.00688737
0.22638638	0.95228310	0.49659967	0.00292964	0.00945560	-0.00427848
