1.07055653	-0.09146358	0.11879140	0.22417591	0.09516960	-0.15255312
1.16487946	-0.05393126	-0.05104704	-0.09373088	0.11620853	0.14167959
1.32149892	-0.22311333	-0.16245133	-0.38301482	-0.11940058	-0.03495757
1.35917975	-0.29560287	-0.04772619	-0.14542571	-0.75421926	-0.10895718
1.52730499	-0.15862007	-0.03219260	0.30571940	-0.38576584	-0.32233543
1.76331905	-0.25049695	0.06796476	0.46648551	-0.53811167	-0.08480203
1.74750668	-0.20795908	-0.08508049	0.09116034	-0.10598794	-0.16935160
1.93510670	0.06802169	-0.38830861	-0.09421982	-0.47293783	0.05479902
1.61218089	-0.20442300	-0.48814408	-0.09854355	-0.41607004	0.62663842
1.15106919	-0.92673918	-0.46581384	0.70587189	0.06671642	0.76008235
0.96175655	-0.60219573	-0.29012452	0.58308529	0.88167884	0.07839469
1.03088628	-0.48314318	-0.28345296	0.36479284	0.81662041	-0.76274918
1.07118167	-0.43767437	-0.18323274	-0.68831605	0.89810501	-0.23049806
1.32267710	-0.42204803	-0.35705120	0.52428767	0.10760783	-0.09810873
1.24521667	-0.37059510	-0.39581200	0.42278272	-0.16892807	0.05049965
0.92456865	-0.32032658	-0.32260368	0.86732245	-0.21516215	-0.34706685
1.12038158	-0.39350416	-0.23149809	0.48890546	-0.32028848	-0.31758603
0.77251877	-0.25602283	-0.34243276	0.43575336	-0.44455668	-0.11681102
0.92473013	-0.45736119	-0.11043164	0.16813943	-0.98469067	-0.45740795
0.88075135	-0.10131014	-0.22894985	0.41983164	-0.35482962	-0.10770313
0.65092791	-0.08087533	-0.30425775	-0.20203537	-0.60460548	-0.08689249
0.77947097	-0.19172736	-0.35396720	0.10521656	-0.25441693	0.13820448
0.75068689	-0.31423449	-0.28922295	0.38189961	-0.71964326	0.01559674
1.09980909	-0.32731001	-0.29136019	0.27457909	-0.10456909	0.10110836
1.13154710	-0.35833421	-0.25889729	0.51189782	-0.10279215	0.04362198
0.99949326	-0.24013678	-0.18035183	1.07630955	0.14327155	0.05317502
1.04666232	0.02467860	-0.10740296	0.52414766	-0.19254757	-0.25597610
0.96024680	0.30283820	-0.04410883	1.02461829	-0.10720854	0.17820518
1.03746478	-0.06709695	-0.00991070	0.74895323	0.10694139	0.07234261
1.17755529	0.06774464	-0.05988768	0.80090630	-0.36061968	0.00889004
1.07450490	0.01587975	-0.00726431	1.12501706	0.03586182	-0.09164750
1.18360240	-0.07986844	-0.20339694	1.03733510	-0.13092202	-0.00337170
1.28685809	-0.02815112	-0.20079618	0.34191068	0.44783981	-0.21002074
1.37884306	-0.25908692	-0.26252760	0.64840394	0.42185925	-0.09542792
1.63174763	-0.32523594	0.02092809	0.37008961	0.78460324	-0.82683373
1.41909725	-0.74484220	-0.07310516	0.84550758	0.68006990	-1.16688003
1.26782789	-0.70352177	-0.22995847	0.29621307	0.57066849	-0.84045987
1.21896731	-0.25745231	-0.48360104	0.10087378	-0.51766055	-0.89306168
1.06686746	-0.12922123	-0.43774210	-0.96672725	-1.12396119	-0.96030349
1.29833518	-0.38943281	-0.40653228	-0.23943743	-0.89045521	-0.41844022
1.41932924	-0.54962895	-0.24492683	-0.23787675	-0.12395850	-0.14813119
1.43912567	-0.74177179	-0.23844205	-0.02075702	0.89374248	-0.37056322
1.08080452	-0.63231612	-0.06064144	0.50707369	0.82789853	-0.51869037
0.80690178	-0.26283531	-0.11160671	-0.09671430	0.80746339	0.02911121
0.66874592	-0.18320641	-0.18866215	-0.20954273	-0.04339671	-0.21194484
0.62285311	0.05560160	-0.00876487	-0.66416983	0.35946991	-0.16610683
0.85048891	-0.20772250	0.03104357	-0.36830962	-0.32546558	-0.24529202
0.71758956	-0.55363991	-0.01504818	-0.85087265	0.06006590	0.11277826
0.71753411	-0.12376930	-0.20418126	-0.44082895	0.13223249	0.24535006
1.17815649	-0.37711010	-0.00090457	-1.08191788	-0.07638993	0.40012438
0.77727287	-0.45831318	-0.12411789	-0.48503351	0.64419487	0.16112414
0.98994841	-0.10316308	-0.16867420	-0.69305397	0.33003414	-0.22899717
0.68503187	-0.33897731	0.02396305	-0.34335006	-0.31386372	0.16218021
0.54785016	-0.07423305	0.00948347	-0.25880786	-0.13658278	0.00623661
1.13314676	-0.09668836	0.11114994	-0.15773417	-0.81366872	0.32710633
0.91521850	-0.14784042	0.16951930	-0.22922409	0.14344958	0.15928555
0.86703454	-0.17106282	-0.02213050	0.03124655	0.14346282	0.03526362
1.12192289	-0.25451008	-0.06920690	-0.43586803	-0.25298896	-0.02920959
1.30397102	-0.36754056	-0.15422136	-0.41314131	-0.17280369	0.39996386
1.14616868	-0.24501000	-0.20427460	-0.58089157	-0.20884853	0.07968101
1.20435663	-0.38561288	-0.05868358	0.54311555	-0.10473590	0.01688946
1.53229517	-0.04589974	-0.26025763	-0.15230311	-0.24816081	-0.05604125
1.57084497	0.20609927	-0.13085485	-0.45719409	-0.31670903	0.04057385
1.58180574	-0.04397472	-0.23411064	-0.60051675	-0.43902392	0.39290965
1.59371341	-0.30183634	-0.65001559	-0.46093332	-0.55039206	0.66244017
1.57379316	-0.82768453	-0.71146615	0.37503672	0.24088886	0.35686415
1.39423002	-1.10201965	-0.40974051	0.14728789	1.40172135	0.15052037
0.91992413	-0.80559420	-0.07798179	-0.39795441	1.81689003	-0.53921248
1.02367547	-0.40387351	-0.12718565	-0.26296108	1.33103082	-0.64224926
1.06804841	-0.11582523	-0.19747304	-0.30142646	-0.51874176	-0.46569330
0.95706952	-0.03733363	-0.14411409	0.06999792	-0.07959211	-0.21667079
1.07459169	-0.45099502	-0.36286705	0.34212049	-0.50735179	-0.01937353
1.06203621	-0.52749902	-0.20687443	0.87273346	0.06846411	0.00620142
0.79168441	-0.19233945	-0.25372303	0.72748382	-0.08184263	-0.44391134
1.06391066	-0.39766989	-0.20762743	0.53292068	-0.43276390	-0.35207691
0.74177313	-0.14126244	-0.15040692	0.78771674	-0.10949551	-0.30564358
0.81862544	-0.08845038	-0.26688148	0.83219843	-1.04905561	-0.06970772
1.02665384	-0.22146988	-0.14452830	0.29543179	0.07353616	-0.11984632
0.98519155	-0.14396231	-0.21637070	0.35379447	-0.14283505	0.12484395
0.88702438	-0.02902237	-0.31250991	0.63083387	-0.42782588	-0.21038042
1.08811142	-0.05807128	-0.10454314	0.70408676	0.11758822	0.46377770
1.06356552	-0.11539490	-0.19148509	0.53963973	-0.16661563	0.30342407
1.01584629	0.05980546	-0.06625324	0.37256715	0.07016897	0.37258262
0.97245461	-0.15075129	-0.07237095	0.31282436	-0.17065184	0.28314964
1.12576634	0.21122936	-0.16942082	-0.06171016	-0.31928891	0.48627517
0.82945534	-0.14335938	-0.05998929	0.36699262	0.39454540	0.48991201
1.05225656	-0.03365048	-0.01524308	0.68771245	0.35474304	0.72842082
1.10828142	-0.27435859	-0.13228761	0.83467651	0.02241112	-0.02854990
1.27518216	-0.42173692	-0.27643378	0.72818416	0.11858522	0.33073854
1.29990642	-0.23181384	-0.27118305	0.05828622	0.63305053	0.21945584
1.34178026	-0.20568225	-0.09430574	-0.26321597	0.46130103	-0.16727465
1.68463171	-0.29637638	-0.04552887	0.63088978	0.12239980	-0.48530475
1.55124795	-0.53898340	-0.06946071	0.54448010	0.27176232	-0.85087007
1.42525553	-0.48667742	0.06495946	0.61347155	0.19901943	-0.58684434
1.17389342	-0.52547435	-0.48539784	0.82663626	0.03536652	-0.36957749
0.96761188	-0.44095197	-0.47597920	-0.26036210	-0.40121098	-0.59401691
1.16769914	-0.53547775	-0.30514810	-0.77559557	-1.49156326	-0.39010783
1.43044893	-0.28763391	-0.22082430	-0.57998181	-0.56003497	-0.08554582
1.57828089	-0.00447130	-0.47375658	-0.26105535	-0.03456215	-0.24381865
1.50507828	-0.42258537	-0.23936050	0.22776762	0.17302802	0.06137000
1.04259966	-0.11756720	-0.20418005	-0.19027459	0.70800395	-0.05720342
0.83513718	-0.14810718	-0.22886314	-0.66096923	0.96880959	0.27747223
0.75222311	0.12592158	-0.15178404	-0.82241008	0.33095955	0.17628780
0.83224552	0.04065829	0.03758714	-1.36158188	0.24844242	0.28903343
0.74711035	-0.12144105	-0.05602470	-1.11750610	0.15612000	0.19131416
0.88755732	-0.38362208	0.01485587	-0.74211376	0.00025544	0.38930161
0.98008888	-0.45948259	-0.05662594	-0.36719739	0.41202652	0.50417869
0.94224560	-0.38809057	-0.02776017	-0.05107893	0.24823545	0.10461051
0.96866568	-0.28964746	0.02241489	-0.15484803	-0.11204382	0.20158198
1.05528794	-0.16933431	-0.01602717	-0.43569540	-0.53821856	-0.06114214
0.86714360	-0.16918693	-0.04797919	-0.10357807	-0.19170666	0.09437513
0.89269599	-0.04307706	0.00078283	0.44856346	-0.18892400	0.07158138
0.77148057	-0.12713107	0.08855561	0.04162543	0.14751741	0.00957595
0.98371332	-0.06459186	-0.01414049	-0.44191112	-0.30796587	-0.02080082
1.03818354	-0.14681579	-0.01975428	0.16458138	-0.29441815	-0.18522317
1.04516482	-0.15075966	-0.13888285	-0.96595803	-0.24072180	0.20795588
1.50695307	-0.21356874	-0.28826921	-0.72986940	-0.57827860	-0.12313832
1.15918729	-0.51440710	-0.07866471	0.08962069	-0.43058411	0.01533624
1.40321320	-0.15043448	-0.09026632	-0.38014056	0.06076059	0.11600413
1.34238893	-0.21444807	0.01599087	-0.20278109	-0.29764858	0.20770913
1.33444300	0.08991368	-0.06728371	-0.22462745	-0.26157741	0.24663905
1.62755683	0.08545456	-0.24110538	-1.04325426	-0.33458000	0.42580651
1.96658936	-0.43120289	-0.48766755	-0.12306383	0.11362662	0.49282782
1.39947425	-0.81170838	-0.42691756	-0.27269001	0.74149417	0.37546031
1.09506614	-0.52204726	-0.24102845	0.08818898	1.16907830	0.16041816
0.87444031	-0.62378432	-0.08908700	-0.40493767	0.58854679	0.23654320
1.08854015	-0.30369348	-0.08888465	-0.58682517	0.64469300	-0.15613177
1.05710490	-0.44239896	-0.22816862	-0.28684205	0.24572924	0.02059458
