1.09146151	-0.03313830	-0.14967363	0.58951157	0.12130322	0.24260367
0.93368149	-0.00453349	-0.12594977	0.49169964	-0.37763609	0.14868613
1.33983253	-0.15138650	-0.22938996	0.31594937	0.02295018	-0.10908399
1.05588981	-0.12561461	-0.04887767	0.61187060	0.19164354	-0.01154706
0.93573047	-0.15458588	-0.18625918	0.59649185	0.36222814	0.01827127
1.01546131	-0.28060890	-0.21751951	0.47927236	-0.04723250	-0.10684783
1.17015640	-0.27426059	-0.25866265	0.39443106	0.59610083	0.00620514
1.17472993	-0.04663596	-0.29273888	0.39605138	0.49444338	0.13295528
1.43508410	-0.16452077	-0.20265339	-0.71667265	0.48085092	-0.12915419
1.63978810	-0.28095448	-0.26927411	-0.39863248	0.70300976	-0.39213917
1.60561817	-0.64418358	-0.15182423	0.11884012	0.77241822	-0.65942449
1.57203162	-0.84032928	-0.26743327	0.39362862	0.39405059	-0.54002356
1.37344073	-0.71019226	-0.48585484	-0.07601293	0.20608179	-0.55392295
1.25734052	-0.37096993	-0.36720995	-0.36502355	-0.15898244	-0.53754863
1.01194387	-0.26515641	-0.23358740	-0.50917211	-0.59527122	-0.53579513
1.17936651	-0.32574963	-0.20841980	0.01371049	-0.35191376	-0.46491091
1.42423375	-0.29755807	-0.32958141	-0.02745215	-0.44239195	-0.32420984
1.40651221	-0.25515516	-0.17718847	-0.05323353	0.23314053	0.02481478
0.86069674	-0.26396029	-0.16523571	-0.31642755	0.94181159	0.12622740
0.73776205	-0.31584360	-0.19975120	-0.36073386	1.15516847	-0.15444343
0.65737705	-0.16212744	-0.19805927	-0.79597598	0.35026444	-0.27436557
0.56396571	-0.08141443	-0.19807210	-1.13773797	0.33956208	-0.03414938
0.85596422	-0.44848334	-0.00853656	-0.27142893	-0.24520493	0.01189888
0.85271797	-0.31595795	0.00831592	-0.15819877	0.53316443	0.13451811
0.81906345	-0.36009091	-0.12152390	0.33680234	0.40692747	0.33620103
0.98459837	-0.41093653	-0.04076672	0.41968243	-0.50820672	0.12062154
0.96767159	-0.32464909	0.01585845	0.16040901	-0.25187739	0.29994888
0.92780123	-0.10549216	-0.00876834	-0.00525536	-0.04034522	-0.08856847
0.97356947	0.02292026	0.09284842	-0.19772901	-0.53928205	0.18425121
1.03299310	-0.02957770	-0.08349035	-0.22750912	0.10986091	0.00944001
1.08196363	0.02041756	0.08161783	-0.03024866	-0.03711236	-0.09048024
0.85046530	0.06848610	0.09020108	-0.38548746	0.15934905	-0.14547701
0.99982954	-0.01419979	0.07740146	-0.56359099	0.03296189	0.09531019
1.12219366	-0.32708255	0.01293426	-0.59087238	0.02135492	-0.13335974
1.21272722	-0.18617634	-0.07822541	-0.40043017	-0.49209597	0.04819423
1.21594731	-0.37474257	-0.00558875	-0.08087307	-0.51565668	0.19430237
1.61963432	-0.23409740	-0.09347190	-0.08643093	-1.01248799	0.40243654
1.53438748	-0.20711818	-0.24715344	-0.04767887	-1.56942782	0.27946206
1.58419548	0.10744866	-0.41899957	0.37744624	-1.05055323	0.71815164
1.70411608	-0.20057985	-0.62101108	0.73912769	0.54133983	0.67481440
1.38650644	-0.62187463	-0.44768713	0.14049851	1.30641365	-0.22950369
0.96189029	-0.51630271	-0.23584323	-0.96242672	1.54470994	-0.38237787
0.79945137	-0.15099542	-0.08584288	-1.46711792	0.64056203	-0.45162098
0.91211164	-0.26738407	-0.11806666	-1.12439937	0.13550219	0.15577864
1.28689655	-0.33915295	-0.38369826	0.27637398	-0.40479221	0.28575053
1.26487098	-0.51927293	-0.36997662	0.00595730	-0.30540546	0.03189645
1.22818625	-0.47397525	-0.39066361	0.22112474	0.67223294	-0.23224755
1.25838347	-0.45089488	-0.35297720	0.02276264	-0.24206575	-0.27755178
0.95483575	-0.39931008	-0.23118282	-0.15474407	0.08500704	-0.56543574
0.60717085	-0.18006071	-0.28005609	0.32706918	-0.00500260	-0.26937533
0.72022950	-0.03970840	-0.24867424	-0.29684310	-0.92052424	-0.21649255
0.69008365	-0.19725007	-0.37038002	-0.40571626	-0.99813906	0.43721291
0.93291559	-0.06948740	-0.34283463	-0.29201901	-1.05325637	0.72744746
1.04131499	-0.31004834	-0.31627201	-0.59168337	0.35530695	0.44068050
0.83806073	-0.27315350	-0.24505544	0.14571987	0.57782884	0.44108149
0.95189398	-0.30969503	-0.21066494	0.45243040	0.04578632	0.20812691
0.62241268	-0.12715399	-0.17708675	0.08549457	-0.17587114	0.42858959
0.83185938	-0.03526357	-0.09652234	0.07083496	-0.04753093	0.22885498
0.91514517	-0.13013990	-0.20848749	-0.05982030	-0.22135086	0.20771368
1.03649604	-0.04455094	-0.13668610	0.41423636	0.18935698	0.20137010
0.85210931	-0.21374400	-0.25401223	0.81266263	-0.29225844	-0.08487092
1.04963774	-0.31443104	-0.23626307	0.62871089	0.17653171	0.06653227
1.40915514	-0.35573786	-0.17295019	0.92672476	0.15151731	-0.24782901
1.13119325	-0.05493728	-0.27991601	0.43435919	0.16653348	-0.07187976
1.37382749	-0.08266880	-0.26483252	-0.23853988	0.65343167	-0.34373811
1.54253264	-0.23872993	-0.18895227	-0.53162399	1.02723338	-0.41857716
1.62948241	-0.58862477	-0.12264645	-0.08452779	1.11108362	-0.69470545
1.53418339	-0.68369619	-0.18155618	0.30878748	1.16174281	-0.60161106
1.28808836	-0.61357101	-0.17886907	-0.07362275	-0.18367018	-0.61213069
1.10165330	-0.47462512	-0.27939979	-0.15693681	-0.92573158	-0.23548507
1.02725970	-0.06848627	-0.21057048	0.07254725	-0.46016430	-0.14351945
1.47088754	-0.25226665	-0.32812485	0.20244882	-0.53816814	-0.39658364
1.23344787	-0.46063713	-0.22757136	0.28368970	0.57596949	-0.52544686
1.12999777	-0.31843944	-0.33162941	0.09564980	0.42649344	-0.22640645
1.07617094	-0.33534137	-0.09606863	-0.05564173	1.03245342	-0.22256176
0.73182578	-0.40207200	0.05601141	-0.33171307	1.08031647	-0.11348981
0.68157121	-0.02590665	0.00659278	-0.36687600	-0.37940003	-0.12814826
0.69848568	-0.11862353	0.10841821	-0.19444181	-0.36036557	0.10991290
0.74255406	-0.07243454	-0.07176896	-0.25056928	-0.61104141	0.22186280
0.77801569	-0.14034433	-0.12065249	-0.00950565	-0.58721929	0.16296570
1.00359391	-0.18527355	-0.07804880	-0.55909920	0.13848718	0.05479389
0.91968098	-0.29428926	-0.11065502	-0.93829179	0.05021452	0.03877050
1.22634219	-0.19581277	-0.02886566	-0.58722865	-0.03105321	-0.12380068
0.95539650	-0.23385859	-0.00088938	-0.70531186	0.01899867	0.11655744
1.04477929	-0.13140343	0.05574248	-0.15095306	-0.28538101	-0.01401413
0.96180978	-0.18794689	0.03604342	-0.19688513	-0.40666718	-0.05318619
0.93241339	-0.03499368	0.05747935	0.12171340	-0.75372129	0.19990594
0.82697608	-0.15566980	0.17786389	0.05007675	0.15558515	0.06147406
1.01387384	-0.17316097	0.00839170	-0.34810334	0.26180625	0.14298678
1.40643310	-0.04700088	-0.14540075	-0.53202631	-0.03376067	-0.01960728
1.42378199	-0.11230569	-0.18415386	-0.83319631	-0.05403897	0.08625748
1.15847210	-0.29879000	-0.15722510	-0.67117642	-0.40325937	0.16026959
1.26790231	-0.35455670	0.02493362	0.19092114	-0.34344113	-0.19581248
1.54629991	-0.23759888	-0.10791326	0.22874753	-0.35010979	0.31539502
1.48857048	-0.20796963	-0.32022352	-0.16095342	-1.84010964	0.43108756
1.67210274	-0.47111761	-0.53131662	0.25292542	-1.20919077	0.70011797
1.89392621	-0.73763052	-0.46895664	0.37999057	0.25579321	0.45534163
1.12091608	-0.75704090	-0.32661298	0.67483438	0.92611387	0.52407290
0.93066759	-0.44398158	-0.05449507	0.38914958	1.52365120	-0.01854094
0.43844520	-0.46429988	-0.15184376	-0.26576669	0.80587453	-0.50352299
1.16491613	-0.39908420	-0.20035219	-0.22565378	0.11806294	-0.50994345
1.11373854	-0.13628840	-0.32656124	-0.23982440	0.15603502	0.10874970
0.96788768	-0.51565155	-0.32119831	0.50060115	-0.41740618	-0.14220142
1.36581224	-0.46463893	-0.28043101	0.83246253	0.38858067	0.00969298
1.03643959	-0.39208876	-0.26167035	0.96253492	0.22332482	0.09828265
0.81937302	-0.26999317	-0.30015422	0.65432284	-0.14955328	-0.50723846
0.78280317	-0.26401234	-0.26454693	0.61125010	0.18207278	-0.29017256
0.67946247	0.00804930	-0.24208240	0.48247703	0.03849640	-0.23012504
0.55746008	-0.09696395	-0.20620092	-0.06338783	-0.17437346	-0.06319712
0.60922054	-0.34183570	-0.21641023	0.35986756	-0.35434180	-0.07937794
0.77674530	-0.22848348	-0.35523296	0.26167452	-0.46186190	0.07914169
0.73810528	-0.26867337	-0.31425774	0.57496174	-0.12937017	0.00134253
0.97580073	-0.25637298	-0.29233787	0.24691132	-0.10362119	0.10723291
0.82447657	-0.11548666	-0.28268347	0.24804086	-0.12293366	0.00721950
0.90830346	-0.22053890	-0.15233937	0.49003237	0.52180237	0.01997900
0.89314911	0.03774128	-0.19602241	0.41477302	-0.05299494	0.12412154
0.85987382	-0.01954420	-0.12827819	0.67461296	-0.21466242	0.45487870
1.25830974	0.01213813	-0.15131299	0.84655756	-0.28124886	0.35844206
1.16400890	-0.05894788	-0.18615315	0.30217150	-0.24347533	-0.00239997
1.16696872	-0.14237861	-0.18187725	0.42722555	0.08686121	-0.14470233
0.88946420	-0.09819099	-0.15626594	0.25426101	-0.01527472	0.02594783
1.11885974	-0.10390000	-0.28436660	0.05720509	0.36085931	-0.03825593
1.26908928	-0.01479343	-0.14761983	0.23744070	0.55524874	0.14392846
1.40932637	-0.12103787	-0.00813316	-0.00592635	0.15120232	-0.43817194
1.44131659	-0.37477390	-0.01252296	0.16754373	0.45481298	-0.62185757
1.45003247	-0.35364354	-0.17511446	0.32111475	0.37425316	-0.31387744
1.38601954	-0.52729650	-0.17637650	0.19089839	0.18741341	-0.48834892
1.17297286	-0.42975090	-0.46065294	-0.15674793	-0.21510097	-0.44794613
