1.04267153	-0.30366383	-0.16915498	0.33248245	0.25107515	-0.22801343
0.89018300	-0.30391768	-0.22547757	0.41756394	-0.43634636	-0.21532564
0.82415024	-0.15591893	-0.20157724	0.62028690	-0.51690546	0.00053082
0.87918609	0.05796268	-0.26377473	0.74646514	-0.50046772	0.06910435
1.01996734	-0.41535817	-0.18172375	0.39952567	-0.66535824	0.18449114
1.02502896	-0.10311123	-0.14640080	0.91590316	-0.00948516	0.02118345
0.99743858	-0.01057672	-0.23644088	0.80671231	-0.04518275	0.03336958
1.12842880	-0.25271726	-0.13767220	0.98807156	0.06759042	0.25920165
1.04876818	-0.23755436	-0.01813590	1.14434520	-0.27622364	-0.07019524
0.84768484	-0.07906718	-0.10426283	0.83098255	-0.05829215	-0.10316633
1.11247401	-0.31043158	-0.22267032	1.00487331	-0.13941332	-0.03706238
0.97898777	-0.12412266	-0.08328060	1.08299873	-0.42164197	0.21171984
1.28921164	-0.22163256	-0.10846537	0.79358518	-0.22105443	0.00708320
1.26589579	0.06774536	-0.19121234	1.54617728	0.27946834	-0.41344808
1.47408471	-0.17849412	-0.13823412	0.53882254	0.37057410	-0.57322968
1.43459914	-0.29511012	-0.25306875	0.55292638	0.07956013	-0.38025215
1.58862945	-0.43142020	-0.18898844	0.65747530	-0.18891402	-0.39522324
1.41065161	-0.46059235	-0.28225087	0.10246628	-0.30799514	-0.49379711
1.43087586	-0.39862259	-0.47207775	-0.18790678	-0.28951633	-0.23482625
1.11860998	-0.47834466	-0.57126987	0.07160335	0.00332259	-0.11765089
1.03493184	-0.62772311	-0.40675419	0.52656160	-0.12407553	-0.64293904
1.13439526	-0.44254347	-0.16297364	0.90197940	0.29616912	-0.71452329
1.02597766	-0.35446526	-0.22390198	0.94585596	0.04457760	-0.98283806
1.04252378	-0.28292563	-0.18488838	0.73127404	-0.31523415	-0.13160975
0.94340666	-0.35066723	-0.14895461	0.33497717	0.45975610	-0.02107260
1.00144408	-0.32848285	-0.10142879	0.81163666	0.18194058	-0.04002050
0.93115080	-0.12226462	-0.01418504	0.50400599	-0.18636628	-0.17827195
0.70747503	-0.30332246	-0.16106370	0.32217229	-0.10049025	-0.37389595
0.63881278	-0.28414025	-0.12558864	0.42097038	-0.06067135	0.01841076
0.98329525	-0.16863962	-0.28773380	0.34566347	-0.18275484	-0.03660115
0.91538486	-0.50000902	-0.20741230	0.27786347	-0.17434882	0.15234987
0.96769763	-0.21768161	-0.03672759	0.19884487	-0.25643022	0.04137245
0.78708152	-0.04326387	-0.04545564	0.16271776	0.02335350	0.22185858
0.93522580	-0.15824105	0.00446111	0.21012388	-0.31640575	-0.18700235
0.73681863	-0.01978964	-0.04932476	0.06712694	-0.26898586	0.05404808
0.90922369	-0.16005872	0.01302702	0.44530628	-0.22276613	-0.01508495
1.16360899	-0.31214124	-0.06305641	0.42770466	-0.21173283	-0.07112294
1.11080759	-0.35143970	0.01073839	0.41340283	0.32353761	-0.06938180
0.89620670	-0.14427287	-0.01868187	0.91151451	-0.44939594	-0.35366824
1.05017365	-0.01271317	0.04969263	-0.14446364	-0.36439176	-0.44056858
1.26633900	-0.03970167	-0.06891673	0.37334596	-0.16944933	-0.36591528
1.19737365	-0.39672329	-0.06292292	0.11178368	-0.55126157	0.01186816
1.34867062	-0.04809061	-0.07669604	0.26127981	0.12627835	0.09591632
1.13829525	0.00365933	-0.13142372	0.34366764	-0.11548949	0.01577346
1.35334086	-0.03166821	-0.03195472	0.32822134	-0.18989866	-0.02733149
1.37209178	-0.10188410	-0.14931724	0.05195614	-0.77452857	0.03569716
1.57288673	-0.03641443	-0.12704368	-0.17990233	-0.59556975	0.49015352
1.43751978	-0.36241172	-0.22538715	0.22176044	-0.20229901	0.57108531
1.50201755	-0.99214408	-0.47821711	0.80577646	0.35866057	0.24840300
1.33894932	-1.21514971	-0.32969164	1.18175930	1.13244308	0.17582692
1.10380607	-0.49118117	-0.17581705	0.80412230	1.11618600	-0.42449797
0.89425713	-0.41452382	-0.02277099	0.21058011	0.18700785	-0.70693156
0.73315808	0.08699418	-0.15625433	-0.31204923	-0.30802158	-0.50541486
1.10912834	-0.18838919	-0.14694519	0.48362766	-0.30350169	0.26252747
1.32248472	-0.63501531	-0.27257926	0.63331161	-0.09446173	0.39073509
1.16017458	-0.48936289	-0.24607792	1.07202554	0.46038966	-0.15191682
0.97846362	-0.61285170	-0.36287903	1.15706091	-0.17799392	-0.73141971
0.96162781	-0.54386156	-0.16388669	1.05578807	-0.28687799	-0.58391902
0.96806156	-0.08275775	-0.11945039	0.57919443	-0.21650518	-0.47772831
0.71759504	-0.09981646	-0.22071756	0.45528446	-0.80114345	-0.22792601
0.77324106	-0.10932082	-0.24154733	0.11266215	-0.73055708	0.13292216
1.08601431	-0.11614821	-0.25827290	0.47970192	-0.47273331	0.20742819
0.95765233	-0.30958343	-0.30485564	0.53428192	-0.12234087	0.18411160
1.01426146	-0.19826472	-0.21267014	0.61079438	-0.14402303	0.00757384
0.95777194	-0.31296326	-0.06917031	0.58509859	-0.55918264	0.09773237
0.90872382	-0.14776242	-0.22696602	0.90512773	-0.25213579	-0.02407353
1.00610404	-0.07725367	-0.07411817	0.79245623	-0.40156038	-0.08530084
0.91943853	0.14102500	-0.09129877	0.94369039	-0.51321831	0.16954587
1.09150821	0.00318996	-0.15321399	0.97790318	0.01182914	-0.25324626
0.99846588	-0.14421282	-0.11872210	0.94497529	-0.06004668	0.06820407
0.82987026	0.01001605	0.01019074	1.11753964	0.31879299	-0.09732679
1.06876569	-0.08265691	-0.05536452	0.97294173	-0.44691208	-0.02625384
1.14673025	-0.18531141	-0.17124434	0.98370354	0.05798121	0.02184668
1.35577789	-0.16350509	-0.22660699	0.87320893	-0.20914126	0.09746893
1.41552510	-0.13934223	-0.16111027	0.48062499	0.41742855	-0.30836055
1.41966473	0.03821737	-0.14974728	0.68795969	0.33416537	-0.36418426
1.48634488	-0.10237515	-0.04457112	0.93230853	0.23164305	-0.30207410
1.36640945	-0.16489073	-0.07666101	0.86996747	-0.00496718	-0.14602159
1.33918099	-0.35251585	-0.10310050	0.70670454	-0.20437796	-0.68792067
1.22259683	-0.34644773	-0.35000652	-0.31883595	-0.21074817	-0.46395494
0.73522170	-0.38429436	-0.49496488	-0.58667391	-0.35649322	-0.43240587
1.14285008	-0.28132880	-0.38714983	-0.65193679	-0.38375447	-0.66313574
1.23324648	-0.40735851	-0.30889068	-0.17369788	-0.62764940	-0.11216485
1.27791231	-0.45494455	-0.23239780	0.28034308	-0.25878394	-0.22177539
1.25404780	-0.34530303	-0.21279222	0.37849483	0.53426160	-0.18159606
1.19505792	-0.41415624	-0.17415738	0.22560251	0.55199496	-0.21441636
0.77667618	-0.21990233	-0.20695251	-0.35302682	0.16542180	0.27511358
0.84686190	-0.05253868	-0.09587516	-0.61300828	0.13644318	0.26963009
0.82173694	-0.02879417	-0.16962296	-0.49074448	0.08389944	-0.15555905
0.76342346	-0.27284664	-0.18308018	-0.40635661	-0.08510250	0.31986673
0.89330291	-0.55412996	-0.06628819	-0.10339950	-0.40458525	0.23987052
0.76949745	-0.35358879	-0.03804938	-0.06253435	-0.28554222	0.34602504
1.14506659	-0.39290512	-0.14251643	-0.19903107	0.27191737	0.10714393
1.04360240	-0.10758533	-0.11166269	-0.25405609	-0.27328844	0.12643039
0.97914403	-0.00147334	-0.04607734	-0.65241050	-0.12262138	-0.14236512
0.70471919	-0.03493053	-0.06169834	0.09282785	-0.02803215	0.00350067
1.04776741	-0.08971582	0.09713544	-0.28057067	-0.23013891	-0.21139775
0.95813998	-0.22869869	0.07227283	-0.10929390	-0.77632399	0.12852688
0.86845407	-0.01446159	0.02644038	-0.12316806	0.04985635	0.09001503
1.02561642	-0.13357017	0.03348550	-0.25971573	0.62590656	-0.18234391
1.06484532	0.00060517	0.07751669	-0.31988639	-0.02362180	-0.13268775
1.20629851	-0.11300625	-0.08331568	-0.59000516	0.06054304	-0.20878517
1.43126948	-0.18951942	-0.12799520	-0.25197301	-0.60653072	0.21069213
1.46966654	-0.19269526	0.04157954	0.18352817	-0.49318958	-0.35541100
1.56430016	-0.21278252	-0.10745596	0.18173288	-0.24731569	0.11918584
1.63364915	-0.20227287	-0.44212413	-0.09139698	-0.83006527	0.30857570
1.75925818	-0.23678124	-0.64825855	0.40315027	-0.96638558	0.60029481
1.73898377	-0.53941428	-0.56097888	0.30938426	-0.40054316	0.56743838
1.30331713	-0.80539614	-0.36554133	0.67509050	0.78900209	0.18213823
0.86104899	-0.52963891	-0.16048851	0.05150246	1.81206503	-0.04121896
0.91838212	-0.06179058	-0.12079749	-0.25177123	0.88836053	-0.39630658
0.89241439	-0.12152317	-0.19637229	-0.31045732	0.25789513	0.19950979
0.92494713	-0.45168712	-0.23470734	-0.00738233	-0.66205958	0.31965247
1.09530698	-0.40973560	-0.44888145	0.55268557	-0.39030385	0.08995250
1.23715031	-0.45441422	-0.33027944	0.56641730	0.00615858	0.24879448
0.99001074	-0.55416131	-0.31861924	0.76674534	0.57006889	-0.36495610
0.94422012	-0.51520029	-0.28753733	0.14096529	0.15745722	-0.52370265
0.84766498	-0.36498158	-0.38668546	0.64452036	-0.32648402	-0.51924329
0.79425483	-0.10892305	-0.19716791	0.20740617	-0.27541873	-0.02461738
0.79522226	0.17606249	-0.16746810	0.10910479	-0.53776690	-0.03975125
0.49886854	-0.33170376	-0.25469227	0.31601063	-0.44195890	0.15064457
0.92366285	-0.57913770	-0.27140264	0.06598737	-0.71336441	0.14898634
0.90298590	-0.27226662	-0.28384971	0.38082025	0.13488085	0.31044419
0.83747093	-0.26116155	-0.13916688	0.53350415	0.38654827	0.25854767
1.04717114	-0.18350951	-0.20269348	0.62616003	-0.13972776	0.22409194
0.89271795	0.01267727	-0.27041352	0.32453520	0.34588481	0.25636936
1.20453612	-0.13074116	-0.08360453	0.20985811	-0.29289265	0.28647224
1.05680444	-0.16866239	-0.22297306	0.65503487	0.12856340	0.12535554
