1.07551672	-0.27391082	-0.19885431	0.74198326	-0.08233024	-0.04427886
0.79170431	-0.12746604	-0.26484910	1.01171840	-0.14623176	-0.21024300
0.98102543	-0.15930319	-0.13376922	0.88665646	-0.34291719	-0.04373687
0.95648422	0.06457212	-0.10236600	0.72118022	-0.41758129	-0.14008032
1.20452082	-0.10187114	-0.15552408	1.07859788	0.09691341	0.24952319
1.15555518	0.03981791	-0.16838577	1.10473436	-0.33350886	-0.13673829
0.79722508	0.00043093	-0.14038182	0.99902032	-0.20103867	0.14025619
1.11480759	0.03299345	-0.13493926	0.94898912	0.43836443	-0.01913232
1.15380699	-0.12050925	-0.20094371	0.80302345	-0.27488635	0.01836724
1.36916578	0.03092227	-0.32560725	1.09651846	0.00058650	-0.01334413
1.40196030	-0.02366943	-0.30683132	0.68075401	0.05409885	-0.09584665
1.39973625	-0.05517192	-0.19208393	0.66907375	0.27292075	-0.22824434
1.34164992	-0.16106944	-0.08425366	0.59742842	0.50092037	-0.43408073
1.37517682	-0.24845583	-0.01614161	1.02344532	0.00662970	-0.36078330
1.36207305	-0.39396853	-0.15782427	0.24327413	0.14848339	-0.48624633
1.16641779	-0.34480262	-0.42783097	-0.51563018	-0.39549177	-0.53797839
1.04569254	-0.29664436	-0.54086583	-1.05794673	-0.36473298	-0.47874938
1.17294718	-0.27217446	-0.50877437	-0.48696534	-0.29535211	-0.37747916
1.23279621	-0.49775320	-0.30000126	-0.28190391	-0.53051625	-0.41612771
1.27540625	-0.53727264	-0.37507844	-0.17550513	-0.32213688	-0.39539829
1.23284665	-0.48054161	-0.27992114	0.34865616	0.15180322	-0.33740957
1.03368697	-0.38202817	-0.07406470	0.62314632	0.44007654	0.26098092
1.05491365	-0.04790743	-0.20110026	-0.30697200	0.36250505	0.11766692
0.67845302	-0.15000487	-0.19871971	-0.31005990	0.13242663	0.28883513
0.89775066	-0.17532300	-0.19071380	-0.56163537	0.07091449	0.00376624
0.78574762	-0.29497133	-0.13807809	-0.22789486	-0.26369925	0.36958806
0.88638468	-0.39705868	-0.07237943	-0.05446527	-0.45932632	0.23379559
0.99225975	-0.39318816	-0.20308464	-0.00270423	0.05124064	0.29282250
0.79625731	-0.38645783	-0.13021981	-0.26114975	0.44447065	0.40788013
1.05441821	-0.32600314	0.07193388	0.49366300	0.25509702	-0.01222030
0.93327363	-0.19299783	-0.07981121	-0.06429498	-0.14649682	0.06935659
0.98518612	0.06440356	0.02390315	-0.17600591	0.17518499	0.21978099
1.02407562	-0.02866661	0.00922252	-0.31038769	-0.49544591	-0.14682213
1.01160543	-0.14230689	0.04035138	0.15330411	0.01424501	0.21500469
1.09289871	-0.22975437	-0.01118037	0.48719814	-0.38381835	-0.23908542
1.05024963	-0.21765245	0.03026502	0.26998778	0.32427641	-0.13126030
1.17338471	-0.12464957	-0.13236115	-0.10744283	0.28579205	-0.14543327
1.08341524	-0.25976688	-0.12603786	-0.51309527	-0.56675791	-0.07305977
1.32659793	-0.18577075	-0.12983294	-0.24950469	-0.28593751	0.10938263
1.28428102	-0.31248657	0.08323519	0.06893048	-0.06541523	-0.07886566
1.75216962	-0.08362588	-0.22972010	0.15842671	-0.52881056	-0.23354171
1.47118310	-0.18557301	-0.32802278	0.49706379	-0.31491488	0.48089782
1.66812282	-0.21617159	-0.56767846	0.26536275	-0.77612652	0.87518952
1.68506266	-0.69334923	-0.55847742	0.18620228	-0.66123591	0.91470374
1.19670007	-0.63823017	-0.30032777	0.36541467	0.85532285	0.37628736
0.82848257	-0.32461878	-0.15094569	0.29180763	1.16203378	-0.13859148
0.73091316	-0.11257800	-0.09434100	-0.41405531	1.11868703	-0.45070119
0.82972645	-0.39775852	-0.23626482	-0.50139157	0.06190803	-0.10777111
1.28940259	-0.41992116	-0.25890252	-0.28876653	-0.25546561	0.23247832
1.01839295	-0.41053847	-0.40346093	0.52067017	-0.23112067	0.36270876
1.19284140	-0.75255278	-0.45394917	0.47662308	-0.03846594	0.49340379
1.01017997	-0.55741991	-0.25322335	0.37205857	-0.02495296	-0.47951312
1.00392853	-0.46686219	-0.30426452	0.57609073	0.08576948	-0.29223211
1.00449831	-0.22477124	-0.24518148	0.55280863	-0.09870875	-0.19081048
0.85798856	0.04070834	-0.15754146	-0.03647373	-0.19341138	-0.07581046
0.44822779	-0.12593658	-0.12212193	-0.16080156	-0.22848448	0.19235054
0.95054397	-0.18287236	-0.27805980	0.32968092	-0.39900322	0.30950420
0.94683000	-0.09714563	-0.28033512	0.44758968	0.11169467	0.38774538
0.94123707	-0.24520556	-0.22561363	0.24255730	-0.29648667	0.37191409
1.03797427	-0.33092657	-0.41245172	0.34228024	0.26648092	-0.04796751
0.89975413	-0.09874864	-0.18318582	0.37981056	-0.25682488	0.38192522
0.88822457	-0.15264804	-0.26478727	0.61153869	0.16823181	0.25701835
1.10294795	-0.12749549	-0.09034637	0.16160914	0.01526297	0.49077593
1.22638221	-0.01595672	-0.11309677	0.41966292	-0.27911654	0.15320847
1.05199060	-0.04698730	-0.17668195	0.85318755	-0.17529735	-0.12935543
1.13706836	-0.23389305	-0.10649574	0.82585774	0.22379113	0.18652193
1.16554475	-0.28479276	-0.14148237	1.23695548	-0.08731764	-0.08705764
1.13913496	-0.16224904	-0.20529950	0.71775699	0.13433299	-0.10552542
1.18672010	-0.16133982	-0.26041003	0.14540998	0.56080687	-0.12287854
1.56729027	0.00819597	-0.16513967	0.03213277	0.95880760	-0.29951775
1.45374208	-0.27572803	-0.08152641	0.10422085	0.75579631	-0.93819466
1.51932896	-0.29065392	-0.08353655	-0.13072431	0.83781112	-1.01654400
1.18635645	-0.53817464	-0.13331901	-0.30662230	0.26384270	-0.64566861
0.89295265	-0.54531727	-0.52029864	-0.85188322	-0.36459778	-0.57929550
0.93387664	-0.35162733	-0.31695777	-0.78236279	-0.11062380	-0.07082286
1.15214659	-0.39310343	-0.15250274	-0.94678524	-0.70097597	-0.67538132
1.28508728	-0.40738356	-0.19570251	-0.17250410	-0.04139364	-0.41221324
1.57153052	-0.52851050	-0.19690462	0.11076963	0.06951479	-0.58579818
1.33825041	-0.52022746	-0.33085084	0.10075478	0.44285068	0.04549220
1.03650149	-0.41847921	-0.15992951	-0.26154357	1.08564257	-0.00240534
0.75355790	-0.23297526	0.02992303	-0.27605102	0.26424586	-0.21143137
0.78449042	-0.18575816	-0.16992392	-0.57193813	-0.39153978	-0.00510473
0.70171408	-0.29813860	0.01375995	-0.41329681	-0.94803752	0.26355024
0.77726856	-0.23854834	-0.00371415	-0.35141026	-0.54178867	0.17719472
0.78871573	-0.14115110	-0.18302331	-0.62397681	-0.14600141	0.26171615
0.81660052	-0.52520727	-0.15637763	-0.53354072	-0.14864156	0.46727811
1.04904142	-0.50771464	-0.15543002	-0.34397733	0.38688520	0.14004650
0.91630320	-0.30894585	-0.00500856	-0.70127933	-0.08157678	0.15852896
1.05466750	-0.26126481	-0.05621573	-0.21872575	0.30555845	0.21145668
1.04949118	-0.14968798	0.06373588	-0.46046474	0.17867699	-0.03871995
0.98685830	0.09213604	0.13623651	0.13995319	-0.43299317	0.02462218
0.81340888	-0.18752371	-0.04731424	-0.04988936	-0.40091659	0.07442777
0.85045607	-0.01322131	0.02973836	-0.23805964	-0.08228297	-0.06512440
1.03259527	0.10356502	-0.14231327	-0.42561363	-0.09839043	-0.19206739
1.24923765	-0.07753890	-0.20436428	-0.73155394	-0.16416730	0.15209943
1.27836953	-0.18989448	-0.16531903	-0.71788819	-0.23324268	-0.08679983
1.18295036	-0.12273526	-0.14090751	-0.26828823	-0.10354539	-0.02502658
1.39895897	-0.11041085	-0.03940254	-0.12194577	-0.08627670	0.14971021
1.41969045	-0.19224137	-0.14111408	0.04490039	0.01372628	0.19230651
1.62214602	0.05907497	-0.17499888	-0.10670383	-1.00571252	0.07766901
1.57705436	-0.16271380	-0.63188752	-0.67102504	-0.64850681	0.43599297
1.83166122	-0.64337501	-0.54134134	-0.30720830	-0.29036595	0.61960541
1.08313216	-0.75288501	-0.40560109	0.35525448	0.33599350	0.69413958
0.78632656	-0.62477532	-0.11454653	0.07981583	0.84535486	0.39501871
0.83280769	-0.42661980	-0.22569352	0.08265807	1.46426600	-0.00301813
0.90970498	-0.30634146	-0.10513424	-0.26122989	-0.18811640	-0.30673417
0.97812485	-0.19400794	-0.26411665	-0.35654507	-0.03875753	-0.56935008
1.25400686	-0.40512021	-0.34027336	-0.15684435	-0.03755645	-0.00832661
1.17514096	-0.48728517	-0.19686231	0.61005711	0.30229868	-0.07697910
0.95912917	-0.47647828	-0.21985422	0.60937625	0.03099422	-0.09218846
0.90040920	-0.27425000	-0.13660637	0.59263090	-0.45183812	-0.21163665
0.87829950	-0.19982629	-0.17642296	0.44014170	-0.49223635	-0.06046888
0.73866397	-0.19960604	-0.16809546	0.60554043	-0.30264553	-0.37056889
0.63313388	-0.13924684	-0.21884322	0.28087326	-0.29324354	0.29654442
0.74311171	-0.09522687	-0.30368981	0.33271103	-0.44809292	0.34185040
0.74792939	-0.21983162	-0.27178165	-0.07925767	-0.46594215	0.82599377
1.38102932	-0.13693339	-0.23624417	-0.14096692	0.06930916	0.32647202
1.15026804	-0.14003974	-0.22964845	0.27891922	0.03810022	0.21281564
1.16672621	-0.23643219	-0.22692323	0.51650473	-0.37778028	0.14646514
0.96452237	-0.21107499	-0.08931369	0.26697278	-0.02487839	0.15589331
1.06849291	-0.12460455	-0.05856467	0.37882837	0.06103800	0.40324931
0.97901390	-0.03876272	-0.09387829	0.16326322	0.27972087	-0.12303307
0.94705097	-0.30980904	-0.16960914	0.54086868	0.04910064	0.11169804
1.04707631	-0.23791352	-0.10599162	0.83266022	0.02236114	0.12790215
1.14094160	-0.02039025	-0.12621637	0.95636798	0.23718765	-0.02252825
1.11996745	-0.03533203	-0.21324771	0.58569814	-0.06601789	0.11393748
1.41271648	-0.18642658	-0.25207672	0.22291323	0.63056435	-0.18031841
1.38499495	-0.08447537	-0.20065143	-0.15567575	0.44009709	-0.13154503
