0.99642093	-0.05659093	-0.11367518	0.84902071	0.18699235	0.01655544
1.11687196	-0.18877409	-0.09191122	0.87661212	0.46916455	0.03793234
0.90767393	-0.19655241	-0.28007649	0.98768052	0.40905037	-0.17982525
0.95269263	-0.11113331	-0.11423887	1.10772294	0.37389474	0.25297556
1.08013725	-0.16361256	-0.27623240	0.01326900	0.26995398	-0.04202432
1.34088046	-0.13013784	-0.23189008	0.01061703	0.55977174	-0.43232866
1.71524706	-0.25529841	-0.13805720	0.60579362	0.31464829	-0.84741076
1.51376252	-0.35159505	-0.06885796	-0.17742563	0.74916303	-1.14787825
1.26649532	-0.58507448	-0.23046990	-0.21973396	0.50668613	-0.77814382
1.07179461	-0.57898578	-0.45596556	-0.69034543	-0.04770672	-0.52962555
1.19441844	-0.38644932	-0.29651164	-1.01193865	-0.70019410	-0.27264056
1.22775861	-0.31017961	-0.26672454	-0.43329070	-0.83499707	-0.33878578
1.32584681	-0.52646754	-0.26847498	0.26568600	0.08075128	-0.42397694
1.50110311	-0.35937138	-0.22090864	0.47076392	0.36308224	-0.13005857
1.31013712	-0.54416269	-0.25094771	0.02741858	1.12204357	-0.02710205
1.03316839	-0.28513537	-0.21168240	0.06213893	0.95097032	-0.14589323
0.88878072	-0.26528763	-0.12622827	-0.65288926	0.61683715	-0.06566399
0.96104624	-0.23550151	-0.15263958	-0.62568230	0.03242995	-0.09132570
0.90804909	-0.24418004	-0.12758586	-0.82433673	-0.40627099	0.00221103
0.81798059	-0.32112433	-0.13081939	-0.30276214	-0.04693385	0.02625776
0.85144475	-0.16079090	-0.23778350	-0.53756084	-0.46368985	0.09176584
0.99317102	-0.34239927	-0.09461652	-0.41488449	-0.00041359	0.29183717
0.89203943	-0.56412445	-0.12952597	-0.27096298	0.09266444	0.25048211
1.00257493	-0.33010971	0.07412337	-0.46209282	0.32893260	0.23467018
0.85377330	-0.31728816	-0.05841492	-0.51576490	0.22456870	0.28691548
0.91221872	-0.23245020	0.01182826	-0.27669269	-0.48202647	0.09460153
0.94429977	-0.06637970	0.05373432	-0.16771995	-0.56137603	0.18388720
0.81630379	0.02300031	0.01041724	0.03507898	-0.25263115	0.16222831
0.96318359	-0.18465186	0.05006207	-0.20200976	-0.24294799	0.24204652
1.09303591	0.01944818	-0.13858581	-0.70043031	-0.32586147	0.17614270
1.16125095	-0.05357941	-0.01760843	-0.38548233	0.31582991	0.03225431
1.25651820	-0.22316107	-0.15661501	-0.44507716	-0.27777862	-0.03507573
1.16351106	-0.35915040	-0.03192051	-0.58804749	-0.28870338	0.12632422
1.39479999	-0.27281802	0.01540031	0.05096350	-0.40224638	0.13398691
1.66407677	-0.11245510	-0.06718447	-0.02142250	-0.09274112	-0.11381250
1.55888202	-0.13321130	-0.14087208	0.20196797	-0.29824309	0.36506721
1.46344917	-0.20200566	-0.43727831	-0.60201198	-0.08381400	0.36158402
1.69500579	-0.53311639	-0.44944261	-0.16264201	0.21274339	0.27049191
1.21739152	-0.89984809	-0.32187793	-0.04821732	1.03226691	0.47800234
0.73187885	-0.66157966	-0.10509464	0.50462715	0.37174439	0.33597502
0.73830449	-0.50864334	-0.02807564	0.25340710	0.82576383	-0.15976207
0.96951895	-0.43420720	-0.27932204	-0.37773756	0.92315018	-0.43794774
1.13946633	-0.43593852	-0.21590815	-0.20215727	-0.04229497	-0.05952610
1.13503665	-0.40854219	-0.36562511	0.43639631	-0.54340432	-0.23622285
1.28364235	-0.44935497	-0.22344394	0.43190867	0.10331971	0.17720294
1.00927080	-0.48557676	-0.15483060	1.07361630	-0.21212118	0.21570234
1.00832036	-0.40804653	-0.20294204	0.92581888	-0.12751497	-0.33259598
0.93095011	-0.23671693	-0.22903626	0.43798203	-0.78649858	-0.40595812
0.78070688	-0.13475450	-0.17935059	0.27594507	-0.85984971	-0.14701090
0.85375728	0.03024232	-0.30305114	0.11885405	-0.11994172	0.02890065
0.76170826	-0.11912486	-0.28182652	0.06576319	-0.46762496	0.22098309
0.91199357	-0.35718387	-0.20611011	0.24358361	-0.14151137	0.28377417
1.03562382	-0.11177897	-0.21383610	-0.37306909	-0.60007518	0.35320736
0.85118063	-0.15706238	-0.23566473	0.18802065	0.05642387	0.31826829
0.99528581	-0.09634269	-0.09790139	0.30854075	-0.09960048	0.25300812
1.01369949	-0.15743489	-0.07304218	0.42976094	0.24736982	0.05714103
0.94212445	-0.01518240	-0.24386808	0.40111500	0.23577187	0.14409018
0.96317204	-0.21334380	-0.27598243	0.26616665	0.50315725	0.33014024
0.94064202	-0.15325852	-0.09304815	0.72734369	0.34476167	0.22580019
1.05795487	-0.15506449	-0.09538277	0.58793447	0.43537255	-0.03983511
1.15530429	-0.05325400	-0.05935649	1.00239198	0.24928225	0.10474067
1.12054345	-0.06235580	-0.25372896	0.71155138	-0.15129985	-0.04379287
1.24279488	-0.03324134	-0.35230378	0.60719314	0.43182665	0.16763261
1.58262748	-0.04794125	-0.15605429	0.03361774	0.24365213	-0.03223189
1.66374594	-0.34571357	-0.04351724	0.07422660	0.43105336	-0.80989395
1.11694222	-0.53095876	0.00018677	0.43785802	0.10867959	-0.44859662
1.21893373	-0.66578848	-0.11854134	-0.48898320	0.51042825	-0.86718082
0.99590526	-0.38921033	-0.45849826	-0.58728803	-0.32110756	-0.73209743
0.98232998	-0.24691131	-0.45781145	-1.10173341	-0.31763286	-0.15605056
1.24817901	-0.41008054	-0.43659943	-0.47694415	-0.34880043	-0.45890494
1.38255167	-0.29153741	-0.29063368	-0.27440542	-0.38767905	-0.49638067
1.47166099	-0.36350192	-0.36541867	0.13372242	0.86683570	-0.34757087
1.28724982	-0.54912708	-0.27750740	0.37054871	0.53336330	0.04162907
1.10106604	-0.36913738	-0.08374247	0.19376981	1.08869576	0.11713723
0.76565059	-0.20159871	-0.02909172	-0.41116338	0.71093499	0.17595426
0.88588319	-0.20578100	0.01592268	-0.74547660	-0.14222664	-0.06353701
0.74243225	-0.12540051	-0.07957311	-0.16222497	-0.04588957	0.05343396
0.88637212	-0.22730268	-0.11434994	-1.01918392	0.14821534	0.18534869
0.93558085	-0.40534556	-0.20216710	-0.35331563	-0.04187931	0.25351827
0.86324252	-0.28297690	-0.18872737	-0.81691686	-0.10754374	0.31320197
0.90173742	-0.40594757	-0.12452791	-0.20326311	0.35408874	0.52932350
0.86820301	-0.27326375	0.03264389	-0.36362283	-0.02702757	0.16403922
0.63284770	-0.24120916	-0.03192245	-0.22058020	-0.03397180	-0.00967427
0.97084127	-0.15901646	0.10620843	-0.12046737	0.04377587	0.16218821
0.84737483	0.03520004	-0.05513668	-0.56008341	-0.00303217	0.05019833
1.02480524	0.00366015	-0.08802280	-0.20107613	-0.12470225	-0.00418427
0.87211652	-0.32109996	-0.08168024	-0.59453397	-0.26321294	-0.07958543
1.27378478	-0.31431330	-0.23290647	-0.24509938	-0.26655416	0.11151039
1.14616282	-0.20064450	-0.05446610	-0.14876623	-0.04381170	0.10939287
1.27135111	-0.09280665	-0.22580705	-0.28811850	-0.38694060	0.26410754
1.27927371	-0.05891742	-0.09604713	-0.11540798	0.02124625	0.19021968
1.59807723	-0.22760324	-0.11196327	-0.18096011	-0.35245105	0.33302504
1.64309905	-0.00087773	-0.10805620	-0.08750658	-0.60583363	0.41010623
1.37414465	-0.31082762	-0.43368530	-0.51243772	-0.84997942	0.44635769
1.50572542	-0.41364183	-0.48520045	-0.08198274	-0.44286655	0.66249117
1.48696823	-0.81110469	-0.35990470	0.45646279	1.04268060	0.67837586
0.82405319	-0.80954612	-0.26728048	0.40120939	1.44764687	0.24591775
0.71268165	-0.51440734	-0.14379500	0.49595599	1.24152953	0.25849222
0.82649022	-0.41424416	-0.08872685	-0.41917604	0.94605307	-0.38853073
0.97920797	-0.14135002	-0.23682266	-0.37938705	-0.04996002	0.06690243
1.15700801	-0.22610841	-0.43922880	-0.12710904	0.11829032	-0.05209644
1.14115341	-0.58056903	-0.31214898	0.16008568	-0.73576211	0.24970782
1.12633504	-0.55891000	-0.38453136	0.74368554	0.04410238	-0.02644297
0.94530315	-0.37611922	-0.19188520	1.13684056	0.14348178	-0.27102064
0.99698896	-0.39861691	-0.25997677	1.04525584	0.11391277	-0.42413543
0.87451514	-0.13875918	-0.23426232	0.48101868	-0.39537823	-0.31236837
0.75516713	-0.08964816	-0.19981794	0.52315548	-0.87363417	-0.15115757
0.84580979	-0.28443828	-0.33967829	-0.19082600	-0.34615493	-0.22269559
0.92276386	-0.11425962	-0.21427018	-0.14571500	-0.27079788	0.14994229
0.72644474	-0.27625320	-0.16071789	0.09715813	-0.10539359	0.20138342
1.10228136	-0.10249791	-0.14678778	0.04062272	-0.33625018	0.25594828
0.96652391	-0.18277909	-0.17862950	0.20070389	-0.09996560	0.18988159
1.04396411	-0.20528588	-0.24041309	-0.00798265	-0.12115666	0.33754940
0.94724940	-0.02368504	-0.20749265	0.43309270	-0.14779373	0.15425867
0.93950777	-0.07183477	-0.14596798	0.03704144	-0.07392923	0.26564482
1.06950289	-0.02428536	-0.09320606	0.30983624	0.17986450	0.20215276
0.93225752	-0.12555856	-0.11375447	0.41979333	0.50228964	0.02635171
1.22751225	-0.30769593	-0.20924718	0.94131012	0.29866721	-0.28411097
1.31237915	-0.36120108	-0.24219911	0.46637207	0.33946479	-0.03004238
1.42015377	0.03163481	-0.10767470	0.77974647	0.36401783	-0.15001600
1.32816024	-0.13554129	-0.30334689	0.21790663	0.74578485	-0.49930817
1.66229748	-0.17957176	-0.17795852	-0.22143600	0.87352784	-0.44166157
1.58202664	-0.27221986	-0.06905137	-0.35729835	0.57110957	-0.81474361
1.48125727	-0.69333875	-0.18915154	0.05771493	0.56677635	-0.72904944
1.22649814	-0.48058585	-0.33278986	-0.52014214	0.52011962	-0.77534115
0.94041223	-0.47513435	-0.45744304	-0.80368326	-0.00937932	-0.81756297
0.82164913	-0.46041132	-0.17527088	-0.48397379	-0.68207293	-0.48748718
1.30259023	-0.23564798	-0.25466153	0.11209563	-0.71832235	-0.35715632
