1.60105316	-0.24472745	-0.01965612	0.69492598	-0.59311898	0.44349846
1.32783542	-0.18943709	-0.12959242	-0.00417210	0.04913143	0.24754808
1.40789817	-0.28129899	0.00409013	0.25968074	0.29858995	-0.11614738
1.34256984	-0.31620468	0.16368265	0.58704936	0.21068145	0.04707178
0.78888785	-0.27673233	0.12254506	-0.14990897	-0.12231041	0.00062376
0.86927821	-0.18082838	0.10494329	0.84285127	-0.75440218	0.17309839
0.65100338	-0.00325841	0.03213375	0.96648985	-0.63022024	0.70043329
0.56880966	-0.12463340	0.01219333	0.94020635	-0.18773237	0.86662925
0.99990372	-0.02345156	-0.11684961	0.42160919	-0.41098677	0.50167187
0.80014733	0.03665869	0.13064623	0.19235320	-0.12096412	0.14433818
0.69356450	-0.08188172	0.09844225	-0.40227168	0.10640424	0.20461253
1.01155310	0.02214290	-0.05416009	0.51315508	0.06070359	-0.21874081
0.57069097	-0.18085926	0.03692341	-0.66014054	-0.08470779	-0.39591110
0.49425723	-0.19788260	-0.02098292	-0.41796542	-0.38010165	-0.46236980
0.76753549	-0.09749750	-0.12642895	-0.16992312	-0.61030450	-0.24659886
0.87083074	-0.15798273	-0.11155100	-0.06506543	-0.44093885	0.00365578
0.99242247	-0.50681007	0.03114578	0.97217076	-0.03236644	-0.10139023
1.02792833	-0.30956066	0.10622132	0.77476144	-0.28162357	-0.46585595
0.98127194	-0.22210663	-0.03233262	1.27427024	-0.21864673	-0.67262909
0.94006213	-0.11999876	0.03965475	1.09276196	-0.41988844	-0.33178759
1.07689370	-0.06696816	0.07686578	0.48780162	-0.18457694	-0.28507523
0.98970507	-0.16156934	-0.01222501	1.49136040	-0.97765133	0.38923835
0.77487920	-0.41040931	-0.19693148	1.18768703	-0.68798059	0.68952033
1.35028241	-0.52860484	-0.25694166	1.11348038	-0.13608239	0.80049511
1.47361135	-0.60589133	-0.42612046	1.29946248	0.28767352	0.10927151
1.14242764	-0.37962589	-0.35993579	0.91501285	-0.10966791	-0.14861728
1.78769904	-0.06899616	-0.30814527	1.45457852	-0.24513995	-0.19358049
2.09023459	-0.19142347	-0.25038365	0.55416143	0.42541054	0.00531091
1.52691798	-0.16976937	-0.12621313	0.55698329	0.84567928	-0.22406315
1.14804401	-0.13464151	-0.02734393	0.64625119	0.10900165	-0.10148455
1.45102956	-0.13861505	0.03616782	-0.11531557	-0.41256825	0.14486423
1.38384705	-0.16442610	-0.18106188	0.31026967	-0.42040486	0.45122839
1.09021487	-0.27726788	-0.29511525	-0.31326936	-0.26546067	0.60302772
1.42196705	-0.28894626	-0.17601193	0.40438264	-0.18553204	0.19902592
1.17729483	-0.35711624	-0.09678292	-0.00217771	-0.08763103	0.31126903
0.61054326	-0.38530724	-0.10984302	0.74322313	-0.38414759	0.44922762
1.02300087	-0.36313605	-0.23388325	0.39410099	-0.42423313	0.08524821
0.79758428	-0.00473411	-0.13630479	0.70515512	-0.26987409	0.23722051
1.02105590	-0.25071402	-0.24037571	1.17459569	-0.33738654	-0.22447871
0.89154016	-0.11755132	-0.16716649	0.61164012	-0.32127950	-0.09433047
1.03265853	-0.05531210	-0.25684563	0.93994634	0.08052850	0.19902513
0.67263619	0.08165239	-0.06705722	0.93823057	-0.35016152	0.09508161
0.93871260	0.04694767	-0.14521660	0.45404525	-0.08761603	-0.41345533
0.92110690	0.07195973	-0.04242246	-0.23008791	0.26104399	-0.23080121
0.70465636	-0.14628373	-0.10496140	0.88714066	0.45507284	-0.24322267
0.92785628	0.08070817	-0.05253083	0.80216067	0.47050931	-0.38277739
0.88572569	-0.05767636	-0.17515957	-0.35539050	0.56632161	-0.20241167
1.03204563	0.02836831	-0.15372485	0.00203963	0.44460477	-0.12580995
0.77282265	-0.11334756	-0.16544436	-0.18189702	0.58031884	-0.13289220
0.81959750	-0.09709124	-0.18026367	-0.24508813	0.21150445	-0.33040848
0.84732969	-0.24379359	-0.14175792	-0.30319243	0.22957526	0.16963854
0.77629847	-0.34090577	-0.29450058	0.18994847	0.46030441	0.36620598
0.84375839	-0.49726035	-0.26486929	-0.13953686	0.64417286	0.06141360
1.42052009	-0.41876811	0.01940294	-0.38503842	0.74363410	-0.05041191
1.73603073	-0.45294772	0.13067060	-0.02507189	-0.01936526	0.00134184
2.03213827	-0.18546391	-0.14565440	-0.54421288	0.06942377	0.21759088
2.03050042	-0.46600387	0.04677905	-0.53446629	0.22170493	-0.04290462
1.88693970	-0.48881952	0.10553997	0.04799095	0.20027323	-0.48748578
1.62812593	-0.60166189	0.05145981	-0.07995234	0.05026319	-0.40395225
1.20848343	-0.09898437	0.03072872	0.32689395	-0.10869537	-0.41360880
1.28489773	0.11355483	0.03363176	-0.80548514	0.29184027	-0.35072240
1.29495520	0.03072620	-0.05187429	-0.70408646	0.71218797	0.07704567
1.53133757	-0.25236172	-0.05845156	-0.35300659	0.13468879	0.12323145
0.96687733	-0.26535602	-0.03398436	0.01486773	0.09274021	0.41261264
1.04859829	-0.26884044	0.05233156	0.20570962	-0.32086463	0.39797295
0.97163968	-0.14828603	-0.02102587	-0.53565797	-0.09698628	0.20452692
0.79393742	-0.12863268	-0.14100977	-0.73171565	-0.21354250	0.34348320
0.70446384	-0.11910505	-0.10252851	-0.75953123	-0.17516745	0.23540464
0.73553994	-0.04260427	0.00520919	-0.93520991	-0.32429447	0.27123787
0.55288427	-0.15429295	-0.03303901	-0.89333371	-0.01734180	0.28862372
0.78574907	-0.25697722	0.04295853	-0.91424367	0.26677497	-0.05276787
0.60988009	-0.24687134	-0.03335515	-0.57601221	-0.10878533	0.02938465
0.63592793	-0.05169118	-0.01797475	-0.96261594	-0.07764686	-0.07105090
0.66732253	-0.02922438	-0.12024123	-0.94875175	-0.11881771	0.42652258
0.45122136	0.02580380	-0.19976377	-0.61799163	-0.43151924	0.31569700
0.92284445	-0.10814271	-0.08306539	-1.30951495	-0.24088709	0.44935081
0.69125040	-0.37165467	-0.09358535	-1.29720902	-0.03933616	0.07834645
0.94137968	-0.50169242	-0.10371244	-0.69320008	-0.32285206	0.41063342
0.90546224	-0.31715763	-0.06122218	-0.99697748	0.04809120	-0.08159167
1.09404914	-0.36542032	-0.12656578	-0.26980049	-0.10722307	-0.16505855
0.91234547	-0.37194597	-0.04995735	0.42349747	-0.34531971	-0.32024380
1.14018568	-0.19492116	-0.10743331	-0.74271665	-0.62574048	-0.12323961
1.42540216	-0.49897928	-0.06413053	-0.29640369	-0.17849228	0.54421666
1.56817843	-0.84546230	-0.20808410	0.20776067	0.15549795	0.40876504
1.48702215	-0.88322291	-0.34132951	-0.00853701	-0.02199209	0.22979442
1.66865965	-0.44042702	-0.40728157	0.11937940	-0.20695365	0.09571379
1.55908057	-0.13347909	-0.40968356	-0.24386256	-0.05834026	-0.09401622
1.91206770	-0.03826569	-0.42224997	-0.48872987	0.56058793	0.16621089
1.42868265	-0.05842306	-0.10647162	-1.31472172	0.85452017	-0.07256097
1.66819505	0.09474902	0.00647842	-1.43828517	0.13898083	-0.10006099
1.24781670	-0.08711598	-0.15614040	-1.13048911	0.02078796	-0.11902782
1.19644764	0.03118387	-0.16082107	-1.01474574	-0.48593162	0.42334905
0.88557612	-0.11839743	-0.27759809	-1.61923297	-0.50086217	0.92140141
1.18077543	-0.06386709	-0.39131426	-1.06000665	-0.09782685	0.90849938
0.89518385	-0.11626040	-0.26931345	-1.49117420	0.01774676	0.55586712
1.18027456	-0.11821135	-0.36828396	-1.76479296	0.17909421	0.55048515
0.93068283	-0.10268359	-0.28853003	-1.69399086	0.28817987	0.17339059
1.04329864	-0.08126897	-0.26635602	-1.24634243	0.22294246	0.29920027
1.12164551	-0.20295907	-0.30261684	-1.05106669	0.66617419	0.33967378
0.88762919	-0.13432263	-0.32592916	-1.82403360	0.36973756	-0.05786219
1.03047325	-0.25775826	-0.24216297	-2.05855947	0.87576729	0.50992542
1.07949097	-0.38874611	-0.21839234	-0.78949261	0.62695189	0.17334376
0.98734466	-0.30581112	-0.26211156	-1.07804529	0.85039440	-0.48771821
1.07496116	-0.27627260	-0.20816031	-0.97298838	0.76928588	-0.34320524
0.83160952	-0.17730828	-0.14470690	-0.24346837	0.46273920	-0.46758483
1.12576323	-0.19097504	-0.20516343	0.05918900	0.84772893	-0.12517781
1.12094304	-0.29039625	-0.29605978	-0.47949161	0.44159519	-0.32346709
0.98151769	-0.17289792	-0.34467967	-0.85066754	0.32593781	-0.43028912
1.11192328	-0.20153222	-0.29789775	0.02192383	0.47751304	-0.36265043
1.13287986	-0.17849961	-0.18855498	-0.59523047	0.45322712	-0.57735148
1.04626007	-0.26016809	-0.22049210	-0.53047020	0.49297108	-0.39283722
0.97329734	-0.15521385	-0.05987518	0.12854482	0.22636797	-0.42677417
1.01534476	-0.21829183	-0.12065960	0.21415408	0.04234553	-0.45231823
1.02431067	-0.21538993	-0.16657886	0.44036658	-0.03266441	-0.13325177
0.73124986	-0.02841422	-0.12393879	-0.12000582	0.07754112	-0.29125528
0.82311294	-0.16301377	-0.14837542	0.39114036	0.18249236	-0.32788833
0.88599478	-0.03501228	-0.12582237	0.55982723	-0.11956320	-0.39410684
0.92334047	0.12791283	-0.08329584	0.47593320	0.25498518	-0.24227869
1.44149805	0.05934240	-0.14105011	0.76764511	0.38361559	-0.20528930
1.15397482	0.10269344	-0.18331563	0.95930510	0.76880698	-0.39161232
1.23945429	0.09513824	-0.17207701	0.14991038	0.45804260	-0.17608678
0.94048577	0.08309738	-0.08770409	-0.14736105	0.34941282	-0.22988881
1.05185254	-0.30640944	-0.14650681	-0.33269089	0.57967934	0.15977498
1.42437852	-0.47648346	-0.26494741	-1.40241052	0.39731811	-0.22319460
1.36327239	-0.81590513	-0.21614517	-1.00588551	0.71124678	-0.72923151
1.59519425	-0.88844659	0.06608109	-0.19460569	0.36039964	-0.61051849
1.51526977	-0.64178532	0.11451253	0.28312149	0.13939601	-0.83012224
1.70380797	-0.37317718	0.11241349	0.20215410	-0.15892659	-0.30068496
