0.62319274	0.02233303	-0.34054475	0.67261916	-0.08662803	0.00746539
1.05359613	-0.23816275	-0.28336323	0.37618405	0.29177365	-0.41086833
0.54659490	-0.22585259	-0.20930041	0.63126466	0.45965095	-0.22532394
1.28842763	-0.26785551	-0.08956441	0.75320712	0.41903388	-0.17481222
0.88231406	-0.32205878	-0.20847276	0.08591556	0.30792912	-0.26102609
0.81194911	-0.35584603	-0.26024724	0.72666523	0.51768589	-0.39120123
0.77630630	-0.41551344	-0.40683341	-0.00609797	0.74194271	-0.52120859
0.86011208	-0.55582167	-0.26789890	0.03868718	0.84305399	-0.74217857
1.14465343	-0.53671315	0.06259587	0.63876905	0.81746748	-0.52285948
1.12021663	-0.44191689	-0.01440777	1.35394590	0.41931860	-0.50489606
1.69315953	-0.21429072	0.04924958	0.68720460	-0.22915026	-0.28210038
1.78263414	0.05599414	0.04123107	0.96010913	-0.80339682	0.29539477
2.01444896	-0.24362301	-0.10873156	0.90907709	-0.02532066	0.27429194
1.38533883	-0.37579599	-0.09228418	1.13676342	-0.02759065	-0.11331748
1.47223031	-0.29794779	0.02482157	1.20398914	0.22813802	-0.45031531
1.17738715	-0.14513602	-0.07252176	1.15859313	-0.36646123	-0.15872326
0.99272262	-0.25329346	-0.00562914	0.78325384	0.10710476	0.00300586
1.29460545	-0.20890906	0.13302683	0.51570556	0.01203843	0.00215742
0.61476068	0.02658892	-0.01898036	1.05976776	-0.29472818	0.08087407
0.50760141	-0.02829432	-0.00614113	1.68555321	0.01469499	0.24081426
0.82661689	0.22699251	-0.02298865	0.57317011	-0.21113805	0.38571157
0.44986381	0.11538982	-0.02887632	-0.22897373	-0.67617473	-0.21860876
0.80239388	0.23970668	-0.03208219	-0.98852212	0.02512013	-0.50247612
0.69796674	0.01482294	0.01682369	-0.39589575	-0.12093668	-0.30041043
0.85058761	-0.30792474	-0.00294020	-0.12373999	-0.09352181	0.03830361
0.63101164	-0.40311630	0.01840337	0.66057038	0.10269674	-0.19800135
0.98714511	-0.35150385	-0.03343269	0.49550478	-0.47869687	-0.24996959
0.80038662	-0.37299276	-0.00983383	1.12607922	-0.09437438	-0.29277648
0.84589277	-0.25964462	-0.23741932	0.50065556	-1.27248999	-0.24402628
0.84220065	-0.38588166	-0.42576606	0.57196477	-1.54537558	0.34690887
0.71344080	-0.29039520	-0.29673613	1.63167540	-1.42957915	1.00014440
1.39935200	-0.50773964	-0.52033758	1.66864405	-0.79879665	1.02851594
1.38933156	-0.56756748	-0.61454655	0.32327790	0.63236255	0.45353308
1.61178568	-0.03530056	-0.48993485	0.19451264	0.80280293	-0.23071249
1.62710804	-0.21967534	-0.28049772	-0.15983778	0.29975620	-0.35629638
1.43209371	-0.08199397	-0.16816579	0.06033892	-0.14308907	0.24856027
1.49025942	-0.16855792	-0.19605639	-0.48516096	-0.73079311	-0.27804297
1.27996956	-0.24909290	-0.14062472	-0.38174605	-0.56203202	-0.18932125
1.36955816	-0.23825911	-0.09277247	0.14182767	-0.27734255	0.30869283
1.36642919	-0.28749170	-0.26111984	-0.15882179	-0.12612891	0.45435936
0.98973158	-0.35855904	-0.21604194	0.98012140	-0.11080876	0.04586319
0.87996957	-0.38281850	-0.16325488	0.65543541	-0.45972087	-0.15917298
0.64627500	-0.48647572	-0.28619646	0.96569420	-0.10600940	-0.39496521
1.02615311	-0.28821029	-0.19333407	1.23161928	-0.28694364	-0.44792344
0.56873107	-0.13956622	-0.07558251	1.24285734	-0.22649536	-0.22728293
0.65884746	0.11845695	-0.20515852	1.43274510	-0.27403400	-0.35261604
0.82256738	0.01668659	-0.17076306	0.83119417	-0.00624307	-0.07895455
1.20876113	-0.04175491	-0.16190060	2.22073064	0.52309046	-0.45472969
0.82009604	-0.05425082	-0.16748372	1.24040819	0.42645222	-0.07697191
1.18029449	-0.10632527	-0.15906736	1.32828656	0.58335839	-0.64658142
0.77145109	-0.06707292	-0.45712333	0.50787560	0.37333261	-0.43563027
0.75293875	-0.05351922	-0.38312298	0.77102118	0.50617775	-0.23676947
0.35219901	-0.14811611	-0.30451453	-0.01686413	0.64219645	-0.08194461
0.39566600	-0.63720681	0.00353556	-0.23924226	0.68798485	0.09163517
0.17597303	-0.62609688	0.17211059	0.07097250	0.52569375	-0.29493902
1.56985031	-0.55335802	0.03596841	-0.07949040	-0.59585639	-0.37809648
2.06302634	-0.25544524	-0.07515251	0.06524879	-0.17773310	-0.04365163
1.81122176	-0.44305313	-0.02040247	0.34708550	-0.20818695	0.33082256
1.99108491	-0.36859397	-0.01067533	-0.13377849	-0.29994353	0.27298390
1.74721910	-0.60423439	0.06621630	0.00388423	0.04504403	-0.46878305
1.68023103	-0.50382461	-0.03300476	0.80962439	0.06533105	-0.26663691
1.02916735	-0.25326100	0.12100632	0.57171491	0.10458463	-0.41401535
1.47425587	0.09065664	0.11196177	0.79604638	-0.08897079	-0.25514123
1.23815312	0.12065884	0.07111394	0.81284518	-0.19239694	-0.04493877
0.99234434	0.18194765	0.22841813	0.48628101	0.14633494	0.17554114
1.03191766	0.14899965	0.02976752	-0.18623374	0.00301405	-0.27321861
0.77551393	-0.01727696	0.18801438	0.15327433	-0.17449164	-0.06404690
0.45851031	-0.10623306	0.00519990	-0.97457516	-0.32760429	0.16839864
0.61970892	0.15858728	-0.00025319	-0.29612720	-0.51463588	0.00682709
0.60024951	-0.15356358	-0.03571949	-0.33733794	-0.47041751	0.60034595
0.69604591	-0.42404762	-0.31343520	-0.75243457	-0.73845041	0.82524669
0.96074517	-0.43684417	-0.17657979	0.22833457	-0.35996363	-0.08721954
0.78346353	-0.49369788	-0.32516388	0.54674050	-0.00176149	-0.67941529
1.26287689	-0.41606739	-0.17186073	1.17367897	-0.55817832	-0.58326832
0.67747818	-0.43832921	-0.11042279	1.37370833	-0.57889232	-0.18966771
0.99331286	-0.36909227	-0.32592678	1.41881584	-0.89316512	0.63697048
0.95884637	-0.42801301	-0.55241060	0.36737506	-0.75107949	1.20918960
1.39094445	-0.38735661	-0.58703763	0.75309895	-0.37066456	0.63333745
1.47462654	-0.42342155	-0.42882185	0.10787935	0.28052848	0.53170438
1.74917250	-0.61014333	-0.25117667	0.28197043	-0.09051694	-0.09038971
1.69797196	-0.34085749	-0.18477625	0.98779257	-0.27729753	-0.02572070
1.95643244	-0.16092843	-0.23118687	1.34646715	-0.52171018	0.16952453
1.29705404	0.08315642	-0.31737538	0.71454923	-0.31197766	0.07008798
1.45022781	0.04906466	-0.23754571	0.21657726	-0.10390849	0.23437283
1.28351114	-0.07997273	-0.18018876	-0.08829587	-0.17968341	0.43698393
0.90073389	-0.35527319	-0.10462060	0.01371019	-0.33893518	0.49377981
1.26060837	-0.32300782	-0.16982930	0.11709547	-0.70035904	0.17923571
1.30620378	-0.51671107	-0.27255185	0.51540266	-0.11346697	-0.18330507
1.10313681	-0.23233321	-0.31683967	0.89379061	-0.47414056	-0.01635294
0.79419269	-0.24851071	-0.28504132	0.55694355	-0.11181927	0.00991373
0.95623678	-0.21829256	-0.07482023	0.42197124	-0.08930654	0.10568366
0.79188136	-0.32800507	-0.01079073	1.06277530	0.34100334	-0.36387063
1.12987899	-0.13688991	0.04320152	1.30198180	0.41655627	-0.50621946
0.85445660	0.14473163	-0.14538917	0.55467389	0.18792624	-0.25782016
1.04794953	0.21459805	-0.11509095	0.67285452	0.01763419	-0.29159919
0.85383814	-0.22732056	-0.14890610	0.26404312	0.21205486	-0.02248175
0.78913267	0.13513990	-0.11048006	0.63989270	0.71063477	-0.16993036
0.63971528	-0.04544699	-0.04656465	0.30103766	0.87013800	-0.17500220
0.70104523	0.03775834	-0.16523278	0.27090807	0.59479293	-0.03831733
0.81232925	0.07018513	-0.20931522	-1.14230894	0.54557897	-0.10914607
0.41486458	-0.14723039	-0.25550549	-0.66211092	0.12911665	-0.22558305
0.88239015	-0.46868494	-0.21341825	-0.26154640	-0.02257726	-0.14725779
0.99376422	-0.83159220	-0.30708685	-0.39656269	0.70369453	0.16860493
1.23019932	-0.70317114	-0.30278688	0.34844178	0.98007036	-0.25057553
0.97512901	-0.30011382	-0.07593982	-0.37770357	1.25184974	-0.39431628
1.60723945	-0.25990006	0.17892176	-0.23935090	0.13502552	-0.34894807
1.88746240	-0.34481732	0.00583637	-0.64041436	0.12515778	-0.03417650
2.13597828	-0.36266755	-0.15155472	-0.90880689	-0.01412243	0.00671073
2.13996911	-0.48293763	0.07721036	0.06156414	-0.09912406	-0.44365485
1.77246793	-0.77765557	0.08017000	0.17829928	-0.14215468	-0.74255215
1.36024841	-0.23977916	-0.09578424	0.10059410	-0.14963314	-0.29497688
1.50146557	0.06621537	-0.01485878	0.32047167	-0.40635099	-0.21715929
1.54153013	0.15681627	-0.12013999	-1.07863020	-0.03366229	0.41246877
1.35798451	0.17513736	-0.14796486	-0.74205712	0.10669482	0.43113362
1.01744794	-0.08617456	-0.06714377	-0.72590655	0.00295086	0.23806985
0.78738487	-0.29643041	0.03226102	-0.52828621	-0.08169148	0.42515491
1.22339725	-0.08850739	-0.02909071	-0.89224662	-0.43253996	0.35853963
1.04761240	-0.15026299	-0.12805308	-1.36327974	-0.34543444	0.16184699
0.68348824	0.00307156	-0.06197119	-1.82197712	-0.22871328	0.27964576
1.15631792	-0.08522915	-0.14181737	-1.78517363	0.07392945	-0.02765038
0.72724266	-0.07896349	-0.07893308	-1.99786096	-0.37784182	-0.02718524
0.67783213	-0.03857365	-0.06219531	-1.15475854	0.11970449	0.31470784
0.51430189	-0.23810649	-0.11107514	-1.31200369	-0.34629994	0.31207321
0.57907336	-0.28732775	-0.04386264	-1.61949459	-0.61260860	0.21535051
0.62029026	-0.38021556	-0.01978078	-1.70643433	-0.25535209	0.50839393
0.88615568	-0.47728640	-0.21513331	-1.09706557	-0.69556834	0.25982031
0.70043708	-0.46489302	-0.15174001	-0.03530162	-0.57834125	0.20227223
0.82464696	-0.51167016	-0.28445848	-0.49046920	-0.25245531	-0.24389145
