0.80354171	0.53663916	0.27776959	0.01491685	-0.02513407	-0.02944667
0.80200990	0.51985238	0.26737276	-0.03976545	0.02638926	-0.02101244
0.80191882	0.52491851	0.27203049	-0.03131888	0.01961759	-0.00832959
0.80112861	0.51921611	0.26840459	-0.00429092	0.02226354	-0.01268993
0.79975113	0.52115242	0.27758116	0.01414573	0.00546755	-0.01794325
0.80219920	0.52351019	0.27669268	0.02174251	-0.02670384	-0.01133178
0.80307005	0.52173281	0.26959735	0.00591344	-0.00537142	-0.00551744
0.81231971	0.51712306	0.26989138	-0.01655254	0.01220774	-0.01426856
0.81088478	0.51614380	0.27257965	-0.03602156	0.04811995	-0.01958807
0.80224788	0.51595699	0.28513188	-0.03480919	0.04221904	-0.00940006
0.79940441	0.51594190	0.29390996	-0.01667078	0.02047399	-0.00926182
0.79722147	0.50988461	0.29676052	-0.00701436	-0.02615769	-0.01954109
0.80018694	0.51732322	0.28661188	0.00312959	0.00015878	-0.01561082
0.80451065	0.53058322	0.27937666	0.01191487	0.00159509	-0.00733661
0.80081971	0.52925484	0.29184286	0.01079203	-0.00624186	-0.00928644
0.79946317	0.52235570	0.28699186	0.03909170	-0.02078133	-0.00258303
0.79348046	0.51545676	0.27534659	0.05149577	-0.04203917	0.00833813
0.79840630	0.52197626	0.27260108	0.04511133	-0.01097386	-0.00305935
0.80010998	0.52544248	0.27493688	0.03083735	-0.03347297	-0.00292160
0.80240923	0.52278410	0.25840286	0.01266763	0.00645323	-0.00817394
0.80206097	0.52389860	0.26558775	0.00240371	0.00091373	-0.01765613
0.80193720	0.52689711	0.27029091	0.01195755	-0.00888133	-0.02149996
0.79935677	0.52366984	0.28199063	-0.00587775	-0.02568436	-0.03129346
0.80637402	0.53482043	0.27382335	0.01071600	-0.00845732	-0.02247305
0.79962944	0.52508373	0.26986858	-0.01023940	-0.02826840	-0.01891938
0.80190498	0.50963169	0.27691045	-0.00353586	-0.01267652	-0.00881719
0.80472459	0.50734926	0.27040464	-0.01290595	0.00787023	-0.00704640
0.80517513	0.51532892	0.28247065	-0.00266614	-0.00399934	-0.01058918
0.81047053	0.52671818	0.27948915	0.01521769	0.00777927	-0.00860115
0.80141189	0.52996560	0.27043169	-0.00659820	0.01728989	-0.01023434
0.80951090	0.52279754	0.27788928	-0.02504029	0.03391726	-0.02654740
0.80896912	0.52380237	0.27234362	-0.03249696	0.03708681	-0.02386039
0.80395949	0.52454408	0.28119138	-0.01706178	0.03537988	-0.01197204
0.80225613	0.52443945	0.26102450	-0.02646607	0.03654439	-0.00961034
0.79356884	0.52619951	0.28762541	-0.00511151	-0.02212542	-0.00285114
0.80075650	0.52006213	0.29378852	0.01145084	-0.02310015	-0.01858916
0.80048150	0.52088086	0.28040468	0.02166562	-0.02439592	-0.01123845
0.79713654	0.51550168	0.27601291	0.01515419	-0.01614162	-0.01358832
0.80213976	0.51499117	0.27763376	-0.00048892	-0.02076706	-0.01105934
0.79883609	0.52078629	0.28416037	0.00266566	-0.02434780	0.00135370
0.79880071	0.51846733	0.26611496	-0.00001836	-0.00994809	0.00399712
0.79795085	0.51943343	0.27824913	-0.00060455	-0.04082310	0.00585336
0.79270725	0.53156933	0.29430344	0.02464593	-0.02314903	0.01910229
0.80080854	0.53431182	0.28337048	0.03262860	-0.04733761	0.01250057
0.79856621	0.53796979	0.28887139	0.02732748	-0.05917336	0.01144985
0.80182281	0.52687203	0.27702085	0.02902780	-0.05074372	0.01389834
0.80378548	0.52801976	0.27251330	0.03268705	-0.05756121	0.01900080
0.80507496	0.52447805	0.26968220	0.03204962	-0.05570909	0.02518536
0.80320269	0.52566902	0.26007803	0.01092028	-0.04736772	0.01289959
0.80948166	0.51975423	0.26544957	0.00734461	-0.05563368	0.01604204
0.80574652	0.52659317	0.26314143	0.01025632	-0.03699534	0.01232510
0.80469450	0.52784873	0.25545696	0.00525453	-0.03801859	0.00940706
0.80280656	0.52734311	0.26660763	-0.00625499	-0.04480352	0.01654116
0.80178951	0.52525510	0.26769937	0.01900312	-0.05878891	0.01428289
0.80591779	0.53096573	0.26612305	0.01963286	-0.06740645	0.01196026
0.80912899	0.52999927	0.26863911	0.02160883	-0.03952578	0.02370608
0.80750767	0.52770096	0.27594621	0.02865155	-0.03881606	0.01080653
0.80607758	0.52356167	0.26628890	0.03133770	-0.06596133	0.01620509
0.80710069	0.51979562	0.26407100	0.02320952	-0.06105600	0.01509756
0.80954984	0.51800594	0.26087607	0.01620913	-0.06377381	0.01109783
0.81695275	0.51918813	0.25673954	0.00719697	-0.05094924	-0.00089319
0.81346937	0.52414807	0.24357372	-0.00088072	-0.03541425	0.00269636
0.81221530	0.52578491	0.25326037	0.00235641	-0.00771905	-0.00211211
0.81467763	0.52765447	0.24499840	-0.02210761	-0.02096098	0.00863029
0.81001251	0.51764352	0.25527470	-0.00737421	0.00470085	0.00526809
0.80424363	0.52791704	0.27306720	0.02373165	-0.00997875	0.00920282
0.80666843	0.52365909	0.25732468	0.03611091	-0.02392293	0.00531355
0.81016488	0.51938623	0.25839276	0.04084079	-0.02376849	0.00318176
0.81688887	0.51502063	0.26306049	0.01955138	-0.03496217	-0.01769964
0.81784108	0.51408856	0.24897138	-0.00033068	0.00325848	-0.00910400
0.81026366	0.51194644	0.23946758	-0.00760795	-0.00220385	-0.01201903
0.81042677	0.51776809	0.25458867	0.00651548	0.00376843	0.00720036
0.80857861	0.51530046	0.24982017	0.01034880	-0.01502998	0.00173600
0.80883742	0.52117001	0.25026234	0.02563382	0.00909084	-0.00672003
0.80994839	0.52882135	0.24482602	0.01078593	0.01724682	-0.00813690
0.81381766	0.52614891	0.24608751	0.00578331	-0.00314158	-0.00614507
0.80742657	0.51910807	0.24832297	-0.01044367	0.02710509	-0.01316505
0.81041925	0.51541529	0.25913644	-0.00916383	0.01375474	-0.00345403
0.80102418	0.51896037	0.26432151	0.00349885	0.02543878	-0.00671438
0.80275115	0.51763543	0.25534370	0.00310989	0.01053230	0.00152668
0.80142679	0.51696443	0.26200086	0.02763209	0.00065279	-0.00799883
0.80779035	0.52312218	0.25483195	0.00706735	-0.00845606	-0.00506867
0.80927741	0.52830230	0.25909574	0.00874893	-0.00466232	-0.00556270
0.80639547	0.53263170	0.26072137	0.00693003	-0.00743641	-0.00458194
0.81131416	0.53103494	0.24678443	0.01994870	0.00816853	0.00488342
0.81331993	0.52757427	0.25321712	-0.01314824	-0.00502481	0.01096149
0.81228247	0.53271281	0.25270052	-0.01889252	0.01355584	0.00561766
0.80697506	0.52023432	0.26846810	-0.01939585	0.00531673	0.01094712
0.80619691	0.51504894	0.25104076	-0.01131710	0.00849704	0.00895857
0.80849508	0.51561010	0.25175201	-0.02111982	-0.01979284	0.00172833
0.80625589	0.50895124	0.25565396	-0.01423189	-0.02500355	0.00250943
0.80986806	0.51301526	0.25178263	-0.02075313	0.00141703	0.00525410
0.80932163	0.52382980	0.25830161	-0.00330645	-0.01556050	0.00328004
0.80897745	0.52923664	0.27201000	-0.01557837	0.00489174	-0.00862460
0.81678815	0.52342041	0.25588995	-0.01382174	0.02101139	-0.01585956
0.81464831	0.52318816	0.26879487	-0.01931415	0.04891948	0.00415007
0.80672870	0.51825118	0.26265686	-0.02738315	0.03239232	0.01149252
0.80428445	0.51656867	0.25456599	-0.00516670	0.00910666	0.01951171
0.80887404	0.51035477	0.26485021	0.01149906	-0.01840300	0.00619842
0.81270439	0.50956165	0.26020523	0.01039470	-0.00145261	0.00064902
0.81071385	0.52232442	0.25248578	0.02509936	-0.01033814	-0.00024476
0.81319417	0.52488952	0.24683537	0.00557406	0.02227730	-0.01419401
0.80727536	0.52290355	0.25387487	-0.00243518	0.00374761	0.00621145
0.80544937	0.52037744	0.26359194	-0.00591247	-0.00033574	0.01883814
0.80962521	0.51878726	0.25464819	-0.00539348	0.00324233	0.00488662
0.81210036	0.52195467	0.25476414	0.01676729	-0.01225388	0.00429450
0.80753309	0.52945441	0.25610138	0.01319953	0.00226696	-0.00113842
0.81374607	0.52435989	0.25943353	-0.00787698	-0.00245524	0.00298317
0.81287232	0.52925881	0.25696304	-0.00667701	0.01060699	0.00370110
0.80481623	0.52499622	0.25826683	-0.00219707	0.02530614	-0.00324960
0.81120452	0.52930018	0.25033353	0.00909660	0.01005656	-0.01041489
0.81158837	0.52611550	0.25491965	-0.00426561	0.00406603	-0.00278656
0.80796346	0.52354603	0.25385552	-0.00774352	0.01194157	-0.00633827
0.81028431	0.51662202	0.25589212	-0.01608783	0.01745103	-0.00265364
0.81224914	0.51746219	0.25581109	-0.02148910	0.01174375	-0.00947150
0.81170355	0.52105041	0.25674593	-0.00745149	0.01030516	-0.00888855
0.80572479	0.52654145	0.25953148	-0.00822830	0.02173982	-0.01832064
0.81454378	0.52823876	0.26888253	-0.00504226	-0.00285616	-0.01992913
0.80578878	0.52626539	0.25786973	0.01756240	0.00133244	-0.00160366
0.80544376	0.51707278	0.26042544	0.00999066	0.02044469	-0.00334537
0.80743833	0.51755376	0.26775884	-0.00034762	0.00023440	0.00418493
0.80937669	0.51390265	0.26148201	-0.00754784	0.00836898	-0.00361966
0.80998924	0.51937858	0.25859656	0.00795362	0.01780186	0.00028989
0.80667419	0.52633927	0.24931491	0.01121771	0.00861160	-0.00969673
0.81159958	0.52305090	0.25228885	0.00477632	0.00286439	0.00190843
0.80939292	0.52979585	0.25089878	-0.01340150	-0.01506008	-0.01835772
0.81014717	0.53033841	0.25331929	-0.00250774	0.00030415	0.00111958
0.80554685	0.52420173	0.24815374	-0.00378994	-0.01403082	0.00291337
