0.99901352	0.06789994	0.16289565	-0.11593514	-0.02918934	-0.05425482
1.00630968	0.05794650	0.16415777	-0.11558838	-0.06975753	-0.06617259
1.01128710	0.06136642	0.17023314	-0.08833297	-0.07002951	-0.04579564
1.01682775	0.05424412	0.16751416	-0.11421168	-0.05826616	-0.06313284
1.01448483	0.07335996	0.15443727	-0.08474497	-0.07811772	-0.02885148
1.01300670	0.05748949	0.14092143	-0.06049008	-0.06721455	-0.07432574
1.01724562	0.06305291	0.13087798	-0.09546123	-0.05294835	-0.04134816
1.01879796	0.06126556	0.14482365	-0.04877071	-0.08316056	-0.02716254
1.00906005	0.05565339	0.14377423	-0.09790161	-0.05488485	-0.04130890
1.00588004	0.06671896	0.14303142	-0.04530166	-0.08320842	-0.02098496
1.01371926	0.05575376	0.12697198	-0.04503665	-0.07181036	-0.03195245
1.01480933	0.06594160	0.13771663	-0.10627950	-0.08645264	-0.05989162
1.01853280	0.05335947	0.12629080	-0.08564224	-0.07756476	-0.03301883
1.01245970	0.04357832	0.13449753	-0.05412235	-0.03363340	-0.01253413
1.00456836	0.04101755	0.13556462	-0.04177390	-0.03216357	-0.03071167
1.00335259	0.04300684	0.13684526	-0.04304908	-0.03741340	-0.03771188
1.00515393	0.05295221	0.14226992	-0.10039277	-0.06296165	-0.07424575
1.01571056	0.05185556	0.14406755	-0.12740089	-0.12318785	-0.03795068
1.01840496	0.03618163	0.13892300	-0.10766975	-0.15043636	-0.03651655
1.01328839	0.03826191	0.13105455	-0.06203187	-0.10932210	-0.06444266
1.01266688	0.03527715	0.10449417	-0.08098218	-0.05140602	-0.04398239
1.01035772	0.03395292	0.12639039	-0.06665919	-0.02153845	-0.07648278
1.00900105	0.04312465	0.13039857	-0.08075542	-0.07445431	-0.08565697
1.01469703	0.05162275	0.13161418	-0.09308520	-0.06414815	-0.03582642
1.02227773	0.05004153	0.13018452	-0.10960098	-0.05624146	-0.04885785
1.02082652	0.04975771	0.12281179	-0.08602305	-0.07512312	-0.06469958
1.02142949	0.03808379	0.12789935	-0.07129380	-0.08483262	-0.03129454
1.02458125	0.04767736	0.10851490	-0.03816210	-0.10157194	-0.05919135
1.01632071	0.03629106	0.11693651	-0.05791904	-0.06944533	-0.04935072
1.01805162	0.03794402	0.11380757	-0.07121465	-0.04421156	-0.04102523
1.01437855	0.04863137	0.11262917	-0.03379128	-0.04506162	-0.05204658
1.00019977	0.04145578	0.10650956	-0.00090094	-0.03176356	-0.04494062
1.01952116	0.04317777	0.10603506	-0.00443033	-0.05102684	-0.07360781
1.02815334	0.02193521	0.10373724	-0.02744203	-0.02985114	-0.04352418
1.02702333	0.02989493	0.09828583	-0.04337177	0.03530378	-0.10596370
1.02186557	0.04298748	0.11857745	-0.08860960	0.04688580	-0.10966961
1.00921499	0.06705209	0.11870875	-0.14320376	0.04058525	-0.09695596
1.00960540	0.05471544	0.11360084	-0.09178663	-0.02997575	-0.07508096
1.02381985	0.05785763	0.11634727	-0.07750708	-0.03586542	-0.07588002
1.02915033	0.05344332	0.10947795	-0.09410984	0.01876275	-0.07310712
1.02920493	0.05776961	0.11349526	-0.09706055	0.00118195	-0.08440643
1.01010735	0.06656321	0.11783187	-0.14238910	-0.00274175	-0.08066181
1.00914109	0.05310995	0.12991089	-0.10632659	0.02662015	-0.06134986
1.02085921	0.07668524	0.11531715	-0.06112966	0.00349799	-0.03596011
1.01913978	0.06801161	0.11901941	-0.08604487	-0.06303057	-0.05986466
1.02987126	0.05696292	0.10057533	-0.02678428	0.00675277	-0.00951782
1.02715970	0.03994573	0.10323426	-0.07135074	-0.00032482	-0.06997786
1.01958511	0.04060846	0.09268503	-0.02910421	0.00118333	-0.05666360
1.01699584	0.04596716	0.08083546	-0.05039835	0.08798325	-0.03551374
1.01290034	0.05959905	0.09905755	-0.04123391	0.06157197	-0.05195003
1.01633125	0.03866142	0.08576464	-0.07446705	0.05253700	-0.06236654
1.00994251	0.03795659	0.11022834	-0.09231780	0.04908838	-0.07442995
1.00956507	0.02745854	0.10724814	-0.08025976	0.07154885	-0.07918670
1.01077901	0.04165351	0.11500401	-0.06461066	0.08526952	-0.08177880
1.00435279	0.05978389	0.12222560	-0.05213108	0.05156947	-0.07907819
1.01256364	0.06052554	0.12460882	-0.04461775	0.00203152	-0.09161473
1.02439334	0.06470472	0.13567073	-0.04871482	0.00824835	-0.08065008
1.02137382	0.06858718	0.13087747	-0.05336366	0.06079997	-0.03344652
1.01984375	0.07486295	0.12026602	-0.03347694	0.02650588	-0.03562811
1.01732967	0.07598111	0.12711585	-0.03872324	0.02631330	-0.02509236
1.01645493	0.07766768	0.13073792	-0.05452015	0.01688697	-0.00186023
1.00298309	0.06987654	0.12356382	-0.06977568	-0.03140246	-0.00647300
1.00259951	0.06230395	0.11145246	-0.03346287	-0.00755197	-0.03568098
1.01742997	0.05666582	0.11688971	-0.01405988	-0.01516210	-0.00374457
1.01631032	0.04570413	0.10252777	0.00698038	-0.02137396	-0.04409422
1.01411294	0.05775383	0.09275065	-0.01920319	0.02184599	-0.01456538
1.01136862	0.04944069	0.10287125	-0.05655628	0.02799049	-0.04504389
1.01501083	0.04574758	0.12045180	-0.07413140	-0.00012046	-0.05531266
1.01412796	0.05158463	0.11541467	-0.06619145	-0.01647919	-0.05913160
1.01457755	0.05522306	0.13070787	-0.07017142	-0.03703780	-0.07374726
1.02190010	0.05063269	0.11813384	-0.05431642	0.03803572	-0.06626316
1.01647148	0.06259588	0.12348703	-0.01110253	-0.01670247	-0.05808204
1.02309026	0.07277942	0.12774700	-0.01076455	0.05827174	-0.05409046
1.00732308	0.07191307	0.12401820	-0.04770025	0.00782447	-0.06148918
1.00192227	0.06811819	0.13440699	-0.06095163	-0.02209925	-0.03547601
1.01914711	0.06959010	0.12951598	-0.03899977	-0.01663859	-0.05001115
1.02321648	0.07879059	0.14044766	-0.01527706	-0.00849677	-0.02983678
1.02316959	0.07175257	0.12619113	-0.03667480	-0.03592177	-0.05616792
1.01991543	0.05970409	0.11638519	-0.06432600	-0.01659047	-0.06744321
1.01238135	0.06046109	0.11457592	-0.04183525	0.03979034	-0.07606540
1.00988930	0.06324739	0.10536556	-0.04045849	0.02087737	-0.07269146
1.01767795	0.08611799	0.12153001	-0.05198986	0.04899778	-0.04320597
1.01208349	0.08600419	0.14286245	-0.03453479	0.02946875	-0.01096153
1.00778718	0.08442837	0.13731516	-0.04193114	0.01820173	-0.02889279
1.00586669	0.07619162	0.14429413	-0.01791516	-0.02265592	0.01235862
1.00824123	0.07592229	0.13140513	-0.05748622	0.00249036	0.00209953
1.02198846	0.08203543	0.12661385	-0.07621718	-0.01566953	0.00311468
1.02760651	0.07482059	0.10587752	-0.03034296	0.00075344	0.01088765
1.01562816	0.06734434	0.12894130	-0.00929530	-0.02209043	0.01419982
1.00725117	0.06703707	0.14269720	-0.03274523	-0.04650213	0.04249259
1.00503254	0.07297002	0.12499532	-0.01787991	-0.02039281	0.02553675
1.00978313	0.06826676	0.12889252	-0.01205026	0.01438081	0.01810330
1.01482336	0.06109917	0.12665826	-0.00718468	-0.01711519	0.00547880
1.01632084	0.07522610	0.11777149	0.01050626	0.00611689	0.03145866
1.01538636	0.07306042	0.10972982	-0.01001203	0.04645340	0.03259724
1.01134057	0.08749539	0.12449129	-0.02308299	0.03390111	0.02875018
1.01742684	0.08327797	0.10887800	-0.00228821	0.01563230	0.03365574
1.01715331	0.07805626	0.10612364	-0.00766423	0.00891737	0.01798266
1.01780486	0.06830158	0.11824434	0.00728300	0.00369392	0.04361210
1.01048946	0.05360202	0.11780849	-0.00224029	0.00200673	0.02702337
1.01114938	0.06324012	0.11637684	0.01161989	0.00936603	0.08954609
1.00807653	0.07438864	0.12929501	0.02046248	0.05410425	0.08195978
1.01219742	0.07035715	0.12623613	0.03959489	0.05708413	0.06349229
1.01184075	0.05760321	0.12163963	-0.00298295	-0.01262240	0.05662314
1.02074962	0.07379408	0.13651585	0.01177521	-0.04102671	0.05956689
1.01364713	0.05125763	0.13773711	-0.01493545	-0.02787716	0.05152578
1.00886832	0.06345630	0.10823647	0.00629819	-0.01107245	0.05983992
1.00540019	0.05239267	0.11252720	-0.01987426	0.02758838	0.06017600
1.00771967	0.05600826	0.13289457	-0.01491067	-0.05684562	0.03807365
1.01195766	0.04813587	0.12949317	-0.01272925	-0.00766866	0.03845304
1.01685627	0.04226056	0.13051964	0.03431315	-0.01913365	0.08246384
1.01132896	0.04357231	0.12976180	-0.00167432	0.02029290	0.02240483
1.01424897	0.04588794	0.13820939	-0.03257378	0.02656644	0.03165034
1.01015014	0.04033311	0.12934851	-0.02441945	-0.00315022	0.03462138
1.01384993	0.04522071	0.12787921	0.00456852	-0.01853794	0.00729768
1.01414772	0.03651102	0.12965926	-0.01537340	-0.04964874	-0.01220033
1.01185480	0.03496145	0.13054822	0.00501738	-0.03180412	0.00450411
1.01290363	0.05600392	0.13015962	-0.00640991	-0.00795600	-0.02863114
1.01351232	0.04800602	0.12700716	-0.01201622	-0.03066354	0.00034476
1.01596979	0.04857990	0.10773909	-0.00858401	-0.01931138	0.01110220
1.02317139	0.03764928	0.09049744	-0.00647512	0.01829919	0.00136753
1.01798744	0.03324176	0.09929491	0.03067813	0.01970817	-0.02458349
1.02336735	0.04674161	0.10292482	0.01257788	0.05482496	-0.06156344
1.02337053	0.02687932	0.10201822	-0.01516541	0.01400284	-0.01755480
1.03027588	0.04953283	0.10796890	-0.02177739	0.08308717	-0.09271430
1.03333239	0.05790824	0.10840034	-0.01917819	0.06750323	-0.05141806
1.01344693	0.03892392	0.12601612	0.00422746	0.01982454	-0.06059761
0.99746512	0.01787526	0.13458183	-0.02934458	-0.02029795	-0.08777265
