-0.09330978	0.94899875	0.20949485	0.06138883	-0.15966294	0.30662799
-0.04097293	0.92197869	0.25621450	-0.04198784	0.01511612	0.28624227
-0.03673409	0.89739778	0.21376709	-0.00533210	0.15320095	0.37893481
-0.11596220	0.99775700	0.22663678	0.00716785	0.01626428	0.42380562
-0.10072516	0.99370517	0.20553045	-0.05739169	-0.04225373	0.34149902
-0.09431519	1.03634107	0.20990275	-0.13734608	-0.06076034	0.38460207
-0.12424863	0.98953173	0.22479539	-0.00268485	-0.06070516	0.31126745
-0.05936202	0.92740689	0.22987749	-0.19493869	0.07807523	0.32273117
-0.09140691	0.92959421	0.24097646	-0.13486532	0.12956703	0.43884447
-0.07261524	0.92886839	0.22499768	-0.20544451	-0.08562640	0.41957717
-0.03971620	0.82621385	0.21738467	-0.20201617	-0.12824895	0.40233218
-0.04848158	0.83767657	0.23581671	-0.06388955	-0.05266312	0.47742235
-0.04659036	1.06221683	0.26044854	-0.09705667	-0.09088870	0.44188151
-0.01562059	1.14582530	0.28524755	-0.03703251	-0.10551908	0.43375345
-0.05047291	1.15233445	0.29120716	-0.05285414	-0.22537511	0.39829976
0.03066445	1.07717682	0.29335064	0.00756807	-0.07103936	0.34456076
-0.00411392	0.92776089	0.25910739	0.10453079	0.15033984	0.29820326
0.01235459	0.90305280	0.28241684	0.14369743	0.09757547	0.29195817
-0.04838320	0.94733795	0.30123974	0.11593266	0.01334776	0.27665615
-0.07581485	0.91153449	0.26205920	0.10398208	-0.19579599	0.25633570
-0.03309977	0.93717783	0.25868322	0.09580761	0.03835446	0.33205635
-0.02504960	0.93385115	0.21189614	0.07295522	0.00741862	0.28893526
-0.08464999	0.93861164	0.22267376	0.13588174	-0.01737681	0.32463304
-0.07453417	0.99553436	0.25491705	0.04878155	0.00917393	0.32540420
-0.06541334	1.06005631	0.25056110	0.02053389	0.03392302	0.26933893
-0.05864783	1.01008742	0.25034887	0.06892040	-0.03096026	0.28018400
-0.10818797	1.00574047	0.23245701	-0.03415198	0.07402474	0.32779957
-0.08845181	1.03331945	0.23500034	-0.05781009	-0.03041680	0.34227140
-0.10331346	0.97050000	0.28772265	-0.02701632	0.00818591	0.38758403
-0.07866355	0.92535889	0.25562445	-0.17005438	-0.12634864	0.40112228
-0.05958126	0.97707912	0.26222542	-0.07230270	-0.07738170	0.45818374
-0.06133699	1.00246766	0.23225634	-0.15405234	-0.09672926	0.40625453
-0.05855888	1.07498840	0.27100622	-0.10322813	-0.15740983	0.38224127
-0.04950927	0.98353137	0.26613388	-0.01073619	-0.07742769	0.35124016
-0.01984271	0.95467369	0.24822806	0.01878378	-0.06675745	0.43408156
-0.00554648	0.92594009	0.26031364	-0.02216840	-0.02166509	0.32236486
-0.00543650	0.97566739	0.25579965	-0.00687228	-0.08365009	0.39867937
-0.00523776	1.00800522	0.27302878	-0.01902482	0.02095923	0.30194848
-0.03391210	0.96614084	0.28395610	0.07132158	-0.06653593	0.28435406
0.00573956	0.94960623	0.29677846	0.15439157	-0.01995330	0.29068756
0.01637079	0.99537071	0.28478800	0.21146823	0.03159584	0.26363074
-0.02941712	0.94841257	0.28057044	0.24285116	-0.03243259	0.30094924
-0.02692777	0.92948374	0.26214287	0.19147596	-0.12067160	0.25763860
-0.03580788	0.96587849	0.25589188	0.20357539	-0.10489501	0.22870311
-0.02568199	1.02466602	0.25013267	0.21944992	-0.02731688	0.30049727
-0.02556990	0.99593675	0.25448784	0.14073159	-0.05019133	0.24208702
-0.04780500	0.97334856	0.24018728	0.13734277	-0.02447882	0.20196649
-0.03562028	0.93329430	0.24575936	0.05741121	0.03436269	0.22511262
-0.03845683	0.99471125	0.23723251	0.06151311	0.06900522	0.22852529
-0.05331256	0.96309004	0.21515528	0.14995283	0.02479345	0.22255588
-0.05986113	1.05781985	0.24172434	0.12620375	-0.01263024	0.16551085
-0.03270494	1.01638587	0.21130666	0.15333613	0.02464047	0.19085506
-0.04353214	1.00023332	0.21884114	0.11112082	-0.05049040	0.16746030
-0.04404652	1.05130741	0.20258628	0.12096490	0.05362245	0.25966622
-0.03550155	0.96117573	0.21028304	0.15891920	-0.01375904	0.22750977
-0.05510120	0.95452672	0.19744798	0.06699146	-0.04658041	0.24811545
-0.11106638	0.91692488	0.19262328	0.03058112	-0.06253008	0.27641904
-0.09025372	0.94016309	0.21541118	0.13751168	-0.04463572	0.22304125
-0.08665993	0.92554057	0.24185999	0.07314647	-0.03554099	0.27391399
-0.08624518	0.93640168	0.23532329	-0.00569643	0.02078441	0.29203096
-0.07257314	0.94651353	0.23474444	-0.02989305	0.05890783	0.28097605
-0.05920036	0.93608733	0.24903892	0.05049136	0.04534635	0.27142900
-0.04553737	0.97390076	0.24638377	0.10774394	-0.05834432	0.30079710
-0.05411553	0.97887212	0.24058082	0.06560503	-0.14699321	0.28836902
-0.07959564	1.00104864	0.20185059	0.05539451	-0.06472021	0.20688066
-0.07810990	1.00313872	0.22205487	0.09465804	-0.04038334	0.33271780
-0.06860949	0.98511410	0.22224436	0.19003774	-0.01353605	0.34160260
-0.04052900	0.96274513	0.22843582	0.12141205	-0.03634473	0.31219542
-0.04770897	0.98467974	0.20873934	0.17012838	-0.10823568	0.30782532
-0.02608441	1.00922120	0.20268362	0.16140094	-0.05249047	0.28119646
-0.04763357	0.90732699	0.19450789	0.05023606	-0.07447074	0.28518330
-0.06052943	0.95795444	0.19030730	0.03773368	-0.03281920	0.29147104
-0.05178547	0.97809595	0.17920709	0.07377017	-0.16784378	0.28317286
-0.02360157	0.98684127	0.19039338	0.12072700	-0.11036509	0.31293174
-0.01509824	1.00453933	0.20483517	0.06872288	-0.08105054	0.23628188
-0.00770868	1.00193493	0.19603330	0.12930925	0.00870538	0.35423210
-0.04183503	1.01536711	0.22055556	-0.01696940	-0.05589917	0.19059359
-0.02245555	1.03562791	0.17891671	0.07105165	-0.12614449	0.28385370
-0.02824569	0.96280085	0.17106696	0.03509758	-0.07867682	0.30793564
-0.03485169	1.00659587	0.21399041	-0.00354819	-0.06847177	0.14200669
-0.01072592	1.04021229	0.16229295	-0.03511012	0.01502413	0.19112676
-0.04557005	0.96324690	0.16255062	0.02746283	-0.00480103	0.17875438
-0.02976241	1.05561668	0.18655962	0.00035064	0.00236886	0.14686108
-0.03525033	0.95021132	0.19474433	-0.07473012	0.00107753	0.14213093
-0.01811284	1.01772164	0.16568705	-0.02918809	-0.00930699	0.09700278
-0.03331133	1.00554647	0.21982339	-0.02533228	0.01130702	0.09526372
-0.05235197	0.98492857	0.22410416	-0.01270223	0.10859098	0.05697692
-0.01494442	0.99200144	0.19302721	-0.04540660	0.03156836	0.03600527
-0.04286877	0.97463266	0.15540694	-0.09969497	0.11351577	0.09672328
-0.07754636	0.98275038	0.18842691	-0.13266987	0.01578937	0.08389339
-0.07259375	0.94427374	0.20437506	-0.16817366	-0.00605239	0.16223467
-0.08024376	0.94539222	0.19147610	-0.11629358	-0.02626177	0.12930989
-0.10842147	0.97935626	0.22909420	-0.17712276	0.05565179	0.12909122
-0.12862509	0.96941564	0.21908775	-0.12151900	-0.12737172	0.12695506
-0.10166994	1.01344086	0.20466632	-0.03946781	-0.11636088	0.16692091
-0.10828957	0.98060691	0.18390150	-0.09718827	-0.05497135	0.12718410
-0.09028214	0.93327937	0.20510525	-0.15419144	-0.01504196	0.19903874
-0.08829797	0.94585920	0.21415159	-0.07872530	0.00431388	0.25634846
-0.10438989	0.95915460	0.21578368	-0.07643115	-0.12128282	0.23778433
-0.08344006	0.97812357	0.22520349	-0.08194784	-0.10032163	0.20146132
-0.05977422	0.96566169	0.21892007	-0.01950295	-0.18815579	0.29017863
-0.05080646	0.96594893	0.23429782	-0.11869920	-0.13177690	0.26527321
-0.02750168	0.99494232	0.22697542	-0.09643413	-0.06782510	0.21797549
-0.02373655	1.00173973	0.23226728	-0.13759225	-0.01632135	0.28379725
-0.02601760	1.00002529	0.23654646	-0.09854735	0.03041145	0.25728467
-0.01481479	0.99484412	0.22639486	-0.08568963	0.03602998	0.21223703
-0.03065847	0.95783609	0.23654898	0.01364642	-0.00405759	0.15899418
-0.03404574	0.95669978	0.23127258	-0.11413195	-0.04932806	0.11410985
-0.00909815	0.96173775	0.23924056	-0.05499099	-0.06636800	0.20247792
-0.02224930	0.94392451	0.23597477	-0.04950161	0.04320250	0.22883424
-0.03878897	0.99326965	0.21143329	-0.02220183	0.02469769	0.15942207
-0.06958381	0.95463341	0.23260125	-0.07186883	-0.05659748	0.16189864
-0.04723225	0.98527909	0.22222137	-0.02543858	-0.07895304	0.13416378
-0.04433860	0.96951862	0.20431796	0.00316268	-0.01366823	0.14118689
-0.04515472	0.97182132	0.25416560	-0.05035064	-0.01644515	0.15863035
-0.02415655	0.98249233	0.23841220	-0.07209062	-0.01053075	0.19189976
-0.05883780	1.00346358	0.22766522	0.03644424	0.03652490	0.23257056
-0.07585897	1.00627531	0.20407795	-0.10100967	-0.01556141	0.15277018
-0.06449526	0.97533256	0.23277889	-0.05726974	-0.07509877	0.21939656
-0.04458216	0.96841962	0.22230152	-0.08926347	-0.02752357	0.19601291
-0.03634041	1.00422355	0.22094706	-0.09217022	-0.00762221	0.22070111
-0.07605791	0.97065082	0.20092486	-0.09186290	-0.06248533	0.16452917
-0.04594910	0.93380177	0.22935569	0.02062143	-0.00539399	0.16589332
-0.03362557	0.94956394	0.22858818	-0.02272311	-0.01940544	0.13342419
-0.02976002	0.98911197	0.24267855	-0.01369823	-0.04728337	0.14923792
-0.00037660	1.02503120	0.26148188	0.07144501	-0.03000882	0.05240528
-0.02292760	0.98670148	0.22105929	-0.03354057	-0.04605403	0.20342606
-0.04535457	0.97223979	0.22534365	0.01671130	-0.05406350	0.09691145
