-0.03264972	1.03746940	0.22858698	0.45426108	0.28259124	0.38691314
-0.07983792	0.99701408	0.22604015	0.41780869	0.14472327	0.37278233
-0.05954862	0.99843793	0.19174176	0.35539659	0.15759074	0.34803257
-0.01975608	0.98107398	0.15620737	0.36359294	0.21913667	0.34156407
-0.04206324	0.96526955	0.16753834	0.28044099	0.30202567	0.32931598
-0.05351249	0.97248805	0.20496510	0.32500016	0.16186560	0.31771983
-0.06576047	0.97915290	0.22569247	0.27835317	0.00326292	0.37474516
-0.03725794	1.01494740	0.18395172	0.32302448	0.03191522	0.31921983
-0.00389687	1.02841723	0.17506980	0.24420015	0.12155725	0.34374215
0.01194832	1.00943725	0.18654567	0.34634394	0.17165813	0.36537435
-0.01967578	1.02558747	0.17251676	0.14725699	0.20375450	0.35878032
-0.02952642	0.98687910	0.22229546	0.17980271	0.10781598	0.37659791
-0.02027366	0.97318457	0.18488812	0.18455344	0.07702338	0.37048986
0.00116725	0.96267600	0.20855857	0.12322154	0.11125862	0.34875617
0.00874310	0.97359465	0.18642692	0.14667245	0.19284981	0.31622732
-0.00967112	0.98268471	0.19708238	0.17781749	0.14100862	0.34536762
-0.01803986	0.97596634	0.22245701	0.10331714	0.20783421	0.30466015
-0.02631716	0.98114441	0.22257089	0.09071129	0.11935460	0.29130911
-0.01829315	0.98049917	0.22955667	0.11151623	0.12922268	0.26716748
-0.02795150	0.95733759	0.21578680	0.14534027	0.13079105	0.31029271
-0.04384707	0.97653055	0.24267147	0.12786602	0.23828903	0.30933315
-0.05069345	0.98245311	0.23843878	0.15585336	0.16603808	0.31655985
-0.06163887	0.96862511	0.22940142	0.16125585	0.10966321	0.30824607
-0.03293214	0.97632179	0.23237556	0.33030133	0.08382653	0.28793719
-0.04743006	0.97710902	0.23392677	0.30313028	0.09930496	0.36305692
-0.06709882	0.98104922	0.21320060	0.21103390	0.03392382	0.37752760
-0.05268439	0.96940154	0.24357075	0.37861351	-0.00909359	0.38078941
-0.03780322	0.96287510	0.21526070	0.31437702	-0.00225448	0.32221165
-0.03026328	0.95922353	0.23308224	0.39889260	0.03873767	0.39580001
-0.02423867	0.96014972	0.22090724	0.38568477	0.00797883	0.36666367
-0.02919070	0.98540816	0.23620795	0.30435420	0.02434717	0.33932085
-0.01182582	0.99680621	0.20552369	0.42458792	0.04659352	0.34115050
-0.03040319	1.01208596	0.19535393	0.41574717	0.02295302	0.34106677
-0.00318626	1.00042885	0.19495006	0.35909971	0.00983514	0.33218836
-0.00678476	0.99806114	0.20433336	0.30105587	0.07988328	0.33724375
-0.01753075	0.98657940	0.17145674	0.31434646	0.04262175	0.34747717
-0.00467615	0.96693497	0.17238473	0.25758210	0.07932435	0.29538798
-0.00337569	0.98320078	0.14352621	0.20784713	0.06477210	0.28831646
-0.00961860	0.99089301	0.15575667	0.18470722	0.06008035	0.29402759
-0.02756481	0.99757609	0.15579695	0.12307618	0.05560549	0.33891345
-0.01878898	1.00704211	0.16627967	0.09409506	0.12895944	0.32869888
-0.02469949	1.00040327	0.16386057	0.11608689	0.12777099	0.30900471
-0.02457869	0.99868666	0.18824013	0.12086372	0.13547798	0.26823267
-0.00598633	0.99964073	0.18982594	-0.02345159	0.09622405	0.29729331
-0.00192415	0.98702249	0.19652972	0.01788385	0.08383174	0.28188717
-0.04794670	0.99507941	0.19624574	0.04928082	0.09645836	0.31339168
-0.03430319	0.97951498	0.22230818	0.03917386	0.05774723	0.31480508
-0.02286380	0.97024808	0.23588851	0.05754718	-0.01403285	0.32125587
-0.03527308	0.96463840	0.24352853	0.15508046	0.04623873	0.31994944
-0.02708508	0.94352697	0.22394604	0.10667640	0.06336028	0.33555923
-0.04608475	0.96146670	0.21812107	0.15763965	0.04573503	0.30040238
-0.02551477	0.95991616	0.24076988	0.13185341	0.01721647	0.33285541
-0.01485390	0.95992602	0.23994548	0.16793451	-0.00019352	0.30341677
-0.01051127	0.97626261	0.24492837	0.19066679	0.06697603	0.32842470
-0.02277510	0.98748425	0.21706580	0.30258786	0.06344469	0.31135254
-0.01663377	1.00207970	0.20898285	0.24482031	0.07461836	0.32195241
-0.01106443	0.99109508	0.21471631	0.20618269	0.05599173	0.28898054
-0.01576729	0.99215665	0.19560854	0.18538635	0.12142769	0.30979609
-0.01187286	0.99071990	0.21332721	0.26445483	0.01066196	0.26907763
-0.01534555	0.97756389	0.21003285	0.16775634	0.05950303	0.26081982
-0.01556572	0.96888033	0.19909584	0.20480513	0.01455415	0.31243403
-0.01603181	0.99148126	0.19061485	0.23568247	0.02028210	0.28555807
-0.01879326	0.99082542	0.19164890	0.10667503	0.07565559	0.22534712
-0.03634554	0.99610257	0.19389440	0.20288767	0.08703249	0.28012099
-0.01796550	0.98973806	0.18804228	0.14831592	0.02140496	0.31243020
-0.02688794	0.98585770	0.18703285	0.05758661	0.03811535	0.27891887
-0.01899329	1.00545756	0.19898031	0.12097433	0.03729861	0.29852719
-0.00353750	0.98268819	0.21293695	-0.03357099	0.00576921	0.28708921
-0.01894627	0.96860985	0.20556327	0.03988340	0.02201455	0.29273880
-0.02145077	0.98086184	0.22142325	0.02236420	0.05868368	0.28126764
-0.01402154	0.98863502	0.22511154	0.03207613	0.05885926	0.33226101
-0.02086491	0.99718323	0.21229121	0.06038580	0.03498271	0.27716044
-0.00987640	0.98892907	0.20765408	0.10441001	0.06922872	0.27190978
-0.01197108	0.98263569	0.19948340	0.12261817	0.06088462	0.26548314
-0.00191953	0.97988387	0.21492611	0.09501790	0.05012588	0.25137025
-0.01654875	0.97933940	0.21820563	0.10156909	0.06511069	0.27610043
-0.02474159	0.96806571	0.21544771	0.16919331	0.03194356	0.27316311
-0.01969751	0.97240685	0.22430846	0.11708459	-0.00148616	0.29952219
-0.01676941	0.96447670	0.21250889	0.14642107	0.07690574	0.23857868
-0.01512159	0.97765948	0.20484319	0.07865732	-0.01540497	0.27077415
-0.00249124	0.97641053	0.20588642	0.07597404	0.05609485	0.27778330
-0.01486765	0.99125810	0.20987905	0.13020581	0.03766972	0.25843073
-0.01956727	0.98680857	0.20516192	0.24611709	0.07504963	0.25739742
-0.02199276	0.98011305	0.20371981	0.10291313	0.05561825	0.25989816
-0.01228960	0.97782523	0.22297426	0.11112227	0.04367273	0.26141222
-0.01483035	0.97928853	0.21416722	0.18083398	0.00210674	0.23353844
0.00036990	0.97992605	0.20633341	0.08625840	0.04379814	0.24216519
-0.00728094	0.98606185	0.19236276	0.04319980	0.07545192	0.28107915
-0.02057014	0.99189294	0.20844227	0.12257495	0.05203517	0.27678249
-0.00019783	0.99329311	0.22231628	0.19011536	-0.01420240	0.26205389
-0.01831176	0.99330141	0.21537414	0.06527874	0.05948861	0.27309882
-0.01370051	0.98250112	0.20074687	0.05678250	0.01546229	0.25459772
-0.01157852	0.99014877	0.20574192	0.01657586	0.04379464	0.24906002
-0.01584506	0.97928110	0.22668994	0.06082813	-0.00961217	0.24552117
-0.01684333	0.98141752	0.21662329	0.10092916	-0.00293582	0.27465342
-0.02080852	0.98364650	0.21962597	0.08368955	0.02176313	0.25953715
-0.01811983	0.98310553	0.20710506	0.04311031	0.05581880	0.22788540
-0.00687109	0.99143352	0.22849955	0.05044626	-0.00210524	0.19925578
-0.00979370	0.97673397	0.23413969	0.09037501	0.06048292	0.18178497
-0.00429582	0.97898478	0.22468145	0.21263028	0.04271708	0.25115234
-0.01416572	0.98684047	0.22198217	0.19961222	0.02854570	0.19670204
-0.01832349	0.97934303	0.21618197	0.09916905	0.04479432	0.22930293
-0.01811946	0.98256974	0.20964894	0.08606843	0.01642739	0.23706514
0.00578737	0.99524406	0.22484899	0.15172869	0.00003636	0.23135311
-0.01536022	0.97402375	0.20446472	0.06026577	0.07185308	0.19793099
-0.00058901	0.96765285	0.20794010	0.07586608	0.06453220	0.19300999
-0.00069412	0.98704447	0.21945999	0.07307198	0.05972037	0.20357965
-0.01951347	0.99378047	0.22151304	0.22636876	0.08820305	0.16020376
-0.00551540	0.97978718	0.20181984	0.03083754	-0.00049244	0.22300674
-0.01658305	0.97312579	0.21684798	0.14269475	-0.01811734	0.20178480
-0.00825772	0.96790200	0.22364196	-0.00288070	0.03725224	0.20160971
0.00445630	0.96445705	0.20982092	0.09638489	0.05719490	0.20363160
-0.01889195	0.97795994	0.22844499	0.07504208	0.01954616	0.22162896
-0.01888858	0.98937543	0.20948179	0.03240048	0.02497921	0.20464545
-0.01024008	0.99067744	0.21107066	0.07872437	0.04998995	0.18176366
-0.01098070	0.97922926	0.20950320	-0.00660964	-0.00522385	0.22390982
-0.01558626	0.99204292	0.21011016	0.03020027	0.02604025	0.15914236
0.00578614	0.98269802	0.22416382	0.06325036	0.03876762	0.16463765
-0.00277188	0.97830607	0.21703022	-0.00950833	0.00118155	0.21009615
-0.01143848	0.98622062	0.22201814	0.04923549	0.07544438	0.19697032
0.00386243	0.97685326	0.21968846	0.09734783	0.02471251	0.14514276
0.00767421	0.98973975	0.21069355	0.02719633	0.03973528	0.16871876
-0.01119551	0.97898448	0.23258548	0.09427213	0.01413722	0.14934778
-0.01236183	0.98801854	0.21443035	0.11383814	0.05399747	0.15804669
-0.01489423	0.97818849	0.21814390	0.05431839	0.02603232	0.13800743
0.00769912	0.98667678	0.21511331	0.04514006	-0.02302823	0.14187032
-0.01700365	0.98350789	0.22539253	0.08314003	0.01664596	0.16195681
-0.00182188	0.98251477	0.21940646	0.08083468	0.00425082	0.10287176
