1.00403238	-0.25394894	-0.00028178	-0.32952781	-0.22347477	-0.47770080
1.07971784	-0.54711219	0.01151749	-0.03666188	-0.07229005	-0.90317583
1.21772365	-0.31087252	0.02035005	0.14007620	-0.09397651	-1.08518734
1.29411855	0.11599308	-0.05799101	0.53511264	0.27648381	-0.73798445
0.98450247	0.24681550	-0.09200747	-0.09075727	0.34233443	0.08627384
1.07733766	0.17855117	-0.01195218	-0.43962114	0.30528538	0.57268360
0.94891465	0.06736083	0.04698157	-0.63529254	0.23768114	0.40295933
0.91616320	-0.10853514	0.08002341	-0.45014803	0.39787000	0.43912093
0.98266314	-0.22080294	0.08587904	-0.50333050	0.40213451	-0.07103989
0.91874628	-0.24229335	-0.02170567	-0.20127849	0.38747975	0.03907415
0.75184653	-0.15204725	0.04856933	-0.15464658	0.51347150	-0.01615145
0.83401974	-0.08396201	0.10068507	-0.09347012	-0.31661303	0.18021538
0.68570362	0.03075059	0.08555127	-0.23930341	-0.42606952	0.21638918
0.71406949	0.10144285	0.03562660	-0.18023404	0.05240228	0.10427482
0.84748516	-0.00607150	0.01858508	-0.16231381	-0.49369288	0.52919592
0.68406425	0.14481661	-0.01742503	-0.31127292	-0.27577675	0.43845362
0.85668942	0.12750656	0.13200351	-0.14717295	0.48668924	-0.38763980
0.83509101	-0.01616268	0.08566322	-0.24723551	-0.34987217	-0.18657011
0.90292700	-0.02307272	0.04089315	-0.29389853	-0.10043304	-0.81514335
1.11009349	-0.00953588	0.13534201	-0.23055039	0.03016270	-0.09864169
1.13635094	0.05481587	0.15820702	-0.31642661	-0.23709471	-0.62788555
1.21704280	0.04780513	0.15989178	-0.23063575	-0.57646073	-0.28940348
1.22314340	0.36483625	0.03843639	-0.07952416	-0.15139177	0.07553159
1.29537707	0.12937100	0.16082868	0.22131180	-0.39503981	-0.17682737
1.28725288	0.23461815	0.13490750	-0.50336610	-0.14344858	-0.09856513
1.06547041	0.34292172	0.06179305	0.02794451	-0.41126571	0.50855917
1.24081631	0.04971685	0.02708154	-0.38992859	-1.43048312	0.99769297
1.34151272	-0.24529221	-0.05529798	0.12074613	-0.89758599	1.09118188
1.27992670	-0.76533093	-0.22782556	0.56467694	-0.73673416	1.14405562
1.16236108	-0.74530611	-0.22125967	0.57869021	0.43265949	0.88318046
1.11354484	-0.50203887	-0.09773528	0.19370632	0.46358783	0.38552002
0.90478163	-0.40336453	-0.05133538	-0.21087565	0.95353130	-0.55518348
0.87182968	-0.41425789	-0.10873715	-0.01772181	-0.54687795	-0.93884232
0.78694496	-0.11275103	0.01716181	0.06933899	-0.52417236	-0.57145422
0.76408208	-0.30212543	-0.00077217	0.51009030	-0.66127629	0.09906190
1.00706798	0.05948822	-0.12320023	0.89409678	-1.13164393	0.24165963
0.93735366	0.02172346	-0.21187002	0.83302599	-0.64268501	0.27399219
0.89748063	-0.24493382	-0.18930153	1.13585570	-0.43050184	0.23412231
0.97188192	-0.11797113	-0.15230886	0.33735208	0.24496168	0.36512615
0.95301610	-0.19728010	-0.17281110	0.32375892	-0.32274529	0.23343907
0.99223495	-0.23082208	-0.25998050	0.68790012	-0.32273895	0.59753306
0.83032881	-0.04694263	-0.24404674	0.20513807	-0.10469031	0.10077218
0.94223472	-0.25911824	-0.13390738	0.20309083	0.19656792	0.11673510
1.06678430	0.01315932	-0.14818314	0.53930683	0.46476842	0.08650838
0.95400996	-0.03162046	-0.05680460	0.20593865	0.57586620	0.12749611
0.93331553	0.02733300	0.00712305	0.48833464	0.17553871	0.51050947
0.97894157	-0.20379690	-0.16145631	0.10549340	0.36520949	0.06501560
0.86792406	-0.24169678	-0.02701147	0.39280301	0.47742902	-0.31749221
0.94485058	0.07304850	0.01868513	0.53119728	0.07296018	-0.20379538
1.01228375	-0.11149082	-0.15250194	1.08093041	0.14953937	-0.06595051
1.06837890	0.03286418	-0.11326708	0.39068825	0.00413967	-0.15030669
1.24301844	-0.02460750	-0.04535828	0.45991176	0.49785366	-0.58305140
1.10664053	0.19534819	-0.16707456	0.19901614	0.22559499	-0.35110205
1.11143537	0.20786399	0.00792615	0.59155611	0.01113431	-0.55471475
1.10252062	0.15780414	0.05764964	-0.11973255	0.72449336	-0.03481847
1.18127326	0.28495080	-0.02216826	0.43605946	-0.01433722	-0.49689630
1.36142087	0.08100178	0.04183087	0.51926165	0.62668694	0.08550281
1.31739311	-0.17891797	-0.08138772	0.19936696	0.18076127	-0.00726325
1.21986690	-0.20351916	-0.21626551	-0.17782712	-0.10456893	0.18287498
1.08329309	-0.15838495	-0.11922976	-0.59169024	0.10944813	0.20082408
0.95231334	-0.16491934	-0.14723884	-0.92049530	-0.04102022	-0.32934673
0.95805623	-0.39048496	-0.00766765	-0.27311824	-0.18779979	-0.13206094
1.09746606	-0.32128241	0.00857296	-0.35920033	0.33476581	-0.73909149
1.45914580	-0.29020237	-0.10214978	0.20291134	0.04307847	-1.25091951
1.46656352	0.09487308	-0.16647772	-0.14348445	0.82262053	-0.46494184
1.17308085	0.04704122	-0.06539019	-0.26223013	0.78921668	0.38690730
0.96911224	0.01848477	0.02932048	-0.82215890	0.57071733	0.31506967
0.74861171	0.05329603	0.00658375	-1.11557866	0.14321995	0.22512687
0.79390766	-0.02533921	0.06490612	-0.82651389	0.51642402	0.69277319
0.87945346	-0.29248359	0.08375339	-0.51275906	0.31297423	-0.02405641
0.71769547	-0.19261884	-0.00496684	-0.60738183	0.52622673	0.07029256
0.71380891	-0.07768857	0.05173466	-0.37171415	0.33407033	0.19146655
0.70504995	-0.16725940	0.17784437	-0.47107469	0.10616228	0.22502341
0.63690774	-0.05311578	0.16321314	-0.23860862	-0.17402952	-0.03429562
0.82548812	-0.13999658	0.12097331	-0.41447620	-0.38077295	0.29432984
0.81829481	-0.01393741	0.12216992	-0.66775480	-0.81174385	0.51975198
0.61995148	0.11533149	0.06450411	-0.07932522	-0.27371797	-0.30413480
0.89055837	0.16868385	0.04374971	-0.27474666	-0.11421588	0.06760107
0.92624353	-0.07281026	0.11942505	-0.53403400	-0.10410032	0.12029947
1.06967737	-0.10048827	0.12209781	-0.02239402	0.17252580	0.22128166
1.12484493	-0.15905439	0.08848396	-0.14762578	-0.64223636	-0.29038595
1.26762172	-0.04822828	0.10918395	-0.66173883	-0.49153529	-0.59168270
1.12478156	0.01966036	0.05669355	-0.22075406	-0.25583241	-0.15280727
1.19452831	0.07836060	0.11076546	0.03454211	-0.07722572	-0.46669076
1.30165918	0.36045244	0.09879858	0.01796837	0.55382750	-0.13272663
1.18742841	0.32322021	0.10233670	-0.10653308	-0.12018426	-0.49120339
1.14862473	0.30098835	0.15003387	-0.87929483	-0.77859459	0.37658138
1.09925288	0.07741749	0.01480132	-0.85495657	-0.66789345	0.99488931
1.30131533	-0.38389800	-0.14382939	-0.12798378	-1.12567896	1.51355481
1.34525468	-0.27214614	-0.29229474	-0.02193066	-0.14452826	1.07117107
1.33438358	-0.52865280	-0.30852245	0.15341914	-0.03068326	0.84579235
1.28629020	-0.68096241	-0.24103867	0.14320436	0.91017953	0.23910907
1.09598104	-0.62471043	-0.06828988	-0.12274492	1.26659550	-0.50511228
0.73772232	-0.21609428	0.09460367	0.04902112	0.59633932	-1.18124090
0.80479107	-0.00155661	0.09692070	0.00175201	-0.22907422	-0.50277098
0.81481374	-0.08251105	0.11479723	0.12803845	-0.81615760	-0.22543223
0.85903031	-0.23546027	0.09000613	0.74556232	-1.09853781	0.00543236
1.15484489	-0.05927113	-0.16841174	1.03690167	-0.99886915	0.70177831
1.08942199	-0.12506135	-0.17041090	0.88310506	-0.66964435	0.08594026
0.91634488	-0.11762839	-0.16265854	0.68643747	-0.48505885	0.00654936
0.87639521	0.01586047	-0.21121324	0.23336556	0.43960055	0.04989595
0.96359397	-0.29098123	-0.13986723	0.56738067	0.01868921	-0.00044693
0.80887387	-0.02008583	-0.08992931	0.29574044	0.01078866	0.13487328
0.98494822	0.03810146	-0.10425375	0.35260738	0.11195162	-0.07882430
0.86460008	-0.00751546	-0.21225364	0.30528338	-0.12594363	0.26042783
1.08773900	-0.12296309	-0.11722124	0.72926998	0.39509106	0.12876671
0.93762985	0.07500349	-0.04989727	0.34125410	0.21853069	-0.02265651
0.93260902	-0.01449314	0.02236999	0.55452075	0.93047675	-0.39773646
1.05077568	0.16997157	-0.05736292	0.52759651	-0.09457185	-0.02310751
0.93270571	0.19746931	0.00999037	0.76002241	0.07293328	-0.25999518
0.87259202	0.23053257	0.03506146	0.48472653	-0.04595665	-0.10371414
0.92474148	0.13096978	-0.05480284	0.63994718	-0.27118171	-0.33340410
1.18504880	0.03746258	-0.01268541	0.34715567	-0.00205593	-0.24373140
1.30116144	0.04068312	-0.09477408	-0.22568612	0.38248162	-0.04464556
1.17865370	0.12349205	-0.12137458	-0.61494792	0.21522195	-0.71603545
1.26848279	0.12784393	-0.02552057	0.04302715	0.05608092	-0.68080519
1.28317295	0.27879472	-0.04893165	0.48996859	-0.08337960	0.12024764
1.26928733	0.07921801	-0.05263453	0.43313321	0.07373847	0.41278125
1.20714669	-0.03229722	0.01849300	-0.04636864	0.04729626	0.23262402
1.19900586	0.01790808	-0.00613047	-0.46306576	0.18618595	0.13931925
1.09783281	-0.19333182	-0.05809065	-0.60852858	-0.04265686	0.03851399
1.06666135	-0.37869767	-0.10629188	-0.41917654	-0.12432479	0.03933737
1.15632457	-0.66254287	-0.08481994	-0.04935690	-0.41498219	-0.70864269
1.12522632	-0.20338458	-0.01578784	-0.03388617	-0.03163260	-0.81576359
1.29503930	-0.21830743	-0.08799869	0.17596044	0.15050131	-0.51628570
1.23580829	-0.18957689	-0.07530514	-0.03213668	0.16544405	-0.11691729
0.96724648	-0.02113368	-0.04390385	-0.76562438	-0.12109326	-0.15738484
0.85767055	0.16575888	-0.09158209	-0.73282129	-0.15801754	0.06063941
