1.19176616	0.05705728	0.01486306	-0.24069295	-0.32988579	0.41749380
1.30937986	0.05718895	0.04985319	-0.22722254	0.05688866	-0.20949143
1.38848623	-0.12207570	-0.03281957	0.27556910	0.44188306	-0.40405088
1.27346698	0.14342028	0.01468599	0.19751109	0.22570292	-0.45365926
1.21522908	0.39332591	0.04989228	-0.22054330	0.15798857	0.04363741
1.21700903	0.39122769	0.01700961	-0.25713716	-0.56576588	-0.27322288
1.35215398	0.14264306	0.03570042	-0.19614128	-0.59975577	0.40178404
1.28810432	-0.33747477	-0.06815651	-0.34512383	-0.59245896	1.03002110
1.08611301	-0.39533064	-0.10621793	-0.08108354	0.00232043	0.94111261
0.85706601	-0.37036630	-0.08954751	0.03169245	0.08694074	0.52770659
0.78788871	-0.31265935	-0.09501523	-0.05477274	0.66431788	0.08471907
1.00520421	-0.64689266	-0.00811862	-0.02661537	-0.01085059	-0.40275682
0.91633611	-0.21271559	0.02570004	0.18610092	-0.06199182	-0.28216392
0.81632522	-0.10532620	-0.02891613	-0.22213109	-0.17103515	-0.19504763
0.91359127	-0.25236991	-0.08257000	0.30855684	-0.53433047	-0.15833070
0.89188460	0.00595396	-0.06519522	0.68648355	-0.66532809	-0.21776289
0.85566068	-0.02662801	-0.05361990	1.05014221	-0.39658270	0.03528263
0.76405206	-0.16941786	-0.14489356	0.24639305	-0.51244922	0.34094037
0.76992288	0.02480869	-0.21091923	0.35826501	-0.33552145	-0.13569643
0.88224803	0.12971043	-0.17462501	0.06026383	-0.05820731	0.30085141
0.86963956	-0.12171990	-0.18058033	0.12531180	0.00640630	0.08385225
0.87842407	-0.11914800	-0.12896928	0.56962118	0.49391991	0.08792240
1.02802705	-0.02840180	-0.09580552	0.55443734	0.39352525	0.01784206
0.96523856	-0.05980003	-0.12166458	0.42727937	0.08916693	0.17421651
0.81932206	0.06670488	-0.10978574	0.20733438	0.01307770	-0.29802194
0.90261262	0.03417983	-0.08307438	0.25767520	0.40294399	0.03720458
0.97041184	0.03555398	-0.09269383	0.29274120	0.46624504	-0.16361574
0.94914910	0.12208683	-0.11397277	-0.01384490	0.06680810	0.13650841
1.00220802	0.04705030	-0.11756259	0.14892577	0.29621925	-0.30060872
1.04235548	0.00496148	-0.06584576	0.18206183	-0.01987934	0.44288948
1.09885591	0.02919815	-0.13270966	0.07732020	0.26132568	-0.38857784
1.25789038	0.31306795	0.01701531	-0.02073905	0.51908821	-0.46480423
1.30554066	0.39420410	0.01246878	0.13096307	-0.00015462	-0.29979269
1.15040827	0.06008144	0.00327290	-0.05812246	0.11392641	-0.63078659
1.39259386	0.18972225	0.01003012	0.18583926	-0.34514435	-0.80564519
1.33769913	-0.07897186	-0.00451726	0.45843468	0.01464742	0.11070916
1.21148680	0.03183630	-0.00078656	0.14818757	0.05303853	0.01536904
1.16412250	-0.03319666	-0.10432061	-0.61308623	0.27203395	-0.05049117
0.95395973	-0.27475958	-0.13970063	-0.79859383	0.19522505	0.32938105
0.96113946	-0.31263554	-0.05009874	-0.43309761	0.07361154	-0.58248607
0.89973978	-0.23499440	0.04929604	-0.49722823	-0.47374573	-0.64535629
1.00743282	-0.66929340	-0.06648455	0.05852616	-1.04391692	-0.56275401
1.39977241	-0.21208074	-0.00642601	0.63710746	0.17348895	-0.63673908
1.37409297	0.03902155	-0.14915351	0.33697243	0.57959490	-0.45281789
1.19049229	0.36014548	-0.08457712	0.02768721	0.72619397	-0.02519302
0.87848122	0.05223881	-0.01725805	-0.86325146	0.47530166	0.23920965
0.94748016	0.01722421	0.07419866	-1.23001134	0.59563305	0.22779977
0.75801209	-0.04879368	0.10644131	-0.60788224	-0.09165449	0.27935521
0.87816935	-0.23756279	0.07486723	-0.66376217	0.38789488	0.04087485
0.69078520	-0.17990530	-0.00048087	-0.90486197	0.26639891	0.23499301
0.71232330	-0.55282593	0.06007829	-0.41508868	0.19998452	0.51026398
0.76774307	-0.22878300	0.15790223	-0.49498682	0.14651705	0.08965851
0.82814437	-0.08315499	0.10530128	-0.45708191	-0.08316897	-0.17261023
0.55772977	-0.17878673	0.09507119	-0.32031278	0.20103777	-0.11198135
0.71936723	0.06506057	0.06176594	-0.09617291	-0.37295342	0.23069963
0.75273855	0.07682352	0.09801160	0.02902603	-0.34530070	-0.19557122
0.74501463	0.14996238	0.10508318	0.12430852	-0.30226036	0.32460014
0.76569465	0.01537620	-0.00848033	-0.03916863	-0.53254590	0.06855227
1.11566934	-0.03469463	-0.03268289	-0.04118701	-0.00445982	0.45516378
1.12739346	-0.13783178	0.03739998	-0.29688835	-0.06576277	0.18056859
1.02211431	0.05402701	0.00624687	-0.31085441	-0.06483913	-0.04579729
1.29101779	0.06988772	0.03871536	0.11196584	-0.07439028	-0.46999654
1.26416352	0.34951221	0.19397065	-0.03472345	-0.00213002	-0.69037730
1.36493255	0.31005351	0.16186146	-0.04459497	0.14150495	-0.44207923
1.18121190	0.38286392	0.12187538	-0.41798949	-0.16842907	0.26466699
1.22531266	0.12789671	0.10869571	-0.99274618	-0.62110108	1.21117238
1.19956248	-0.14580115	-0.03481399	0.14518073	-0.67693525	1.11467623
1.26135229	-0.62230718	-0.10994469	0.15069475	-0.53564738	0.85567716
1.10632804	-0.58586035	-0.07404191	1.08573863	-0.37348597	0.96945081
0.97857693	-0.44090313	-0.10424717	1.24745895	0.35681732	0.57847058
0.91590017	-0.28968173	-0.08297025	0.85223237	0.15648265	-0.64952194
0.85329828	-0.08831170	0.09704258	0.09463035	0.30817366	-0.29994003
0.80937507	-0.10757814	0.03076822	-0.00094663	-0.10036205	-0.61439275
0.85040757	-0.02981219	0.00445745	0.26964593	-0.56016315	-0.04571072
0.70321502	-0.03654501	-0.00217474	0.19153461	-0.89362935	0.26453221
0.83357644	-0.09221323	0.00449065	0.38893260	-0.81165119	0.21185451
0.85489875	0.03707300	-0.11476308	0.42328867	-0.55635235	0.30290478
0.99471505	-0.02250260	-0.14049416	0.27969230	-0.31678463	0.18683310
0.91192559	-0.11778171	-0.13672559	0.11581171	-0.76354045	0.00423188
0.76320243	-0.19433692	-0.16532351	0.17641920	-0.60370043	-0.01189476
0.81923450	-0.20436567	-0.13306264	0.39948966	-0.63453465	0.24818423
1.02099853	-0.05415665	-0.14618748	0.30353352	-0.24394471	0.22559566
1.11696660	-0.01853604	-0.23082827	0.66928024	0.13643131	-0.29390792
0.99751754	-0.09319222	-0.19138003	0.10607666	0.38109965	0.44308126
1.01437832	0.07029980	-0.14010912	0.27696592	0.05928965	-0.01302750
1.02948438	0.19072203	-0.08241360	-0.02269144	0.18155959	0.01877571
1.07047453	0.11096225	-0.02456530	0.30461064	0.43724115	0.10281535
0.89498578	-0.24338385	0.01989971	0.57678416	0.05145235	0.14592661
0.97547606	0.13300134	-0.06155321	0.67378056	-0.14149238	0.37563186
1.12338790	0.14339226	-0.09598678	0.31080624	0.30719120	-0.00218396
1.16275881	0.01988536	-0.10888854	0.15838322	0.50900433	0.08474887
1.28551319	0.17161085	-0.04616611	-0.53570353	0.46299790	-0.11624225
1.12116006	0.21075961	0.02554356	-0.60792467	0.21328957	-0.69243919
1.02155501	0.24978492	0.07236841	-0.33627721	0.28568974	-0.77971144
1.21180270	0.10270972	0.07641400	0.13986201	-0.08174380	-0.49476489
1.27707186	-0.01287988	0.01892226	0.50977327	-0.15704146	-0.01196887
1.18234129	0.19138889	-0.04814577	0.40270422	0.28242606	0.29372017
1.08750567	-0.20408357	-0.11462606	0.00785392	0.36243851	-0.31197137
0.97780337	-0.37778439	-0.10490915	-0.63669724	0.11363871	-0.04682573
1.02530817	-0.51268037	0.05583571	-0.50466232	-0.22567849	-0.60075330
1.17665015	-0.16568183	0.01237233	-0.41517130	-0.74661865	-1.14042527
1.31163071	-0.19070050	-0.11904034	0.04599979	-0.28465919	-0.99277741
1.48076135	-0.32340558	-0.14144625	-0.08024034	0.17695925	-0.78399366
1.23046123	-0.10193391	-0.15953455	0.04357641	0.62090338	0.00219799
1.09284641	0.18849269	-0.05589876	-0.77991295	0.66409478	-0.09732336
0.84948576	0.21716537	0.00628479	-0.55018479	0.46012180	0.25257721
0.76391432	0.21257126	0.06935309	-0.73333282	0.53317159	0.32689122
0.64768095	-0.03051580	0.04898248	-0.94423321	0.57214286	0.30415412
0.68539169	-0.25409101	0.03814446	-0.85375478	0.33716143	-0.03728605
0.71330919	-0.08541261	0.00470629	-0.04500981	0.38090991	0.40679900
0.63954211	-0.23149049	0.08059795	-0.08282569	0.29447410	-0.13073736
0.72771790	0.03665836	0.13931676	-0.24494757	-0.14836838	-0.02082607
0.76834639	0.29118443	0.15769240	-0.00148074	-0.26964184	-0.22118103
1.01273832	0.02871903	0.06673341	-0.14194241	-0.33348258	-0.04777435
0.91261514	0.05425338	0.09319115	-0.56312872	-0.22648705	0.34069917
0.82003356	0.12390002	0.12788851	-0.31540076	-0.09438528	0.18396235
1.00286431	-0.05959732	0.08257842	0.09047148	-0.02090593	0.19183380
1.11152131	-0.00830487	0.17242031	-0.42034622	0.07247194	0.18530485
1.18524559	-0.01292343	0.06820128	-0.62055208	-0.71992328	-0.12820382
1.23257315	0.10772023	0.02352132	-0.46945245	-0.28459351	-0.17276368
1.36442773	-0.18607095	0.07269206	-0.14153562	-0.07896630	-0.24342148
1.39566831	0.06464330	0.01986931	0.18268754	-0.16354785	-0.54916787
1.16991821	0.35908199	0.10303536	0.13947972	-0.15116122	-0.57184026
1.16923580	0.37986347	0.11897516	-0.27151117	-0.57508349	-0.26789077
1.22101637	0.22749755	0.02816086	-0.00345282	-0.90843553	0.68767290
1.29591489	-0.02440574	-0.06952145	0.01634139	-0.69971012	0.83946321
1.26768418	-0.21733918	-0.18498697	0.16599337	-0.54276760	1.15243622
1.20215334	-0.62455922	-0.18040813	0.11965421	0.57450289	0.90411883
