0.97539950	0.00256689	0.12685132	-0.40444167	-0.20354269	-0.04213164
0.86240019	0.16160700	0.13113227	-0.31229292	0.04012852	0.16272371
0.87342488	0.03161034	0.13027632	-0.40235260	-0.06984383	0.31038347
1.14677163	0.05136783	0.04038918	-0.30232949	-0.15302098	0.20370310
1.17714525	-0.06041579	0.02291685	-0.13386182	-0.15413988	0.05840251
1.33154306	-0.10508698	0.06124567	0.25956464	-0.18103007	-0.04005870
1.37745050	0.14214991	0.06563591	0.47739160	-0.30380464	-0.33253529
1.56358988	0.13228823	0.01992797	0.33521044	-0.21290443	-0.37094168
1.41476223	0.36229598	0.06758065	0.08037875	-0.39894582	0.38349851
1.44095008	0.38557120	-0.06396429	-0.18851385	-0.20651190	0.89266925
1.45428360	-0.08663315	-0.02236174	0.23573384	-0.08307155	0.74741813
1.09541034	-0.08648208	0.00595576	0.17396680	-0.24132752	0.60314588
1.08020205	-0.46564622	-0.09836420	0.20816033	0.10602726	0.65038182
0.97297537	-0.31447660	-0.05259833	0.09046711	0.03428831	0.13765365
0.79310022	-0.25358405	-0.06602380	0.01901780	0.10170045	-0.44127620
1.01711883	-0.33333422	-0.05666000	-0.57902223	0.30440556	-0.35501277
0.93419193	-0.13857776	-0.04979367	-0.12477120	0.07541047	-0.16174628
0.90033449	-0.06559055	-0.03304700	0.33924990	-0.27715039	-0.00622800
0.93390470	-0.29052393	0.01603286	0.38190102	-0.46813053	-0.12606671
0.76684138	-0.08684244	-0.03708720	0.47004884	-0.83783788	0.06296880
0.92402239	-0.09296930	-0.09520681	0.21091058	-0.47609840	-0.06153268
0.79016574	-0.06337020	-0.21745459	0.10914688	-0.61234493	-0.04516886
0.93451319	0.08604115	-0.14298975	0.43215269	-0.19380176	-0.18170425
0.92155722	0.05085698	-0.10762764	0.39523080	0.16911487	0.01767807
0.86404647	0.01598113	-0.13046557	0.03100596	-0.01492052	0.16602676
0.81340642	-0.08170810	-0.11623314	0.37410559	-0.22083480	-0.12169696
0.83880262	-0.05449941	-0.11578527	0.08399525	0.11983049	0.18534870
0.87630268	0.04574149	-0.15390990	0.06685443	0.27535498	-0.27118165
0.95736098	-0.00944853	-0.05523459	0.04028835	0.36164857	0.01676624
0.88021937	0.16277051	-0.09074038	0.16011653	0.22726725	0.15266356
0.92645930	0.14260747	-0.00103562	0.03772059	0.19683490	-0.18179120
0.92270821	0.08687623	-0.05118661	0.52118509	0.29189885	-0.11769903
1.12495321	0.10592309	-0.06640979	0.55177506	-0.34892727	0.18679761
1.29008589	0.19542750	-0.08277406	0.72071396	0.10945255	-0.25237021
1.24725292	0.05942672	-0.06176293	0.14003762	-0.01348265	-0.58876631
1.40791576	0.14137126	-0.05250808	-0.00391748	0.37467297	-0.53388185
1.16937480	0.28377023	0.01678533	-0.10517618	-0.11349489	-0.70584331
1.39044719	0.26583824	0.03489861	0.42538778	-0.02165879	0.17939743
1.11175499	0.16380791	0.05356871	0.61070889	-0.17963318	0.39008128
1.25935134	-0.03634139	-0.06324512	0.19402367	0.17521793	0.58353581
1.06705387	-0.03186417	-0.16439647	-0.49113925	0.01912277	0.14003683
1.05227948	-0.20859043	-0.09180788	-0.65441340	0.52327710	0.17907353
0.78809014	-0.36106172	-0.08614725	-0.77555859	0.01077467	-0.52489361
0.95146862	-0.32442055	-0.01019814	-0.18325755	-0.34227689	-0.57346842
1.29290912	-0.33862301	0.03880735	0.06849656	-0.19734169	-0.93972581
1.48906485	-0.32185423	-0.09727536	-0.19483270	-0.32358122	-1.20036773
1.34021958	0.16505458	-0.20813925	-0.13776907	0.84504818	-0.57144882
1.18045768	0.34429812	-0.12982748	-0.51189416	0.67106633	0.01547798
0.91987474	0.20050046	0.00137093	-0.63001399	0.25941109	0.32883563
0.89980028	-0.01214186	-0.03102497	-0.70507621	0.19033548	0.19423999
0.82185689	-0.01989606	0.06043207	-0.48663847	0.12996334	0.50305863
0.95317295	-0.22565328	0.04210162	-0.36511230	0.17291977	-0.09431276
0.67189388	-0.01026048	0.02932288	-0.11937107	0.23076943	0.31694589
0.59658313	-0.09260725	0.07645790	-0.22183129	0.35300367	-0.07288036
0.60749211	-0.07630263	0.09353540	-0.54571343	-0.20919954	0.15007460
0.67012322	-0.06502123	0.05237099	-0.18605743	-0.22347714	0.05456544
0.62093631	-0.02089765	0.10949634	-0.23789261	-0.77232164	0.00877817
0.66225337	0.02597961	0.02667743	0.04034978	-0.21673025	-0.14734651
0.81083659	0.07854792	0.12544318	-0.02328193	-0.01654135	-0.21026649
0.98809042	-0.00677984	0.08331611	-0.13975689	0.17631839	0.06101693
1.03511020	0.15719210	0.05881059	-0.45275899	-0.18568984	-0.03794667
1.20056108	0.18706492	0.08349697	-0.46296251	-0.01106092	-0.13127962
1.13537194	0.10066750	0.03861145	-0.58133339	-0.11953857	0.31555174
1.30091112	-0.06606720	0.05707447	-0.28476501	-0.21755397	0.19706242
1.42745605	-0.00106788	0.04767090	0.12353806	-0.31643895	-0.71534065
1.29157105	0.13294865	0.05954443	0.06462857	-0.21502406	-0.77238374
1.39432731	0.15371389	0.00498650	0.06874548	-0.42410624	-0.12543568
1.45181399	-0.01309488	-0.03723431	-0.07426482	-0.37101111	0.97925868
1.32955133	-0.30344531	-0.05921815	0.00098722	-0.03905490	0.97450026
1.09022671	-0.37074700	0.01868079	0.29757349	0.11419930	0.32218953
0.84159428	-0.33775198	-0.00467612	0.06444932	-0.08331310	0.28325473
0.97291504	-0.22197412	-0.09751607	0.17314452	0.26488529	0.00940011
1.01630485	-0.16165075	-0.11772731	-0.27470316	-0.04925691	-0.14088378
1.07969148	-0.19215574	-0.08590611	-0.31975048	0.30637274	-0.73532226
1.14848417	-0.09475143	-0.06373371	-0.05157482	-0.18670132	-0.12306625
0.75578666	-0.04744827	0.00219285	0.45516728	-0.47072483	-0.10058922
0.94448944	-0.05054012	-0.02812491	0.57441511	-0.86710602	-0.28712171
0.86754351	-0.14193557	-0.06012247	0.23158234	-0.26159699	0.16819320
0.87130544	-0.03047267	-0.13656679	0.02111460	-0.50678104	-0.01734076
0.82966723	-0.06588007	-0.12169932	-0.20945775	-0.57212021	0.11406521
0.74371980	-0.13832684	-0.15750485	-0.05535379	-0.40625994	0.26758020
0.84186420	0.01701005	-0.18099870	0.33638674	-0.25678437	0.38087658
0.78612495	-0.11954535	-0.16568937	0.34823421	-0.17893835	0.18156867
1.03630537	-0.07441202	-0.09675320	0.17598192	0.18717651	0.01109879
0.84088465	0.08257858	-0.11194140	0.37703272	0.23124841	0.05833076
0.92698647	-0.06590180	-0.10960893	0.30860739	0.39974037	0.16221198
0.96458081	0.12858787	-0.09849417	0.35722760	0.16976181	0.17135942
0.95409617	0.17214159	-0.09736445	0.54534506	0.18703664	0.19727529
0.99908250	0.03480691	0.01482102	0.43008907	-0.13446665	0.02814652
0.94045520	0.03617537	-0.06119910	0.49989007	0.29198054	0.17989248
1.09504505	-0.00586464	-0.05758763	0.56846969	0.62201356	0.01002953
1.23698239	0.13044678	-0.00985603	0.47662184	0.14773924	-0.47941222
1.26674338	0.09490861	-0.08546542	0.00128579	0.17017951	-0.35399496
1.18645033	0.06900901	-0.07622670	-0.14190334	0.09874746	-0.39135766
1.08575950	0.22392447	-0.00869113	-0.01649721	-0.22641394	-0.41843094
1.16047049	-0.04705633	0.05643655	0.51679954	-0.15854436	-0.25888685
1.38728700	-0.04294265	-0.06953758	0.75437491	0.04691812	0.40063294
1.19475562	-0.14530480	-0.07295979	0.08630946	0.33782311	0.23656060
1.20331134	-0.20186059	-0.03620613	-0.40415445	0.24905523	0.23940255
1.03640222	-0.14219179	-0.07808008	-0.78270839	0.22585410	-0.11238364
0.74553323	-0.32459927	-0.00351231	-0.34721229	-0.05133650	-0.22690260
1.06729347	-0.23717874	0.00028255	-0.14183566	-0.68064920	-0.46549177
1.39870346	-0.40714185	-0.07396005	0.18235072	-0.67366837	-0.65908279
1.33901529	-0.12739856	-0.14198863	0.53735552	0.04790886	-0.66625300
1.36014423	0.07430340	-0.10888974	-0.10978640	0.90977735	-0.36887710
1.13135962	0.14631116	-0.05248273	-0.82903224	0.68957548	0.09382668
0.88354393	0.02452364	0.09048581	-0.86403913	0.55629898	0.18749297
0.77915223	0.07125107	0.09298763	-0.90086521	0.03103138	0.33385404
0.82013011	0.04358416	0.03467001	-0.71039668	0.55030261	-0.26847393
0.65120994	0.03957273	0.03972423	-0.80746891	0.42925647	0.29180126
0.83099205	-0.02782130	0.12036705	-0.65933500	0.28394098	0.04379051
0.81903928	-0.01755797	0.04934017	-0.71717815	0.30287422	0.29110835
0.95866282	0.05359668	0.10467125	-0.72167240	0.22154918	0.33169252
0.79457820	0.09894469	0.10082906	-0.70380606	-0.43969904	-0.11908448
0.73452936	-0.07787892	0.07056753	-0.44609669	-0.30709313	0.16915770
0.87548462	-0.02240991	0.04455322	0.04260882	-0.19533038	0.12146389
0.74446046	0.11793742	0.09398581	0.13079418	0.02726674	-0.07777682
1.01031372	0.05092654	0.06322581	0.09735103	-0.04591008	0.36251733
1.00192303	0.04010292	0.13918858	-0.28093863	-0.23836169	-0.11288567
1.07007427	-0.02453827	0.06325634	-0.20269001	-0.37736132	0.04808840
1.16085261	-0.15803555	0.04631935	-0.19925932	-0.38883799	0.15601894
1.29459305	0.14368894	-0.02573533	-0.38129370	-0.08062565	-0.10480921
1.36052740	0.08884502	-0.01270910	-0.36358356	0.09665851	-0.37842575
1.28666329	0.23375774	-0.02218256	-0.17156673	0.13285007	-0.35583027
1.31100571	0.16426400	0.05753009	0.15360954	0.18412345	0.24622469
1.41629542	0.25109986	0.05848885	0.12213238	-0.33099117	0.30718182
1.42663905	0.02379017	0.01622427	-0.33194874	0.01079240	1.14886450
1.28074555	-0.49897994	-0.02479679	0.31112338	-0.16497238	0.72880835
