0.90619635	-0.25695305	-0.23197722	0.05687937	0.13770716	-0.03498054
1.14736886	-0.20356938	-0.18128849	-0.01397579	-0.08700021	-0.13501639
1.32258733	-0.33076669	-0.21033930	0.60563434	0.16926876	-0.23736091
1.01372574	-0.10323103	-0.11610796	0.48668473	0.70249574	-0.86597527
0.92203824	0.01991998	-0.06939517	0.22763490	0.43539129	-0.81000643
0.93080790	-0.06920370	-0.05232197	0.54040695	0.73164786	-0.99547588
0.41698006	-0.01318490	-0.03066645	0.42215707	0.29822437	-0.72691257
0.61615511	0.24878641	0.07385722	1.09095843	0.19698248	-0.70176740
0.89206833	0.12417609	-0.07529625	0.86742625	0.24123829	-0.07183600
0.56498847	0.24440954	-0.10753303	0.68175711	0.49063393	0.01307067
0.64907135	0.02892712	-0.01868004	0.73108920	0.18982417	-0.31283041
0.90969523	0.16437269	-0.07435536	0.64018645	0.03149203	-0.60632994
0.79927083	-0.01945759	-0.02872922	0.82444674	-0.33102484	-0.48926493
0.61120317	-0.01010327	-0.12155709	1.09107168	-0.17538555	-0.19353506
1.09488041	-0.03585797	-0.02603717	0.89272486	-0.22681695	-0.23563705
1.16418047	-0.21866639	-0.12182483	1.01934628	0.73998995	0.60047642
0.99305607	-0.43601726	-0.18144036	1.16672842	0.82432095	-0.13584020
1.05821110	-0.29838621	0.06432354	0.79168649	0.46445375	-0.53893007
1.57108849	-0.27170276	0.18477643	0.61910267	-0.01726611	-1.00976163
1.77464312	-0.20433032	0.27163002	0.17400841	-0.07553978	-1.14217289
1.76193049	0.23096916	0.16296949	0.17431903	0.00881834	-0.25962054
1.74938680	0.08847001	0.17700345	0.44901376	-0.10163070	-0.02101939
1.92800668	0.26440674	0.06618393	0.67553461	0.04678365	0.13132951
1.60135854	0.20860011	0.11144377	0.44851714	-0.24810678	0.22644254
1.18062959	-0.08926656	0.04304946	0.70076886	1.02081223	0.09006843
0.94965067	0.16326493	0.23955792	0.58933115	0.32495417	0.27341363
1.03156345	-0.18862816	0.27253911	0.39966436	-0.11714242	-0.33710671
0.56259419	0.08912415	0.14735052	1.02113945	-0.12702861	0.12410264
0.79798229	0.14010082	0.13598520	0.68211661	0.13190507	0.37995092
0.64905482	0.21661087	0.17678720	0.35232342	-0.26600179	0.32492058
0.58317352	-0.05026494	0.03161439	0.13481887	0.00458966	0.47568569
0.77142602	-0.10391883	-0.00353999	-0.22790527	-0.38347418	0.65702912
0.49752209	-0.14524906	0.08348133	-0.10070970	-0.07617427	0.23673833
0.43577850	-0.19212297	0.18492320	-0.03506794	-0.52349538	-0.41187713
0.73150450	-0.18592750	0.31782008	0.14403994	-0.69496591	-0.45354690
0.68940127	-0.13576851	0.15929612	0.51223739	-0.88514119	-0.38670248
0.68402991	0.12198435	0.07098534	0.94518215	-0.80088106	-0.07618046
0.70880954	0.02172091	0.03335024	1.06667258	-0.36058457	0.24980967
1.01110488	0.16129208	0.22522093	0.95444269	-0.59483135	0.27035051
0.76611159	0.12494526	0.00372993	0.45001080	-0.17443802	0.14054870
0.83934726	0.26280462	-0.01646019	0.42764190	-0.52126871	-0.13363323
0.79303547	0.02951077	0.12195340	0.07333005	-0.40449906	-0.07147759
0.91925521	0.14705510	0.11052257	0.38504971	-0.76802045	0.27151593
1.11671683	-0.00101700	0.14582088	-0.08130826	-0.83059731	0.07682906
0.88498895	0.04200627	0.26233360	-0.10070644	-0.49870272	-0.19550434
0.77451396	-0.04363702	0.10756065	-0.42983288	-0.77764926	0.30553389
1.15813917	-0.21813204	-0.03303437	-0.52480552	-0.82009134	0.73969348
1.13657113	-0.19940303	-0.13572793	-0.06962784	-0.35445705	0.77616686
1.78682614	-0.33184164	-0.22460620	0.46640222	0.58374804	0.51434777
1.56928067	-0.45586502	-0.29678287	0.91665362	0.03841273	-0.50362110
1.83520398	-0.30617882	-0.23519986	0.52842239	-0.16018773	-0.63207163
1.64120206	0.10462441	-0.13560706	0.76926422	0.03290585	-0.33645820
1.82427744	0.24409401	-0.15155200	0.88659870	0.30638329	-0.07349027
1.58248136	0.39925616	-0.16769148	0.39268739	0.15084474	0.36827563
1.10476541	0.35255838	-0.07534109	-0.27287049	-0.40551956	0.20250239
1.22958509	0.15968728	0.07590866	0.05358953	-0.59995561	0.19922007
0.99226650	0.14233178	-0.03344033	-0.42121370	-0.92295807	0.90915626
0.93505643	-0.23071855	-0.13928957	0.20253111	-0.89932115	0.90588214
0.68242608	-0.01260912	-0.17104738	0.11158566	-0.41175366	0.63538863
0.84901769	-0.08118576	-0.14025424	0.69476799	-0.00003528	0.62710455
0.76481845	-0.04111150	-0.17678580	0.78307731	0.43190667	0.32970527
0.78508194	-0.13817498	-0.00011548	0.57854467	0.52200000	-0.25264030
0.64509166	0.05297393	-0.08682004	0.82072789	0.42551595	-0.22638199
0.56132689	0.07819732	-0.10532421	0.48918532	0.71671118	-0.26589067
0.57663926	0.09451788	-0.01433770	0.75111123	0.72676137	-0.21894357
0.70090039	0.04628377	-0.01513502	0.71913777	0.35449721	0.09918790
0.55236407	0.21437335	0.03267334	0.35678844	0.54801478	0.12489084
0.65587548	0.19692026	-0.09803725	0.32775934	0.39521751	0.26869203
1.33510790	-0.02252669	-0.06048268	-0.08316263	0.50069142	0.11480785
0.64755990	0.07173526	-0.20792213	-0.07290574	0.67167109	-0.34269379
0.81634033	-0.07926573	-0.06633236	-0.19246058	0.71761002	-0.38335178
0.53293978	-0.04104981	0.12743318	0.11241690	0.46121669	0.08296741
0.65742877	0.01562094	0.04463316	0.42987592	0.06224590	0.21313422
0.68083499	-0.45989827	-0.02314373	0.39474033	-0.07020404	0.39881944
1.09408536	-0.63686351	-0.09028920	0.68857045	0.31688533	0.19583528
1.38648833	-0.37906488	-0.05300381	0.51700675	-0.69191649	-0.82518806
1.60239735	-0.23620010	0.13882844	0.14332554	0.29084627	-0.81585583
2.01102892	0.13921241	-0.00287170	-0.10187844	0.28541877	-0.24341300
2.16345082	0.18544167	0.05391877	-0.47999684	0.19628995	0.03439186
1.99237946	0.05428986	0.30202497	-0.51481482	0.15187990	0.01701276
1.91293344	0.01570509	0.09476440	0.13605138	-0.03604149	-0.09741735
1.27422374	-0.12901108	0.07538542	0.32662752	0.23410412	-0.38073631
1.16137338	0.16715923	0.14381881	0.67239754	-0.14259051	-0.38335773
1.29214675	-0.02659336	0.15142303	-0.06128556	0.09533931	-0.42609778
0.80845030	0.23622968	0.09506919	0.19042505	0.15493451	-0.05802917
0.59224284	0.16768773	0.21443168	-0.24622778	0.17146103	0.15292590
0.64087488	0.18156489	0.14780313	-0.17061270	0.40459836	0.64528444
0.77688220	0.18950226	-0.03274991	-0.21582224	-0.28312652	0.12357243
0.75068207	-0.12431334	0.10376938	-0.13435851	-0.04151527	0.44896713
0.53781292	-0.15567383	0.03106519	-1.04312559	-0.13773731	0.27228692
0.20657497	0.00779642	0.04160551	-0.64407840	-0.20961702	-0.16616338
0.33956547	-0.05306742	0.13710934	-0.54380101	-0.60627514	-0.24884312
0.45901000	-0.24868823	0.06079384	-0.63101169	-0.12887827	-0.51008246
0.59023530	-0.01618683	-0.01830723	-0.05909669	-0.78919758	-0.34468670
0.63349187	-0.08318724	0.12963592	0.20309223	-0.44546690	0.05633314
0.89934499	-0.20970566	0.09055594	0.18306557	-1.10105654	0.09005640
1.17128510	0.00814785	-0.05971148	0.43504086	-1.02543307	0.13870736
1.40050216	-0.17212962	-0.05808038	0.58037221	-0.55675601	0.01590373
1.25235636	-0.03498108	-0.05933678	0.47139148	-0.23784058	0.45826752
1.06351473	0.04355939	0.03896355	0.19811539	-0.13114977	-0.10688190
1.13379519	0.10351215	0.04903093	-0.24149524	-0.04197213	-0.30983960
0.61328105	0.23545655	-0.03209819	-0.18822237	-0.07622601	0.10338769
0.95911896	0.01210806	-0.06935440	0.04106666	-0.29297605	0.32980472
1.11728436	-0.20895215	-0.23367647	0.07956342	-0.54313532	0.40396107
1.35678380	-0.17439938	-0.09289974	0.08272000	0.14315921	0.38006620
1.57430387	-0.11787442	-0.26021465	0.11453076	0.51328575	-0.11173232
1.76417489	-0.31342131	-0.22106014	0.02448343	0.96165442	-0.48988256
1.48534132	0.01048309	-0.19867895	0.39644056	0.17527999	-0.35431606
1.38961562	0.16128699	-0.14505844	0.50391630	-0.47913652	-0.17010711
1.55850790	0.24813437	-0.02769442	0.33841985	-0.69707622	-0.03620475
1.14114950	0.27021068	-0.00676718	-0.22365667	-0.19866962	0.13786069
1.54756342	0.02780911	-0.17290653	-0.31433921	-0.37228191	0.11505746
1.33856971	0.20702077	0.02830001	-0.37154938	-0.10037784	0.27289446
1.23090798	0.04665615	0.01532942	-0.24820136	-0.60570634	0.72908009
1.16306474	0.03074471	-0.24688790	-0.25125783	-0.82310227	0.64951025
1.07354349	-0.03340021	-0.11678572	-0.03745627	-0.11300103	0.77281098
0.80906733	-0.20131164	-0.14793464	-0.17385323	0.19949502	0.34919949
0.67459897	-0.19490532	-0.25320066	0.01504480	0.00705756	0.19004302
0.46646213	-0.20539710	-0.19375329	0.17623889	0.10562469	-0.03069171
0.53890485	-0.03818895	0.00315974	-0.03720748	0.06573464	-0.12206457
0.64844108	0.05253270	-0.00707477	-0.08361461	0.44277172	-0.50187353
0.77984341	-0.12162368	-0.08527761	-0.08191060	0.17045466	-0.31162695
0.85276372	-0.08944479	-0.05782172	-0.07747395	0.47934388	-0.29555512
0.62516183	-0.00682659	-0.19451697	-0.24772796	0.48861176	-0.29315587
0.96077931	0.06483953	-0.00110404	0.28280945	1.40666274	-0.20327968
0.57915401	0.03572168	-0.01210116	-0.21863006	1.03160421	-0.21605728
0.07636048	0.21358239	0.05427054	0.24884365	0.60912056	-0.03875787
0.39817610	0.19273431	0.08173195	0.10467031	0.07786315	-0.30163444
