0.95383721	-0.28469561	-0.08694814	-0.88590226	-0.33450635	-0.38876471
1.35832481	-0.23366975	-0.07076974	0.09608507	-0.40857316	-0.22037558
1.16594041	-0.04500757	0.08688970	-0.09409041	-0.27797484	-0.30307588
1.09818166	-0.20812711	-0.07820752	0.52336294	-0.07151776	-0.50827631
1.06126161	-0.06824299	-0.04089213	0.25843871	0.09882749	0.10899293
0.86492770	-0.05840771	0.10615210	0.57170736	-0.23908340	-0.29499467
1.09573485	0.13168313	0.06273141	-0.14518294	-0.88251907	0.01012560
1.36887178	-0.17992382	-0.10525086	0.21077258	-0.04956036	0.65758544
1.53232324	-0.22103440	-0.12626683	0.36654569	-0.51612310	-0.05695652
1.71407618	-0.32883542	-0.22317408	0.30585298	1.02973501	-0.18609734
1.57498523	0.03182046	-0.30549758	0.44066965	0.66572642	-0.72742364
1.74528004	-0.05767951	-0.12098039	-0.61359212	0.14402460	0.18163510
1.91479145	0.14273590	-0.19775471	-0.14253818	0.46932062	-0.06303672
1.51416312	0.14983348	-0.08061593	-0.09047840	0.02411689	-0.02961068
0.97336716	0.08585948	0.11649317	-0.56274522	-0.46082032	0.35418110
1.06310287	0.18533955	-0.02493396	0.00981305	-0.88339037	0.37781795
0.86412124	-0.14866280	-0.15380078	0.08115774	-1.10730224	0.76322815
1.36572928	0.21029084	-0.35404327	1.11029671	-0.29838243	0.69687745
0.71953048	-0.11251142	-0.22295236	0.37229933	-0.38597087	0.71323138
1.01815558	0.09351038	-0.14826481	0.56424872	0.52192008	-0.80768055
0.84681969	-0.06563133	-0.04200825	0.05472800	0.87884622	-0.08828356
0.68982421	-0.07365000	0.00995764	0.45195865	0.87386563	-0.44360929
0.49330063	-0.06426931	-0.02081738	0.18341338	0.22599759	-0.15212019
0.34401192	0.00617655	-0.05925650	0.50268686	-0.01347700	0.04462075
0.30050375	0.24511870	0.00804375	0.60205929	0.32058371	-0.35781503
0.56000294	0.11969514	0.14848131	0.65996367	0.54468204	0.02659980
0.71965744	-0.01979856	-0.05161596	1.07089020	0.74380211	0.25720551
0.65383319	0.12030223	-0.00157355	0.18607912	1.24572444	-0.02502412
0.69642155	-0.11524836	0.02637098	0.44114868	0.77532811	-0.16818596
0.55679287	0.20771006	-0.01536110	0.90379990	0.05183419	0.22662546
0.54528284	0.35950524	0.07714497	0.50886809	-0.47257244	0.11129483
1.29532740	0.01121245	-0.07978862	0.76166976	0.21566029	0.05531518
1.12318263	-0.31685199	-0.24778199	0.15716104	0.57295798	0.26760836
1.26101878	-0.43933971	-0.14115305	0.36199404	0.27304608	0.22503282
1.13998567	-0.42103064	-0.02556681	0.58821833	1.27294940	0.04929568
1.64746098	-0.37302476	0.02582859	0.91326178	-0.57417464	0.21982161
1.38432323	-0.34094024	0.07036781	0.70666211	-0.49305025	0.25202732
2.11860782	0.08274058	0.21082559	0.54472598	0.74066717	-0.59166678
1.37432790	0.43925251	0.39638846	-0.08823612	-0.17032271	-0.09219559
1.55029663	0.55613184	0.29889842	0.37618918	-0.00381449	0.43879875
1.40618341	0.26721247	0.16980183	0.10232146	0.46292559	0.98318498
1.08265481	0.08775951	0.26151346	0.68404359	0.22846893	-0.10876954
1.62550233	0.37155843	0.33684181	0.55693035	-0.01520381	-0.03013946
1.16879887	0.17184806	0.28889637	0.53690094	0.56299431	-0.03841943
0.95599708	0.03032940	0.10870291	0.64893779	0.42545687	0.32236340
0.78653348	0.26467429	-0.08744928	0.25338184	-0.23103594	1.09360019
0.51673609	0.03016029	-0.07506636	0.12663092	-0.50397123	-0.12648716
0.11439783	0.12973609	0.00456384	0.09373627	0.05611272	0.25726951
0.41127547	-0.06208586	-0.02696759	-0.01728893	-0.33764058	-0.11127226
0.22670887	0.10161428	0.14926476	0.13387822	0.53926680	-0.03148523
0.43685935	0.15387338	-0.22639671	-0.25921026	-0.20151787	-0.15732466
0.43811502	-0.02843174	0.02540903	-0.05249664	-0.37195082	0.30444063
0.62090276	0.19574030	0.05228838	-0.05496581	-0.17806334	0.07399241
0.65404294	-0.05298366	0.17921663	0.27515976	-1.45228967	-0.21460610
1.10366173	-0.06166918	-0.05761384	-0.15631518	-0.08995325	0.97527048
1.01781489	-0.14671759	0.04116663	0.05976079	-0.42819796	0.60346890
0.30609879	-0.01219860	0.02547005	0.39439723	-0.54166784	-0.06979074
0.61513571	-0.69382879	0.14521024	0.68456830	-0.44344379	0.13924722
0.85995234	-0.02855740	-0.05882227	0.11830804	-0.48795376	0.31852910
0.75025755	-0.27609014	0.09300441	-0.24104210	-0.36285039	0.22130689
1.10394074	-0.16750136	-0.05138146	0.17792767	0.05085507	0.23478991
1.31597998	-0.53511487	-0.14636088	0.36099209	0.01119634	0.83300263
1.80653301	-0.62198930	-0.05653032	0.31613623	0.31067633	-0.09642965
1.82303023	-0.36983789	-0.35268515	0.88879934	1.30987682	-0.54137916
1.86350697	-0.22379626	-0.10662158	1.27269881	2.78929165	-0.95972020
1.43037522	0.35508177	0.04005052	0.98804886	2.16676040	-1.30034441
1.02220068	0.71480265	0.41172316	-0.08103573	-0.24026210	-1.63795428
1.12339498	0.78358887	0.24254901	-0.59840927	-1.59465876	0.28391953
1.15322054	0.59631508	-0.09370257	-1.47967350	-2.19582241	1.94641866
1.52293403	0.47260608	-0.28375301	-0.76351084	-1.03144688	2.08181804
1.45590616	-0.00585613	-0.67246651	-0.01174108	1.21524306	0.98290148
1.30944765	-0.56195734	-0.16742115	-0.44078215	1.47647009	-0.31523703
0.62304596	-0.24787934	0.09580063	-0.15185837	0.77007634	-0.41187768
0.49250285	-0.46744290	0.15002534	0.59249401	1.14130391	-0.71476439
0.42517382	0.21294038	0.03936791	0.16875006	-0.04876972	0.77639249
0.85400429	0.09809185	-0.00547213	0.51079806	-0.45433023	1.09259746
0.46024674	0.53313997	-0.03423045	0.14285050	-0.14900985	0.36659100
0.60452642	0.02035442	-0.18664441	-0.25459275	0.08882177	-0.12863703
0.95220431	0.01953320	-0.07042174	0.02404191	0.56951587	0.18942903
0.78651228	-0.09427915	-0.20046965	-0.04591369	-0.00405284	-0.08218971
0.70819777	-0.18348273	-0.07865307	0.40224570	0.32205940	0.09931969
0.79653550	0.32407086	-0.19020778	-0.28797703	0.81327004	-0.19003206
0.45538536	0.31463604	-0.08498313	-0.39506982	0.81356690	-0.18821922
0.56971118	0.33135300	0.14153614	-0.51651136	0.18413332	-0.85257940
0.52112686	0.65937463	0.12245798	-0.85030534	0.46804491	-0.37655604
0.62597428	0.26342394	-0.02842080	-0.79621736	-0.07423823	0.09642103
0.99342326	-0.22178139	0.02322417	-1.16112374	-0.39169432	-0.04234461
0.74551912	-0.45443637	-0.08450579	-1.01148182	0.44507691	0.76388143
1.22483577	-0.60734494	0.02679782	-0.83888025	0.10675840	0.91399124
1.55962612	-0.88550754	-0.05564064	-1.43012194	-0.53126868	-0.07548624
1.84116831	-0.70479298	0.11198963	-0.85950244	0.04609419	-0.11207131
1.61766005	-0.41366956	0.26155181	-0.65338194	-0.79978428	-1.63572185
2.04124313	0.01287780	0.25996763	-0.28326861	-0.19474777	0.12923598
1.84812546	0.03884702	0.19817059	-0.35092807	-0.01138507	-1.26065969
1.60747217	-0.22083272	0.17202283	-0.88415499	0.68375093	-0.26303961
0.96719257	0.05422878	0.05688477	-1.01811652	-0.20953222	0.51613278
1.21315447	0.03149552	0.18453523	-0.70593847	0.59742434	0.49318772
1.43330485	0.08366108	0.19658488	-0.55761343	0.22313329	0.18387184
0.91949427	-0.29291698	0.12410264	-0.97893930	-0.65805821	-0.31341789
0.80472000	0.12975130	0.08514935	-0.42626742	-0.28773939	0.33417411
0.98853590	-0.00594768	-0.06028501	0.06083111	0.21896201	0.49326863
0.80807141	-0.03178617	-0.05252429	-0.56943055	-0.28853769	0.39771447
0.65258989	0.35721233	-0.02088243	-0.50918764	0.73461028	0.46491288
0.44519253	0.06461806	0.04358528	-0.78375807	-0.06571894	-0.49782622
0.48738618	0.33705683	-0.00040787	-0.97994022	0.18704937	-0.46073435
-0.00173648	0.23384153	0.23943105	-1.29079832	-0.20177525	-0.15606788
0.08881172	-0.00627351	-0.04552341	-1.35583854	-0.19731305	-0.63001423
0.47842560	-0.23331502	0.01061932	-1.30335589	-1.02950564	-1.41231851
0.47821294	0.14393513	0.11017884	-0.77979216	-0.77125577	-0.37231159
0.28166087	0.03938607	0.04961788	-1.00816272	-0.83471182	-0.67928834
0.66909756	-0.10560365	0.08025594	-0.77639571	-0.35497915	-0.44859612
0.81514201	-0.06695557	-0.04352076	-0.25863598	-0.81591261	-0.23153207
0.90971117	-0.07446945	-0.11097769	-0.39361316	-0.54978793	-0.40381066
0.85265809	0.24230022	0.03990739	-0.31294173	-0.61086722	0.07555303
0.47265531	0.25726147	-0.02958997	-0.08863898	-0.07171299	0.30934592
0.95401296	-0.15677164	-0.18148691	0.22537213	-0.95140858	0.86342206
1.09324972	-0.26883504	-0.20365657	0.04264965	0.31638376	0.30108437
1.50865446	-0.68007852	-0.38953235	-0.06366363	0.17883628	0.37930405
2.19025348	-0.56858683	-0.35154529	0.01078434	0.72422210	-0.07050841
2.00991755	-0.33297550	-0.16641577	0.62360360	0.76930869	-1.17817265
1.65798832	-0.19546129	0.16180770	0.87039272	0.12868417	-0.52687631
1.64761775	0.17492702	0.04847353	0.71616004	-1.37318611	-0.17292906
1.48379316	0.06307558	-0.12185858	0.64660455	-0.25561231	-0.32145638
1.51441007	0.31451752	-0.13604814	0.74564590	0.30004411	0.15897442
1.02314625	0.15659860	-0.09843649	-0.57493526	0.11366693	0.02601468
1.47105038	0.25687390	-0.03751414	-0.78970557	-0.58354567	0.73408951
0.81770775	-0.10323692	-0.02100152	-0.67294083	0.55620488	-0.19076660
0.91735097	-0.11029265	0.01598695	-0.49857988	0.08276341	-0.02980965
