0.72945421	0.26231860	-0.02726914	0.42421330	-0.37392981	-0.80657547
0.62375666	-0.02751708	0.04666602	-0.03176736	-0.97694978	-0.15457838
0.61952525	-0.06199613	-0.05220680	0.35744702	-0.38371554	-0.25846587
0.66293605	-0.18705063	-0.10107318	0.39454092	-0.58373604	-0.01770447
0.60101365	-0.46278823	-0.16946862	0.85094128	-0.45020501	-0.25469442
0.42446490	-0.66259389	-0.15284937	1.29079261	-0.54343039	-0.42032994
0.62502914	-0.19419460	-0.21676198	0.88313359	-0.17521162	-0.51658862
0.66411005	-0.13480486	-0.09807486	1.05376958	-0.59224889	-0.34848806
0.82388984	-0.04167891	-0.17034189	1.23974364	-0.30940482	-0.73594179
0.87216516	0.01615875	-0.15335395	0.77287105	-0.03515786	0.15689489
1.11686519	-0.15972548	-0.12077274	0.87322936	0.02272944	-0.29259172
0.89193559	-0.06122103	-0.08482130	0.39227597	-0.13675014	-0.23783027
0.88450756	0.05619818	-0.07126340	0.25049733	0.51837170	0.39084386
0.90581931	0.20098202	-0.10516829	0.55331305	0.03179392	0.02084054
0.82616195	0.12030210	-0.07734831	0.64622981	0.03943615	-0.28467587
1.23622183	0.08675395	-0.15129445	0.64423294	-0.18896151	0.01134724
1.24764842	-0.11000633	-0.06209494	0.41866966	-0.08193249	0.26801866
1.19208730	-0.02921934	-0.07432361	0.15611257	-0.11582768	-0.03235789
1.37969598	-0.07339642	-0.01473593	0.71742436	0.01493753	0.29334694
1.31380025	-0.12989998	0.09683902	0.85951023	0.22382184	0.06786788
1.57563348	-0.27508983	-0.14323254	1.10380283	-0.06942191	-0.06481879
1.78704142	-0.17083900	-0.08689119	1.23453695	0.51216319	0.07562147
1.72795247	-0.19163448	-0.14970346	0.76643848	1.17854830	0.17242975
1.65513054	-0.42671474	-0.07446182	0.55885150	0.79389380	0.54208781
1.54201209	-0.66807172	-0.04237629	-0.02303558	0.32241593	-0.01988187
1.22981962	-0.91087553	-0.11122256	0.41672768	-0.08666712	0.32322937
1.11445859	-0.73461672	-0.13336722	0.53228684	0.03815097	0.00765006
1.03616137	-0.52123785	-0.11334686	0.12811901	0.77752390	0.25282426
0.99015761	-0.42715430	-0.04783908	0.13248220	0.40086217	-0.41315525
1.07644715	-0.31649925	-0.13565976	-0.23821635	0.21937830	-0.30077635
0.88642657	-0.22637745	0.02134252	-0.96355057	0.10145224	-0.58683009
1.14940947	-0.17708139	-0.05685699	-0.63326258	0.25913607	-0.04726791
0.59857669	-0.20919232	-0.06741714	-0.34463203	0.62578821	-0.42231369
0.84863503	-0.26119077	-0.01781188	-0.58692540	0.57294049	-0.15124173
0.55574931	-0.36278332	0.05047420	0.15276763	0.57863034	-0.23314207
0.49264741	-0.34842391	-0.03939379	0.71609962	0.22644524	-0.15891590
0.80957650	-0.44468498	-0.04748209	0.84154980	0.29820943	-0.12691022
0.38026950	-0.40700680	-0.02115583	0.78750992	0.22676306	-0.35633733
0.52071510	-0.31913671	-0.04525926	0.69446727	0.18660425	-0.10423444
0.74034722	-0.23134130	-0.02291156	0.92154846	0.35790510	-0.27527507
0.70344868	-0.23143939	0.02621413	0.61867766	0.53176893	0.02073466
0.85868023	-0.01913434	-0.02067011	0.34130995	0.52954509	0.00448645
0.92284794	-0.14624312	0.09061419	0.36591479	0.81616452	0.22711318
0.77159021	-0.03266775	0.03042898	-0.17501740	0.34175926	0.48174638
0.97894168	-0.07818371	0.16587710	0.35485765	0.38177301	0.60028921
1.06883173	-0.17964658	0.23247430	0.16063274	0.29963281	0.42672509
0.88140098	-0.30475130	0.16521057	0.38830610	0.41810499	0.38027916
0.99672181	-0.31348089	0.07956520	0.00267892	0.49911148	-0.00239910
1.14745851	-0.18260491	0.06020149	0.11474858	0.62287608	-0.16172453
1.04945182	0.13192001	0.19600906	0.61059793	0.53986686	-0.26073296
1.24411233	0.07735706	0.29882723	0.51824705	0.21827679	-0.11802664
1.38477151	-0.17405074	0.34984101	0.11762473	-0.13106149	0.00169032
0.96846361	0.00398539	0.26519493	-0.16405378	-0.46057593	0.32548582
1.57519508	-0.13052645	0.14226123	0.28542796	-0.47971669	0.47292599
1.45757807	-0.29167555	0.24911719	-0.10632849	-0.47573135	0.94492271
1.51913203	-0.48319245	0.25444749	-0.04144449	-0.55103905	0.46943390
1.75284786	-0.36562987	0.14165399	-0.03605063	-0.81078443	-0.06202641
1.64094154	-0.51909482	0.08146690	0.07070476	-0.53825001	0.02516170
1.02232427	-0.30905691	-0.00842693	0.08975176	-0.05319910	-0.37418620
0.96866047	-0.53752043	0.03502885	-0.41712909	-0.33833480	0.13919277
0.87490658	-0.31387559	0.14673421	-0.83245534	-0.38680901	0.17679416
0.86232708	-0.19256424	-0.02572521	-0.88477268	-0.51336562	0.06953755
1.32723995	-0.37495516	0.13654726	-0.22891231	-0.89454557	-0.30869335
1.18085068	-0.45155260	-0.06392034	-0.65675260	-0.70925617	-0.63920980
1.05188817	-0.28954068	-0.13145353	0.00085266	-0.38530398	-0.41541890
0.73227913	-0.28247043	-0.04300331	-0.12234878	-0.22239979	-0.66410185
0.88092528	0.16419100	0.00994333	0.10072920	-0.85662164	-0.63647411
0.59985916	-0.08240542	-0.16231811	-0.69956700	-0.56146773	-0.32420042
0.63598554	-0.02790169	-0.10559212	-0.80059605	-0.73724152	-0.09607084
0.52201461	-0.03679878	-0.09562288	-1.35734144	-0.43827005	0.22869760
0.72566170	-0.12701732	-0.09058925	-1.31448098	0.00654027	-0.16362914
0.69097675	-0.12611038	-0.19514572	-0.88276188	0.36381061	0.24716285
0.91113632	-0.27435097	-0.21639118	-1.08667762	-0.08040262	-0.00354089
0.88306181	-0.37592475	-0.09747030	-0.50180944	0.04913900	-0.15464379
0.72711099	-0.50916994	-0.21363324	-0.03794784	0.42831883	0.37004436
0.84425825	-0.36025614	-0.12860917	-0.34926028	-0.84546639	0.16747990
1.10909250	-0.24480503	-0.22414643	-0.30508243	-0.09864603	-0.16949232
1.26581755	-0.19821559	-0.15012571	-0.61617695	-0.04552006	0.01829555
0.99922422	0.00883647	-0.18644193	-0.42759894	0.25771737	-0.09037351
0.97478626	0.06710911	-0.14304097	-0.41373214	-0.13323015	0.13612075
1.10307382	-0.00016697	-0.13414925	-0.50954111	0.17439280	0.13311544
1.10770087	0.07063839	-0.20423004	-1.12510060	0.28184200	0.35631585
0.98829285	0.05859317	-0.10184098	-0.63193228	0.14886120	0.27942615
1.04580947	-0.16520885	-0.19080063	-0.83859030	-0.41567645	-0.07741805
0.98797850	-0.18951939	-0.05248975	-0.02377439	0.06213421	0.41342973
1.61677236	-0.18065473	-0.09483970	0.72267596	-0.09644627	0.42730072
1.46213288	-0.43369962	-0.16384472	0.93725143	-0.15303283	-0.07524355
1.64685877	-0.35272403	-0.27844265	0.72612985	0.70741044	0.15930592
1.50402955	-0.36012501	-0.34201389	-0.23341114	1.15980755	0.79671460
1.45177076	-0.35573073	-0.19491386	-0.77674037	0.92741641	0.40672164
1.13952265	-0.74417466	-0.00428675	-1.06337638	0.90514763	0.28092424
1.08011854	-0.98073903	-0.05332881	0.05766206	0.56583375	-0.08212482
0.99921428	-0.73323583	-0.00006750	0.79775358	0.14494014	-0.06746538
1.09787549	-0.59030145	-0.16654611	1.08575693	0.45781350	-0.15138126
1.02787297	-0.37331060	-0.12029664	0.27034876	0.77820280	-0.28415822
0.94646988	-0.18607433	-0.01766247	-0.15701968	0.77666210	-0.73008180
0.91837481	0.02275310	-0.03305377	-0.04532148	0.54796379	-0.54504566
0.98703994	-0.20410342	0.16936693	-0.08236157	0.28218043	-0.20163147
0.82922579	-0.25226727	-0.21842527	-0.18639507	-0.14939609	-0.20207669
1.03966879	-0.30682707	-0.03915165	0.34804050	-0.18048477	0.15407601
0.58803304	-0.31655569	-0.06581221	0.18313007	0.83095346	0.26040758
0.82854675	-0.30053284	-0.14199122	-0.30574588	0.84719092	-0.00610827
0.83828838	-0.49506276	-0.08681139	0.15731916	0.47250676	-0.10542861
0.49778480	-0.42130436	0.02584302	0.70630704	0.68193536	-0.09685997
0.43750463	-0.21537509	-0.00165292	0.56866642	0.89592073	-0.33298173
0.69695152	-0.10677565	0.04994500	0.52160214	0.10060723	-0.28888737
0.71075520	0.08665090	0.14610588	-0.00966476	0.25913653	0.31615328
0.84329277	-0.11204796	0.09126551	0.35825172	0.38331117	-0.31713935
0.95092925	0.00211485	0.02918305	0.13232007	-0.12191610	0.08562112
0.83294791	-0.02676214	0.12132225	-0.19879642	0.09291503	0.07859206
0.84867761	-0.05750854	0.17489343	0.20590715	-0.00446422	-0.20438697
1.06711639	-0.06651265	0.21476115	-0.23006747	-0.03763336	0.50957526
0.96935971	-0.08411697	0.29902014	-0.42236925	-0.29595367	0.20171659
0.78559116	0.05876448	0.23552178	-0.40486613	-0.01802388	0.06517180
1.02055460	-0.16124862	0.20790111	-0.03662093	0.19504077	0.17417790
0.86775552	-0.00448023	0.21274681	0.12200604	-0.30235799	0.22288822
1.06775091	0.03207695	0.15992790	-0.27106115	-0.07230402	0.16750682
0.92269774	0.05010949	0.30092607	0.49673677	0.24588662	0.18477461
1.24921815	0.06377682	0.23545958	-0.20608999	-0.19143258	-0.04314858
1.34440770	-0.09920142	0.14845354	-0.53119043	-0.36716429	0.30453589
1.40410967	-0.09412064	0.14626424	-0.44991614	-0.64039785	0.68557146
1.67390079	-0.08068663	0.02036065	-0.12605541	-0.81801080	1.00128860
1.55705950	-0.28328127	0.05476419	0.10663261	-0.17874191	0.39421324
1.43070606	-0.46194719	0.04950227	0.47376973	-0.61885061	-0.17357203
1.11445961	-0.49282783	0.04327687	0.33573623	-0.22118537	-0.17484357
0.53687697	-0.42648640	0.06241895	0.22841917	0.32612301	0.00610596
0.82538918	-0.45527827	0.14666171	-0.06801162	-0.38184923	0.38241993
0.81607652	-0.45891149	0.03088597	-0.02463258	-0.71149326	0.12112407
