1.27428200	-0.00449619	0.27154569	0.85624147	-0.04464278	-0.43457321
1.50154539	0.07217460	0.17671755	1.00159699	-0.25263836	0.06758038
1.27703233	-0.06969308	0.17483571	0.42410026	-0.35769188	0.30467296
1.58488022	-0.15334104	0.04930926	0.27569404	-0.39144742	0.58635625
1.83315192	-0.24969071	0.16480372	0.27536798	-0.49812479	0.69054105
1.50983550	-0.14188779	0.33215748	0.11258847	-0.54798601	0.20517617
1.20088946	-0.38024001	0.06061025	-0.52962469	-0.98852865	-0.53028488
1.00837773	-0.18785091	-0.01552546	-0.12426265	-0.91193857	-0.33602270
0.84776590	-0.30276866	-0.12034901	-0.24393480	-0.90857878	-0.19231380
0.70687335	-0.21816119	-0.18260719	-0.38526249	-0.56339725	0.36100351
1.12354243	-0.45738649	-0.05949137	-0.38200743	-0.06666361	0.10944167
1.15772564	-0.28167210	-0.01882217	-0.53580932	-0.27247025	0.00814516
1.22503785	-0.30427135	-0.06701696	-0.00700936	-0.85380412	0.10766898
0.92052994	-0.46320329	-0.09895306	0.18939634	-0.10173548	-0.85298093
0.91260490	-0.26561282	-0.11946386	0.47704652	-0.19441570	-0.61956971
0.71320247	-0.22961765	0.05327399	0.79569442	-0.36191051	-0.14682457
0.54118825	-0.06913897	-0.09871970	0.18043878	-0.35517725	-0.26148422
0.46320650	-0.17944316	-0.10916067	-0.00519778	-0.72487128	0.12919678
0.56224255	0.12066409	-0.08096697	-0.44958518	-0.44143202	-0.07140268
0.65490386	0.04055972	-0.19855388	0.02603809	-0.34915879	0.06880096
0.94285579	-0.07798769	-0.13747222	-0.86985861	-0.15974914	0.32244324
0.79751018	-0.33726748	-0.22409129	-0.37284219	-0.42564543	0.12701264
0.91718672	-0.43005832	-0.14766170	-0.21036694	0.28186912	0.53018275
0.60521968	-0.22044750	-0.20173287	0.36148922	-0.10488101	0.47159951
0.85248156	-0.33129921	-0.12089225	0.32829277	-0.09219250	-0.00309691
0.95333857	-0.32415124	-0.16697377	0.36248786	-0.34748090	-0.12018177
0.96562380	-0.23260192	0.00120382	0.12321178	0.14973396	0.22188894
0.99938810	-0.11272438	-0.12143088	-0.09212157	-0.44578125	0.29398539
1.03987676	0.00345260	-0.01027535	-0.54981633	-0.08958002	-0.02149548
0.94566145	0.10296933	-0.09926694	-0.42592848	0.06977962	-0.39407441
1.01661355	-0.05760843	-0.17671615	-0.42040519	0.05215184	0.53013114
1.14642251	0.04064700	-0.01841684	-0.50506227	-0.33350459	0.27066773
1.49926275	0.01574073	-0.05468293	-0.40670293	-0.10591762	0.31219329
1.41981786	-0.41925633	-0.26853042	0.52649643	-0.02640230	0.45438712
1.57336652	-0.50126031	-0.25934865	0.85479081	0.32986552	0.21290508
1.56837776	-0.49488213	-0.41303137	0.08679164	0.79039105	-0.14890922
1.56107612	-0.46836857	-0.28684853	-0.77974947	1.31623077	-0.06795260
1.39979304	-0.63241692	-0.11352360	-0.31341717	0.90995726	-0.39418058
1.00943550	-0.65117673	0.11773723	0.57658977	-0.11305227	-0.84404460
1.24401042	-0.53677063	-0.12839056	1.04435360	0.12257311	-0.33093964
1.04288448	-0.56412430	-0.16696346	1.29521897	0.32288552	-0.45335034
1.02715837	-0.48683909	-0.16582190	0.41690690	0.99064437	-0.36523840
0.82610966	-0.10076008	-0.06890180	-0.21270306	0.40070027	-0.87869669
0.92374832	0.07842122	-0.02271243	0.22600331	0.23787969	-1.38575729
0.82081898	0.09995731	0.12373855	-0.41546573	-0.89873709	-0.86634500
0.97018152	-0.14348621	-0.02091177	0.18056461	0.49014412	-0.32066798
0.91588556	-0.14535390	-0.09189501	-0.02693555	0.32452344	-0.16918720
0.72098377	-0.21160598	0.04413253	0.35201959	0.23175595	0.34290701
0.66932567	-0.34676297	-0.02432001	0.85119966	0.25184938	-0.19619374
0.75119617	-0.36874297	-0.05698358	0.95035579	0.31674616	-0.36837935
0.65492789	-0.05258098	0.08009552	0.91730623	0.13024070	-0.15836910
0.69746054	-0.23841566	-0.05628089	0.51597126	0.07829389	0.08299305
0.54151304	-0.03055382	0.12880176	0.35115660	0.32834869	-0.00136884
0.65964084	0.10222967	0.09961443	-0.01046541	0.15478098	-0.00100646
0.81208763	-0.01357190	0.16793766	-0.29205066	-0.16963133	-0.07221246
0.63876779	-0.14697176	0.08162569	-0.03390252	0.39093416	0.52824010
1.02442055	-0.02506687	0.16587221	0.28484505	0.43924241	-0.02056558
0.81969956	-0.09786648	0.06537704	-0.24153268	0.04871917	0.51251183
0.86309525	0.00162012	0.35124626	0.13159380	-0.31497082	0.56256606
0.92202733	-0.04543026	0.20893574	0.02179902	0.28685855	0.35307109
1.21077954	-0.09123898	0.07484786	0.45887214	0.08283415	0.21247200
1.05467066	-0.20130030	0.06026651	0.68410363	0.30474394	0.14907806
1.20229803	0.00559494	0.15911526	1.48668961	0.06028785	-0.44269386
1.37623243	0.22802328	0.17433952	0.90080941	-0.62654995	-0.53811771
1.48656079	-0.06185022	0.04477499	-0.09279246	-0.60271849	0.19938823
1.46677013	-0.08239212	0.13011021	-0.05955116	-0.41975996	0.72059250
1.57218937	-0.14491302	0.09760974	-0.33138559	-0.56403608	0.85228447
1.69680970	-0.33854769	0.15836195	0.30837385	-0.83510827	0.49665322
1.30040628	-0.41080577	0.04624401	0.66821699	-0.67203207	-0.11846718
1.03688814	-0.43067832	0.02061099	0.10672202	-0.19753765	-0.20233977
0.95011984	-0.44345044	-0.07805056	0.00233637	-0.63385845	0.26506740
1.02575716	-0.50581375	0.02396280	-0.37301712	-0.67496739	0.29872949
1.13682716	-0.44710670	-0.12601653	0.29473487	-1.00854238	0.19397292
1.47011340	-0.44625673	-0.05793684	0.50683130	-0.75405168	-0.21109768
0.99983159	-0.29128520	-0.23822486	1.07635484	-0.64893027	-0.58598179
0.96300894	-0.34303366	-0.10859273	1.28842566	-0.63933530	-0.54962880
0.82480527	-0.17929754	-0.00366600	0.99974184	-0.34549494	-0.55453285
0.54674356	0.03616444	-0.05616872	1.29586276	-0.98406880	-0.80914499
0.69341441	0.17568381	0.11607056	1.01719451	-1.12231350	-0.45390036
0.67506815	0.00386432	-0.11853221	0.67137337	-0.72193202	-0.49885212
0.68160287	0.04955996	-0.15789215	0.83847475	-0.93650602	0.14913175
0.59868259	-0.14612550	-0.05803596	0.57306643	-0.53133322	-0.14158187
0.76715291	-0.35153655	-0.13493652	0.71825638	-0.34102305	-0.22176535
0.73881422	-0.27851296	-0.13366936	0.54937954	-0.13250022	-0.04678989
0.59649774	-0.23985746	-0.16438585	0.93746522	-0.42231706	-0.36818314
0.81367151	-0.40743374	-0.17283770	1.23415853	-0.60915756	-0.12774952
0.95836897	-0.30662682	-0.25882803	1.12394617	-0.38122242	-0.33368211
0.76239498	-0.11860925	-0.15944405	1.36609585	-0.12194992	-0.04418994
0.79531460	-0.05568026	-0.16814805	0.90584268	-0.48878220	0.11539598
1.00829921	0.09161975	-0.12384521	0.49272533	-0.06244242	0.41083667
0.80646277	0.11700204	-0.06273843	0.27656175	-0.27576286	0.47983401
1.15795515	0.31106162	-0.04833565	0.14098690	-0.43718129	0.48414585
1.04131809	0.06468948	-0.11822491	0.31606877	-0.13309407	0.58770322
1.25310603	-0.11838947	-0.01156302	0.36465833	-0.07918652	0.53867332
1.21579348	0.08614661	-0.01634524	0.50443187	-0.20040339	-0.11009531
1.37390522	-0.03585339	-0.07741834	0.55370700	-0.31500579	0.46227173
1.66250848	-0.22229268	0.02798730	0.81259389	-0.00738609	0.28811625
1.56128843	-0.20509364	0.00276527	1.53152425	-0.49824603	0.12511189
1.46889800	-0.25557554	-0.22144204	1.56507071	0.43290389	1.04571387
1.54135362	-0.47008310	-0.29821001	0.47658977	1.03032368	0.60731456
1.42668273	-0.52403198	-0.15730865	-0.17532524	1.23457960	0.44110369
0.98085726	-0.86073442	0.05926067	0.03912152	0.50875288	-0.31642621
0.78883801	-0.80011546	0.11132692	-0.41462315	-0.15095347	-0.81979250
1.09735523	-0.64245947	-0.17938695	0.48465654	0.06338695	-0.98219773
0.72398331	-0.24866675	-0.01656249	0.53883016	0.05839519	-1.11280148
1.10440199	-0.11555322	-0.06857174	0.66741836	-0.26579910	-0.54024223
1.03532280	-0.05554098	-0.17138135	0.24166918	0.57243863	-0.54215179
1.08901176	-0.15723613	-0.05960904	0.00219214	0.23904516	0.10029313
0.95459354	-0.26949248	-0.09729359	-0.23122146	-0.34018449	0.06807401
0.94115914	-0.38546365	-0.28692529	0.40878943	0.54392377	-0.00512236
0.81347130	-0.68772164	-0.10723683	0.34075740	0.38076990	-0.47167666
0.89315692	-0.40307518	-0.11444783	1.12661038	0.57457424	-1.03310624
0.46462284	-0.31164807	-0.04557687	1.24874406	0.69731835	-0.38223164
0.63879485	-0.38610330	0.02371660	1.16057562	0.50591158	-0.73532161
0.49126362	0.01100216	0.07633822	1.43386497	0.66310401	-0.97171664
0.66681631	0.23233038	0.02236650	1.42196100	0.31395437	-0.77427230
0.71408359	0.09133936	0.04005656	0.58607624	0.26322994	-0.40780393
0.83671734	0.24296298	0.05516633	0.46327809	0.24308036	-0.19784942
0.68229968	0.23406928	0.09654768	0.02026946	0.05540075	0.20260558
0.89097687	0.17355969	0.12869652	-0.15143466	0.08687363	0.37253252
1.14929298	-0.02648282	0.10656109	0.18918690	-0.39081977	0.18332874
1.02097253	-0.19224041	0.15951925	-0.08467090	0.24095130	0.42862759
0.99481687	-0.14764801	0.08632468	0.61183236	0.43971403	0.04652543
1.15730997	0.02878508	0.05512043	0.32813390	0.10784931	0.02195146
1.25698449	-0.22383303	0.08601273	0.60191797	-0.38889123	-0.25095563
0.91746825	0.11662515	0.27108151	1.09692238	-0.02655362	-0.15113457
1.25883661	-0.05797377	0.19715269	0.92693659	0.13542014	-0.50471681
1.67221167	-0.02684330	0.01442315	0.97880145	-0.44774644	0.11375361
