1.24612829	-0.60926492	0.11501062	-0.30819035	-0.73864660	0.27611298
0.87504210	-0.50400444	-0.01658405	-0.02354316	-0.62431216	0.17353798
0.56998336	-0.41010888	0.04510493	-0.36939453	-0.71692463	-0.07522213
0.66224864	-0.57097758	0.01993836	0.00804408	-0.47049019	-0.19124071
0.83115601	-0.51506830	-0.08202208	0.61253731	-0.65171126	0.21259457
1.29716556	-0.57785315	-0.06669375	1.35971524	-0.33639889	-0.02323404
1.27873684	-0.39794244	-0.16182672	1.84982567	-0.08380161	-0.57406302
1.06760527	-0.35428337	-0.19502774	1.13764554	-0.34090503	-0.91121049
0.89204732	-0.14981149	0.03630811	0.88829329	-1.06780344	-0.63394028
0.66891085	-0.05551379	-0.06139572	0.90104716	-0.96070359	-0.21386176
0.67676722	-0.04335981	-0.06941702	0.29550872	-0.79637482	-0.32920880
0.78959671	0.05331931	-0.10560819	0.02436876	-0.97590177	0.08158732
0.47212139	-0.27799697	-0.12656729	-0.08707773	-0.65882937	0.32708198
0.74127561	-0.01174232	-0.04471475	0.55888006	-0.37109519	-0.47309724
0.51544146	-0.36103820	-0.09843069	0.87867949	-0.40932181	-0.36530003
0.39230923	-0.46970644	-0.07782942	0.75271224	-0.32948150	-0.14020314
0.80957989	-0.31705247	-0.17372111	1.30204609	-0.62071926	-0.32000201
0.79443453	-0.15564041	-0.10935867	1.21761009	-0.48331467	-0.24737194
0.83326782	-0.38240834	-0.18528249	0.57879921	-0.37923467	-0.07689418
0.79532842	0.02202705	-0.23227438	0.98287823	-0.44331453	-0.20142688
0.85293740	-0.14776047	-0.22391787	0.91761647	-0.03881042	0.27510806
0.95368141	0.24075089	-0.09213660	0.11561534	-0.19508495	0.34376830
0.95756397	0.18615427	-0.05270336	-0.35325656	-0.47761692	1.03959318
1.24781940	0.09350640	0.03214997	-0.39816239	-0.50752102	0.09081801
1.15423271	0.15815174	-0.05054357	-0.29603283	-0.63450834	0.32344497
1.23277943	-0.08935327	-0.13431422	0.57706760	-0.11073438	-0.01253852
1.34296522	-0.01707928	-0.05475955	-0.14373563	-0.16276060	-0.27580014
1.72574892	-0.07530232	-0.14284087	0.54777908	-0.40594366	-0.45099271
1.34855175	-0.21035654	-0.16755808	0.59928822	-0.41862207	0.07563436
1.61418340	-0.22313333	-0.03216763	0.21996978	0.57486276	0.75907892
1.56388981	-0.51417628	-0.06355997	0.41231142	0.65126241	1.14475016
1.52419817	-0.55227727	-0.09621051	-0.20450863	0.03208405	0.93689908
1.36754397	-0.72139456	-0.06708650	0.21073704	-0.04958485	0.53310629
1.23640740	-1.08205487	-0.04340795	0.04023568	-0.26229233	-0.65542596
1.31797400	-0.78014859	-0.11231413	-0.36193545	-0.17364497	-0.93956478
1.18601896	-0.14205294	-0.13282159	0.09665554	0.86812106	-0.52234495
1.17255928	-0.32957680	-0.32868953	-0.28533352	0.87422998	-0.65208043
0.99756126	-0.09554542	-0.16355202	-1.00811796	0.26841873	-0.81682977
0.66019979	0.02270295	-0.13052822	-0.26794111	0.28434010	-0.56682069
0.60499230	-0.00991142	0.03641857	-0.60985274	-0.05385776	-0.34911517
0.81588449	-0.32509129	-0.09414918	-0.11105275	0.41140981	0.15533136
0.86736465	-0.53702780	-0.14779808	0.58802924	0.17654884	-0.17333220
0.70295160	-0.50269403	-0.11331023	0.83346832	1.05647460	-0.47567912
0.81078707	-0.13978798	-0.13321784	0.25134020	0.66530717	-0.50531712
0.58933101	-0.57047518	-0.03584297	0.53102743	0.12161004	-0.74209722
0.41859706	-0.09840102	0.05243423	-0.01889150	0.17515319	-0.29994307
0.69795771	0.00299181	0.00352348	0.54222970	0.20113918	-0.28355729
0.57859756	0.12917018	0.04322984	0.48014128	0.46465328	0.06803869
0.83498598	0.23163773	-0.02908544	-0.31402560	-0.09661471	0.30791626
0.73104220	0.16713905	0.04324335	-1.15484465	0.26237996	0.21016651
0.83794283	-0.06962364	0.16721184	-0.91405231	0.72766900	0.51090400
0.91113663	-0.00819714	0.12411310	-0.80914647	0.28759454	0.35068934
1.10710456	-0.46116218	0.16872352	-0.21057374	0.29490609	0.41918794
0.95728573	-0.04115648	0.23308494	-0.13682983	0.36652267	0.21255132
1.21081768	-0.09525578	0.12861573	-0.37178397	0.65134242	0.02238428
1.27989895	-0.28681245	0.11774458	-0.51003718	-0.19207812	-0.16198140
1.10350509	-0.24231938	0.26515072	-0.16803235	0.03036935	-0.12063855
1.38996610	-0.18843053	0.20335301	-0.80162276	-0.67697968	-0.01829036
1.31716449	-0.28920632	0.05200001	-1.16216312	-1.00699254	0.46151587
1.68573490	-0.52432831	0.00919446	0.04062270	-0.46058426	1.12726709
1.36472049	-0.56854712	0.07767046	-0.10029737	-0.19703576	0.49007524
1.37129597	-0.36524679	-0.00127766	0.00455194	0.05584516	-0.12871284
0.95028667	-0.52022323	-0.03747024	-0.26813769	0.40697649	-0.18409560
0.86958620	-0.31919920	-0.04914628	-0.81082956	-0.12741267	-0.35095640
1.00951365	-0.25736957	-0.09062920	-0.84005401	-0.76842925	0.08671518
1.02833238	-0.32399683	-0.05446907	-1.10118216	-0.74319713	-0.11653118
1.34190441	-0.24436386	-0.05957093	-0.82083958	-0.43255373	-0.25655793
1.13785446	-0.32094217	-0.14226463	-0.33341961	-0.66793611	-0.87939737
0.89550792	-0.30746183	-0.12974151	0.02256091	-0.25275340	-0.84237540
0.86789785	-0.39120361	-0.09779562	-0.29036001	-0.40822644	-0.88335884
0.96746316	-0.02955479	-0.10387661	-0.59524037	0.06428729	-0.84724911
0.65365029	-0.04078799	-0.11839880	0.38085739	-0.28280905	-0.68747889
0.43769179	0.25207397	-0.03884285	-0.83712241	-0.41063001	-0.06756802
0.49262669	-0.11536304	-0.12710012	-1.01882453	-0.13529374	-0.25257501
0.75899052	-0.08868885	-0.15486989	-0.83560632	-0.30288477	0.52854549
0.73204063	-0.21293079	-0.19847848	-0.51802539	-0.14765499	0.29185092
0.54345210	-0.23059223	-0.11561554	-0.76811647	0.31710313	0.33255295
0.80775207	-0.43501072	-0.21032476	-0.24433306	0.05789717	0.28660054
0.85908509	-0.35720252	-0.23722312	0.08303694	0.26296443	0.52958837
0.96318954	-0.47937529	-0.12019376	-0.09964060	0.10505824	0.32802398
1.20694619	-0.30404172	-0.14964501	0.40203644	0.27247346	0.53740859
1.34474065	-0.01651657	-0.15066254	-0.08770503	-0.09435515	0.70784420
0.89361636	0.04669028	-0.03520256	-0.77342912	0.56219437	0.11928985
0.99814219	0.23882011	-0.10727752	-0.99273896	-0.10175540	0.41087448
1.14804522	0.10043558	-0.06040701	-1.43255794	0.01367220	0.20932663
1.31021972	0.01855750	-0.04101746	-1.20068804	-0.42226000	0.08153254
1.21734903	0.06003747	-0.11071236	-0.71209533	0.09363409	0.17042597
1.55233577	-0.21023790	-0.06423851	-0.30450745	-0.18272568	0.00409907
1.69015028	-0.39431080	-0.20163427	-0.25464192	0.51839592	0.29737731
1.53505410	-0.50503726	-0.19034038	-0.62019342	1.77265551	0.05610340
1.73423823	-0.49013370	-0.26347275	-0.24918406	1.55637628	0.02265045
1.37975417	-0.29655265	-0.15419325	-1.23812576	1.00389439	-0.65847783
0.99851251	-0.35053806	0.01858982	-0.95194501	-0.28571527	-0.66470775
0.99256163	-0.34830153	0.02715507	0.19904586	0.34937312	-0.47269510
1.06520070	-0.30190756	-0.17491999	-0.35375885	1.02212425	-0.13468146
1.14991598	-0.14841651	-0.19619195	-0.63725155	0.91945126	-0.37822383
1.08349563	-0.01915601	-0.07879059	-1.29126787	0.21473022	-0.84208462
0.91030883	-0.21370103	0.04213120	-1.02879965	0.08168426	-1.10131314
0.80999483	-0.01031725	-0.07420351	-0.61042018	0.03472268	-1.05523588
0.76541516	-0.28237417	-0.03922397	-0.61616222	0.70653959	-0.56019863
0.68017347	-0.44270309	-0.10660774	-0.38671223	0.51752170	-0.41222189
0.47745862	-0.29444088	-0.06651210	-0.46793533	0.90068641	-0.25400965
0.74958942	-0.08930152	-0.02046295	-0.83133072	0.24958360	0.12573742
0.47777728	-0.27452115	-0.05986790	-0.36382143	0.39880413	-0.13971384
0.35003351	-0.31560122	-0.02018065	-0.15943032	0.50982482	-0.01354775
0.41763958	-0.12608915	0.04481655	-0.35822340	0.01309217	-0.13674129
0.69735829	0.10764943	-0.03403867	-0.25003372	0.82288057	0.46796508
0.70333975	-0.00055134	0.04275037	-0.70107510	0.50850959	0.38015260
1.09044495	-0.26424877	0.07290042	-1.00774698	0.33545557	0.56447329
0.95101981	-0.19491161	0.06347137	-0.62332670	0.20732890	0.63941995
0.96590550	-0.10743464	0.04013746	-0.49970682	0.02279855	0.50645984
1.06816776	-0.09951873	0.23442696	-0.57761207	0.91066064	0.43540036
1.07453915	-0.17269073	0.14415809	-0.64524697	0.34405910	0.38968290
1.37267595	-0.19019946	0.11267904	-0.11956785	0.18553376	0.25440318
1.44940184	-0.04368898	0.10081846	-0.22705348	0.11571848	0.08625277
1.22145639	-0.16656842	0.13442635	-0.06753964	-0.28450084	-0.18588655
1.31484611	0.03592058	0.25447374	-0.25743554	-0.13109014	-0.06949874
1.45308555	0.07680917	0.16466233	0.25370283	-0.33843485	0.39275729
1.70350419	-0.27630960	0.05869679	-0.06876503	0.03186887	1.24928201
1.53191771	-0.42872062	0.03331401	-0.80846580	-0.60259591	1.05905066
1.44709024	-0.46600320	0.03043780	-0.53029599	-0.61488200	0.69429059
1.14143645	-0.34010132	0.00593085	-0.25422243	-0.41098327	-0.31036661
0.99661940	-0.54817968	-0.06220000	-1.21770757	0.40358459	-0.13241678
1.01412290	-0.30882601	0.00507686	0.01748625	0.15638522	-0.33856965
0.84717783	-0.40889235	-0.12980031	0.11077265	-0.49774572	-0.13189911
0.89820988	-0.19331775	-0.00759421	-0.28419918	-0.56377005	-0.17448551
1.04757343	-0.21247591	0.00778283	-0.04862511	-0.56789340	-0.30419018
1.15695087	-0.19773648	-0.05031051	-0.70571173	-0.11147191	-0.05449592
