1.00373122	0.00743451	0.17412458	-0.04352811	-0.04109518	0.02097082
1.00560207	0.00388619	0.17476205	-0.01177856	-0.04587535	0.01182673
1.00668118	0.00388801	0.17321030	-0.01395423	-0.03905784	0.01665334
1.01407681	0.01320149	0.17202188	0.04163653	-0.01064453	0.03548772
1.01667038	0.00780419	0.17902032	0.02312474	-0.02497382	0.00102141
1.01920187	-0.00209287	0.16310150	0.06520725	-0.00682081	0.00992447
1.01872365	0.01273307	0.16461369	0.07573019	0.01536850	0.03395581
1.01026453	0.00522953	0.16266325	0.04367557	-0.01290930	0.04503029
1.01855306	-0.00070856	0.17469689	0.05790708	-0.00152314	0.03082890
1.00962251	0.01356997	0.17778394	0.03965765	-0.01003724	-0.00522566
1.01256529	0.01845804	0.17005369	0.02333896	-0.04534772	0.02230681
1.01599201	0.03236369	0.16628107	-0.00691137	-0.01081473	-0.01513596
1.02106958	0.02265679	0.17035513	-0.02149365	-0.01060885	-0.00103971
1.01778596	0.02689748	0.16764563	0.01617146	-0.00984581	-0.00362286
1.00222840	0.04456634	0.17650277	-0.02655572	0.01026406	-0.01925930
1.00059760	0.02899420	0.18255623	-0.02105222	0.01732647	0.00337588
0.99746715	0.02933150	0.19766342	-0.05079477	-0.00130118	-0.00982007
0.98844100	0.01616822	0.18261243	-0.04196974	0.01443739	0.01574722
0.99736358	0.00852072	0.16509588	-0.04523532	-0.02353130	0.00118006
1.01255675	0.00781061	0.18426421	-0.02503834	-0.12200672	0.07434651
1.02390329	0.00017735	0.15931350	-0.02699265	-0.09693219	-0.00580712
1.02118566	0.00198813	0.16962716	-0.02236521	-0.03432573	0.02830747
1.02971301	-0.01347167	0.15494300	-0.04262781	-0.02753568	0.01663177
1.01221847	0.00279122	0.16618487	-0.02798756	-0.00449195	0.04718579
1.00448473	-0.00175914	0.17800618	-0.01872329	-0.06283128	0.00804394
1.00591863	0.00143320	0.18787227	-0.01230900	0.00879883	0.02186597
1.00290748	0.00635781	0.17356163	0.01166194	-0.03054714	0.00843103
1.01854015	0.01629522	0.16116969	0.02372144	-0.04068919	0.00531715
1.02152136	0.01228550	0.15398968	-0.00295043	-0.01655454	0.02886899
1.02249004	-0.01333718	0.15796478	0.00076080	-0.02890034	0.06222594
1.00577962	-0.00000313	0.16807219	0.00886101	-0.02157019	0.04876291
1.00879114	-0.01137375	0.16041979	0.01797019	-0.03992334	0.02659380
1.01266894	-0.01018702	0.16852299	0.00754528	0.04187954	0.00647411
1.01888122	0.00857378	0.17504734	0.02625800	0.03691116	-0.02298599
1.01550719	-0.00575286	0.17484453	-0.02424831	0.00091015	0.01065532
1.00098431	0.00197682	0.18727792	-0.01818662	-0.04056384	0.00817024
1.00274322	-0.00413961	0.16150883	0.00222349	-0.04009504	-0.02649548
1.00740586	-0.00607943	0.16927617	0.03116760	-0.00900539	0.00884432
1.01697234	-0.00161649	0.16438327	-0.00736644	0.00553829	0.01637725
1.00960227	-0.00817833	0.16840994	0.03067554	-0.02348806	-0.01888738
1.00296047	-0.01245536	0.16148585	0.00236578	-0.01839337	0.04682613
1.00267889	-0.02685409	0.17362646	-0.00294086	-0.02764152	0.03845566
1.01020012	-0.01672066	0.15761576	-0.00151707	-0.05337022	0.03721560
1.00911635	0.00536384	0.15510381	0.04196899	-0.01151261	0.03060021
1.01574995	0.00876634	0.16740265	-0.01065551	-0.03900415	0.05453106
1.00610345	0.01351322	0.16041569	0.03943855	-0.01096322	0.07373947
1.00694713	-0.00251544	0.16157842	-0.01637792	-0.03610438	0.06468134
1.00458352	-0.00405157	0.17426341	-0.01467430	-0.05600164	0.05295347
1.00725741	0.00499304	0.16326365	-0.02477928	-0.05298566	0.04654455
1.01525644	-0.00143118	0.16512922	-0.00539542	-0.05445004	0.04430130
1.01205507	-0.01296273	0.15558694	-0.05728060	-0.07230400	0.04808394
1.00444840	-0.01374097	0.15552111	-0.01176522	-0.06956656	0.02905328
1.01134796	-0.00435616	0.16182418	-0.00682435	-0.02250745	0.02881439
1.02146709	-0.00550112	0.15032539	0.01711957	-0.00234762	0.00190131
1.01738349	-0.01067712	0.15415848	0.00423832	-0.01981931	0.04665896
1.00914518	-0.01458736	0.15442387	0.03602564	0.01342557	0.04938123
1.01426198	-0.03585806	0.15581990	0.03665967	0.08863458	-0.00199233
1.00448707	-0.01784393	0.15846139	0.02337599	0.10266828	-0.00504609
1.00520124	-0.01363471	0.16435475	0.03965859	0.06394822	-0.01898556
1.00725075	-0.01124634	0.15468122	0.00313392	0.02380763	0.03204055
1.01413446	-0.02681281	0.15202877	0.03080585	0.04222015	0.04385194
1.02479213	-0.03188659	0.15604087	0.05655238	0.04005691	0.06046385
1.02483343	-0.06376092	0.17452869	0.01656707	0.05551225	0.01709784
1.01250969	-0.03668813	0.18098704	0.05769271	0.09252921	-0.03766636
0.99799697	-0.01165157	0.17817189	0.04038335	0.06808804	-0.05682523
0.98885091	0.01384268	0.17678756	0.07770609	0.03881535	-0.02758031
0.99817385	0.01434413	0.16106656	0.05923751	0.06666933	-0.01537570
0.99673638	0.01090112	0.16397347	0.05975120	0.08925286	-0.04213222
1.00320998	0.00324795	0.19743674	0.06908741	0.06072232	-0.04136840
1.02281662	0.01855986	0.21773935	0.10479054	0.05164455	-0.06438810
1.03355854	0.00817530	0.18987069	0.12267710	0.02734631	-0.08357054
1.02814950	0.03453304	0.20142115	0.12762249	0.03608221	-0.02751752
1.01691427	0.02540418	0.19308169	0.05918854	0.10674297	-0.05780077
1.00564648	0.02124038	0.18874772	0.05248491	0.10131908	-0.07243901
1.00119024	0.00880973	0.19697593	0.00533927	0.05764420	-0.09780429
0.99818768	0.00411920	0.19156032	0.05814305	0.02258325	-0.08516350
1.00100374	-0.00894960	0.18675576	0.07700895	0.00004994	-0.06856226
1.01517891	0.00456823	0.17141435	0.01930329	0.06482302	-0.06725070
1.01135910	-0.00450888	0.15977451	0.02345829	0.03938469	-0.09195381
1.01046876	-0.00476640	0.17242683	0.00458813	0.12598598	-0.11661931
1.00762003	0.00393553	0.18722430	-0.01999521	0.08744623	-0.07921684
1.00287660	0.02501807	0.19715364	-0.00570892	0.08359713	-0.04558769
1.00911613	0.01144525	0.19824604	-0.01367166	0.06567853	-0.06657634
1.00425543	0.01746118	0.18605139	-0.01273714	0.06957441	-0.03662410
1.00609561	0.02023022	0.19244023	0.02563773	0.07716560	-0.02519451
1.01135232	0.02356943	0.18969151	-0.03932847	0.05817705	-0.03838366
1.01569603	0.00556089	0.18914809	0.01995006	0.03847688	0.01720259
1.01704252	0.02020934	0.18881666	-0.03415940	-0.00639126	-0.00808915
1.00131813	-0.00217323	0.19396285	0.01390277	0.03326676	0.04573122
0.99941499	-0.00206389	0.20162813	-0.03010652	0.03297902	0.03768091
1.00579283	0.02046830	0.21448515	-0.04086106	0.00290442	0.02074541
1.00178140	-0.00094085	0.20122362	-0.00716118	0.02125675	0.06511630
1.00701089	-0.01248198	0.21239707	0.00833908	0.04600229	0.05128929
1.00225724	-0.00544088	0.21889187	-0.03439014	0.03553265	0.01553751
0.99542021	0.00955250	0.22336466	-0.03681101	-0.00621931	0.04079852
0.99982328	0.01865022	0.22555064	0.00675507	-0.01812267	0.05329406
1.00260682	0.00349246	0.19671336	-0.00286668	-0.04099160	0.07953188
1.00278774	0.00389462	0.21293115	-0.01277871	-0.04538390	0.05455427
1.00391435	-0.00916956	0.21387705	0.04732906	-0.06046284	0.06182309
1.00802107	0.01080250	0.21580089	0.00360009	-0.08093123	0.05656671
1.01011675	-0.00328908	0.21642666	0.04481044	0.00272586	0.04243828
1.01101640	-0.00629693	0.19999287	0.01830749	-0.05354218	0.02026405
1.00847559	0.01237509	0.19517156	0.06142923	-0.02744932	0.04760020
1.00346489	-0.00629009	0.19334815	-0.01449036	-0.03128916	0.02722222
1.00623987	-0.00088537	0.19475578	-0.01731973	0.02166013	0.02216578
1.01063265	0.02318493	0.20553770	-0.00038460	0.02186418	0.04282113
1.00667198	0.00683864	0.20580153	0.00788833	-0.01381126	0.01790476
0.99901868	-0.00645570	0.18765880	0.02449247	-0.03679799	0.01154663
1.00264549	-0.00275718	0.18353417	-0.00975665	-0.01122652	0.00574446
1.00257676	-0.00490549	0.18292894	-0.00021744	0.01795837	0.01842988
1.00325761	-0.00541607	0.20064612	-0.02289651	0.03467112	-0.01779576
1.00796924	-0.00344108	0.19057928	-0.02746147	0.02188607	0.01330337
1.00463870	0.00373274	0.19060712	-0.01210974	-0.00621532	0.03705725
1.00761130	0.01724706	0.19580764	0.02217309	0.00969995	0.04592444
1.00389773	-0.00776979	0.19932110	0.00961213	0.02564045	0.02711913
0.99805021	-0.00955311	0.20791463	0.01646666	-0.00524764	0.05583907
0.99340778	-0.01186557	0.20432510	0.03625957	-0.03741119	0.00947513
1.00699313	-0.00088168	0.20278228	0.01213954	-0.07648475	0.05342912
1.00746359	0.00989662	0.19699795	0.00923146	-0.03939265	0.02298571
1.01574435	0.00061466	0.20033962	0.02155041	-0.07206561	0.03118550
1.00624830	0.01832430	0.20777727	0.02517412	-0.07386382	0.03991500
1.00878743	-0.00163918	0.19278052	0.01005008	-0.08786332	0.05279883
1.01318349	0.01695025	0.19477999	-0.01904515	-0.10222110	0.04353006
1.00964935	-0.00065688	0.19673122	-0.00373901	-0.04933421	0.04619973
1.01144613	-0.00348034	0.19542799	-0.00014549	-0.07859889	-0.01397744
1.01205509	-0.02646539	0.18973115	0.03443533	-0.06941734	0.00942352
1.00230326	-0.00023013	0.21628011	0.02448489	-0.05334600	0.01693039
1.00716275	0.00612806	0.19487478	0.04172433	-0.06607280	0.02082193
