1.33965025	-0.42148437	-0.00280069	0.50359314	-0.29004792	0.06320305
1.09813161	-0.44186862	-0.15664500	0.00545668	0.19546736	0.54739580
1.29079503	-0.53602216	-0.16378348	-0.40151999	0.39667179	0.04177048
1.02218395	-0.59759745	-0.09705332	-0.14704955	0.00198034	-0.44271018
1.07989069	-0.44315700	-0.05291239	-0.28049852	-0.77094216	-0.90148787
1.38566284	-0.28885210	-0.01396873	0.14880974	-0.38176409	-0.18485776
1.46903192	-0.19496633	-0.02984286	0.14779235	0.62142391	0.23125948
1.37830910	0.04346980	-0.14944465	-0.38530130	0.77230198	0.11709669
1.08435399	-0.06736671	-0.07310100	-0.44503097	0.62965453	-0.07927412
0.81142487	0.08944636	-0.00456456	-0.51890525	0.62629622	0.05124091
0.55139102	0.04663121	0.00310483	-0.99990069	0.08193835	-0.00646510
0.41974145	-0.17612495	0.10256068	-0.88254288	0.22987017	0.12872878
0.36777139	-0.09272997	-0.01913505	-0.89023281	0.53771152	0.09021184
0.66115893	-0.10965184	0.04279291	-0.76058156	0.47134133	0.08466380
0.57931186	-0.32367918	0.10944033	-0.71196302	0.16949072	0.25909155
0.53024834	-0.05593848	0.16713745	-1.22810596	-0.23960438	0.05285571
0.48508053	-0.21490581	0.09312115	-0.62939313	-0.51333399	-0.14991724
0.78247691	0.08084834	0.02107530	-0.49530504	-0.23189553	-0.23513046
1.00665518	0.01860149	0.10760099	-0.24254359	-0.09508766	-0.35150644
0.78723984	0.03669835	0.20112952	-0.37306048	0.15968360	-0.19002779
1.07661706	0.02404876	0.25014218	-0.53498364	-0.01848615	0.07547612
1.10946769	-0.11776654	0.17933311	-0.13012121	-0.37148938	-0.01412104
1.46976721	-0.10015934	0.04201279	-0.17076785	-0.33516177	0.15295411
1.65711286	0.02559129	0.13810257	0.48814049	0.29894742	0.23187202
1.84619389	-0.00679809	0.14999464	0.28848668	0.78327632	-0.29443478
1.58921916	0.27843884	0.16685504	0.26254314	0.13050760	-0.06198594
1.21437533	0.26607761	0.18241451	0.33270456	-0.90579919	0.33668740
1.15118077	-0.10881774	0.02592068	0.40459116	-0.54837991	1.09745273
1.19758272	-0.29420121	-0.20080195	0.18792134	-0.25743877	1.03130384
1.05538666	-0.49729090	-0.12989089	-0.35296457	0.29543976	0.41337361
1.11511412	-0.61523681	-0.06321013	-0.35685495	1.02598335	0.23348004
1.25657296	-0.44383180	-0.08511590	-0.46907793	0.85484137	-0.63792439
0.87228145	-0.22846571	0.12805874	0.05413565	0.55580526	-0.27619281
0.69054580	-0.11850702	0.10539657	0.83898501	-0.34638990	0.10284412
0.67637474	-0.26511392	0.09386167	0.60734269	-1.39508558	-0.15066003
0.74185155	-0.20317588	0.00137825	0.02707996	-1.19705261	-0.05160945
1.02915323	-0.06592095	-0.08766293	0.20930497	-0.37006094	-0.11071951
0.95172077	-0.28243974	-0.09502552	0.61199640	-0.81313261	0.25258057
0.65654467	-0.07829287	-0.15770896	0.89218544	-0.07049357	0.43397913
0.80212487	-0.10717150	-0.18001573	0.90507329	0.12654266	0.48523917
0.60132695	-0.09756077	-0.14311163	0.95071161	-0.03640903	-0.03396923
0.85376897	-0.19324779	-0.20855608	0.78998294	0.06730204	-0.28454981
1.04736186	-0.19580393	-0.10375539	0.39174667	0.20980571	-0.23533680
0.83929356	0.02005542	-0.12048233	0.37110808	0.59201797	-0.05282236
0.97890952	0.03900468	-0.12032950	0.10940102	0.49964739	0.00364542
0.92842906	0.14623217	-0.00603940	0.03118003	0.71730700	-0.06226987
0.89736714	0.09984730	0.03388874	0.47436339	0.43209062	-0.10185104
0.89240576	-0.04173377	0.07240925	0.57317369	0.11938559	0.22177305
1.14581967	0.10122318	0.10452153	0.78607105	0.31663151	-0.12249241
1.35193494	0.14484227	0.11108366	-0.14294930	0.04357242	-0.22841392
1.21008246	0.17638079	0.07866864	-0.33530546	-0.20853341	-0.34970877
1.30580875	0.03763799	0.16277599	-0.80483948	0.18369038	0.04890239
1.41469379	-0.04014573	0.10502040	-0.18079020	0.41426992	-0.16985096
1.09378148	-0.38271007	-0.00540320	0.28275477	-0.23911458	0.11094915
0.98034056	-0.49882394	-0.17267910	0.27350896	0.11038330	0.07758779
1.16993461	-0.51375247	-0.03331387	-0.55630918	-0.06781254	-0.31671241
0.89114323	-0.48861240	-0.12081319	-0.26994461	-0.69873167	-0.55099543
1.25131518	-0.24598807	-0.03137462	-0.41822346	-0.92377937	-0.69253738
1.74693489	-0.14733330	-0.10130140	0.06429481	-0.51872993	-0.71705654
1.54992844	-0.10382702	-0.07637558	-0.27860420	0.42799288	0.06346675
1.36706329	0.07478264	-0.12647602	-0.52186449	0.78642562	-0.03741608
0.90502036	-0.10880623	0.02695102	-0.42501850	1.17715234	0.16083246
0.80471681	-0.19789687	-0.05580179	-0.61415210	0.67104359	0.35483097
0.81772254	-0.02202050	-0.02260838	-0.53522550	0.01365316	0.50795836
0.57028162	-0.18420316	-0.01484687	-0.89386968	0.13688974	0.17827486
0.55104102	0.05145820	-0.01377760	-0.82802453	0.43612553	0.54913636
0.47797654	0.00941382	0.19170305	-0.77167850	0.33124652	0.12125142
0.34204984	0.08703689	0.11936804	-1.27564870	0.07518426	0.36646879
0.52990045	-0.06356097	0.13867656	-1.04804009	-0.07296068	-0.18128442
0.60235388	-0.05034062	0.13592567	-0.69301344	-0.50406459	-0.06551678
0.89039073	-0.18031801	-0.00761886	-0.49553197	-0.11053176	-0.23841834
0.61732851	-0.06653233	0.09530495	-0.14210573	-0.35785631	-0.26921574
0.86972463	-0.21647483	0.14464301	-0.38355192	0.22084010	-0.37990991
1.02257019	-0.02683168	0.17074814	0.08655193	-0.24599002	0.12442434
1.43751539	-0.00120345	0.15195216	-0.30238837	-0.15678637	0.56473705
1.16177820	-0.11649917	0.13501496	0.00416669	-0.35841150	-0.04895558
1.45413776	-0.16081783	0.15560159	-0.11463197	0.27489743	0.22542203
1.54883418	-0.10937002	0.24731621	0.18860636	-0.20187382	-0.89355417
1.33367772	0.41012780	0.14937762	0.28106413	-0.02008798	-0.70957301
1.42986562	0.21685956	0.19645064	-0.16611218	-0.28427041	-0.00606768
1.30004141	-0.07008163	0.04870828	0.42067354	-0.77090637	0.53345613
1.14186775	-0.23494019	-0.05002260	-0.19525426	-0.64295353	0.70784271
1.23873349	-0.38931100	-0.02801991	-0.00104464	-0.35725009	0.27123678
1.27892146	-0.61530018	-0.09541121	-0.36712074	0.15098672	0.38339120
1.24048195	-0.67128611	-0.10634488	-0.15365102	0.91155190	-0.44727993
1.06077196	-0.78908637	-0.08300720	-0.16455731	0.76006153	-0.36944028
1.23804912	-0.44882021	0.01966427	0.25424783	0.32451239	-0.27841429
1.03250167	-0.30726493	0.10612310	0.39474035	-0.28856310	-0.43243738
0.65230342	-0.14188395	0.18756321	0.42255066	-0.34846611	-0.08778388
0.90946078	0.02854129	0.08975444	0.86687505	-0.90259393	0.54672234
0.75228355	-0.28352994	-0.09247993	0.76277110	-0.78093021	0.29278303
0.79959524	-0.24523251	-0.10399384	0.93405760	-0.59586933	0.19636797
0.78578736	-0.01966296	-0.05713094	0.92376026	-0.03042634	0.14851062
0.82233142	-0.20133609	-0.09609989	0.75020155	-0.07222871	0.24638676
0.61550440	-0.08606912	-0.19105940	0.78831222	-0.27269173	-0.00775114
0.73741169	-0.16500497	-0.12293390	0.90431943	0.14420449	0.33738076
0.80195986	-0.17292370	-0.10030531	0.73492978	0.08095986	-0.12897694
1.08271446	-0.08284851	-0.15031887	0.52296193	0.81218481	-0.13671370
1.22481492	0.06187856	-0.08135360	0.23351819	0.74835811	0.10421691
1.05305477	-0.05405426	-0.03398811	0.52290713	0.56195447	0.36363160
1.04312788	0.01565551	0.06626117	0.46775356	0.15753524	-0.02329063
0.94005639	-0.01673230	0.16025450	0.97175561	-0.21369747	-0.13434321
1.02972777	0.13423704	0.10393222	0.80534148	0.18096764	-0.01266474
1.27488342	0.13357531	-0.03545828	-0.05138888	0.41974609	-0.07445161
1.35223486	0.30766365	0.10415256	-0.02057174	0.57042903	-0.30119262
1.18181747	0.24893040	0.13484651	-0.63148117	0.07647842	-0.22855242
1.23296637	0.15141022	0.10761882	-0.03846880	0.01889985	0.07734003
1.16683453	-0.25957188	0.14008062	-0.17416238	-0.13257148	-0.01764031
1.15660097	-0.37053036	-0.03928860	0.17832493	-0.16584327	0.30957128
1.06676942	-0.46977579	-0.11505727	-0.36607529	0.04166355	-0.06312013
1.08982847	-0.49886326	-0.07771527	-0.78804913	-0.00318240	-0.36508782
0.93686214	-0.41886342	-0.06531394	-0.44655756	-0.29301623	-0.29016580
0.97787996	-0.33382698	0.07708707	-0.35156575	-0.72954202	-0.33713485
1.57931066	-0.06697693	-0.10462866	-0.12932376	-0.42400511	-0.11826975
1.42154527	-0.16046390	-0.15983227	-0.37208300	0.90637665	0.61291856
1.30927957	-0.14985866	-0.20743508	-0.59945799	0.68346960	0.15890529
1.19362489	-0.03734274	0.09652295	-1.08747154	0.76028609	0.33208791
0.79473455	-0.11711474	0.07445218	-0.98995735	0.30758949	0.35585833
0.62730652	-0.21118937	0.03890594	-0.78238220	0.00718257	0.42579508
0.41972019	-0.08125300	0.10978355	-0.75825296	-0.10582437	0.43525871
0.71954144	-0.07646163	0.00524940	-0.92343401	-0.15536014	0.40952879
0.51899789	0.02146606	0.13760832	-0.72383249	0.51042940	0.18363223
0.75137276	0.00341469	0.08203249	-0.50493255	0.07429338	0.52680169
0.90652858	-0.17051003	0.04031590	-0.58032814	0.29440430	0.19909652
0.43655651	-0.13469646	0.16610412	-0.75485817	-0.12283088	0.06553627
0.95802025	0.05284920	0.11035347	-0.17182023	-0.33958691	-0.20095695
0.78350281	-0.14698678	0.11485095	-0.46446640	-0.16328614	-0.20870704
0.88864867	0.07430115	0.21411473	-0.03401548	0.29291981	-0.36148857
