0.61244950	-0.09651828	0.05325058	-0.72352526	0.35446160	0.53549116
0.44373929	-0.06845040	0.04803344	-0.84092400	0.75997670	0.60733227
0.58814341	0.06752148	0.08789492	-1.06804579	0.25625851	0.54937703
0.35630210	-0.28702468	0.13430508	-1.33780784	-0.46780009	0.23263086
0.63342957	-0.02828217	0.10522642	-0.75498663	-0.64201721	-0.00687166
0.68342967	-0.20876239	0.17215071	-0.76739811	-0.22053502	-0.12121332
0.95008903	-0.36572828	0.14167894	-0.81526711	-0.89596869	0.03740258
0.87314072	-0.02436759	0.13742404	-0.40533819	0.26031966	-0.10145833
1.03995767	-0.18310001	0.18756671	-0.52067249	0.05103863	-0.23556580
1.06191311	-0.03687787	0.08018083	-0.12042469	0.09134532	0.10833931
1.25363164	-0.07505938	0.10302350	-0.31051844	0.08880850	-0.10504269
1.23935844	-0.27021334	0.15087975	0.04944237	0.05788101	0.66962983
1.37819866	-0.18529430	0.11409927	0.28211095	-0.14822655	0.02218233
1.71203779	0.07326944	0.18095755	-0.15065624	0.16212751	-0.52265166
1.35372530	0.09862927	0.17940225	0.36274678	0.12803128	-0.65764988
1.10683493	0.25563023	0.07965385	0.11240649	0.03915949	-0.03982837
1.22865177	-0.22490570	0.10124686	0.08976589	-0.67924681	0.47321859
1.18852836	-0.44506442	-0.07571511	-0.13141638	-0.30993434	0.69647042
1.30623855	-0.30512022	-0.06093565	0.07699031	-0.49877879	0.56970595
1.32608495	-0.45501403	-0.09657427	-0.21348325	0.23967658	0.25131634
1.22048023	-0.50799858	-0.07198142	-0.15691356	1.00645559	-0.37540163
1.21768508	-0.61151900	-0.10902993	-0.38308335	0.83217226	-0.41337509
1.15034565	-0.46424685	-0.06260283	-0.14108362	0.15840121	-0.20686182
0.98745387	-0.08197626	0.13692739	-0.05596520	-0.35367570	0.04297551
0.99284095	-0.07386809	0.12923914	0.71054927	-0.05728243	0.20327138
0.77233321	-0.04273077	0.05524631	0.67054461	-1.02265466	-0.37183047
0.72299868	-0.10562347	-0.12018647	0.81267241	-0.82771800	0.23354499
0.74175085	-0.39634888	-0.02096323	0.95722263	-0.65281650	0.40333281
0.64290268	-0.30773222	-0.05223083	0.46660414	-0.20883050	0.64372134
0.56945463	-0.23798504	-0.03900969	0.47016006	-0.88247724	0.17418545
0.80652323	-0.19492353	-0.10333632	0.59832497	0.01687379	-0.12103904
0.54675435	-0.19280671	-0.12414022	0.70574319	0.04841150	-0.07312776
0.83964186	0.05715102	-0.07487226	0.66764550	-0.11380971	0.30608508
1.07417415	-0.13958734	-0.07216668	0.32459684	0.51616587	0.22023234
1.18150202	-0.07016773	0.01243641	0.64936583	0.93928286	0.20923565
0.81107890	0.11879776	0.00779271	0.68428133	0.54226347	-0.03028479
0.84643337	0.09558970	0.09944081	0.68983128	0.38183641	0.02917696
0.87113424	0.01988197	0.15362613	0.52063529	0.28209786	0.11579426
1.00918548	0.02985649	0.12371805	0.40625699	-0.04422761	-0.01616248
1.59059557	0.17323724	0.06682007	0.38690394	-0.11232274	0.03786897
1.33229318	0.21443617	0.11309355	-0.41087058	0.40780845	-0.04584027
1.23682996	0.14284722	0.08869267	-0.69195967	-0.14085183	-0.52059655
1.23993943	0.32872821	0.24675243	-0.40764901	-0.35669626	-0.34282414
1.05361607	-0.14141691	0.20733797	-0.00747389	-0.30183105	0.12956075
1.10447398	-0.39880136	-0.00172575	0.09096433	-0.06295612	0.33009939
1.07303622	-0.49972942	-0.17123504	0.00994966	0.10090081	0.04811679
0.99858827	-0.40754106	-0.12474286	-0.62265149	-0.29087527	-0.54477003
0.90605678	-0.52570288	0.13396302	-0.52507935	-0.44938826	-0.42893680
1.10104263	-0.22671909	-0.02528858	-0.15704427	-0.65385780	-0.61646847
1.57120662	-0.27517997	-0.04229329	-0.16921096	0.11551449	-0.17389250
1.40230694	0.01101080	-0.21300827	0.07548138	0.27138622	0.05618469
1.23987192	0.13580101	-0.14094081	-0.40120564	0.03290573	0.20593406
1.17053595	-0.03254866	-0.10624180	-0.73743601	0.71800189	0.22029647
0.98029826	0.00929634	-0.00738333	-0.84526782	0.54262329	0.40539246
0.37193671	-0.14525347	-0.02317437	-1.30180048	0.57706845	-0.07167079
0.61702118	-0.02827340	0.13865402	-1.03178408	0.01018183	-0.01781196
0.69550405	-0.06443259	-0.01013917	-0.56568354	0.70127278	0.47846093
0.72604112	0.04816304	0.03463489	-0.73112456	0.16498858	0.11603318
0.77098225	-0.14968423	0.15062604	-0.73810272	0.47159645	0.08261202
0.72136453	-0.09500388	0.11612403	-0.69098283	0.00825270	0.32242680
0.67219472	-0.19988986	0.16528869	-0.74013832	-0.06751120	-0.14586060
0.49968517	-0.27649583	0.09549217	-0.79468036	-0.61611389	-0.10167068
0.91496201	0.07248300	0.07621964	-0.67368890	-0.27465638	0.01798435
0.94879894	-0.14710743	0.25846274	0.11256019	-0.01524335	-0.13331703
1.06427743	-0.00626386	0.19072387	-0.67950496	-0.00043385	-0.07537155
1.21325300	0.06730373	0.09196889	-0.40254125	0.39098000	0.12716901
1.32735543	-0.32894543	0.20238575	-0.03964233	0.31651853	0.02678313
1.21437454	-0.14269735	0.05490179	-0.15313807	-0.33672908	-0.56837195
1.46857072	0.11363905	0.19954934	0.86835966	0.02160164	-0.47979541
1.38591379	0.16021966	0.19813966	0.17609578	0.31809342	-0.97116389
1.19901400	0.34588067	0.08584217	0.46663219	-0.29431637	-0.11868631
1.19537294	0.28064826	0.04385440	0.07225776	-0.90225175	0.47087766
0.85263034	-0.30131795	0.02049196	0.15098038	-0.62771017	1.12880801
0.77773125	-0.58547709	-0.17325952	-0.08285415	-0.72188000	1.06056868
1.24882455	-0.56155910	-0.31581849	-0.05357231	-0.26783540	0.64979431
1.04530712	-0.77035228	-0.23690140	-0.37174931	1.47325760	-0.08833938
1.36965140	-0.50337971	-0.06418592	-0.14824359	1.65370105	-0.53784990
0.99781744	-0.42733827	0.00994403	0.48562005	0.10052843	-0.92904050
0.74275433	-0.09141574	0.18636240	0.65922491	0.00635556	-0.63172305
0.82362794	-0.02204541	0.16485866	1.26424615	-1.30888758	-0.16439582
0.56950297	0.23327534	0.12233179	0.87619199	-1.28555400	0.05837641
0.83901817	-0.07195247	-0.11896579	0.57118891	-0.73366777	0.30980044
0.79824666	-0.13578386	-0.23917599	0.70600049	-0.75196251	0.58136955
0.74897365	-0.16354291	-0.06627886	0.30433120	-0.14465637	0.43300889
0.82949179	-0.10960046	-0.15639266	0.55061889	0.11783630	0.27210043
0.90260338	-0.27843301	-0.00841811	0.60863084	0.51939716	0.09516601
0.68832501	-0.22531334	-0.06761553	0.38315197	-0.69314873	0.00705116
1.16602683	-0.02523032	0.00632410	0.50447489	0.06574837	-0.01355925
1.08315457	-0.01220586	-0.10858112	0.66027427	0.06611934	0.15525686
0.92308341	0.10334542	-0.14240098	0.49590469	0.39697257	0.16526683
0.90576094	0.00952443	-0.01171112	0.28552021	0.72542537	-0.05172158
0.94267883	0.06736865	0.02634422	0.27347411	0.71504693	-0.12267076
1.26725543	0.21641595	0.04331076	0.18854234	0.34911242	-0.47414453
1.31468184	0.12463598	0.13818681	0.15702301	0.14636924	-0.15026707
1.36083255	0.10135945	0.05127806	-0.24071606	0.43149868	-0.23203262
1.05545479	0.22796189	0.14439150	-0.32974923	0.09603267	-0.02102369
1.18839146	0.15995573	0.17108193	-0.77356333	0.09979129	-0.50840268
1.14178505	0.10933937	0.20256395	-0.53461051	-0.64835261	-0.53637537
1.09619201	-0.09230744	0.22878453	0.18845864	-0.43157914	-0.38553286
1.19730470	-0.21151827	-0.10706583	0.58313704	-0.26220346	0.22785061
1.16238180	-0.41060618	-0.34428340	-0.15956377	0.31451555	0.38379198
1.14208282	-0.30333351	-0.18741232	-0.78251572	0.21370103	0.23650324
0.95456450	-0.39320523	-0.00662434	-0.76348244	-0.21396237	-0.53535604
1.03536998	-0.27194903	0.13395670	-0.41665840	-0.92918094	-0.66710071
1.38861623	-0.21646840	0.04914084	0.11583032	-0.84825655	-0.52944034
1.39451733	-0.28934939	-0.02554331	-0.47053169	-0.20167471	-0.08290013
1.54129579	-0.26831065	-0.24985154	-0.46827335	0.53300503	-0.00129506
1.11198910	-0.04466273	-0.19815870	-0.63702689	1.09005179	-0.17235250
0.76195649	-0.24537745	-0.01747238	-1.03083124	-0.10466230	-0.10575289
0.76687092	-0.01098354	0.06014795	-0.98412244	-0.28810041	0.45571699
0.41912707	-0.02654709	0.04621603	-0.38007355	0.08314315	0.50534631
0.53951966	-0.21614335	0.10798703	-0.72900151	-0.19232819	0.34356953
0.56472370	-0.23003675	0.15749032	-1.09369913	0.37031475	0.10858008
0.62512459	-0.16050295	0.11967055	-0.54014828	0.18551464	0.52565437
0.51976948	0.04067305	0.12268869	-0.97982805	-0.37515009	-0.02717205
0.59469772	-0.14011471	0.19521885	-0.72267899	-0.55678096	0.02186013
0.65270059	-0.08712938	0.03737956	-0.21030690	-0.20689740	-0.12554187
0.81098372	0.14895627	0.04959060	-0.42559859	-0.30299270	-0.15485584
0.89004356	-0.11597839	0.18863017	-0.24690350	-0.34402863	-0.30681952
1.08957318	-0.00298289	0.11791070	-0.42157056	-0.85056733	-0.02769430
1.43286078	-0.01783072	0.11882304	-0.67338365	-0.15446217	0.39994426
1.27259363	-0.02019671	0.16971473	-0.34849579	0.00084257	0.33677502
1.16483877	-0.26086398	0.12374104	-0.22965568	0.33397608	-0.24907494
1.44251222	-0.05233335	0.11918412	0.04595097	-0.05011817	-0.30785886
1.28778786	0.18146372	0.18563788	0.49324257	0.46936385	-0.67607090
1.32769545	0.04126169	0.16005580	0.54404709	-0.29211603	0.12074481
1.50206101	0.04370127	0.06700016	0.67245702	-0.28865665	0.67710600
1.41648278	-0.32058769	-0.01576168	0.81625597	0.07022968	1.14995320
