1.44541343	0.02070058	0.25011602	0.24193646	-0.23100961	-0.47074355
1.60740390	-0.01150786	0.14887781	0.32288206	-0.65470114	0.22545972
1.35900377	-0.05307114	0.11560010	0.68030316	-0.83077324	1.11374125
1.47835079	-0.21053035	-0.10792069	0.82118779	-0.41745752	0.66374193
1.30407204	-0.34802199	-0.18678841	0.38801261	0.58367990	0.53275862
1.07880459	-0.42733739	-0.14942531	-0.41862028	1.07079447	0.15102005
0.92569381	-0.39161433	-0.09348604	-0.30151595	0.45954093	-0.02901546
1.05847546	-0.33574204	0.06247118	-0.46083583	-0.45063940	-0.19880687
0.92810434	-0.46800891	0.01503455	0.28665888	-0.96945797	0.19281645
1.03985362	-0.26186350	0.12371714	0.15144145	-0.82876625	-0.08995719
0.86576766	-0.32588915	-0.00032018	0.74494731	-0.57842625	-0.46450581
0.72886784	-0.25802745	-0.06127623	0.29738364	-0.80241514	1.02602901
0.64902530	-0.25810643	-0.04862910	0.66556074	-0.46332030	0.35739898
0.70974906	-0.13669287	-0.20919757	0.63468849	-0.17449537	0.29679753
0.74440351	-0.19962285	-0.19935324	0.63908929	-0.95433047	-0.10406302
0.57699281	0.07388924	-0.13639107	0.77606490	-0.33787715	0.59799661
0.63482338	0.02245223	-0.20429247	0.25910865	0.28049740	0.11492772
0.79369823	-0.04274959	-0.11574120	0.32945382	0.16570220	-0.03316125
1.01707336	0.05002410	-0.25360180	0.09988836	0.39274235	-0.14731679
1.12038842	0.07981988	-0.04672744	0.31606058	0.63207642	0.08515021
1.00140009	0.01973207	-0.01440897	0.20282188	0.27450775	-0.09541681
1.01299052	0.13920229	0.05145421	0.19600577	0.38531502	0.11602568
1.04887189	-0.04350113	0.13497818	0.50915533	0.10940432	-0.11169765
1.14333395	0.13433978	0.08906787	0.20840394	-0.15732224	-0.32321377
1.20218340	0.07424002	0.18866289	-0.28773595	-0.26305574	-0.03439114
1.38213131	0.11957805	0.05329937	-0.50923404	0.43326865	-0.65206489
1.30256667	0.11635098	0.06269813	-0.43229599	0.17547730	-0.48923972
1.15308636	0.12746834	0.20234101	-0.10044281	0.13879122	-0.37912614
1.15923830	-0.13470652	-0.10724968	0.66734861	-0.12596144	-0.07958703
1.18506531	-0.38710323	-0.08803819	0.56546710	0.14756102	0.71506423
1.08876821	-0.44251786	-0.15615199	-0.48005504	0.05240122	-0.11261864
1.05885636	-0.53691333	0.04264438	-0.35472149	0.14085262	-0.73017302
0.90169186	-0.33525042	0.01140928	-0.32671996	-0.78296980	-0.70776439
1.03881006	-0.15098001	0.10066689	0.29701470	-0.95663163	-0.54285372
1.45812974	-0.26287161	-0.10718535	0.10354406	-0.53538999	-0.03392445
1.54996249	-0.10956107	-0.18225755	-0.07230243	0.02307039	0.36512475
1.31698544	-0.15937897	-0.17923550	-0.06013177	0.76170482	0.54408222
0.92071817	0.03470647	0.02502717	-0.34809416	0.65955908	0.18330221
0.93537069	-0.10645551	0.08536434	-0.97487050	0.56650244	0.31475130
0.71236793	-0.12857399	0.11634213	-0.88601153	0.47310704	-0.21779361
0.53213290	-0.34897452	0.11833428	-0.24153690	0.01160888	0.04533041
0.55048586	-0.00156852	0.01356179	-0.63816070	0.14904916	0.14713642
0.69009544	-0.18468247	0.13479193	-0.46546528	0.28801500	0.22771448
0.82505730	-0.01363487	0.06956911	-0.66219249	0.00117200	-0.05641935
0.71378727	0.08071180	0.26313070	-0.38363983	-0.16500054	0.06065248
0.71285910	-0.18382627	0.19849704	-0.44464096	-0.41840413	-0.21721428
0.63167736	-0.21570941	0.08828878	-0.36690780	-0.27387065	0.10874741
0.87165538	-0.05258312	0.14944414	-0.15307463	-0.17138409	-0.08804099
0.92835007	-0.08773656	0.10227844	-0.00333049	-0.03795238	-0.09085423
0.99864540	0.03487015	0.09832363	0.02313149	-0.10478066	-0.48175935
1.21959324	-0.13621920	0.00079219	-0.44677803	-0.15352538	0.37031381
1.34536790	-0.18044459	0.03006447	0.28827904	0.10086106	0.49342127
1.50450973	0.00312329	0.12243667	0.08843006	0.33089523	-0.19843980
1.53447987	0.09593907	0.07433416	0.37241004	0.30897279	-0.52376131
1.53829954	0.22323529	0.17555011	0.20860687	0.05553652	-0.42172344
1.23315937	0.14816843	0.24215032	0.28102940	-0.39732714	0.90613933
1.31225634	-0.19021653	0.09093590	0.32527133	-0.54731069	1.38843511
1.27795192	-0.43212564	-0.05610948	0.08138371	0.04903600	0.87851007
1.13573997	-0.72188626	-0.17029060	0.07828113	-0.24732535	0.47662786
1.06559009	-0.57570028	-0.12885910	-0.37221040	0.85471378	-0.14578204
1.24687465	-0.56550575	-0.04564388	-0.10441964	0.42547438	-0.43457969
1.21592888	-0.30076226	0.05213641	0.02361931	0.22172886	-0.61027638
0.78565012	-0.14270704	0.05484539	0.10701237	-0.42581903	-0.06352477
0.89644362	-0.10863689	0.07972403	0.57550110	-0.86838222	0.13716818
0.93308878	-0.12344414	0.03168043	0.35736952	-0.89829988	0.34562867
0.60261799	-0.17437766	0.01731700	0.11711508	-1.08502315	0.22765795
0.82113368	-0.20807302	-0.06123258	0.62185288	-0.77785908	0.55968031
0.59963187	-0.16356944	-0.08509726	0.29401553	-0.86192640	0.24324927
0.94408702	-0.28531466	-0.11021838	0.43277728	-0.18599704	-0.11595595
0.70545527	-0.21142604	-0.10787011	0.86601970	-0.11011574	0.15614613
0.88362221	-0.16505108	-0.16406876	0.73415204	0.09141611	-0.40414330
0.89435850	0.00403798	-0.21956915	0.57315153	0.03144810	0.15791857
1.01552494	0.08233369	-0.12560478	0.51201530	0.53408678	-0.11122083
1.03609290	-0.03337202	-0.13500353	0.23369555	0.44868272	0.38025480
0.78904511	0.15549439	-0.06839012	0.06631870	0.62090831	0.16720807
0.95553040	0.04129997	-0.06814654	0.16765923	0.28367550	-0.25675897
1.00558906	-0.03085702	-0.04321382	0.32397437	0.54445115	-0.42366488
1.34973038	0.13323554	0.03846600	0.05138697	0.55731774	0.34227655
1.42176888	0.03699724	0.00872682	-0.37309087	-0.47002776	-0.72152210
1.45415854	0.22681457	0.01297626	-0.43961814	0.02936967	-0.25114524
1.15107340	0.18278414	0.16722564	-0.68474856	-0.17721357	-0.54485791
1.23727642	0.01443246	0.13106964	-0.50427698	0.09417432	-0.38901605
1.21205999	-0.26459747	0.06862010	0.26571641	0.01420822	0.48059501
1.16993169	-0.22862682	-0.11623544	0.17425163	-0.35183799	0.83270405
1.20051250	-0.31075286	-0.19177962	-0.20890087	-0.05127763	0.59562860
1.06775880	-0.28953753	-0.08190766	-0.80552105	0.09114970	-0.34143689
1.18350018	-0.69043416	0.05026915	-0.95985097	-0.17023868	-0.74793856
1.33581189	-0.63355488	-0.02068803	-0.02426838	-0.75581448	-0.55821027
1.40641959	-0.52783594	0.01946802	0.29717813	-0.34564495	-0.11174309
1.28835370	-0.23290392	-0.13618292	0.62136598	0.77731943	0.39969451
1.28292362	-0.03036864	-0.20319423	-0.23931853	1.14219478	-0.11301855
0.98432808	-0.04816394	-0.03188739	-0.58994069	0.68600428	0.03573486
0.80999648	0.12717776	-0.01010976	-0.52458138	0.77176017	0.36755210
0.52725963	-0.12854083	0.16337609	-0.91970774	0.31887448	0.03230561
0.39801906	0.02727413	0.00277716	-0.75664211	0.43992623	-0.03749634
0.53968063	-0.36992504	0.04928680	-0.53195568	0.10735099	0.09153619
0.37429382	-0.17593015	0.09342232	-0.85523149	0.31443826	0.12679866
0.75886413	-0.03568351	0.03462316	-0.84305350	-0.09683142	-0.24179328
0.62916805	-0.03205570	0.02859289	-0.44174050	-0.21371501	0.06466152
0.89835178	-0.10007188	0.06746111	-0.53063113	0.23678041	0.00466155
0.81857921	-0.00806669	0.15456548	-0.21917746	-0.18374099	-0.40201728
0.98265899	-0.10096422	0.02474579	0.04147342	-0.26009594	-0.62162327
0.93210966	-0.07314469	0.12557654	0.01365273	-0.49277730	-0.12552971
1.08522830	0.12831921	0.05805678	0.14872811	-0.25500746	0.27072210
1.20595883	-0.07578989	0.09694334	0.34161116	-0.13627258	0.52137685
1.24498046	-0.01282817	0.04535209	-0.03688529	0.39122948	-0.21189564
1.43827552	-0.15396095	0.10475084	0.25553306	0.56228400	-0.81844466
1.30658268	0.20792397	0.14718284	0.62815310	0.32142908	-0.72068510
1.19628243	0.35368574	0.22335876	0.06867860	0.11743131	-0.27687452
1.02862746	0.38120290	0.14933182	0.24048404	-0.40568910	1.33356178
1.01098976	-0.02436368	0.01327584	0.07867092	-1.01134085	1.65818529
1.18895958	-0.46357558	-0.19065489	-0.13574033	-0.18195095	1.60177789
1.34170802	-0.55370171	-0.25722443	-0.29155194	0.03134323	0.65211679
1.32726062	-0.71430262	-0.12789655	-0.61153338	1.13669331	0.02188847
1.10578176	-0.73076407	-0.11043125	-0.60012969	1.53052473	-1.06125813
1.00733664	-0.47237070	0.07172647	-0.21559579	0.67903216	-0.89114416
0.66503845	-0.26017574	0.10707350	0.02918507	-0.48775983	-0.38032958
0.91520682	-0.00998252	0.20284709	0.43427115	-0.67300723	-0.67887457
0.66551830	-0.09093881	0.00430974	0.39634869	-1.14110106	0.12928178
0.81838075	0.05722357	0.07080370	0.43171210	-0.72964668	0.30763385
1.06357601	-0.11123456	-0.07029281	0.30411453	0.02560115	0.55183729
0.75757018	-0.25715921	-0.21485878	0.49441498	-0.43040579	0.66914545
0.64120411	-0.17578461	-0.07742322	-0.03467643	0.32742526	0.57984891
0.57232209	-0.34310545	-0.09301847	0.25447985	-0.18404598	0.21002066
0.65489797	-0.10985015	-0.00996623	0.69311686	-0.16237097	0.07105823
1.04798473	-0.10006874	-0.15772716	0.35803536	-0.09969567	0.20664362
1.07525094	-0.06871959	-0.11222581	0.23436914	0.40521711	-0.25604505
0.98587991	-0.07724219	-0.19631370	0.17712275	-0.01876890	-0.16702460
