0.90066379	-0.25813014	0.07373584	0.34905513	-0.71549621	0.72262694
0.65632790	0.02243276	0.02261648	0.52942559	-0.82455133	0.41491194
0.81422941	-0.23267067	-0.04021450	0.26553631	-1.22040461	0.37702441
0.61206773	-0.23952869	-0.17047489	0.51581722	-0.36027030	0.42747101
0.74387162	-0.16010768	-0.11986152	0.50081444	0.21370496	0.07601568
0.67755374	-0.25171842	-0.11705177	0.40441730	-0.59859394	-0.41602478
0.75889604	-0.12999893	-0.15400296	0.84676837	0.12820559	-0.18517615
0.97869204	-0.09159063	-0.13388906	0.12376136	0.13500369	0.05568535
0.98592487	-0.03127648	-0.23166867	0.34482321	0.56812552	0.15611157
0.83316301	0.25726369	-0.04564108	0.25735784	0.75883022	-0.14806643
0.91847159	-0.01961653	-0.07894682	0.08875034	0.57803356	-0.03052764
0.86673739	0.17851834	-0.00417125	-0.02543302	0.81557241	-0.24490864
0.81062266	0.12887539	0.05262521	0.47748582	0.15689831	-0.03716776
1.28171568	0.21935797	0.08977348	0.15820892	-0.04756423	-0.00726872
1.38385430	0.15761277	-0.00887867	0.05766840	-0.19806230	0.02666990
1.37822518	0.16574907	0.13963142	-0.32293634	0.27076092	-0.42776869
1.31591674	-0.00862712	0.14543132	-0.41896357	-0.18005028	-0.71059885
1.23274478	-0.08668837	0.14010384	-0.16891704	-0.53359148	-0.05997505
1.29553211	-0.37212373	0.08460410	0.43590526	-0.03269191	0.69409990
1.21236608	-0.44749211	-0.06456490	0.32572894	-0.08857842	0.27886607
1.32595798	-0.37994639	-0.10531571	-0.34248519	0.30946017	-0.54277933
1.01532813	-0.38726095	-0.14872502	-0.92425787	0.19973927	-0.47503241
1.19016465	-0.51665506	0.01821278	-0.80917314	-0.19396049	-0.37613790
1.09183601	-0.48755971	-0.00852670	-0.11162254	-0.72517646	-0.49384457
1.24987140	-0.55015421	-0.03373246	0.48027300	-0.18381829	-0.27782938
1.31355379	-0.28761276	-0.05348554	0.33311549	0.49845413	-0.19695902
1.31973640	-0.14971440	-0.11479046	-0.08993450	0.95744901	0.12905636
0.83844674	0.01160160	0.01248340	-0.49034068	0.89853174	-0.30831270
0.77640214	-0.04741308	0.06952624	-0.48636563	0.62759437	0.06685631
0.54509041	0.01360170	0.11124227	-0.82149378	0.35159028	0.13814469
0.54883562	-0.18159581	0.13191058	-0.75074698	0.38290998	0.28972874
0.36383529	-0.07348673	0.07462464	-0.27283303	0.16701105	0.44529109
0.53087746	0.01016196	0.04510300	-0.61216664	0.07474810	-0.21686898
0.56302360	-0.02494360	0.06662401	-0.66628814	0.22562978	0.08802985
0.62109818	-0.20136039	0.19904084	-0.73182531	0.06299892	-0.13173270
0.75241998	-0.07189752	0.07898509	-0.38068103	-0.11151105	-0.18944552
0.78736532	-0.09775890	0.15843961	-0.34494847	0.37932376	-0.60440853
0.97926688	-0.06283472	0.14226024	-0.25414919	-0.19861980	-0.29887282
0.98887600	0.00523609	0.14996316	0.18020506	-0.18752862	-0.17052447
0.92539686	-0.08396822	0.14647564	-0.00196036	-0.37487691	-0.22503155
1.24816647	-0.24385984	0.06213053	-0.02076075	0.19783212	0.18920517
1.29028401	-0.19524666	0.04970919	-0.10391311	0.25621296	0.22039131
1.56180364	-0.10733279	0.19575255	0.22774878	0.03185212	-0.73085169
1.54136779	-0.08727268	0.19621369	0.13736807	0.35210356	-1.06437347
1.21313434	0.23561065	0.21356289	0.43400703	0.15555413	-0.59365794
1.07287100	0.21687301	0.18906606	-0.00008531	-1.04663634	0.66058189
1.15453243	0.06587183	0.01211476	0.15560361	-0.68594723	1.52366151
1.16409603	-0.29505534	-0.19639983	0.19407039	-0.44903020	0.84914992
1.16198301	-0.54940976	-0.39719237	-0.02611684	0.29354598	1.01484190
1.32714150	-0.77808430	-0.23808692	-0.67851605	1.05172637	-0.24305648
1.30031727	-0.64093653	-0.15827610	-0.68138103	1.20045510	-0.70364950
0.81955885	-0.45758400	-0.11671180	-0.28514306	0.31255749	-0.65930830
0.96578638	-0.27206157	0.24270865	-0.15157305	-0.37803208	-0.84249764
0.83308957	-0.09273108	0.07558442	0.34585126	-0.62696238	-0.35137220
0.78961866	-0.13389325	0.12697772	0.12636223	-1.29451007	0.17904498
0.62893975	0.22453968	-0.02501327	0.25305057	-0.87402602	0.05616461
0.88518670	-0.11208087	-0.22089708	0.36185291	-0.54432395	0.75426433
0.78329985	-0.13694064	-0.07684665	0.36928494	-0.42270027	0.69727989
0.52383203	-0.37117587	-0.14690558	0.25170059	0.54272438	0.10470293
0.67281487	-0.26388154	0.06971208	0.28151621	0.35525434	0.25808870
0.77176942	-0.21639429	-0.13004488	0.32459259	0.41744966	0.29212038
1.00510832	-0.15973159	-0.11307734	0.52307474	0.18107170	-0.30847847
0.84943077	-0.18769490	-0.15798976	0.49336742	0.42854984	-0.08964299
1.02794529	-0.13405573	-0.11896349	0.50296130	0.88934898	-0.27740583
0.93640179	0.11028616	-0.04086089	0.15552739	1.01195777	-0.27665539
0.92882387	0.14705613	0.03473174	0.09253654	0.40476025	-0.43173101
0.85375406	0.17196737	0.04259118	0.24348883	0.49100092	-0.27024535
0.95309592	0.11465948	0.10070090	0.16770792	0.24210809	-0.55892146
1.40193684	0.20861459	0.07550615	-0.12880638	-0.15150293	-0.43436983
1.42729311	0.03225933	0.10707804	-0.34440695	-0.19833701	-0.59653784
1.36672721	0.04653011	-0.00405713	-0.54238053	-0.67819626	-0.25022124
1.30923792	0.14954126	0.05353939	-0.33593725	-0.27938963	-0.37709008
1.13251672	-0.14381337	-0.04128700	0.21307264	-0.22632904	0.57247504
1.19954955	-0.35123391	0.00005800	0.58084569	0.22348668	-0.00409614
0.92280845	-0.18544764	-0.10123025	-0.27018521	-0.07646540	0.08880666
1.08879462	-0.45667588	-0.09815892	-0.44568763	-0.03501323	-0.41843541
0.73965285	-0.62677610	-0.17372067	-0.45864831	-0.48019605	-0.49344295
0.86193454	-0.35161761	0.05696882	-0.26530946	-0.63509626	-0.77521619
1.24861969	-0.53434181	0.05584224	0.10231719	-0.29092233	-0.21881283
1.55165780	-0.32935202	-0.06814047	0.66497385	-0.05265727	-0.02344482
1.36332450	-0.15317025	-0.23703201	0.25284063	0.66976967	-0.42736686
1.23203224	0.03523539	-0.12580728	0.12458334	0.53785023	0.21214278
1.00468960	-0.08045329	0.10806377	-0.49172998	0.15277939	-0.09145514
0.67175811	0.04675869	0.07038007	-0.50542962	0.15825257	-0.05167369
0.60937355	-0.10010924	0.09998120	-0.65796575	-0.55606361	0.46030309
0.55770799	-0.12316615	0.16497440	-0.53547175	0.48192164	0.31638311
0.59812700	0.07490579	0.13086321	-0.38646755	-0.13194516	0.19202217
0.79812082	-0.05455587	0.05978828	-0.18508927	-0.13311936	0.71163302
0.63206982	-0.04506527	0.18391407	-0.12704311	0.14976036	0.19636373
0.45857596	-0.09897102	0.19928874	-0.32043605	-0.27384098	-0.25375135
0.75724628	-0.04656274	0.20037292	-0.29471565	-0.22172069	-0.25061461
0.63520161	-0.06010732	0.11835105	0.31082455	-0.24738052	-0.22520028
1.18469232	0.01327131	0.18594777	-0.18835472	-0.17035864	0.14766929
0.98790859	0.15847042	0.15142344	-0.03363854	-0.15908136	0.23271076
1.18712036	-0.07914799	0.14473526	-0.32250807	0.12045527	0.01350640
1.42946271	-0.24614278	0.04600864	-0.10319616	-0.09827795	0.12754992
1.32087104	-0.03010592	0.13356109	0.24722781	0.45516495	0.01867568
1.40289897	-0.04319014	0.24998625	0.46559710	0.47299768	-0.45515939
1.37578740	0.25418694	0.24589953	0.44857662	-0.31500898	-0.00677732
1.24706395	0.21678608	0.09177735	0.25153055	-0.91942739	0.45706563
1.19238500	-0.09222942	-0.14877255	0.39000561	-0.95047740	0.89161611
1.37356478	-0.38111925	-0.12250499	0.24799383	0.03614734	0.79345450
1.20416723	-0.73214828	-0.21926780	-0.25461669	1.16113413	0.35059065
1.09668932	-0.74196119	-0.15401533	-0.56378421	1.12336783	-0.19803137
0.88919024	-0.71643307	-0.05035506	-0.56023111	0.57193274	-0.31199380
0.95762534	-0.30062814	0.00507350	-0.02273289	0.12204112	-0.25686123
1.01745914	-0.26130547	0.10790752	0.35180972	-0.13012677	-0.20918202
0.93133426	-0.29206907	0.12206214	0.84590753	-0.82431102	-0.28860166
0.80525510	-0.20902382	0.04378944	0.28934764	-0.53862361	-0.02135130
0.69754439	-0.22668395	0.02339738	0.39447949	-0.89174217	0.37554267
0.53302996	-0.17951531	-0.03285647	0.56874617	-0.49025288	0.67982259
0.84098737	-0.03641825	-0.11253973	0.46362937	-0.64900227	0.09956300
0.74874953	-0.01405662	-0.15435843	0.80698240	0.18297679	0.10503373
0.74918490	-0.16249409	-0.14829618	0.60590284	-0.14862521	-0.05262762
0.86063018	-0.16324094	-0.15211577	0.37369684	0.09747110	-0.38952181
1.03057451	-0.01373218	-0.12325710	0.51975880	0.04015514	-0.03359799
1.16414209	-0.26582846	-0.28075619	0.27531186	0.63057123	-0.23978125
1.08526280	0.11185151	-0.07868229	0.42905466	-0.01056419	-0.12545733
0.96571966	0.10832864	-0.08984156	0.10414412	0.00472624	-0.20394301
0.87950022	0.09672785	0.03637406	0.21652705	0.33116437	0.35232490
1.01471652	0.21534020	0.12344384	0.57888485	0.00893365	-0.32774916
1.05023002	0.18936793	0.00783282	0.48536257	0.02938355	0.00429943
1.24790865	0.08233280	0.01434087	0.27432968	-0.36997938	0.61607158
1.68157134	0.11113469	-0.03140794	-0.16726293	0.45191600	-0.12594477
1.25348759	-0.15281751	0.04865280	-0.44214763	0.14275155	-0.55225867
1.14724500	0.11153665	0.08697376	-0.33957056	0.39739119	-0.45753240
1.10521355	-0.31351415	0.13315681	0.57779155	-0.12457410	0.09874771
1.05864883	-0.31213976	-0.01295935	0.73328778	-0.31336406	0.07850380
