0.81206714	-0.38128739	0.07705244	-0.93863458	0.27194730	-0.58206880
0.97379725	-0.07429144	0.01065756	-0.55259566	0.14071175	-0.82067788
1.02800921	-0.34481894	-0.11966171	-1.10286847	0.34228845	-0.07704910
1.12167685	-0.23911344	-0.11150446	-1.10575364	0.33763978	-0.13281356
0.99598476	-0.49547170	-0.00616156	-1.30596698	0.30925255	-0.19700478
0.86626397	-0.20716742	-0.01993750	-1.51143034	0.40230999	-0.33295483
0.69451934	-0.29542557	-0.05747797	-1.05251036	0.76291835	0.13632979
0.82114743	-0.24852484	-0.03038157	-1.20605821	0.38331276	-0.27239751
0.92001138	-0.24999426	-0.01271889	-1.17072732	0.55365882	-0.32183208
0.82184595	-0.31648969	0.17783705	-1.28654275	0.66008216	-0.24350628
1.00559638	-0.00717330	0.10350093	-1.00498325	0.10889159	-0.39804638
0.75952248	-0.16949570	0.02815291	-1.42070562	-0.08081086	-0.41814716
0.94186877	-0.00699090	0.03026502	-1.47921454	0.37551497	-0.41883971
1.06805534	-0.19719845	0.21205887	-1.25589533	0.25635849	-0.08532067
0.72247838	-0.19788002	0.12509639	-1.17109312	-0.30572090	-0.31630459
0.66311163	-0.12639282	0.10664973	-1.11686937	-0.08681984	-0.51233551
0.68960271	-0.19925188	0.03554489	-1.04496116	0.08182632	-0.87481184
0.70389177	-0.05828091	0.23744177	-0.65562608	0.31184587	-0.96500512
1.11347299	0.02851152	0.22476248	-1.13441292	0.47453031	-0.67180749
0.95857927	-0.00086252	0.07024698	-0.96358398	-0.11035415	-0.63008020
1.32967789	-0.15244391	0.10264567	-0.95419060	-0.15194034	0.03395853
1.58257766	0.04435652	0.13506998	-0.30306657	0.74973505	-0.03781766
1.65752716	0.01229175	0.23416278	-0.39319005	1.21918980	-0.54932773
1.37070518	0.20481577	0.30448970	-0.86310065	0.05176796	-0.56360648
1.46337638	0.23606640	0.18488291	-1.01835654	-0.48518088	0.19743478
1.58920940	0.27607986	-0.01618050	-0.48771382	-0.93211437	1.05146995
1.35041721	-0.33359941	0.02475873	-0.22025025	-0.13309398	0.95534595
1.35148067	-0.71181358	-0.12485003	-0.11844167	-0.02676307	0.34266142
1.12643135	-0.62412073	-0.24645345	-0.50788936	0.92262717	0.28617433
1.14441701	-0.62432113	-0.30383184	-0.21074321	1.17133921	0.06108034
1.15019224	-0.40141700	-0.01253991	-0.69255411	0.68844274	-0.39298682
1.20606424	-0.31279547	-0.07208806	-0.75801776	-0.12733662	-0.28249650
1.03830379	-0.08911968	0.06147038	-0.35793939	0.03682644	-0.40700098
0.82383436	-0.33707090	0.19479317	-0.36379513	-0.88352715	-0.15898890
0.60420600	-0.05662385	0.16673553	-0.35811223	-0.20896384	-0.44874744
0.76820020	-0.22560089	-0.04347097	-0.48042833	-0.17050871	0.17809094
0.64644730	-0.13330498	-0.19711202	-0.02888981	-0.40737094	0.18745426
0.73501935	-0.04180129	-0.06682630	0.05741985	0.07551258	0.55560095
0.28541884	-0.15526887	-0.15957131	0.29603718	0.27091264	0.03597849
0.86198990	-0.24322490	-0.06380946	0.37426157	0.06021467	-0.15188801
1.02489853	-0.17001105	-0.04924474	0.19697740	0.72516361	-0.10610618
1.16641326	-0.07827880	-0.00378524	0.24993526	0.23534087	-0.01111544
1.06476825	-0.01084265	-0.10078909	0.00201758	0.74066308	-0.65946517
0.94545260	0.06296212	-0.08125210	0.07824965	0.69035078	-0.29180761
0.90565436	0.14129184	0.06763744	-0.05463142	0.48100924	0.06120355
0.72172454	0.05731581	0.15829672	0.12135839	0.15543520	-0.04900124
0.88771995	-0.00399930	0.08395548	0.55107163	-0.17788328	-0.13659840
0.99985585	-0.11047544	0.04223612	-0.16122045	0.06740731	-0.05998226
1.27384541	0.03706054	0.05098736	-0.77046888	0.26807310	0.07284729
1.34783455	0.07491748	-0.01565450	-1.20649257	-0.18568636	-0.59493995
1.49164192	0.04841636	0.10444539	-1.02040234	0.00019120	-0.13343061
1.14670078	-0.26905669	0.18960153	-0.80229002	0.19960736	0.06534312
1.14190163	-0.40879527	0.08062604	-0.89250973	-0.21418808	0.35071378
1.06312510	-0.48789363	-0.10226622	-0.73443143	0.02755011	0.33374012
0.82555466	-0.27737512	-0.04342085	-0.85283416	-0.04304833	-0.01158544
0.75720595	-0.47078656	0.06126231	-0.88412181	-0.01432628	-0.42777505
1.22997317	-0.48421448	0.05374289	-0.66336156	-0.45615966	-0.45386195
1.61254783	-0.38946814	-0.01978121	-0.08073206	-0.70121443	0.12102097
1.58049527	-0.17484932	-0.10765467	0.13212034	0.15460256	-0.22158078
1.22423100	-0.19579274	-0.15543379	-0.41610855	0.66989387	-0.19500102
0.90028730	-0.23929250	0.06890626	-0.48892546	1.12229213	-0.12766370
0.94533265	-0.25471323	0.04931223	-0.25211425	0.52286230	-0.05625654
0.47057415	-0.12061052	0.13244090	-0.61336876	-0.02334183	-0.17583897
0.75421065	0.19769447	0.16735271	-1.09870533	0.52782848	0.08183442
0.50539744	-0.06090977	0.09658495	-0.52815942	0.19681395	0.08335837
0.82710635	-0.05786865	0.17309376	-1.17565854	0.28284556	0.00627214
0.56794101	0.00559509	0.09359320	-0.89008479	0.04252925	0.10395200
0.41522944	-0.08775573	0.17567759	-0.93584562	-0.24385440	-0.32345391
0.81580272	-0.22000205	0.08244236	-0.79302728	-0.08567957	0.00986893
0.73852539	-0.05872138	0.15232116	-0.51474456	-0.03654064	-0.27417750
0.68064657	-0.08735517	0.09781911	-0.56844965	-0.14842522	-0.08650357
0.95631290	0.11221625	0.17219035	-0.70218702	-0.11620916	-0.61902877
1.37678712	-0.09720359	0.03891847	-0.43533938	-0.13880785	-0.15318009
1.22457427	-0.14618557	0.07557058	-0.25537262	-0.39000611	0.19900694
1.59999512	-0.08897855	0.20548443	-0.11465392	-0.12499308	0.00403950
1.70350549	-0.23205639	0.11410834	-0.35961430	0.38230313	-0.36788417
1.61468600	0.14286423	0.28552794	0.30558579	0.32485073	-0.45715283
1.58073721	0.26293989	0.14015884	0.29634010	-0.26487272	0.08852102
1.37262652	0.15308294	0.04151332	-0.39662393	-0.68575428	0.49356057
1.13088522	-0.38918437	-0.05327421	0.24160151	-0.71795094	0.92315531
0.91412836	-0.66883591	-0.16245579	-0.05212921	-0.01777248	0.85374407
1.12130680	-0.76581908	-0.17091353	-0.41290953	0.16297351	0.17714365
1.24303028	-0.34697190	-0.07144738	-0.36571725	0.38297484	-0.19626283
1.40634614	-0.54074291	0.04053020	-0.09113700	0.28173502	-0.57261823
1.32112847	-0.32093374	0.06413378	-0.15871779	-0.00071231	-0.15115346
1.07798427	-0.18605825	-0.00801646	-0.26554253	-0.08087004	-0.28942969
1.09537686	0.00052701	0.06047573	0.07427734	-0.27164605	0.15236055
0.46994713	0.08177404	0.01265711	0.02493794	-0.40639972	-0.09282300
0.81308559	0.03344561	0.01591556	-0.10130453	-0.73411616	-0.07115095
0.76320116	-0.28119079	-0.02230432	-0.27916844	-0.73664679	0.35768387
0.49442511	0.02372011	-0.06268326	0.11266189	-0.81432446	0.35046491
0.71431821	-0.01935192	-0.15633027	-0.20958152	-0.20097152	-0.07748874
0.57985197	-0.31863638	-0.02714205	0.15326438	0.86113990	-0.51893330
0.64279499	-0.10847838	-0.02418261	0.62668230	-0.17294053	-0.10597317
1.09188384	-0.19023740	-0.04593179	0.18434309	0.43690462	-0.29486757
1.22543076	0.06571724	-0.10050424	0.33381528	0.91576132	-0.53138268
0.76375599	-0.08961119	-0.09378465	0.35848048	0.94190754	0.25413183
1.02325231	0.07576740	-0.02469350	0.27643368	0.03585279	0.00061063
0.96383842	-0.05281400	0.15209496	0.58435394	0.34295617	0.12545151
1.02893427	0.09083063	0.10965438	0.08011003	-0.45323896	-0.09283848
1.22866210	-0.04419960	0.14330207	0.13780629	0.20326094	0.16729782
1.34226410	0.11011189	0.07035105	-0.82822807	0.16987146	-0.26852978
1.33342790	0.37217753	0.04673959	-0.78793149	0.56599239	-0.59604727
1.02208891	0.14561576	0.12491145	-0.73488161	-0.12118881	-0.59238407
1.21943778	-0.22315699	0.02938660	-0.52832107	-0.38637714	-0.03642127
0.86248888	-0.41384415	-0.02045743	-0.34097637	-0.22531476	0.87442634
1.07199392	-0.50479055	-0.07230601	-1.03905436	0.32988433	-0.26240362
1.20537136	-0.77076397	-0.05413990	-1.21089454	-0.48711271	-1.04436020
1.00627545	-0.53699005	0.10382702	-0.74184775	-0.75017796	-0.77726099
1.66295899	-0.37485804	-0.02946813	-0.36139609	-0.97836930	-0.21351482
1.46734533	-0.06664481	-0.22125305	-0.13147921	-0.24509936	0.33707674
1.45655371	-0.05959551	-0.34762005	-0.04676069	0.89980092	0.33795759
1.37348165	-0.09454317	-0.14349713	-0.25896356	0.52187748	-0.44453737
0.65515835	-0.20117975	0.02975590	-0.91486148	0.78162737	0.01439509
0.32353856	-0.01445466	0.13394208	-0.85893108	0.72782043	0.35460683
0.71107627	-0.17865032	0.08036810	-0.60593325	0.50302590	-0.03073436
0.44591716	0.04431240	-0.01565215	-0.85851347	0.00662924	0.26557732
0.46062512	0.09075506	0.21362861	-0.71105351	-0.01858610	0.20639469
0.28051703	-0.07592551	0.15697596	-0.91820657	0.08408816	0.04678743
0.34024930	-0.01511647	0.10784134	-0.70482547	0.28343379	0.02989529
0.54319293	0.06010513	0.09414434	-0.65691146	-0.08268660	-0.24962808
0.62141503	-0.00400797	0.22738894	-0.80246883	0.56199040	-0.34809607
0.74945076	0.05905999	0.25078325	-0.61910020	0.07427126	-0.46233162
0.86384752	0.21356053	0.18757574	-0.60009635	-0.05895228	-0.59780381
0.95812733	0.06992794	0.14026432	-0.49434709	-1.03623675	0.50773789
1.50790920	-0.00585779	0.09410286	-0.29364953	-0.61051405	0.39779893
1.56478963	-0.03991826	0.06602322	-0.24117472	-0.21484959	0.22428529
1.76803319	-0.08579937	0.10583998	0.36810307	0.11984573	-0.67239531
