1.11383412	0.01394451	0.16879946	0.07144526	-0.28458437	0.22501486
1.12401465	0.05481115	0.07853468	0.24453021	-0.57942157	-0.19098161
1.30288474	0.00792728	0.14491972	0.12196346	-0.55025287	0.13801386
1.05393846	-0.18551785	0.06224460	0.28019901	0.07239289	-0.12845162
1.27316900	-0.09311644	0.04049229	0.45414412	-0.10664041	-0.25149235
1.32741607	0.09413113	0.22053947	0.53079383	0.18594091	-0.58270609
1.44160907	0.28802584	0.13620289	0.69579455	-0.37453840	-0.28128705
1.48785344	0.33816282	0.05797598	0.42970057	-0.52936159	0.33016756
1.17812561	-0.15077611	-0.04528959	0.83991582	-0.33010747	0.84842018
1.28392986	-0.48401039	-0.13746887	0.75380181	0.11260232	1.06515343
1.08624969	-0.59795179	-0.22663905	0.36900864	0.26299215	0.38396663
0.82419985	-0.42251187	-0.15135674	-0.30144801	0.86246011	-0.09530101
0.83104351	-0.52615671	-0.12027388	-0.34603758	-0.36195847	-0.50878802
1.14318839	-0.50880685	0.04659877	-0.17931889	-0.33195887	-0.40004920
1.15818400	0.00949460	0.09159397	-0.19971527	-0.59872617	-0.30538567
1.27635384	-0.11505338	0.01258863	0.23321348	-0.37356403	-0.08224441
0.63617347	-0.01547972	0.09367589	0.34911423	-0.15684866	0.02301002
0.61244279	-0.03888132	0.08054055	0.62523473	-0.19219747	0.58763043
0.38125816	-0.10956337	-0.02090717	0.63686443	-1.06722330	0.10044198
0.50727074	-0.31309708	-0.12282094	0.38828512	-0.42052802	0.39152509
0.56817039	-0.16561197	-0.12441744	0.52746029	-0.77845319	-0.28918569
0.72465248	-0.15881670	-0.21378245	1.13039727	-0.46099585	0.24829255
0.74289584	-0.01886153	-0.12220885	1.09651328	-0.28938728	0.16407398
1.02964910	-0.03425815	-0.19951827	0.95463950	-0.40625918	0.40245114
1.08459877	-0.02731342	-0.08305105	0.81214600	0.17318932	-0.05028334
1.08985043	0.01459590	-0.14905966	0.66426157	0.54513887	0.22178573
0.96152994	0.06081100	-0.08268128	0.36592034	-0.26155010	-0.05806494
0.92350313	0.13520071	0.02993106	0.49026703	0.63122374	0.07579844
0.84985533	0.06413791	0.07040426	0.44841028	-0.01095162	-0.01129834
1.12804259	0.03252616	0.14306123	0.65853733	-0.32811876	-0.02553509
1.14860923	0.21735420	0.13143015	0.13878035	-0.09662044	-0.07294470
1.33167080	0.22083337	-0.00024957	-0.56628457	0.38009923	-0.07294036
1.46588651	0.26414916	0.11310648	-0.84968809	0.01044959	-0.57729536
1.30003617	0.03102106	0.04723612	-0.30148546	0.34073938	-0.00937344
1.37797483	-0.30570415	0.21719380	0.62839750	0.20421286	0.08868492
1.27577474	-0.33349978	0.07745069	0.71112799	0.26254578	0.23003706
1.10404386	-0.43625124	-0.13454423	-0.01076496	0.07150608	0.19718923
1.01602066	-0.38378595	-0.13425316	-0.19576325	-0.13237839	-0.59646430
1.12340789	-0.51908940	-0.03979531	-0.52717419	-0.20451349	-0.36417222
1.06067573	-0.40006106	0.09349489	0.07214387	-0.34784573	-0.33641284
1.32882618	-0.25051823	0.02176815	0.26107069	-0.39282002	-0.48039705
1.61945175	-0.16490100	-0.16110012	0.54208421	0.08168280	-0.10242306
1.20632531	0.02613735	-0.14179064	0.01196241	0.65575321	0.63804364
1.12931807	-0.02572711	-0.02284072	-0.50483293	0.76291676	0.10598580
0.82370651	-0.06417675	-0.03501210	-0.57340330	-0.06450225	0.30129757
0.61507192	-0.00030269	0.02488003	-0.79296767	0.40385088	0.26572456
0.44922481	-0.03963603	0.06481995	-0.87200907	0.09338888	0.63387002
0.50195730	-0.16391610	0.03223893	-0.30628796	-0.00991913	-0.00031139
0.66825923	-0.24549038	0.09645907	-0.39236873	-0.05246859	0.18987736
0.67714726	-0.07637123	0.11820419	-0.53272406	-0.03567844	0.00882244
0.80784487	-0.11791949	0.11799457	-0.26446006	0.25967227	0.16472676
0.64125309	-0.12601502	0.12315903	-0.14276308	-0.47118735	-0.12145834
0.93580856	-0.07156599	0.13622356	-0.12660527	-0.48641886	-0.29043625
1.01564159	-0.01178886	0.20481852	-0.53770738	-0.22172109	-0.47894691
0.77518805	0.15991881	0.10254392	-0.20259693	0.02325565	-0.28479172
1.13207202	0.13880741	0.11123751	-0.31801749	-0.31657325	0.27249667
1.03058584	-0.16135681	0.11759994	0.01526658	-0.10119774	0.39762991
1.20193559	-0.11809567	0.10469166	0.21196748	-0.05382311	-0.09830577
1.50093379	-0.00414046	0.17440313	0.72917642	0.20133499	-0.15469249
1.58434031	-0.02784493	0.20067388	0.55600262	0.23933461	-0.73212538
1.45309653	0.06626828	0.06201089	0.51777579	-0.75653221	-0.17629951
1.25243191	-0.12162479	-0.03040901	0.53802142	-0.81467662	0.79531886
1.24763897	-0.28020193	-0.02501474	0.69441261	-0.36960906	0.95803450
1.50734458	-0.50766476	-0.14861794	0.31932101	0.22313807	0.07514821
1.15775349	-0.52279864	-0.15676434	-0.26324861	0.48673389	-0.14505740
0.98836466	-0.36923827	-0.03506197	-0.68479821	0.25354546	-0.57429202
1.07697827	-0.31082550	0.05248357	-0.49970386	0.01546670	-0.38418707
0.86748602	-0.23526143	0.04783624	0.50447539	-0.65274984	-0.00398127
0.95042054	-0.07346751	-0.02344365	0.59601541	-0.40584242	0.21706181
1.00050899	-0.24970835	0.00003191	0.70635454	-0.57701620	0.09946380
0.91325539	-0.20908678	-0.06234494	0.20523497	-0.52070721	-0.45294494
0.95863392	-0.21262474	-0.05011973	0.81641215	-0.63025359	0.47801240
0.73708550	-0.00007508	-0.08259902	0.52363335	0.16899880	-0.14348313
0.65560307	0.04055396	-0.07295329	0.47542910	0.12872290	0.22040996
0.99610171	-0.05907405	-0.15108519	0.78199305	-0.05878883	0.32925775
0.73843577	-0.03784995	-0.21191471	0.47323730	-0.01132405	-0.07800183
0.94174620	-0.06278045	0.01661605	0.59207161	0.30176029	-0.14567097
0.89012212	0.16490956	-0.03706927	0.26360331	0.32948459	-0.12573842
0.90276399	0.08641362	-0.02647771	0.26507347	0.57764041	0.08451717
1.02050816	0.13205379	0.00620566	0.31272187	0.63938511	0.23807769
0.92607329	0.11816776	0.08029546	0.43023258	0.57003154	-0.18678716
1.09450856	0.10578936	0.11415365	0.71192343	0.37779797	0.44128275
0.97854626	0.12259979	0.05560454	0.98987028	0.01112172	0.02935649
1.05251113	0.00446368	0.09156741	0.23160571	0.30415905	-0.05370382
1.26664330	0.22463308	0.09276317	-0.24531239	1.24824057	-0.16964403
1.27974851	0.15176183	0.12817233	-0.26471390	0.36935125	-0.77557025
0.99526777	-0.04099981	0.14891981	-0.14079044	0.02042606	-0.28327041
1.10500252	-0.27892919	0.06441485	0.60821906	-0.33410576	-0.07843913
0.95071782	-0.10801784	-0.04503950	0.72522845	-0.19317241	0.12565100
1.04432302	-0.36537930	-0.14579427	0.76152755	-0.01643551	-0.01370563
1.08254796	-0.39731544	-0.09067456	-0.01893691	0.16945516	-0.11433046
0.95278740	-0.38271986	-0.00168105	-0.88814735	-0.14918034	-0.59711762
1.04963407	-0.40330030	0.16390529	-0.69961886	-1.00626902	-0.63340144
1.39490025	-0.29949186	0.20028907	-0.19098924	-1.45970106	-0.51239658
1.48956712	-0.25984205	-0.09482149	0.38595361	-0.71616422	-0.05794718
1.80427203	-0.11092250	-0.28819798	-0.17825042	1.21446767	-0.16428578
1.59180274	0.10320954	-0.24916082	-0.91638086	1.24914788	-0.24984312
1.08699806	0.07881196	-0.05318624	-0.94262686	0.76474107	0.03614275
0.78422767	0.04319324	0.10320637	-1.40717085	0.54887473	0.25520198
0.60687640	0.20160110	0.16487382	-1.00332360	0.29387825	0.19689494
0.32025502	0.03034619	0.18347108	-1.01017642	-0.13348538	0.34358258
0.67432490	0.07060209	0.19938078	-0.90466788	0.51816777	0.45352300
0.49914774	-0.01629925	0.11652156	-1.37034641	-0.42138386	0.41270465
0.87654608	-0.07291415	0.20251504	-1.25169860	-0.22046643	0.13913616
0.80758606	0.07622051	0.04739238	-0.97292686	0.28685201	0.32861437
0.85693222	0.05321036	0.13482497	-0.69361206	-0.91325561	0.01085181
1.03647356	0.09368146	0.02130566	-1.21988653	-0.68593295	0.21035264
0.96127170	0.02067227	0.15517957	-1.29581328	-0.38019039	0.50368707
0.89440648	-0.04504897	0.09693423	-1.14188403	-0.09357944	0.36549984
1.17420023	-0.04527844	-0.00480493	-0.96757224	-0.18010203	0.31666802
1.35841514	-0.14595693	0.08127061	-0.72377294	0.64837162	-0.31023698
1.05002155	-0.09261241	0.00034746	-0.44258975	-0.13742956	-0.54543337
1.17543600	-0.23949010	0.11686092	0.54559578	-0.19410124	-0.39753137
1.31869919	-0.13928017	0.05539536	0.77858755	-0.37056254	-0.30507172
1.48263254	0.10769799	-0.06200212	0.26951777	-1.06122964	0.36825799
1.65178142	-0.11763136	-0.11340036	0.09392148	-0.62488327	0.92836696
1.46724139	-0.62682337	-0.12914805	-0.19473246	0.15541201	0.83448277
1.16651352	-0.48525629	-0.10052992	-0.42811826	0.83940060	0.23237007
0.68320456	-0.32826142	0.12572332	-0.67655823	1.34903131	-0.09061479
0.75191950	-0.38542587	0.02693055	-0.89302804	0.45532843	-0.26143133
0.85277121	-0.40898672	0.14030940	-0.40270631	-0.15666632	0.12852285
1.36347055	-0.48595560	0.10726504	0.71448677	-0.60496346	0.08882359
0.95546793	-0.34420529	0.08063944	0.39344245	-0.89754925	0.01713878
0.94124772	-0.07183351	-0.01130431	0.47519251	-0.17467762	0.41286043
0.81349159	-0.18750553	-0.06104250	0.52789895	-0.78149546	0.37169038
0.74768879	-0.09380521	-0.05522365	0.76836794	-0.30569006	-0.08498748
0.64838776	-0.03079090	-0.04277102	0.49328475	-0.15588885	0.09570682
0.56861327	0.02434849	-0.12306791	0.82371727	-0.25227394	-0.16894031
