0.48740715	-0.08667784	0.05245510	0.00650698	-0.31593873	0.54757446
0.47097897	-0.12045832	0.13675635	-0.18835737	-0.29675724	0.18150900
0.68435099	-0.29793639	0.06962988	-0.38097772	-0.07269589	0.43654989
0.91310328	-0.26261941	0.18072246	0.14257106	-0.05304521	-0.13947097
1.27880972	-0.20506428	0.08791940	0.43738616	0.20492600	0.23861439
1.31491160	-0.34806242	0.19872857	0.58635117	-0.08971539	-0.12412832
1.59129075	-0.29788611	0.34320122	0.50977684	-0.21630612	0.08904574
1.29655876	-0.25645308	0.13782223	1.28778964	-0.15437277	-0.14145424
1.73772167	-0.23735463	0.18396139	1.44594633	-0.26892732	0.29678182
1.58230935	-0.22007044	0.24687194	1.43387287	-0.44177839	0.10424960
1.72856169	-0.12059760	-0.01589390	1.06256189	-0.09353015	0.55277595
1.88997672	-0.24732652	0.14547992	0.71332021	-0.42971039	0.10544795
1.46803648	-0.44690060	0.12338889	-0.37383875	-0.17662121	-0.21385645
1.04244578	-0.41561870	0.05538493	-0.16630606	-0.70802496	-0.20956170
0.78415198	-0.18110281	0.08150281	-0.03675695	-1.12082993	-0.19177466
0.62332464	-0.35924171	-0.06944541	-0.24395616	-0.97270441	-0.17647511
0.89808104	-0.59811004	-0.05430229	-0.21577705	0.15529665	-0.22721202
0.92154116	-0.77061981	-0.16468436	0.13255003	-0.57935022	-0.24805236
0.85125992	-0.58706221	-0.08353849	-0.16946465	-0.47919401	-0.37663040
1.57570493	-0.41869323	-0.08687849	0.30798101	-0.50707784	-0.56618446
1.01878193	-0.39881687	-0.12641902	0.37752774	-0.72714888	0.12856135
1.01428907	-0.15109583	-0.10705052	0.16152126	-0.36295932	-0.61117410
0.66703968	-0.24479550	-0.10056896	-0.04382299	-0.03131563	-0.29812920
0.49014487	-0.00218177	-0.16023081	-0.08275083	-0.90722440	-0.45594810
0.67558749	-0.00441846	-0.03403872	-0.48881070	-0.30704555	0.33822078
0.53772186	0.00954525	-0.08520078	-0.54275707	-0.68075089	-0.16991329
0.24534090	-0.28918517	0.02673371	-0.74429350	-0.69792552	-0.00749214
0.68612737	-0.17430718	-0.06951285	-0.00790688	-0.55907304	-0.17194042
0.52369303	-0.47280608	-0.24250262	0.83809692	-0.23038851	0.19929947
0.92724756	-0.26509067	-0.07634830	0.56152286	-0.19339493	0.17988713
0.70543651	-0.34675535	-0.24444831	0.65287510	0.26110466	0.09223283
0.92963308	-0.26348141	-0.18542346	0.16123875	0.44654576	0.22449443
1.29989801	-0.24832750	-0.18037289	0.14504396	0.42548779	-0.33297592
1.15081372	0.10254638	-0.12743331	-0.63172215	0.06161541	-0.13958049
0.92655283	-0.01932758	-0.01784413	-0.49283419	-0.09097161	0.11229667
1.33701103	0.10544666	-0.01780468	-0.42995120	0.27796210	-0.04450060
1.49658608	0.00165723	0.08723271	-0.28307801	-0.18237603	0.31080174
1.41287958	-0.15114107	0.05123002	-0.41429601	-0.33320190	-0.13271895
1.66503757	-0.26805087	-0.09324569	-0.20966231	-0.19634168	0.05762322
1.51693697	-0.21073657	0.00633293	-0.05409616	0.15270479	0.15018790
1.48121989	-0.31417343	-0.11735607	0.40032952	0.31319412	0.24890022
1.65373701	-0.70686143	-0.30496701	0.17421000	0.35061771	0.51879616
1.23647105	-0.53755969	-0.32553525	0.01736572	0.49196369	0.05712052
1.39006071	-0.69494423	-0.26096232	0.01072726	0.22718005	-0.63028381
1.41759245	-0.85189451	-0.17206898	-0.03429860	-0.14028146	-0.38328709
1.18691499	-0.65656578	-0.07047416	0.31747396	0.91925775	-0.22087192
1.00755083	-0.57070567	-0.17341144	1.22936375	1.12534250	-1.03089869
0.96698868	-0.37731299	0.00511298	0.36915189	0.57820680	-1.01127423
0.79293430	-0.42846170	-0.07070669	0.52497667	-0.20678903	-0.25005555
1.09444672	-0.17879324	-0.04425917	0.96566704	-0.01800247	-0.89919012
0.81155935	-0.06928863	0.05365933	0.80503191	-0.29357597	-0.26620637
0.90967582	-0.33891766	-0.26753475	0.60382383	0.27627820	-0.31252372
0.96690964	-0.19762263	-0.10285394	0.17582615	0.33205806	-0.33314794
0.57914438	-0.10783989	-0.02859879	1.00894240	0.21334902	-0.43562732
0.66110154	-0.18904809	-0.02188641	0.83142467	0.64363792	0.29547091
0.64477988	-0.26615237	0.00565472	1.08730959	0.27146344	-0.05220453
0.29620396	-0.19107623	0.07444953	1.01572019	-0.05152815	-0.17460536
0.30488225	-0.13953472	0.01599138	0.74923102	0.02002814	-0.36500768
0.78308758	-0.17269385	0.10298472	0.96798108	-0.27387261	0.47034981
0.72855246	-0.10229906	0.04285756	0.24306853	-0.07685136	0.05371249
0.82849745	-0.01504945	0.02205322	0.25757517	-0.03815960	-0.18805734
0.67922523	-0.26347143	0.13481083	0.04468146	-0.33867923	0.31800030
0.79519977	-0.21488131	0.10374171	0.14371893	0.03632612	0.20144266
0.78619084	-0.11092174	0.18494781	0.32173640	-0.39010590	0.22997453
0.93461610	-0.26817522	0.16652129	0.19442697	-0.15899206	0.29689304
1.13246720	0.03121581	0.09595382	-0.00102322	-0.44862470	-0.04918173
1.24524812	0.04421073	0.04644879	-0.12133427	-0.10832420	-0.38706439
1.30108456	-0.01099579	0.13961677	0.44975920	-0.23170423	-0.36634383
1.48494975	-0.14668567	0.20005913	0.12919729	-0.61983877	-0.08910414
1.63416909	-0.19731296	0.25201061	0.79488811	-0.92811671	0.41583553
1.52677866	-0.21301878	0.21058986	1.21240384	-1.03993975	1.38939649
1.36759675	-0.53212591	0.09264213	1.01338801	-0.42976537	1.17575558
1.56778369	-0.74531350	0.14443453	1.62765264	-0.42469435	0.54070453
1.24770035	-0.78080032	0.02477695	1.27038357	-0.02230316	-0.67829290
1.29921073	-0.55882541	0.03515374	0.82277810	-0.19283360	-0.70487107
0.94077270	-0.34612159	-0.03054821	0.02373882	-0.67337347	-0.31938961
0.80344789	-0.30335527	-0.00143375	-0.34205827	-0.81142489	-0.32370713
0.71417261	-0.42780255	0.04470590	0.31834790	-0.56945708	0.50935004
1.01625029	-0.64191152	0.02770950	0.41049990	-1.27878561	0.05379407
1.19793847	-0.69145870	-0.02543287	1.33559921	-0.93374848	-1.03419180
1.41946246	-0.86420225	-0.11714376	1.98201106	-0.33162901	-1.44533501
1.08736978	-0.61786554	-0.01800436	1.66321513	-0.02887770	-0.69020844
1.27711488	-0.34429372	-0.10781880	1.32507138	-0.53998560	-0.95430071
0.67120616	-0.11390642	-0.17037978	1.42041891	-0.22452521	-0.54170910
0.70574664	-0.02632232	0.02553679	0.17041778	-0.69500102	-0.67357435
0.54414469	0.11741547	-0.03394851	0.91815699	-1.04580633	-0.33636963
0.57556339	0.11982979	-0.13175809	0.70469342	-0.92203584	0.06829913
0.51539639	-0.24915432	-0.07872796	1.19542641	-1.22196430	-0.23798317
0.74860347	-0.37994933	-0.26913782	0.68601381	-0.90766622	-0.53856413
0.75204100	-0.25402220	-0.21218845	1.11000790	-0.22460899	-0.09380681
0.68088385	-0.24857853	-0.11421433	1.24139984	-0.01675175	0.28870234
0.89184250	-0.36231057	-0.08778912	1.04551084	-0.79869438	-0.23163128
0.93548253	-0.37141460	-0.18195631	0.94586263	0.07075311	0.10776485
1.12314609	-0.18874496	-0.06630945	0.52238246	0.30212180	0.26730707
1.18125586	-0.06153532	-0.00195045	0.76493280	0.12717639	0.35816642
1.11656168	0.03728505	0.05611016	0.33134296	-0.41725428	0.17321626
0.98183883	0.05936923	0.07115442	-0.03813954	-0.40622245	0.11466613
1.19533563	0.07617722	0.11038161	0.72416401	-0.33415038	0.36001622
1.23912981	-0.03665400	0.07918052	0.28589829	-0.53227847	-0.04203760
1.09019004	-0.26994373	0.03847699	0.35532349	-0.23321224	-0.30066088
1.25313290	-0.20454041	0.13373620	0.86017545	0.23036820	0.16022743
1.49338252	-0.26532212	-0.05949845	0.96056306	0.26357755	0.03036462
1.67833352	-0.28349773	-0.09551455	0.73763691	0.53568170	0.33871863
1.96555520	-0.36486995	-0.12582449	0.29992684	0.40043671	0.06941956
1.74677851	-0.31600920	-0.07935525	0.05917887	0.56240756	0.26413823
1.36797499	-0.63345594	-0.05813483	-0.05599621	0.31397435	0.13173169
1.28351390	-0.74027512	-0.08219251	-0.07352918	-0.10326570	0.69117607
1.17508725	-0.69625978	-0.13432183	-0.11726633	0.11517196	0.22518770
1.11981352	-0.57563327	-0.27732676	-0.06459260	0.74109095	-0.01721706
1.10765748	-0.47058556	-0.16139205	0.27787289	0.82456433	0.22258272
1.01636278	-0.58136511	-0.11986100	-0.83245820	0.09964967	0.12120311
0.79971901	-0.53854669	-0.15388259	-0.84817376	-0.49440334	-0.68396120
0.94403663	-0.52595480	-0.21411216	-0.05653468	-0.27488937	-0.15800415
0.68372923	-0.43759949	-0.09034293	0.36613425	-0.21665028	-0.17690703
0.85622048	-0.43884047	-0.18970802	1.65969960	0.01221178	-0.38943289
0.74212095	-0.41826911	-0.12965783	1.49530442	0.29639471	0.12650392
0.81407152	-0.45918146	-0.13289377	1.08764301	0.54470895	-0.55712198
0.57962477	-0.52399624	0.07518346	1.08636655	0.04061435	0.22403380
0.44590208	-0.03094819	0.10889483	1.64966921	0.33375540	-0.03595259
0.73986362	-0.09078977	0.00126739	0.93713277	-0.12994644	-0.05364758
0.62499767	0.10275597	-0.03627186	0.66857698	0.05235312	0.14468686
0.46196211	-0.02948650	-0.00982702	0.60998704	0.12598300	0.24109087
0.81711592	-0.11646849	0.05339901	-0.00856294	0.33538601	0.19756208
0.84519152	-0.24989899	0.21705065	-0.18108570	0.24699245	0.47383638
1.02193734	-0.33563609	0.13442414	0.34690702	-0.26963982	0.15720124
0.96458234	-0.35256109	0.30196464	0.01593573	0.24710403	0.41389327
1.28543746	-0.40613565	0.14368369	0.31746279	0.03743184	0.09565883
1.36480231	-0.23448628	0.12192885	0.08816149	0.39280521	0.10389361
