1.14781420	-0.21623568	0.15627053	-0.07884120	-0.41965371	-0.01852644
1.12729362	-0.10555809	0.07701277	0.40995181	-0.34641827	-0.18234851
1.13246621	-0.07570426	0.13188896	0.63426666	-0.25076785	-0.65706978
1.45901708	0.19511387	0.39038973	-0.00123187	-0.18606593	-0.31496646
1.35252488	-0.03323039	0.18575031	0.74174659	-0.84384045	-0.23069277
1.55043558	-0.09518464	0.24082922	0.89573771	-0.33290894	0.73617934
1.54565336	-0.26892495	0.11072580	1.37344069	-0.52426126	0.88561119
1.58528842	-0.51238022	-0.08581969	0.82305134	-1.02426089	1.29382756
1.63826311	-0.74846803	0.07591021	1.28222524	-0.29569961	0.39283671
1.47927229	-0.64450453	0.14657396	1.04367734	0.14083273	-0.46264301
1.41173849	-0.36982240	-0.09422300	1.18166160	-0.16748027	-0.23838118
0.83279470	-0.33951439	0.01846182	0.62779973	-0.58109891	0.24606057
0.67595511	-0.33344208	0.08874185	0.10775466	-0.38537677	0.01744356
0.88709742	-0.33824660	0.06930717	0.17396887	-0.82688624	0.30025168
0.95044157	-0.54582913	0.00114513	0.98203179	-1.37770601	-0.35907881
1.21848744	-0.76662839	0.02237764	1.29865582	-0.15089447	-0.26197609
1.37776792	-0.70023169	0.00112334	1.96867132	-0.11779579	-1.63460851
1.23823199	-0.65517638	-0.03178932	1.40323326	-0.49942140	-1.00768792
1.35413005	-0.30314610	-0.17567190	1.73582714	-0.35254950	-0.51043090
0.84604592	-0.09592629	-0.11163031	1.06010318	-0.01702508	-0.99225575
0.58499459	0.07387821	-0.05699462	0.65947833	-0.69595427	-0.86716584
0.38718233	0.23150956	0.02979017	0.86548889	-0.88367552	-0.33286691
0.36830035	0.07010799	-0.13113026	0.62687548	-1.52897448	-0.32290061
0.59422282	0.00372590	-0.11367899	0.87259888	-1.52611658	-0.09072728
0.49865208	-0.23099880	-0.09940376	0.74143677	-0.74695344	0.03354407
1.03471175	-0.20189837	-0.30945830	0.73126489	0.29096913	-0.05342361
1.09444198	-0.33123688	-0.15399334	1.52977547	-0.12008954	0.32847179
1.04044527	-0.35196329	-0.29012303	2.03067089	0.01701648	0.43951351
0.92355228	-0.09862358	-0.22667976	1.20602913	-0.28469027	0.11097292
0.87007305	0.06133732	-0.20095234	0.67621887	-0.26337730	-0.06692172
0.65520367	-0.02671917	-0.08579006	0.37354132	0.40007613	-0.00140384
0.88684878	-0.16357444	-0.03835078	0.12235176	-0.22475460	0.22465321
1.03141550	-0.01295142	0.02007629	0.16210765	-0.30974072	0.07519870
1.02463736	0.03166184	-0.09689848	0.60835813	-0.68879340	-0.14528743
1.16627957	-0.07473672	-0.03474876	0.48218821	-0.76474575	0.18532096
1.22286718	-0.05856720	0.07001598	0.60015531	-0.64383581	-0.36577528
1.36230060	-0.23618412	0.01797063	0.43144351	0.10116283	-0.25472561
1.54340424	-0.30085140	-0.05306470	0.63612908	-0.19082153	0.73899017
1.79917721	-0.26042373	-0.08792484	0.61970459	0.78121429	0.49807449
1.85651955	-0.28518542	-0.07350406	0.77250277	0.38312681	0.16205710
1.70415033	-0.24381514	-0.12026342	-0.34321927	0.43345609	0.42564846
1.35786166	-0.42263541	-0.21351972	-0.05964877	0.69755806	0.25369312
1.04924327	-0.83403683	-0.09613327	0.13291472	-0.14026281	0.06582100
0.91568648	-0.74941519	-0.16929838	0.24718844	-0.02773607	0.21307815
1.09780128	-0.50599609	-0.07512880	0.43482635	0.25449411	-0.07803210
1.24316685	-0.55686220	-0.16809323	0.26933692	0.80933005	0.03872475
0.74803929	-0.35269595	-0.02577020	-0.50031492	0.31456324	0.22329807
0.94787063	-0.38382081	-0.13425519	-0.27780055	0.39339870	-0.14039407
0.91007854	-0.26009892	-0.03036727	0.03226787	-0.51846012	-0.07436097
0.75802108	-0.56516098	-0.06318659	0.67781079	-0.62498120	-0.15009417
1.06185433	-0.29601241	-0.22989164	0.54098005	0.11260649	0.08669108
0.58828033	-0.48477732	-0.25949492	1.29805157	0.02910254	-0.01525847
0.57913736	-0.45775742	-0.16493832	1.79935222	0.33363618	-0.29519924
0.95468544	-0.40325339	0.00967028	1.53170727	0.23156923	-0.21240685
0.42210136	-0.09647420	0.07137207	0.91411987	0.18881837	0.01294345
0.65603820	-0.01095672	0.06576994	1.43829554	0.17619494	-0.30920593
0.25981599	0.01705887	0.00916116	1.06052974	0.16949327	-0.06511677
0.70419361	0.05303179	0.10153032	1.04987280	0.21536289	0.49916138
0.80072988	-0.13633059	0.07168628	0.15273420	-0.32387023	0.29285126
0.64238882	-0.14930425	0.11233563	0.04478750	-0.37965021	0.22992174
0.79379375	-0.11080584	0.07777135	-0.07295812	-0.13895071	0.11680803
1.26291069	-0.37425263	0.10161290	0.07997937	0.00515072	-0.27047143
1.36585719	-0.31895638	0.11507002	0.22575457	0.01894471	0.32973268
1.15721277	-0.25428367	0.16255348	0.33863002	0.00862457	-0.19220848
1.34108208	-0.22061879	0.17164590	0.07291866	0.33447872	0.08885261
1.34850625	-0.12491023	0.18605519	0.54227789	-0.45320856	0.07617591
1.34715523	-0.20010998	0.10226420	1.07247458	-0.01109019	-0.39741108
1.67888905	-0.42977920	0.16813593	0.42668030	0.07868185	0.05576251
1.53667851	-0.56749583	-0.02128888	0.48732517	0.10477804	0.43993602
1.54372756	-0.45025585	0.10990732	0.01467975	-0.26098000	0.36266053
1.27050636	-0.72139425	0.18311283	0.14501302	-0.26774902	0.18722797
1.03475478	-0.56393639	-0.06709151	-0.04711872	-0.87746141	-0.52727394
0.80591345	-0.44801514	-0.24387386	0.01108388	-0.38600798	0.16741872
0.80782307	-0.25556032	-0.07839660	-0.56633762	-0.14129808	-0.33912080
1.16139897	-0.45646463	-0.15189073	-0.62794014	-0.24114238	-0.37788508
1.28188365	-0.44500904	-0.19101069	0.14227341	-0.48972879	-0.12090885
1.01962568	-0.48167746	-0.09124768	-0.11502870	-0.21094889	-0.18560557
0.76188690	-0.40747509	-0.16384015	0.27704997	-0.58105415	-0.89966878
1.02022974	-0.43747065	-0.00995600	-0.01747761	-0.62068604	-0.64517223
1.15173040	-0.24222975	0.00728582	0.42038389	-0.75736866	-0.91029156
0.30943524	-0.08743669	-0.07993941	0.05011247	-0.12160168	-0.20102482
0.30550575	0.08316826	-0.05974994	-0.40954652	-0.04394568	0.08565472
0.42666779	0.09215997	-0.02387084	-0.67807915	-0.09675359	0.10973217
0.51844666	-0.12223070	0.02675813	-1.07169750	-0.40536787	0.11614082
0.40010623	-0.13309872	-0.07046858	-0.75294434	-0.30220389	-0.03999069
0.65818566	-0.28928360	-0.08616215	-0.79971933	-0.75504205	0.21753513
0.73406159	-0.41463090	-0.13830946	-0.15066197	-0.48060656	0.69822136
0.85674446	-0.33171790	-0.27411045	-0.19586037	-0.08562829	0.08113289
0.78285331	-0.43392400	-0.12676520	-0.40329251	0.26376620	-0.17124088
0.89105098	-0.50103599	-0.21071171	-0.08893945	0.31144227	-0.61270696
1.20071307	-0.21052558	-0.02209864	-0.13235892	0.49612094	-0.33542059
0.97801478	-0.00258599	-0.11213283	-0.27351880	0.28855257	-0.08507129
1.54669231	0.19180344	0.07361725	-0.47133044	0.20970886	0.84759386
1.37119515	0.20946611	-0.01249048	-0.28803624	-0.12437420	0.14564811
1.36286320	-0.09618465	-0.11713003	-0.66059203	-0.07322577	0.85850229
1.42107135	-0.22462076	0.02127311	-0.28489667	-0.04629601	0.61993302
1.37203922	-0.26338559	-0.19591586	-0.38336224	0.00344977	0.50448553
1.60629984	-0.74853701	-0.35538239	-0.08453418	0.18900311	0.53541643
1.75709618	-0.72713298	-0.62487795	-0.32150765	0.70096592	0.17757140
1.64535439	-0.89731619	-0.25940592	-0.65109049	1.46333834	-0.39615709
1.11643441	-0.77504970	0.05491710	-1.33891520	0.92917097	-0.41942057
0.99737254	-0.78752093	0.00048470	-0.27610719	0.69120753	-0.20798291
0.71200573	-0.63319263	-0.06044259	0.99395820	0.31055598	-0.08380418
0.79475476	-0.37782222	-0.10283837	0.06853876	0.92084926	-0.47397898
0.93809442	-0.40178754	-0.04692890	-0.52233779	0.69620202	-0.03584294
0.89591025	-0.43194253	0.07560843	-0.12273280	0.59845623	-0.66839620
0.70874510	-0.39530928	-0.02791395	0.35826974	0.43435779	-0.56906771
0.90463468	-0.34279878	-0.08301962	0.45726987	-0.19600979	-0.59560968
0.62388126	-0.29486669	-0.11251340	0.51414508	0.41348201	0.42635314
0.59385247	-0.35657543	-0.26386364	0.44039941	0.58464025	-0.16549656
0.76381033	-0.48429438	-0.24163167	0.21311393	0.89947144	-0.27169101
0.38106205	-0.38058960	-0.00279173	0.88732219	0.67337053	-0.64495553
0.21294812	-0.38780145	0.04786210	0.18617787	0.23023309	0.36192509
0.60927546	-0.27877519	0.05887661	0.11218081	0.22752940	0.15177860
0.68514817	-0.08664151	0.18273026	0.46672034	0.24275852	0.35991014
0.66784329	-0.13923646	0.01788338	-0.24738676	0.15009320	0.15794535
0.82358438	0.02686027	0.12444032	-0.40087378	0.50110418	0.23522894
0.88284333	-0.01577250	0.20921226	-0.15499629	0.15395112	0.41041961
0.80183329	-0.10569354	0.07860583	-0.03194889	0.41086964	0.49390627
0.97820039	-0.24508265	0.21059137	-0.11414996	0.21196792	0.62069463
1.11565940	-0.30143414	0.10572614	-0.12578408	-0.18482392	0.38185606
1.06580214	-0.45904985	0.15837686	0.33006440	-0.28672080	-0.49257839
1.05488388	-0.32292028	0.28381963	0.14108526	0.35189733	-0.17590762
1.18969280	0.03227943	0.18220076	0.43531452	-0.01615930	0.19009178
1.24998411	-0.07459122	0.16450653	0.15997068	0.17838888	0.11161055
1.26011398	-0.08975185	0.17354818	0.05249779	-0.31113931	0.49254273
1.68853404	-0.43924368	0.17410263	0.34276023	-0.85491809	0.86473728
1.31761747	-0.59277038	-0.02136033	-0.07726415	-1.08589584	1.09231551
