1.00674159	-0.17899679	0.22450674	0.56616834	-0.20888957	0.04246947
1.08105352	-0.09439666	0.12721471	0.77633105	-0.24365178	-0.09493715
1.57002580	-0.29436907	0.18947388	0.60890595	-0.15072027	0.06581368
1.50119513	-0.22176610	0.19006735	0.74206656	-0.05261223	0.05895870
1.33270874	-0.26476802	0.07312342	0.21508529	0.23216914	0.51697749
1.42206681	-0.68844741	0.03610455	0.23494535	-0.49234100	0.71454804
1.19690752	-0.58552004	0.09050718	0.11559808	-0.43621106	-0.05108199
1.10684056	-0.53096621	0.08357048	-0.57014800	-0.70832409	0.44715156
0.94123069	-0.31741312	-0.06959409	-0.11214670	-0.68037495	-0.20643836
0.91725143	-0.33305584	-0.30476145	-0.45231951	-0.18164181	-0.24867119
1.07456359	-0.33776725	-0.22451565	-0.86135549	-0.68679873	-0.52609259
1.04732357	-0.37854831	-0.00801363	-0.56321272	-0.18070661	-0.32633904
0.82112837	-0.43086536	-0.18129955	-0.55955660	-0.41380135	-0.31105402
1.09902387	-0.41104916	0.01361335	-0.06753119	-0.82490176	-0.14456814
0.88533149	-0.40265017	-0.09862513	0.47648180	0.08323653	-0.42942526
0.83925238	-0.25680603	0.01230853	-0.04718296	-0.02976647	-0.41642622
0.79636560	-0.13334020	-0.03283214	-0.04441252	-0.24931391	-0.37420560
0.60911805	-0.28468844	-0.13143279	-0.65042697	-0.18165073	-0.17151639
0.50405257	-0.09269566	-0.19032064	-0.85609787	-0.08788045	-0.21249352
0.58415997	-0.00103573	0.01401779	-0.21308720	-0.12927806	0.01648097
0.49167324	-0.19123201	-0.19054490	-0.79740872	-0.66756014	0.35356795
0.61379685	-0.37676930	-0.20715366	-0.39481214	-0.53738517	0.00766808
0.88393230	-0.57432294	-0.19621271	-0.03276134	-0.23570973	0.34026453
0.88082102	-0.49458694	-0.20127663	-0.18638600	-0.16931969	0.10321818
0.82100427	-0.54650809	-0.19233277	0.13831909	0.10743208	0.10154678
0.92844078	-0.31102884	-0.42017381	-0.25570326	0.04287430	-0.02910390
1.10244939	-0.05159435	-0.17191631	-0.68900338	0.25921906	-0.12503489
1.22467347	0.01671081	-0.08733046	-0.49193515	0.51966484	-0.10983172
1.27118889	-0.01671311	0.00209270	-1.08907169	0.23662326	0.10281624
1.10529888	0.31988910	-0.19233489	-0.36469950	-0.32142201	0.65537990
1.27850906	-0.23825956	0.02939017	-0.31788961	-0.49279068	0.28997868
1.48225886	-0.16364061	0.10113869	-0.41724982	0.15268987	0.67433823
1.40465883	-0.45294406	-0.20953987	-0.18117880	0.02212143	0.53866700
1.73829266	-0.60836415	-0.43591387	-0.15829211	0.83828508	0.58598794
1.83247234	-0.74256117	-0.62125438	-0.74038487	0.95061806	0.52917284
1.57901271	-0.63063601	-0.32607314	-0.62952496	1.53697433	-0.57162639
1.12570293	-0.49625443	-0.04886879	-1.36698773	0.72189475	-0.74884003
0.69334055	-0.81121482	-0.01057619	-0.21423074	-0.31233190	-0.62785949
0.84307691	-0.71975214	-0.13261628	0.49998503	0.13493666	-0.37067688
1.06096695	-0.34788154	-0.20241655	0.42645801	0.83481371	-0.19389559
0.80972111	-0.52119586	-0.11822463	-0.52783498	0.52950036	0.03564525
1.02044103	-0.44350274	-0.03698333	-0.32686926	0.20427465	-0.24331568
0.76476027	-0.21161438	-0.02361396	0.32395612	0.23059256	-0.48714368
0.91162512	-0.14274240	-0.15956394	0.25045606	-0.13141212	0.09561812
0.91672284	0.02189200	-0.20407929	0.76380863	0.51535276	-0.08493153
0.68375217	-0.23283187	-0.23874194	0.30078316	0.31827398	0.05061367
0.57987312	-0.20332381	-0.10322192	-0.05339688	1.19873057	-0.08241046
0.59254404	-0.36570926	-0.14079200	0.55307402	0.42345002	-0.35178378
0.36921564	-0.29744547	0.08698213	0.55257322	0.10228693	-0.02412139
0.51589810	-0.12460866	0.01543000	0.73007168	0.01237080	0.07957944
0.56443968	-0.04716437	0.05462617	0.30098975	0.18905696	-0.15129989
0.76804636	0.01289803	0.10174769	-0.41553085	0.12428819	0.66240427
0.68833998	0.00945288	0.10081346	-0.16866737	0.60241008	0.04241584
0.86129285	-0.05736784	0.10163274	-0.72266065	-0.03991231	0.15390277
0.98413621	-0.07798381	0.16615871	-0.13745928	0.28526340	0.50882962
1.23718205	-0.27841452	0.09884398	0.14747914	0.22771969	0.93048576
1.12298558	-0.41453760	0.07094324	0.02764143	-0.08679938	0.17569440
1.14816529	-0.17756898	0.20553708	0.25946588	-0.15996528	-0.38087747
1.08291896	-0.31319529	0.28911209	0.13600766	-0.07435154	0.10300293
1.25264492	-0.20923350	0.10200174	0.54856632	-0.00472193	-0.11724665
1.33859235	-0.11360806	0.14058604	0.28011588	-0.49505843	-0.15080061
1.49387081	-0.15588991	0.17039991	0.03332619	-0.52759939	0.29926938
1.49484906	-0.47947052	0.11593055	0.18284694	-0.84289329	0.64336980
1.37549715	-0.71100971	0.05773981	0.20434671	-0.90998414	0.95091931
1.54302400	-0.76901292	0.07822282	0.17590839	-0.42964905	0.53980790
1.12819719	-0.60788130	0.03887842	0.10469423	-0.00260164	-0.25576268
0.97255283	-0.43947929	0.03982646	-0.28002275	0.14355202	-0.41036662
0.80818554	-0.14233850	0.00521948	-0.38479460	-0.37288063	-0.17836028
0.56457655	-0.31091442	-0.04314886	-0.60731742	-0.10164283	-0.47340525
0.78684430	-0.23503110	0.11192844	-0.48960421	-1.28255366	-0.38492390
0.94958367	-0.51918290	0.11265156	0.26408020	-1.12465797	-0.11156240
1.13588010	-0.47877967	0.09433514	0.90911493	-0.25244004	-0.40133947
1.29245788	-0.64456111	-0.06224140	0.97223987	-0.40858492	-0.78607895
1.09561468	-0.21015654	-0.16405499	0.87959971	0.14896330	-1.09765686
1.00705201	-0.28163368	-0.11228029	1.10473854	0.07705061	-0.54138120
0.57419583	-0.41159536	-0.07733287	0.42438990	0.10798898	-0.86512811
0.50140758	0.11655887	0.01553838	0.49381082	-0.04641433	-0.62007099
0.33270204	-0.01376694	-0.07696246	-0.35560805	0.06135298	-0.76709867
0.57721399	-0.21323053	-0.22891345	0.13636768	-0.70199468	-0.33354515
0.62344644	-0.18611162	-0.03585041	-0.33301802	-0.55424444	-0.22705577
0.61527178	-0.16332490	-0.12264868	-0.06703316	-0.73728569	-0.36322668
0.47757443	-0.43453781	-0.06909110	0.33235139	-0.70631990	-0.08186444
0.67304853	-0.52580538	-0.22256538	0.31130307	-0.22337981	0.09452169
0.73959706	-0.44995480	-0.14893975	0.78008034	0.10851190	0.04284316
0.88626671	-0.26884402	-0.25611482	0.17260004	-0.08071244	0.32040534
1.14755297	-0.13675317	-0.08048987	0.05425932	-0.07015528	0.30736909
0.95028016	0.00515502	-0.08739041	-0.17389513	-0.43939220	0.54573062
0.71447969	-0.29835752	-0.08237813	-0.49009097	-0.14351183	0.66619469
0.93828026	-0.02326696	-0.02567505	-0.06352435	-0.74732732	0.25538561
1.04182270	-0.09344941	0.05709535	0.28622966	-0.33057339	0.33314689
1.40258959	-0.32749904	-0.02808426	-0.24653722	-0.31844087	-0.06344590
1.46690561	-0.09752605	-0.07101811	0.02220074	-0.34909390	-0.00240631
1.52964424	-0.32611154	-0.04145932	0.54191562	0.08865330	0.50163138
1.58506117	-0.26680510	-0.09441716	0.85377601	0.72367249	0.55592340
1.62049301	-0.33388718	-0.15984968	0.58545420	0.63530922	0.54223534
1.54857428	-0.45149871	-0.00632104	-0.01903946	0.71087631	0.05572528
1.45962550	-0.29083949	-0.25845088	-0.26275486	0.55347167	-0.14975192
0.97945817	-0.70088344	-0.04646155	-0.14341991	0.51727962	0.11693104
0.74084730	-0.81885903	-0.08112623	-0.30493837	0.34047780	0.06691411
0.56408253	-0.76176785	-0.05526513	0.11525311	0.33895126	-0.23621493
0.62525439	-0.71540279	-0.07977928	-0.18098477	0.25158304	-0.05520463
0.72662899	-0.48901291	0.15882093	-0.36650670	-0.00917884	-0.39370412
1.07663008	-0.60678228	0.06106970	-0.47200030	-0.43848983	-0.31201996
0.91664492	-0.46303043	-0.09717567	-0.17530508	0.13903799	-0.08797901
1.17332063	-0.42595105	-0.14625531	0.00804450	0.09985508	0.05139917
1.03746090	-0.46310880	-0.09846746	0.64065346	0.54709536	0.38949658
0.73261522	-0.39342855	-0.20048418	0.54734258	0.49257633	-0.22114793
0.45411691	-0.47411829	-0.11567092	0.87185831	0.30549475	0.05301803
0.52849048	-0.50040255	0.00347579	1.52459314	0.10855171	-0.21009830
0.17476540	-0.29478294	-0.11419687	1.51190989	0.49778662	-0.54849933
0.53135842	-0.09999302	-0.07036596	1.42191812	0.06717815	-0.54092138
0.60022766	-0.06885227	0.04897373	1.22556350	0.02640188	-0.01680409
0.64783721	-0.18285909	-0.08190051	1.03057278	0.49483465	-0.04803437
0.58065902	-0.13173223	0.05722205	1.20072211	-0.24217812	0.28280195
0.69694643	-0.26123109	0.19034411	0.72911644	0.49671567	0.06644805
1.11868460	-0.00913663	0.23207488	0.79959642	-0.01073940	0.09921342
0.95135818	0.06352548	0.25518690	0.04500013	0.11894375	0.14052091
0.86770319	-0.09425108	0.14331419	0.30857796	0.05316761	0.16561227
0.81479759	-0.09692713	0.15248833	-0.06192965	0.04617834	0.55242047
1.10804479	-0.26716974	0.08618051	0.77937203	0.22891063	0.02860506
1.43365427	0.00621378	0.34555122	0.45832692	-0.33570233	-0.03693683
1.44407665	-0.25759257	0.39323919	0.43843960	-0.12980748	-0.06168753
1.25815288	0.00452601	0.24569828	0.49512105	-0.55070129	0.17007781
1.48565594	-0.03739156	0.21389644	0.02178598	-0.69879210	-0.14994935
1.23462542	-0.25898809	-0.01902689	0.10834642	-0.42971269	0.33988931
1.46268402	-0.52040220	-0.00702724	-0.07006965	-0.75917300	0.68478457
1.14028354	-0.45871249	0.04032572	0.17545111	-0.39606959	0.10778414
1.28386933	-0.64977479	-0.04598858	0.04899791	-0.41084743	-0.29013099
