1.12517653	0.08256631	-0.08836485	-1.19604307	0.06278511	0.14393016
1.62546867	-0.05995836	-0.16685173	-0.70145641	0.24141839	0.17877967
1.51807907	-0.26651955	-0.25662022	-0.37483325	-0.08157948	0.63941836
1.48222555	-0.67901929	-0.23571580	0.00177391	0.52766001	0.32106303
1.81252703	-0.75636081	-0.33390042	-0.38986073	1.06967023	0.22615222
1.60497172	-0.83979516	-0.36156967	-0.52279841	1.67505204	-0.31869444
1.31186749	-0.50440024	-0.16024983	-0.38829576	1.24901947	0.06593812
0.96442883	-0.55818218	-0.05890095	-0.33880286	-0.18874307	-0.26396759
1.09791632	-0.53388355	0.01309107	-0.12886997	0.07346943	0.19122757
1.12993016	-0.61186303	-0.08579008	0.11587854	0.37181655	-0.14398085
0.91580167	-0.59176764	-0.14820095	-0.28658259	-0.03090571	0.03784173
0.94247880	-0.44969207	-0.13743970	-0.19183739	0.06216903	-0.47456858
1.06016818	-0.47814994	0.06633677	0.03361333	0.29452188	-0.25341671
0.83576869	-0.20609133	-0.03897098	0.34156468	0.30557359	-0.22989238
0.61703394	-0.43911053	-0.04524713	-0.10330938	0.49087336	-0.13839877
0.59026884	-0.28701596	-0.02814578	0.21222836	0.35130997	0.02851333
0.43431525	-0.22967318	-0.11562641	-0.05513187	0.52783846	0.07453701
0.31484645	-0.11122092	-0.06782100	0.32323631	0.72943491	-0.24239587
0.58310353	-0.34998342	-0.20511923	0.66656197	0.45999145	-0.13278740
0.41425818	-0.20237194	0.02133530	0.25632418	0.20945278	0.22316053
0.52625257	-0.14207392	0.08091675	0.49363408	0.20073683	-0.01835392
0.42491817	-0.38210283	0.00210805	0.50627999	0.24051805	-0.12954126
0.81831850	-0.08922247	0.09280741	0.11312571	0.08797106	0.22389475
1.04322654	-0.13174502	0.08156498	0.16529549	0.45010863	0.15428418
1.14755671	-0.31734672	0.09583293	0.10358491	-0.12411382	0.44530565
1.10432102	-0.20853544	0.18463849	-0.35342240	0.52851777	0.21255159
0.96055371	-0.34551369	0.14613477	0.33596790	0.19179690	0.50672471
0.98006704	-0.33798808	0.12872383	0.33535598	0.04607739	0.05295619
1.14370293	-0.32105421	0.25986543	-0.16065299	0.25248664	-0.03397426
1.20013988	-0.31103548	0.23049099	0.03159889	0.26141981	0.10454977
1.31994694	-0.10525809	0.17791592	-0.19058584	-0.02202106	0.03139005
1.62673586	-0.10879019	0.23010236	-0.70134178	-0.44644479	0.07967876
1.29825577	-0.32256335	0.05906308	-1.00427187	-0.40769203	0.89798396
1.49472967	-0.52102101	0.14592121	-0.76480769	0.00941316	0.25399445
1.14560822	-0.51089576	-0.07166890	-0.56347777	0.00855975	0.21961437
0.97861995	-0.44104819	-0.02937519	-1.17138524	-0.27606507	-0.35661188
0.97072550	-0.39424714	-0.15051688	-1.36345377	-0.02518330	-0.66762993
1.06563978	-0.29684946	-0.13097953	-1.91089133	0.04895910	-0.81667275
1.18771294	0.03004779	-0.20568450	-1.42395058	-0.28265626	-0.01726200
0.95080111	-0.48450978	-0.08838784	-1.34575195	-0.19204610	-0.12216747
0.99428667	-0.45933447	-0.11349732	-0.64944862	0.00708683	-0.22829826
0.89284284	-0.55502322	-0.08510647	-0.26526090	-0.62982169	-0.85912474
0.74904080	-0.42684173	-0.03978936	-0.35959252	-0.77049466	-0.88242191
0.78917343	-0.19663527	-0.15807115	-0.37016683	-0.28260283	-0.22988340
0.62169949	-0.11650590	-0.05565068	-0.91988840	0.27929711	-0.32438342
0.75670308	0.17919309	-0.19548856	-0.90738635	-0.18059007	-0.05987717
0.49844532	-0.17938033	-0.00519978	-0.93491840	-0.14787961	0.13430183
0.47774868	-0.42659161	-0.15082039	-0.99280577	-0.16260364	0.19264226
0.42322785	-0.34158990	-0.08654887	-0.76221292	-0.45161441	0.68356518
0.98596260	-0.53336423	-0.14427139	-0.67015600	-0.18358871	0.15246862
0.77055298	-0.80110726	-0.21019577	-0.31042749	-0.13718454	0.56629296
0.92860047	-0.65947250	-0.25703007	0.02062396	0.03497014	0.04045968
0.98653081	-0.42434324	-0.21954378	0.02347570	0.51939814	-0.14358793
1.08564524	-0.35729530	-0.19965550	-0.19561747	0.62364803	0.10666653
1.18549441	-0.32894542	-0.15549055	-0.15140776	0.72347698	0.00028623
1.31228634	0.14822548	-0.03932911	-0.05454770	0.29883193	-0.13584491
1.06472124	0.19311829	0.02678450	-0.74073907	-0.10514978	-0.20193407
1.21079433	0.17687763	0.12382291	-1.18365350	-0.32268995	0.32494000
1.40039421	0.36676939	-0.12290459	-1.39478034	-0.44990544	0.32820966
1.49691273	-0.25448689	-0.18049265	-1.13388517	-0.02324481	0.56318671
1.63786825	-0.66918012	-0.19359048	-0.14920965	0.36284584	1.06011068
1.54600035	-0.63103125	-0.45440120	-0.20749900	1.56525655	0.49116684
1.57291058	-1.08154789	-0.36176840	-0.33428872	1.80238199	-0.25210524
1.28230093	-0.62292664	-0.23766147	-1.05012653	1.68479771	-0.85604467
0.82048495	-0.58994310	0.05605873	-0.75579197	0.07298992	-0.55876412
0.87481519	-0.34032062	0.05436148	-0.37786418	0.08331584	-0.63766639
0.55656425	-0.22592574	-0.18608208	0.07222489	-0.34277602	-0.20294209
0.75039450	-0.31638707	-0.22032256	-0.32849175	0.70261019	-0.25876889
1.19965219	-0.27843700	-0.47405457	-1.21722446	1.56939707	-0.27143074
0.93409033	-0.39433716	-0.20657131	-0.77974539	1.04218025	-0.07002458
0.68681339	-0.36406491	0.06673603	-0.63758440	0.25156453	-0.39280626
0.67374955	-0.13881269	0.04402424	-0.26550189	0.64120912	-0.30446140
0.71439888	-0.48196448	-0.02181175	-0.14407026	0.44406488	0.05047181
0.57205093	-0.41604855	0.01642926	-0.09490262	0.29071582	0.23971680
0.59686056	-0.31759599	-0.09765148	-0.62423593	0.98765378	0.31094141
0.79739181	-0.38554051	-0.01334693	-0.08248839	0.55797023	0.21134565
0.45577264	-0.20254072	-0.00479145	0.17022079	1.05070415	0.38926125
0.53196578	-0.30736825	-0.06160312	-0.08583736	-0.02177699	0.38807752
0.57049709	-0.10841242	-0.00358715	-0.68379897	0.19203174	0.05000653
0.79188109	0.04000835	-0.00658672	-0.20487966	0.45485299	0.36603349
0.84053430	-0.26395650	-0.02036962	-0.52491872	0.38539791	0.41265604
0.93639148	-0.32730131	0.13449526	-0.68066573	0.23401538	0.66973188
0.94235846	-0.18951774	0.03360685	-0.31971074	-0.23586798	0.28471772
1.16198992	-0.21828788	-0.04792551	-0.14477220	0.13012746	0.48466510
1.21659872	-0.31192798	0.04262732	0.75561418	0.63498615	0.16180811
1.33260240	-0.48912580	0.00375576	0.20247852	0.90387861	0.09989484
1.18936181	-0.00670681	0.35049504	0.39209287	-0.16601120	-0.60707511
1.38281403	-0.12270087	0.14136446	0.40725314	0.18701204	-0.18477942
1.33500906	0.16682270	0.14045939	0.68437100	0.14016254	0.42595072
1.44208299	-0.21310512	0.11292094	0.20099670	-0.20213406	0.71835718
1.32483874	-0.23743282	0.18067317	-0.77725245	0.16642919	0.70073361
1.21982182	-0.37696534	0.14557268	-0.58750145	0.07971978	0.16691934
1.26503601	-0.51597555	0.00591310	-0.24843574	-0.44681903	-0.44983807
0.90885092	-0.19948585	0.00084317	-0.67811985	-0.27454944	-0.59084649
0.86038934	-0.26932177	-0.16918341	-1.37709382	-0.21490897	-0.19911853
0.65838060	-0.16268024	-0.09102987	-0.97984486	-0.13909582	-0.33932603
0.79974110	-0.53610198	-0.06138083	-1.13297637	-0.65533195	0.06159648
1.07154779	-0.57277332	-0.25020373	-0.47650433	-1.06476886	-0.12537084
1.25001418	-0.42169672	-0.16332474	-0.52903926	-0.50373540	-0.50308234
0.96263292	-0.20508452	-0.13523938	-0.26505003	-0.40365879	-0.53968284
1.06134495	-0.08372472	-0.10876468	-0.36977442	-0.12140973	-0.04712409
0.67203933	0.22376265	-0.04605193	-0.72715865	0.12492495	0.01992669
0.58684608	-0.09818752	0.02408745	-0.54114148	0.07040408	0.18706499
0.34773572	-0.25639716	-0.01857024	-0.55532262	0.26038829	0.01234867
0.57597233	-0.20769942	-0.04340891	-0.76918339	-0.34088913	0.33647206
0.54833049	-0.27470905	0.01608808	-0.49751501	-0.39054695	0.32346502
0.88018675	-0.47929006	-0.07953427	-0.32336854	-0.60363190	0.09462736
0.85414845	-0.25176782	-0.21031050	0.04884226	0.08703703	0.37351791
0.87598970	-0.14175914	-0.13102031	-0.02650789	0.34733930	0.06909670
0.67550567	-0.37693214	-0.23633609	-0.32383824	0.01138592	0.37939141
0.98885037	-0.15155722	-0.07962433	-0.08255228	-0.10063489	0.62803576
1.14046347	0.11218061	-0.16540767	-0.64336578	-0.11224516	0.39673624
1.06069297	0.08476213	-0.05413670	-0.69695003	0.23847156	-0.01533365
1.09005463	-0.10536782	-0.01891592	-1.25794516	-0.12115746	0.26520767
1.34482089	0.09244529	-0.07296216	-1.21678907	-0.89190697	0.50498472
1.16411658	0.36227130	-0.07186792	-0.76704665	-0.37067650	0.21777353
1.34940426	-0.31456496	-0.02615800	-1.10620982	0.16597167	0.32605432
1.39187510	-0.40953987	-0.12282128	-0.50305801	-0.14940038	0.55807983
1.58933328	-0.62826112	-0.04121077	-0.26917834	0.24475112	0.67693185
1.71384146	-0.75086936	-0.30272039	0.44731712	1.28447390	0.58606459
1.56121908	-0.98845020	-0.36409782	-0.38457847	1.38212069	-0.10566860
1.10135096	-0.94868243	-0.09432502	-0.29316001	0.77967179	-0.54054038
0.84823425	-0.54826335	0.18319339	-0.24440702	-0.10229847	-0.60673501
0.97804273	-0.61559662	-0.11958669	0.33617334	-0.26070554	-0.65987932
0.77303958	-0.31283575	-0.06587269	0.06311224	0.49660405	-0.33604767
1.10731392	-0.09231736	-0.12875602	0.03060777	0.38648278	-0.45303589
1.10837855	-0.29023572	-0.11062986	-0.81588903	0.95234121	-0.26259031
0.85727656	-0.28629855	0.08479480	-0.51705771	0.26087956	-0.31570196
