0.99511081	-0.25057153	0.11693712	-0.02497449	0.02669248	-0.04799106
0.99085623	-0.25068970	0.11842274	-0.02433038	0.02944962	-0.04041631
0.99749468	-0.25009691	0.12271233	-0.01408569	0.04261090	-0.04101098
0.99506279	-0.24248430	0.12286806	-0.01400138	0.06170928	-0.02984132
0.99097691	-0.23615109	0.11319923	-0.03447524	0.01673051	-0.03504815
0.98596998	-0.23823343	0.12214134	-0.01542175	0.00512865	-0.01631197
0.99144971	-0.23731649	0.12314619	-0.02301588	-0.05007326	-0.01180782
0.99186065	-0.23586084	0.11667402	-0.02258859	-0.05561142	-0.01430571
1.00384554	-0.24184961	0.10881960	-0.03223790	-0.02023346	-0.01283276
1.00873153	-0.24715576	0.10157155	-0.03711752	-0.02548436	-0.01195541
1.00763634	-0.24879302	0.11140197	-0.02857183	-0.01250765	-0.01686041
1.00683372	-0.24516776	0.11348531	-0.02143586	-0.03875962	-0.00892964
1.00124531	-0.24218106	0.11823514	-0.04035698	-0.00842540	-0.01422307
1.00897378	-0.24389515	0.12121097	-0.00688540	-0.00993432	-0.00884210
1.01582779	-0.24838587	0.11440497	0.01705946	-0.00987267	-0.01486249
1.00571746	-0.25495270	0.10720133	0.00308259	0.01826667	-0.02810135
0.99472070	-0.25813621	0.10767796	0.00352503	-0.00173880	-0.01886039
0.99831194	-0.25487451	0.10704495	0.00739603	0.01032551	-0.02694524
1.01119257	-0.25684251	0.11020150	-0.01000475	0.03103703	-0.04535308
1.00278191	-0.25887487	0.11597926	0.00274659	0.04203646	-0.04319363
1.00009232	-0.25031136	0.10840882	0.00931549	0.01256893	-0.05123498
1.00619757	-0.25056864	0.11306718	0.01074067	0.02877211	-0.02429141
0.99329853	-0.24644560	0.11356403	0.00345169	0.00368508	-0.01786204
1.00056656	-0.23761161	0.11509350	-0.00206350	0.00243369	-0.01971254
0.99694440	-0.24448921	0.10631345	0.01429316	0.02570985	-0.01037184
1.00022844	-0.24712184	0.10938918	0.00299346	0.00452457	-0.01227885
1.00159244	-0.25339070	0.11321096	0.00313528	0.00754750	0.00003213
1.00079101	-0.25324750	0.11042762	0.00736726	0.00602953	-0.00317059
1.00106208	-0.25074922	0.11793901	-0.00121403	0.01189621	0.00875328
1.00256062	-0.25534378	0.11168357	0.00400515	0.00575788	0.00931283
1.00114345	-0.26222476	0.11584175	0.01897445	0.03328085	-0.00560125
1.00318634	-0.25984656	0.11622997	-0.00178209	-0.00728162	-0.02919345
0.99978504	-0.24973867	0.11650963	-0.01030250	-0.01919557	0.00166316
1.00284503	-0.24840348	0.11724939	-0.01805954	-0.01123753	0.00809448
1.00671793	-0.24474984	0.11174874	-0.01571886	0.02629643	0.00933040
1.00328022	-0.24597036	0.11068896	-0.01304410	0.02849147	0.00409963
0.99861086	-0.24401181	0.10992553	-0.02060819	0.02150530	0.01724425
1.00038252	-0.24538112	0.10543393	-0.01138675	-0.00410645	0.02467283
0.99856527	-0.24980663	0.10838509	-0.01114056	0.00463265	0.02703400
1.00066708	-0.24137309	0.10856063	-0.00470748	-0.00801919	0.02962434
1.00322509	-0.24845622	0.11034108	-0.01052556	-0.00938754	0.01867983
0.99770413	-0.24019205	0.11002291	-0.01292572	-0.03559346	0.03787272
0.99641358	-0.24452469	0.10669862	-0.02767711	-0.02831402	0.04123495
0.99508528	-0.24509349	0.10593761	-0.00544941	-0.05020986	0.02620393
1.00261977	-0.24363014	0.10509863	-0.02553423	-0.03361638	0.03504929
0.99964908	-0.24973502	0.10657311	0.00722557	-0.02928189	0.03441218
1.00137800	-0.25794636	0.10609780	-0.00643140	-0.03739923	0.01370628
1.00268704	-0.24419708	0.11251185	0.00749284	-0.01847033	0.00846540
1.00691023	-0.25377759	0.11371138	-0.01409682	0.00207148	0.00504673
1.00379479	-0.24801344	0.11571471	-0.02329000	-0.00762086	0.01047768
1.00144780	-0.24321732	0.10770142	-0.01967511	0.00459858	-0.01780897
1.00383673	-0.25277557	0.10560830	-0.02803993	-0.00542107	-0.00314280
1.00658724	-0.25009496	0.09747116	-0.01477628	-0.02486544	-0.00598790
1.01091630	-0.25143924	0.09463362	-0.00527904	-0.01684686	-0.00676480
1.00953277	-0.24728413	0.09335978	-0.01425776	0.02332387	-0.02416415
1.00580763	-0.25101363	0.09565011	-0.00120857	0.00413965	-0.00790758
1.00122186	-0.25224237	0.09756621	-0.02114942	-0.01523775	-0.01047549
1.00064679	-0.25114697	0.10245533	0.00864071	-0.01629169	-0.02701298
0.99519164	-0.24861388	0.09509616	0.01554129	-0.00700950	0.01170846
1.00527920	-0.25583140	0.10213580	0.01701541	0.02264422	0.00475620
1.00547559	-0.24976176	0.10362455	0.01799847	0.00930044	-0.01419391
0.99871367	-0.25763085	0.09614464	0.00628328	0.00951392	0.00061294
0.99975581	-0.25699876	0.10133697	-0.00157069	-0.01001461	-0.01419897
0.99906524	-0.25456924	0.10068907	0.02196584	-0.00574985	-0.00838296
1.00231677	-0.26146191	0.10205605	0.03412179	0.02025739	-0.00876617
1.00333006	-0.26128448	0.10465469	0.03338317	0.03835682	-0.01422199
1.00206022	-0.24654562	0.10033101	0.05277723	0.02708668	-0.00287517
0.99782149	-0.25397693	0.10196598	0.04256674	0.00707992	0.00197333
1.00210753	-0.24976590	0.09390601	0.03681184	0.00794976	-0.00910130
1.00654423	-0.25732569	0.09871069	0.00918885	0.02501855	0.00765223
1.00284001	-0.25942177	0.09734434	0.02194518	0.02289703	-0.00305204
1.00457107	-0.24931539	0.10934964	0.00086670	0.03740012	-0.02321575
0.99694134	-0.25302760	0.10371283	0.00282703	0.04575055	-0.03282119
1.00585279	-0.24835596	0.10609003	-0.00400836	0.01344122	-0.01114664
1.00364718	-0.25404318	0.11101113	-0.00632457	0.03729040	-0.00979545
1.00277418	-0.24941857	0.10826186	0.00084710	0.04739557	-0.04314214
1.00465913	-0.25607941	0.10169241	-0.00751142	0.06044787	-0.03983001
1.00594370	-0.25092213	0.10593489	-0.00960392	0.03504956	-0.04527886
1.00024568	-0.24864700	0.11000954	-0.01520696	0.04636315	-0.02804983
1.00144253	-0.25062947	0.11553917	-0.01981750	0.02367132	-0.01666027
0.99540745	-0.25047573	0.12229231	-0.00342000	0.01545139	0.00687640
1.00045200	-0.24729348	0.11581790	-0.00809952	0.00480909	0.00817758
0.99625375	-0.24609341	0.11952088	0.00342410	-0.01424229	-0.00799616
0.99900764	-0.25814669	0.11075418	0.00426807	-0.00234785	-0.00051497
1.00069967	-0.25332780	0.10718812	-0.00139005	0.00634696	0.00134893
1.00647792	-0.25497192	0.10250280	0.02041135	0.02753830	-0.01615210
1.00093752	-0.25084555	0.10704307	-0.00075999	0.01697395	-0.00950912
1.00824154	-0.24163757	0.11383161	0.01281549	0.01169206	-0.02938014
1.00024455	-0.24679541	0.10887625	0.00292852	0.00877878	-0.02882478
1.00167701	-0.25050485	0.10641396	0.00275673	0.00672134	-0.01626872
1.00346941	-0.24108073	0.09952661	0.02135582	0.01607410	-0.02432064
1.00028349	-0.23982175	0.10958069	0.01589345	0.03428759	-0.00632841
1.00120205	-0.24283839	0.11844184	0.01177940	0.00902695	-0.00324734
1.00078012	-0.23771366	0.11639235	0.01568959	0.00996913	-0.03386852
0.99414198	-0.23441389	0.11892587	0.03163913	-0.02115412	-0.00966722
0.99078257	-0.22939219	0.12447762	0.01395829	-0.02829253	0.00468152
0.99849317	-0.23536259	0.11440115	-0.00618169	-0.00445980	0.00372558
1.00648736	-0.24258849	0.10945540	-0.02569699	-0.01987478	-0.00742693
1.00236309	-0.24347985	0.10763159	-0.01992061	0.01432158	-0.00388774
1.00260140	-0.25271098	0.10695104	-0.02500024	0.03946085	-0.00360884
1.00024645	-0.24953868	0.11459806	-0.03147608	0.01266502	0.00508699
0.99594449	-0.24749161	0.11320138	-0.03823566	-0.00792259	0.00347108
0.99365039	-0.24741971	0.11227634	-0.04496420	0.01545365	0.01597324
0.99982681	-0.24490516	0.11258451	-0.03648734	0.01163182	0.00311370
1.00046560	-0.24468426	0.11803572	-0.02295140	0.00295608	-0.00090228
1.00147030	-0.25090490	0.11704779	-0.00404304	-0.02711521	0.01350991
0.99528042	-0.24875594	0.11941046	0.01781050	-0.00740210	0.01714455
0.99406013	-0.24878063	0.11369260	-0.00054370	-0.01054130	0.03401910
0.99761623	-0.24138674	0.11921095	-0.02219775	-0.01700435	0.04002464
1.00038779	-0.23978886	0.11275976	0.00347538	-0.02822832	0.03785047
1.00424323	-0.24493563	0.11199298	-0.02052833	-0.00546196	0.01718026
0.99816615	-0.25065415	0.11410438	-0.02531996	-0.01516047	0.00331322
0.99585559	-0.24946669	0.11559556	-0.02306640	0.02389154	0.00028722
1.00378445	-0.24335120	0.11019886	-0.03572527	0.01452004	-0.00379843
1.00512117	-0.24442390	0.10799761	-0.03230137	0.02202819	-0.00003421
0.99923209	-0.24906339	0.11314898	-0.02353303	0.02888876	-0.01760224
1.00263424	-0.24888006	0.10540232	-0.03330823	-0.00892389	0.00550398
1.00191500	-0.25611271	0.11299706	-0.04551332	0.01111950	-0.01160250
1.00138043	-0.25282338	0.10847368	-0.01611870	-0.02143535	-0.03525646
1.00294440	-0.25667808	0.11368178	-0.01230929	-0.00218354	-0.00596697
1.00301640	-0.26039704	0.11843030	0.01018602	0.00576868	-0.01376193
1.00008406	-0.26172239	0.11293399	0.00156009	0.00915852	-0.01296385
0.99827297	-0.25867314	0.10864367	0.00718958	-0.01265679	-0.01866356
1.00376289	-0.24558924	0.11282207	0.02331674	-0.01204828	0.00604053
1.00021721	-0.24073072	0.10929786	0.02737889	-0.02343781	-0.00692194
1.00455495	-0.24720372	0.10482958	0.01413656	-0.00559350	0.00256637
1.00599358	-0.24367823	0.11811345	0.00792387	0.00431350	0.00596328
0.99910010	-0.24331286	0.12339698	0.00959393	0.02202450	0.00934803
