1.00040383	-0.26003392	0.10115405	0.01462598	0.02868779	-0.01147328
1.00113565	-0.25592934	0.10216240	0.03536820	0.01252771	-0.01794235
1.00016792	-0.25984506	0.09870527	0.02898090	0.01099163	-0.00852127
1.00120720	-0.25068538	0.10309154	0.04398004	0.01701968	-0.01433370
1.00017299	-0.25559190	0.09719188	0.03347876	0.00641342	-0.01182713
1.00592617	-0.25842300	0.09721785	0.02809977	0.00932009	-0.01212504
1.00494106	-0.25991555	0.10421990	0.00832919	0.02838052	-0.00838613
1.00347800	-0.25145839	0.10859878	0.00951444	0.02966537	-0.02160449
1.00052635	-0.25439998	0.11163481	0.01414614	0.01916881	-0.01939666
0.99851902	-0.25488233	0.10418352	-0.00848865	0.02669788	-0.01212076
1.00591680	-0.25351421	0.11555090	-0.00364040	0.04577644	-0.00799688
1.00368324	-0.24892715	0.11083988	-0.01064180	0.04163233	-0.02889839
1.00491884	-0.25382922	0.11185626	0.00667522	0.04523356	-0.03814948
1.00705486	-0.24760052	0.10776740	-0.00033135	0.04602498	-0.02690361
1.00482539	-0.24627846	0.11272466	-0.00893147	0.03012604	-0.02413621
0.99957242	-0.24207744	0.11337218	-0.01243845	0.00805172	-0.00323991
0.99757157	-0.24461481	0.11880257	-0.01626461	0.01033059	0.01668902
0.99820964	-0.25129330	0.12216911	-0.01977532	0.01962806	0.00826629
1.00052559	-0.25019495	0.11897843	-0.00645637	0.00165272	-0.00348080
0.99833961	-0.25183884	0.11046791	-0.00080292	-0.01397559	0.00032139
1.00004037	-0.25086632	0.10822672	0.01309368	0.01860435	0.00655264
1.00491825	-0.25507241	0.11045357	0.01451787	0.01658635	-0.00701953
1.00614964	-0.24920862	0.11109173	0.00309033	-0.00115035	-0.00719764
1.00366294	-0.24738314	0.10367294	-0.00853642	0.00173628	-0.01638335
0.99972723	-0.24794829	0.11050676	0.00727086	0.02115190	-0.03401291
1.00098261	-0.24432830	0.10496472	0.00885940	0.00478737	-0.00687103
1.00440475	-0.23959540	0.09944757	0.01989325	0.01624068	-0.02848245
1.00076242	-0.24551058	0.10619016	0.02008514	0.03219456	-0.00812410
0.99890512	-0.24700386	0.11745335	0.04397612	0.03330464	-0.02226061
1.00231146	-0.23683248	0.11960992	0.02158970	0.01403286	-0.00768959
0.99618622	-0.23112135	0.11710074	0.03600293	-0.01141191	-0.01556291
0.99565735	-0.23309244	0.11884189	0.00089395	-0.01804564	-0.00213260
0.99464753	-0.23849284	0.11217456	-0.01045214	-0.01418432	0.00734635
1.00558082	-0.23800337	0.10148819	-0.01705419	0.00085252	-0.00072016
1.00214676	-0.24619095	0.10645699	-0.03063496	0.00136531	-0.00416182
1.00114860	-0.25437145	0.10536200	-0.03157130	0.01235699	0.00338233
1.00486240	-0.25077571	0.11753295	-0.04060883	0.02424588	0.00314953
0.99782709	-0.24347791	0.11220684	-0.04190086	0.00757083	0.02626662
0.99293581	-0.24881783	0.11181781	-0.04337450	0.02668378	-0.00179899
0.99783414	-0.24760635	0.11775406	-0.03280933	0.01493644	0.00949075
1.00214590	-0.24840119	0.11560259	-0.01990022	0.01290504	-0.00560050
0.99901711	-0.24916296	0.11706059	-0.00260347	0.00482723	0.00291594
0.99652777	-0.24581806	0.11834282	0.00726383	-0.01910821	0.02994158
0.99863113	-0.24159256	0.11222035	-0.01108531	-0.01055088	0.03341456
0.99699798	-0.24128105	0.11396652	-0.01763468	-0.01600992	0.03255395
0.99805921	-0.23947716	0.11553446	-0.01979753	-0.01074961	0.02548443
0.99936301	-0.24855374	0.11736576	-0.01104496	-0.01992680	0.03074121
0.99874210	-0.25011971	0.11726230	-0.00733563	0.01673756	-0.00354431
1.00077041	-0.24754245	0.11351818	-0.01995558	-0.00241349	-0.00137907
1.00500600	-0.24235594	0.11247900	-0.02189860	0.00277121	0.00297320
1.00146728	-0.24734562	0.11755233	-0.04716642	0.02121051	-0.00518581
1.00171278	-0.24498826	0.11479885	-0.04803030	0.02312840	-0.01475110
1.00058772	-0.24592751	0.11485200	-0.04072479	0.02236920	-0.00570774
1.00053364	-0.25055307	0.10937964	-0.03914098	0.00083997	-0.02810456
0.99988373	-0.25025435	0.11078521	-0.01933696	-0.00313508	-0.00819604
0.99996894	-0.25052163	0.11915857	-0.01408167	0.00045656	-0.00912191
1.00017440	-0.25779229	0.11590864	-0.00517852	0.00588028	-0.01926561
1.00184141	-0.25988743	0.11776543	-0.00272481	-0.00582360	-0.01728679
1.00054938	-0.25951550	0.10772122	0.00107313	-0.01290318	-0.00335094
0.99825597	-0.24958644	0.11323662	0.03091570	-0.00606678	-0.00849257
0.99858877	-0.24367416	0.11586225	0.02441100	-0.02114043	-0.00606392
1.00392835	-0.24503313	0.11238266	0.01771173	-0.00518000	-0.00784068
1.00352776	-0.24651741	0.11615661	0.01567579	-0.00273943	-0.00832157
1.00272202	-0.24313274	0.12154858	0.00172030	-0.00385732	0.00136708
1.00269412	-0.24572637	0.11667339	-0.01018158	-0.00622199	0.00878842
1.00427037	-0.24844756	0.10922809	-0.00465407	-0.00424543	0.02193343
1.00244435	-0.25268533	0.11331103	0.00224258	-0.00702951	0.00065076
1.00434459	-0.25457159	0.11427043	-0.00159144	-0.01393677	-0.00698178
1.00696966	-0.24611250	0.10742453	-0.00301582	-0.00936418	0.00384433
1.00309670	-0.25221327	0.09686411	0.00155006	-0.00691660	-0.00270234
1.00587454	-0.25126162	0.10478685	-0.00676743	-0.00449413	-0.00173907
1.00039588	-0.24993564	0.11433493	-0.02296274	-0.00339257	0.01134830
1.00096467	-0.24913684	0.10792009	-0.01769894	-0.00192890	-0.00053597
1.00038308	-0.23999598	0.10726852	-0.01106268	0.00786325	0.00249808
1.00132003	-0.24295712	0.11119958	-0.02267921	-0.00225146	-0.00482915
1.00566659	-0.24088005	0.10857532	-0.02264939	0.00543113	0.00515462
1.00504128	-0.24572426	0.11109714	-0.02801118	0.01577201	-0.00808103
1.00198753	-0.24142391	0.10953215	-0.01129895	0.00004380	-0.01148555
0.99913487	-0.23719462	0.10766329	-0.03425870	0.00510747	-0.00603054
1.00108668	-0.23832332	0.11502780	-0.03135400	-0.00536664	-0.00083116
1.00202956	-0.24309785	0.10319062	-0.02223670	0.00097689	-0.01030276
1.00075373	-0.24959181	0.10905139	-0.01509799	-0.00125585	-0.00939998
1.00209044	-0.24961321	0.12197673	-0.01809103	-0.00089119	-0.00936857
0.99963538	-0.24960688	0.11041662	-0.00378519	0.00268669	0.00349630
0.99597674	-0.24409176	0.11338016	-0.00870184	-0.00696986	-0.02526248
0.99607742	-0.24258561	0.10999977	0.00337109	-0.01246700	0.01608972
0.99538649	-0.24405387	0.11127742	-0.00778575	-0.00395460	0.01894780
0.99672436	-0.24567865	0.11450376	-0.01833622	-0.01123966	0.00145688
1.00040394	-0.24308233	0.12390836	-0.00132097	-0.00164181	-0.00411575
0.99978909	-0.25202252	0.11502343	-0.02420261	0.00477845	-0.01786364
1.00374423	-0.25607382	0.11771172	-0.01705500	-0.00189052	-0.00013015
1.00207840	-0.25375967	0.11490610	-0.01310628	-0.02052677	-0.00726182
1.00483645	-0.25732332	0.12118404	-0.01546862	-0.00239619	0.01277910
1.00569378	-0.25363671	0.11736013	-0.00493546	0.00207144	0.00259503
1.00272469	-0.24475680	0.11298431	-0.02222174	-0.01608192	-0.01176479
1.00280246	-0.23821780	0.10720187	-0.01142234	-0.00684291	-0.00048670
1.00331430	-0.24102921	0.11318177	-0.02439174	-0.00181830	0.00257851
1.00234236	-0.24827359	0.11104460	-0.02277529	0.01055502	-0.00814663
1.00476094	-0.24542260	0.10857155	-0.02274955	0.01271004	-0.00393358
1.00365681	-0.23710051	0.10294886	-0.02016699	0.01066095	-0.01101941
1.00563471	-0.24281702	0.10975047	-0.02620336	0.00408743	-0.01537882
1.00360891	-0.24353307	0.10642459	-0.03621928	0.00209161	-0.00999165
1.00455850	-0.24058055	0.11054530	-0.02156094	-0.00217615	-0.00967457
1.00242950	-0.23882786	0.11246722	-0.03222582	-0.00606313	-0.01721659
1.00020273	-0.23727091	0.11216701	-0.02260443	0.00432066	0.00996489
1.00559764	-0.22964478	0.10937398	-0.01696043	0.00055279	0.00191572
1.00336634	-0.22759668	0.10998647	-0.02200711	-0.00659436	0.00398799
1.00459452	-0.23618599	0.10282034	-0.02813652	0.00312309	-0.00363658
1.00822152	-0.24294004	0.11028636	-0.04513949	0.00589118	0.00001447
1.00365335	-0.24140271	0.10658885	-0.03699641	0.01432171	-0.00239048
0.99786626	-0.24222622	0.10378921	-0.03109360	0.00682530	0.00198472
1.00039449	-0.24649948	0.10439874	-0.03500854	0.00504875	-0.00356189
0.99926979	-0.24731007	0.10465358	-0.04321200	0.00034998	0.00845723
1.00182263	-0.24700369	0.10615303	-0.01149695	0.00385252	-0.00132614
0.99913986	-0.25067498	0.10719773	-0.02970276	-0.01352630	-0.00290887
1.00203109	-0.25180447	0.11196721	-0.01697331	0.00809898	-0.00087494
1.00242695	-0.25069118	0.11055554	0.00014561	0.01071891	0.01196470
1.00060226	-0.25195106	0.10651934	0.00282955	0.00148937	0.00267956
0.99877541	-0.24514004	0.10496440	-0.01354024	0.00052447	0.01154363
1.00115057	-0.25239423	0.09991114	-0.01751017	-0.00378017	-0.00024472
1.00627649	-0.24615276	0.10514268	-0.01924326	0.00817444	0.00773513
1.00220164	-0.24406524	0.10745723	-0.01047198	-0.01381370	0.00371893
1.00008881	-0.24925296	0.10923862	-0.03629415	-0.00723686	-0.00532095
0.99799687	-0.25772868	0.11224095	-0.01652698	-0.02284993	-0.00373834
1.00433186	-0.25305857	0.11085235	-0.00462313	-0.01415991	-0.01534639
1.00646865	-0.24737418	0.10958184	-0.00616341	-0.00456469	-0.01638169
1.00619350	-0.23430245	0.09915912	-0.00439321	-0.00278514	-0.02079175
1.00760310	-0.23405090	0.10006687	-0.01246394	0.00564052	-0.01786222
