1.00117972	-0.01805255	0.17350493	0.00408132	-0.02716851	-0.01290156
0.99976277	-0.02329267	0.18083169	-0.01432675	-0.03507205	-0.00329868
1.00093019	-0.02104097	0.18531943	-0.00649093	-0.04269106	0.01482503
1.00290861	-0.02319616	0.18710007	0.00348607	-0.04351035	0.00816977
1.01284678	-0.02412820	0.18204554	0.00192407	-0.02481800	0.00761756
1.01499653	-0.02201163	0.17222299	0.00538893	-0.00830665	0.00164377
1.01519345	-0.02206965	0.17612233	0.01401105	-0.01195759	0.00002132
1.01329636	-0.01759361	0.17793777	0.00232876	-0.02047479	0.00102112
1.01680015	-0.02076471	0.17918424	-0.01075139	-0.02162332	0.00599219
1.01416756	-0.02463615	0.18033069	0.00841611	-0.01588285	0.00578630
1.01427911	-0.02819231	0.17991466	0.01577009	-0.01873498	0.00156686
1.01150734	-0.02861737	0.17669388	0.00512186	-0.03184776	-0.00057213
1.01261408	-0.02248780	0.17913508	0.00295494	-0.00836232	-0.00343626
1.01658537	-0.01475351	0.17922320	0.00299084	0.01424545	0.00770569
1.01509101	-0.01933899	0.17733876	0.00563898	-0.01251468	0.00681124
1.01091225	-0.02326839	0.18308292	-0.00079416	-0.02092048	0.00468515
1.00638388	-0.01516312	0.18135141	0.01342643	-0.02841680	-0.00648226
1.00411658	-0.02214579	0.17888809	0.00189176	-0.03632397	0.00134239
1.00307891	-0.02479095	0.16454976	0.00592063	-0.03443165	0.01628780
1.00712336	-0.02113958	0.17120890	0.01319096	-0.02823434	0.01306950
1.00832202	-0.02001899	0.16946418	0.01318810	-0.01541704	0.01453965
1.01079200	-0.02154520	0.17000208	-0.00197966	-0.01043751	0.00938063
1.00944165	-0.02647490	0.17167291	0.00266183	-0.01576971	0.00198667
1.01513973	-0.02402494	0.17007984	0.00270702	-0.01017947	-0.00608198
1.01954036	-0.02122386	0.16251681	-0.00732129	0.00592736	0.00846315
1.02460593	-0.02220808	0.17311756	-0.00485591	0.01248628	-0.00189821
1.01307822	-0.02127845	0.17981138	-0.01002509	0.02593893	-0.00565980
1.00317968	-0.02570601	0.18638103	-0.00445647	0.00742409	0.00195356
1.00364970	-0.02419513	0.18748663	0.00255463	-0.00769994	0.00286829
1.00782817	-0.02484100	0.17851855	0.00782522	-0.01687141	-0.00109998
1.00986146	-0.02743685	0.17455094	0.00777108	-0.00361763	-0.00548511
1.00697354	-0.02639118	0.17271310	-0.00873805	0.03757207	-0.00150016
1.00868833	-0.02383976	0.17477741	-0.01423743	-0.01198618	0.00094783
1.01304625	-0.02573808	0.18080377	-0.00534198	-0.01735309	0.01145544
1.01315488	-0.02949734	0.19216128	0.01566199	-0.00652355	-0.00406206
1.01452540	-0.02904408	0.18444022	0.01229350	-0.03703511	-0.00661767
1.01608340	-0.02256789	0.17519007	0.00986089	-0.02884302	0.00317590
1.01145458	-0.01759379	0.17629760	0.01122603	-0.01993740	0.01654121
1.01175488	-0.02125270	0.17879570	0.01624444	-0.02749516	0.02235227
1.01118424	-0.03109378	0.17442185	0.01478797	-0.01895393	0.00769893
1.01480420	-0.01955470	0.16881328	0.00607197	-0.01174375	-0.00847740
1.01337620	-0.01963189	0.17123726	-0.00151719	-0.00939075	-0.00287817
1.01292879	-0.01687078	0.17201423	0.00878329	0.00856431	0.01354011
1.01300844	-0.02069858	0.18051215	0.00025754	0.00230468	0.00500042
1.00672252	-0.02201981	0.18138497	0.00042000	0.01013144	-0.00272677
1.00417832	-0.02499022	0.18307504	0.00768855	-0.00614395	0.00156145
1.00670122	-0.02468909	0.18011906	0.00806214	0.00417708	-0.00031809
1.01461317	-0.02631660	0.17867108	0.00339148	0.00041166	-0.00244497
1.02430402	-0.02402211	0.18292569	0.00673390	0.02104975	-0.00586005
1.01608595	-0.02373327	0.18379731	0.00580852	0.01430082	-0.01671526
1.00240511	-0.02483893	0.18231898	0.00609984	-0.00830806	-0.00523236
1.01136355	-0.02294981	0.18530863	0.01031990	0.02763011	-0.00465165
1.00725435	-0.02746328	0.18097260	0.00058992	0.00866475	-0.00310382
1.01239392	-0.02887420	0.17803137	-0.00777690	-0.00549536	-0.01056042
1.01424126	-0.01835117	0.16751994	-0.00538050	0.02232117	-0.02133621
1.02023168	-0.01576495	0.17337916	-0.00718254	0.03200939	-0.00534366
1.00860928	-0.01687853	0.17719458	-0.00507100	0.05038513	0.00556618
1.00919751	-0.01907167	0.17976747	-0.00914705	0.02353223	-0.00011851
1.00796758	-0.02099582	0.18372907	-0.00929748	0.00256550	0.00098849
1.01172192	-0.02135582	0.19313982	-0.00362749	0.01208837	0.00425195
1.01138696	-0.02631401	0.18836126	0.01457671	0.01265886	-0.00063443
1.01250171	-0.01795749	0.19051324	-0.00098769	0.01785311	0.00602201
1.01171427	-0.02459264	0.18676736	-0.01526119	0.00771512	-0.00351091
1.01056471	-0.02687568	0.18161378	-0.00152948	0.01874328	-0.00821934
1.00742188	-0.02519471	0.18232795	-0.00398873	0.01444189	-0.00479758
1.01117589	-0.02505091	0.18489265	-0.00462619	0.03998421	-0.00082327
1.00582401	-0.02481331	0.18809453	0.00254833	0.03652645	-0.00158812
1.01393258	-0.02368543	0.18273254	0.00787074	0.01225270	-0.01381620
1.00891457	-0.02163041	0.19173421	0.00486049	0.02130168	-0.01743360
1.01091259	-0.02223777	0.19702784	0.00379776	0.01065907	-0.01962353
1.00681129	-0.01890354	0.19603455	-0.00300320	-0.00058904	-0.00215573
1.00851241	-0.01787212	0.18574006	0.01047611	-0.01122051	0.00799245
1.01018100	-0.01802600	0.18419482	0.00401994	0.00903802	-0.00369583
1.01036807	-0.02319517	0.19257946	0.00010341	-0.00268543	-0.00325336
1.00865233	-0.02009611	0.18883650	0.00681672	-0.00765076	-0.00198119
1.00729270	-0.01752466	0.18997870	0.00584574	-0.02553454	0.00615387
1.00964897	-0.02073772	0.19033573	0.00995342	-0.01632072	-0.00106508
1.01100114	-0.02643517	0.18107057	0.00475232	-0.02358159	0.00340681
1.00668557	-0.02511580	0.18746037	0.00349911	-0.02057232	0.00460408
1.00725890	-0.02171508	0.18492612	0.00217751	-0.02072059	0.00470427
1.00828685	-0.02293240	0.18425109	0.00926126	-0.00187276	0.00600411
1.00405329	-0.01870969	0.19469823	-0.00218693	-0.01603070	-0.00469768
1.00565820	-0.02079898	0.18927826	-0.00039714	-0.01847986	-0.01150348
1.01054834	-0.02173283	0.18110299	-0.00571795	-0.00518333	-0.00551261
1.01244559	-0.02116078	0.17517516	0.00272925	-0.00897731	-0.00856330
1.01006467	-0.01784186	0.17700606	0.00424887	-0.01395268	-0.00483067
1.00425443	-0.01970055	0.17761947	0.00466162	-0.01936288	-0.00145787
1.01371675	-0.00935237	0.17636264	0.01159586	-0.02500075	0.00503161
1.01430028	-0.01573072	0.18427132	0.00017823	-0.02786263	-0.00283804
1.01747217	-0.01555315	0.17787900	0.01016238	-0.01859331	0.00760016
1.01362563	-0.01664608	0.17397242	0.00964716	-0.00610051	-0.00166242
1.00819341	-0.01169702	0.18161632	0.00274559	-0.03275228	0.00478524
1.01426536	-0.02269302	0.18180621	0.00115623	-0.02386727	0.01725733
1.01125513	-0.02946139	0.18152023	-0.00629170	-0.00131250	0.02207770
1.00542497	-0.02854970	0.18259014	0.00765910	-0.02084787	0.00219432
1.01085384	-0.01979002	0.17822435	-0.00264027	0.00169149	-0.01415937
1.01428174	-0.01470020	0.17986827	-0.00486538	0.04473148	-0.00182681
1.01594510	-0.01443418	0.17917605	-0.02040427	0.01779128	0.01327529
1.01413367	-0.02426631	0.18401323	-0.01676452	-0.00900327	0.00666183
1.00698953	-0.03389318	0.18781124	-0.00395960	-0.01067152	-0.00621623
1.00893179	-0.02818108	0.18599134	0.01281211	-0.02992608	0.00133203
1.01345689	-0.02025236	0.18949652	0.01701811	0.00644667	0.01052381
1.01004364	-0.02017973	0.18244973	0.00179312	0.00042456	0.01389281
1.00874329	-0.02117292	0.18317478	-0.00637576	-0.02031749	0.00721965
1.00520193	-0.02074868	0.18621885	-0.01337260	0.00342499	-0.01288344
1.01170204	-0.03045449	0.18507888	-0.00174297	-0.00264292	-0.00259415
1.00643934	-0.02184530	0.18387376	-0.00278825	0.00193537	-0.00635178
1.00508733	-0.02046818	0.18446909	-0.00542930	0.00127853	-0.00535337
1.00871381	-0.01955469	0.17914826	-0.00345993	0.01935566	-0.01086615
1.01074852	-0.02074089	0.18368616	-0.02067816	0.01404173	0.00931519
1.01441764	-0.02359472	0.17736311	-0.01419572	0.00310086	0.00566426
1.01517960	-0.02372486	0.17909448	0.00306013	0.02176885	0.00579643
1.01391232	-0.02210134	0.17524408	0.00527497	0.02078219	-0.01172558
1.00977673	-0.02099994	0.17860232	-0.01162273	-0.01269275	-0.00258704
1.01327390	-0.02372573	0.18256992	-0.00569093	0.00245974	0.01618600
1.00789398	-0.02406123	0.18601472	0.00113249	-0.00237018	0.01478171
1.00875251	-0.02864088	0.18094550	0.00564949	-0.00731351	0.00177080
1.00472260	-0.02424981	0.17602193	-0.00025604	-0.00691770	-0.00102866
1.00125499	-0.01762524	0.18017770	-0.01265186	-0.01145419	0.00067077
1.00833823	-0.02208691	0.18573081	-0.00072337	-0.02330180	0.00285280
1.00793982	-0.02070736	0.18984628	0.00882859	-0.01556628	0.01172700
1.01065476	-0.02376997	0.18385388	0.00371661	0.00677410	0.00878044
1.00923651	-0.02145424	0.18686219	-0.00051925	-0.00166512	0.01340463
1.01080991	-0.02130026	0.18465116	-0.00412003	-0.01441728	0.00654167
1.01718409	-0.02234288	0.18134687	-0.00474331	-0.00217736	0.00122782
1.01873440	-0.02111748	0.18060937	0.00897864	-0.01136915	0.00180967
1.01303284	-0.01909507	0.18350751	-0.00086105	-0.01100817	0.00464246
1.01151324	-0.02349045	0.17290322	0.00262681	-0.02813730	0.00961594
