0.00630184	1.02580427	0.01691110	0.17289418	0.13921707	0.42183422
0.00480175	0.95397966	0.02662245	0.17574006	0.11474869	0.41561240
0.01599409	1.00815874	0.03855885	0.16385772	0.02896232	0.39379038
0.03104980	0.98146479	0.02718080	0.20222571	0.08907299	0.29035143
0.01628732	1.02360259	0.02176406	0.23359739	0.18007930	0.30930710
0.01098808	1.00110731	0.03144154	0.17648751	0.19946872	0.39981379
0.00659166	1.04042003	0.03954185	0.23169149	0.08321261	0.42725460
0.01605584	1.00613759	0.01956733	0.20525847	-0.02283403	0.44651523
0.02384858	1.01304978	0.02351164	0.16977161	0.04143773	0.35675448
0.02620004	0.99252548	0.02136684	0.23362368	0.07928883	0.34105392
0.01015060	1.00522648	0.04013974	0.21686290	-0.00299985	0.35307919
0.01294858	1.01129202	0.03177715	0.21231583	0.01672034	0.35271606
0.01805339	1.01047450	0.02994942	0.20588300	0.04277500	0.50089080
0.01632354	1.00157148	0.02026135	0.24521786	0.06975250	0.43054130
0.02299033	0.96940447	0.00947093	0.21091255	0.11857832	0.46285232
0.01112904	0.96797190	0.01270855	0.20252620	0.09097516	0.36694153
-0.00097830	0.97880443	0.02507126	0.18121812	0.07328463	0.31492914
-0.00364923	1.01081934	0.02281616	0.23827973	0.00323798	0.30264691
-0.00422893	1.03344102	0.01793995	0.23605927	0.01015513	0.41360242
0.01945590	1.06703703	0.02150436	0.19755993	0.03862900	0.40559959
0.02314500	1.07383889	0.00747061	0.26087104	-0.01152671	0.43084184
0.02367094	1.02773632	0.01575774	0.21369857	-0.01142578	0.46502184
0.02490655	1.00969363	0.01919348	0.18511734	0.01046565	0.40470228
0.01423226	0.95029588	0.00831719	0.18326449	0.04596308	0.36898714
0.01130495	0.98405198	0.01435703	0.16961083	-0.01288090	0.33601650
0.02173603	1.00302504	0.00509722	0.16849512	-0.02389831	0.34589150
0.01028037	1.02036837	0.00345485	0.17209328	-0.01222437	0.33468692
0.01962058	1.01596045	0.01333287	0.17724117	-0.01039826	0.40923367
0.01136687	0.99769199	0.01075146	0.17960019	0.04351662	0.28162588
0.00934946	1.01294407	0.01437221	0.13748623	0.03334310	0.34651721
-0.00118011	1.01894782	0.01574171	0.17217409	-0.00492923	0.44401740
0.00348514	1.00919966	0.00588195	0.14577552	-0.02099213	0.39121936
0.01450918	0.99758826	0.00491146	0.08722262	-0.02349283	0.40422296
0.02081338	1.00628332	-0.00612047	0.08467908	-0.00846397	0.28649486
0.01698635	0.98758523	-0.00944236	0.08387012	0.02446090	0.30109896
0.01811079	0.99485496	0.01669878	0.04971012	-0.00085249	0.39743945
0.01906375	1.01379457	0.02766820	0.07024627	0.03202140	0.38032896
0.02365923	1.02336614	0.00591823	0.07015703	0.00724349	0.30183005
0.02382050	1.03462742	0.02084878	0.09149210	-0.00098582	0.33923050
0.03392889	0.99023809	0.00685669	0.06361702	0.03825009	0.34870471
0.01953024	0.97359720	0.02265071	0.10514500	0.02830270	0.31188463
0.02471892	0.97666499	0.01627674	0.09619923	0.01521512	0.27722617
0.01577244	0.98187320	0.01532944	0.06512745	-0.00557202	0.29037960
0.02140839	0.97804571	0.03823032	0.12904442	0.03067814	0.33293101
0.02562035	0.99937848	0.03818374	0.20339327	0.01437546	0.32964768
0.01699638	0.98694850	0.03705628	0.14378245	0.06498981	0.23190998
0.01224125	1.00523998	0.04114462	0.11082192	0.03901913	0.39798249
0.01362441	0.99636570	0.02840551	0.15793708	0.01755864	0.30184461
0.01663356	1.01770725	0.02594087	0.22818579	-0.00147984	0.33603070
0.00800187	1.01620372	0.02724536	0.16833242	0.02164025	0.28711630
0.01714221	1.00886341	0.02285423	0.15589027	0.03766369	0.33273280
0.01179739	1.00305811	0.02684506	0.19425819	0.04316965	0.36096426
0.01224174	1.00542561	0.02650813	0.18988842	-0.06499108	0.26485402
0.01019835	1.00513479	0.01365295	0.16840244	-0.02492735	0.29661333
0.00833378	0.99767884	-0.00303128	0.12218289	0.01446029	0.31296658
0.00795939	1.00519656	0.00114123	0.08368885	0.02220448	0.29222639
0.01488743	1.01171745	-0.00722168	0.07419874	-0.00600752	0.26773715
0.01896860	0.99810854	0.00938412	0.04889030	0.01063206	0.19416113
0.01866418	0.99623088	0.01205177	0.02715509	0.00331101	0.24571960
0.01990315	0.99666727	0.01575471	0.06512764	-0.00677109	0.26797867
0.01025264	0.99089555	0.02622173	0.06959310	-0.04597351	0.20789964
-0.00290161	1.01096841	0.02183332	0.00874409	-0.04092180	0.26978778
0.01317567	1.01505132	0.01710873	0.07030816	-0.00950925	0.30513260
0.01925705	0.99619809	0.01533655	0.09063573	0.01287769	0.31836986
0.00997567	0.98886340	0.01888262	0.07365706	0.03368591	0.29214830
0.00968841	1.00392688	0.02936252	0.05595234	-0.01140573	0.30843755
0.00308355	0.99996219	0.03393401	0.08728955	-0.07942675	0.28730461
0.00717256	1.00559475	0.03946864	0.16059851	-0.04887268	0.16497739
0.01945481	0.99523357	0.02935143	0.12129426	-0.00774866	0.26147705
0.01983829	1.01793170	0.01373037	0.07071575	0.01847104	0.24537836
0.01128599	1.00825687	0.01176823	0.09378332	0.01813780	0.26260370
0.00108236	1.02379173	0.02074706	0.12192477	-0.03822249	0.30829885
0.00890795	0.99948627	0.01274534	0.13429662	-0.03472819	0.21062091
0.01982687	1.01240141	0.01879991	0.13180425	0.01595045	0.25428939
0.00936572	0.98358318	0.02201112	0.09908754	0.02539782	0.28063261
0.01130259	0.99011861	0.02637296	0.07895347	-0.00161402	0.23985317
0.00677268	1.00217255	0.01699209	0.02625323	0.00233048	0.20682309
0.00295415	1.00665237	0.01092858	0.09586926	0.03756198	0.25054973
0.00925248	1.01504184	0.01177733	0.09290324	-0.00889953	0.20648610
0.01360497	1.00300260	0.01669429	0.10015805	-0.02998898	0.20489786
0.01063648	0.99497372	0.00982509	0.03789384	-0.00478048	0.24613466
0.01045145	0.98116280	0.01772510	0.05565394	-0.00120659	0.28030533
0.00685087	1.00801259	0.02178542	0.05672473	0.00142117	0.28545008
0.00096511	1.00856363	0.02218538	-0.02621927	-0.01232829	0.18827093
0.01552652	0.99764769	0.01902787	0.05637251	0.01231055	0.23439458
0.00966985	1.03600685	0.01477016	0.13851092	-0.00780437	0.17139359
0.00644099	0.98369205	0.01781633	0.03491378	0.04168221	0.29574707
0.01554980	0.99355303	0.01471252	0.09330828	0.09119429	0.19852433
0.00759273	0.98963881	0.01429185	0.04082234	0.02724181	0.23720224
0.00907908	1.01228012	0.01770467	0.05539835	0.01332860	0.15748002
0.00536848	1.01247416	0.01840135	0.06799297	0.03746700	0.21572462
0.00792984	0.99755947	0.02092678	0.05562934	0.03172162	0.28935056
0.01094809	1.02119575	0.02079422	0.04369036	0.02756167	0.16622372
0.00464873	1.02597306	0.02394567	0.10762338	0.03388141	0.18917949
0.00838082	1.03315670	0.02004895	0.07169850	0.01278658	0.25300314
0.01172561	1.01400084	0.00509099	0.06023094	-0.02756760	0.26177149
0.01511841	1.01914849	0.01502314	0.10198820	0.00631881	0.19669627
0.01605927	1.00612083	0.00474275	0.03265858	0.01468361	0.17692602
0.01606096	0.99652772	0.00719908	0.00847702	-0.00693115	0.15563368
0.01461008	0.99877990	0.01914146	0.04836218	0.01821896	0.17085712
0.01077479	0.98364941	0.01835648	0.04874274	0.03991266	0.18401426
0.00687876	0.99324197	0.02134444	0.06689956	0.01635269	0.13957134
0.00281319	0.99733781	0.01870624	0.04150796	-0.00915837	0.11159052
0.00684501	1.00098736	0.01620407	0.06275268	-0.01213472	0.11384568
0.00859828	0.99245942	0.00813263	-0.00163476	0.04476269	0.14631652
0.00438122	1.02119335	0.00251074	0.04854755	0.03850806	0.18295394
0.00522441	1.01512113	-0.00853896	0.08283835	0.03952995	0.11252058
-0.00158400	0.99610465	0.00669096	0.01003612	-0.02310298	0.23424119
-0.00150808	1.00329632	-0.00175580	0.03662083	0.03546444	0.14974625
-0.00181918	0.99107230	0.01649022	0.03687159	0.01641801	0.13780630
0.00574190	0.98679529	0.02072430	0.07198490	-0.02518238	0.18724917
0.01430933	1.01439782	0.01443922	-0.01267319	-0.00813815	0.08428622
0.01358070	0.99771705	0.02005978	0.02398154	0.02559869	0.07131007
0.00190265	0.98475483	0.01413277	0.03488611	0.05343079	0.08452902
0.01145738	0.99319575	0.01419692	0.07461790	0.10841038	0.01835099
0.01291159	1.02458470	0.00844904	0.04576664	0.09575920	0.14921445
0.00155274	1.04051981	0.00503292	0.03321716	0.06658336	0.10402953
-0.00044637	1.02420196	0.02017506	0.06154277	0.03891538	0.06596585
-0.00589095	1.01982392	0.01448577	0.05410842	-0.02074189	0.09623001
0.00017830	1.00776607	0.01388822	0.06316510	-0.02979503	0.13585354
-0.00419816	0.99231030	0.01744328	0.07086429	0.00448576	0.11885886
0.00190043	0.98228246	0.01594453	-0.02513070	-0.01355855	0.16328525
0.00102418	1.03325079	0.01092527	-0.03703587	0.00627992	0.17622946
-0.00313514	1.02399247	0.00519878	0.00313149	-0.01087997	0.19255180
-0.01065494	0.98541151	0.00795715	-0.00069877	-0.04054866	0.22848361
-0.01077544	0.99209750	0.03127007	-0.00495817	-0.03355116	0.06277553
-0.01008430	1.01365630	0.02142153	0.02809107	-0.04966785	0.09268436
0.00270263	1.00725214	0.01038102	-0.02458459	-0.03761134	0.08947030
