0.00403278	0.99918934	0.00715916	-0.00023864	0.03813173	0.13026370
0.00520842	0.99834309	0.01236606	0.00535519	0.03878783	0.12665693
-0.00470203	1.00018855	0.01183633	0.01545366	-0.03761946	0.13724405
0.00541318	1.00222794	0.02155610	0.02855349	-0.01621590	0.12548745
0.00060070	1.00274919	0.01816351	0.02418945	-0.04323039	0.12742705
-0.00325323	1.00983205	0.01779079	0.04093562	-0.02300241	0.14979034
0.00273084	0.98810301	0.02231455	0.05165167	-0.00472435	0.10986282
-0.00479388	1.00108707	0.01323246	0.06100410	0.00676638	0.11855208
-0.00129831	0.98815790	0.01869058	0.05091210	0.05109897	0.11291417
0.00142886	0.98659690	0.01632391	0.03038961	0.03090933	0.07634959
0.00535509	1.00110166	0.01043416	0.00065111	0.04268919	0.06225161
-0.00893060	1.02152683	0.00809040	0.00725951	-0.02356125	0.11027821
-0.01206768	1.03123305	-0.00698082	0.00603214	0.01210102	0.13364601
-0.00588472	1.02124083	0.00560701	0.01045736	0.02998263	0.11140808
-0.00212751	1.00597615	0.02228193	0.00351676	-0.03912602	0.10926888
-0.00617421	0.99880365	0.00945594	-0.02246113	-0.04788549	0.11602862
-0.00966498	1.00514205	0.01205549	-0.00069531	-0.05187304	0.11345761
-0.01371724	1.00001201	0.00510481	-0.00307373	-0.04189444	0.09931113
-0.00235208	1.00053867	0.01542699	0.01020631	0.01391983	0.07701320
0.00396211	1.00740417	0.01787048	-0.00418267	0.00519036	0.09448546
-0.00411014	0.99420753	0.01945378	-0.00560252	-0.02871321	0.11112367
-0.00159154	0.99829213	0.01108534	-0.00673436	-0.03972129	0.08772935
-0.00542757	1.00627478	0.02238273	-0.00270887	-0.02365675	0.08941962
-0.00376724	1.00367634	0.02252881	0.01112143	-0.04613745	0.07788811
0.00142101	1.00838373	0.02724084	0.00697133	-0.00111109	0.07403516
-0.00348658	1.00465632	0.00549337	-0.01140808	-0.00717195	0.10506802
-0.00625595	1.00683457	0.01090277	-0.00485160	-0.00273558	0.08459658
-0.00075973	0.99536510	0.01981433	0.02957283	-0.03023170	0.09256451
-0.00098624	0.99876005	0.02722451	0.01457167	-0.01795460	0.08688890
-0.00208074	1.00271605	0.01617756	0.04655880	-0.03410116	0.06329624
-0.00561759	0.99552880	0.01942861	0.02629466	-0.00500259	0.06370371
0.00426712	1.00367658	0.00749743	0.01689478	0.01090359	0.02859431
-0.00503591	1.01839725	0.00753961	0.00283718	-0.00036079	0.03624319
-0.00211793	1.02664371	0.00351064	-0.00136934	0.00789299	0.05342157
0.00063972	1.01431259	0.00463943	-0.00685331	-0.00113848	0.07755995
-0.00897474	1.01183078	0.00426522	-0.00816903	0.00607909	0.07830236
0.00744901	1.01051717	0.01612697	-0.01162377	0.00319674	0.06850627
-0.00176247	0.99747935	0.01384759	-0.03588465	-0.01759173	0.06274249
0.00341107	1.02280072	0.01103621	-0.02894445	-0.02542224	0.07377593
-0.00087215	1.01523454	-0.00697287	-0.02612184	-0.00664405	0.06422740
-0.00281167	1.01481221	0.00890885	-0.00753016	0.01156398	0.09289610
0.01053335	1.02782109	0.00392990	-0.02161278	0.01123151	0.09500422
-0.00286428	1.02764688	-0.00396077	0.01115313	0.01106489	0.09564440
0.00059006	1.01776934	0.01250391	-0.00342223	0.00573086	0.05568166
-0.01149747	0.98752217	0.00375241	-0.01896360	-0.02207144	0.05591351
-0.02316359	0.96609601	0.02363240	-0.01500410	-0.01255414	0.04363474
-0.02554228	0.97901571	0.03970200	0.00249437	-0.07754281	0.04487770
-0.01846201	0.97871705	0.03814411	0.02963178	-0.10684576	0.06545477
-0.00433764	0.98493650	0.01379690	0.01804442	-0.12915722	0.05249262
0.00069457	1.01047334	0.01925099	0.02527267	-0.04989776	0.05766243
0.02091783	1.02675933	0.00524748	0.01909808	-0.01427698	0.06727450
0.00583056	1.02341927	0.01210663	0.01981864	-0.00726573	0.03780620
-0.00964580	1.00022141	0.02500751	0.00921727	-0.02036226	0.06714188
-0.01433710	1.00042850	0.02355224	0.02899506	-0.04170136	0.03028976
-0.01541715	0.98953085	0.01286166	0.02073248	-0.04751069	0.03908189
-0.00572204	0.99907959	0.01975583	0.01228916	-0.06485508	0.01729260
-0.01203755	1.00156123	0.01054321	0.00344515	-0.05037686	0.03819314
-0.01142096	0.99897085	0.02633995	0.01051611	-0.03302939	0.05072844
-0.00765483	0.99708268	0.01992011	-0.00662667	-0.01516847	0.03401964
-0.01056627	1.01555370	0.01063082	-0.00918094	-0.03891880	0.00878583
-0.01077804	1.00475486	0.01526693	-0.00798097	-0.02883927	0.05405276
-0.01164268	1.00391524	0.02215508	0.00742618	-0.03966167	0.03011279
-0.01038801	1.00046497	0.01279325	0.01781925	-0.06135885	0.04620901
-0.00777902	1.00469110	0.00466760	0.02415277	-0.04380648	0.04652427
-0.00007889	1.02381891	0.01121165	0.01344676	-0.03562830	0.01457174
-0.00543143	1.01273161	0.00013152	0.00013612	-0.03079131	0.01770499
-0.00633732	1.02266992	-0.00921738	-0.00830780	-0.05195881	0.03616952
-0.00923807	1.01335695	-0.01005689	0.02608102	-0.04961434	0.04174247
-0.00743589	0.99713289	-0.01458243	0.04320482	-0.06380180	0.04458641
-0.01600195	0.99782398	0.00441830	-0.00466981	-0.03116353	0.03691582
-0.01330002	0.99541037	-0.00103615	0.02420099	-0.07222552	0.04137774
-0.00425477	1.00011197	0.00035007	0.02149910	-0.05114970	0.01869366
-0.00267721	1.00629868	0.00070152	0.04477512	-0.03315279	0.03253479
-0.00467594	0.99781447	-0.01327966	0.03441280	-0.00519525	0.01714520
-0.00618936	1.00029540	-0.01935401	0.01592829	-0.02020530	0.01498220
-0.01361098	0.98502067	-0.00544694	0.02181206	-0.03423773	0.01569196
-0.01347884	0.98851497	0.00158499	-0.00803954	-0.03884072	0.04630371
-0.01091307	1.00400367	0.00476063	0.00098506	-0.01508459	0.01765744
-0.00947673	0.99457970	0.00623145	0.02050840	-0.05347299	0.02685645
-0.01073152	0.99973593	0.00872356	0.01769832	-0.05078131	0.04101981
-0.01116464	0.99835510	0.01136289	0.04151920	-0.04516840	0.04802900
-0.01698106	1.00194385	0.01025214	0.02074079	-0.05718002	0.03385247
-0.00940001	1.00984373	-0.01393689	0.01986046	-0.04867502	0.03125186
0.00750811	1.01028550	-0.01008581	-0.00631348	-0.03138358	0.02741896
0.01043369	1.00153784	-0.00324213	-0.01104218	0.00163770	0.00191035
0.00444192	1.00403177	-0.01442721	-0.01119705	0.01358697	0.01896123
-0.01410553	1.00521385	-0.00240411	-0.00760054	0.00762240	0.04019306
-0.01085870	1.00632648	-0.00883700	0.00664369	-0.08112224	0.02515713
-0.00837860	1.00649362	-0.00999734	-0.01083972	-0.05790499	0.00905052
0.00152945	1.00234913	-0.02400656	-0.04990601	-0.01155558	0.01488696
-0.01421563	0.99337609	-0.01736631	-0.02387084	-0.00538435	0.01516955
-0.01690096	1.00755007	-0.00257389	-0.00653160	-0.02515330	-0.00012117
-0.00717777	0.99699199	-0.00466498	-0.01452477	-0.08333020	0.03150784
-0.00711209	1.00291733	-0.00523934	-0.00676390	-0.04582624	0.03365400
-0.01026643	1.01109784	-0.02709425	-0.00518994	0.00488474	0.01547946
0.01773506	1.00592478	-0.01283952	-0.02009800	0.02007140	0.01156712
0.00202906	1.00662909	-0.00854026	-0.00491372	0.04975168	0.02913666
-0.00946721	1.00760291	-0.01151292	0.00268902	0.05643022	0.00642143
-0.01326963	1.02100890	0.00253718	-0.01099444	-0.01011716	0.03163683
-0.01685124	1.01640083	0.00193636	-0.00002137	-0.03787723	0.01603136
-0.01511444	1.00125616	-0.01976229	-0.01005730	-0.05099674	0.00755172
-0.00479473	0.98384771	-0.01691847	-0.00254021	-0.02062253	0.01274472
-0.01112637	0.98461959	-0.01633002	-0.01769455	0.05007071	0.04848731
-0.00507690	0.98801127	0.00060555	-0.02879420	-0.00130499	-0.01910663
-0.00897574	1.00160847	-0.01280701	-0.03346738	-0.04199492	-0.00057609
-0.01642713	1.01947387	-0.01401180	-0.03119082	-0.04959109	-0.00039442
-0.00961661	1.02155165	-0.00001325	-0.01549637	-0.01097272	0.00441964
-0.01138874	0.98405755	0.00090706	-0.04079167	0.00787487	-0.00518877
-0.00967390	0.99057994	-0.02219999	-0.02874298	-0.01427137	0.01174752
-0.01678468	1.00162136	-0.01682871	-0.02144158	-0.00847658	0.00523820
-0.00461303	1.02094600	-0.00842811	0.00343986	-0.00358047	0.02636755
-0.00010447	1.00624426	-0.00827427	-0.02527449	0.00008035	0.00756364
-0.01116017	0.99747893	-0.01194636	-0.00964332	-0.00052616	-0.00821665
-0.00596470	0.99726368	-0.01895999	-0.01586112	-0.00448121	0.00895631
-0.01416769	0.99574028	-0.00897081	-0.02826248	-0.02144927	0.01548488
-0.01741034	1.01929932	-0.01034573	-0.02968318	-0.03256695	0.00294822
-0.01622083	1.00830584	-0.01960812	-0.01414676	-0.02872980	0.00545473
-0.01304583	1.00692870	-0.00392613	-0.03661224	-0.01213934	0.03352337
-0.01063141	0.99794721	-0.01497464	-0.02210516	-0.03728653	0.01746352
-0.00784074	0.99687089	-0.01934243	-0.02826858	-0.00401399	0.00928543
-0.01277069	1.00091933	-0.01113948	-0.02641317	-0.02142658	0.00676565
-0.01019686	1.00986825	-0.00139122	-0.04065256	-0.02005294	0.00380182
-0.00224737	1.00563779	-0.01125583	-0.02346249	0.00120625	-0.00247957
-0.00082198	1.00130076	-0.01220733	-0.00503359	-0.00227085	-0.01392261
-0.00245269	0.99232076	-0.02072832	-0.02250648	-0.02875106	-0.01012321
-0.01475340	1.00800348	-0.00809298	-0.01431656	-0.02564245	-0.00562239
-0.01049961	1.01688896	-0.00459863	-0.01040140	0.01739599	-0.00424868
-0.00810931	1.00890712	-0.01376687	-0.00493523	-0.03526136	0.03368455
