0.88915558	-0.19300052	0.03133699	0.21405207	-0.67694113	0.86452171
1.69411460	-0.64913539	-0.23955984	0.10869042	-0.56640003	0.39873620
1.92315308	-0.37853007	-0.23374171	0.04845972	0.23298906	0.13147292
2.24396708	-0.48775966	-0.10724237	-0.11393786	0.17410940	-0.65144269
1.83950481	-0.32558270	0.08251828	-0.90130812	0.40511838	-0.51687344
2.01590604	-0.05303407	0.04049432	-1.12838301	0.22865744	-1.10623559
1.74122752	-0.02892619	0.03561785	-1.08045475	0.06781652	0.21989716
1.05084667	-0.30516684	0.11771215	-1.12547367	-0.58900400	0.45371885
1.12677884	-0.21996805	-0.02726779	-0.25413300	-0.83146420	0.67240807
0.84908590	-0.47937463	-0.17532690	-0.47110615	-0.53721284	0.71600079
1.02832278	-0.41234711	-0.07677675	0.15955911	-0.20865760	0.03088913
1.05809717	-0.22018239	-0.15295885	0.11587554	0.28252994	0.27889956
0.35725729	-0.16456399	-0.13632590	-0.22114891	0.19033289	0.07105942
0.48024995	-0.36204381	-0.05707381	-0.26671969	0.24920591	0.21969698
0.24144434	0.04229688	-0.03289542	-0.01230382	0.13405425	-0.08306935
0.53001998	0.19366628	-0.05640284	-0.56763009	0.33365671	-0.01299891
0.07190923	-0.20597492	-0.12494184	-0.21288523	0.05477911	0.39641978
0.16463121	-0.02859993	-0.11361390	-0.05168205	-0.19970827	0.41801999
0.62514446	-0.21301718	-0.10645414	-0.17392947	1.23196967	0.38821023
0.69065472	-0.24351458	-0.02005176	0.00665138	0.12539228	-0.36957824
0.57654249	-0.05537431	0.03893899	0.08817434	0.60367572	-0.65638485
0.75286682	-0.06764321	-0.03907477	0.35869422	0.94186770	-0.17327811
1.17580981	0.15820366	0.03623608	-0.13970093	0.43081401	-0.53742236
1.13514608	0.34485374	-0.01721016	-0.56573036	-0.19819520	0.16953592
0.76005022	0.24933265	0.10558221	-0.67269128	-0.97544607	-0.10864837
0.87153459	0.00474614	0.06151245	-0.62054089	-0.25209278	0.21065600
1.03641815	-0.51276903	-0.02287851	-0.98406290	-0.34807062	0.04737210
1.69469723	-0.65599366	0.01706775	-1.38301448	0.31519625	-0.47175129
1.53261279	-0.53714358	0.00355001	-0.82498398	0.21525546	-0.20539728
1.64676953	-0.61025799	-0.06974587	0.09878068	0.24187544	-0.65412089
1.64915312	-0.62128192	0.02840506	-0.23589084	-0.55482331	-0.65706688
1.61565750	-0.31466317	-0.00672409	0.56809011	-0.89609323	-0.31448543
1.50966481	-0.17272573	0.01108929	0.74761801	-0.02178405	-0.38509139
1.87384172	-0.20131304	-0.00789918	-0.18026441	-0.08980786	0.16642275
1.17801983	-0.22076703	-0.06409995	-0.39340955	0.63819627	0.24599699
1.08370966	-0.08426741	0.05624275	-0.58883247	0.80675727	0.27761867
1.13551722	0.17835843	0.05734417	-0.45492286	0.51915075	0.58446501
0.59614634	-0.06583885	0.13318807	-0.14115006	0.01663598	0.33618980
0.73083741	-0.10349141	0.13950552	-0.46903988	-0.14871045	0.42567445
0.58510563	0.08637331	0.08539518	-0.19235044	0.37882274	0.54617069
0.28876165	-0.29280776	0.18233460	-0.59247964	-0.40645873	0.80522112
0.18992320	-0.40639681	0.11933755	-0.63340955	-0.17076961	0.24267357
0.53933101	-0.08641733	0.02871709	-0.52758246	0.45881234	0.39906156
0.62448122	-0.48591540	0.08373066	-0.16491395	-0.18165371	-0.15247611
0.76909897	-0.04924181	0.07551584	0.46380672	-0.07047455	-0.05853492
0.44153015	-0.24754561	0.17384206	-0.56052180	0.01414115	-0.06167891
0.39267675	-0.34168010	0.06839793	0.02882468	-0.64181648	0.37893541
0.66278235	-0.36377850	0.10121818	-0.22755438	-0.25806346	0.69758715
1.12521042	-0.33328310	0.14897005	-0.10715704	-0.11198056	0.14294729
0.85523333	-0.03197760	0.09999645	0.21238741	-0.21847054	-0.28222765
0.61538127	-0.27287066	0.09813870	1.04150826	-0.19723365	-0.37745432
0.97696759	-0.10314246	0.09007451	0.83793178	-0.46060870	-0.33419448
1.00439154	-0.03194965	0.09776518	0.39613417	-0.48805367	-0.08575282
1.20439717	-0.26237001	-0.09233695	0.62788065	-0.43571894	0.42739638
1.66763379	-0.70946367	-0.22457033	0.27638057	0.04030271	1.09436684
2.00330797	-0.76378889	-0.17383650	0.35030382	0.24994792	0.53069870
1.86902340	-0.91002769	0.09679077	0.54221868	1.12829201	-0.69497676
1.20864196	-0.83557134	0.25286595	0.42295520	0.21974538	-0.65334129
1.53452341	-0.17774929	0.12746761	1.27113398	-0.94634584	-0.91233050
1.79995984	0.32371448	0.11400723	0.34599601	-0.57281011	-0.99581971
1.46516370	0.41154657	0.06404839	-0.57533854	-0.34615125	-0.55688627
1.71127212	0.23338270	-0.00667574	-1.26036942	-0.53861056	0.43670208
1.08713000	0.01131985	0.00380961	-0.55901163	-0.57139456	0.80743037
0.80072039	-0.45562452	-0.10855954	-0.51022973	-0.43016019	0.98047067
0.92793426	-0.44695022	-0.10207787	-0.24642878	-0.83473352	0.82210792
0.79943487	-0.29906397	-0.02361507	0.52748113	-0.40412046	0.49574043
0.60261283	-0.35765995	-0.06573704	0.35165380	0.02965081	-0.06760904
0.65625158	-0.10634120	-0.14559836	-0.03985532	0.46502660	0.30085348
0.95047240	-0.23694248	-0.04871414	-0.04716504	-0.11311948	-0.22857248
0.86065786	-0.32780425	-0.19525392	0.17464931	0.28510783	0.12750468
0.44436408	-0.43629115	-0.14434126	-0.28847648	0.00401241	-0.31302636
0.58367809	-0.00938039	-0.07253240	0.03081195	0.55687498	-0.31661914
0.75555648	-0.08811017	-0.07638522	-0.17820328	-0.18721921	-0.56894766
0.81849332	0.20740559	-0.02533776	0.36734090	0.49784292	-0.35895169
0.67207994	0.12838026	0.05354382	-0.53265020	0.98210184	-0.17950687
0.72265276	-0.11047586	0.00203304	-0.36111193	0.09156565	0.21766932
0.76401540	-0.13612083	0.01069784	-0.97698147	-0.27199703	0.29364240
1.09307583	-0.17124192	-0.01183826	-0.77318413	-0.00785472	-0.11698051
1.09783093	-0.22721456	0.02262304	-0.82898212	-0.15450235	-0.04564760
1.31489789	-0.43142226	-0.05994879	-0.70758491	0.03416490	-0.23477117
1.19696267	-0.52882723	-0.00117948	-0.70528660	0.10512452	-0.44586190
1.30972933	-0.26582928	0.03874897	-0.13133090	-1.04983872	-0.18359061
1.58551971	-0.48239352	-0.00404397	-0.24121587	-0.68092375	-0.06047613
1.76168338	-0.52236667	-0.16087246	-0.66670511	-0.39588833	-0.49713568
1.78521129	-0.49982241	-0.06194728	-0.66480009	0.37372287	-0.44861446
1.56162528	-0.13200717	0.00781215	-0.60791627	0.82475157	-0.69195253
1.81857759	-0.20328050	-0.00817565	-0.60795308	0.28409657	0.04532575
1.71482653	-0.02744201	0.07059578	0.12082205	0.26549303	-0.17424893
0.94174473	-0.22724945	0.01086023	0.08242216	0.68342606	0.29167861
0.89678882	-0.34332078	0.19493984	-0.15495372	0.60980263	0.05308117
0.55399933	-0.15242693	0.07066285	-0.17405977	0.33458590	0.27820868
1.04232456	-0.01581978	0.13332830	0.25081097	0.27785470	0.55839060
0.65512446	-0.19263701	0.10880708	-0.56052766	-0.09086717	0.47246936
0.90553873	0.08666709	0.08924091	-0.77353550	0.41895250	0.51753187
0.51287121	-0.32734747	0.05861347	-0.55769735	0.61171899	0.48072359
0.56732879	-0.05945607	-0.00243236	-0.48984824	-0.26091705	0.38405450
0.48920174	-0.41029604	-0.02708727	-0.35108192	0.20402571	0.25584649
0.61742613	-0.31986066	-0.00777197	0.11391512	-0.27340251	-0.29124927
0.60357341	-0.31305828	0.00327303	-0.31645959	0.13893259	-0.85158293
0.86702422	-0.06403294	0.02079701	-0.35516865	-0.20174582	-0.20227531
0.64248522	-0.10774478	-0.04101831	-0.28525247	-0.29110258	-0.09883921
0.75864203	-0.11308000	-0.09371152	-0.03793357	0.41827471	-0.29545080
0.83106644	-0.13758079	0.04500961	-0.48210808	-0.04853002	0.57659279
0.98523574	-0.08494680	0.10835439	-0.08417720	0.54953840	0.18698254
0.82260163	-0.14552249	0.15137009	0.01040095	0.33691154	0.33360674
0.49154984	-0.18098141	0.23823380	-0.10339285	-0.11102117	-0.20455715
0.64844533	-0.20449729	0.28370809	-0.05466085	-0.23694451	-0.21619618
0.50247602	-0.15306115	0.16318907	-0.24868749	-0.47659381	-0.31045263
0.53880100	0.11074188	0.14959897	-0.51102862	0.06522737	-0.44864512
0.90892880	-0.06648184	0.04600994	-0.58218064	-0.82035428	0.21811523
1.56207427	-0.57561110	-0.21060784	0.18717833	-0.27230289	0.17448402
2.25705703	-1.05421833	-0.17348429	-0.15501371	1.33419190	0.46796368
1.32321587	-0.47618347	-0.07146445	-0.28906695	2.27053393	-0.55085686
1.32249652	-0.37275806	0.18442080	-0.34682676	1.17111435	-0.94560332
1.58595178	0.26459447	0.15827618	-0.25833778	-1.35426844	-1.08877292
1.92986886	0.20686191	0.02516516	-0.51195632	0.26802348	0.05054999
1.40223667	0.33399099	-0.11216767	-1.36623786	0.24891613	-0.33097426
1.27529056	0.04884470	-0.02087530	-1.63720683	-0.65756960	0.06196401
0.67977687	-0.31901318	-0.01241714	-1.58287702	0.52124039	0.31903809
0.99153783	-0.05261517	-0.01303206	-1.03677440	-0.52278540	0.51057395
0.93354200	-0.54898008	-0.04592996	-0.24615058	0.40069829	0.30646380
1.21244240	-0.15756457	-0.15457307	-0.01320732	0.88511492	0.28288787
0.67576111	-0.06282417	-0.19044100	-0.95444536	0.95075353	0.33886085
0.63127819	-0.03706442	-0.14737402	-0.83640314	0.42894683	0.09763298
0.47047206	-0.34377603	-0.09152507	-1.26064853	0.45377786	-0.05289504
0.48357451	-0.41119192	-0.11726681	-1.61403274	1.24780215	0.02131433
0.41415102	0.06224404	-0.14588079	-0.42524999	0.26004863	-0.09095067
0.38399007	-0.05935314	-0.07540959	-1.15785603	0.65127791	-0.08877926
