0.73684533	0.24210009	0.17801879	-0.78657931	0.28484783	-0.33176173
0.89252840	-0.10296743	0.15520401	-0.84370618	-0.13617926	-0.63319802
0.58190567	-0.14436921	0.19867195	-0.76842782	-0.24137847	-0.12551574
0.65181080	-0.22486784	0.10585437	-0.22196596	-0.20303602	-0.79524386
0.82998804	0.23446202	0.13325711	-0.71466689	-0.20934475	-0.30302172
0.94288375	-0.12124804	0.08116737	-1.03573184	0.00565502	-0.24519808
0.95864444	0.10070889	0.00213963	-0.43865321	-0.16172547	-0.33963091
0.92183826	-0.16012992	-0.05163887	-0.30027382	0.01540130	0.43548723
1.07398660	-0.16896164	-0.07158006	-0.40558874	-0.12909966	0.56271536
1.34420083	-0.62328038	0.00065865	0.04190679	0.15997542	0.42689560
1.77095845	-0.85390261	-0.13722333	-0.08230831	0.38693500	-0.05144673
1.76739579	-0.86751730	-0.15735702	0.06498355	1.24995180	-0.92444037
1.25255733	-0.48247551	-0.08142241	0.02143750	-0.01940403	-0.72415379
1.50748062	-0.33670210	-0.05322580	-0.06432260	-0.69798227	-0.41805925
1.69324172	-0.20596601	-0.14403286	-0.40383307	-0.19754529	0.47235823
1.79238799	-0.05863350	-0.06355830	-0.79774122	0.46560453	-0.17163463
1.35755887	-0.31832246	-0.11726740	-0.58556960	0.72883069	0.61564985
0.80823809	-0.09844343	-0.09176858	-1.35091088	0.49440960	0.08797658
1.03506027	-0.19041734	-0.10485980	-0.76252821	-0.25919643	-0.34961485
1.21570774	-0.28951400	0.04722433	-0.67640856	-0.20767397	0.02592475
0.91774189	-0.35538726	-0.02396975	-0.28042310	-0.53679045	-0.13362994
1.01993287	-0.23154274	0.09052359	-0.05277210	-0.28484437	0.08760037
0.85765968	-0.31512438	-0.10730395	-0.24715791	0.16888693	0.43684956
0.65581901	-0.00180852	0.03606518	-0.33999709	0.28297039	0.54481913
0.97818468	0.03818779	0.02427900	-0.55704559	0.48372459	0.13459589
0.57904942	0.04011721	-0.02260952	-0.68630206	0.92439637	0.07113557
0.23469243	0.19766180	0.02943405	-0.89679220	-0.14663030	0.55934932
0.12967149	0.01132987	-0.10932207	-1.13669763	0.09356306	0.50121522
0.31597649	-0.06906609	-0.01859850	-0.53846328	0.31692478	0.67586777
0.77239666	-0.35523675	-0.13458252	-0.43050094	0.11947845	0.16128506
1.03156079	-0.31947454	0.02721859	0.14709885	0.68028453	-0.73528952
0.84040725	-0.09687635	-0.14761564	0.81745204	1.38414895	-1.05867957
1.05720042	0.05595327	-0.03030201	0.08281265	1.49528850	-0.77895997
0.47175873	0.33574276	0.05291714	-0.39833027	0.69485979	0.83792562
0.45588284	0.43411511	0.07249294	-0.66630460	-0.09591091	1.52364051
0.85585413	0.20712333	0.01560219	-1.34091556	0.04271290	1.19050183
1.19193014	-0.09396953	-0.19294690	-1.70252455	0.64358711	0.20931136
1.23543659	-0.54593035	-0.06445161	-1.92045306	0.46751129	-0.07469142
1.24701877	-0.76748194	-0.01447912	-2.04366194	1.15916137	-0.39294302
1.07843964	-0.79936111	-0.06874241	-1.12831741	0.65778640	-0.86812893
1.20537321	-0.66171668	0.00826677	-0.78238292	-0.90301233	-0.83872699
1.78203905	-0.75267826	-0.05127173	0.16382405	-0.42795468	-0.36131281
2.09582293	-0.57300975	0.00625127	-0.37811512	-0.25479012	-0.49123690
1.74545110	-0.59761148	-0.09921419	-0.47664655	-0.09833936	-0.34170864
1.69377578	-0.37002643	-0.05091915	0.21785161	0.38332939	-0.14879137
1.75180452	-0.03946526	-0.10784845	0.09375893	1.12763121	-0.31458532
1.42000206	-0.14133276	-0.06321004	-0.38280357	1.14125045	-0.06464109
0.67260648	0.12017336	0.14061893	-0.13475619	0.78413501	0.40310804
0.92935542	-0.10718716	0.11681727	0.01091267	0.12805005	0.25858536
0.85301566	-0.07256654	0.06151177	-0.41618088	-0.39788463	0.42780030
0.49586906	-0.11061924	0.17158574	-0.68590630	0.14295929	0.45747034
0.49782609	-0.05269445	0.09072019	-0.47503018	0.19594378	0.09518178
0.56785925	-0.00407281	0.08052157	-1.36523950	0.29479143	-0.14285349
0.36190563	-0.38692524	0.08788589	-0.75734094	0.82041871	-0.31386695
0.45682945	-0.07977726	0.17415746	-0.91646775	0.04347205	0.56022591
0.02731059	-0.23531981	0.15789069	-0.60458985	-0.24731104	0.11428843
0.51071426	0.12433965	0.13332481	-0.48422316	-0.59053950	-0.06872650
0.65977140	-0.39944201	0.08796353	-0.32141885	-0.23976828	0.05925286
0.51189678	-0.13226435	0.09810177	-0.11266572	0.21777999	-0.02183008
0.69768476	0.05263105	-0.01219847	-0.39538841	-0.48551399	-0.41036896
0.28162293	0.04596208	-0.01924760	-0.59215036	-0.36553139	0.05854960
0.72896229	-0.00808719	-0.01246248	-0.67344741	-0.07642659	0.06940257
1.06008486	-0.58195214	0.07715070	-0.56835509	0.40167961	0.43993631
0.97749264	-0.45000208	0.06909110	-0.40979039	0.23882425	0.10911958
0.49059233	-0.33380142	-0.14276327	-0.00379325	0.04584820	-0.01024177
0.67247094	-0.68885177	-0.33508327	-0.02780153	-0.41332339	0.25958237
1.28386075	-0.72916174	-0.34619421	0.00296996	-0.29959659	0.51949062
2.03560399	-0.42187960	-0.30291663	0.82997221	-0.23035077	0.37008438
1.92803010	-0.49093703	-0.03214398	0.75110885	0.86169967	-0.79659978
1.65435369	0.00786107	0.24790280	0.14906565	-0.26886540	-1.35973217
1.75823778	0.07186894	0.13362295	-0.25725629	-0.39288356	-1.35253598
1.29490558	0.12905159	-0.00091907	-0.56688983	-0.16937273	-0.13586337
1.80046888	-0.08050625	-0.03796967	-0.76833448	0.68023793	0.20863107
1.37858041	-0.23672996	-0.19712335	-0.44142767	0.03781082	0.89009222
1.24249685	-0.44452423	-0.02964705	-0.55405841	0.80648377	0.39368691
0.83369893	-0.34680904	-0.02731401	-0.41655634	-0.09704297	0.17406440
0.60930890	-0.17101012	-0.03091101	0.10363819	-0.40395011	-0.25800344
0.82894260	-0.25906954	-0.04513633	-0.54316630	-0.20433274	-0.38175186
0.86282661	0.27087451	-0.06775942	-0.31728295	0.36789774	0.45619163
0.79656899	-0.02539375	-0.13791683	0.03196553	0.25147564	0.68170623
0.51278173	-0.02039609	-0.08977021	-0.57191141	0.07130937	0.52384532
0.45376332	-0.19811938	-0.15289918	-0.36484407	0.57438899	-0.07965475
0.43228900	-0.00384715	-0.07265347	-0.53757628	0.29257801	0.12606704
0.76438406	-0.24793345	-0.04526218	-0.00165752	0.57557166	0.00741009
0.45527654	-0.14773533	-0.07654267	-0.11335663	0.18911193	-0.05833842
0.64730163	0.06039776	-0.01715356	-0.17531162	0.73312560	-0.30921732
0.56518823	0.28368481	-0.11341975	0.38176025	0.06855791	-0.05446706
0.68732793	-0.08262435	0.00832336	-0.38717561	0.39021315	0.89907955
0.81679262	-0.11599271	-0.11143126	-0.29512429	-0.13746401	0.55931375
0.87630940	0.23651920	-0.10249700	-1.09326272	-0.06051905	0.24221935
0.88889099	0.01096592	-0.04998614	-0.90013555	-0.18698701	-0.06581687
0.98931783	-0.20785440	-0.01245876	-0.80037440	0.70686745	0.02934656
0.99670497	-0.28681986	0.02709433	-0.68815442	-0.24873691	-0.22468705
1.32537176	-0.48215474	0.06440158	-0.32822271	-0.68009817	-0.32779905
1.53709321	-0.67632878	-0.00704538	-0.02389314	-1.04684161	-0.47063566
1.66578150	-0.44010175	-0.16666797	-0.33934490	-1.15901438	-0.25525569
2.13627790	-0.61502093	-0.02267336	-0.31424398	-0.13742185	-0.10410008
1.84658921	-0.40993635	0.00556886	-0.07656038	0.07142256	-0.46092470
1.86751429	-0.41660787	-0.07654429	0.33312494	0.16949567	-0.42623599
1.38388284	-0.27669830	-0.08580607	-0.11191759	1.04485361	-0.31331843
1.18542377	0.05667248	0.10090897	-0.33700381	0.50003403	-0.15034961
0.87713900	-0.10355108	0.11524263	-0.07475188	0.57868294	0.63498903
0.86843669	-0.06898757	0.10427258	-0.96167435	0.29790296	0.32968498
0.57937487	-0.12715322	-0.00870501	-0.15038439	0.27524064	0.69190878
0.73696044	-0.34848754	0.07803126	-0.31797540	-0.11281073	0.69935425
0.67790498	-0.24409400	0.05987449	-0.57895705	0.40494815	0.38696975
0.69780381	-0.02946520	-0.03085850	-0.49797357	-0.31469965	-0.15776027
0.32118493	-0.09291615	-0.01153117	-0.42054203	0.28696354	-0.03729638
0.57775671	-0.12773648	0.06799912	-0.72623018	-0.09647843	-0.12870918
0.34738629	0.06357168	0.08866494	0.18839795	0.23226134	0.11913104
0.23054502	-0.00719967	0.11795544	-0.28928789	-0.23710323	-0.47671033
0.44602525	0.02992991	0.11072002	-0.32521621	-1.07075852	-0.08188303
0.87508502	-0.33629732	0.01615815	-0.07902176	-1.22885078	-0.27983958
1.07642381	-0.30150751	0.06518331	-0.22977145	-0.70461762	0.12817755
1.27465144	-0.14506554	-0.19857358	-0.04778517	0.11548799	-0.07738583
1.49424767	-0.22701706	0.01452144	-0.08695526	0.62074503	-0.27839351
0.87274031	0.05514356	0.05568298	-0.60570402	0.24132094	-0.22191583
0.74234065	0.09184919	0.16142574	-0.85150316	0.51904121	-0.21203493
0.96110358	-0.20379320	0.02528005	-0.14620087	-0.33901236	0.21943146
1.19917966	-0.39209189	-0.17660232	-0.78055169	-0.12564575	0.68131796
1.95241358	-0.52513459	-0.17181440	-0.69737926	0.32576942	0.94621412
1.43050616	-0.94734240	-0.07318183	0.23878989	0.58734421	-0.12309836
1.90929101	-0.48257894	-0.02256134	-0.07588867	0.53958398	-0.52406313
1.64299972	-0.26264448	-0.04055281	0.72720705	-0.35793794	-0.56015835
1.81513055	-0.19534598	-0.05512279	0.51424271	-0.15612562	-0.44981594
1.59798016	-0.24220573	-0.10728379	0.45687250	-0.32058483	-0.54850150
1.42151673	0.19506434	-0.05239197	-0.99504703	-0.05533566	-0.13395352
1.11205447	-0.03353447	-0.01228418	-0.54815065	-0.23104666	0.56166904
