0.33056234	-0.23410254	0.13873609	0.27771783	0.59478263	0.04775503
0.54045664	-0.08477062	0.04240738	0.39807258	-0.27945973	-0.13242834
0.64224622	-0.12981691	0.06498172	0.75959174	0.43581848	0.37266510
0.92923846	0.04583586	0.10475777	0.58747293	-0.04234247	-0.30699932
0.84868831	-0.23041552	0.00488021	0.67744521	0.24021785	-0.21625267
0.81188074	-0.15567760	0.12658369	0.51067570	-0.39599296	0.15559379
0.79658582	-0.35280114	0.08085316	0.51886853	-0.15753247	-0.07080085
0.93625548	-0.42488917	0.03470150	1.45646408	-0.53236003	-0.28631384
1.30749858	-0.34196741	0.08025453	1.14521058	-0.13237530	-0.40381279
1.16614238	0.07830916	0.12799475	1.19747019	-0.95365266	-0.05784697
1.39423891	-0.15401586	0.06739498	0.40731304	-0.10620518	0.14810496
1.49616349	-0.15948782	-0.05182495	0.72430977	-0.66594502	0.54526750
1.49078158	-0.12793968	-0.07857124	0.48719463	-0.50351417	1.18724315
1.90836074	-0.55257914	-0.01489193	0.24736962	0.33185862	1.30226619
1.74715893	-0.68681165	0.09723541	0.40394975	0.67245175	1.08480588
1.48396739	-0.59073714	0.10235738	0.88684575	-0.08962114	0.22922102
0.78899560	-0.70996159	0.17710533	1.17854752	0.33124296	-0.21315019
0.50541503	-0.57780627	0.20485655	0.36960111	-0.77724653	-0.31779235
0.58775329	-0.34175292	0.04162119	0.52225453	-1.12826473	-0.58836051
0.59577483	-0.26283303	0.06715923	0.48054647	-1.84621364	-0.29110628
0.82256428	-0.59547866	-0.04620009	0.64299610	-1.45954393	0.05895985
1.02185737	-0.52092090	-0.15274033	0.99311993	-0.63872918	0.50866240
1.12317687	-0.37901629	-0.20298330	1.26177245	-0.24260957	0.08134677
0.88995982	-0.42133729	-0.03294688	0.87140900	0.35729769	0.06336291
0.78647423	-0.42652231	0.04657888	1.14794953	0.03918416	-0.14608436
0.75723969	-0.23495288	-0.04880078	1.25139125	-0.70745608	-0.45373865
0.74181125	-0.18020712	-0.11511172	1.22897571	-1.29793490	-0.15083962
0.70967229	-0.13818038	-0.11858503	0.66875863	-0.83486170	-0.37710672
0.65590533	0.10433830	-0.09690493	0.45791675	-0.18980354	0.15113355
0.75722428	-0.15070136	-0.18276338	0.40832706	-0.53954178	-0.59948060
0.87708837	-0.11917424	-0.18385769	-0.24571054	-0.74208441	-0.50105296
0.65325297	-0.42318469	-0.15660157	0.60066115	-0.48160336	-0.47574921
0.62644517	-0.45921834	-0.12758575	0.92952412	-0.28700968	-0.42751233
0.80436379	-0.18794321	-0.16721382	0.99696906	0.02757257	-0.29143811
0.70426999	-0.32458913	-0.13215647	0.65219877	-0.12795470	-0.25652301
1.00776906	-0.07284675	-0.14601870	1.51298040	-0.02538363	-0.47499793
0.99153042	0.05110105	-0.05251055	0.56696941	0.18115350	-0.22382515
0.79129554	0.09730349	-0.14505643	1.30522028	0.46821171	0.02569865
1.16410087	-0.00946134	-0.11699677	0.16948434	0.45749597	-0.24256253
0.98420419	-0.02294662	-0.07633639	0.13997434	0.09204028	0.01705309
0.83692947	-0.10471650	-0.02556375	-0.05080269	-0.01349137	-0.39986114
0.99907567	-0.23522095	0.07359701	-0.03974437	-0.28889469	-0.22583201
1.01315704	-0.06130740	-0.00277805	0.36307514	-0.16615064	0.06852689
1.29122079	-0.49210536	0.02299848	0.22099926	0.52329459	0.10932930
1.27167993	-0.38817859	-0.09966958	1.36602834	-0.83145135	0.15927614
1.37042963	-0.13614199	-0.02239055	0.64831933	-0.49512256	0.21976420
1.63673709	-0.25742095	0.01624806	1.20023880	-0.46600564	0.03747011
1.70387239	-0.14040746	-0.04769019	-0.18395945	-0.34863388	0.34522723
1.63699767	-0.17879627	-0.09022920	-0.59434441	-0.41163791	0.58789524
1.36013771	-0.39456904	-0.15042432	-0.80728370	-0.01588538	0.92798857
1.61020025	-0.78271309	-0.17769992	-0.58677296	0.22959353	0.60206760
1.37835892	-0.90948611	-0.27521342	-0.34776268	0.59161003	0.31376940
0.87861356	-0.60809722	-0.12942881	-0.10991070	1.38000837	-0.19277517
0.73725213	-0.67993863	-0.06486294	0.31297722	0.53248691	-0.28104696
0.62115323	-0.42651917	0.01584596	0.54201249	0.01229677	-0.36635479
0.73691718	-0.42819196	0.03621412	-0.33831706	-0.30886424	-0.00481639
0.87176972	-0.23576629	0.02926527	0.68670918	-0.36945681	-0.45288844
0.72513576	-0.34703441	-0.01623164	0.10055983	0.32783902	0.11689570
0.79068393	-0.16806096	0.03719784	0.25744445	0.04306365	0.13275987
0.95556984	-0.20314903	-0.07887658	-0.53402032	0.72077981	0.21862227
0.92828719	-0.30729258	0.06388951	0.22227027	0.73236872	0.13736601
0.63920257	-0.34105417	0.01245613	-0.17083649	0.79103363	-0.20668396
0.70134750	-0.37676802	0.02551716	-0.42749840	0.91324808	-0.68312309
0.61312533	-0.32680435	0.03397635	0.31932923	0.51480346	-0.06311844
0.62229260	-0.15822940	0.12260150	-0.06419194	0.80483912	-0.21698466
0.73630026	-0.17227246	0.08853757	-0.26802030	0.94995974	-0.11021923
0.69556812	-0.17893305	0.15206767	-0.09639874	1.15976343	0.03225794
0.72702643	0.01329244	0.17491705	0.03209073	0.03302432	-0.02682165
0.48461415	-0.25407690	0.13985680	-0.99851314	0.68218912	0.25498388
0.66956945	-0.26276038	0.09595181	-0.80312566	0.86047315	0.24860097
0.95756492	-0.29448805	0.12006125	-0.84580331	0.31625064	0.10929963
1.00655211	-0.22628705	0.18096789	0.02718585	0.16729408	0.03746861
1.07937704	-0.44588110	0.19311565	-0.53718335	0.44894309	-0.08403949
1.09900228	-0.15756754	0.08792157	0.48274479	0.09176070	-0.22293161
1.60241903	-0.17659003	0.15633194	0.49524704	-0.60675510	-0.21191081
1.41109566	-0.11764973	0.04906765	-0.00255950	-0.35904219	0.02839160
1.61112940	-0.32495296	0.05277613	-0.68331835	-0.18986835	0.56375313
1.68452017	-0.60489696	0.06358573	-1.11640137	0.31415094	1.03424951
1.60472127	-0.94454772	0.07180467	-0.65417925	0.77662795	0.67280553
1.01421661	-0.77289261	0.16555717	-0.19232763	0.48793664	0.62057280
0.81255498	-0.82340147	0.13234603	0.18485014	0.02254421	-0.26136143
0.89085608	-0.59139219	0.05611032	-0.67508816	-0.09522247	-0.24293603
0.84458053	-0.39924398	-0.02381397	-0.72110098	-0.71321480	0.25957131
0.75650999	-0.19637475	-0.10609970	-0.69214067	-0.66651005	0.57778481
0.81918961	-0.16912111	-0.12026365	-0.49032314	-0.06020129	0.06280551
1.06057048	-0.43302162	-0.04764324	-0.77089456	-0.02331479	0.06757705
1.12670322	-0.51463426	-0.17472087	-0.49092330	-0.09089605	-0.26311006
0.79924113	-0.27091634	-0.20592515	-0.11733784	0.11802814	-0.31535553
0.84816235	-0.43472542	-0.13357096	0.28730102	0.22549689	-0.40694631
0.60491369	0.00646842	0.02610688	-0.19993606	0.02324227	-0.47996652
0.89384212	-0.12016444	-0.01035215	0.49713785	-0.37047297	-0.53831630
0.60019516	-0.07701582	-0.01842441	-0.72409076	-0.48609617	-0.11769468
0.79398046	-0.19162283	-0.14104841	-0.68511481	-0.40932483	-0.28682447
0.85021613	-0.23964720	-0.20465934	-0.92700589	-0.36481561	-0.03622605
0.67310106	-0.13493489	-0.09792753	-0.55909584	0.21043153	-0.35726561
0.84657637	-0.26300468	-0.07166875	-0.11921986	0.14588800	-0.08414520
0.98181499	-0.24101277	-0.05268453	-0.61597404	0.00745130	-0.18492169
0.69577617	-0.38277384	-0.12489642	0.11658378	0.24278068	-0.15637116
0.84262880	-0.51365344	-0.07502429	-0.31717879	0.27550776	-0.13466396
0.99496363	-0.24336366	-0.06766364	-0.01066096	0.20643209	-0.39304528
0.95048474	-0.26560940	-0.05764376	-0.14724899	-0.27173426	-0.09834205
0.84493449	-0.11647130	0.00020631	-0.88088862	0.49668682	-0.27839506
0.89976327	0.07644850	-0.10782934	-0.90234940	0.34524925	-0.44649877
1.19899359	-0.00181551	-0.03193096	-0.98275616	0.09277532	-0.30769886
1.26180057	0.04590561	-0.10896207	-1.10537809	0.17648389	-0.01525018
1.27217370	-0.13132903	-0.10944141	-0.80294678	0.21026313	-0.23868761
1.25429308	-0.30101057	-0.09934934	-1.07082763	-0.14975115	-0.48540996
1.70426010	-0.44472796	-0.04698433	-0.77387345	0.63554687	0.20126424
1.64161370	-0.32607774	-0.09843939	-1.22081494	0.38389955	0.08797333
1.46080983	-0.41209901	-0.18947358	-1.41524576	0.21641758	0.66160127
1.63584271	-0.61039465	-0.21092290	-1.51165444	-0.28275725	0.77345959
1.38923814	-0.57576449	-0.28262954	-0.69306863	0.24916423	0.43124956
1.23044649	-0.67827477	-0.23950876	-0.36293171	0.59463058	0.51168993
0.93154699	-0.78328570	-0.15748746	0.15685579	0.54354678	0.27378750
0.79535875	-0.54715203	-0.09368782	-0.17320972	0.75991994	0.06347546
0.92013270	-0.49472432	-0.05392281	-0.51867252	0.55970986	-0.47525562
0.91420104	-0.17558967	-0.00266398	-0.50018027	0.38055269	-0.28146014
0.50446981	0.02746486	0.03639253	-0.79901587	0.06718634	-0.14883955
0.63530510	-0.11006012	0.01416489	-1.00541468	-0.14160311	-0.12561722
0.77714694	-0.22384016	0.09277137	-0.61398435	0.10878282	0.25404522
0.71976595	-0.26141334	-0.04831559	-1.08028963	0.14603605	0.22513970
0.73666902	-0.20529541	0.01453583	0.01969231	0.30693335	-0.20085609
0.73834451	-0.28706016	0.02339505	-0.46709779	0.41251249	-0.15093907
1.00659248	-0.25331313	-0.10303982	-0.07142474	0.06109767	-0.42734852
0.94016053	-0.04992934	-0.04884240	-0.14189184	0.26608066	-0.13530154
0.93212911	-0.04362232	0.09714397	-0.88407979	0.37858323	0.17349495
0.66187175	-0.41857494	-0.05109117	-1.08632139	1.09181179	0.28494780
0.89741528	-0.32476625	0.10684689	-1.14133887	0.10106632	0.09431695
