0.99734693	-0.25678317	-0.20905368	0.04458012	0.08688314	-0.05048339
0.99461859	-0.24698534	-0.20507355	0.02807480	0.13760019	-0.06797331
0.99296321	-0.24871443	-0.19791355	0.04141188	0.04705471	-0.03695522
0.97593353	-0.25401787	-0.19919849	0.04801864	0.08212334	-0.03107779
0.98661394	-0.25576772	-0.19239388	0.05602509	0.00281593	-0.02576128
0.97292158	-0.25765410	-0.18878138	0.03069438	0.01628881	-0.03528357
0.98843899	-0.25911230	-0.18547367	0.04603148	-0.01581253	-0.04639134
0.99633806	-0.25709190	-0.17946737	0.03724844	-0.00138637	-0.03614012
0.99737897	-0.25456303	-0.19996175	0.03370652	0.01877186	-0.03510391
0.99799995	-0.24302647	-0.19198071	0.03441452	0.02470876	-0.03659577
0.99762892	-0.24351083	-0.20357211	0.02605090	-0.01062635	-0.02531375
0.98627252	-0.24731783	-0.20355240	-0.01658984	-0.03915764	-0.00474568
0.99422575	-0.25034697	-0.19042167	-0.00001059	-0.03514853	-0.02051025
0.98907400	-0.25548698	-0.19163956	-0.01052670	-0.00536926	-0.01179267
0.99102316	-0.25429899	-0.20311576	-0.00445945	0.06438962	-0.01431119
0.99851577	-0.25113193	-0.19277449	0.01778315	-0.00286018	-0.00702976
0.97944241	-0.25238763	-0.20116076	-0.02950742	-0.01691512	-0.01792814
0.98607897	-0.24904369	-0.20953434	-0.04580393	0.00325237	-0.00593873
0.98747437	-0.24810391	-0.19758283	-0.02865228	-0.03997790	-0.02340985
0.98783163	-0.25182042	-0.19600077	-0.00533090	0.06063439	-0.02110743
0.99000422	-0.24722356	-0.18372073	-0.01087428	0.04464437	-0.02076057
0.98646464	-0.24772596	-0.18769908	-0.02978909	0.01902187	-0.01620836
0.99989712	-0.25183976	-0.18286945	-0.02917281	0.03358788	-0.00979784
0.99773206	-0.24909342	-0.19477491	-0.02973411	0.06423217	-0.01695932
1.01055516	-0.25652459	-0.19442207	-0.05803304	0.13476450	-0.03632902
1.01614962	-0.24885499	-0.19854405	-0.03939983	0.15574669	-0.03238710
1.00977649	-0.24474547	-0.18460550	-0.03001368	0.20765631	-0.04649986
0.98694222	-0.24726631	-0.17928061	-0.02012724	0.22882850	-0.04351533
0.96873511	-0.24541442	-0.17429130	-0.01780215	0.19379025	-0.03311821
0.95520314	-0.25382324	-0.14992571	-0.01477179	-0.05287966	-0.01694840
0.98364302	-0.25290056	-0.17168975	-0.00039354	-0.01710134	0.00635330
0.98826290	-0.25475955	-0.18150044	0.00884652	-0.02725775	0.00180363
1.00072904	-0.25534177	-0.16964218	0.00346050	-0.02949457	0.00262933
1.00520291	-0.24082451	-0.18019106	0.00783351	0.04404635	-0.00150791
0.99877667	-0.24887032	-0.16897410	0.02290325	0.07838359	-0.02196569
0.98555166	-0.24215120	-0.16044557	-0.01711958	-0.01564077	-0.01515636
0.97804141	-0.24224703	-0.15946805	0.00352072	-0.04100980	-0.01199990
0.98671843	-0.24304437	-0.17108270	0.00987107	-0.02306566	-0.01207895
0.99985181	-0.24408915	-0.16034064	0.01950697	-0.04637051	0.01919823
0.99825394	-0.24293909	-0.15676735	0.01029633	-0.00545760	0.01108917
1.00201668	-0.24158754	-0.17720707	0.00928810	-0.07481617	0.00186473
0.99394583	-0.24103996	-0.18732224	0.01617337	0.07307313	0.01763506
0.98923713	-0.24252195	-0.17854186	0.00416716	-0.00229671	0.00318424
0.98037673	-0.24070558	-0.18492365	-0.02118907	-0.17109225	0.01999442
0.99474527	-0.24546468	-0.18733899	-0.01925765	-0.10434940	0.00753869
1.01850529	-0.24215541	-0.17580190	-0.01387520	-0.04982769	0.02129033
1.00147199	-0.24744371	-0.16036458	-0.01409029	-0.02764747	0.01888396
0.98712309	-0.24740589	-0.16887524	0.03708925	-0.02943437	0.01719091
0.98184583	-0.24362706	-0.17595487	-0.01486753	-0.10554780	0.03133613
0.97418277	-0.25621098	-0.17606450	-0.03950203	-0.14248005	0.03056234
0.98226392	-0.24789198	-0.19391669	-0.05569417	-0.10365954	0.02599277
1.01972126	-0.24710367	-0.18921953	0.00506504	-0.10118578	0.01190244
1.00965017	-0.24925839	-0.18892733	0.00339785	-0.04218579	-0.00219411
1.00006455	-0.24934051	-0.20722624	-0.01279710	0.07939866	-0.02110917
1.00054611	-0.24314804	-0.20917386	-0.02466807	0.17038489	0.00702986
0.97962946	-0.24837714	-0.20495396	0.00969450	0.05330463	0.00284276
0.97859115	-0.24481600	-0.18335339	0.02233914	-0.03810300	-0.00351233
0.98460734	-0.24020478	-0.17926868	0.01061011	-0.06830203	0.00527149
0.99976295	-0.24275015	-0.18856277	0.00307512	-0.06039641	-0.01538698
0.98858226	-0.24733225	-0.19165122	0.00608511	0.01104289	-0.00753068
0.98566581	-0.24291007	-0.18814469	-0.00699222	-0.02652566	-0.01179346
0.98161147	-0.24064271	-0.19080691	0.01103181	0.00571821	-0.01664721
0.98642183	-0.23621481	-0.18821803	0.00732460	0.00326805	0.00118312
0.98780553	-0.23888060	-0.18872643	-0.02335555	0.01244977	0.00500122
0.99075888	-0.24197430	-0.17489884	-0.06301515	0.02821436	0.02693819
0.99294933	-0.24266151	-0.17829736	-0.01144216	-0.04307165	-0.00687051
1.00091405	-0.24790447	-0.19776167	-0.00538306	-0.03387542	-0.00521457
1.00042540	-0.24255996	-0.19674077	-0.03540819	-0.02717660	0.00622380
1.00538658	-0.23732512	-0.20495257	-0.04571871	0.00820642	0.00329537
0.99558232	-0.24262798	-0.20120098	-0.05267194	0.04912020	0.00947688
0.99636833	-0.24336337	-0.19926238	-0.05054300	0.00991972	0.01275810
0.98661148	-0.25109547	-0.18747613	-0.06476723	-0.02235087	-0.00076170
0.98055340	-0.26080395	-0.19199378	-0.02727504	-0.03934992	0.02107702
0.98824933	-0.25256679	-0.18397976	-0.04740070	-0.04779129	0.02724648
0.99868864	-0.25313469	-0.19752592	-0.04185982	0.01826231	0.02855450
0.99186338	-0.24976834	-0.20009639	-0.06237055	-0.09864402	0.02127942
1.00516778	-0.25175479	-0.19756767	-0.06534619	0.00401308	-0.00569631
0.98224282	-0.25058612	-0.19108892	-0.03098630	0.01528922	-0.00106264
0.98526449	-0.25024262	-0.17998503	-0.00923698	-0.03271793	0.03876404
0.98543068	-0.24494196	-0.16296741	-0.00692013	-0.17355162	0.03468560
0.99945951	-0.23981763	-0.18866926	-0.04546724	-0.12566738	0.01600601
0.99130147	-0.24394471	-0.21447747	-0.05628033	-0.08677461	0.03675909
0.99890354	-0.24190975	-0.21296424	-0.06489027	-0.01807346	0.02071986
0.99813569	-0.24852649	-0.19640052	-0.03351622	0.02003692	0.01948718
0.99510460	-0.24751350	-0.19923092	-0.03316207	-0.05005143	0.03268441
1.00635352	-0.24406974	-0.21068587	0.01613439	-0.06388295	0.01936953
1.00507316	-0.24847271	-0.21503796	0.03245077	-0.06591374	0.00433381
0.98925732	-0.25064109	-0.22458471	-0.02013429	-0.02118266	0.01598592
0.98893473	-0.25198578	-0.21146759	-0.03660523	0.04922737	0.02850568
0.96669331	-0.24974464	-0.19666802	-0.05672560	-0.00931067	0.02918892
0.98402792	-0.25557544	-0.18369898	0.00273003	-0.04670526	0.04014679
0.97918710	-0.25894691	-0.20040811	0.04957019	-0.05025267	0.01799064
0.99670824	-0.25864397	-0.19344493	0.02555857	-0.04808693	0.01225694
1.00069966	-0.25207324	-0.21288182	0.00766094	-0.06584697	-0.00281331
0.99922236	-0.24688885	-0.20513938	-0.02254910	-0.01845606	0.02685156
0.99143749	-0.24021888	-0.22068452	-0.01997690	0.05185164	0.02093758
0.98354585	-0.24486172	-0.20161199	-0.01360542	-0.00389806	0.03487828
0.98315364	-0.24816358	-0.19599074	-0.01941973	-0.00416744	0.02291146
0.98670334	-0.24859266	-0.18394043	-0.02351003	-0.06642152	0.01974900
0.98667014	-0.24443157	-0.18952750	0.01206558	-0.07765222	0.02296962
0.99734990	-0.25128762	-0.20426598	-0.00737701	-0.07812487	0.02117169
0.99012619	-0.25102069	-0.19892145	-0.01279127	-0.00471286	0.01952464
0.99768168	-0.25060396	-0.20372820	-0.01129577	-0.07945400	0.00973807
1.00518702	-0.24496392	-0.19637053	0.00841266	-0.01137332	0.01483971
0.99615030	-0.24795079	-0.20068441	0.01679558	0.01164867	-0.00248030
0.98946196	-0.24610731	-0.18859045	-0.00796913	0.01217255	0.00779703
0.97520566	-0.24525539	-0.20551319	-0.02360186	0.03745937	0.02914903
0.99131629	-0.24916330	-0.19424533	-0.02283967	0.03850379	0.03559666
0.98833258	-0.25327722	-0.19362395	-0.03235169	-0.03942009	0.00778596
0.98227058	-0.25001897	-0.20415751	-0.01879455	-0.13855372	0.03814622
0.99263811	-0.25276907	-0.19611200	0.02776053	-0.04269390	0.01511163
0.99031109	-0.24999334	-0.19760620	0.00414786	-0.05068813	0.00611786
0.98692047	-0.25080836	-0.21009918	0.01548481	-0.06565712	0.01812877
0.99126850	-0.25698653	-0.20939953	0.00979060	-0.04161109	0.03566450
0.97945919	-0.25885427	-0.20026743	-0.02138522	-0.05984941	0.02318451
0.98813612	-0.26251299	-0.20987241	-0.00654309	-0.09639659	0.00551523
0.99779744	-0.26326887	-0.21789816	0.00221218	0.00097385	0.00166415
0.99520951	-0.25899417	-0.20923604	0.02956572	-0.05384093	-0.01673725
0.99845887	-0.25640739	-0.23059857	0.03801511	0.04848175	-0.01020462
0.98663020	-0.25463363	-0.20901758	0.01828267	0.05836903	-0.00959159
0.98583202	-0.25287069	-0.21788539	-0.00018806	0.06990739	-0.04868570
0.98972969	-0.25475750	-0.19986393	-0.01050316	0.01719631	-0.02366278
0.99417995	-0.25471717	-0.20768692	0.01616152	-0.01924138	-0.01775580
0.98412476	-0.24864726	-0.20572438	0.03538269	-0.02970640	-0.00555602
0.99474259	-0.25193636	-0.20561610	0.06186631	-0.00946569	-0.00678308
0.99014683	-0.24809185	-0.21126483	0.06229087	-0.01255568	0.00011353
0.99047792	-0.24642853	-0.22384324	0.01299133	-0.01646807	-0.02179247
0.99860287	-0.24501391	-0.20756040	0.01015543	0.03128347	-0.00796665
