0.98558810	-0.26315409	-0.22180071	0.00707518	0.02092189	0.01491844
0.98194148	-0.26191610	-0.21281086	0.00885333	0.00406810	0.01091614
0.98059253	-0.26493926	-0.21196179	0.03106930	-0.00765248	0.00463979
0.97791093	-0.25878006	-0.20653031	0.01793445	-0.01701462	0.00097211
0.97854754	-0.25917478	-0.20283456	0.02423897	-0.02780962	0.00714351
0.98407245	-0.26514431	-0.21028607	0.02462330	-0.00511094	-0.00669506
0.99124673	-0.26599314	-0.21496406	0.01982598	0.02952455	0.00228110
0.98918953	-0.26758594	-0.21671718	0.04916618	0.05192024	-0.00429024
0.98160814	-0.26193895	-0.22543714	0.04702699	0.04073201	-0.00559543
0.98691415	-0.26352560	-0.21415213	0.03893984	0.02442786	-0.01848646
0.98393620	-0.25418774	-0.21828917	0.02760825	0.00805071	-0.00705600
0.98077267	-0.25022636	-0.22105900	0.04962954	0.01460913	0.00557479
0.98373045	-0.25450249	-0.21077870	0.01933969	0.01285537	0.00207946
0.98270558	-0.25993609	-0.21306716	0.00575151	0.01036254	-0.00383285
0.98742935	-0.25069211	-0.20809111	-0.00083837	-0.01527629	0.00288837
0.99067959	-0.25659468	-0.21026557	0.00480909	-0.00869137	-0.00003723
0.99039023	-0.26295091	-0.21416244	0.01921066	0.01678235	0.00077081
0.98783631	-0.25585718	-0.20902468	0.00367938	0.01982759	-0.00249455
0.98999947	-0.24799904	-0.20270163	0.00574964	0.02097975	-0.01085481
0.99117389	-0.25865519	-0.21029280	-0.02033742	0.01608730	-0.00152203
0.98891855	-0.25666674	-0.21585561	-0.01591950	0.01543315	-0.00632761
0.98636026	-0.25865211	-0.21548013	-0.00490927	0.03823149	-0.00972724
0.98511493	-0.25775951	-0.20734826	-0.02122622	0.02531898	-0.00583497
0.97992389	-0.25773451	-0.21160181	-0.03681010	0.00596572	-0.01305879
0.98129470	-0.26341221	-0.20019034	0.01110938	-0.00930451	-0.00901217
0.98110816	-0.26697093	-0.20321155	0.01605706	0.00867284	-0.00482736
0.98195449	-0.27483758	-0.20908831	0.00806527	-0.00950125	0.01085351
0.98131471	-0.27301690	-0.20260984	0.02806857	-0.04107750	0.01075853
0.98723984	-0.25679052	-0.20983412	0.03098138	-0.06131288	0.00507996
0.98763273	-0.25888219	-0.20646663	0.05003946	-0.06892011	0.00674140
0.98694609	-0.25538156	-0.20437370	0.03932186	-0.03713217	0.00249795
0.97901333	-0.25340550	-0.20157246	0.03770337	-0.04697826	0.00114077
0.98510340	-0.26204202	-0.21150580	0.04801980	-0.05347617	0.00746016
0.98827891	-0.25601588	-0.21488803	0.01490380	-0.04830327	0.00134665
0.98848276	-0.25096900	-0.21849134	0.03392121	-0.04090077	0.00487689
0.99032016	-0.25862980	-0.22389377	0.01927685	-0.03183496	-0.00481457
0.98643058	-0.25618670	-0.21855548	0.00708292	-0.02703404	-0.00450644
0.98633216	-0.25747804	-0.22191101	-0.01690668	-0.02093982	-0.01693615
0.98601637	-0.25749923	-0.22461416	-0.00534955	0.00194196	-0.01952212
0.98429708	-0.25617477	-0.21023839	0.01815807	-0.01256831	-0.01720671
0.98444129	-0.25758110	-0.21085807	0.00641713	0.00790242	-0.01892281
0.98503469	-0.25951869	-0.22211083	0.02873014	0.00116026	-0.01869222
0.98426872	-0.25548520	-0.22413383	-0.01240823	-0.01884811	-0.02279798
0.98493514	-0.25208829	-0.22947590	-0.03684811	-0.00812364	-0.02288426
0.98782109	-0.24571659	-0.22652150	-0.05147395	0.01785698	-0.01932557
0.99019535	-0.24249257	-0.22390140	-0.03495371	0.03365752	-0.01186175
0.99044876	-0.25000916	-0.21588670	-0.04501298	0.04490880	-0.01704011
0.98608451	-0.25915447	-0.20457898	-0.06480595	0.02282061	-0.01723854
0.98797748	-0.26659589	-0.21180468	-0.04207835	0.01266293	-0.01521212
0.98429713	-0.26069256	-0.21973124	-0.05247028	-0.02585239	-0.02802501
0.98114856	-0.26196105	-0.20927306	-0.03400016	-0.01846075	-0.01485979
0.98649982	-0.25626089	-0.21656926	-0.03193508	-0.02218536	-0.01345462
0.98604471	-0.26187723	-0.21718454	-0.02128786	0.00239041	-0.01084185
0.98517018	-0.25783327	-0.22466305	-0.04449376	0.02361443	-0.00983012
0.97998011	-0.25317379	-0.22495327	-0.05881214	-0.00684380	-0.01553372
0.98417019	-0.25668838	-0.21534384	-0.02695629	-0.01012940	-0.00444473
0.98590623	-0.25807530	-0.21694773	-0.03481420	-0.02533383	-0.00836212
0.98385519	-0.26005168	-0.21961168	-0.04589470	0.00942368	-0.00945816
0.98911372	-0.25487032	-0.21956123	-0.02556747	-0.00587569	-0.01292294
0.99060746	-0.25817816	-0.22649599	-0.02696741	-0.00103951	-0.01371109
0.98027036	-0.25264432	-0.22047071	-0.01154540	-0.02050334	-0.01429821
0.97955107	-0.25828033	-0.21930607	-0.01702164	-0.04863622	-0.01539119
0.97597110	-0.25888754	-0.21634916	-0.01543625	-0.04992164	-0.00678525
0.98027400	-0.25490178	-0.21858128	-0.01169816	-0.04816786	0.00066563
0.98054735	-0.26253973	-0.22182204	-0.04049198	-0.05346979	-0.00922401
0.98720842	-0.26121938	-0.23700085	-0.02146342	-0.03899966	-0.01256572
0.98902502	-0.25859083	-0.23118326	-0.00083625	0.02695193	-0.01246041
0.98699168	-0.26093168	-0.23385055	-0.00570273	0.00257803	-0.00491236
0.98565403	-0.25190997	-0.23088113	-0.01330902	-0.03068717	-0.01022905
0.98697125	-0.25708626	-0.22705775	-0.03388829	-0.00678180	-0.01731551
0.98464502	-0.25579823	-0.23297090	-0.01195261	0.03691111	-0.02668036
0.98208967	-0.25260747	-0.22426900	-0.03279741	0.04838239	-0.02167888
0.98126951	-0.24743155	-0.22654880	-0.01928430	0.05169246	-0.02510836
0.98425068	-0.24927973	-0.23139608	-0.01267977	0.01962276	-0.02605391
0.99378759	-0.24969839	-0.22932237	-0.01900328	0.02452637	-0.02308018
0.99029704	-0.24907347	-0.22935432	0.00278351	0.04177808	-0.02051848
0.98820524	-0.24902933	-0.23278933	0.00194093	0.03072927	-0.02175370
0.98530192	-0.25661827	-0.23276809	0.00810908	0.04068887	-0.01537916
0.98268964	-0.25176933	-0.22307632	-0.00531069	0.01906232	-0.01234584
0.98177631	-0.24871757	-0.21188633	-0.00192071	0.01644574	-0.02270641
0.98355184	-0.24571420	-0.20996563	-0.00186610	0.01133386	-0.01932928
0.98365664	-0.24721968	-0.21547495	-0.03660295	0.01436444	-0.01773457
0.98430393	-0.24850847	-0.21984021	0.00272173	0.04046250	-0.01409397
0.97975371	-0.24309838	-0.21758246	-0.02910264	0.03739333	-0.01872527
0.98205560	-0.24589813	-0.21211869	-0.02271225	0.01920109	-0.01338823
0.97859982	-0.24284320	-0.21076965	-0.02198167	-0.00773813	-0.00618211
0.97941617	-0.24635735	-0.21862940	-0.02341117	-0.02558941	0.00399095
0.98309730	-0.25015815	-0.22092178	0.00219540	-0.00500011	0.00884542
0.98842229	-0.25402537	-0.22743188	0.02039374	-0.00312283	0.00999006
0.97940925	-0.25322169	-0.24030007	-0.01428026	-0.00210381	0.00179495
0.98245616	-0.25296281	-0.22719929	0.00321386	0.02339083	0.00349001
0.98640552	-0.25387528	-0.22539389	0.00879150	0.00163909	0.00034235
0.98057966	-0.24882491	-0.20708513	-0.00360476	-0.00520628	0.00256782
0.97877962	-0.24890207	-0.20842500	-0.00146338	-0.01564791	0.00256430
0.98083434	-0.25453817	-0.22109249	0.00086883	-0.01619000	0.00376877
0.98486602	-0.24610973	-0.22179316	-0.00346009	-0.02432775	0.00330616
0.99008186	-0.25352987	-0.23241071	0.00379329	0.00035220	0.01292196
0.98750544	-0.24465001	-0.22912246	0.00053879	0.01735117	-0.00203158
0.98294323	-0.24946976	-0.21407462	0.00701850	0.01378071	0.00713937
0.98209348	-0.25003117	-0.21876439	0.00670816	0.04754742	0.00831977
0.97842553	-0.24438302	-0.22268811	0.01002033	-0.01494349	0.00608376
0.97875792	-0.25436935	-0.22073237	0.00518423	-0.02379400	0.00328787
0.98623234	-0.25127058	-0.22030873	0.03117067	0.00891613	-0.00439318
0.98094499	-0.24789028	-0.21798019	-0.00193998	-0.02059946	-0.00671860
0.98238838	-0.24433898	-0.22521434	-0.00499340	0.02364796	-0.00028735
0.98542733	-0.24009978	-0.23322557	-0.01871884	0.02315892	0.00184775
0.99110443	-0.24959878	-0.21852025	-0.02421559	0.02606877	-0.00302621
0.99078494	-0.25305702	-0.21927336	-0.00162677	0.04194670	-0.00393194
0.99086731	-0.24878802	-0.20951093	0.01039731	0.03561261	-0.01035968
0.99048788	-0.24671920	-0.21239296	0.00375838	0.02945022	-0.00677429
0.98634814	-0.24968782	-0.21684741	-0.00028573	0.01305274	-0.00876470
0.98126636	-0.24931076	-0.20290730	0.00517146	0.02068802	0.00109160
0.98427617	-0.24864573	-0.20402377	0.00111112	-0.00589806	0.00192993
0.98644305	-0.24842809	-0.21070193	0.00654677	0.02330746	0.00402719
0.98802875	-0.25141288	-0.21576047	-0.00991674	0.03284722	-0.00156632
0.98746271	-0.26091708	-0.22083053	0.00410810	0.01979687	0.00311942
0.98582395	-0.25702663	-0.21227292	0.01262451	0.01166491	-0.00436221
0.98536688	-0.24623193	-0.21140837	-0.00653107	-0.00096696	0.00806178
0.98096272	-0.24275944	-0.20179134	0.00595120	-0.02286975	0.00335998
0.98652671	-0.24599319	-0.21732074	-0.00303085	0.00343716	0.00671407
0.98835648	-0.24644829	-0.22613090	0.01366442	0.02361800	0.01266159
0.99326299	-0.25155735	-0.22994596	0.00286385	-0.00191311	0.01176927
0.98656596	-0.25253366	-0.22172273	0.00051881	0.03316823	0.00613901
0.98491100	-0.24792372	-0.22383354	-0.00146576	0.00885610	-0.00179673
0.98703016	-0.24453177	-0.21400787	0.02092362	0.00740683	-0.00289453
0.98285920	-0.24791970	-0.21691987	0.01633695	-0.00296558	0.00000318
0.98188720	-0.24368017	-0.21537865	0.00243146	0.01371679	0.00055501
0.97774530	-0.25289994	-0.22047147	-0.01110725	-0.00314206	0.00731181
