0.98571480	-0.25789886	-0.21085211	0.00165729	-0.01391593	0.01501300
0.98456800	-0.25390345	-0.21699758	0.02766077	-0.01461806	0.01028138
0.98869734	-0.25138739	-0.21750394	0.01383056	-0.02311117	0.01839715
0.99595951	-0.24999839	-0.21689270	0.00034110	0.00878932	0.00302206
0.99309067	-0.24465130	-0.21899581	-0.00708000	0.03205088	0.01556900
0.98629217	-0.25326331	-0.22022179	-0.00447465	0.02687333	0.02337966
0.97893891	-0.24428562	-0.21814480	-0.00840421	0.01373330	0.03054776
0.97804871	-0.25766875	-0.21269040	0.00611267	-0.01124161	0.02848073
0.98296062	-0.25101894	-0.20888517	0.00575166	0.00200022	0.00578262
0.98162076	-0.24928383	-0.21096418	0.02453766	0.00785666	0.02549020
0.98190789	-0.25040610	-0.21563107	0.01126050	0.02137117	0.01463514
0.98442469	-0.25528701	-0.21665427	0.00716935	0.03699677	0.00179731
0.98479530	-0.25593056	-0.21653456	-0.00694291	0.02342903	-0.00531437
0.98677939	-0.25685280	-0.21330813	0.00464853	0.02961814	-0.00767032
0.98645506	-0.24826270	-0.20902052	0.01009977	0.01415137	0.01365641
0.98852438	-0.24859862	-0.21189431	0.00010341	0.01096346	0.02920593
0.98936142	-0.25046322	-0.21011140	0.00378489	0.01084175	0.02180828
0.98510089	-0.25298775	-0.20684640	-0.00171393	-0.00331578	0.02308192
0.98297287	-0.25706366	-0.20900580	-0.00737246	0.00192721	0.01227053
0.98463444	-0.26142924	-0.20853201	-0.00453925	0.01504853	0.01287344
0.98415867	-0.25283242	-0.21097199	0.00481338	0.01236504	0.00437714
0.98772802	-0.25886033	-0.20802057	0.00478268	0.01243223	0.00384124
0.98592690	-0.25441878	-0.21754038	0.01088800	-0.01120911	0.00730643
0.98853652	-0.25253223	-0.20936266	-0.00904013	-0.00740938	0.01038899
0.98541734	-0.25277085	-0.21346065	-0.00265708	0.00064713	0.01680763
0.98891505	-0.25505858	-0.21355031	0.01000447	-0.00984180	0.02533239
0.98827314	-0.24647139	-0.21712480	-0.00484304	0.00335172	0.01468642
0.98487653	-0.25323243	-0.21460996	0.00345077	-0.00500877	0.01218696
0.98519478	-0.25900016	-0.21507660	-0.00733480	-0.00823885	0.02299765
0.99044219	-0.25876007	-0.21735765	-0.00382812	0.00741046	0.02187024
0.99018715	-0.25842970	-0.21291073	-0.00163276	0.02054658	0.00803165
0.98785846	-0.25362640	-0.21383361	0.00333404	0.01808385	0.00920264
0.98006071	-0.25985548	-0.21524082	-0.00503658	0.01748722	0.01820201
0.98087447	-0.26419358	-0.21637840	0.00434965	0.01773362	0.01242728
0.98123841	-0.26128414	-0.21013278	-0.00681617	0.01123168	-0.00026084
0.98229537	-0.25341626	-0.21141476	-0.02080767	0.02181827	-0.00679686
0.98517703	-0.26586229	-0.20916075	0.01359403	0.01049133	0.01607438
0.98233605	-0.26678244	-0.21409489	0.01874948	-0.02482645	0.00810755
0.97710383	-0.26280070	-0.21452424	0.00589368	-0.05112460	0.01309849
0.97579516	-0.26822158	-0.21148052	-0.01311644	-0.03702889	0.02412506
0.98147142	-0.26757198	-0.22684733	0.01219381	-0.00832790	0.00911978
0.98345306	-0.26012707	-0.22400410	0.01241088	-0.00122470	0.00795112
0.98397244	-0.26908147	-0.21672197	0.00242186	0.00442965	0.00020213
0.98194726	-0.25700011	-0.21526905	0.00282353	-0.00420300	0.00286401
0.98305810	-0.25839481	-0.21626081	0.01418292	0.00195858	0.00138629
0.98630294	-0.26069541	-0.21353452	-0.00205266	0.01872600	0.01572450
0.98276545	-0.26222557	-0.21457154	0.00596341	0.00915693	0.00865273
0.98435181	-0.26007061	-0.21407467	-0.00923012	-0.00032688	-0.00177038
0.98055679	-0.25656536	-0.21577275	-0.00020064	0.00384146	-0.00011819
0.98361693	-0.26369208	-0.22291645	-0.00247914	-0.01051044	0.00084632
0.97793368	-0.26134889	-0.22019103	-0.00119518	0.00312012	-0.01268640
0.98722475	-0.26359808	-0.22262601	-0.02929187	-0.00632630	-0.01871787
0.98504924	-0.26101204	-0.21566522	-0.01418996	-0.01912666	0.00614270
0.98311696	-0.26595677	-0.21463337	0.00675232	-0.01088797	-0.00441757
0.98058556	-0.26046322	-0.21775353	-0.01833534	-0.00038310	-0.00442920
0.98142340	-0.26230723	-0.21983543	-0.02879752	-0.01468332	0.00177102
0.97755569	-0.26814119	-0.22311585	-0.02061017	0.00589856	-0.01052332
0.98301957	-0.26168266	-0.22117059	-0.00924916	-0.01901031	-0.00468221
0.98201248	-0.26831939	-0.22783215	-0.01408816	0.00284077	0.00453067
0.98085936	-0.26905741	-0.22351675	-0.03119656	-0.00337948	-0.01244440
0.98351825	-0.26486298	-0.22128542	-0.03906871	-0.01070788	-0.00500486
0.98259239	-0.26445327	-0.22232944	-0.02409061	-0.02514217	-0.01206730
0.98438091	-0.25739045	-0.21745927	-0.00990169	-0.02875975	0.00379110
0.98533013	-0.25436156	-0.22141683	-0.00545468	-0.03487226	-0.00391016
0.98724307	-0.25352211	-0.22257852	-0.01296091	-0.03273595	-0.01096154
0.98170108	-0.25123072	-0.22504615	-0.02971158	-0.03985277	-0.02988267
0.98196878	-0.26090513	-0.22319841	-0.05185187	-0.03356849	-0.01816083
0.98296984	-0.26747141	-0.22000050	-0.02066188	-0.02937270	-0.01091943
0.98370351	-0.27041323	-0.21371741	-0.01956743	-0.02740652	-0.01389312
0.98564123	-0.26544593	-0.21546567	-0.02864219	-0.03579276	-0.03019017
0.98809365	-0.26386299	-0.21506452	-0.01464598	-0.02339200	-0.03133287
0.99253486	-0.25951998	-0.21224816	-0.01166046	-0.02513186	-0.04382261
0.99517597	-0.25615929	-0.21608496	-0.02572778	-0.01723193	-0.03445673
0.98754706	-0.25958058	-0.21191878	-0.01626569	-0.05482242	-0.02873203
0.98258371	-0.25894043	-0.21365774	-0.03480110	-0.04577279	-0.03228703
0.98299537	-0.24912781	-0.20769775	-0.02168290	-0.01028658	-0.03299599
0.98697822	-0.25264827	-0.20743874	-0.01983268	0.00441157	-0.04358706
0.98926990	-0.25378884	-0.21393742	0.00373319	0.00892691	-0.04707506
0.98672422	-0.25870958	-0.20670106	0.00127703	0.01773531	-0.04080607
0.98588947	-0.25981620	-0.21795032	0.00393360	-0.00320820	-0.03574705
0.98491542	-0.25817313	-0.21915638	-0.01048322	0.01177132	-0.04287544
0.98416212	-0.25098888	-0.21696623	-0.00187727	0.02879779	-0.02979150
0.98671268	-0.26178925	-0.21623741	0.01409855	0.00344573	-0.03242021
0.98555811	-0.25742063	-0.21767963	0.01788939	-0.00083627	-0.02530099
0.98284714	-0.25277607	-0.21554856	0.02648583	0.00321951	-0.02218060
0.97914489	-0.24985573	-0.22937189	0.00818798	-0.00074640	-0.02982851
0.98491785	-0.24336757	-0.22560105	-0.01046770	-0.00436707	-0.02924256
0.99061530	-0.24896818	-0.22253054	-0.00253745	0.02499124	-0.01784211
0.98680943	-0.24877163	-0.22784773	0.02741313	0.00394314	-0.01457398
0.98433434	-0.25021785	-0.23016975	-0.00314011	0.01002521	-0.00642544
0.98604043	-0.24686040	-0.22806202	0.00060527	0.00910005	-0.00999344
0.98391670	-0.24377682	-0.22400823	-0.01143953	0.00554757	-0.01731995
0.98282456	-0.23954880	-0.21854784	-0.00256202	-0.00817104	-0.02053434
0.98381988	-0.25100689	-0.21743481	-0.00501876	-0.01134951	-0.02057025
0.98425209	-0.25051859	-0.21932598	0.01387636	-0.01384003	0.00241363
0.98636114	-0.25629760	-0.22774075	-0.00312954	0.00350734	-0.01313438
0.99061691	-0.24646339	-0.23044304	-0.00664060	0.01870102	-0.01331099
0.98696488	-0.24127029	-0.22415806	-0.00215503	0.01101894	-0.01798457
0.98526486	-0.23729355	-0.21678937	-0.01671218	0.00958366	-0.01430913
0.98405331	-0.23553737	-0.22003426	-0.00651403	0.02029022	-0.01146013
0.98456825	-0.24449210	-0.21933607	-0.00599998	-0.00756896	0.00701957
0.97976597	-0.24510925	-0.21716889	-0.03142616	0.00013007	0.01028417
0.98119735	-0.24481139	-0.22267777	-0.01154291	-0.02525159	-0.00277141
0.98730274	-0.25287276	-0.22513269	-0.00135386	-0.00861926	-0.00058967
0.98975216	-0.24307374	-0.22836993	-0.00339165	0.01337005	-0.00304576
0.98658850	-0.24134993	-0.22493684	-0.00508494	0.03773984	-0.01743509
0.98777433	-0.24501619	-0.22258591	-0.01767161	0.02780560	0.01112554
0.98053651	-0.23627770	-0.21474613	-0.00441064	0.01038347	0.00952364
0.97901458	-0.24647074	-0.21938168	0.00209759	-0.02347206	0.00661142
0.98232594	-0.24877712	-0.21528612	-0.00090541	-0.01509704	0.01571456
0.98866516	-0.25018290	-0.21426024	-0.00321539	-0.01468464	0.00636586
0.98424311	-0.24259307	-0.22328988	0.03007625	0.01788521	0.01405307
0.98458376	-0.24673116	-0.23330803	0.01723839	0.01641345	0.01466556
0.99126329	-0.25350913	-0.23203126	-0.00255346	-0.00391951	0.00166587
0.98668513	-0.24509457	-0.22897983	-0.00363852	0.00764728	0.00706922
0.98627420	-0.24849405	-0.22435542	0.01779102	-0.00621537	-0.00347078
0.98678145	-0.25577127	-0.21592301	0.02971293	0.01133521	-0.00428942
0.98324904	-0.24946057	-0.21535076	0.01787925	0.00319212	0.00051254
0.98338947	-0.24867675	-0.21817314	0.01090921	-0.00220772	0.01095679
0.98517951	-0.24478374	-0.22302153	0.00849434	-0.00133925	-0.00263930
0.98184233	-0.24412525	-0.22153702	-0.01009648	-0.01371416	0.00981663
0.98664068	-0.25010087	-0.22662013	-0.00380304	-0.01387239	0.02005971
0.98598221	-0.24979361	-0.21968352	0.00328304	0.01345346	0.01007284
0.98433898	-0.24543343	-0.21637435	0.00659970	0.00541499	0.00417008
0.98571194	-0.24493150	-0.21801848	0.01194501	0.01132775	-0.00035899
0.98225319	-0.25157711	-0.21941502	0.00012506	-0.02236121	0.00502719
0.98765285	-0.24629330	-0.22545294	-0.00674608	-0.00272188	0.01348268
0.99032850	-0.24856273	-0.22557264	0.00450063	0.05349720	0.00152053
