1.01837999	-0.06967996	-0.14328529	-0.03341630	-0.05444457	-0.00240536
1.01672612	-0.06826282	-0.15984944	-0.02145741	-0.08057355	-0.01210400
1.00745045	-0.07981033	-0.14680991	-0.04933956	-0.05683799	-0.03939786
1.01708221	-0.05829032	-0.12762186	-0.04906028	-0.13676108	-0.00228420
1.01234795	-0.06861961	-0.12033795	-0.04897271	-0.11187359	0.01515175
1.02031135	-0.06491525	-0.13148678	0.01782085	-0.12056549	0.01600307
1.01811235	-0.06580960	-0.12991914	-0.00757105	-0.09089281	-0.01225628
1.02666565	-0.04805645	-0.14208473	0.00982904	-0.01324873	-0.01491325
1.02559796	-0.04584071	-0.15412749	-0.05891848	-0.06659496	0.04200456
1.01700351	-0.06964894	-0.13238175	-0.03424865	-0.11738942	0.00931339
1.01953334	-0.07517788	-0.14253713	-0.03173693	-0.06234079	0.01093060
1.00600154	-0.06843800	-0.15570563	-0.01765850	-0.07380829	0.03949536
1.00983113	-0.06885557	-0.14349775	0.01510075	-0.08016421	-0.00030305
1.00655626	-0.06901957	-0.14244566	0.02212672	-0.06188050	0.06028901
1.00471650	-0.06377748	-0.14650212	0.00387033	-0.09760199	0.04622202
1.00884608	-0.04409652	-0.15560411	-0.03929374	-0.12697943	0.07090518
1.02382171	-0.04086895	-0.15312839	-0.02041994	-0.17355992	0.09372996
1.04237978	-0.04416388	-0.13044245	-0.03138699	-0.12364573	0.10689060
1.03956139	-0.05045210	-0.15065142	-0.04151223	-0.10814492	0.06780377
1.01708432	-0.05714756	-0.14568011	-0.00396524	-0.12275819	0.12011576
1.00773904	-0.07110014	-0.16316027	-0.07134772	-0.10141760	0.09629093
0.99798697	-0.09203766	-0.17998879	-0.03227495	-0.10289309	0.08793469
1.00444982	-0.08531355	-0.18423372	-0.09182869	-0.08113905	0.08335890
1.00651115	-0.08283520	-0.18949108	-0.05977542	-0.15230299	0.06777676
1.01191040	-0.11239722	-0.17791143	-0.02515284	-0.13651833	0.05357252
1.02190181	-0.11427039	-0.19654792	0.00618765	-0.11479882	0.04435072
1.02210175	-0.12413517	-0.21153748	-0.03657520	-0.04510850	0.02510523
1.02210650	-0.11030875	-0.19636276	-0.09946951	-0.02813885	0.00954694
1.01128035	-0.09566263	-0.17734206	-0.11275169	-0.05661347	0.02676120
1.01326506	-0.07766996	-0.16967271	-0.06518269	-0.02686735	-0.00829431
1.01196314	-0.08056132	-0.17573342	-0.07280936	-0.12938889	-0.03484526
1.00719400	-0.08777477	-0.15792899	-0.07559062	-0.09720138	0.02013515
1.00656320	-0.10262008	-0.17976863	-0.05229541	-0.07925076	0.01277547
1.01156719	-0.09009285	-0.18279461	-0.01860989	-0.10226731	0.01539979
1.02984000	-0.08600918	-0.18841717	-0.06801942	-0.05674297	0.00544003
1.02977777	-0.09367316	-0.19409196	0.00231651	-0.06233908	-0.01357693
1.02831897	-0.09837729	-0.18754449	0.03818998	0.01812551	-0.02096875
1.00280789	-0.06830724	-0.20039600	0.01985345	0.05664333	-0.05091214
0.99701147	-0.08241766	-0.19001360	-0.01582607	0.01941653	-0.02409120
0.99252645	-0.06730619	-0.20031035	-0.00945466	0.01299806	-0.02152346
1.00755887	-0.06154136	-0.21208068	-0.04463317	0.01271211	-0.00952101
1.03308832	-0.06119661	-0.18963686	0.00317520	-0.01755699	-0.01928210
1.03868545	-0.08122196	-0.20211317	0.01342557	0.06017872	-0.03061027
1.03618565	-0.09362573	-0.21213997	-0.03521656	0.06964939	-0.04968978
1.01927955	-0.07826173	-0.18873851	-0.07577133	0.09145907	-0.02131708
1.01737300	-0.08288149	-0.18823874	-0.05196163	0.04365980	-0.01540661
1.00323974	-0.09190089	-0.18133175	0.03720686	0.06439015	-0.04566037
1.01839135	-0.08961012	-0.20685252	0.05448554	0.06936222	-0.04061071
1.00080261	-0.09104981	-0.18514282	-0.00533663	0.07866492	-0.03084223
0.99382035	-0.10434283	-0.18874143	-0.04127102	0.11791750	-0.02542864
1.00639535	-0.08886371	-0.16764050	0.00675512	0.08206197	-0.04757159
1.00828225	-0.07541511	-0.13517376	0.04040244	0.11265538	-0.04985793
1.00564996	-0.07268194	-0.13010540	0.06562672	0.13202544	-0.04763369
1.01682521	-0.08104985	-0.14958012	0.07180208	0.05084163	-0.02798493
1.02445463	-0.08073806	-0.13088275	0.06951877	-0.00578534	-0.02287527
1.02000131	-0.06431727	-0.13773625	0.04840764	-0.04278751	-0.01566590
1.01663701	-0.08016649	-0.15847544	0.07895795	0.01831273	-0.02706627
1.01573701	-0.06021460	-0.14921365	0.00971166	0.08722340	-0.02918623
1.01602807	-0.07775693	-0.18265343	-0.03357741	0.02110768	-0.03415137
1.00599644	-0.07395777	-0.15168822	0.03238759	0.03227451	-0.00296427
1.00403034	-0.06609358	-0.13163945	0.03932596	-0.03733770	0.04288692
1.00398517	-0.07472814	-0.15245612	0.03502604	0.00721498	-0.00450517
1.01261308	-0.07602020	-0.16050805	0.01403850	-0.07356238	0.03801212
1.01533230	-0.08101319	-0.16150809	-0.00517998	0.01387665	0.00862064
1.01235303	-0.07036408	-0.16636556	0.01367584	0.00578049	-0.00121964
1.01723766	-0.08360466	-0.15621127	0.05303270	0.01640953	-0.00394284
1.02133677	-0.07567004	-0.16563962	0.01781188	-0.01127608	0.03394217
1.02376597	-0.07896374	-0.15789681	0.00505024	-0.01213809	0.01907870
1.01319982	-0.07384376	-0.16222286	0.00879087	-0.00615366	-0.00342210
1.02523790	-0.05914111	-0.16330045	0.00459894	0.04782941	0.01318455
1.01020100	-0.05634883	-0.15868674	0.02343171	0.02398720	0.00386786
1.01551104	-0.05516313	-0.15465591	0.00655075	-0.04133725	0.03074193
1.01073094	-0.06053524	-0.16699312	0.03607010	-0.02386771	0.01315778
1.01630557	-0.08149145	-0.15285492	-0.00182111	-0.04101650	0.04046387
1.01790112	-0.07538077	-0.16338979	0.03218533	-0.02055885	0.02729318
1.02375154	-0.09177988	-0.17520761	-0.00451173	-0.01917730	0.00900068
1.02078721	-0.08234319	-0.18197223	0.01388580	0.01928668	0.03204962
1.01432186	-0.08812151	-0.16917129	0.01796782	-0.00133308	0.01286564
1.00674060	-0.08111151	-0.16415618	0.02183492	-0.01164492	0.02760054
1.00786014	-0.09987486	-0.15654390	0.05631212	-0.05140416	-0.00358594
1.01747406	-0.08430995	-0.16469800	0.04738098	-0.09795933	-0.00540411
1.01503441	-0.07972353	-0.14409318	0.00816877	-0.02165754	-0.01517289
1.01715288	-0.07180273	-0.17560474	0.00757442	-0.07613083	0.00326788
1.02171300	-0.07874159	-0.17130450	0.02842784	-0.02945930	-0.01494955
1.01416976	-0.07798560	-0.17930823	0.03923567	0.01724920	-0.01368851
1.00929368	-0.07069437	-0.14993795	0.02884573	-0.00513087	0.03110451
1.01714554	-0.05327610	-0.17780914	0.00239471	-0.00479558	0.03670726
1.01125738	-0.07302541	-0.17935981	0.02210946	-0.04632932	0.01809519
1.02274138	-0.09096172	-0.19655270	0.01396744	-0.02666554	0.01054362
1.01626917	-0.08436480	-0.19512392	0.02866435	-0.01440757	0.01309170
1.02141343	-0.08218826	-0.18793630	0.00959086	0.02238661	0.00259508
1.01379971	-0.07850929	-0.16440736	-0.02750007	-0.03630987	0.00534876
1.01014694	-0.07698691	-0.16411337	-0.03476509	0.01165589	-0.00963910
1.01501415	-0.07604990	-0.15032266	-0.03033409	0.02118113	-0.00843912
1.00878382	-0.08135164	-0.15770514	0.00395113	-0.01581864	-0.01100470
1.00216633	-0.08660256	-0.15687678	0.00035213	-0.02331671	-0.01880235
1.01566487	-0.08068249	-0.16872519	-0.03990285	-0.04669786	-0.00948914
1.01477942	-0.09169985	-0.17469644	-0.00721951	-0.05580128	-0.00366239
1.00534053	-0.07307366	-0.16941992	-0.03719603	-0.03306284	-0.01880125
1.01391149	-0.06377979	-0.17670713	-0.06472096	-0.03170438	-0.00576531
1.01434877	-0.04788809	-0.16830989	-0.05549775	0.04907352	0.00546972
1.02001649	-0.04679633	-0.17014641	-0.00569482	0.02755010	0.00678980
1.02767027	-0.07223852	-0.18675331	-0.01184537	0.03971245	0.04092849
1.02605051	-0.07305922	-0.19970161	-0.02710218	0.06322078	-0.01494114
1.02316020	-0.08480971	-0.16452548	0.03327759	0.00914240	-0.02612184
1.01740932	-0.08488452	-0.14423714	0.01860163	0.03880256	-0.02626013
1.01660913	-0.07752482	-0.15212161	0.03715565	0.00356644	-0.04049817
1.00359913	-0.05682848	-0.17541709	0.03854138	0.03673409	-0.02808679
1.01661071	-0.04883011	-0.14618505	0.04782360	0.02361867	-0.02735561
1.01779617	-0.07036567	-0.16182007	-0.00031557	-0.00143324	-0.03034609
1.02319543	-0.06988231	-0.15430974	0.00866024	0.04330016	-0.00236736
1.02435053	-0.09194247	-0.15946839	0.00519429	0.01376567	-0.00296628
1.02020815	-0.09439700	-0.16196118	-0.01107034	0.03656848	0.00053149
1.02099653	-0.06893774	-0.16119536	-0.00231121	-0.03457701	-0.02412222
1.02385369	-0.08109052	-0.15118415	0.06763736	-0.02011282	-0.00521825
1.01212219	-0.07874759	-0.15449239	0.02101704	-0.02034316	-0.00507097
1.00371119	-0.06645831	-0.14628397	0.01608884	0.04113759	0.00162527
1.00227342	-0.07503308	-0.15879173	0.01674715	0.00377547	-0.00920906
1.01040242	-0.06521375	-0.15749231	0.00759165	0.00475015	-0.03110525
1.01494937	-0.06287374	-0.16130260	0.02900987	0.02477535	0.01054915
1.02352188	-0.08319980	-0.17812832	0.04773723	0.04968133	-0.01078531
1.02016545	-0.06904287	-0.16067729	-0.01242842	0.05261217	-0.01015997
1.02035850	-0.06508110	-0.17326144	0.01680038	0.03486354	-0.02724008
1.01214088	-0.06849609	-0.16397052	0.04568302	0.03772725	-0.00211225
1.01146658	-0.05562519	-0.16128866	0.03009147	0.02835377	-0.01431584
1.00833753	-0.05428459	-0.15762604	0.00945904	-0.01869410	0.02185599
1.01013077	-0.07826099	-0.14485265	-0.00855373	-0.02622944	0.03724333
1.01712098	-0.06976190	-0.16514973	0.04256564	0.02879237	-0.00356292
