-0.02992465	0.91618058	0.42263170	-0.01520399	0.05434454	0.00202541
-0.04146751	0.92282893	0.41802453	-0.01185465	0.01591770	-0.00445662
-0.04375734	0.92415463	0.41719016	-0.00568716	0.00109469	-0.00942149
-0.03792944	0.92096637	0.41288844	-0.02143959	0.04667782	-0.01437361
-0.03162995	0.91958627	0.40599274	0.00890518	0.07081265	-0.02731682
-0.03421677	0.93105384	0.41782949	0.00818264	0.02508313	-0.01559297
-0.03565127	0.92576371	0.42588919	-0.00829323	0.01010138	-0.01125385
-0.03493793	0.91845359	0.41818859	-0.02074707	0.07327778	-0.01143340
-0.02661890	0.91120061	0.41327729	-0.01247973	0.06070106	-0.02040651
-0.03550408	0.90630769	0.41832124	-0.01347362	0.06958517	-0.02018847
-0.04415041	0.91008878	0.41555463	-0.01749427	0.04783781	-0.02346270
-0.04949826	0.91783288	0.41318343	-0.02549567	0.04168275	-0.00693964
-0.03596287	0.92434006	0.42546389	-0.01530265	0.01946854	-0.00638161
-0.03635013	0.92680236	0.42651177	-0.03257812	0.03742654	-0.00308734
-0.04448590	0.91323975	0.42119211	0.00319820	0.02104784	-0.00160059
-0.03336811	0.91480670	0.42115654	-0.01685602	0.00554504	-0.02112233
-0.03843165	0.92029408	0.42473100	-0.00614350	0.00101624	-0.02543297
-0.03423659	0.91253860	0.42282404	-0.00721381	0.00465459	-0.02123331
-0.03038010	0.91418722	0.42721417	-0.01000792	0.04803543	-0.01841180
-0.03479276	0.91821070	0.42324011	-0.01855737	0.03911483	-0.03624473
-0.03797194	0.91256284	0.41162375	-0.01538322	0.09863997	-0.03087111
-0.03305747	0.91650252	0.40039782	-0.01601085	0.07208500	-0.02899303
-0.03489210	0.92087058	0.41240194	-0.00203943	0.04799851	-0.01538285
-0.04394711	0.92137706	0.40374478	-0.01502751	0.04064456	-0.00333025
-0.04533296	0.92153798	0.40901471	-0.00976966	0.03125870	-0.01691647
-0.04334793	0.91937232	0.41255892	-0.02630854	0.03877716	-0.00370114
-0.04872558	0.91942450	0.42142716	-0.00997878	0.03224672	-0.00742966
-0.04635586	0.91887724	0.42429950	-0.01642805	0.08573003	-0.01381397
-0.04365339	0.91523364	0.40898258	-0.01287521	0.05548333	-0.00960897
-0.04733431	0.91098208	0.41495635	-0.00622175	0.04040003	-0.01445169
-0.04614194	0.90863038	0.41848235	-0.00604487	0.02058978	-0.02528358
-0.05476015	0.91498797	0.42334231	-0.01858571	0.02252992	-0.01939973
-0.04959724	0.91463447	0.41167767	-0.01678418	0.03409082	-0.01748783
-0.05592044	0.91507101	0.41951052	-0.01672651	0.06782447	-0.00817957
-0.04691282	0.91695585	0.41474059	0.00179422	0.06496973	-0.00967774
-0.05164676	0.91786345	0.42297036	-0.02316302	0.03044686	-0.00837828
-0.05130330	0.91466395	0.41747136	0.00739302	0.00912892	-0.00230144
-0.05086525	0.91683148	0.42715713	0.01206225	0.03688549	-0.02140767
-0.05014667	0.92076429	0.41620948	-0.01117705	0.02735639	-0.01557011
-0.04591164	0.91763594	0.42877994	-0.00960048	0.03361651	-0.01047786
-0.04767242	0.91447137	0.42795412	-0.00918497	0.01507679	-0.02063248
-0.05667268	0.91667273	0.42756743	0.00231731	0.01013399	-0.01543834
-0.05541586	0.91884816	0.42241736	-0.00753186	0.04018325	-0.00997233
-0.05064564	0.91475828	0.42213090	-0.00840142	0.05666895	-0.00520534
-0.06011840	0.91487105	0.42481397	-0.00771839	0.02453116	-0.01759142
-0.05628681	0.91320961	0.42235218	-0.02115392	0.02642629	-0.01386287
-0.05567395	0.90854194	0.42305393	-0.01378134	-0.01298811	-0.01341625
-0.06051431	0.91280816	0.42767898	-0.00058660	0.01700473	-0.01015330
-0.04580304	0.91119691	0.43032284	-0.02458256	0.02429927	-0.01058014
-0.06179568	0.91447366	0.43068933	-0.00130488	0.06302325	-0.00953058
-0.06054042	0.91337760	0.42542424	-0.00499167	0.00126107	-0.00574333
-0.05501246	0.91596009	0.42193341	-0.00323995	0.01958193	0.00397427
-0.06246716	0.92064389	0.43140152	0.02132286	0.00816741	-0.00495805
-0.06528684	0.91893768	0.43127327	0.00193769	0.01177387	-0.00238758
-0.06358328	0.91864113	0.42250347	-0.00771995	0.03331462	-0.00463490
-0.05365243	0.91601776	0.42379085	0.00179605	0.05805707	-0.00558077
-0.06330887	0.91593559	0.42633854	0.00618706	0.01849950	-0.01149838
-0.05468600	0.91296610	0.42422061	0.01569838	0.00512999	-0.00936520
-0.05120104	0.91378361	0.41266154	0.01599061	-0.00414101	0.00093267
-0.06261937	0.91267442	0.41155846	0.00453036	0.03864724	-0.01483639
-0.05991192	0.91011854	0.42279791	-0.00175723	0.00078994	-0.02006464
-0.05834762	0.91387281	0.41016711	-0.00462882	0.04952462	-0.01337250
-0.07007436	0.91884433	0.41478228	-0.01616053	0.01882112	-0.01348082
-0.05901183	0.92802214	0.42299610	-0.01612532	0.03854980	-0.02072476
-0.05594904	0.93030655	0.43071571	-0.00791199	0.01994944	-0.00082541
-0.05487365	0.92643748	0.43335763	-0.00767937	0.01578575	0.00033005
-0.05933397	0.91980450	0.41504143	-0.00282518	0.01503118	0.00148949
-0.05898751	0.91244776	0.41749062	0.00812134	-0.00324998	0.00445627
-0.06087352	0.90176371	0.42168915	-0.01383191	0.00693907	0.01112837
-0.05743226	0.91240220	0.41961097	-0.00178508	-0.00218109	0.00461111
-0.06123059	0.91665523	0.42709708	0.00543641	-0.02422625	0.01009219
-0.05593850	0.91528856	0.43062936	0.00691606	-0.00798467	0.00688393
-0.06908764	0.92097775	0.42420077	0.01936794	0.00389782	0.01056978
-0.06925347	0.92734462	0.41830267	0.02512264	0.01006581	0.00088405
-0.06363124	0.92282541	0.41942407	0.01400713	0.00415371	-0.00369467
-0.06351194	0.92205132	0.41892963	-0.00725918	-0.00649187	0.00975161
-0.06524886	0.91316206	0.41730539	0.01051933	-0.00217460	0.00792091
-0.05952384	0.91868754	0.41423644	0.01546052	-0.02505826	0.00022340
-0.06826568	0.91981976	0.40740709	0.02402390	-0.02912272	0.01534038
-0.06646354	0.92089757	0.41330080	0.02336480	-0.02231062	0.00664469
-0.06468100	0.91739102	0.41894202	0.01034808	-0.01657366	0.01164724
-0.05917321	0.91546725	0.41321970	0.01522871	-0.02454140	0.01405075
-0.06265763	0.91679530	0.41462366	0.00132316	-0.00237743	0.00629098
-0.06692315	0.91909827	0.41547636	0.00882843	0.00687700	0.00692162
-0.06468296	0.91733421	0.42225544	-0.00591382	-0.04674485	0.00269745
-0.05996491	0.91943649	0.42212526	0.00203616	0.00493243	-0.00001188
-0.06663665	0.92231238	0.41880185	0.01027309	-0.00368789	0.00914928
-0.06681099	0.92190616	0.41418074	0.01394067	-0.03441707	0.00604482
-0.05724889	0.92529866	0.42070441	0.01860447	-0.03298074	0.01344776
-0.06920621	0.91551069	0.41562775	0.00300997	0.00364657	0.01263443
-0.06415636	0.92141189	0.41673362	0.00269053	-0.00759684	0.00854321
-0.06929421	0.91046356	0.41706077	0.00963160	-0.00310049	0.00958581
-0.06071066	0.91618753	0.41573035	0.00356788	-0.02811649	0.00257990
-0.05806895	0.91885127	0.41508804	0.01339056	0.01590692	0.01331269
-0.06076297	0.91771988	0.41481890	0.00291986	0.03178808	0.00840369
-0.06995158	0.92541124	0.42437872	0.00749586	0.00987120	0.01942729
-0.06611029	0.91822354	0.42459696	0.03308896	-0.01293957	0.02133505
-0.06190338	0.92134599	0.41919461	0.03254557	-0.02427460	0.01962216
-0.05569148	0.91916935	0.41319616	0.02256527	0.01419703	0.01332423
-0.05045624	0.91249264	0.41314683	0.02862253	0.00493337	0.01010428
-0.05018110	0.92681736	0.41715446	0.01285845	-0.01013419	0.01353892
-0.06038065	0.92616633	0.42503771	0.02083944	-0.02570296	0.00129806
-0.05902446	0.92005323	0.41710447	0.03569931	-0.05061912	0.01523657
-0.06648618	0.92057016	0.40263083	0.01933297	-0.01939815	0.01655043
-0.05240762	0.92088703	0.39525662	0.00871083	-0.01898191	0.02455859
-0.05752334	0.92086862	0.40932671	-0.00265213	-0.01203632	0.01658743
-0.06250373	0.92245880	0.40506776	0.01786936	-0.03421419	0.01676964
-0.06398033	0.91521583	0.40476306	0.02343983	-0.05980939	-0.00422696
-0.04920426	0.91421893	0.40016964	0.01677573	-0.02030447	0.00806623
-0.04651816	0.91650997	0.40495176	-0.00570203	0.01276893	0.01760693
-0.03832037	0.91880996	0.41873961	0.00364151	-0.03910957	-0.00917942
-0.04591808	0.92227539	0.41501089	0.02322781	-0.01364282	0.00332612
-0.05580001	0.92090987	0.40005413	0.02363256	-0.03025967	-0.00316112
-0.06548845	0.93018935	0.39964221	0.00712425	-0.01211965	0.01267027
-0.05401320	0.92509622	0.40334065	0.00617967	-0.04982660	0.00712464
-0.05171793	0.91330761	0.41206189	0.00625362	-0.00745210	0.01004478
-0.05983993	0.91069155	0.40938961	-0.00000235	-0.00265206	0.01054722
-0.06686660	0.91554342	0.40472195	-0.01876916	-0.04778045	0.00866270
-0.06851851	0.92463867	0.41434098	-0.01477374	-0.08569140	0.02026239
-0.06628867	0.91341279	0.41602959	0.02614765	-0.07161632	0.02270173
-0.05296689	0.91127414	0.41298365	0.01063949	-0.04477835	0.01048392
-0.05131874	0.91944521	0.40658163	0.00739378	-0.03637668	0.02073995
-0.05442199	0.91925953	0.39407947	0.00769963	-0.04884457	0.00080674
-0.05986546	0.91685242	0.40561643	0.00495625	-0.05887066	0.00727977
-0.04567217	0.91752310	0.41737521	0.02086756	-0.05628221	0.02264407
-0.05101354	0.91453885	0.41953199	0.02908406	-0.07904354	0.01573577
-0.05884012	0.91341961	0.41258614	0.02707659	-0.07137200	0.01887302
-0.05686832	0.91502618	0.41805913	0.04506199	-0.09809039	0.01621632
