0.00034640	0.99261112	0.07896815	-0.08217561	0.02853929	-0.03600187
-0.00122550	0.99027728	0.09656837	-0.02200431	0.03303767	-0.02477693
0.00075508	0.99533275	0.08536534	-0.06006246	0.03210575	-0.04004980
-0.00708529	1.00377787	0.08171570	-0.06065483	0.13732138	-0.03385855
-0.00938846	1.00706324	0.10762511	-0.09610010	0.17553815	-0.04681155
-0.01421933	1.01355197	0.11550607	-0.04491321	0.11310592	-0.05518090
-0.01142333	1.01733512	0.11339176	-0.01138924	0.05470612	-0.02963987
-0.01582274	1.01391420	0.09772131	0.03749496	-0.00804008	-0.02635435
-0.02138688	1.00110564	0.08030407	-0.00551659	0.00159070	-0.01033311
-0.02016103	0.99313102	0.08085157	-0.02213206	-0.00966033	-0.00504843
-0.01640143	0.99315954	0.08370537	-0.03852414	0.04084306	-0.01814103
-0.02179791	0.99009384	0.08933982	-0.03930482	0.06954750	-0.01651604
-0.02094072	0.99793149	0.09585711	-0.05107050	0.00848378	-0.01366872
-0.01501246	1.00011890	0.08909517	-0.05474461	0.01846702	-0.01205671
-0.00781951	1.00033432	0.09375849	-0.05921707	0.03604395	-0.02039862
-0.00304975	0.99764841	0.10376764	-0.04733250	-0.00528461	-0.00394340
-0.00284901	0.98883106	0.08862833	-0.04969326	0.06125188	-0.01160361
-0.00579626	1.00042494	0.09886444	-0.04504930	0.07820625	-0.01634064
-0.01414184	1.00384067	0.09886081	-0.02657613	0.05104480	-0.01856153
-0.01623003	1.00183919	0.09347096	-0.02537126	0.04029488	-0.03371410
-0.00998395	1.00360573	0.10149005	-0.00121400	0.01907630	-0.01483136
-0.01169550	1.01421079	0.09317055	-0.01220878	0.04276374	-0.01124190
-0.01312641	1.00998022	0.09519251	-0.01480677	0.03571725	-0.01223245
-0.00956172	1.00934697	0.08275701	0.00470438	0.03086883	-0.01664171
-0.00997623	1.00665808	0.09676101	-0.01362606	0.04352428	0.00493366
-0.01337630	0.99383355	0.08439096	-0.00315125	0.02588980	-0.00711375
-0.00841379	0.99562090	0.07478308	-0.02173816	0.05896947	-0.01339581
-0.01502837	0.99408431	0.08616296	-0.04404617	0.04148798	-0.00351650
-0.01426356	0.99398473	0.09798655	0.01343442	0.07004142	-0.01607338
-0.01057611	0.99770249	0.09049123	-0.02026088	0.00720978	-0.01247677
-0.00630870	1.00178954	0.09517617	-0.03475849	-0.00454488	0.00536369
-0.01108118	0.99917306	0.09697890	-0.01913467	-0.02834871	-0.01855722
-0.01035655	0.99361756	0.08995005	-0.00222186	0.01804081	-0.00554187
-0.01371794	0.99633140	0.08627068	-0.04231160	0.02886344	-0.01284203
-0.01170875	1.00215785	0.09153138	-0.01053502	0.02664023	-0.01134809
-0.01021025	1.00141768	0.10292165	0.01025670	0.04955286	-0.00642773
-0.01631284	1.00432940	0.10234477	0.00468887	0.00068046	0.00232801
-0.02199745	0.99754842	0.10130844	-0.00488494	-0.00970809	-0.00594044
-0.01108449	0.99376672	0.09711948	-0.00952338	-0.03089834	-0.01923917
-0.00381043	1.00114448	0.09690182	-0.02622380	0.00056005	-0.01111456
-0.00369082	1.00030332	0.09196608	-0.01947096	0.02842954	-0.01362537
-0.00644158	1.00967802	0.10625936	-0.00254581	0.07191450	-0.01109676
-0.00331150	0.99524337	0.11008957	0.00059087	0.05669207	-0.00585301
-0.01661436	0.98192261	0.10873332	-0.00894286	0.03984227	-0.01382410
-0.02423634	0.99525140	0.10319083	-0.02166916	0.01519515	-0.01088988
-0.01675262	1.00159052	0.11506557	-0.01484362	-0.03336163	-0.01183005
-0.00786303	1.00106561	0.11853766	0.01895503	-0.01731505	-0.00849345
-0.00898584	1.00408705	0.10720444	0.00430472	-0.01237605	-0.01638011
-0.00416550	0.99764979	0.09833152	0.00428982	0.02600777	-0.01029922
-0.00301558	0.99473550	0.10411540	-0.02664124	0.06081342	-0.02564879
-0.01169260	1.00309857	0.09438037	-0.01602609	0.06154418	-0.01972163
-0.01855871	1.00615978	0.11360888	-0.00911779	-0.01729993	-0.01891947
-0.01912667	1.00670238	0.11777799	-0.00933268	-0.00012871	-0.01025043
-0.02085790	0.99876632	0.11424868	-0.02596735	-0.01663057	-0.01377757
-0.01372635	1.00195593	0.10895530	0.03355860	-0.03816588	-0.00020366
-0.01732470	0.99718604	0.10013150	0.01704977	-0.02588848	-0.00472056
-0.01131161	0.99849305	0.09931801	0.00184815	-0.05394088	0.00341064
-0.00878160	0.99513241	0.10786860	-0.03130292	-0.02816090	0.00384478
-0.01108056	0.99691139	0.10625151	-0.04757802	0.00601831	-0.00660257
-0.00882501	1.00002086	0.10725117	0.01292771	-0.00921479	-0.00549386
-0.01609023	1.00198501	0.11430902	0.04856599	0.01305502	-0.01766646
-0.01452684	1.00641308	0.10966959	0.07381998	-0.02533422	-0.01788287
-0.01494368	0.99963961	0.09942496	0.03837131	-0.02266591	0.00522033
-0.01201481	1.00245032	0.07818186	0.00183492	0.01894301	-0.01653408
-0.01056807	1.00788504	0.08804701	0.00101838	-0.01538677	-0.01030108
-0.01241116	1.00815836	0.08544696	-0.00080036	0.00298146	0.00466174
-0.01783179	1.00996660	0.09373135	0.00351981	-0.01657816	-0.00266970
-0.01191631	1.00186127	0.08579206	0.00452335	0.00268825	0.00099927
-0.00814023	0.99537920	0.09642799	-0.02108660	0.01001214	-0.00195283
-0.00146412	0.98950479	0.09368264	-0.04413998	0.05710080	-0.02517921
-0.00815313	0.99504164	0.08793507	-0.06088421	0.00692445	-0.01811233
-0.01448236	0.99491862	0.09756105	-0.02097431	0.00014296	-0.00325752
-0.01077651	0.99250349	0.09681142	0.00092170	-0.03553126	-0.02260651
-0.00948509	1.00483479	0.11529116	0.03943394	0.00077449	-0.00873883
-0.00975336	1.00714422	0.11804984	0.06294176	0.02249419	-0.00687146
-0.00298033	1.00474226	0.09789636	0.04523962	0.02334371	-0.00489457
-0.00891381	0.99906049	0.10699231	0.02549767	0.02090986	0.00171507
-0.01076485	0.99635570	0.09927680	0.05263053	0.02645359	-0.01838110
-0.00919858	0.99065963	0.09318913	0.00783286	-0.00683938	-0.01201535
-0.01086752	0.99943420	0.10436912	0.03688711	-0.01138275	-0.01903839
-0.01878763	0.99839972	0.09138152	0.02517001	-0.04038684	-0.00839217
-0.01413432	0.99893710	0.09849288	0.02580796	-0.01650116	0.00023399
-0.00925780	1.00202339	0.08970688	0.00444361	0.02620851	0.00428582
-0.00875706	1.00244321	0.08377300	0.02245945	-0.02796293	-0.00153661
-0.00777611	1.00753598	0.08363351	0.03913205	-0.00497243	-0.00145532
-0.00716133	1.00258374	0.08835895	0.03127202	-0.01057207	-0.00470820
-0.00940313	1.00163413	0.08633496	0.02422516	-0.01314962	-0.00673659
-0.01117985	1.00705562	0.08631495	0.01547902	-0.01783569	-0.00635325
-0.00805363	0.99652906	0.07670121	0.04457826	-0.02138033	-0.00712341
-0.00509541	0.99864767	0.08577393	0.01797483	-0.02404906	0.00386177
-0.00813739	0.99836799	0.07921988	0.02500404	-0.04717810	0.01003108
-0.00994096	0.99988400	0.09000532	0.01977828	-0.03872611	0.00467412
-0.00003730	0.99942756	0.08931854	0.02985530	-0.02349728	0.00051136
-0.00084438	0.99957644	0.08988585	0.01144069	-0.00819159	-0.00803784
-0.00126356	1.00452036	0.09060010	0.03997720	-0.03087986	-0.00508486
-0.00013911	1.00362968	0.08591594	0.01588517	-0.02844772	-0.00178398
-0.00574480	1.00679015	0.08811683	0.01954556	-0.00022584	-0.00333997
-0.01097286	0.99753499	0.09167437	0.03200281	-0.03194619	-0.00892287
-0.00937309	0.99512916	0.07835411	0.02806842	-0.05224790	-0.00757266
0.00199312	1.00402967	0.07109455	0.02474226	-0.01399318	-0.02321326
0.00271372	1.01213735	0.08207177	0.03143147	0.00534535	-0.00464979
-0.00322661	1.00398386	0.08884299	0.02068618	-0.02159663	-0.00690001
-0.00346370	0.99147864	0.07682285	0.00575499	-0.00121993	-0.01492520
-0.00448904	0.99424598	0.06972606	0.00648469	-0.01384327	-0.00981867
-0.01127781	1.00221197	0.06112282	-0.01242622	-0.02283467	-0.00768478
-0.01747406	1.00758606	0.08038163	-0.00110969	0.01502269	-0.01359977
-0.00590932	1.01363532	0.08901116	0.00698202	-0.02811149	-0.00473054
-0.00954298	1.00995370	0.08522488	0.02985867	-0.07101714	0.01402404
-0.01349905	1.00547191	0.08603346	0.03400588	-0.05693822	0.01217984
-0.00698213	1.00347990	0.09567611	0.00796639	-0.06584039	0.01337357
-0.00952600	0.99475759	0.08626335	0.03154389	-0.05723881	0.01009733
-0.00245609	1.00100239	0.07618212	0.05898918	-0.04759224	-0.01418174
-0.00446168	0.99096169	0.09416376	0.03280536	-0.01725948	-0.01235084
-0.00303695	0.99215380	0.08232492	0.01485949	-0.03923671	-0.02001668
-0.00177963	0.99101940	0.07138651	0.01475514	-0.01063561	-0.01968571
-0.00063716	0.99662888	0.09014724	0.01176292	-0.00266657	-0.00811837
-0.00391856	1.00022494	0.09121956	0.02423289	0.00614150	-0.00532298
-0.00297333	0.99942946	0.07773783	0.02343773	-0.00633416	-0.01270944
-0.00138159	0.99642996	0.07195875	0.01085160	-0.04762948	-0.01302778
-0.00555760	0.99527813	0.07599792	-0.00318906	-0.01885805	-0.00301470
-0.00970271	0.99665187	0.07304216	0.03687849	-0.00163404	-0.01081035
-0.00052901	0.99926143	0.07105520	0.05251207	0.00641860	-0.00643083
-0.00602252	0.99617994	0.07562955	0.01292075	-0.03603439	-0.00955996
-0.00020641	1.00006515	0.09067036	-0.00300976	-0.05612804	-0.00796064
0.00119188	1.00344753	0.08134247	-0.02165771	0.01986464	-0.01123806
0.00136248	1.00009033	0.08054063	-0.00263686	-0.02443020	-0.01003180
-0.00813106	0.99756181	0.08085853	-0.01091824	-0.01579522	-0.00800405
-0.01608563	1.00546258	0.08450912	0.00523790	-0.05090017	0.00033008
