1.22812671	-0.24741305	0.11476079	1.09123447	0.36732671	-0.46907717
1.23307089	0.03087492	0.10717874	1.01568473	0.08667122	-0.59443908
1.25050164	0.09161583	0.11495689	0.38213769	-0.91107264	-0.24205131
1.15202107	0.32309796	-0.03631203	-0.92566275	-0.25052517	-0.38583895
1.26611467	0.27214504	-0.02605239	-0.50626139	-0.12976716	0.17017105
1.28451686	-0.14113070	0.18022244	-0.74403734	-0.57582566	0.40438031
1.34022416	-0.46029188	0.13060881	-0.17816151	0.20568437	0.43577801
1.19026819	-0.69591694	-0.06564176	0.10557224	-0.57530775	-0.44615522
0.97255726	-0.83844569	-0.14536033	0.62121585	-0.36636977	-0.70951879
0.98639117	-0.61455154	0.00619658	0.58458336	-0.76871617	-0.55823540
1.02776914	-0.56371559	0.01267167	-0.24357312	-0.41818521	-0.43426701
1.01271115	-0.44290157	0.18853007	0.59717039	-0.36206156	-0.33795198
1.21030832	-0.34075751	0.02743439	1.21777876	-0.59700731	-0.05597962
1.01571557	-0.27290905	0.02566602	0.86775242	-0.17290889	-0.30728340
1.05115433	-0.29363554	-0.16392828	0.54762729	0.64091735	-0.02968471
0.83445853	0.03901820	-0.02288257	0.08720681	0.62490799	0.09146676
0.81172450	0.07124188	-0.04156913	-0.28865578	0.16496048	0.16401750
0.70883202	0.00503145	0.17098907	-0.74801826	0.26271968	0.51107592
0.89373760	-0.27263645	0.26638369	0.07496190	0.12184507	0.30375521
0.89039600	-0.08696089	0.25879428	-0.65278809	0.23004025	0.75226000
0.70987143	-0.12004762	0.18218751	0.40694186	0.39517705	0.60051760
0.87584987	-0.35955192	0.03004263	0.15149131	-0.73799658	0.63735908
0.97013150	-0.12889934	0.03071391	-0.40379721	0.06651439	0.37308053
0.78486378	-0.06349373	0.18947799	0.32222440	-0.55692219	0.18538797
0.80879341	-0.06551077	0.12571775	0.19042061	0.31570948	-0.12675101
0.91721183	-0.05943691	0.19679484	0.19181764	-0.33851692	-0.30102295
1.07225864	-0.12030553	0.11007376	0.02596877	0.00997730	-0.12701148
0.90116703	-0.20709925	0.11928846	-0.03118876	-0.52618400	0.31223335
1.07749561	-0.09852233	0.11833375	-0.15965365	-0.16664116	0.26344033
1.44453461	-0.19903842	0.19676000	0.15383259	-0.46126266	0.02484452
1.34188469	-0.43182780	0.13839780	0.45717140	0.32884350	-0.18702618
1.40709580	-0.11388626	0.03290078	0.66296078	0.24665413	0.32651148
1.41431005	-0.14927578	0.12994809	0.28472255	-0.08744754	0.23654235
1.54994203	-0.28315723	0.03622798	-0.62730403	-0.99245491	0.81849390
1.85797776	-0.47158327	0.07691789	-0.09852552	-0.02838427	1.04463534
1.26218376	-0.77400492	0.03673256	0.13429957	1.12963136	0.47574350
0.88247359	-0.99442140	-0.14396625	-0.03957717	1.91169607	-0.77331767
0.69632484	-0.71332272	0.20023487	0.90967923	0.83491651	-0.74037575
0.37726061	-0.37666317	0.44035710	0.89457377	-1.24317722	0.04015943
0.72499266	-0.45397866	0.25781096	0.83943512	-1.51124945	-0.26313346
0.73332331	-0.03624292	-0.14069184	0.25540305	-1.50054462	0.29052344
1.16622192	-0.27002915	-0.19647564	0.33246791	0.07068816	0.41525442
1.10717715	-0.26138930	-0.09196009	0.08817254	0.57640461	0.16633326
1.07936272	-0.41685099	-0.11205498	0.82201817	0.29219230	0.27364518
0.94439585	-0.19956399	0.02122048	0.68415418	0.12015011	0.07677050
0.65383496	-0.39116801	0.16128611	1.24290759	-0.92556566	-0.41898494
0.90657496	-0.17535038	-0.07087016	0.41596698	-0.98153477	-0.58400513
0.71771107	-0.03180502	0.01733688	0.69482312	-0.88428401	0.01729449
0.86509142	-0.24498073	-0.01065973	0.78270776	0.28731456	0.29262297
0.90935963	-0.06476140	0.02856308	0.23413742	0.72658751	0.22853131
1.06470506	0.08395969	-0.06530464	-0.06103793	1.01554829	0.49448761
0.97048834	-0.09230230	-0.09214213	0.53389968	0.65011838	0.20590940
0.66199537	-0.08351480	0.03066975	0.36365655	0.02931565	0.05643220
0.73359898	0.14480035	0.05096780	0.38653751	0.02472598	0.51030222
0.85645900	-0.01714639	0.07348139	0.00622093	-0.19223874	0.19224747
1.10855771	-0.05136586	0.06320457	1.05797894	0.40533627	-0.12534771
1.34870792	-0.00003930	0.03921225	0.57948667	0.74100920	-0.01740073
1.10866283	0.17816266	0.04278954	0.57275071	0.24083866	0.26530618
0.90077875	-0.28445181	0.13580676	0.61240277	-0.26493067	-0.80851422
1.07518501	0.09805520	0.09191003	-0.54131520	0.30461506	-0.39924809
1.21724689	0.15440825	0.05253411	-0.48279895	-0.24467342	-0.26319418
1.22842107	-0.09176669	0.03286140	-0.85593025	-0.84170206	0.34943963
1.18953832	-0.38672462	0.02029867	-0.56115689	-0.37039322	0.20958139
1.24511462	-0.71977415	-0.01009060	-0.95153994	-0.87743796	-0.16634925
1.13014395	-0.77011632	-0.10891150	-0.09124465	-0.14787628	-0.43682448
1.20798700	-0.54441075	-0.07430500	-0.57942126	-0.26862215	-0.81682555
1.14458937	-0.41487960	-0.05882272	0.16490196	0.31827080	-0.45752561
0.91640422	-0.47366061	0.05916540	0.81983036	0.38122162	-0.12145602
1.19903248	-0.30309921	0.01426479	0.26668566	-0.36722867	0.25799352
1.19945054	-0.11491080	0.00012125	0.34242769	0.28671858	0.39296490
0.90513441	-0.13294662	-0.00148748	-0.18205972	0.19555319	-0.21438275
0.71757313	0.03760164	-0.02948088	-0.27644351	-0.07436545	0.33629664
0.63960647	-0.27615804	0.07757534	-0.51231163	-0.06790640	-0.12868766
0.94511081	-0.25104424	-0.01819144	-0.48156835	0.58515893	0.01613124
0.58942441	-0.07819151	0.17717620	-0.50730548	0.43748526	0.50605879
0.44798706	-0.10238951	0.14671415	-0.76835936	1.24647553	-0.10223237
0.68464771	-0.06886263	0.13100218	-0.20900714	0.17196836	0.39597043
0.51469635	-0.18787871	0.12737885	-0.21093808	-0.37856957	0.12513484
0.86248400	0.01812156	0.25432920	-0.19133087	-0.40296555	0.03885533
0.83513597	0.00830335	-0.02003475	-0.53592312	-0.19037763	0.58482936
0.95598465	0.08709594	0.13938572	-0.12869632	-0.47493340	-0.28586866
0.86090448	-0.20345940	0.19685249	-0.56034940	-0.12181597	0.10740043
0.79781873	0.07307781	0.20577786	-0.43662081	-0.63506361	-0.11926331
1.06922635	-0.23165650	0.16187831	-0.48844265	-0.89073602	0.00462295
1.19949456	-0.37349796	0.13949102	-0.18579884	-0.50746897	0.68416623
1.27198926	-0.42308504	0.09431273	0.28860167	-0.95747250	0.41190913
1.46437727	-0.31124946	0.18152750	0.73480451	0.88576946	0.19571188
1.30089369	0.05258017	0.10423902	1.32083913	0.17276022	-0.14119707
1.14109322	0.17346948	0.12444092	0.31128054	-0.18545556	0.45270224
1.42068774	-0.40610243	0.06940481	0.66021442	-0.87553853	1.38329900
1.41969606	-0.51732609	-0.08794394	0.67250005	0.05554317	0.76056272
1.18594747	-0.95018909	-0.12396876	0.20733449	1.24897729	-0.02955388
0.98217017	-0.74884951	-0.03692644	-0.29769489	2.08571643	-0.90946672
0.64456926	-0.35996764	0.20763661	0.67815986	0.01962430	-0.25527051
0.75266504	-0.31932455	0.18485583	1.29294322	-0.31978644	-0.11418437
0.77323197	-0.00710306	-0.13164372	0.26275070	-0.65327424	0.24576800
0.85876545	-0.27724075	-0.23405154	-0.46802568	-0.74848366	0.29878763
0.97019277	-0.35677866	-0.15782565	-0.47023453	0.21593240	0.05124308
0.89471183	-0.35436952	-0.15175642	-0.21675142	0.55313961	-0.29920814
0.84120328	-0.47214733	0.07210869	0.03207424	0.01050875	0.60109588
0.72288559	-0.34599089	-0.13996332	0.20544583	-0.24491923	-0.16741369
0.87425605	-0.48833958	0.06957229	0.78327478	0.77108638	-0.15939034
0.72058817	-0.23638610	-0.01533909	1.28104929	-0.61282920	0.44789043
0.88198728	-0.08163769	0.05807057	0.70107278	-0.19947322	0.30518665
0.96728518	-0.30099471	-0.03955390	0.98238030	0.11903690	0.30264791
0.98326357	0.02797254	-0.00805680	0.32190385	0.11620332	-0.23071099
1.05376898	0.02373907	0.09832634	0.19378669	0.82861072	-0.12516848
0.87821327	0.31963432	-0.05968171	0.18846028	0.07275415	-0.25001283
0.70936811	0.03499184	-0.01178231	0.23563956	0.37872766	0.03463792
0.82333128	0.00654098	0.09769116	0.31165972	0.03067272	0.02214415
0.74881168	-0.11879280	0.04925258	0.63097051	-0.15707993	0.07401307
1.18580523	-0.08820834	0.17538312	0.55195084	0.56710345	-0.13768265
1.00787275	-0.29843679	0.07040966	0.10415846	0.53183126	-0.30321768
1.16822451	0.13008529	0.05489298	0.57286128	0.38571614	-0.16155922
1.00015300	0.23794837	0.08418684	-0.16085113	-0.52235218	-0.21397803
1.08832528	0.39836843	0.08565065	-1.26966125	-0.61061403	0.01373164
1.29012407	0.13059914	0.17461409	-0.93970362	-0.20302270	0.44992324
1.21687707	-0.70516801	0.22321888	-0.67516614	-0.44082059	0.11715277
1.42274376	-0.61798232	0.00966058	-0.35557782	-0.62409945	0.19150846
1.09974624	-0.76217636	0.06764004	-0.15559017	-0.49634050	-0.68847427
0.98333073	-0.87643091	0.00337146	-0.06679248	0.17862504	-1.04501290
1.00336429	-0.59560231	-0.00774800	-0.53820191	-0.03443585	-0.42451058
1.33832055	-0.32422178	0.08005899	-0.03105824	0.22578844	-0.66293963
0.89796625	-0.19508682	0.08176228	0.64565481	-0.06371298	0.20680813
1.17998665	-0.00330663	0.09648610	0.59460570	-0.20542305	0.34964171
1.25900778	0.02985836	-0.18541538	-0.91152602	0.21683122	-0.06076816
1.27129601	-0.02902960	-0.10735670	-0.95425371	0.22202763	0.01239474
1.05936055	-0.23368327	-0.10798417	-1.19044052	0.58441666	0.04519895
