0.98171985	-0.14496914	0.05504956	0.32634306	-1.06420354	0.06999128
0.74577622	-0.09962353	-0.08649719	-0.11255204	-0.07277920	0.24903852
1.17584993	-0.41765336	-0.09461006	0.10725182	-0.98827481	0.17337969
1.13354743	-0.43727759	0.01183859	-0.36648252	0.52120320	0.02227525
0.98982884	-0.27888317	-0.06655356	0.66999062	0.16152774	-0.18122697
0.83479972	-0.43122926	-0.02923675	0.41325924	0.03851150	-0.48520131
0.71597903	-0.05446054	0.01504249	0.34222034	0.05146416	-0.12494609
0.80237212	-0.13171736	0.01647497	0.62850249	-0.32418103	-0.21625679
0.72463539	-0.01111301	-0.01973455	-0.13379224	-0.77479513	-0.10209165
1.13730337	-0.05730690	-0.03348136	0.24231590	-0.02070150	0.60590027
0.88443761	-0.22183772	-0.05068227	0.24157915	0.50429095	0.38480195
1.04816005	-0.14092807	0.04041202	0.22494912	0.16088410	0.17596316
0.88591065	-0.22934708	0.07987734	0.29627015	0.56165765	-0.05545469
1.04316297	0.06178130	0.08701524	0.22414152	0.07681122	0.22240351
0.74160713	0.10530355	0.19464781	0.53978764	0.45461789	0.39803743
1.01685847	-0.02725797	0.12769402	0.50444206	-0.11641632	0.41153491
0.88372500	0.14369766	-0.00901300	0.94960345	-0.02475043	-0.29472331
0.79251101	0.00234444	-0.01471407	0.71043129	0.16426698	-0.31311889
0.87902120	-0.07844624	-0.03962690	0.45095589	0.07184826	-0.51159029
0.93197295	0.19708344	0.08555625	0.57487541	0.29598035	-0.45467792
1.18437740	0.34527574	0.05195245	0.31975926	0.25428473	-0.27465839
1.18083387	0.01621712	0.09376980	-0.39711317	-0.70551092	-0.39954549
1.50947631	-0.11299664	0.16334674	-0.97108921	0.12432627	-0.14337726
1.65882974	-0.05265229	0.21508255	-0.90783768	-0.98896058	0.24354312
1.36799478	-0.30167363	-0.00065178	-1.23340103	-0.52249185	0.33311389
1.11843601	-0.76417146	0.03893617	-1.02152208	-0.99079364	0.01239284
1.27438186	-0.88450548	0.09042718	0.61131366	-0.21941615	-0.75593141
1.22985195	-0.88232145	0.01809445	-0.50451716	0.51553891	-0.61957224
1.21205794	-0.59772847	0.08094562	0.07032412	0.25163679	-0.60912203
0.93833494	-0.28069937	0.16159130	-0.39804059	0.19569715	-0.07432726
1.01692482	-0.36192215	0.30661854	0.64215554	-0.45282670	0.50132897
1.23017694	-0.28155687	0.13146547	0.22008202	-0.49331580	0.42933282
1.06988893	-0.09115650	-0.16870491	-0.14826115	-0.17829665	-0.10560266
1.08373616	-0.02734194	-0.18033824	-0.33057460	0.46816376	-0.23237676
1.17434114	-0.04265556	-0.05627357	-0.55360257	0.80191830	0.24634936
1.15796268	0.06040669	0.06324452	-0.78395011	0.40862053	0.01646047
0.91865640	0.14476551	0.06160379	-1.09636511	0.73159790	0.34344995
0.55808076	-0.10123363	0.14226797	-1.00557950	1.04351015	0.46755156
0.64337888	-0.05736216	0.27380791	0.16644674	0.41559131	0.37686724
0.68556962	-0.08258947	0.23066355	-0.11308475	-0.36480681	0.51249077
0.74005568	-0.20304303	0.24880115	-0.44523913	-0.59800472	0.60552073
0.84457412	-0.14390660	0.17989864	-0.26947931	-0.43307622	-0.08428324
1.04740434	-0.15807209	0.01732156	-0.41247130	0.27216407	0.20226912
1.14493807	-0.16977910	0.18405265	-0.54452169	0.46120772	0.01001596
0.99223610	0.06964025	0.14967348	-0.07221574	-0.11807051	0.23083604
0.78499968	0.00563692	0.23940265	-0.32592305	-0.39007418	-0.27808326
0.80491954	0.11403127	0.19253518	-0.97977637	-0.62927342	0.06816752
0.69910636	-0.08804814	0.10228945	-0.54407086	-0.67749404	0.08622043
0.96672144	-0.25974693	-0.00563966	-0.20488788	-0.78985273	0.36832830
1.44997970	-0.58081253	0.10465257	0.61978099	0.40211268	0.35755662
1.55973040	-0.32022418	0.08484580	1.46208739	0.41389481	0.06775429
1.50679009	-0.19631375	0.01933364	1.21387012	-0.61066829	0.23245961
1.24985419	-0.03419195	0.05743928	0.22165597	-0.00247427	0.52635844
1.22511676	-0.01926041	0.10092860	0.69351134	0.13021335	0.71265704
1.55532317	-0.11036676	-0.10290236	0.58108923	0.65097687	0.55178148
1.20358686	-0.57982270	-0.14786283	-0.91396898	1.90026897	-0.68003965
0.98536920	-0.46092462	0.03314421	0.16766082	1.41112895	-0.66789134
0.59299961	-0.43081974	0.27176337	0.22266873	-0.46869967	-0.16504702
0.51868564	-0.35648650	0.21867431	0.59711615	-1.47386717	0.56437743
0.85186036	-0.18343556	0.06122709	0.30000494	-1.96355216	0.53035001
1.18618483	-0.24739415	-0.18101073	-0.05147922	-0.54123024	0.59649396
1.17374308	-0.53145848	-0.36927569	0.25983811	0.70621610	0.04183421
1.01547548	-0.45357303	-0.01299534	0.14544969	0.99905794	-0.80445232
0.65865559	-0.36068408	0.00920388	-0.14131549	0.47818283	-0.68855889
0.48044227	-0.32623334	0.07956222	0.59836104	-0.49893811	-0.60853895
0.59689542	-0.28894997	0.15049560	0.96596881	-1.30074712	-0.22302673
0.70823428	-0.16053429	0.12201476	0.87952347	-1.72656924	0.19171267
0.62835154	-0.02245468	0.00528872	0.85151733	-1.00393589	0.31558092
1.08570116	-0.15183493	-0.24552697	0.71506337	-0.97944757	0.24164341
1.20582731	-0.13698259	-0.15687877	0.57364997	0.62558578	0.08927200
1.14148498	-0.14327259	-0.10689503	0.67139582	0.49627474	0.12129621
1.02854449	-0.05914891	0.02333553	0.05076935	0.18973992	-0.45162047
0.85305880	0.05927076	0.02474105	0.05292551	0.21884473	0.25763382
0.88677484	0.11763951	0.14414737	-0.26149996	-0.55002280	-0.14801110
0.94980094	0.02366877	-0.05074216	0.16986354	-0.50212546	0.42083591
0.96054096	-0.09374376	0.00273303	0.29560281	-0.26887433	0.00339634
0.85637525	-0.14926255	0.04484173	0.67652126	0.07568178	-0.07193873
1.15048824	-0.03351885	-0.00046756	0.25044027	-0.00665453	-0.20030262
1.02869660	0.03960621	-0.05184063	0.50409952	0.64544130	-0.13675509
1.15970545	0.08642793	0.09935667	0.37821736	-0.27452411	0.06534409
1.12931679	-0.04527620	0.10330581	-1.01233214	0.34157888	-0.13792906
1.36410918	-0.17170512	-0.00960155	-0.85255291	-0.54880544	-0.04957471
1.21490454	-0.29349649	0.09547675	-0.73212967	-0.98063825	-0.21404886
1.00692444	-0.63888752	0.00348514	-0.31042335	-0.95946713	-0.26811772
1.27314287	-0.40887335	-0.16399740	-0.80631654	-0.51165285	-0.38546805
1.16726249	-0.52032673	-0.24174277	-1.50153393	-0.10467147	-0.59742384
1.06471631	-0.56601840	-0.02877883	-0.69919812	1.39616961	-0.44420754
1.11903261	-0.73439087	0.08550321	-0.51773739	0.08153466	-0.57088795
1.18845178	-0.33037760	-0.08250547	0.34433538	-0.48550099	0.31991590
1.01498264	-0.52065859	-0.00443345	0.86997379	0.81306820	-0.02011982
0.96611408	-0.39073249	-0.01838683	0.74875727	0.36757806	-0.47673483
0.65427996	0.02920354	-0.06677351	0.44885841	0.32121003	-0.30551175
0.70569324	-0.11250948	0.02299848	-0.08191305	0.67120226	-0.34151122
0.88072906	0.03944505	0.01682877	-0.03503317	0.29751329	-0.15497483
0.71942224	-0.18251678	0.05329421	-0.35627858	-0.00116768	0.31049732
0.69857303	-0.06187013	0.10343266	-0.49106118	0.71927128	0.18374850
0.79060617	0.01811445	0.23842118	-0.67624488	-0.29408795	-0.12533556
0.91317060	-0.19445875	0.05547426	-0.41999995	0.31393493	0.13762104
1.05907071	-0.15424808	0.02000244	0.14884853	-0.06978113	0.11731798
0.89123737	0.13578944	0.06126487	-0.28481731	0.54021160	0.17372893
0.71178901	-0.04108091	0.21891947	-0.12609345	0.27647560	0.31171184
0.69682783	0.08438383	0.20763991	0.07609752	-0.83951392	0.28158251
0.92116085	0.01822885	-0.00574563	-0.00967495	-0.18268014	-0.06658461
1.04053571	-0.04394543	0.13941644	-1.27139305	-0.58715357	0.01181992
1.14107597	-0.13381336	0.12097857	-1.13467112	0.05631692	0.12755564
1.13454759	-0.21022537	0.08215979	-0.27596127	-0.10365674	0.28068908
1.34850475	-0.19572071	0.17451925	0.07928767	-0.47253199	0.15454625
1.37558484	-0.24931270	0.05187572	0.75930837	0.22461364	0.33262807
1.48552919	-0.07744854	-0.03290237	-0.10988376	0.53166143	0.48531717
1.02395963	-0.00585307	0.13007526	0.32423466	-0.10336746	0.47508623
1.36518922	-0.16988928	0.07980951	0.06065021	0.21834093	0.85138090
1.45599721	-0.39403318	0.03166262	0.10786254	0.14768484	0.56679657
1.50161402	-0.55991336	0.03522241	0.07154225	1.20406521	-0.28150031
1.21859188	-0.67782320	-0.21531793	0.17770862	1.60504302	-0.87745411
0.70167435	-0.63083281	0.05825831	0.13339254	1.28584063	-1.05723404
0.45272130	-0.27941958	0.27170164	0.70463606	-0.73463515	-0.56984797
0.30658517	-0.18884899	0.08622087	0.51920100	-0.73135386	0.34389675
0.75114338	-0.15463211	-0.08526519	-0.01237638	-0.57457499	0.24148208
0.87735121	-0.32825690	-0.14346862	0.10641877	-0.81327143	0.81858802
1.45100328	-0.38158667	-0.17395618	-0.21949576	-0.03529190	0.14399054
1.17136896	-0.43415992	0.03420308	0.16627132	0.36524334	-0.61698980
1.14135108	-0.33779601	-0.00967611	0.49097010	0.28847259	-0.94932859
0.87677703	-0.20925962	0.07942198	0.33305361	0.08243332	-0.70359299
0.77887201	-0.08431662	0.04474841	0.70707530	-0.17037890	-0.19220071
0.61731718	-0.18339833	0.03757463	0.39227414	-0.83850621	0.31840302
0.91914834	-0.00278585	0.02580802	0.67631858	-0.36431489	0.48634219
0.85068722	-0.14337289	0.06031057	0.65609281	-0.22438208	0.16107992
0.68701790	-0.11730232	0.02305548	0.26808830	0.19135198	0.06004127
