1.24741147	-0.23435296	-0.02051903	0.40994045	-0.02701832	-0.31182948
1.03379229	-0.05033012	0.18283928	0.68756865	0.44457667	0.27892418
1.08164175	-0.15065406	0.06436293	0.04061430	0.34749732	0.55961877
0.98839375	-0.26010333	0.04592592	-0.41204342	0.42772002	0.04307852
1.04620205	-0.30571993	0.11388017	-0.38886735	-1.06856177	0.26273701
1.19637798	0.04145336	0.08085536	-0.50862902	0.14975732	-0.14431143
0.94815231	-0.05991409	0.03060513	-0.44772185	0.62980846	-0.24140884
0.72284039	0.01392368	-0.09719603	-0.53336591	0.67247697	0.19446674
0.62474850	-0.09850957	0.11281380	-0.53397835	0.72217494	0.40175531
0.57457249	-0.17558383	0.22388089	-0.63031925	0.29727484	0.26613235
0.43392955	0.05377824	0.29267110	-0.54686386	-0.27808354	0.25342871
0.81364622	-0.16116980	0.17207118	-0.61491733	-0.84922803	0.35821907
0.88147055	-0.07359739	0.07478185	-0.37122770	-0.26712184	0.10408083
1.00869908	-0.14359181	0.07284478	-0.83402047	-0.55225822	-0.28248956
1.00253186	-0.16980042	0.00841152	-0.62094632	0.02256450	-0.25218322
0.78680642	-0.12852813	0.01313200	-0.83101977	0.50947550	-0.56990115
0.90693606	-0.39039867	0.14049800	-0.31053090	-0.31586933	0.01748939
1.15108687	-0.11911318	0.14320164	-0.58213691	-0.55078198	0.09875661
1.23280880	-0.38898966	0.15746736	-0.19146082	-0.41237801	-0.02152641
1.32622357	-0.15376257	0.16739166	0.80866392	-0.48289211	-0.10678740
1.29791674	-0.29964984	0.04463773	1.10506349	-0.04328717	0.05803563
1.55949262	-0.35048616	-0.00261419	0.57111351	-0.39385882	0.62251557
1.51311383	-0.30506660	-0.08522379	0.25960844	-0.25933404	0.89675648
1.61927414	-0.59591864	-0.10943617	0.44031619	0.98954045	0.61300265
1.50981893	-0.68486673	-0.11809288	0.02666963	1.94697705	-0.75122355
0.86070124	-0.70099783	0.00503747	-0.60934301	2.29894995	-0.95778931
0.64201948	-0.55757324	0.19380501	0.42339204	0.55768006	-1.21050724
0.48408793	-0.27437701	0.29893307	0.55959836	-1.02693690	-0.00926851
0.39746772	0.01848430	0.18735307	0.43290255	-1.01707498	0.28252082
0.88965486	-0.20165873	-0.12836843	0.06930878	-1.60650562	0.48767101
1.16177521	-0.57248858	-0.10856207	-0.27345312	-0.98731383	0.61309627
1.35579586	-0.46344168	-0.07842143	0.10867392	-0.20159993	0.14677630
0.97165778	-0.31993017	-0.05022692	1.26851852	0.24099746	-0.48448300
0.80287147	-0.22148872	-0.04265272	0.35369828	-0.41291308	-0.74171192
0.63134613	-0.06216203	0.03023070	0.80380274	-0.70196293	-0.18305133
0.71645701	0.30794186	-0.03585795	0.32816103	-0.01157711	-0.04691744
0.70138749	0.03334292	-0.03761635	0.90568808	-0.22154713	0.08826613
1.11417310	-0.02699913	-0.07302493	0.00797613	-0.52222668	0.59606318
1.28600963	-0.00141217	-0.14220634	-0.13783714	0.65166195	0.38438859
1.13306363	-0.15907857	-0.07840866	-0.33187223	1.09049929	0.18068301
1.08761688	-0.25647640	-0.01381514	-0.28644435	0.87725111	0.37725767
0.88075940	-0.14818324	0.11824230	-0.15792186	-0.10923605	0.25867043
0.88462781	-0.15405357	0.02964217	-0.44518823	1.10969977	0.24277408
0.96157219	-0.02721484	-0.00681632	0.34484248	0.58179823	0.14915457
1.02579566	-0.14032157	0.08803308	0.17380948	0.23474234	-0.31552561
1.13939852	-0.08851066	0.07107780	0.81581027	-0.08374163	-0.24166296
1.16430711	0.20738676	0.01403279	0.45833043	-0.56744581	-0.07675733
1.19318131	0.26507651	-0.16028630	0.12953152	-0.76500535	-0.41866103
1.04476255	0.12484611	-0.01977485	-1.08030423	0.13925311	-0.14405453
1.57208109	0.04189883	0.01368035	-1.13439085	-0.24291814	-0.09277662
1.56197256	-0.32508527	-0.10783546	-0.81896555	-0.21366872	0.24033933
1.28389374	-0.62539838	0.02844084	-0.56522896	-0.02999086	-0.14691310
1.31366675	-0.60344928	-0.00873774	-0.25043883	-1.20699626	-0.70752284
1.13789575	-0.86787760	-0.03524962	-0.33873252	0.16391523	-0.74799103
1.08750983	-0.78408835	0.02477588	-0.40657509	-0.00407881	-0.81459664
1.19411319	-0.48871504	0.04872734	0.19139115	-0.00941607	0.06100802
1.26330650	-0.43313458	0.09983516	0.50335362	0.13181403	0.35072601
1.22647137	-0.23947775	0.13663201	0.23722667	0.04849163	0.03658383
1.27150103	-0.07443199	-0.00294597	-0.10355440	0.32741885	-0.01080736
1.09340235	-0.22957307	-0.02085001	-0.45588098	0.81332669	-0.13374221
0.94847328	-0.08417246	-0.02562409	-0.83487839	0.09438183	-0.11763692
0.84592971	-0.04202550	0.07766358	-0.96914204	0.70844271	0.13975463
0.75400671	-0.09377595	0.13145761	-0.16903870	0.77026455	0.26633408
0.70293258	0.01731870	0.12692819	-0.54201775	0.21646119	-0.10303685
0.59130694	-0.19943848	0.12606090	-0.64364581	0.15743917	0.18975766
0.44757435	-0.17857993	0.12340301	-0.12328289	0.51985744	0.62420928
0.67637605	-0.36132056	0.11634875	0.01336679	0.25342712	0.07609956
0.68699846	0.01004432	0.17076813	-0.22800645	0.46979763	0.06327783
0.96789625	-0.02918499	0.22527595	-0.31638833	-0.58120742	-0.02726841
0.98080927	-0.02166352	0.07474656	-0.23759655	0.89965472	-0.40431639
0.89682644	-0.12175892	0.11677298	0.05266285	-0.21438570	-0.04239685
0.85858920	0.00515856	0.05298610	-0.31530035	0.15962689	-0.22462628
0.90597828	-0.04333737	0.14082279	0.12315749	-1.43380939	0.13001033
0.87710518	-0.09379306	0.06496669	0.24083189	-0.63345588	-0.11290944
1.32113145	-0.29420287	-0.02086352	-0.17918551	-0.07553835	0.28239524
1.31435966	-0.28964498	0.07111794	0.29737509	0.54046551	0.48468526
1.58054086	-0.38238581	0.04157544	0.63963565	0.10599236	0.10837565
1.60137651	-0.11214655	0.00425999	0.57350355	0.17062267	0.62655019
1.38499739	-0.40191628	-0.07796959	0.28683456	-0.07160224	1.10691400
1.41119689	-0.35675031	-0.07858638	0.31194042	0.93311637	0.51363791
0.96991013	-0.74514805	-0.01865194	0.23774130	1.83423939	-0.39852757
0.78685729	-0.67036672	0.00705143	0.19901414	1.51915051	-0.87671752
0.63804709	-0.34205332	0.18944531	-0.05295542	0.04414309	-0.38509701
0.66954997	-0.14948755	0.20623538	0.63009415	-1.32327343	-0.12013174
0.95626970	-0.13003361	0.09422134	-0.03231099	-0.93268239	0.53685115
1.28318518	-0.29284534	-0.20369374	-0.25688031	-0.01710325	-0.13652942
1.11055701	-0.30334597	-0.25047093	-0.49941196	-0.08231181	-0.34369517
0.94298339	-0.40991659	-0.09331992	0.37170176	0.31006957	-0.30984285
0.83335700	-0.49927931	0.01415382	0.64786724	-0.32178616	-0.30257690
0.92871198	-0.26616352	-0.01889701	0.97609772	-0.72351944	-0.22881712
0.65115954	-0.15349957	-0.02735193	0.78745437	-0.61763993	0.03366810
0.95822281	-0.27537539	-0.17096085	0.47194786	-0.24336367	0.03470923
0.95871007	-0.04749276	-0.10508798	0.24857809	-0.18165995	0.19650040
0.75081323	0.07199783	-0.00333092	0.24427050	0.27723444	0.22523601
1.09283273	-0.01484566	0.12351746	0.22513916	0.10895969	0.60880115
0.82672574	-0.03384007	0.21046888	0.63967498	0.67192181	0.23716497
0.94359828	-0.06578343	0.15622630	0.50593621	-0.47302564	0.66607745
0.79436516	0.04255935	0.06147948	0.23071300	-0.96069295	0.46004823
0.92751362	-0.07106963	0.05440030	0.33317287	-0.31347814	0.09104602
1.14018908	-0.13748501	-0.05571023	0.09267311	-0.01631061	0.02585814
1.11499971	-0.05680517	-0.05252080	0.41368174	0.15112098	-0.04686512
1.20776927	-0.00786660	0.09468300	0.36166390	-0.16478849	-0.31969381
0.99918757	0.03240796	0.09050610	-0.00197327	0.70022355	-0.15735540
1.11811365	0.03132891	0.12837759	-0.31297511	-0.63192070	-0.09100699
1.26406226	-0.03628160	0.13581701	-0.69298694	0.09875655	0.39658664
1.41239548	-0.45545834	0.03908190	-0.13193528	0.72255194	0.32671882
1.13791963	-0.50010315	0.06942822	-0.25442547	-0.21979212	-0.03232129
1.10559891	-0.52427143	-0.01117353	0.23300767	-0.88973446	-0.57760226
0.96806173	-0.42414330	-0.14426278	-0.04508343	-0.90142766	-0.48276493
1.16435948	-0.49591668	-0.16362374	-0.50531234	-0.37449417	-0.52284154
1.31479514	-0.12799882	0.00630688	-0.32908101	0.34491878	-0.41301384
1.45773003	-0.38950654	-0.00019155	0.15816126	0.79574561	0.19535349
1.01829308	-0.32464685	-0.05174173	0.62643578	-0.14855155	0.44456252
1.14811536	-0.30439112	0.00002149	-0.44329192	1.44538295	0.08972939
1.02574164	-0.19595054	0.01910242	-0.72131333	0.62399337	-0.40579668
0.88136471	-0.07976191	0.06428959	-0.74182878	0.50761951	0.17815968
0.89538933	-0.23633383	0.10107448	-0.52195645	0.35807769	-0.09375439
0.59834165	-0.01714509	0.10889793	-0.91491961	0.56881545	0.10624031
0.69664819	-0.20576625	0.03115740	-0.68590430	0.27778401	0.41765238
0.60798007	-0.09678855	0.19348388	-0.70962525	0.73241659	0.25417158
0.83062491	-0.06339861	0.20868390	-0.28037900	0.36102036	0.14370064
0.81285981	-0.11324266	0.10198006	-0.03233306	-0.14863969	0.55459038
0.83817966	0.02679002	0.21872924	-0.82341544	-0.16807438	0.38285105
0.78575252	-0.14196343	0.10461155	-0.73308326	-1.37926475	-0.07083462
1.10987863	-0.05836669	0.10983977	-0.30084178	-0.62610263	-0.15506638
1.10245802	-0.09536420	0.18111265	0.40532263	-0.07311468	-0.23312137
1.13492110	-0.12520854	0.11463611	-0.30642489	0.22207850	-0.05699602
1.27252228	-0.13799699	0.10862298	-0.69083836	-0.58504501	-0.44588590
