0.74281260	-0.39901926	0.01675712	0.19900807	1.28661903	-0.85541241
0.55773525	-0.11524683	0.14726687	0.67033270	0.20155846	-0.29978027
0.83094058	-0.04792154	0.07211142	0.53431669	-0.59972947	0.45340090
0.65092455	-0.18886532	-0.13959129	-0.49967143	-1.11246497	0.48178401
0.93750963	-0.39077213	-0.15276391	-0.45484272	-0.90570050	0.42057297
1.03482953	-0.36691352	-0.10561465	0.54320063	-0.65809396	0.54137488
0.94949493	-0.42926884	-0.03381295	0.34167265	0.57618532	-0.35973170
1.01837344	-0.40848410	-0.03575220	0.07285327	0.31636927	-0.55627540
0.48290399	-0.29338848	-0.09694559	0.41373168	0.29781512	-0.66774012
0.87671020	-0.09933087	0.10230075	0.21654903	-0.51430277	-0.20309601
0.78122335	-0.09996874	0.07417339	0.49554141	0.54593326	0.07584101
0.96318821	-0.15379711	0.05580048	0.61772740	0.34787681	-0.20082030
0.85724091	-0.02737823	0.07299812	0.42289942	-0.30798086	0.68179245
0.99352199	-0.13647746	0.07398445	0.30389543	0.37387299	0.10022421
0.86827061	-0.21888537	0.01330097	0.38056709	-0.25227722	0.17809250
0.89834924	-0.26868210	-0.05069656	0.46444982	0.48571221	0.00629507
0.92156435	-0.10019592	-0.03810855	0.38921328	0.29405161	-0.09666030
0.87076942	-0.08543060	0.02121189	0.26156813	-0.05718643	-0.21366233
0.77220996	0.03041101	0.01563366	0.76720331	0.35231115	-0.16952547
0.79816440	0.00124802	0.13840049	0.69194786	-0.35996188	-0.25378913
1.06943767	-0.03516441	0.07010298	0.82390328	-0.41824083	0.02081224
1.15905159	0.07008672	-0.16270357	0.38453446	-0.28848299	0.29068100
1.08066878	-0.02635306	0.06244132	-0.71036653	-0.52918467	0.16614290
1.54718979	-0.07794423	0.00011605	-1.02873056	-0.48931416	0.19003589
1.49040189	-0.13385868	0.18996765	-0.68220855	-0.04676326	0.25854377
1.63769692	-0.39042666	0.17099762	-0.20225835	-0.46826256	0.45257748
0.95874584	-0.62465937	-0.04514349	-0.09953465	0.13515925	-0.01798802
1.17614149	-0.65205794	0.06090955	-0.17705244	-0.40502593	-0.02066725
0.77497252	-0.50226974	-0.22570228	-0.76925829	-0.05381779	-0.48029553
1.07789474	-0.56446042	-0.21400187	-0.73786209	-0.55469802	0.08425792
0.94035432	-0.53267525	-0.02087487	0.02946446	0.50975296	0.03075280
1.27195607	-0.53883940	0.16401313	0.48117473	0.56256311	-0.13021318
1.16307572	-0.58945153	0.02161029	0.96602167	0.16987995	-0.51960276
1.29763677	-0.17127646	0.02631224	0.00107082	0.28592872	-0.00310489
1.01832720	-0.11049408	-0.02472515	-0.13619100	0.76367734	-0.50402467
0.99371101	-0.13344402	-0.08990317	-0.39094972	1.00801157	0.14407584
1.01189083	-0.20702495	-0.09467397	-0.59352825	0.58325490	-0.16366948
0.84403879	-0.24755261	0.02518152	-1.05476055	-0.45825618	-0.06883705
0.67535707	-0.05521300	0.12493395	-0.74585446	1.03594446	-0.10830836
0.62117284	-0.03300432	0.05882371	-0.29517475	0.35562214	0.18598745
0.73058459	-0.09374720	0.09897370	-0.40582764	-0.34578379	-0.48778455
0.77140273	-0.15360358	0.06632111	-0.72848494	-0.09513730	-0.34320255
0.88794041	-0.24359833	0.15527057	-0.60130420	0.52525424	0.31668434
0.78237756	-0.06477175	0.14383797	-0.45994348	-0.01508474	-0.17127978
0.50766931	-0.08314563	0.24266061	-0.34355495	0.21819575	-0.29417905
0.91872363	0.00319605	0.16712580	0.47046418	0.27837122	-0.01116150
0.80003332	-0.10960975	0.11593538	0.17515722	-0.21940112	-0.14393909
0.83284504	-0.03289293	0.19369586	0.06743924	-1.16534508	-0.19432192
1.08562510	-0.06509321	0.18631186	-0.78376233	-0.61869740	0.01860120
1.25872358	-0.15961495	-0.00840466	-0.03961401	-1.09716250	-0.01360792
1.49550431	-0.43906928	0.16076119	-0.22973932	-0.07507119	0.74822594
1.51305864	-0.20313964	0.12223810	1.17727231	0.41946081	0.37919610
1.36785040	-0.39361599	0.00492206	0.75727810	-0.01346414	0.57033990
1.58084420	-0.20994881	-0.05038140	0.47331034	-0.71252663	1.30126224
1.60205943	-0.37898853	0.13263612	0.92869251	0.46071827	0.34040060
1.29680081	-0.61679458	0.01630177	-0.01790545	1.47246093	-0.13622867
0.94991056	-0.51344166	-0.10208323	-1.28567670	1.69608736	-1.29790462
0.64832315	-0.43517065	0.07515626	0.17442488	1.61767420	-0.99048674
0.50521278	-0.28475491	0.24026194	0.60151735	-0.89725047	-0.19087106
0.49516238	-0.10159853	0.14860539	0.20315910	-0.08520876	0.36849440
0.61947064	-0.30388081	-0.03632168	-0.42645129	-0.40998431	0.61232518
0.96771072	-0.35220951	0.01942664	-0.35363499	-0.53672433	0.43187577
1.02186352	-0.45843918	0.09156349	1.10203594	-0.20573494	-0.56169437
0.76329329	-0.51957934	0.07643029	0.93382825	-0.55794720	-0.33266995
0.88700119	-0.37971596	-0.15671407	1.14327961	-1.15858876	-0.46277098
0.68987886	-0.17387587	-0.04571644	0.87396388	-0.09687240	0.01995448
0.89819960	-0.09646383	-0.04952400	1.43653184	-0.14767078	-0.02723663
0.78200453	0.04002181	-0.02683044	0.17037810	0.20067675	0.30633205
0.64188432	0.16232251	-0.14101592	0.47894158	-0.30337952	0.41415720
0.84149070	0.18944965	-0.18264154	0.45890686	-0.94328363	0.41662743
0.94903084	-0.06834392	-0.07438458	-0.10062220	-0.13445645	-0.09111650
0.94779460	-0.08783120	-0.13610473	-1.03571845	-0.03840665	0.19717426
1.24770375	0.03677512	-0.16716249	-0.53645583	0.51744843	0.18445267
0.94617048	-0.25455451	0.00186269	-0.12238047	0.01908801	0.07752783
0.91845920	-0.08297448	0.10917581	0.20453205	0.71009074	0.15252583
0.77880716	0.00649510	0.08349619	-0.02624291	0.15942036	-0.42326712
0.58502299	-0.16362223	0.18606563	0.38681970	0.26678963	-0.14827440
0.74964105	0.14817944	0.02385547	1.01261115	-1.37275161	-0.54890797
1.01268323	0.11072409	0.10427776	0.39528487	-1.76343827	0.37884735
1.26744983	0.11640254	-0.06564094	-0.27427396	-1.31712624	-0.02265078
1.64669848	-0.20114150	-0.33718707	-0.85343446	-0.09886636	0.61557534
1.41929019	-0.53945477	-0.20942329	-1.67479642	0.92194824	0.41542786
1.34345357	-0.90873554	-0.12002549	-1.08055709	0.54156384	-0.36968905
1.12290983	-0.82703083	-0.01130131	-0.83484171	0.30069594	-0.31093967
0.87138036	-0.67260699	0.11812198	-0.38223806	0.49393898	-1.01616162
0.98558697	-0.63607745	0.23766357	0.39490071	-0.25402100	-0.69226933
1.08965602	-0.41539911	0.20992634	0.96409065	0.07966024	-0.52093457
1.23841804	-0.11482389	-0.04037006	0.85845321	-0.43233796	-0.01331384
1.01738730	-0.01399451	-0.15801961	0.49571148	0.37616229	0.43756329
1.18941366	-0.16399845	-0.22847431	-0.68268753	0.61680522	-0.01174503
0.89001630	-0.12671445	0.05462851	-0.85935925	1.58760174	-0.20212601
0.89325002	-0.33622864	0.05210299	-1.10073423	0.68424337	0.00331062
0.73412221	-0.22927831	0.09045664	-0.36154804	0.84814268	-0.31505146
0.78293106	-0.20307933	0.14672144	-0.33666408	0.87678568	-0.05161292
0.76778966	-0.09438539	0.09315347	-0.03074587	0.50189844	0.15257928
0.59472684	0.04619688	0.21723386	-0.21641723	0.16730360	0.24973567
0.57504674	-0.27148890	0.12047027	0.34633309	-0.80851713	0.17962144
0.96702770	-0.06768968	0.21712776	0.18575499	-0.23052322	0.67333871
1.06494453	-0.13131874	-0.03950560	-0.21445074	0.03660272	-0.50711117
0.87539098	0.04141073	-0.04038736	-0.03689085	-0.20675809	0.40966372
1.06117675	-0.01258006	-0.02375744	-0.63898190	1.09175222	-0.31611782
0.89476468	-0.03191858	0.12040896	-1.18206125	0.41968524	-0.00730924
0.93176703	-0.18862354	0.21969405	-0.25729609	0.67645702	-0.15720783
0.86691859	-0.03577605	0.13742329	-0.49261641	-0.33302785	-0.37069034
1.07325005	-0.36723225	0.12083734	0.01030947	-1.32826868	0.03354631
1.17551062	-0.28410825	0.03512394	0.33604250	-0.27731126	0.31798931
1.24303325	-0.34116132	0.00836298	0.46971340	0.26979020	0.38933630
1.24053464	-0.39311111	0.04194928	1.41095821	0.52099435	0.17088682
1.35612007	-0.27039447	-0.05389623	0.26656101	0.67863836	0.30245023
1.60945759	-0.22948795	-0.07810675	0.46054849	0.38557962	0.59006592
1.62909846	-0.40075635	0.03310714	0.33785414	1.40584270	0.48651598
1.33379033	-0.65033579	-0.09742358	-0.30691144	2.04036885	-0.83573111
0.90985784	-0.70478555	-0.06671419	-0.45736446	0.90095082	-0.40424414
0.77551970	-0.48066063	0.08215386	0.10147819	-0.16240827	-0.47940584
0.94654567	-0.29041484	0.31739018	1.36886316	-0.39809385	-0.04933113
1.02329010	-0.33825988	-0.03464683	0.32284256	-0.30001975	0.04868111
1.18377184	-0.39219104	-0.28452134	-0.66742987	-0.19047630	0.45744414
0.92482246	-0.41828415	-0.03235109	0.06949064	0.90652303	-0.03600656
0.75969711	-0.24666787	0.08402766	0.20063104	-0.52468821	-0.61304372
0.71764305	-0.27267624	0.09960318	0.47032927	0.60365508	0.27409555
0.63265184	-0.24250269	0.19754213	1.19964855	0.11731506	-0.35210791
0.63526259	-0.18299580	0.12884953	0.58345783	-0.45858631	0.13903003
0.90404995	-0.02784673	-0.00633606	0.68483505	-0.52166066	0.09867306
0.86805388	-0.16292746	0.00410748	0.97813482	-0.71764272	-0.10051785
1.10733650	-0.04241854	-0.15989730	-0.09785760	-0.21665644	0.06469122
1.09994285	-0.05990213	-0.00550861	-0.73325180	0.52975123	0.31884898
0.80570168	0.03619542	0.07928756	0.46535502	0.06033451	0.62755842
1.14291827	-0.08286935	0.05523132	0.01281407	-0.71065297	0.59350888
