0.74563275	-0.27494582	0.02764235	-0.96629479	1.37345913	0.02490673
0.76393592	-0.17222115	0.16930841	-0.87336242	1.03655559	0.61801440
0.53035433	-0.27465129	0.19796725	-0.52856638	0.48547211	0.17179737
0.57413415	-0.21020049	0.38526481	-0.57264954	-0.19908126	0.63979751
0.84921208	-0.25304463	0.23064364	0.39518668	-0.32662149	0.08172746
0.84077086	-0.30292075	0.03050945	-0.14984446	-0.16236057	0.05056216
0.99509790	-0.09981160	0.11320958	-0.20614807	-0.17204211	-0.05396941
0.95304835	-0.07404989	0.15944598	0.07351908	-0.71564751	-0.01901203
0.86512022	0.08519218	0.19323577	-0.27936633	0.39856068	0.05073904
0.84710342	-0.13509325	0.00766660	-0.18989541	-0.25985955	0.28262315
0.98394981	0.04238520	0.17071803	-1.04236344	-0.60252234	0.36366926
1.04056979	-0.17199177	0.19335149	-0.22201333	-0.45378640	0.39292170
1.22064699	-0.24112111	0.07778109	-0.87825539	-0.65226698	0.69329486
1.53809823	-0.23850190	0.10520480	0.32959838	0.04386065	0.19618369
1.36580203	-0.24563423	0.07713143	1.56643302	0.75705512	-0.46869652
1.40769182	-0.18757752	0.14812746	0.77449791	0.31944430	-0.23177508
1.14958792	0.14903398	0.07471894	0.32649190	-0.81321133	0.48038610
1.43371249	-0.23046924	0.01215029	0.13970085	0.18865624	1.35611947
1.28665635	-0.47489650	-0.24255876	-0.06643537	0.64703492	0.99960020
1.37066651	-0.70213046	-0.19068591	-0.18986563	1.42264579	-0.32679875
1.14512955	-0.97935810	0.06121288	0.80929822	1.78755387	-0.83086455
0.57969919	-0.61904006	0.21131515	0.68089629	-0.07036369	-0.89686495
0.72469789	-0.43232011	0.22865785	0.39908006	-0.88343526	-0.55212581
0.59018463	-0.12193045	-0.06023031	1.12424212	-0.86290398	-0.11390098
0.74008305	0.02208257	-0.05255718	-0.30618098	-0.23305723	0.35016472
1.07789347	-0.34116514	0.04223398	0.29459369	0.49487637	0.62068096
1.10219958	-0.78727432	-0.12065803	0.36736272	-0.00501772	-0.29693227
1.14794614	-0.49504786	-0.03118298	0.11595811	-0.05478141	-0.56110073
0.79896075	-0.11914941	-0.05880185	0.56383669	0.19194135	-0.98351704
0.94222471	-0.01632824	-0.10119961	0.49421282	-0.00124815	-0.25766454
0.81275651	0.07716400	-0.03849961	0.81056002	-0.37192044	0.08006331
1.05630779	0.08692740	-0.03155122	0.16825973	-0.49078893	0.28501485
0.90111246	0.09910874	-0.15609804	-0.45982152	-0.60691535	0.06730007
1.06014402	-0.04243487	-0.11686832	-0.09598397	0.58331722	0.27885134
1.05194022	-0.07973682	0.14948147	-0.68119797	0.77343427	-0.42658843
0.83927984	-0.12804192	0.03628720	-0.17732215	0.38495404	0.08654481
0.99014643	0.07328460	0.05293114	-0.47033288	0.50071004	-0.09481193
0.94241333	0.14143487	0.09217238	0.02854777	-0.16430342	0.39097845
0.88164690	0.03903463	-0.01708154	0.22013989	0.14373083	0.44254349
0.89486646	-0.03694660	0.00532711	0.46053447	0.32873431	-0.07420142
0.89258603	-0.17568159	0.04128007	0.51256762	0.67171251	-0.11157264
1.12113606	0.04587486	0.12232850	0.10591330	0.37012674	0.01919741
0.97447786	0.33984970	0.02211871	0.13076782	0.08428350	0.15293581
1.06874362	0.17218482	0.06870221	-0.25101603	-0.50366353	0.00390615
0.97837543	0.17209558	0.13195270	-0.38884304	-1.00077438	0.12152675
1.48604028	-0.12571261	0.04216552	-0.62073030	-0.66063180	0.16984520
1.22940378	-0.46262033	-0.05429617	-1.27562562	-0.31277420	0.50445849
1.08141852	-0.44806587	-0.04900954	-0.82051481	-0.49851707	-0.18593652
1.25594169	-0.71267616	-0.04071332	-0.17626362	-0.51088998	-0.02212510
0.97096869	-0.70298972	-0.11875483	-0.62139805	0.39127389	-0.74189003
0.82371675	-0.63312292	0.02390351	-0.47476279	0.12246988	-0.75194859
1.07732762	-0.28873799	0.18765858	0.63023722	-0.09536031	-0.61241603
1.06693379	-0.35101570	0.22962000	1.06254386	-0.74938106	0.10497799
1.16748329	-0.39854593	0.06162446	0.80675752	-0.59402436	0.05215516
1.11419489	-0.21345633	-0.10199483	0.33019784	-0.31020917	-0.22573983
0.94773133	0.12686345	-0.11157640	-0.60434866	0.25488285	-0.54177555
0.88870070	-0.19655361	-0.09428729	-0.82025973	0.99983804	-0.43211303
0.76586415	0.07401106	0.10501333	-0.58998008	0.29784860	-0.03570314
0.77347837	-0.20734782	0.02913866	-0.94975703	1.41807092	0.16342826
0.66998135	-0.12276496	0.29316247	-0.83814733	0.92656498	0.20684262
0.66935588	-0.23238860	0.20737302	-0.28285736	-0.04756916	0.23461242
0.66469621	-0.08999151	0.13232513	-0.05340932	-0.08894845	0.27981951
0.85873534	-0.04895307	0.07066028	-0.41702474	-0.92946463	0.25769618
0.51295484	0.02418051	0.16910350	-0.26352003	0.11667092	0.06699242
1.01965730	-0.18659314	0.11159061	-0.72167199	0.17348830	0.04908029
0.85647096	-0.05943834	0.07647702	-0.01679934	-0.12953036	0.38034627
0.87737999	-0.29997477	0.16056468	-0.56657886	-0.14599832	-0.40492087
0.77745707	0.01931927	0.05489748	0.01336593	0.06099964	0.05148792
0.83121487	-0.08959734	0.09955832	-0.45098546	-0.08409162	-0.08369311
0.92011751	-0.27063959	0.10992764	-0.51567443	-0.37756609	0.57979818
0.97551054	-0.01172883	0.05734765	-0.54147155	-0.63314382	0.54574296
1.48184976	-0.19204729	0.10506874	0.12914639	0.33826414	0.43512986
1.50235943	-0.25518290	0.12783918	1.26180533	0.57875144	0.07645814
1.36388606	-0.09157533	0.04325883	-0.03068839	0.48377461	-0.38329398
0.99776815	0.23370414	0.01160860	-0.13288040	0.17526875	0.65281053
0.95306444	-0.02232130	0.20129951	-0.71057464	-0.47241169	0.92582038
1.18067083	-0.38867900	-0.00849716	-0.52956516	0.04306693	0.60827598
1.29314360	-0.57032639	-0.27388261	-0.42864139	1.57320531	0.13100062
0.97458410	-0.84880489	-0.14792174	-0.02307616	1.98276107	-0.34993522
0.55451930	-0.73274103	0.18815945	0.59514792	0.35267446	-0.13997695
0.61078595	-0.60257709	0.45933304	1.41105939	-1.42586553	0.16954608
1.04797772	-0.48240170	0.23113758	0.58131386	-1.50017841	-0.06562698
0.87454406	0.03889440	-0.23971229	-0.45165310	-0.04139260	0.11180467
1.07082520	-0.08795544	-0.08499827	-0.26839012	0.07463512	-0.38951735
1.33708454	-0.24665243	-0.15944862	0.20988382	-0.00479829	0.66755890
0.87159774	-0.34070163	-0.01544665	-0.07048491	0.11467748	0.10734221
0.94275935	-0.28126917	-0.06163533	0.25509030	-0.02925249	0.18645012
0.80702761	-0.15326051	-0.02622784	-0.56135611	-0.14715786	-0.14700655
0.76500424	-0.09332296	0.06150060	0.30216579	-0.57192710	0.32775649
0.89284446	-0.15569718	0.13147753	0.37509196	-0.27851344	0.20525955
0.81127791	-0.32160564	-0.00837035	0.18699137	-0.43800025	0.19573101
0.89618482	-0.15523246	0.00159187	0.16224178	-0.00275083	0.23187177
0.77534050	0.14661136	0.14220778	0.39717635	-0.15867881	0.36789319
0.86768957	-0.11882162	0.02851940	0.63305469	0.15754829	-0.00540650
0.66000902	-0.03203788	0.06717637	0.48501086	-0.21504384	0.58593063
0.90028935	-0.16796011	-0.04031890	0.05271081	0.14077051	0.41586492
0.80226422	-0.21157360	-0.03348893	1.10747852	0.15926087	0.43938549
1.04275832	-0.23213611	0.00245496	1.15709303	-0.15747715	-0.07738818
0.87709959	-0.04087749	-0.04254553	0.81977280	0.08483327	-0.39217781
0.97004088	-0.07642563	0.00226688	0.82789956	0.18366202	-0.29409594
1.06755939	-0.02094074	0.04064133	0.44227287	0.13269520	-0.27123509
1.06516259	0.12468212	0.02480077	0.15138190	-0.31228266	0.16076186
1.40906991	-0.00264154	-0.01694216	-1.28854685	-0.33150787	0.09416443
1.33016124	-0.21300513	0.02356837	-0.59012116	-0.65010698	0.26670566
1.31823584	-0.34764151	0.12631508	-0.32985796	-0.01296291	0.25572124
1.26038260	-0.53564365	-0.08715578	-0.38955998	-0.76157753	0.08608027
1.30811133	-0.50928561	-0.20976358	-0.43307377	0.30275191	-0.21262736
1.10828254	-0.55115278	-0.11521143	-0.04451487	0.60538645	-0.50405596
0.78509659	-0.74925587	-0.09473703	-0.48080479	0.73239466	-0.48971941
1.06556867	-0.27617821	0.15207166	0.42898525	-0.29994274	-0.29385001
1.05398408	-0.31127300	0.19265459	0.83934929	-0.71771175	0.06268864
1.06847114	-0.43785551	0.12911536	0.55660097	-0.38606765	0.08585496
1.28410339	0.03573336	-0.11094921	0.45974278	0.17153728	-0.11030529
1.12372420	0.10733702	-0.12163430	-0.23218672	0.37018716	-0.03044515
1.01093460	-0.02850685	0.01333933	-0.76134505	0.91075996	-0.23131835
0.72406539	-0.21486071	-0.03520584	-0.69691204	1.22112647	0.21812570
0.83079094	-0.06116895	0.16393644	-0.85368574	1.44009431	0.03215225
0.66047420	-0.11553525	0.06904397	-1.00320548	1.00468624	0.01964713
0.70738666	-0.24721814	0.21788886	-0.76972974	-0.11095535	0.71352640
0.51937012	-0.28700397	0.25109596	-0.94816819	-0.59915384	0.33256747
0.60482318	-0.17069417	-0.01739140	-0.48537104	-0.13821355	-0.09253566
0.86932316	-0.28505838	0.02756814	-0.61703952	-0.19014645	0.27117297
0.84612032	-0.12658388	0.15927887	-0.62831409	0.06447750	0.23729793
1.08183857	-0.29846628	0.14020345	-0.56141407	0.64113596	0.05363902
0.94055966	-0.06995631	0.20117285	-0.67202836	0.35594426	-0.31193592
0.74676547	0.11286382	0.07474805	-0.29283230	0.16579230	-0.13917911
0.70713900	0.04338311	0.07260210	-0.60813339	-0.48564060	-0.49113608
1.02151268	0.02673389	0.07606392	-0.50893998	-1.26029469	0.32157780
