0.81486409	-0.14365531	0.05396624	-0.39705602	0.22938313	0.10153323
0.92449184	-0.32317342	0.02704542	-0.27808027	0.00643827	0.12440297
1.32137227	-0.39613695	-0.00722270	-0.22572989	0.41551599	-0.14646546
1.41517217	-0.44961277	0.07502490	0.47391983	0.06952985	-0.14316024
1.29126963	-0.49465125	0.07438967	0.21791583	-0.01009344	-0.12672062
1.57836192	-0.39545814	0.19993191	0.92750875	0.01401751	0.02271200
1.72529866	-0.29563876	0.05934749	0.36535202	-0.85709144	0.49393925
1.54138129	-0.44579962	0.00430009	-0.06015369	-0.35650239	1.38072876
1.65656402	-0.46855165	-0.04766195	-0.00512262	0.69277031	1.13161165
1.73619578	-0.67330926	-0.19782322	-0.63112897	0.56697461	-0.00410789
1.25503414	-0.78656636	0.01212547	-0.61732219	-0.11811971	-0.26186612
0.97595775	-0.57125582	0.22749854	-0.81571160	-0.84801580	-0.40011732
0.74443805	-0.22152178	0.07619476	-0.95639773	-0.98127428	0.25316325
0.54466098	-0.32889382	-0.12338147	-0.42076831	-0.78748757	0.20684512
0.68384423	-0.40021441	-0.16509686	-0.27986012	-0.10597948	0.55810829
0.99910627	-0.37845842	-0.09445735	-0.25630290	0.51702971	-0.04909561
0.89922523	-0.35356012	-0.01767187	0.26422238	0.02162552	-0.23956414
0.91954053	-0.33789677	-0.06227842	-0.13333686	-0.21231941	-0.64802756
0.96944520	-0.45548070	-0.03455791	-0.06235412	-0.03547743	-0.58888252
0.81446737	-0.21459643	-0.03847333	0.09720366	-0.36944294	-0.75594385
0.45550723	-0.19445440	-0.08474499	-0.07344878	0.01799890	-0.04109662
0.81763933	0.07167703	-0.15336120	-0.95901525	-0.23177657	-0.20141924
1.01084102	-0.21117814	-0.16580830	-0.41918588	-0.02981102	0.00997758
0.72688212	-0.33114072	-0.14328624	-0.90547434	-0.11142334	0.12312087
0.61423581	-0.14626007	-0.06549446	-0.10205643	0.27380440	-0.09833009
0.69123429	-0.23708399	0.02288301	-0.37289220	0.18239973	-0.22783701
0.69279339	-0.22037949	-0.00822890	-0.44009168	0.19929590	-0.24453761
0.82513948	-0.22965937	0.09024241	0.53716650	-0.47010419	-0.34174481
0.96630862	-0.32954302	-0.04140054	0.12134439	-0.10154203	0.19810224
0.91673830	-0.18247836	-0.21069292	-0.12511751	0.47633186	-0.22305953
1.03585799	-0.18141277	-0.13273047	-0.51764879	0.86906062	-0.80276487
0.93301259	-0.04693978	-0.03672821	-0.85686254	0.33768567	-0.34814406
0.70992048	-0.13824555	0.01315826	-0.26359155	0.17733552	-0.07302806
0.96818551	-0.12270498	0.03130848	-0.62447103	0.30716516	-0.45955025
1.23111195	-0.01225151	0.02595082	0.04096566	-0.36822811	-0.40621387
1.48238579	-0.20377485	-0.04404848	-0.20458973	-0.37212091	-0.19042438
1.75584517	-0.11715381	-0.12469887	-0.45752496	-0.81685440	0.30621348
1.52938131	-0.39938471	-0.15010523	-1.09909386	-0.01225574	0.71853625
1.74021023	-0.38864784	-0.35698548	-1.26991152	-0.03575505	0.96327536
1.56688301	-0.63093642	-0.23686334	-1.46930272	0.55034954	0.46092401
1.13405350	-0.89067924	-0.07893456	-1.20301380	0.31253388	0.64069530
0.90978735	-0.93069737	-0.11090792	-0.62921899	1.14808632	0.31254219
0.87776971	-0.93071344	0.15167486	0.06609683	0.47990369	-0.23393681
0.75844804	-0.53075319	0.31165006	0.43070417	-0.06792792	-0.14600632
0.85160688	-0.41654050	0.04144267	0.08046976	-0.51832302	-0.43602157
0.80345513	-0.28882078	0.04905301	-0.51488041	-0.85553436	0.01656419
0.91076045	0.07314538	-0.15042841	-0.30564182	-0.44410117	-0.11126412
0.85880267	-0.04180307	-0.05447034	-0.51582654	-0.08000825	0.37646114
0.72245759	-0.19860418	0.00084107	-0.20097339	-0.23398184	0.29797755
0.42640034	-0.08181901	-0.08011851	0.13078311	0.18346338	0.21517801
0.69377908	-0.34506823	-0.02330622	-0.37247799	0.96037244	-0.09707168
0.45899477	-0.32246213	0.06644945	-0.39278307	0.64098442	0.16762705
0.60354789	-0.48202224	0.07676584	-0.32252719	1.33480690	-0.54020763
0.47971538	-0.32188329	0.18560831	0.36933526	0.39697559	-0.30256462
0.67523462	0.10957137	0.17761745	-0.27335832	0.59079272	-0.42327600
0.59674238	-0.05698946	0.14558965	-0.09145967	0.68548553	0.04981500
0.81033706	-0.18814082	0.02765980	0.14730547	0.42577134	-0.19044169
0.73160677	-0.00630253	0.02760418	-0.48007076	0.37074291	-0.00593459
0.83524517	-0.00291907	0.04563663	-0.65789894	-0.32694320	0.05226561
0.79297203	-0.38440796	0.09908797	0.07024834	-0.24574646	0.01333936
1.14225211	-0.16843192	0.12996963	0.12976186	0.45009644	0.09019460
1.17686070	-0.42295319	-0.03755698	-0.14613631	0.52474325	-0.06916131
1.28079957	-0.51259725	0.13535567	0.34198074	0.45391446	0.02832760
1.43832515	-0.42054991	0.19158184	0.54803111	0.25565258	0.56655162
1.23505061	-0.52416148	-0.07534059	0.24571230	0.13121404	0.10222141
1.25503586	-0.35829643	-0.00603683	0.57460693	-0.07411455	0.66935360
1.54827620	-0.56460656	0.02447760	0.16244518	-0.42695812	1.04620651
1.62106929	-0.84081766	0.06421212	-0.28273307	-0.26756941	0.59028718
1.49096846	-0.71094648	-0.08189185	-0.10341559	0.26429351	0.04588165
0.97870674	-0.62702224	-0.00812944	0.69462135	-0.17156319	-0.41039275
0.92001821	-0.50688270	0.07609765	-0.42785851	-0.39515054	-0.31469407
0.78698007	-0.24756814	-0.12487830	-0.96067883	-0.55716950	-0.11203747
0.98316287	-0.50126768	-0.08896769	-1.20936619	-0.53334386	0.00138907
0.88824759	-0.36633694	0.02379583	-0.25499261	-0.19469949	0.48366174
0.75516517	-0.49943413	0.04512695	-0.51498936	-0.45515376	0.26389078
0.83935936	-0.56544064	0.05174312	0.41228196	-0.71491897	-0.14699537
0.76686703	-0.49246224	-0.04404340	0.33881660	-0.71610505	-0.13696017
0.78757264	-0.16989490	-0.25676142	0.62002661	-0.66838845	-0.47218912
0.78945715	-0.22686903	-0.17852463	0.41194272	-0.13609633	-0.80810450
0.81890299	0.01745050	-0.12641035	-0.16157479	0.39398454	-0.49246023
0.79638787	-0.12670936	-0.08353322	-0.41194241	-0.40914477	-0.66450084
0.74923274	-0.14304900	-0.06541272	-0.76555533	0.09095294	-0.29939295
0.66524331	0.16163928	-0.09708867	-0.17940137	0.24399277	-0.00158704
0.75749383	-0.12429646	-0.04395540	-0.86461317	0.18862419	-0.21386349
0.86668978	-0.26194838	-0.06966748	-0.24656810	0.16016140	-0.03155348
0.85130490	-0.38496706	0.08297646	-0.39147701	0.17110709	-0.01582088
0.79837245	-0.40165471	-0.14180769	-0.12875723	-0.09783649	0.35264814
0.90249840	-0.33248935	-0.09642786	0.08523652	0.24541021	-0.23279841
1.01681912	-0.23083296	-0.04194055	0.19632822	0.27204894	-0.36392135
0.93602555	-0.30968002	-0.04140470	0.31624706	0.02214025	-0.30109809
0.83494639	-0.31715727	-0.14307522	0.35144933	-0.17292033	-0.41680136
1.12878116	-0.12712503	0.01282816	0.28720945	-0.34908350	-0.19813713
1.25195313	-0.26237664	-0.03654848	0.13957298	-0.27883411	0.24847112
1.46517463	-0.23888459	-0.03077125	0.14353829	-0.56854143	-0.08674516
1.41350513	-0.12099431	-0.08756562	0.17508193	-0.77934865	-0.38716609
1.65929084	-0.30116656	-0.14760164	0.24905339	-0.71693701	0.40910833
1.70724651	-0.08567754	-0.44242865	-1.14759241	0.63606282	0.40702512
1.28386223	-0.21119537	-0.31231468	-1.63906393	0.49404022	1.26806150
1.60194790	-0.32293647	-0.16631402	-1.69224458	1.26751247	0.67450863
1.32027585	-0.66190850	-0.13242293	-1.04856479	1.04032810	0.66293383
1.14440540	-1.06081370	-0.16946414	-0.00977987	1.06861186	0.23669723
0.94453964	-0.89137755	-0.01594958	-0.02883830	0.79554812	-0.05657641
0.75200702	-0.67782242	0.04835334	0.32591737	0.53837697	-0.63361296
0.84395163	-0.53036969	0.25725643	0.17888265	-0.33825359	-0.61159218
0.68897249	-0.06498984	0.21079836	0.37584653	-1.04384973	-0.32434239
0.60587879	-0.06886326	-0.10010374	-0.34579287	-0.57583695	-0.13274639
0.90049427	-0.07169940	-0.03363966	-0.13315876	-0.54115653	0.03589024
0.93215183	0.02852240	-0.17803858	0.02256074	-0.45379196	0.37905838
0.54587847	-0.22642645	-0.25430197	-0.60909783	0.50084140	0.05934498
0.84610013	-0.36384597	-0.12440623	-0.11898541	0.70243721	0.18176906
0.65850659	-0.57044748	0.13008124	0.06334490	0.95874201	0.12013203
0.55438224	-0.61323950	0.07529327	0.00504237	1.20041497	-0.02847466
0.50897148	-0.25915467	0.25845388	0.51504834	0.61820218	-0.54511987
0.13848980	-0.44600829	0.26596610	0.88900910	0.26526498	-0.36749744
0.57011678	-0.35797761	0.20794966	0.21179066	-0.57785832	-0.18504757
0.73481698	-0.02602806	-0.05582266	0.55181984	-0.73825014	-0.29239477
0.78605089	-0.02484328	-0.05008029	-0.69603405	-0.05782178	-0.24368650
0.73020339	-0.07232713	0.04532017	-0.79262533	-0.37983211	-0.20929103
0.86579022	-0.17292594	-0.04609054	-0.62117643	-0.76507671	0.33276630
0.93713921	-0.23640211	0.02062424	-0.57706494	-0.52909786	0.06135079
1.01280673	-0.39613965	0.15182359	-0.35975727	-0.33790912	-0.04199566
1.43845042	-0.66106100	-0.10874959	0.70305560	0.26463990	-0.24805087
1.22822495	-0.61482749	0.04809529	0.09665867	-0.16266294	-0.52628452
1.54715445	-0.31061607	-0.01013393	1.14105880	0.18006377	-0.65661632
1.34281472	-0.36056487	-0.02723934	1.30446642	-0.53423315	0.42035135
1.36079765	-0.48222852	0.07796237	0.82927061	-0.89818881	1.48157550
1.52473570	-0.56789853	-0.10919078	0.67339714	-0.82918162	1.42874331
1.53252885	-0.62143409	0.01373217	0.48881288	0.42332386	0.31421532
