0.92095647	0.01621833	-0.01464157	0.00009981	0.01112001	-0.00147489
0.92478287	0.01651365	-0.01133346	0.00049547	0.01048912	0.00386083
0.92206853	0.01837087	-0.01463824	-0.00100377	0.00772324	0.00493793
0.92197046	0.01637245	-0.01301337	-0.00229132	0.00472217	0.00665669
0.92115542	0.01855684	-0.01502035	0.00225371	0.00155918	0.00251773
0.92228475	0.01519497	-0.01483647	-0.00034924	0.00237745	-0.00058426
0.91816125	0.01766381	-0.01693947	-0.00576684	0.00733622	-0.00217957
0.92149077	0.01527892	-0.01177682	-0.00453223	0.00958033	-0.00247680
0.92318304	0.01750520	-0.01114194	-0.00219772	0.00927656	0.00250139
0.92201525	0.01910359	-0.00629365	-0.00109486	0.00856948	0.00627308
0.92255681	0.01929895	-0.00499228	-0.00231315	0.00448451	0.00628847
0.92134889	0.02090956	-0.01072500	0.00293987	0.00990563	0.00065482
0.92452470	0.01899499	-0.01768770	0.00672611	0.00658319	-0.00021636
0.92619675	0.01663334	-0.01961133	-0.00012058	0.00529291	-0.00370294
0.92507527	0.01828218	-0.01725602	0.00100672	0.01280241	-0.00260300
0.92166815	0.02057789	-0.01763943	-0.00388130	0.01294677	-0.00393844
0.92222545	0.02137690	-0.01063917	-0.00459527	0.01422053	-0.00717271
0.92312498	0.01959476	-0.00884833	0.00025836	0.01481554	-0.00977365
0.92185817	0.01831449	-0.01074627	-0.00132805	0.01092520	-0.00297982
0.92335061	0.01961528	-0.01162474	-0.00249392	0.00702675	-0.00566104
0.92262821	0.02147680	-0.01017095	0.00025032	0.00816033	-0.00378236
0.92344126	0.01618101	-0.01680257	-0.00359376	0.00849970	-0.00207194
0.92477189	0.01318360	-0.01646250	0.00155785	0.01284693	-0.00771534
0.92476611	0.01487092	-0.01036941	-0.00036681	0.01303181	-0.00673829
0.92418513	0.01655071	-0.00832285	-0.00098449	0.01404233	-0.00437936
0.92637850	0.02123552	-0.00707766	-0.00024033	0.01437340	-0.00622535
0.92411736	0.01973277	-0.00596451	-0.00072169	0.01239267	-0.00426021
0.92485916	0.01742767	-0.00826389	0.00314217	0.00949764	-0.00233124
0.92437174	0.01872881	-0.00719110	0.00145619	0.01789030	0.00153024
0.92184301	0.01957458	-0.01037093	0.00092815	0.01156187	-0.00165806
0.92225624	0.01900878	-0.01471071	-0.00678369	0.01307809	-0.00194924
0.92020437	0.02528076	-0.01160010	-0.00700245	0.01010940	-0.00446512
0.92239912	0.02399709	-0.01381918	-0.00169995	0.01028613	-0.00350962
0.92279827	0.02307029	-0.01263016	-0.00390168	0.00454575	-0.00226082
0.92337878	0.01979308	-0.01409098	-0.00158802	0.00349539	-0.00237126
0.92561555	0.02105346	-0.01085810	-0.00404470	0.00410273	-0.00485263
0.92485404	0.02256315	-0.01439097	-0.00692300	0.01497875	-0.00166303
0.92386538	0.02000184	-0.01090972	-0.00685817	0.00718811	0.00116643
0.92463172	0.02121425	-0.01075476	-0.00391975	0.01266851	-0.00100974
0.92627428	0.02001284	-0.01696577	-0.00349437	0.01396991	0.00083077
0.92736833	0.01837356	-0.01648388	-0.00072975	0.01161503	-0.00039692
0.92700827	0.01842291	-0.01584180	-0.00333794	0.01648044	-0.00349181
0.92528814	0.01970510	-0.01776363	-0.00030204	0.01444659	-0.00352915
0.92612613	0.01593372	-0.01804197	-0.00422258	-0.00494837	-0.00149759
0.92637789	0.01986742	-0.01317249	-0.00061661	0.00664132	-0.00105198
0.92631569	0.01903841	-0.01014951	-0.00112574	0.01314439	0.00400820
0.92390693	0.01640397	-0.01132511	-0.00503735	0.00920528	-0.00019379
0.92237794	0.01392656	-0.00911648	-0.01023600	-0.00949223	-0.00083286
0.92372117	0.01218634	-0.01021848	-0.00632929	0.00941627	-0.00382713
0.92530547	0.01722517	-0.02003940	-0.00589048	0.00829780	-0.00681348
0.92538095	0.01810633	-0.02063414	-0.00702663	0.00560740	-0.00321676
0.92567679	0.01968513	-0.01271537	-0.00696714	0.00161131	0.00221823
0.92526292	0.01654004	-0.01097310	-0.00623448	0.00350402	-0.00070204
0.92330785	0.01746336	-0.01277648	-0.00249535	0.01036383	-0.00120315
0.92530360	0.01699469	-0.00999911	-0.00339328	0.00034995	-0.00103451
0.92612661	0.01909788	-0.01593959	0.00116723	-0.00028185	0.00014820
0.92548962	0.01783700	-0.00404197	-0.00025202	0.00781587	0.00378157
0.92160964	0.01800526	-0.00855649	0.00428649	-0.00214893	0.00173847
0.92246145	0.01778483	-0.00938267	0.00064559	-0.00274162	0.00321801
0.92247536	0.01637743	-0.01319962	0.00104809	-0.00101413	0.00443038
0.92172600	0.02099366	-0.01479312	-0.00168789	-0.00400456	0.00470440
0.92045853	0.01646094	-0.02197857	0.00069159	-0.00918128	-0.00123334
0.92528198	0.01712254	-0.01271766	-0.00350205	-0.00125114	0.00186787
0.92457940	0.01404401	-0.01758595	0.00152471	-0.00315612	0.00374391
0.92310121	0.01668241	-0.01551627	-0.00212032	-0.00355493	0.00691741
0.92098057	0.01803615	-0.01448168	0.00559357	-0.00385183	0.00465150
0.92234955	0.01929849	-0.01132054	0.00521591	-0.00391972	0.00084405
0.92152361	0.01273041	-0.01797460	0.00315827	-0.00821867	-0.00083850
0.92162108	0.01563840	-0.01383399	0.00449911	-0.01362593	0.00417434
0.92181540	0.01428895	-0.00936294	0.00366173	-0.01311024	0.00489017
0.92211199	0.01353919	-0.01623802	0.00229398	-0.00212517	0.00302597
0.92094433	0.01826049	-0.01778424	0.00749197	0.00846502	0.00253051
0.92370406	0.02220544	-0.01454463	0.01011661	0.00910955	-0.00167426
0.92387891	0.02240075	-0.01333613	0.00588263	-0.01191994	-0.00253553
0.92444910	0.02157725	-0.01651058	0.00392133	0.00274043	-0.00339635
0.92482345	0.01336261	-0.02165996	0.00368310	-0.00008202	-0.00355064
0.92274147	0.01443923	-0.01624196	0.00242667	-0.00261753	0.00031831
0.92042344	0.01478178	-0.01886675	0.00207823	-0.01046742	-0.00252284
0.92365730	0.01587474	-0.01734436	0.00195488	-0.00021462	-0.00264154
0.92415612	0.02067304	-0.01381210	-0.00062458	-0.00253324	-0.00363524
0.92504925	0.02182263	-0.01601054	0.00348693	0.00342942	-0.00300772
0.92297661	0.01907296	-0.01551046	0.00175118	-0.00005324	-0.00376796
0.92385565	0.01840968	-0.01535018	0.00816826	0.00121885	-0.00090925
0.92164586	0.01749322	-0.02278680	0.00776391	0.00060406	-0.00115591
0.92048767	0.01648163	-0.01692202	0.00486051	-0.00509077	-0.00028615
0.92191802	0.01981754	-0.01291198	0.00239534	-0.00141979	-0.00237143
0.92222955	0.01671916	-0.00780252	0.00516143	-0.00508673	0.00146391
0.92143994	0.01746552	-0.00874486	0.00863363	-0.00707844	-0.00186366
0.92274328	0.01497884	-0.01198373	0.00807233	-0.01394154	0.00014797
0.92299858	0.01260523	-0.00456707	0.00798732	-0.00767068	0.00115557
0.92398266	0.01212713	-0.00598373	0.00377519	-0.01360714	0.00102547
0.92274223	0.01393703	-0.01378281	0.00521179	-0.01343523	-0.00048123
0.92360953	0.01443482	-0.01832883	0.00738370	-0.00941100	-0.00455403
0.92566369	0.01363481	-0.01878547	0.00326871	-0.01283574	-0.00012210
0.92540373	0.01684675	-0.01382889	0.00154806	-0.00377415	-0.00008934
0.92424976	0.01747389	-0.01500138	0.00307949	-0.00037841	0.00501452
0.92493759	0.01941132	-0.01672336	0.00389857	-0.00437333	0.00385158
0.92405531	0.01462841	-0.01577431	0.00724138	0.00297756	0.00286643
0.92190789	0.01474921	-0.02090077	0.00622285	0.00357898	0.00035264
0.92296209	0.01395510	-0.02379887	0.00430497	0.00119715	-0.00432059
0.92524028	0.01861453	-0.01964054	0.00117914	0.00333970	0.00134910
0.92706965	0.02164823	-0.02369128	-0.00216157	0.00245568	0.00411055
0.92606360	0.01957005	-0.02082466	-0.00308334	0.00721993	0.00265847
0.92499310	0.01977214	-0.02304085	-0.00470602	0.00433116	0.00301561
0.92746647	0.02113999	-0.01977752	-0.00365834	0.00775209	0.00311194
0.92432185	0.01798011	-0.01561013	-0.00142874	0.00522918	0.00146277
0.92334027	0.01811517	-0.01655283	-0.00519759	0.00387026	0.00439846
0.92115486	0.01857735	-0.01935596	-0.00782734	0.00723137	0.00245115
0.92262919	0.02047226	-0.01647388	-0.00755799	-0.00040522	0.00613371
0.92306183	0.01615568	-0.01062126	-0.00741072	0.01245482	0.00689165
0.92274106	0.01764114	-0.00711922	-0.00328283	0.00315600	0.00431650
0.92292511	0.01914810	-0.01463055	-0.00247793	0.01109652	0.00235073
0.92370602	0.01571086	-0.01867236	0.00261848	0.00757269	0.00218731
0.92415456	0.01663526	-0.01164810	-0.00326294	0.01380716	0.00192718
0.92347883	0.01703911	-0.01474428	-0.00861574	0.00415868	-0.00057707
0.92470025	0.02125780	-0.02809344	-0.00292153	0.00344605	-0.00018047
0.92505026	0.01920793	-0.02561080	0.00302899	0.01621627	-0.00196858
0.92493049	0.01733403	-0.02826923	0.00001400	0.01345039	0.00319287
0.92158265	0.01827588	-0.02189366	-0.00572013	0.01150989	0.00288375
0.91840866	0.01707419	-0.01517072	-0.00202446	0.00769296	-0.00018074
0.92025435	0.01734794	-0.01918087	-0.00061019	0.01316803	-0.00399920
0.92278144	0.01780008	-0.01165270	-0.00412431	0.00997057	0.00123317
0.92159530	0.01901942	-0.00967298	-0.00320217	0.00281155	-0.00066152
0.92082926	0.01752935	-0.01556233	-0.00406851	0.00188568	-0.00040404
0.92073359	0.01763132	-0.02029692	-0.00500629	0.00598617	0.00059047
0.92143295	0.01622515	-0.02465514	-0.00333393	0.00769810	-0.00336851
0.92363289	0.01572917	-0.01890387	0.00116892	0.00240388	-0.00422476
0.92357802	0.01803567	-0.01884639	-0.00041714	0.00400168	-0.00411820
