0.96204468	-0.03008604	0.11201899	-0.29904426	-0.16199611	-0.19737016
0.94652024	-0.01728104	0.08420729	-0.29064746	-0.13137863	-0.18762732
0.92831933	0.00499980	0.09057446	-0.35926881	-0.10045276	-0.23949152
0.93736030	-0.01551919	0.07637066	-0.32199799	-0.07964102	-0.20301087
0.92545228	-0.02265976	0.08380045	-0.36680532	0.08001128	-0.20529910
0.92777541	-0.02726272	0.07979171	-0.28969126	-0.01829183	-0.24572954
0.94582446	-0.04330534	0.06947427	-0.36631679	0.03086071	-0.28132808
0.92851068	-0.01446660	0.03167266	-0.34659401	0.14116777	-0.24819096
0.92197378	-0.00952534	0.04513762	-0.30071398	0.03075935	-0.29940496
0.91909307	0.00326394	0.02761045	-0.30799649	0.04587591	-0.26568056
0.91386306	-0.00596007	0.02315071	-0.26690601	0.17479961	-0.29283893
0.92971148	-0.03053713	0.03036415	-0.22298906	-0.04525767	-0.28616798
0.93520856	-0.01814240	0.02385455	-0.21713293	0.14482842	-0.28514623
0.93503020	-0.01054647	0.02719985	-0.26238698	0.06976085	-0.31978799
0.93725202	-0.00990539	0.02076987	-0.31403671	0.06379317	-0.29674790
0.93031699	0.01143347	0.04598957	-0.29385696	0.15017350	-0.30342871
0.94085814	0.00440820	0.00644383	-0.27257152	0.15295486	-0.30436592
0.89781993	0.00533096	0.03925339	-0.30469198	0.20029741	-0.30986296
0.89992667	-0.00240234	0.04460145	-0.38059344	0.10997695	-0.31685024
0.92431015	-0.00898910	0.03334290	-0.32798815	0.28820165	-0.27744728
0.93861730	0.00100678	0.02845199	-0.31994245	0.23150442	-0.34131602
0.93191267	0.00047402	0.01290794	-0.32414952	0.34916374	-0.33715919
0.93746890	-0.00695101	0.02716204	-0.25402790	0.20742220	-0.24151850
0.93873727	-0.00700834	0.02649207	-0.28593467	0.29140578	-0.26696555
0.93024360	0.00415842	0.02354608	-0.36353381	0.26024336	-0.31232227
0.92996730	-0.00660783	0.01033480	-0.30794042	0.29839802	-0.36285310
0.92341778	-0.00254432	0.01011480	-0.28595066	0.26047177	-0.30928149
0.92260757	-0.00703992	0.03277003	-0.33805553	0.39452509	-0.32482832
0.91939774	-0.01597573	0.02405576	-0.27156568	0.20405806	-0.35867977
0.91148661	-0.00980043	0.03718221	-0.28704674	0.43943604	-0.30659524
0.92929103	-0.02019460	0.02667930	-0.23279971	0.22117216	-0.27772744
0.92691014	-0.01065680	0.01860173	-0.20635644	0.22143090	-0.30305430
0.93666453	-0.01149842	0.02975902	-0.25481234	0.33363834	-0.30722253
0.93471885	-0.00686505	0.00920134	-0.18077046	0.34448494	-0.29816075
0.92890178	-0.02696506	0.02633950	-0.19298764	0.40852749	-0.35265040
0.91416203	-0.00648736	0.03464507	-0.18831987	0.32465841	-0.35396172
0.89829905	0.00022008	0.03389591	-0.08205475	0.26001143	-0.33971380
0.91653745	-0.01335007	0.02635939	-0.12139621	0.15453630	-0.37938516
0.92488041	0.00375556	0.03233227	-0.12131496	0.22098005	-0.38437146
0.94583298	-0.00274654	0.02390795	-0.04400051	0.23898339	-0.35667441
0.94029131	0.00422163	0.01826087	-0.24083142	0.26683412	-0.38680436
0.92662899	-0.01035386	0.01061313	-0.25738461	0.37333821	-0.40520599
0.93378929	0.02964258	0.01928431	-0.28766976	0.18329498	-0.39238917
0.92258142	0.02093254	0.01120934	-0.29719766	0.25331729	-0.43577913
0.92908728	0.02993706	0.02641883	-0.34322969	0.28600917	-0.38414439
0.90960773	0.02395138	0.01723085	-0.38108565	0.20757908	-0.38718514
0.90471118	0.00729251	0.02746072	-0.34853793	0.28594912	-0.38358284
0.91706407	0.01209457	0.02065866	-0.43348777	0.33415281	-0.39354731
0.92216991	0.02081889	0.02033092	-0.48660566	0.31652899	-0.38667895
0.93646491	0.02120679	0.00536677	-0.41153008	0.37855381	-0.37287715
0.93459568	-0.00165683	0.00580912	-0.49933978	0.29479131	-0.38750701
0.93103624	0.03146144	0.02013772	-0.35995960	0.48910347	-0.42072017
0.93908244	0.02305317	0.01492124	-0.42650194	0.40968671	-0.39243341
0.92284585	-0.00778327	0.03152530	-0.39640490	0.35111025	-0.39339204
0.92268197	0.02115820	0.05872959	-0.33133073	0.37941162	-0.35517307
0.91619416	0.02128449	0.05128497	-0.29400884	0.28320775	-0.30314847
0.92266100	0.03359994	0.03815313	-0.27669098	0.34122238	-0.33759768
0.91605716	0.03024038	0.05158904	-0.29245040	0.46807602	-0.35483173
0.91913565	0.01973728	0.03294952	-0.38768076	0.19798514	-0.33889739
0.93056089	0.02183882	0.04845055	-0.39768296	0.29730902	-0.28729612
0.92053394	0.01139721	0.01658983	-0.24220298	0.36890068	-0.26942571
0.92559363	0.03040255	0.01483444	-0.23326598	0.22134614	-0.29444047
0.92011595	0.00274001	0.00598690	-0.31413429	0.24603204	-0.32214940
0.91015197	0.03030261	0.03736612	-0.35668632	0.23267055	-0.33387626
0.90745790	0.02416211	0.04305967	-0.33271465	0.24877379	-0.28565913
0.92183676	0.02925344	0.03327464	-0.33681716	0.11086005	-0.30767372
0.92807322	0.02370444	0.01016536	-0.31264095	0.28903796	-0.33827141
0.92355233	0.00403521	0.01939904	-0.33474647	0.28411065	-0.33621709
0.91820087	0.00596022	0.04137609	-0.34530398	0.29806161	-0.31603045
0.92047049	-0.00402099	0.01616513	-0.37572415	0.33579547	-0.33077551
0.92046511	0.01876182	0.02444589	-0.34147879	0.35943040	-0.33948255
0.92575931	0.01276936	0.01376568	-0.35005003	0.34572170	-0.32719022
0.93025192	0.01568503	0.02865235	-0.18408101	0.34528023	-0.36582252
0.93022224	0.01868425	0.02170438	-0.34913413	0.38200204	-0.35774313
0.92649359	0.02212147	0.01355080	-0.26009502	0.43283017	-0.35251649
0.91605236	0.01286902	0.03209817	-0.22390826	0.35023799	-0.35117342
0.90990238	0.02610361	0.03304267	-0.27806048	0.30174271	-0.31737748
0.92272542	0.02979039	0.04892149	-0.21286072	0.34446321	-0.28533324
0.92450086	0.03501538	0.05191470	-0.29654421	0.32916996	-0.26911131
0.92936480	0.02741424	0.06356023	-0.29759266	0.19507975	-0.29851577
0.91647039	0.03033687	0.03624214	-0.25510830	0.35153563	-0.27776693
0.92643793	0.02550022	0.03322407	-0.36466628	0.31216876	-0.30712649
0.92126047	0.03780232	0.03592269	-0.24788322	0.30597590	-0.28783958
0.90870516	0.04838343	0.03657671	-0.32329336	0.26789695	-0.26051894
0.90599995	0.03825934	0.05863064	-0.29355620	0.30413842	-0.27103170
0.92862259	0.03289127	0.03702325	-0.29284577	0.42009885	-0.27399093
0.92791748	0.02705390	0.02867513	-0.26457341	0.30453454	-0.25402350
0.92226298	0.02353102	0.04587124	-0.27488611	0.30802014	-0.28694156
0.92378748	0.03449263	0.05532265	-0.25677136	0.34094049	-0.25147063
0.91854584	0.03333627	0.05346953	-0.26411104	0.25432050	-0.22999310
0.92444325	0.03825469	0.05505849	-0.32743849	0.30672349	-0.26334399
0.92811843	0.01764016	0.05937843	-0.30745103	0.27628174	-0.19040919
0.91736164	0.00744335	0.05189293	-0.25824406	0.22392405	-0.22376688
0.92876771	0.01876350	0.04266405	-0.28329404	0.34220622	-0.28096758
0.92789999	0.01999657	0.05294405	-0.25091621	0.25117998	-0.24723754
0.91403502	0.01931520	0.05785020	-0.29874343	0.23967820	-0.24008944
0.91038371	0.02393289	0.06068934	-0.24898225	0.18486450	-0.20253311
0.91276537	0.02008284	0.06489287	-0.26742936	0.27941308	-0.23093035
0.92300012	0.02599586	0.03573529	-0.30830248	0.21792626	-0.21102905
0.92726020	0.02847166	0.05335155	-0.28973627	0.24366747	-0.22774670
0.93022102	0.03798885	0.06122753	-0.24849951	0.27746607	-0.21693371
0.92696975	0.02318675	0.06822320	-0.27150520	0.22008767	-0.22163306
0.91770383	0.01645227	0.04851759	-0.23051812	0.25009218	-0.21559897
0.91694447	0.02330087	0.05334400	-0.30166739	0.15469027	-0.24309078
0.91726763	0.01890065	0.05352135	-0.29185616	0.22261237	-0.21022744
0.91745954	0.01654389	0.05381203	-0.21162500	0.22919065	-0.21569952
0.92290196	0.01029891	0.04022831	-0.24590315	0.30439635	-0.19237424
0.92147214	0.01595634	0.07318769	-0.24829617	0.08007294	-0.26255899
0.92060767	0.02009391	0.04580888	-0.27722176	0.15700313	-0.22830253
0.92317438	0.03287310	0.03950839	-0.25396898	0.18846412	-0.25022917
0.92621863	0.01630349	0.05209466	-0.19335577	0.16639952	-0.24635331
0.93025124	0.01378677	0.03819704	-0.24715353	0.26031012	-0.22045284
0.92766176	0.02878479	0.04452175	-0.25713736	0.15454511	-0.20532056
0.92415083	0.03870099	0.04251956	-0.28454289	0.14640391	-0.20711142
0.92468839	0.02533451	0.06293659	-0.21391706	0.10757495	-0.19100952
0.91776216	0.01802285	0.06246272	-0.21127082	0.05952570	-0.20265614
0.92453342	0.02571216	0.03651059	-0.26217161	0.16918929	-0.19243685
0.92332718	0.01405584	0.03688841	-0.26451949	0.20508399	-0.19371495
0.93115172	0.02353139	0.00950397	-0.25745302	0.15962274	-0.16794037
0.92937909	0.02217762	0.05277524	-0.20452100	0.27811081	-0.24114539
0.92599631	0.02336535	0.04709508	-0.16691459	0.24067502	-0.18336204
0.93655560	0.01614988	0.04422155	-0.21315098	0.19058795	-0.23228345
0.92738011	0.00929895	0.02891645	-0.17604993	0.24881808	-0.20282204
0.92431987	0.02101721	0.05904882	-0.24724022	0.16711647	-0.17023449
0.91838081	0.00151981	0.03715096	-0.21656636	0.17978389	-0.16830497
0.91921017	0.02164732	0.06427379	-0.20575663	0.20406209	-0.21897271
0.92534265	0.00962951	0.03805869	-0.16587187	0.32679372	-0.21492467
0.92945467	0.02935769	0.01119343	-0.17587178	0.21075172	-0.21741517
