0.00879896	0.24488005	0.87595079	0.00593748	-0.01466097	-0.01064756
0.00500709	0.24613541	0.86861048	0.00688106	-0.03030028	-0.01142965
0.00879386	0.24227713	0.87164535	0.01449051	-0.00656522	-0.00837414
0.01356869	0.24397104	0.87090144	0.00630185	-0.03666216	-0.00910567
0.01534834	0.24870226	0.86364971	0.02121219	-0.03628329	-0.00378681
0.00721053	0.24595849	0.86460183	0.02995156	-0.02439570	-0.00430484
0.01366726	0.24761796	0.86410523	0.03838729	-0.03027303	-0.00211404
0.01070667	0.24555315	0.86602622	0.02061295	-0.02921829	-0.00794779
0.01046403	0.24941351	0.86165863	0.01358587	-0.01854741	-0.00892512
0.00466398	0.25529855	0.85368968	0.01994603	-0.01311886	-0.00686931
0.00946141	0.24968502	0.85720986	0.02409243	-0.03949987	-0.00924382
0.01209555	0.25007067	0.85631049	0.01776968	-0.03425172	-0.00863901
0.00849399	0.24986662	0.85859579	0.00812197	-0.04922723	-0.00883450
0.01616974	0.24898716	0.86254041	0.01933619	-0.02261452	-0.00952072
0.01316587	0.24582864	0.86045944	0.01510396	-0.03338101	-0.01280210
0.01202566	0.24577051	0.86011867	0.00208474	-0.03938797	-0.01473456
0.01942554	0.25078866	0.86098250	0.00391237	-0.04045133	-0.00982192
0.02013718	0.24681871	0.86129538	0.01455910	-0.03527075	-0.00543342
0.01046247	0.25309782	0.85699499	0.01232932	-0.02370843	-0.01035760
0.01736463	0.25198382	0.85701894	0.00598751	-0.04893110	-0.01385463
0.01803799	0.25313756	0.85736702	0.01372415	-0.04325784	-0.01676851
0.02129127	0.24683758	0.85840930	0.01409312	-0.02602035	-0.01135069
0.01718784	0.25261679	0.85844851	0.01831236	-0.03661703	-0.00929818
0.02562935	0.25078284	0.85613532	0.02631287	-0.04288722	-0.01418480
0.01827092	0.25589618	0.85508280	0.03170961	-0.02537638	-0.01069476
0.02274699	0.25175360	0.85538303	0.00673942	-0.02965758	-0.01282752
0.02350732	0.25194001	0.85931420	0.01876497	-0.03827046	-0.01097964
0.02127131	0.25557198	0.85869010	0.01644833	-0.04393878	-0.01220189
0.02541090	0.25814399	0.85658680	0.01625696	-0.04534189	-0.00898868
0.02738674	0.25742769	0.85551172	0.01950311	-0.03708943	-0.01500670
0.02716887	0.25252809	0.85424103	0.02301860	-0.04152397	-0.01434400
0.02501919	0.25544077	0.85450587	0.01561161	-0.00477150	-0.01745015
0.02837437	0.25150620	0.85755109	0.02188506	-0.03973085	-0.01877985
0.02458439	0.25175794	0.85945535	0.02105762	-0.01423532	-0.02030041
0.02842980	0.25792240	0.85426168	0.01885257	-0.04020062	-0.02029084
0.02510547	0.25563440	0.86234152	0.02432247	-0.03008113	-0.01902589
0.02503188	0.26265662	0.85833167	0.03166199	-0.04887277	-0.02049749
0.03083595	0.25906609	0.86001476	0.03130079	-0.04990919	-0.01739603
0.02950462	0.25658037	0.85428473	0.01683375	-0.02774265	-0.01624929
0.02527599	0.25384877	0.85435794	0.02090416	-0.03165789	-0.01689689
0.03085385	0.25603140	0.85887318	0.01934900	-0.03105042	-0.01599755
0.03625018	0.25929318	0.86297116	0.02889700	-0.04371125	-0.01255802
0.04169220	0.25700712	0.87008075	0.05193565	-0.03929288	-0.01625294
0.03259073	0.25587347	0.86377903	0.03241843	-0.00900049	-0.01829205
0.03880768	0.25849648	0.85583459	0.02960479	-0.02045495	-0.01851258
0.03078356	0.26012188	0.85560420	0.01891353	0.00517102	-0.01543074
0.03459045	0.26509674	0.85460510	0.01788680	-0.00247242	-0.01828192
0.02382716	0.26492729	0.85611649	0.00405766	0.02887150	-0.01871442
0.02911254	0.26199157	0.85540345	-0.01939731	0.01996296	-0.00982762
0.02556632	0.26201275	0.84961052	-0.02737559	0.05034756	-0.01081629
0.02948108	0.26170015	0.84806498	-0.00874430	0.06480083	-0.01381591
0.03400013	0.26017336	0.84817488	-0.02656232	0.02617849	-0.01800263
0.03438232	0.25959188	0.84950185	-0.04054032	0.05452658	-0.01578358
0.02277788	0.25936175	0.85569126	-0.04420888	0.06212809	-0.01445456
0.02727954	0.25961198	0.85652001	-0.03245629	0.05362202	-0.01825316
0.02782307	0.26013212	0.85595612	-0.04226545	0.05808331	-0.02076922
0.02261215	0.25878062	0.85364281	-0.04701162	0.07406942	-0.01988087
0.01672441	0.26103711	0.85986059	-0.03989185	0.06401432	-0.02014009
0.02606979	0.26439203	0.85579946	-0.03899700	0.05579518	-0.01862784
0.01710743	0.25979329	0.85811256	-0.03320689	0.05195658	-0.01815052
0.01948819	0.25545535	0.86317545	-0.02927809	0.02441630	-0.01622024
0.01571846	0.25062311	0.86687243	-0.04583394	0.06154710	-0.01628199
0.02312568	0.25335300	0.86361041	-0.02816580	0.04464362	-0.01243926
0.02064722	0.25440925	0.86648933	-0.01678906	0.04452233	-0.00624917
0.02773232	0.25390962	0.87242379	-0.02612017	0.04508868	-0.00975981
0.02495834	0.25549392	0.86453270	-0.01273103	0.04335728	-0.01531045
0.02150360	0.25523626	0.85894023	-0.03209835	0.04302957	-0.01773628
0.02063505	0.24975705	0.86575003	-0.03216647	0.05502615	-0.01789294
0.01894715	0.25179429	0.86212026	-0.01917510	0.05671388	-0.01885757
0.01371823	0.24884167	0.86089268	-0.03565898	0.04225580	-0.01460336
0.01778738	0.25508980	0.85994514	-0.03151728	0.04356637	-0.01804143
0.01732550	0.25476777	0.86690849	-0.03099797	0.01854391	-0.01359656
0.01742523	0.26149768	0.86574470	-0.02422378	0.01892024	-0.01676842
0.01024015	0.25265107	0.86796318	-0.03213093	0.04423955	-0.01684436
0.01060570	0.25273411	0.86563155	-0.01311311	0.03386674	-0.01808689
0.00663161	0.25381923	0.86436798	-0.01281662	0.02654862	-0.01800135
0.00789196	0.24979283	0.86984777	-0.02551353	0.04598913	-0.01609586
0.01125469	0.25231295	0.86727196	-0.01175946	0.04749360	-0.01518383
0.01921376	0.24948626	0.86720715	-0.00747219	0.05047543	-0.01136097
0.01476420	0.24561223	0.85731153	-0.02187626	0.04686243	-0.01025765
0.02020385	0.24635791	0.85799536	-0.04131818	0.04062290	-0.01462637
0.01123306	0.24728990	0.85964675	-0.02699892	0.04152932	-0.02223829
0.00937189	0.24692602	0.86282634	-0.00887329	0.02575417	-0.01788852
0.01237359	0.24912606	0.86601378	-0.02515275	0.01457658	-0.01457679
0.00583771	0.24842949	0.86257970	-0.01961128	0.01637561	-0.01581888
0.01168742	0.24843145	0.86296526	-0.02010991	0.02122484	-0.01426466
0.01209118	0.24952912	0.86140402	-0.00736692	0.00867234	-0.01856497
0.01206756	0.24772546	0.85288616	-0.02054574	0.02420841	-0.02049531
0.01547392	0.24447125	0.85865952	-0.00630032	0.02907152	-0.01643228
0.01381550	0.24493261	0.85649654	-0.02380439	0.02638017	-0.01455749
0.01707929	0.24119182	0.85433580	-0.01299080	0.01988586	-0.01313919
0.01108696	0.24813544	0.85852510	-0.02939793	0.02968537	-0.01991974
0.00938582	0.24507228	0.86313193	-0.01479789	0.01382097	-0.01689466
0.00012958	0.24687918	0.86427924	-0.02210535	0.02133637	-0.01875389
-0.00005954	0.24591668	0.86231309	-0.01535368	0.02242353	-0.01264675
0.01127822	0.24515687	0.86005766	-0.01466382	0.01991091	-0.01866847
0.00481400	0.24474975	0.86485904	-0.03484132	0.01579855	-0.01868164
0.00647259	0.24633520	0.86707571	-0.01539734	0.02820121	-0.01919425
0.00933533	0.24293639	0.86842428	-0.02043277	0.01582515	-0.01856010
0.00419431	0.24658065	0.85993098	-0.01302234	0.00610647	-0.01988686
0.01089251	0.24892934	0.84823276	-0.00886415	0.03075993	-0.01498549
0.00227413	0.25055651	0.85769840	-0.01830597	0.01069555	-0.01523199
0.00885181	0.24945736	0.85960952	-0.02011096	0.04058318	-0.01217694
0.01053682	0.24521227	0.85998101	-0.00873548	0.00495828	-0.01442937
0.00977353	0.24462767	0.86269226	-0.01082847	0.00865477	-0.01116156
0.00789925	0.24353760	0.86573454	-0.02687020	0.01951734	-0.01558534
0.00422161	0.24416427	0.86355846	-0.01496343	0.00189152	-0.01404309
0.00769406	0.24478516	0.86039417	-0.01394306	-0.00236442	-0.01286703
0.00977772	0.24589119	0.86428210	-0.00238901	0.01374391	-0.01479802
0.00635023	0.24534900	0.85668856	-0.00388743	0.02321130	-0.01570476
0.01154652	0.24513662	0.86140161	-0.00166369	0.01051340	-0.01512183
0.00749998	0.24988507	0.86448625	-0.01657112	0.00718713	-0.01564906
0.00373324	0.24513645	0.87456523	-0.00200137	0.00561702	-0.01392655
0.01120901	0.24858350	0.86835244	0.00423723	0.00788839	-0.01244153
0.01665331	0.24365275	0.86388907	0.02061198	-0.00381473	-0.01337945
0.01657426	0.24591055	0.86042780	-0.00215533	0.00309998	-0.01228991
0.00678236	0.24485628	0.86846186	-0.01311349	0.00833850	-0.01327096
0.00716504	0.24313510	0.86943482	-0.00572804	0.02455268	-0.01514702
0.00868595	0.24417511	0.87156732	-0.01104961	0.03005173	-0.01425078
0.00482165	0.24301871	0.86574039	-0.01925329	0.02372843	-0.01572156
0.00624091	0.23938357	0.86572491	-0.00789665	-0.01268298	-0.01089403
0.00080851	0.23843279	0.86415059	-0.00056996	-0.02821244	-0.01559053
0.00350490	0.24314686	0.86590406	-0.01850763	-0.00187377	-0.01170494
0.00797268	0.24146841	0.86469426	-0.01182995	-0.02539964	-0.01166587
0.00944426	0.24297797	0.86716876	-0.00648796	-0.01059003	-0.01342680
0.00658990	0.24428431	0.86458327	-0.00257582	-0.02307538	-0.01476633
0.01290492	0.24673520	0.86062080	-0.00339526	-0.01740539	-0.01253624
0.00939002	0.24919121	0.86428446	0.00141396	-0.02205278	-0.01485017
