-0.00194088	0.17985177	0.87515259	-0.04419750	-0.04442857	-0.00988927
-0.01009435	0.16646484	0.88225324	-0.00600104	-0.03210762	0.00436163
0.00421967	0.15409767	0.88420354	0.06997810	-0.06101559	0.01128519
-0.00335717	0.17673078	0.87782006	0.07413965	-0.07588033	0.00962359
0.00130791	0.19944196	0.87891006	0.06817457	-0.09489011	0.01008163
-0.00048837	0.19415469	0.87485417	0.07014609	-0.08110182	-0.01335670
0.00595511	0.21564599	0.87788574	0.05316914	-0.07946157	0.01515623
0.01406820	0.23131910	0.87292829	0.04827723	-0.03830823	0.02014652
0.01366231	0.23710493	0.87661953	0.03390564	-0.08291694	-0.01446648
0.00631034	0.21934357	0.86699023	0.02441525	-0.04073539	0.00883438
0.01542872	0.23201981	0.86396714	0.04856421	-0.06834620	-0.00820452
0.00828608	0.24313336	0.86347583	-0.01442605	-0.02858401	0.02728883
0.02305830	0.23792152	0.86824699	-0.01794183	-0.05878472	0.00826335
0.01672948	0.22480307	0.86703068	0.01129487	-0.02886046	0.01509934
0.02731083	0.21291941	0.87202867	-0.02714554	-0.04432055	-0.01367822
0.01535855	0.21860923	0.85480565	-0.00296877	-0.05182362	0.00791485
0.02424593	0.21426567	0.85711408	-0.01590341	-0.00931567	-0.04864038
0.02272937	0.19659493	0.85821259	-0.01649973	-0.02486674	-0.01198064
0.02476511	0.20220227	0.86003523	-0.02350171	-0.01330184	-0.03201657
0.03063487	0.22863381	0.86840627	-0.02508488	0.01497445	-0.02646500
0.01420212	0.21748365	0.87358598	-0.03023684	0.03757399	-0.03229989
0.01963557	0.21425759	0.86631842	-0.00115649	-0.03581773	-0.00824392
0.00730388	0.21447868	0.88413192	0.02574769	-0.02921290	-0.00962718
0.02612902	0.23449294	0.88258494	0.01739778	-0.01929612	-0.03243195
0.03304146	0.21982940	0.87103918	0.04018724	-0.04975014	-0.00785697
0.02551440	0.21847267	0.87450764	0.00888304	-0.00158470	-0.03045252
0.02302178	0.21001028	0.85810594	0.03505651	-0.01688050	-0.02197652
0.03014902	0.20149677	0.85868975	0.00580823	-0.03727199	-0.10027574
0.03706048	0.20818795	0.86517916	0.01300728	0.00166024	-0.06992657
-0.00312236	0.20246514	0.87798432	0.01551790	-0.04124097	-0.07745938
-0.00581642	0.19849446	0.89356739	0.03932579	-0.09190813	-0.07227217
0.00765244	0.19446467	0.88662527	0.02954693	-0.09768822	-0.08080242
0.01118605	0.21801404	0.86979369	0.02358864	-0.09176345	-0.06284867
0.00786788	0.20941731	0.86704128	0.04382171	-0.04001301	-0.04932664
-0.00265318	0.21177753	0.86348032	0.07627749	-0.05426415	-0.05231645
0.01009490	0.20833601	0.86454667	0.04982925	-0.04246193	-0.04276606
0.02295843	0.21640059	0.86416675	0.02301621	-0.00934628	-0.00598216
0.02099256	0.22222879	0.85681255	0.04458406	-0.02832761	0.00229552
0.02901053	0.22501838	0.85448406	0.00968080	0.04278948	-0.00056430
0.03516752	0.24986800	0.85527880	-0.01763668	0.03740328	0.01293998
0.04180032	0.24108427	0.86019097	0.00306711	0.05441678	0.03266499
0.03907301	0.24662700	0.86082930	0.01158774	0.05049839	0.02387733
0.03551992	0.24025813	0.86375102	-0.00556214	0.05504691	0.03373923
0.02733808	0.24549343	0.85292900	-0.01118800	0.07128600	0.01678794
0.03607302	0.21532592	0.85495719	-0.02697450	0.05616356	0.01902733
0.01187362	0.21604697	0.85334773	-0.03697364	0.03791028	-0.00535723
0.01463257	0.19808333	0.86516751	-0.02326534	0.06859234	0.01749105
0.01220054	0.19305459	0.87890785	-0.04291881	0.05460288	0.03324216
0.01841009	0.21789507	0.88431187	-0.00752790	0.01877291	0.01246525
0.01237815	0.21705416	0.88201370	0.00513841	0.02088567	-0.01085669
0.01908085	0.20906137	0.87498864	-0.02211257	0.01552945	0.01815549
0.01602290	0.21632385	0.87558259	0.00304443	0.00623567	0.01131061
0.01107119	0.22409728	0.86723639	-0.00459363	0.02212275	0.01742964
0.01635082	0.22441936	0.86180909	-0.00595906	-0.00848053	-0.01696141
0.02570526	0.22913184	0.87020808	-0.00627315	0.01467634	-0.01818653
0.02363012	0.21326337	0.86495086	0.00753549	0.01771371	0.03013008
0.02063068	0.22505673	0.87202092	0.00723675	0.02490067	0.02291031
0.02401627	0.21536207	0.86536093	-0.00235844	0.05483766	0.00730889
0.00871854	0.20889628	0.86306371	-0.00871877	0.05595986	-0.00153495
0.01269143	0.21578185	0.87244697	-0.01840730	0.02067244	0.01040569
0.01858318	0.20936077	0.89079194	-0.01433905	0.02257172	0.00638673
0.01719972	0.21006215	0.88436036	-0.01147551	0.04298875	0.02252502
0.00798795	0.21319309	0.87447684	0.02124082	0.00502662	-0.00026819
0.00767721	0.21883003	0.87092952	-0.04077142	0.00852544	0.00200208
0.01110460	0.20858902	0.87712625	-0.00550745	0.01234321	0.00367267
0.01240353	0.22847228	0.87678428	-0.00573358	0.00901641	-0.02255134
0.00837448	0.20979369	0.87330571	-0.02782251	0.01951048	0.02217609
0.00513432	0.22669184	0.87926047	-0.04449927	0.02270964	-0.00209497
0.01027114	0.23685034	0.86775993	0.00813852	0.01266727	0.00612650
0.00874189	0.20575422	0.86652987	-0.00459916	0.02790901	0.00018107
-0.00243138	0.21910761	0.87550446	0.00777886	0.05484768	0.00626329
-0.00466065	0.21210955	0.87595188	-0.02311304	0.01223896	0.03203186
0.00129924	0.20607422	0.88087594	-0.03132249	0.01912373	0.02392684
-0.00335845	0.19357716	0.87529059	0.00669138	-0.02793033	0.02116214
0.00485598	0.20355074	0.88011665	-0.01330897	0.00474001	0.01785360
0.00216255	0.20085644	0.87227267	-0.03276039	0.00390570	0.01774825
-0.00049840	0.22079450	0.87134599	0.00237380	0.01938435	0.00423684
0.00096791	0.20861253	0.86597899	-0.01939915	0.01115509	-0.00393452
0.00074076	0.22310027	0.86307134	-0.01058451	0.00912318	0.00513676
0.00195399	0.20414494	0.87427621	-0.01559067	-0.01592393	0.01533291
0.01652492	0.20693139	0.87994005	-0.01193966	-0.00576215	0.01201960
0.00054465	0.21401960	0.87933136	0.02885153	-0.01052054	0.03007345
0.00456125	0.20494712	0.86955948	0.00258045	-0.01653840	0.00434955
0.00623014	0.19716395	0.87321603	-0.00105371	-0.03684519	-0.00102105
0.00054238	0.22094672	0.86823922	0.01999337	0.02544624	0.02117713
0.00084481	0.21112825	0.88024422	-0.02723509	-0.02733155	0.00376688
-0.00283180	0.20726433	0.87383136	0.00031458	-0.00298507	0.02333762
0.00095494	0.20978521	0.87897809	-0.01077097	0.02806079	0.03258583
-0.00332549	0.20064680	0.87551508	0.02072454	-0.00383455	0.03149835
0.00739870	0.20369170	0.87962959	-0.04280547	-0.02150128	-0.00352531
0.01327569	0.22529426	0.87717748	-0.00208793	-0.02074720	0.02104691
-0.01400473	0.21616867	0.88150628	-0.01457267	-0.01760716	0.02620786
0.00706548	0.22384672	0.88130085	-0.03780268	-0.00493249	0.01441377
0.00851686	0.19918867	0.87864393	-0.04759419	-0.01643276	0.03275486
0.01157153	0.21908864	0.88776795	-0.01614791	0.00425655	0.05151223
0.00963563	0.21185623	0.87952113	-0.03536869	-0.00388973	0.02141493
-0.00381472	0.21499012	0.85925112	-0.01973925	0.05477651	0.00436127
0.00962659	0.18898395	0.86153250	-0.02437967	0.06445423	0.00763241
-0.00164440	0.19728377	0.87926972	-0.06191957	0.08798242	0.00664382
-0.00787989	0.20765355	0.89452822	-0.04609784	0.02287504	0.03296556
0.00460033	0.20092443	0.87880108	0.00366331	0.00195467	0.03185024
0.01144512	0.20358690	0.87005213	-0.01609389	-0.02247761	0.04543374
0.00841189	0.19898599	0.87565512	-0.04024224	0.00327150	0.04640925
0.02386306	0.19385663	0.86656191	-0.03635956	0.04811883	-0.01779023
0.02514227	0.18711724	0.87481293	-0.03410262	0.00841477	-0.02975420
-0.00397303	0.18930122	0.89362345	-0.00826930	0.00335067	-0.01070217
0.00352765	0.19168249	0.88763561	-0.00985411	0.02585831	-0.01360775
0.01320749	0.19899969	0.87549900	0.01426245	0.03157189	-0.04356662
0.00356995	0.17927320	0.87829468	-0.00152648	0.00148801	-0.04509449
0.00703879	0.19312739	0.86656418	0.00887281	-0.00472186	-0.00629984
-0.01303141	0.17391303	0.88613490	0.02603845	-0.01103154	-0.01870454
-0.01567863	0.18027286	0.89055419	-0.00021346	-0.01479721	0.00831347
-0.00653094	0.17923262	0.88852694	-0.01836955	-0.07083369	0.01493791
-0.00420214	0.21210944	0.89102714	-0.02356833	-0.01815266	0.00437555
0.01595068	0.21570976	0.87074708	0.02454307	0.02647927	-0.00749901
0.01504583	0.20855552	0.86780768	0.01758314	0.02759181	0.01361977
0.01710926	0.19446406	0.87424265	0.02750897	0.00056230	-0.00647656
0.01643359	0.19149448	0.88643148	-0.00508746	-0.00144528	0.00956036
0.00280970	0.19778747	0.87413107	0.02135780	-0.03053750	-0.01189435
0.01155038	0.18366510	0.87763561	-0.00820030	0.00617714	-0.02145562
0.01294540	0.20197546	0.88555534	-0.00200877	-0.00835102	-0.03194210
0.00948027	0.20662300	0.88107703	0.00363262	-0.00234003	-0.02379543
0.00882163	0.18247903	0.87916587	0.00085795	-0.00034571	-0.01265720
0.01591150	0.19041797	0.89349596	0.01593234	-0.01303798	-0.03632404
0.00881247	0.19457256	0.87739129	0.01360192	-0.00453034	-0.02544895
-0.00044276	0.17494275	0.88771877	0.02911562	-0.06349305	-0.00031258
0.00006576	0.17762190	0.88361773	0.03785773	-0.06390193	0.00398004
-0.00420138	0.18767144	0.88080772	0.03737654	-0.07278363	0.00986212
