0.89483978	0.05516714	-0.03424172	-0.09671616	-0.14937693	0.09251680
0.96336575	-0.05950068	-0.09292852	0.07139077	-0.44031088	0.08771977
0.96288239	-0.02154363	-0.13011916	-0.38718051	0.10373394	0.18167130
1.01982302	-0.00829108	-0.07829343	-0.10958521	-0.20051382	0.26553802
1.16413124	-0.10574398	-0.11528629	-0.20246909	-0.18968038	0.37022318
1.11280978	-0.08747357	-0.27682667	-0.10153154	0.16840610	0.47170029
1.05392020	-0.16489704	-0.05240207	0.18168099	-0.32612777	0.29321532
1.09069582	-0.23886316	-0.59216194	0.21182577	0.16829336	0.35562952
1.03315970	-0.19160295	-0.60832773	0.05625713	0.36193309	0.32307494
0.91334072	-0.24361603	-0.52555550	-0.73538774	0.33291814	0.20440575
0.76846316	-0.19745715	-0.47130383	-0.62444133	-0.21099298	0.13864350
0.73295653	-0.12562307	-0.43041978	-0.49495076	-0.77333479	0.33345347
0.74814872	-0.05041502	-0.41500622	-0.52204068	-0.33201282	0.37512965
0.79021855	-0.15588280	-0.49996834	-0.08313960	-0.01723811	0.03813502
0.76221247	-0.13022322	-0.33320281	-0.34208086	-0.41724569	0.01197702
0.89344310	-0.18566347	-0.44012892	-0.17073033	-0.29698683	-0.25023809
0.83640006	-0.16773929	-0.29182597	-0.34456824	-0.14501679	-0.38205354
0.82747547	-0.20409807	-0.28823019	-0.27484915	0.06431787	-0.16575309
0.66715250	-0.09634891	-0.26676202	-0.20934088	-0.03115587	-0.09719534
0.69950537	-0.10867652	-0.21678238	-0.32346112	0.17273302	-0.02108373
0.77459314	0.00576246	-0.33787583	-0.07076315	-0.08680358	-0.19207509
0.84240027	-0.04222389	-0.27945434	-0.19748282	0.30068003	-0.04640084
0.85475154	0.02098530	-0.11703760	-0.06323118	0.01172230	-0.15924760
0.91440676	-0.03674065	-0.32833246	-0.28684045	0.31272383	-0.11939638
0.86510447	-0.01412940	-0.08914523	-0.11393826	0.17638477	0.00533962
0.92644135	-0.05611716	-0.18345008	-0.36412934	0.08696300	-0.04518748
0.83049486	-0.05045289	-0.14044308	-0.34450144	0.06851001	0.24774807
0.84576296	-0.00238941	-0.10312104	-0.31303869	0.52781572	0.24041414
0.81527594	-0.10002937	-0.01961735	-0.08009527	-0.38878882	0.13709293
0.75178792	-0.05383127	-0.05421631	-0.05332027	0.19524770	0.21339920
0.86048748	-0.16339920	-0.17001962	0.15081076	-0.24811581	0.19639577
0.94835182	-0.10447954	-0.01561194	-0.04721485	0.20097963	0.04636129
1.06606327	-0.03865953	0.00921582	0.23236131	0.07919819	0.08700800
1.08400838	-0.04133268	-0.11093282	-0.06563114	-0.19615949	-0.12030801
1.08371099	-0.02227561	-0.23932038	0.24145734	0.04560145	-0.10751799
1.18716658	0.01180514	-0.13866511	-0.17092653	-0.52215736	0.03018628
1.10987958	0.00144513	-0.14355869	-0.08284069	-0.24941104	-0.06747186
1.14898754	0.04757148	-0.30100998	-0.56846615	-0.72370397	-0.26335878
1.06110549	0.01129037	-0.55824591	-0.85428766	-1.33941124	-0.15256456
1.08522443	-0.12222602	-0.55834919	-0.55702580	-0.49406974	-0.27058774
1.07929353	-0.23877902	-0.55452656	-0.27202791	0.18406157	-0.33575282
0.83614716	-0.23501034	-0.59339941	-0.18571389	0.14268110	-0.23758122
0.66361864	-0.19935662	-0.45670884	-0.00052198	0.33621230	-0.19900362
0.78400684	-0.16981965	-0.34148437	0.08323450	-0.25955101	-0.15921817
0.78396341	-0.25844515	-0.45175758	0.07734673	-0.54720808	-0.11049792
0.93935337	-0.07497900	-0.31202957	-0.03007362	0.47537971	0.11554746
0.90827583	-0.03572675	-0.49859490	0.16920560	0.03252591	0.17596060
0.81183209	-0.04960485	-0.34095726	-0.15658854	-0.21448710	0.24923446
0.76280893	-0.01105023	-0.33337200	0.22047495	0.22924200	0.25321459
0.67198574	-0.08640730	-0.29317508	0.04143975	0.22708080	0.26621587
0.65050515	-0.08062651	-0.28411976	0.16978643	-0.09396101	0.25139641
0.76904100	-0.01758216	-0.16361922	0.30395012	-0.05783907	0.32852601
0.84782655	-0.10844998	-0.33952819	0.01283831	-0.35852593	0.11309740
0.77090809	-0.17490466	-0.26068033	0.11274910	-0.35917519	0.16952885
0.88387011	-0.13414927	-0.22536998	-0.09968593	0.09907663	-0.01062014
0.86802397	-0.14029200	-0.11289941	-0.10875696	0.46365686	0.13743284
0.83022528	-0.12701028	-0.05671100	-0.03721760	0.27379888	0.03734952
0.99257429	-0.14947829	-0.18982674	-0.33588736	0.16717280	-0.07226552
0.79075610	-0.00351717	-0.19264082	-0.30232289	0.12520433	-0.17888429
0.83258055	-0.11253359	-0.02563285	-0.37596705	-0.39113639	-0.09710563
0.91788771	-0.12516253	-0.09355842	-0.10848789	-0.10582200	0.11080222
0.83397139	-0.08104716	-0.07264704	-0.26140053	-0.49178471	0.23885151
1.04177292	-0.13019530	-0.06046862	0.20438006	-0.39923790	0.06738843
1.04819650	-0.14586483	-0.09458794	0.19497666	0.23991602	0.01181374
1.07564876	-0.07867035	-0.22329658	0.13557010	0.10719039	0.22372282
1.02739276	-0.03762549	-0.08105118	-0.39759352	-0.05604510	0.13682698
1.08180271	-0.09091046	-0.16296521	0.07260766	-0.53540459	0.37044929
1.06499241	-0.21743271	-0.43418917	0.21228396	-0.95418870	0.34301894
1.09017169	-0.42826317	-0.56800821	0.55968678	-0.53742325	0.31969648
1.05548087	-0.34277621	-0.77340343	0.71952856	0.75565091	0.45860167
0.97480828	-0.16930488	-0.69115188	-0.12158055	1.84509620	0.39174181
0.78252626	-0.10128189	-0.57180564	-0.53616814	1.64310341	0.22135067
0.63766099	0.07771921	-0.41969516	-0.52200657	0.81668125	0.11249772
0.70646062	0.01714908	-0.34142017	-0.35868145	-0.62336089	0.10616178
0.74753174	-0.04149058	-0.36277288	-0.09164242	0.15235950	-0.02316431
0.74440889	-0.22511150	-0.31723547	-0.34347874	-0.54830565	0.06059621
0.80680361	-0.25211223	-0.18671014	0.10188330	-0.10047210	-0.12728646
0.73900675	-0.15140275	-0.30396052	0.02969236	-0.01937471	-0.30691553
0.74614471	-0.19282289	-0.31004788	-0.24840884	0.02031358	-0.38498169
0.78968589	-0.09436224	-0.32077049	-0.06824821	-0.00354096	-0.31351315
0.74087741	-0.05302585	-0.15284797	-0.11234893	-0.57656430	-0.09185387
0.77876118	-0.03210457	-0.19580672	-0.04296977	-0.19746847	-0.15395264
0.81107693	-0.02829734	-0.21480362	-0.07985900	-0.40349826	-0.12080523
0.83831043	0.02795624	-0.20003181	0.08932509	-0.11253243	-0.11956866
0.80718149	-0.05181870	-0.14869264	0.16227028	0.00287807	-0.02576811
0.81314865	-0.04664534	-0.14706366	-0.03198339	0.42132037	0.02674719
0.90170643	0.00389094	0.00811273	-0.02518746	0.54037766	-0.07284261
0.84303980	-0.06313592	-0.15972246	-0.03378517	0.16984967	0.04300876
0.79846033	-0.04191772	-0.14827357	0.31248534	0.11594118	-0.01871685
0.75460223	-0.07502319	-0.06657113	0.09522556	0.16455177	0.07100623
0.71976771	-0.09747745	-0.12858648	0.08946503	-0.53733587	0.23511353
0.97728659	-0.05090191	-0.20037991	0.19254205	0.18376363	0.01110627
1.07866810	-0.08797567	-0.05469650	-0.07814159	0.67420138	-0.06254187
1.03862170	-0.01377981	-0.10027231	0.15875848	0.30149702	-0.22647215
1.07674771	0.00623634	-0.19784631	0.05006350	-0.04925972	-0.15796795
1.06988238	0.00944263	-0.26913544	-0.09922860	-0.32054199	-0.26285807
1.11174993	0.01547777	-0.13904272	-0.27936741	-0.23152864	-0.02255564
1.09042511	-0.13286632	-0.15877508	-0.26285160	-0.62902401	-0.11457548
1.14170146	-0.06889242	-0.46621164	-0.32799322	-0.55561513	-0.25077597
1.01527969	-0.12049417	-0.60395204	-0.48940318	-0.28624262	-0.24389051
0.96064019	-0.12155200	-0.59713684	-0.34887648	0.23711129	-0.50304479
0.89219749	-0.31418080	-0.47399430	-0.14338110	-0.02591548	-0.38916084
0.64924310	-0.35281321	-0.41402998	0.19790352	-0.33674814	-0.32446508
0.71120419	-0.29805985	-0.33444490	0.48152309	-0.00047471	-0.35024946
0.68181228	-0.15700359	-0.27963841	0.59486394	-0.19783345	0.01403308
0.87594796	-0.12637749	-0.36325003	0.49368318	-0.24290461	0.15502253
0.88083903	0.08931769	-0.26536195	0.14668028	0.09440229	0.17476524
0.84414155	0.06041707	-0.36609765	-0.13463680	0.56928471	0.39234962
0.93177134	-0.08329529	-0.30891447	0.02840680	0.58977349	0.27066248
0.71786815	-0.09789339	-0.27564467	-0.02031761	0.18248665	0.05947939
0.69171654	-0.20987650	-0.12364631	0.09576425	0.32675333	0.23391819
0.62481410	-0.13600400	-0.17441987	0.07279171	-0.08403485	0.34520236
0.76421799	-0.11146404	-0.05498441	-0.05717953	0.01258037	0.18595969
0.75411802	-0.13877567	-0.21155887	0.13010928	-0.45926442	-0.01319780
0.82499714	-0.07130583	-0.26435009	-0.06622148	0.07807652	0.01328964
0.67238774	-0.10547528	-0.11014539	0.14426759	0.28308453	0.13058768
0.68256960	-0.19889379	-0.01523172	-0.02279940	0.19427107	-0.00781609
0.80323636	-0.05614637	-0.13276822	-0.09210230	0.36705456	0.03618494
0.70387834	-0.09459085	-0.02394504	-0.33379001	-0.04814287	0.00783602
0.70930650	0.06333136	-0.11949027	-0.22637984	-0.10797044	-0.02513276
0.83946029	-0.05326677	-0.00626453	0.23550444	-0.04494907	-0.23125521
0.90237700	-0.10989720	-0.07158128	0.10497156	-0.36434659	-0.08185357
1.01184706	-0.12467741	-0.00849065	0.41203899	-0.55308398	0.16142488
1.03649857	-0.00981943	-0.16078667	0.03026646	-0.06646686	-0.00590283
1.00645050	-0.09336701	-0.00303937	0.14623732	0.05968534	0.07671308
1.10805277	0.01755703	-0.09744869	0.28240307	-0.19977787	0.30279622
1.11378585	0.02985108	-0.00299346	-0.10635928	-0.18603173	0.49254040
1.19891404	-0.06478044	-0.26733025	0.05753316	-0.82111523	0.56604599
