0.89927506	0.06559445	-0.17921382	-0.09793749	0.05485048	0.40415052
1.08571021	-0.08981955	-0.12039538	0.07966026	-0.25913127	0.25852942
1.13145711	-0.11312372	-0.10075402	0.13937165	0.14738951	0.47903359
1.19257538	-0.16324448	-0.29035360	0.25945023	0.03707805	0.25637938
1.21913175	-0.18300212	-0.09127943	-0.01512391	0.05086153	-0.08979256
1.20896174	-0.14564512	-0.05796078	-0.03612238	-0.08597218	-0.32063814
1.06618655	-0.08082908	-0.26775683	-0.08699559	-0.47405219	-0.23227528
1.07959721	0.07411381	-0.42994789	-0.45969701	-0.02773116	-0.34521709
0.99676077	0.06617400	-0.67798631	-0.65659383	-0.50535642	-0.56209842
0.94807573	-0.05962740	-0.80221092	-0.59425451	-1.30431124	-0.43779942
0.92995048	-0.27809758	-0.79828923	-0.59120541	-0.58472036	-0.49074608
0.89870325	-0.40279777	-0.68031708	-0.27779925	0.63705959	-0.24207076
0.79723358	-0.39625604	-0.76228936	0.09901133	0.66424953	-0.33219166
0.96822399	-0.22491453	-0.53774657	0.43233892	0.24578496	0.14475491
0.88182460	-0.08208499	-0.26918762	0.23861825	0.09158715	0.06377373
0.90096937	0.04042490	-0.31504639	0.10293761	0.18514086	0.44895256
0.87239513	0.03889179	-0.41483331	0.36527841	0.29311027	0.54125353
0.69476242	0.01541803	-0.39294474	-0.28167215	0.47853099	0.46908293
0.74247989	0.22578382	-0.53651817	-0.17575575	0.23309811	0.47356164
0.59098472	-0.05651693	-0.40094940	-0.41549946	0.07895061	0.45645507
0.71690741	-0.10867569	-0.18875351	-0.45527848	-0.13654558	0.65446615
0.48541934	-0.09667881	0.01020920	-0.04249085	-0.09743094	0.18993723
0.57375511	-0.23946079	-0.14255800	0.14141872	-0.14821383	0.29622404
0.75564922	-0.30136064	-0.24222414	-0.04952102	0.00260307	-0.04075138
0.60096954	-0.30251641	-0.14477138	0.41377002	0.23978581	-0.11622749
0.76571552	-0.26238836	0.01822777	0.12945496	1.11355804	-0.60591651
0.79694296	-0.21450377	-0.09686071	0.38604820	0.52844203	-0.37675905
0.75881343	-0.17161554	-0.08333878	0.38032030	0.23013477	-0.40376266
0.76276584	-0.09543820	0.03055213	0.04206849	-0.35436094	-0.10239683
0.90367841	0.04127813	-0.11221502	0.01417213	-0.49244996	0.00733235
1.01889560	-0.09585586	-0.12012747	0.17547272	-0.21171876	-0.13673089
1.22811844	0.00839502	-0.13069824	-0.01806947	0.11954231	0.18489942
1.07973034	0.08010046	-0.09829615	0.06294661	0.09042822	0.30550278
1.23789556	0.02264053	-0.19617215	0.01091029	0.04480682	0.31635668
1.11983423	-0.12709662	-0.43544280	-0.00102258	-0.67451630	0.33502599
1.21474784	-0.38568738	-0.71260947	0.62426617	-0.39041335	0.32914542
1.29151121	-0.34081983	-0.89459393	0.44992370	1.30140190	0.36620997
0.99744163	-0.15476852	-0.84477261	-0.42153318	2.08923664	0.24089892
0.66854470	-0.14795102	-0.61867496	-0.70895846	1.25002080	0.22999179
0.67419585	-0.02573807	-0.52340543	-0.61061096	-0.99619499	0.17474666
0.67473489	-0.02038219	-0.42550210	-0.67704901	-0.47532182	0.46962546
0.80233729	-0.14554031	-0.30963977	-0.49888454	-0.67954896	0.18723801
0.78042451	-0.26355486	-0.34423205	-0.31380493	-0.28326720	-0.29124756
0.81361061	-0.34346119	-0.37715910	0.10169176	0.25664562	-0.74351661
0.68773470	-0.24261009	-0.24034076	-0.05926006	-0.26449352	-0.22020754
0.65598242	-0.18635441	-0.25426777	-0.20980657	0.21911252	-0.36411859
0.58916001	-0.01582880	-0.29883017	0.14068962	0.07362301	-0.42045273
0.56021424	-0.09944876	-0.15200491	0.13572007	0.62957765	-0.52014273
0.68949763	-0.00888266	-0.39194386	0.19826190	-0.12316367	-0.08659366
0.60722193	-0.00493477	-0.05007406	0.40820775	0.51759100	-0.34795389
0.73956838	0.02293239	-0.01673357	0.51554287	0.30237941	0.21404530
0.77813313	0.09505050	-0.24581630	0.12853350	0.11233396	0.18973175
0.64970249	0.14724634	-0.41567827	0.01681543	0.07173047	0.10053664
0.81219404	0.15330788	-0.17771930	0.04097542	-0.21798043	0.29361480
0.97144125	-0.04502704	-0.07880947	0.10097379	-0.12818520	-0.04525660
1.18094167	-0.10357966	-0.07486469	0.45364096	0.04397876	0.01845176
1.18440733	0.00975624	-0.24693550	0.02645463	0.66739792	-0.11432673
1.17398876	-0.07198953	-0.14069814	-0.11757792	0.38805819	0.43845899
1.21914218	0.06530491	0.09667601	-0.28493735	-0.49540795	0.04715658
1.18072797	0.02298787	-0.20160589	-0.41980790	-0.78375354	-0.25838319
1.13550362	-0.04927371	-0.41802724	-0.06059810	-0.94008440	-0.16751361
1.11983470	-0.17289524	-0.73130127	-0.53971713	-0.95817304	-0.72704327
0.98769016	-0.31787470	-0.89263399	-0.61667451	-0.48405769	-0.64292549
0.96335047	-0.43657129	-0.59391561	-0.24439410	-0.20689342	-0.52746917
0.95647149	-0.54042488	-0.68789456	0.35212064	0.87207936	-0.49181050
0.75706528	-0.40561369	-0.50105915	0.54071199	0.03087343	-0.17029183
0.77736544	-0.27232705	-0.32198686	0.26629087	-0.09403185	-0.23609072
0.95318977	-0.18683625	-0.43585243	0.26268288	0.00047439	-0.03302698
0.80467696	-0.02934134	-0.53880193	0.18329409	0.65916286	0.10596289
0.77403181	0.17365733	-0.38544484	-0.09748920	0.19645757	0.18257145
0.64446578	0.09422503	-0.27620802	-0.12178907	-0.06850941	0.55795329
0.63091479	-0.13726676	-0.19152425	-0.37800662	0.02116156	0.53010539
0.68664162	-0.08149172	-0.10646862	-0.33095826	0.40882132	0.45376942
0.64610865	-0.00932432	-0.18101759	-0.40508607	-0.36693630	0.67962450
0.63233084	-0.16074626	-0.01978055	0.04652478	-0.48436010	0.20628356
0.77193540	-0.17102637	-0.21337943	0.07720052	0.06648598	0.07620558
0.78150979	-0.22071088	-0.09130714	0.17288275	0.01556663	-0.21936512
0.80171063	-0.06963529	-0.14924643	-0.03267382	0.33188544	-0.33203549
0.73693472	-0.22175900	-0.06435122	0.18229912	0.28585818	-0.25516972
0.78315008	-0.15378518	-0.07679292	0.14983651	0.15315534	-0.18685688
0.72390976	0.02348323	0.05202355	0.36890119	-0.04755115	-0.04136864
0.89137130	0.03957158	-0.11814238	0.07480181	-0.55876744	-0.14557210
1.16236216	-0.09456558	-0.16115502	0.29841075	-0.73141814	-0.06485930
1.24848647	0.04000435	-0.14500549	0.54445943	0.23684549	0.13794212
1.18119502	0.03042088	-0.20539518	0.16278912	0.57392153	0.09739439
1.29142926	-0.10259844	-0.13649359	0.10771609	-0.55614426	0.24576280
1.36104247	-0.18169776	-0.33797372	0.24024409	-0.64291713	0.23615655
1.27937128	-0.48436465	-0.74455243	0.57995517	-0.06644457	0.22854538
1.12497513	-0.34735241	-0.94670797	0.49569411	0.57700365	0.49884646
1.10194388	-0.17479104	-0.95741785	0.11826760	2.50123532	0.27086025
0.92753420	-0.05291746	-0.67149967	-0.32914243	0.60506167	0.24970893
0.66572563	0.05484254	-0.21946315	-0.48440953	-0.86484363	0.35481770
0.63538515	0.08076839	-0.25461323	0.04200736	-0.50808106	0.25690949
0.89668411	-0.13840642	-0.51058618	-0.02316038	-0.24776790	-0.06190351
0.80420286	-0.17005452	-0.41512524	-0.57062944	-0.29916777	-0.18645808
0.77832534	-0.17307260	-0.36699651	-0.22618891	-1.02993187	-0.30773606
0.71904090	-0.20992289	-0.43815682	-0.35541920	-0.14709456	-0.22953812
0.62023147	-0.16051478	-0.11901755	-0.16387082	0.32349748	-0.42473638
0.65542997	-0.05787151	-0.26588454	-0.12440125	0.33206987	-0.30643380
0.61884877	-0.14770996	-0.33997889	-0.17039720	-0.23500786	-0.09252113
0.64824350	-0.14671803	-0.09888948	-0.03646575	0.09933246	-0.27910380
0.59907692	-0.02428058	-0.14613129	-0.04370780	0.06637841	-0.28553533
0.63879376	-0.12925390	-0.06859103	-0.06381377	0.04434761	-0.23493069
0.71678206	-0.07929054	-0.02179864	0.17195410	0.19174801	-0.19861962
0.83613358	0.06283190	-0.30113585	0.10740389	-0.18190649	0.03631814
0.83032062	0.06872356	-0.10701176	0.23911802	-0.28195290	-0.04032758
0.70084652	0.06962074	-0.12470220	0.36956027	0.01888286	0.15490155
0.88714356	-0.05134782	-0.11838200	0.27472507	-0.52468981	0.00938531
1.09233408	-0.13326770	-0.11516286	0.24634790	-0.20457103	0.11554813
1.22554449	0.05697382	-0.09451363	0.06030555	-0.14928502	0.20050356
1.06354061	0.03211745	-0.18036192	-0.26602679	-0.38703713	-0.15896236
1.28768026	-0.02315826	-0.34869804	-0.11816382	-0.32733839	0.06580282
1.33090332	0.11513933	-0.27043578	-0.10454595	-0.49133192	-0.12459100
1.27274970	-0.07423449	-0.48776140	-0.30295121	-0.39526786	-0.31304276
1.29729684	0.00246006	-0.76278292	-0.84520382	-0.64484566	-0.80661631
1.13513887	-0.07063000	-0.83152393	-1.00474563	-0.18404902	-0.56044850
1.01162800	-0.40347755	-0.75648720	-0.22902810	0.03205370	-0.66049731
0.80332994	-0.42128467	-0.65757624	-0.04337990	0.56243880	-0.36968620
0.65923418	-0.31186168	-0.51960552	0.33515075	0.46967082	-0.10522206
0.82641898	-0.21281954	-0.56189873	0.44862361	0.08221372	-0.28539021
0.90413305	-0.13267876	-0.47325942	0.14232614	-0.12961895	0.14435448
0.72795224	0.06172441	-0.56808412	0.49746436	0.02915626	0.32080235
0.81946168	0.06610506	-0.27398027	0.41637806	0.58376449	0.20568269
0.81319769	0.03588111	-0.20098427	0.04021558	0.82030092	0.27098070
0.73240779	0.01423494	-0.09136311	0.17119659	0.36801859	0.14976433
0.74412621	-0.07409736	0.01321133	0.13253299	0.19266361	0.14455440
0.63479248	-0.17809865	-0.19957374	0.25304955	0.36569314	0.27490481
0.65820121	-0.15251296	-0.30790256	0.25561957	0.09823657	-0.09968935
