0.71241181	0.06186682	-0.19236670	-0.13768893	-0.36825890	0.01140140
0.86564542	-0.20119471	-0.21214584	-0.18476438	0.06098422	0.00286335
0.70718294	-0.03639919	-0.16411867	-0.04948828	-0.42664015	0.25430048
0.64176700	0.03842148	-0.18667621	0.07006001	-0.43326852	0.10834845
0.67202791	-0.03513088	-0.12186720	-0.04071558	0.13201943	0.20603515
0.63360946	-0.07791701	-0.12925866	0.13093042	-0.25436535	0.27001302
0.61262243	-0.01576772	-0.19712386	0.23062846	0.04782808	0.26775109
0.64913040	-0.01497138	-0.05465573	0.37498400	0.04678811	0.27688192
0.67584449	-0.00677658	0.05747911	0.18881305	0.16771471	0.16557141
0.50379386	0.05606042	-0.07748100	-0.03014095	0.53106103	0.20607811
0.89825713	0.07261103	-0.07259365	0.05771447	0.37531811	0.22482430
0.68674320	0.02925898	-0.18703177	0.06490252	0.29131217	0.40947222
0.82688332	0.04336169	-0.10008440	-0.00818135	0.50010638	0.30696893
0.69301307	0.03274973	-0.09623873	0.03207362	0.31794738	0.41918138
0.94534745	0.14206157	-0.18794748	-0.28353238	0.17842450	0.37991437
0.63237549	-0.05091307	-0.11597291	-0.23768812	-0.10795472	0.08123751
0.64197453	0.04729959	-0.23079589	-0.36445811	-0.35407964	0.06527135
0.75722084	0.05077890	-0.33069885	-0.40413444	-0.00868334	-0.17904598
0.72201010	-0.14441829	-0.22362026	0.01371378	-0.25590694	-0.11756086
0.65351744	-0.14934406	-0.31618627	-0.13722238	-0.49674763	-0.06408602
0.94619541	-0.29980310	-0.48737856	-0.03979054	-0.65896452	0.06329616
1.22020022	-0.30688252	-0.47433847	-0.23434477	-0.56105533	-0.06621616
1.54269792	-0.20903962	-0.48547943	-0.28161973	-0.50072558	-0.17623221
1.39383446	-0.26927961	-0.49556386	0.02948949	0.15806137	-0.20178839
1.43003954	-0.35641279	-0.52469602	-0.18616854	0.71484773	-0.27403423
1.36558197	-0.27372764	-0.22178324	0.40920202	0.27652642	-0.23497189
1.21418913	-0.20745848	-0.37176137	0.22146732	0.08258913	-0.32207427
1.18060619	-0.20273451	-0.35162752	0.32282819	-0.22494300	-0.01697441
1.16347910	-0.02095358	-0.34736006	-0.01969326	-0.20397867	0.18504896
0.91960635	-0.09236635	-0.16427536	0.14910423	0.10718214	0.08916628
0.63242880	-0.07763573	-0.16006679	0.35021783	0.01720752	0.39038522
1.02638748	-0.14100263	-0.26439175	-0.03008968	-0.21718647	0.22292898
0.56827363	-0.13153377	-0.20253047	-0.09749661	-0.32194405	0.09495414
0.64975359	-0.14774874	-0.36976008	-0.23804140	0.04785455	0.16544969
0.68985655	-0.23891134	-0.06062876	-0.22943510	-0.08456858	0.06583380
0.46946049	-0.17326967	-0.22842082	-0.09314600	-0.00242940	0.06825508
0.81164816	-0.04083992	-0.14239022	-0.20908824	0.13465876	-0.06659065
0.67823182	-0.00543665	-0.23534355	-0.18682097	0.12921015	0.01121832
0.71290778	-0.05961278	-0.19053647	-0.49065262	0.63067423	-0.22541971
0.81893095	-0.05368724	-0.24850432	-0.40492046	0.07127293	-0.41995516
0.66151668	-0.05270297	-0.14922850	-0.30165826	0.46508643	-0.19990901
0.84848223	-0.10105470	-0.12665349	-0.56846040	-0.17085336	-0.34901646
0.86099135	-0.15654183	-0.03386129	-0.35291743	-0.37905391	-0.14978521
0.66766227	-0.09451358	-0.00519096	0.04102191	-0.17612357	-0.00113690
0.88186926	-0.18515974	-0.13097067	0.14622320	-0.02053356	-0.27685641
0.95680142	-0.12755935	-0.31642231	-0.06948007	-0.09125168	-0.22555050
0.77311375	-0.16753566	-0.23531645	0.05287710	0.24842460	-0.34480295
0.82013250	-0.22509291	-0.10487285	0.06370938	0.04544629	-0.17796047
0.92026630	-0.18638876	-0.20073583	0.28184307	0.00404841	-0.18077207
0.85974181	-0.14847464	-0.20644748	0.25228528	0.06743465	-0.04370580
0.70937936	-0.16445983	-0.19874218	0.40324356	0.00636839	-0.08267660
0.64564565	-0.09345214	-0.45772819	0.60626828	-0.76169891	0.13881098
0.66010918	-0.09257589	-0.38763759	0.56379241	-0.94894497	0.35949592
0.97980557	-0.00744572	-0.66238575	0.46045997	-0.18684087	0.58343366
1.35392253	-0.01245985	-0.82653925	0.47094852	0.48308861	0.40440821
1.64340112	-0.14076251	-0.84690236	0.36975918	1.23966391	0.00821567
1.46164850	-0.05166558	-0.61632286	-0.04457863	0.48041926	0.12533046
1.15781489	-0.05428772	-0.44514372	0.04973372	0.17752929	-0.06976140
1.10438333	-0.07084584	-0.42088049	0.13704670	0.24943280	-0.01207991
1.02832103	-0.16123108	-0.22596286	-0.15806092	0.08948776	-0.24412773
0.93455953	-0.18230877	-0.13829579	0.04241463	-0.39036759	-0.19975832
0.90814708	-0.10348796	-0.19407157	-0.11853749	-0.38187750	-0.25597421
0.76500861	-0.00785067	-0.15332492	-0.10894018	-0.23623797	-0.06713182
0.69960624	0.07323574	-0.21527139	0.10289222	-0.39148521	-0.08361252
0.75714150	0.01688751	-0.28208459	-0.08431506	-0.40442324	-0.00481280
0.70672255	0.05064413	-0.22854993	0.34750347	-0.85834950	0.12467581
0.81522162	0.03591257	-0.31183850	0.09986144	-0.40642476	0.19244484
0.77494599	-0.08015595	-0.31349057	0.16686140	0.06571741	0.23099256
0.78228202	-0.01289340	-0.30821494	0.21982488	-0.42930109	0.12841836
0.82861390	-0.04603561	-0.19590499	0.16589456	0.02250383	0.14372129
0.70611082	-0.13762290	-0.17207961	0.12814307	0.16050644	0.30309974
0.93029849	-0.03727834	-0.13156441	0.15432854	-0.02952256	0.12600846
0.78964638	0.01983514	-0.20835528	0.19122037	-0.00327584	0.01960771
0.70016594	0.02823359	-0.13566772	0.09134446	0.25774130	0.23615385
0.65665342	0.00900438	-0.13501226	-0.25090167	0.49839770	0.35182900
0.55770811	0.08767743	-0.18520453	-0.45615136	0.54642506	0.32866099
0.83344583	0.09589352	-0.15445547	-0.27251102	0.23122570	0.27930294
0.87118638	0.08697089	-0.21716370	-0.46152424	0.22763972	0.05607089
0.65818615	0.04163789	-0.26814419	-0.66124917	-0.02772981	0.13283219
0.66606119	-0.00474056	-0.17075878	-0.51017429	0.21984244	0.23250072
0.77077237	-0.13230923	-0.30272112	-0.58976246	0.13354903	0.21260665
0.53022268	-0.00776022	-0.25489244	-0.36308267	-0.23077970	-0.00264553
0.70810731	-0.27335158	-0.21591150	-0.18673014	-0.51706348	0.01688583
0.62955644	-0.40028674	-0.33629241	-0.23679940	-0.17343423	-0.07033811
1.03779843	-0.33016192	-0.53490834	-0.15377957	-0.30256963	-0.19397623
1.49777923	-0.32060018	-0.50745800	-0.22308674	-0.05748925	-0.12409092
1.50149751	-0.27732349	-0.67223106	-0.16738995	-0.06183533	-0.22550128
1.54342661	-0.27387615	-0.57341091	-0.28221722	0.52689377	-0.18557331
1.15981596	-0.40843853	-0.38696765	-0.04591690	0.18505562	-0.16920651
1.33353328	-0.18314921	-0.39084754	-0.00239863	-0.34012160	-0.13831122
1.05056948	-0.11165857	-0.38341652	0.15339323	0.36724043	-0.13024209
0.92672750	-0.11686532	-0.33624561	0.40142032	0.06634202	0.26201919
0.79517598	-0.05589439	-0.28298749	0.20856771	0.15380899	0.39278381
0.70559564	-0.04086442	-0.26500112	0.03159153	0.42387244	0.26190749
0.69737783	-0.03216550	-0.02092655	-0.17587168	0.18009464	0.29620032
0.54130659	-0.15882185	-0.25711338	-0.15986434	-0.23615562	0.23191999
0.72520763	-0.10003774	-0.16563980	-0.39212498	0.01679310	0.11079575
0.57853185	-0.10759887	-0.32721423	-0.40997045	0.24344845	0.04927962
0.61113008	-0.17632692	-0.28675999	-0.35263939	-0.01680734	-0.14765579
0.71410292	-0.08280460	-0.10722438	-0.42190018	0.33500975	-0.03254964
0.68573669	-0.16204056	-0.09028369	-0.65256800	0.20225482	-0.15913962
0.54555486	-0.19259074	-0.10259732	-0.71375821	0.29069002	-0.07695381
0.56711030	-0.07950770	-0.18027426	-0.70268271	-0.10026696	-0.19025856
0.60256575	-0.12832753	-0.21105553	-0.55702632	-0.47969207	-0.11038949
0.81258332	-0.09708328	-0.25162665	-0.29370405	-0.72169620	-0.27575280
0.64586307	-0.04701018	-0.21120887	-0.23975554	-0.22400754	-0.25628525
0.82737341	-0.17289626	-0.15986352	-0.18718639	-0.24969152	-0.14163618
0.95261713	-0.27728077	-0.29598963	0.21727573	0.08780235	-0.34363261
0.86239029	-0.11411805	-0.21797168	0.13725466	0.15538935	-0.21312347
1.00188482	-0.18187511	-0.12573572	0.19924104	0.54371727	-0.10059050
0.94659059	-0.12980135	-0.19080543	0.13364872	0.37931689	-0.05090673
0.83395485	-0.13478007	-0.36843909	-0.04564902	0.21313833	-0.05225425
0.81017337	-0.03742360	-0.18058172	0.24501644	0.08734236	-0.04218247
0.67123779	-0.07296206	-0.31136629	0.37900117	-0.36346635	0.43882314
0.80628632	-0.07363883	-0.51373679	0.33726326	-0.41430901	0.48083068
1.06284883	-0.17124159	-0.49680701	0.25994818	-0.06334426	0.60866936
1.42130745	-0.04844328	-0.47735201	0.39408329	0.41855303	0.50855629
1.54411776	-0.09382375	-0.36485421	-0.11799730	0.64355714	0.20072815
1.30160175	0.09262350	-0.57334290	-0.23288179	0.72019096	-0.00336731
1.30595059	0.04669045	-0.51154313	-0.11882221	0.23212021	0.12478029
1.17980579	0.13353247	-0.38657904	-0.31761349	0.89388760	0.10215277
1.10533112	-0.11975580	-0.31326367	-0.52383754	0.53877992	-0.19528118
0.85845912	-0.26733177	-0.23462859	-0.39187584	-0.63482883	0.06665556
0.92609224	-0.22370328	-0.09021564	-0.12755021	-0.47268599	-0.06003414
0.60210198	-0.07325692	-0.26328964	0.03830145	-0.54850243	-0.20497411
0.83394701	-0.05343375	-0.09502668	0.15043467	-0.18680809	0.13243648
0.77521980	-0.11294342	-0.20938474	0.27774062	-0.66757243	-0.00745689
0.86058848	0.07190608	-0.36210947	0.04346164	-0.33076471	0.08617428
