0.85756067	-0.05556994	-0.44385617	-0.46247993	-0.34360659	0.07486957
0.94135624	0.02036050	-0.47054456	-0.62736749	-0.35004939	-0.14838999
1.08702453	-0.02214297	-0.39812663	0.05139357	-0.36656087	0.21637174
1.11485793	0.10295296	-0.46132724	0.04072582	-0.34080220	-0.02598466
1.11922400	-0.07357530	-0.46682055	-0.11983777	-0.48124756	0.18271625
1.07109216	-0.09417311	-0.49543103	-0.29305436	-0.08203132	0.33706622
1.22391776	-0.06042877	-0.70330509	-0.26885847	-0.28097562	0.20337873
1.20755452	-0.06683134	-0.78914524	-0.19271654	-0.42276017	-0.32550695
1.16195126	-0.15532447	-0.86748511	-0.14967844	-0.09754039	0.09234465
1.01517396	-0.04221482	-0.67784073	-0.35306597	-0.13805047	0.18210392
0.88017045	-0.17127543	-0.73273785	0.11509120	0.40101695	0.28462702
0.74566659	-0.28785139	-0.67490373	-0.01408999	0.13516434	0.45259139
0.68506537	-0.14626184	-0.59238840	-0.02840024	-0.24660118	0.02102048
0.73873030	-0.11117462	-0.49219517	0.11620498	-0.26975664	0.24133197
0.59597183	-0.08524408	-0.57337311	0.07769746	0.06312280	0.12323516
0.66850618	-0.04826508	-0.49361534	-0.55820217	0.21978893	0.15400031
0.80107464	-0.04272353	-0.49897583	0.05389199	0.38037846	0.30415584
0.66994041	-0.07887273	-0.39413008	0.07192266	0.35444138	0.33609165
0.70618669	-0.05635080	-0.31354363	0.38200665	0.04870356	0.13019385
0.65098716	-0.16118285	-0.40010636	0.38116662	0.10668578	0.53624599
0.72450221	-0.23253640	-0.40021996	0.28701482	-0.11254175	0.29868953
0.77631160	-0.20646882	-0.38248719	0.36816003	0.52920001	0.07803684
0.87006529	-0.28402559	-0.39585525	0.38070239	0.28752237	0.17308724
0.75115974	-0.14442516	-0.32966408	1.08868762	0.21978814	0.09615964
0.72786446	-0.12628285	-0.45338228	0.40759471	0.44035680	-0.03466521
0.71574656	-0.08291834	-0.47596122	0.72505803	0.22949856	0.14371038
0.66870605	-0.11289576	-0.39890130	0.39223327	0.26788219	0.13722239
0.63630279	-0.11623304	-0.28386428	0.37084734	0.27827814	0.08365157
0.82817633	-0.13021321	-0.35294547	0.47748878	0.14486720	0.18512100
0.64743136	-0.07671439	-0.28028704	0.14630437	0.25870966	0.04368395
0.69263245	-0.17072078	-0.34650903	0.60067830	0.05179951	-0.09396612
0.66637203	-0.07032262	-0.31684334	0.45732623	0.45699001	0.31180753
0.75683666	-0.29938219	-0.39541914	0.39192269	0.52313672	-0.08696695
0.76318722	-0.17972881	-0.26296561	0.22334662	0.07541050	-0.01208257
0.71999662	-0.19716483	-0.18421634	0.31048447	-0.23865111	-0.03051045
0.83649230	-0.30685712	-0.20888003	0.85391604	-0.32612091	0.12123443
0.83035855	-0.22073854	-0.15639676	0.23860781	-0.43135424	0.00607546
0.88243120	-0.12980721	-0.37361210	0.50110427	-0.02364583	-0.17940233
0.86599386	-0.08650438	-0.23713731	0.11440915	-0.42581983	0.03227751
0.86786145	-0.14096319	-0.29533904	0.48386498	-0.59753256	-0.09665534
0.83529966	-0.13907281	-0.31780606	0.42067341	-0.40698923	-0.17167963
0.99188009	-0.17320701	-0.20440171	-0.11023671	-0.71628116	0.03746693
1.14293114	-0.25979511	-0.41266107	0.43105233	-0.69228334	0.08323549
1.17816353	-0.33207350	-0.54516516	0.54383369	-1.44377243	-0.32065424
1.29568520	-0.33584240	-0.59606752	1.01379576	-0.52845861	-0.27966861
1.22446687	-0.33405905	-0.57805317	0.70098709	0.32543604	-0.27104855
1.00852918	-0.28393834	-0.58930308	0.11315752	0.58486798	-0.31839044
0.71673572	-0.29072573	-0.57161151	0.15765095	-0.03547351	-0.44640676
0.61709610	-0.23613264	-0.44774824	0.34607986	-0.95547843	-0.47959158
0.66829560	-0.44714008	-0.53681018	0.52694129	-0.96430425	-0.40797497
0.67751214	-0.41076903	-0.65859415	0.12329024	-0.31132780	-0.66233749
0.64973038	-0.25130863	-0.50370230	-0.18684122	-0.27401320	-0.70986529
0.74405738	-0.24114192	-0.53513731	0.42859249	-0.20693218	-0.79681653
0.69360127	-0.29696060	-0.46254922	0.14099767	0.08775265	-0.95475330
0.66650999	-0.15467433	-0.49229573	0.02281859	-0.08344939	-1.00626639
0.76966101	-0.17982996	-0.50802430	0.16910995	-0.26076751	-0.90015805
0.75656416	-0.19476299	-0.40391147	0.03495926	-0.17114808	-0.78521816
0.76608636	-0.21290959	-0.51402329	-0.01177954	-0.22142339	-0.83421030
0.74632470	-0.08743868	-0.48865050	0.68215409	-0.26631987	-0.95729992
0.65562914	0.03120746	-0.57759871	0.26454190	0.28208879	-0.94247599
0.78611104	-0.07886864	-0.50567819	0.15078113	0.39650229	-0.86769764
0.80262842	-0.07276279	-0.42566197	0.57156470	0.35721004	-0.97590579
0.71446298	-0.08058503	-0.37530719	0.48870028	0.14532996	-0.48355792
0.61832365	-0.10568646	-0.37772405	0.61516887	0.12103461	-0.67048308
0.44730096	0.08000619	-0.31828567	0.43411646	0.13246800	-0.59504214
0.66270995	-0.12604652	-0.37995841	0.57546164	0.37836791	-0.88893840
0.52339573	-0.04682922	-0.34620332	0.89110609	-0.23936676	-0.83477247
0.72198795	-0.14488851	-0.34590950	0.62131132	-0.02931062	-0.57257270
0.87330881	-0.00078727	-0.45037244	0.89219460	0.37307972	-0.71143120
0.71739318	-0.02038790	-0.35676689	0.78545443	0.60751349	-0.70548481
0.65952709	-0.00717773	-0.34038142	0.24841212	0.11112202	-0.59908883
0.64489848	-0.00466457	-0.35082852	0.61242495	0.19951006	-0.28969959
0.65663247	-0.02469337	-0.35520763	0.35467319	0.10946728	-0.25876957
0.76667800	0.05812620	-0.33401527	0.79346460	-0.03909872	-0.54294726
0.84995315	-0.07141799	-0.29222767	0.43144471	0.15131621	-0.26073089
0.99607756	0.05054201	-0.28171708	0.63041508	0.09504939	-0.40370940
1.09275367	0.06747084	-0.27323951	0.85461664	0.24927427	-0.29838192
1.09251818	0.03524930	-0.29448258	0.32623656	0.26565016	-0.43693867
1.13966500	0.01043578	-0.32270270	0.95153164	-0.23619568	-0.21556796
1.21645862	0.03812677	-0.38949616	0.96807735	-0.18441505	-0.13939578
1.22299689	-0.06489337	-0.48907475	0.56347344	-0.34286387	0.00480006
1.14547044	0.01645781	-0.63342498	0.66076926	-0.50817823	0.35858109
1.10282643	-0.13266288	-0.72840862	0.88101593	-0.32291895	-0.07985043
0.85411263	-0.15780887	-0.70085295	0.39191818	0.17033026	0.18019060
0.65304811	-0.17373948	-0.61448567	0.61471171	0.22596841	-0.01890032
0.73342471	-0.13708937	-0.58349223	0.93684061	-0.23119641	0.14459681
0.80067255	-0.10101492	-0.65300080	0.56997262	-0.26125620	-0.09277793
0.72288819	-0.04872605	-0.76525384	-0.03700057	0.12981396	-0.30225928
0.72684273	-0.15902246	-0.60021757	0.09503824	0.21931322	-0.16183778
0.73071784	-0.08037415	-0.60531521	0.17898241	0.26674031	-0.10998458
0.83593152	-0.10335284	-0.55573433	0.59157997	0.21724754	0.17678658
0.75460318	-0.12549598	-0.43448586	0.49200372	0.27681281	-0.16868867
0.67030985	-0.16689254	-0.55838211	0.17411876	0.48373241	0.18926972
0.73467595	-0.12073439	-0.48695218	0.53130312	0.58951933	0.32955105
0.60993202	-0.10932579	-0.53392713	0.20547126	0.14451502	0.13071539
0.70179161	-0.09801318	-0.55599024	1.02831370	0.16504342	0.44695473
0.73820194	-0.10755214	-0.43744493	0.55809522	-0.06683306	0.18913311
0.74754279	-0.07329633	-0.46520153	0.34668796	0.23021072	0.63049092
0.70273119	-0.10670318	-0.33843782	0.18280801	0.44821853	0.36021317
0.70555680	-0.16725193	-0.32411297	0.64793980	0.58835872	0.13799327
0.74934955	-0.16403950	-0.40211693	0.76636530	0.36333951	0.16073801
0.72604652	-0.17811476	-0.26764150	0.36661592	0.45295039	0.29462239
0.67030282	-0.15025959	-0.34435382	0.13726420	0.24025486	0.28093491
0.46035159	-0.13486572	-0.19347506	-0.02341767	0.11590301	0.50697236
0.74967416	-0.12797648	-0.22653518	0.49981083	-0.30851706	0.50272514
0.56270146	-0.02796251	-0.34500181	0.40435295	-0.25356576	0.47711710
0.83068617	-0.10511746	-0.22138359	-0.12500460	-0.09992624	0.45335033
0.98706333	-0.13731835	-0.37921638	0.44114488	-0.02073889	0.20161900
0.69644238	-0.05466660	-0.25341451	0.35352821	-0.10467460	0.20478006
0.81364717	-0.07414805	-0.19863929	-0.10965320	0.02671691	0.24204823
1.05791146	-0.07888638	-0.30980092	0.01941500	0.08414790	0.48301894
1.08574584	-0.17903777	-0.24694876	-0.02760293	-0.42639062	0.30440282
0.99667673	-0.21323087	-0.31569206	-0.11487038	-0.53898674	0.41179176
1.10120647	-0.17149805	-0.43547977	0.27189970	-0.45294183	0.21263306
1.15181361	-0.31801936	-0.52412679	0.25635009	-0.06343111	0.27956343
1.22795002	-0.45639786	-0.60281896	0.05732285	0.12183811	0.64949886
1.18197402	-0.26462723	-0.61604286	-0.05571333	0.10469117	0.32812323
0.69978466	-0.24095096	-0.62050728	-0.70812385	-0.04908486	0.29511183
0.80481283	-0.24787995	-0.52939578	-0.69866038	-0.03720667	0.49971981
0.70447944	-0.21131914	-0.51066972	-0.51258839	-0.25882776	-0.13224949
0.70757022	-0.21271652	-0.62691269	-0.77893419	-0.15835140	0.10868305
0.68544589	-0.28878658	-0.62530848	-0.84562372	0.15812770	-0.07213249
0.71156807	-0.22176802	-0.57848288	-0.87102787	0.12197410	0.07463548
0.73761302	-0.13713428	-0.49995021	-1.08885770	0.30468289	0.10310110
0.85628934	-0.14149971	-0.50227284	-1.15091171	0.62506610	0.09814902
0.78948671	-0.10827793	-0.43059773	-1.42270647	0.25811719	-0.12075507
0.68806074	-0.14484263	-0.43954335	-1.26224240	0.39131202	0.07368856
0.57597301	-0.13421282	-0.53157198	-1.30430966	0.30147415	-0.06416385
