0.56232656	-0.06697278	-0.47246399	0.27888639	0.25262204	-1.04631828
0.50354262	-0.08291657	-0.28736634	0.77928097	-0.29699310	-0.87523727
0.48975909	-0.05764276	-0.27762289	0.35070788	-0.09392739	-0.63200609
0.61459260	-0.09782842	-0.28772457	0.45931662	-0.05685460	-0.92572092
0.79529907	-0.08816678	-0.36844013	0.23876112	-0.03109835	-0.80258752
0.76302711	0.00146610	-0.41345350	0.39669247	0.01477395	-0.60167875
0.63892248	0.04192813	-0.28712614	0.38501400	-0.21555978	-0.50667624
0.81544778	0.00424018	-0.48303572	0.42389354	-0.04358133	-0.45378808
0.77825740	-0.09220655	-0.49738635	-0.05078652	-0.10958777	-0.28089487
1.05405255	-0.05960938	-0.31283876	0.33129045	-0.06269495	-0.20025825
1.07376246	-0.06299845	-0.37613478	0.49435549	-0.00174941	-0.35558228
1.14365554	-0.04476066	-0.44768060	0.82548021	-0.00370545	-0.24468222
1.01718436	-0.06918056	-0.55793599	0.52361744	-0.28798619	0.05976879
1.14891687	-0.12928823	-0.68318585	0.78912681	-0.17520439	0.23970303
0.97383989	-0.11789523	-0.84225430	0.85833697	-0.01074861	0.09642867
0.91007659	-0.29041770	-0.77310467	0.40203276	0.04188756	0.35116074
0.89198433	-0.21087694	-0.74565467	0.63585816	0.47609889	0.05025042
0.70378973	-0.19331411	-0.69082908	0.87463299	0.24426032	-0.12294256
0.66152353	-0.18525215	-0.69463183	0.64825328	0.04504914	-0.07639366
0.54676370	-0.12270771	-0.60877494	0.44928350	0.15910161	-0.25880888
0.74869387	-0.13340092	-0.62791769	0.44825562	0.07489304	-0.33016423
0.67615002	-0.09513206	-0.56818686	0.48652379	0.09390642	-0.25728592
0.80308144	-0.06935796	-0.49271069	0.58451059	0.26984051	0.06392930
0.66253017	-0.10223030	-0.48486925	0.56319495	0.36442117	0.22462046
0.66348922	-0.10914703	-0.59764862	0.55734753	0.48628426	0.20590363
0.54355481	-0.04876755	-0.42306506	0.90816302	0.03348384	0.22297757
0.59843012	-0.12056231	-0.40917526	0.40606398	-0.12080814	0.27213178
0.56256242	-0.15555359	-0.42580288	0.89950724	0.12469533	0.31907845
0.54129168	-0.07723337	-0.31615519	0.71963398	0.14730566	0.44465737
0.52187788	-0.20566227	-0.26455904	0.48812115	0.37875593	0.66664743
0.84245421	-0.21742476	-0.22985123	0.68504893	0.21054230	0.65789408
0.48253059	-0.16857013	-0.28445880	0.96044781	-0.09100072	0.31180109
0.77220392	-0.18142449	-0.36145161	0.60473908	-0.27582999	0.36085192
0.52299627	-0.19829076	-0.43546874	0.27402910	-0.21791466	0.29785508
0.91162940	-0.21036544	-0.47673065	0.70392575	-0.11996760	0.44012690
0.93049388	-0.20935405	-0.44127280	0.14977359	0.13883268	-0.16091745
0.99765184	-0.24128837	-0.45002592	-0.01574846	0.17720195	0.65106636
1.14365857	-0.18457260	-0.41849850	0.06518631	0.00801807	0.41353018
1.06236283	-0.24176653	-0.43897219	0.34829996	-0.14857437	0.27572220
1.05782939	-0.34311618	-0.58684909	-0.01208121	-0.25271646	0.24940565
0.97304584	-0.40163064	-0.52210708	0.02984467	-0.56997707	-0.03663234
0.92724158	-0.34047266	-0.58232574	-0.04859182	-0.14588366	0.02102009
0.92636386	-0.24454819	-0.62325256	-0.47800002	0.29357217	0.12878614
0.74893308	-0.21498249	-0.74187734	-1.21896258	-0.01183714	0.04612694
0.65481484	-0.18207471	-0.70432318	-0.80312466	-0.08497109	-0.00233486
0.60959169	-0.28626052	-0.60221215	-0.76577162	-0.38181142	0.09174568
0.71085564	-0.29824316	-0.71743737	-0.89942705	-0.10506934	-0.12772003
0.75275944	-0.40485373	-0.69232796	-0.69081009	0.28326250	0.10314486
0.68805481	-0.28868591	-0.59505136	-0.76986184	0.70425249	-0.04082136
0.71377502	-0.24460617	-0.59185924	-0.89899781	0.17177995	-0.16319376
0.59449064	-0.21501120	-0.43894797	-1.05968143	0.40644520	-0.40628735
0.70824339	-0.03947462	-0.46006741	-1.47128808	0.32727402	-0.26898140
0.76987213	-0.03669383	-0.52767499	-0.98547664	0.02102193	-0.01428466
0.45537822	-0.01145952	-0.46272071	-1.19953021	0.04177510	-0.02826150
0.65134863	-0.03180905	-0.35209136	-1.16948525	0.08655366	0.10659339
0.62466742	-0.08969976	-0.42916202	-1.40522953	0.18308526	0.08024210
0.54940266	-0.02945238	-0.31295618	-0.95653518	0.09434645	0.05693424
0.63110022	-0.14694335	-0.40703872	-0.93445481	-0.22898579	-0.05688124
0.55516659	-0.11417202	-0.18937489	-0.80147846	0.02058338	0.27076728
0.58522991	-0.07650431	-0.38733917	-0.72081376	-0.26342296	-0.00606530
0.62976223	-0.10458477	-0.39969906	-0.68009801	-0.25590881	0.28598656
0.87718878	0.00193889	-0.48524987	-0.82028997	-0.24347370	-0.04662331
0.75899088	0.02562480	-0.45815876	-0.42242726	-0.32357952	0.31474103
1.06597456	0.00907208	-0.42021786	-0.78938603	-0.32909265	-0.18645293
1.03745754	-0.03120258	-0.41928101	-1.16861692	-0.14065832	-0.07542724
1.19949915	0.00484629	-0.51802085	-0.48572716	-0.18591335	0.28304100
1.11694183	-0.10943676	-0.51358847	-0.59175697	-0.34483741	0.59306065
1.08275182	-0.12185592	-0.67540083	-0.38689185	0.18740388	0.10276841
1.03163132	-0.15794906	-0.71267962	0.05101882	0.02682634	0.14662391
0.77291499	-0.11826461	-0.91403528	-0.10929024	-0.16612117	0.37198507
0.90826529	-0.14879822	-0.83183835	-0.09677921	0.21601166	0.46986607
0.96913925	-0.18803934	-0.76164529	0.19749093	0.36399672	0.42715206
0.72154859	-0.24115814	-0.61875862	-0.00170487	0.54313810	0.35066956
0.67602573	-0.23281069	-0.59938813	0.11361870	0.33263190	0.07627456
0.58776559	-0.14753742	-0.61053132	-0.64750749	0.50126091	0.14313154
0.77376234	-0.03746013	-0.57621283	0.28911256	0.10222732	0.13470370
0.78407679	-0.07918958	-0.44428553	-0.51170372	0.42662831	0.56275525
0.79747899	-0.08709131	-0.52433463	-0.53020836	0.34220201	0.57737672
0.68319078	-0.07448163	-0.41374468	-0.15333499	0.62527496	0.70073625
0.68298103	-0.16211096	-0.40070149	-0.25541666	0.45150849	0.71921111
0.58148171	-0.20608675	-0.41726776	-0.71600903	0.41369149	0.61409839
0.75748240	-0.17416983	-0.46316704	-0.06930922	0.54958730	0.52897788
0.52912606	-0.17714078	-0.34960124	0.28659709	0.43653050	0.53117811
0.72999897	-0.23649795	-0.23509126	-0.33431062	0.17143465	0.64736577
0.48342410	-0.10430868	-0.39462197	0.18262316	0.36110683	0.54331180
0.69298060	-0.17090466	-0.33987431	0.10871472	0.05561156	0.45532145
0.39275663	-0.11036291	-0.32164193	0.02253749	0.04092161	0.71988968
0.52138572	-0.11302804	-0.33314727	0.01633155	0.05900221	0.71774254
0.65727452	-0.15453289	-0.34082204	0.09516462	-0.23596634	0.79379764
0.61477302	-0.12127728	-0.33197747	-0.05572695	-0.43979855	0.52749974
0.72108023	-0.22099441	-0.34959271	0.13816222	-0.28137689	0.30847574
1.02954238	-0.22925873	-0.31440579	0.10106722	-0.09769507	0.55334242
1.06268975	-0.29045106	-0.33741455	0.06703902	-0.31821342	0.50607516
1.19175420	-0.23919430	-0.41774788	0.06073065	-0.17672293	0.61569850
1.21271271	-0.29670815	-0.43700025	-0.22697921	-0.23130060	0.28908652
1.16522241	-0.29722351	-0.39356958	-0.44645782	-0.11880068	-0.01043163
1.09597400	-0.32554769	-0.51638751	-0.23795575	-0.22907828	0.26692295
1.00195537	-0.41316747	-0.56041724	-0.21554566	-0.01738722	0.25989198
1.00920383	-0.40038724	-0.49434423	-0.71360445	0.33414700	0.01809028
0.80060336	-0.30292964	-0.65091050	-0.94397818	0.55135634	0.24493622
0.73654717	-0.24409546	-0.69231385	-1.20895024	0.09677099	0.56770539
0.67426047	-0.13174372	-0.54572658	-0.74098322	-0.26996067	0.20112442
0.72050500	-0.27581149	-0.51292151	-1.21588571	0.06426466	-0.09673196
0.80811267	-0.28428653	-0.54621419	-0.65413412	0.16855644	0.24236038
0.75756214	-0.30041197	-0.56555456	-0.91934709	0.50833128	0.22040322
0.89462768	-0.26207844	-0.41910393	-0.98716933	0.47146526	-0.06772400
0.60350629	-0.18622016	-0.41709943	-0.61617558	0.32617259	-0.19473988
0.69845460	-0.13011514	-0.48230261	-0.72423666	0.08616344	-0.15327009
0.69513732	-0.06123018	-0.40409345	-1.02914172	0.36934803	-0.25450302
0.65900285	0.01210157	-0.50549972	-0.65964983	0.18651879	-0.11212722
0.54450301	-0.03146521	-0.42730937	-0.57696425	0.18851515	-0.12845908
0.45571943	0.05784411	-0.24164159	-1.09969234	0.36389872	0.15913956
0.54083433	-0.05181563	-0.29098227	-1.12715675	-0.05121893	-0.19126764
0.48015921	-0.06721529	-0.28423120	-0.67220038	-0.14827755	0.11757551
0.57971092	-0.01748098	-0.34615783	-0.42288638	-0.00786574	0.09431901
0.84417962	-0.01710017	-0.30792095	-0.63350702	-0.23629328	-0.36563730
0.67125649	-0.05029822	-0.33360163	-0.28616966	-0.41455445	-0.05270165
0.74766321	-0.06067803	-0.40445982	-0.32814217	-0.41587551	-0.01137599
0.94140118	-0.01519138	-0.41136671	-0.42966669	-0.47271056	0.23720179
0.80497973	0.11612316	-0.53121100	-0.64498833	-0.28618186	0.23430434
1.01541026	0.01781735	-0.46674944	-0.47174670	-0.40741483	0.46461567
1.09972193	-0.11146519	-0.40471330	-0.94874876	-0.19651998	0.30517657
1.29731139	-0.05872335	-0.49842661	-0.72095422	-0.21710457	0.18757368
1.11236827	-0.10752709	-0.56728707	-0.34214034	0.18067354	0.08074336
1.13595444	-0.10300525	-0.64705949	-0.37209531	0.15550836	0.33597023
0.99085349	-0.03093204	-0.76837570	-0.22656148	-0.05639826	0.14416403
0.79610683	-0.02364658	-0.80973217	-0.28436707	-0.34328946	0.53288988
0.87415710	-0.19832223	-0.90312924	0.39314739	-0.07741740	0.49444696
