0.92031000	-0.08550369	0.06368885	0.00244093	0.00987646	-0.00503907
0.92224901	-0.08794096	0.06633218	0.00016966	0.00695320	-0.00932701
0.91898067	-0.08319523	0.07279446	0.00110713	0.00322304	-0.00746424
0.92096705	-0.08432108	0.07232607	-0.00761845	0.00393351	0.00215101
0.92164579	-0.08566807	0.06567448	-0.00724164	0.00861802	0.00379469
0.92248981	-0.08212815	0.07233311	-0.00459588	0.01608128	0.00319402
0.92245622	-0.08114705	0.06523554	-0.01745700	0.00931353	0.00088919
0.92014631	-0.08707790	0.07182937	-0.01229530	0.01130566	-0.00406240
0.92075338	-0.08574061	0.07466433	-0.00275685	0.00642064	-0.00313226
0.92072621	-0.08689787	0.07339947	-0.00075112	0.00944623	-0.00376442
0.92198282	-0.08501962	0.07431649	-0.00821117	0.01211247	0.00057647
0.91990723	-0.07942064	0.07531194	-0.00456420	0.02973815	0.00029856
0.92033450	-0.08126383	0.08212443	-0.02324192	0.01619262	-0.00224423
0.91979855	-0.07901893	0.09033670	-0.02072851	0.01633020	-0.00279478
0.92050119	-0.08103688	0.08721849	-0.01314090	0.02191610	-0.00085257
0.92100940	-0.08426502	0.08625368	-0.01742553	0.00790270	-0.00332847
0.92247282	-0.08133959	0.08991006	-0.01158024	0.01409482	-0.00054785
0.91956942	-0.08266643	0.09313816	-0.00489935	0.00815823	-0.00408513
0.92050035	-0.08627259	0.08508693	-0.00203018	0.00699536	-0.00058311
0.92137426	-0.08962301	0.07656423	0.00091770	0.00610928	-0.00223672
0.92124001	-0.08703809	0.07485433	0.01031514	0.00708757	-0.00396202
0.91936095	-0.08567303	0.08198780	0.00737555	0.00631919	-0.00409075
0.92052507	-0.08101593	0.07460847	0.00216148	0.01261785	-0.00297745
0.92046953	-0.08173332	0.07835749	-0.00082567	0.01289962	-0.00349572
0.92043644	-0.08091575	0.08288464	0.00510949	0.00993521	-0.00010372
0.92307069	-0.08272279	0.07917068	0.00905229	0.00671565	0.00003552
0.92521715	-0.08297863	0.08268906	0.00851356	0.02349794	-0.00519320
0.92251608	-0.08329208	0.08324846	0.01037828	0.02120936	-0.00594718
0.92038206	-0.08303005	0.08422572	0.01006057	0.02040427	-0.00811418
0.91870788	-0.08316478	0.08017376	0.00636617	0.01295255	-0.01174013
0.92074070	-0.07834757	0.07738855	0.01281394	0.01727174	-0.00392034
0.91797184	-0.07741822	0.08352909	0.01360077	0.01532079	-0.00585064
0.91836245	-0.07949335	0.08779702	0.01119454	0.01821872	-0.00000386
0.91668758	-0.08351341	0.08111209	0.00952634	0.01970040	0.00406243
0.92067844	-0.08335179	0.08106794	0.00783365	0.01890120	0.00164448
0.92007620	-0.07970453	0.08414070	0.01215685	0.01085972	-0.00011848
0.91916652	-0.07821675	0.08160592	0.01331409	0.00914656	-0.00015393
0.92140636	-0.07556680	0.08075310	0.01418564	0.02217865	-0.00883013
0.91803628	-0.07298315	0.08597591	0.00375296	0.01779723	-0.00528470
0.91755224	-0.07734354	0.08552325	0.00538400	0.01587289	-0.00686974
0.91742696	-0.07516267	0.08898725	0.00432233	0.01906805	-0.00508850
0.91928748	-0.07563180	0.09165493	0.00842381	0.01539988	-0.00150629
0.91617800	-0.07384035	0.08315265	0.00497298	0.02085230	-0.00577139
0.91394107	-0.08190308	0.08592764	0.00025010	0.01636298	-0.00615887
0.91757298	-0.08310122	0.07925667	0.00343491	0.02529221	-0.00229952
0.92304191	-0.07935389	0.08232276	0.00167004	0.01310228	0.00135362
0.92012792	-0.08077280	0.08346574	-0.00091622	0.01423369	-0.00770850
0.91713776	-0.07961061	0.08605415	0.00396587	-0.00179147	-0.00773873
0.92329399	-0.07890249	0.09340139	-0.00170839	0.00049346	-0.00819609
0.92272483	-0.07474678	0.09054293	0.00240100	-0.00628948	-0.00689367
0.92265171	-0.07486327	0.08823309	0.00234435	-0.01068688	-0.00816121
0.92134384	-0.08085462	0.08899717	-0.00289455	-0.00407960	-0.00526898
0.92176612	-0.07461869	0.08733653	0.00547029	-0.00306468	-0.00742304
0.91911838	-0.08172764	0.08539571	-0.00960591	-0.00236453	-0.00998688
0.92069540	-0.08073292	0.08974810	-0.01052149	-0.00494226	-0.00394770
0.91933321	-0.07533656	0.09297277	-0.01243978	-0.00110575	-0.00348183
0.91852140	-0.07641677	0.09022027	-0.00404244	-0.00238935	-0.00427281
0.92247689	-0.08400444	0.09458885	-0.01325895	-0.00538546	-0.00132112
0.92270412	-0.08323972	0.09576291	-0.01158291	-0.00102242	-0.00226296
0.92134148	-0.08135315	0.09722928	-0.00555734	0.00066061	-0.00817117
0.91865061	-0.07624987	0.09325636	-0.00924098	0.00728340	-0.01234276
0.92127161	-0.08033419	0.09676284	-0.00713429	0.00102949	-0.01142723
0.91795019	-0.07972457	0.09266305	-0.00772247	0.00149281	-0.01275034
0.91548252	-0.08012419	0.09115516	-0.00351782	-0.00277426	-0.00563596
0.91301452	-0.07789263	0.09438710	-0.01099238	-0.01641204	-0.00817988
0.91674571	-0.08130291	0.09787609	0.00010892	-0.01385291	-0.00718916
0.92084406	-0.08487880	0.09523181	0.00322975	-0.01231751	-0.00769422
0.92134858	-0.07511996	0.09317942	-0.00118082	-0.00391133	-0.00760500
0.91949984	-0.07438915	0.08537748	0.00260480	-0.01120523	-0.00777910
0.92209712	-0.07036521	0.09126247	-0.00420826	-0.00808644	-0.00399694
0.92034833	-0.06956627	0.09208295	0.00211471	0.00088442	-0.00614159
0.91914513	-0.07432948	0.08262734	-0.00455389	0.00354373	-0.00398176
0.91890205	-0.07947547	0.08762489	-0.00205290	0.00066277	-0.00047383
0.91888365	-0.07919027	0.09149307	0.00900286	-0.00674050	-0.00263905
0.91562725	-0.07957734	0.09293670	0.01443881	-0.01327073	-0.00537026
0.91939539	-0.08361975	0.08150036	0.01176512	-0.00867899	0.00098019
0.92209454	-0.07270446	0.08617041	0.00706660	0.00005031	-0.00422541
0.91809222	-0.07479888	0.08497804	0.00806460	-0.01092880	0.00223831
0.92108942	-0.07459021	0.09100873	-0.00029542	-0.01890377	-0.00759218
0.91886897	-0.07323911	0.08365723	0.00259750	-0.00986910	-0.00023463
0.91823490	-0.07519700	0.08586183	0.00677244	-0.00226232	-0.00536807
0.91695887	-0.07266874	0.08903666	0.00696022	-0.00392137	-0.00419430
0.92028346	-0.06908578	0.08925893	0.01106212	-0.00187345	-0.01235004
0.92144319	-0.06664681	0.08633538	0.00821690	-0.00615875	-0.00627947
0.92161685	-0.06837943	0.09628972	0.00302485	-0.00834201	-0.00254804
0.92175322	-0.06850780	0.08306385	0.00155133	-0.00620850	-0.00064158
0.92273140	-0.07675012	0.08923757	-0.00214236	-0.00364061	-0.00917378
0.92425734	-0.07697943	0.08037001	-0.00283035	0.00201759	-0.00438562
0.92198705	-0.07503776	0.08219224	-0.00006768	-0.00291043	-0.00205292
0.92289078	-0.06892642	0.08891885	0.00427533	0.00226358	-0.00420039
0.91898399	-0.06756994	0.08590357	-0.00168433	0.00468266	-0.00258787
0.91778926	-0.06992437	0.08774310	-0.01038281	-0.00601895	0.00238345
0.91701876	-0.07027299	0.08155021	-0.00845323	-0.02000328	0.00695975
0.91742827	-0.07081119	0.08737402	-0.00842416	-0.01144669	0.00717575
0.91959459	-0.07389449	0.08282524	-0.00120830	-0.00609952	0.00696863
0.92058255	-0.07224626	0.08615581	0.00429407	-0.01182265	0.01522382
0.92028637	-0.07536958	0.08504495	0.00075037	-0.01048855	0.01115672
0.92069030	-0.07126927	0.08247131	-0.00092415	-0.00642214	0.01128570
0.91878565	-0.07115935	0.08007540	-0.01105642	0.00545123	0.00518031
0.91761311	-0.08135342	0.08503322	-0.00370818	0.02368008	0.00337008
0.92065527	-0.07504109	0.08620199	-0.00875261	0.02162350	0.01247649
0.92049701	-0.07977345	0.08695189	-0.00875507	0.00272423	0.00983228
0.92167283	-0.07543616	0.07908166	-0.00551390	0.02298149	0.00581999
0.91924427	-0.07600772	0.08248605	-0.00994813	0.02030552	0.00521796
0.91864166	-0.07745004	0.08310039	-0.00858319	0.01780088	0.00810004
0.92034929	-0.07462995	0.08696412	-0.00479250	0.01255099	0.00928942
0.91631096	-0.07494304	0.10211385	0.00427372	0.00977481	0.01120773
0.91957511	-0.07226701	0.09133045	0.01087726	0.01160209	0.01274988
0.91916611	-0.07158249	0.09183403	-0.00148474	0.00887409	0.00942433
0.91832168	-0.07215642	0.08961044	-0.00121856	0.01162074	0.01055810
0.91843732	-0.07780307	0.09521071	0.00290897	0.01835645	0.00875294
0.91808532	-0.07172578	0.08810986	-0.00586548	0.01550329	0.00924027
0.92055656	-0.07843608	0.09364976	-0.01247759	0.00794619	0.01243413
0.91789902	-0.07370652	0.09168483	-0.01013581	0.01629972	0.01374928
0.91740800	-0.07454004	0.08442478	-0.01176255	0.02016938	0.01698051
0.91889153	-0.07630456	0.08513369	-0.01640031	0.00258627	0.01532801
0.91882966	-0.07266746	0.08073070	-0.00782913	0.00689850	0.01101409
0.91934472	-0.08019238	0.08038891	-0.01243900	0.00191900	0.00985711
0.91927412	-0.07920983	0.08557634	-0.00851024	0.00986769	0.00100419
0.92026548	-0.08311698	0.08630540	-0.01456324	0.00798982	0.00890145
0.91822253	-0.07784184	0.08431729	-0.01457517	0.01383574	0.01227781
0.91916817	-0.07813800	0.08542421	-0.01416968	0.01889210	0.00248412
0.92042162	-0.07931213	0.08852909	-0.01292491	0.00006028	0.00126384
0.92428262	-0.07947774	0.08174526	-0.01408158	0.00406924	0.00804223
0.92089632	-0.07874185	0.09227966	-0.00817310	0.00604155	-0.00149602
0.92552341	-0.07459678	0.09549861	-0.00889381	0.01502966	0.00838369
0.92153324	-0.08161099	0.09422937	-0.01420533	0.01680554	0.01524616
0.92233883	-0.08135349	0.09587028	-0.00828155	0.01084312	0.01110692
