0.92151852	-0.00933478	0.06529545	0.02614813	-0.02781295	0.01156062
0.92098635	-0.00820828	0.06692799	0.02804253	-0.02459475	0.00969905
0.92150299	-0.00768980	0.06167866	0.02370863	-0.03535880	0.00993590
0.92198136	-0.01117777	0.06384682	0.02111989	-0.02117459	0.00902019
0.92178893	-0.01054898	0.05365447	0.02814804	-0.02727409	0.00918348
0.92339321	-0.00892179	0.05145496	0.02586246	-0.02639354	0.01027595
0.92251360	-0.00938987	0.05265186	0.02934046	-0.01901801	0.01062282
0.92226214	-0.00985161	0.05183497	0.02296665	-0.02352929	0.00691549
0.92183523	-0.00601771	0.05255887	0.02229591	-0.02633998	0.00652799
0.92294135	-0.01055414	0.04621817	0.02538384	-0.01572863	0.00497769
0.92250025	-0.00953989	0.04599907	0.01826061	-0.00031555	0.00066366
0.92169231	-0.00752983	0.05356306	0.01496132	-0.00990216	0.00997676
0.92212994	-0.00781578	0.05997954	0.02238730	-0.01502122	0.01076561
0.92382788	-0.01014099	0.06096960	0.02062899	-0.01416935	0.00658876
0.92596210	-0.00851884	0.05764320	0.01784112	-0.00918727	0.00503796
0.92382584	-0.00553228	0.04801838	0.01198395	-0.00947520	0.00211306
0.91995303	-0.00941805	0.05071287	0.01148644	0.00333103	0.00647791
0.92046707	-0.00757880	0.05462787	0.01395384	0.00478733	0.01040387
0.92285695	-0.00881394	0.05111289	0.01669164	-0.00703666	0.00780933
0.92342724	-0.01091021	0.04267855	0.01617196	-0.00358226	0.01058777
0.92461614	-0.01082000	0.04365167	0.00975985	0.00977508	0.00454447
0.92559944	-0.00904835	0.04423152	-0.00181944	0.00627538	0.00178987
0.92155121	-0.01256435	0.05057859	-0.00105588	0.02014083	0.00686005
0.91875264	-0.01508202	0.06301369	0.00914382	0.01063356	0.01050693
0.91916368	-0.01041361	0.05127537	0.00468471	0.02431405	0.01365563
0.91606872	-0.00617175	0.05564789	0.01010087	0.02653943	0.00812208
0.91866939	-0.00753094	0.05526519	0.01395995	0.02048959	0.01152171
0.92487296	-0.00895084	0.05982121	0.00732678	0.02330872	0.00470052
0.92344546	-0.00177805	0.05032494	0.00612337	0.00943811	0.01170906
0.92070508	-0.00474474	0.04436216	0.00590584	0.01222112	0.00636018
0.92403658	-0.00695163	0.05012310	0.00807755	0.02827340	0.00476828
0.92231921	-0.00607684	0.04622247	0.00714253	0.02770634	0.00926440
0.92179192	-0.01030304	0.05869901	-0.00165371	0.03092919	0.00469086
0.92173006	-0.01102003	0.04903153	0.00575799	0.02109148	0.00561882
0.92112062	-0.01044880	0.05617536	-0.00243948	0.03794482	0.01140570
0.92394864	-0.00385800	0.06357957	-0.00309982	0.02784063	0.00355732
0.92304884	-0.00600594	0.05443903	-0.00178208	0.03673606	0.00063293
0.92618729	-0.00652647	0.05166086	0.00583191	0.03807419	0.00140174
0.92746016	-0.00513479	0.05052099	-0.00210957	0.03304952	-0.00146214
0.92213373	-0.00115511	0.05514282	0.00743574	0.02474021	0.00772819
0.92178205	-0.00683108	0.05774831	0.00366225	0.02252164	0.00292535
0.92415753	-0.00543462	0.06406922	0.00262294	0.01241671	-0.00134248
0.92651595	-0.00420229	0.05779702	0.00281590	0.01669225	-0.00673031
0.92546464	-0.00728934	0.05748305	0.00114838	0.02935174	-0.01036796
0.92425293	-0.00795545	0.05447123	-0.00157050	0.02883929	0.00395923
0.92097973	-0.00829549	0.05656584	0.00138772	0.02714893	0.00663822
0.92134205	-0.00522161	0.06508318	0.00169124	0.01460197	0.00208654
0.92294243	-0.00506984	0.06207447	0.00523358	0.01497422	-0.00664723
0.92067542	-0.00549055	0.05753340	0.00274116	0.00961678	-0.01035837
0.92074516	-0.00609523	0.05086495	0.00345199	0.01304228	-0.00397914
0.91887211	-0.00235467	0.05648706	-0.00235226	0.00872904	-0.00587481
0.91858837	-0.00600425	0.05490252	0.00361326	0.01741615	0.00560511
0.92246039	-0.00586721	0.05997371	0.00808557	0.01174540	0.00152868
0.92320661	-0.00608987	0.06076488	0.00054954	0.01218635	-0.00056285
0.92159666	-0.00717157	0.06092871	0.00238392	0.01130468	-0.00361754
0.92076803	-0.00589727	0.06467912	-0.00171159	0.01083098	-0.00548136
0.91882646	-0.00916220	0.06014483	0.00032117	0.00814550	0.00191319
0.91943308	-0.00458548	0.05603167	0.00408944	0.00940934	-0.00206765
0.92152283	-0.00257386	0.05600977	0.00738187	0.00041265	0.00137458
0.91946168	-0.00556485	0.05476938	0.00632884	0.00645346	-0.00137805
0.92021276	-0.00531743	0.05751364	0.00084918	0.01390491	-0.00807642
0.91829965	-0.00417523	0.05693785	0.00405036	0.01241649	-0.00336862
0.92078558	-0.00811007	0.06415535	0.00472524	0.00694136	0.00319004
0.92161032	-0.00579303	0.07296231	-0.00065507	0.00400869	0.00010660
0.91941595	-0.00697427	0.06583598	-0.00107320	0.00969202	0.00021486
0.92052857	-0.00869376	0.05830595	-0.00008868	-0.00029656	-0.00221382
0.92013572	-0.00842729	0.05961607	0.00335962	0.00402934	-0.00309212
0.92091645	-0.00472450	0.06433528	0.00342191	0.00303007	-0.00443754
0.92284383	-0.00560836	0.06650767	0.00809234	-0.00082180	-0.00728138
0.92257857	-0.00791375	0.06238940	0.01026224	-0.00597621	-0.00211258
0.92270533	-0.00452671	0.06016039	0.00351477	0.00183859	-0.00505871
0.92516001	-0.00294056	0.06177602	0.00038136	0.00113313	-0.00445225
0.92110839	-0.00456476	0.06468425	0.00101760	0.00621768	0.00009148
0.91928553	-0.00306192	0.06942239	0.00475583	0.00583583	0.00567668
0.92096696	0.00022885	0.06853696	-0.00182941	-0.00457143	-0.00029038
0.92386642	-0.00501626	0.07193502	0.00391087	0.00878221	-0.00324117
0.92448240	-0.00175384	0.06590605	0.00406809	0.00319371	-0.00368712
0.92194046	-0.00452744	0.06749766	0.00410447	0.00801522	-0.00112445
0.91949875	-0.00268504	0.06121932	0.00503816	0.01123815	0.00404044
0.92222534	-0.00174456	0.06652341	0.00371910	0.00205555	0.00351401
0.92189425	-0.00009353	0.06571037	0.01049091	0.00461417	0.00112039
0.92009224	-0.00479800	0.07149595	0.00553267	0.00463147	0.00118713
0.92591567	-0.00249201	0.07036953	0.00671826	0.01262875	0.00673986
0.92212153	-0.00334808	0.06451775	0.00157130	0.00490830	0.00241600
0.92245571	-0.00371184	0.06620688	0.00661935	0.00515887	0.00872375
0.92736162	-0.00510871	0.06684028	-0.00144747	-0.00403533	0.00609377
0.92502986	-0.00746771	0.06800963	-0.00040845	-0.00935504	0.00468756
0.92180304	-0.00578567	0.06899688	0.00114483	0.00665371	0.00456041
0.92283335	-0.00225303	0.07141957	0.00294226	0.01161171	0.00363754
0.92182636	0.00131116	0.07416861	0.00844339	-0.00062395	0.00669784
0.91940464	-0.00224142	0.06769856	0.00829914	0.00195979	0.00573015
0.91896030	-0.00393543	0.06427166	0.01223096	0.00828761	0.00208058
0.92273917	-0.00462424	0.07039477	0.00945478	0.00589191	0.00716253
0.91928981	-0.00301065	0.07124140	0.00489733	-0.00106874	0.00450678
0.91957281	-0.00180749	0.06902849	0.00092575	0.01085542	0.00379017
0.91793863	0.00061975	0.07212066	0.00656568	-0.00844473	0.00256114
0.92224538	-0.00455537	0.07473887	0.00652501	-0.00726558	-0.00149380
0.92718828	-0.00853686	0.06643673	0.00231098	-0.00262507	0.00583633
0.92127629	-0.00274922	0.06071152	-0.00563131	0.01584168	0.00050106
0.91743320	-0.00153439	0.05748562	0.00220408	0.02660796	0.00552109
0.91626944	-0.00184432	0.06114333	0.00275024	0.00842586	0.00595152
0.91838744	-0.00237481	0.06228713	0.00241910	0.00093157	0.00464493
0.92164965	0.00118237	0.06195845	0.00672425	0.00262338	0.00821046
0.92406928	-0.00048118	0.05884932	0.00718015	-0.00552788	0.01436800
0.92290304	-0.00252079	0.06667193	0.01165146	0.00626717	0.01700345
0.92241628	-0.00450810	0.06782851	0.01492812	0.00123558	0.01116114
0.92174425	-0.00454781	0.06489618	0.01162622	-0.00681388	0.00525260
0.91735789	-0.00589550	0.06255746	0.01584519	-0.01915328	0.00734495
0.91948355	-0.00998966	0.06242494	0.01108621	-0.02536376	0.00945202
0.91883240	-0.00724884	0.05785739	0.01024429	-0.01448986	0.00928479
0.92226749	-0.00400183	0.06405281	0.01293812	-0.01759700	0.01200586
0.92210391	-0.00406331	0.06126166	0.01237124	-0.01399673	0.00744906
0.92369480	-0.00870487	0.05790141	0.01610320	-0.01861034	0.01188868
0.92534689	-0.00667210	0.05262198	0.00785032	-0.01128188	0.00979001
0.92441025	-0.00860512	0.05853854	0.00563160	-0.01505100	0.00961515
0.92024730	-0.00969347	0.05255274	0.00478704	-0.01277186	0.01349574
0.91791844	-0.00683655	0.05901555	0.00276683	-0.01953451	0.01335339
0.91904821	-0.00314220	0.06848650	0.00458941	-0.03509949	0.01012430
0.91930277	-0.00498986	0.06142729	0.00753482	-0.01069605	0.01269228
0.92271192	-0.00817598	0.05634438	0.01077982	-0.00596683	0.01329117
0.92421392	-0.01124882	0.05956679	0.00744832	-0.01823375	0.01311690
0.92494088	-0.00412656	0.04718265	0.01166068	-0.01403769	0.01077197
0.92263061	-0.00111907	0.05469814	0.01365349	-0.00559672	0.00685455
0.92328679	-0.00149136	0.05484800	0.01147987	-0.02292527	-0.00100389
0.92010299	-0.00601918	0.05586517	0.01547633	-0.02136853	0.00423144
0.92414118	-0.01416355	0.05040090	0.00578534	-0.02938747	0.00599073
0.92377576	-0.00729938	0.05659202	0.00594164	-0.00935143	0.01015934
0.92077873	-0.00840482	0.05227928	0.01259884	-0.01163950	0.01054615
