0.91996557	0.05163026	0.07033354	-0.24631251	0.20225177	-0.33820036
0.91879534	0.04248002	0.06845106	-0.24250958	0.21259348	-0.31298648
0.91777171	0.04024479	0.06393263	-0.22462748	0.20564376	-0.34892609
0.91997709	0.03927927	0.06965133	-0.26297533	0.22362331	-0.36625427
0.92022132	0.03608609	0.06156605	-0.23406672	0.26870253	-0.37334893
0.91986273	0.03206906	0.06203877	-0.19219497	0.25712743	-0.37967827
0.91546609	0.04296794	0.05430647	-0.15828869	0.22359836	-0.35779624
0.91116772	0.04759895	0.05729941	-0.18809590	0.23839165	-0.32859696
0.90769926	0.03888516	0.05516831	-0.21625441	0.29881627	-0.37502710
0.91581848	0.03263249	0.05390974	-0.20713087	0.30180997	-0.40934311
0.92080276	0.04031526	0.06914151	-0.20875369	0.26075082	-0.37200063
0.92349145	0.05311575	0.07505017	-0.21823096	0.28697611	-0.32042357
0.92397861	0.05423719	0.07483800	-0.20681946	0.29209490	-0.33682369
0.91947165	0.06016140	0.08224156	-0.21308213	0.27109859	-0.34488320
0.91413581	0.05168083	0.07605830	-0.25467930	0.25534069	-0.34622823
0.91363375	0.04222983	0.07551886	-0.23804767	0.22756738	-0.39152496
0.91206241	0.04282927	0.06771480	-0.25833688	0.21214426	-0.39210468
0.91257710	0.04784674	0.06631451	-0.21260587	0.21286398	-0.31508656
0.91452861	0.04795150	0.07068268	-0.23511512	0.24436115	-0.40268945
0.91199615	0.05117706	0.06471813	-0.19611890	0.23288935	-0.36597122
0.91138337	0.05010443	0.07008588	-0.22020193	0.25207470	-0.36637457
0.91792822	0.04531855	0.06732165	-0.21532171	0.25262312	-0.35798411
0.92046739	0.04305125	0.06814373	-0.21297059	0.24376835	-0.35406981
0.92008506	0.04385726	0.08032301	-0.21709192	0.23174615	-0.34669888
0.91616801	0.04130071	0.08057389	-0.22887169	0.22683010	-0.34299756
0.91681590	0.05259206	0.07300552	-0.21210895	0.22473647	-0.38358155
0.91828335	0.05088120	0.07188559	-0.22400911	0.22847727	-0.36828347
0.92034736	0.05781103	0.07151609	-0.22745131	0.20687008	-0.37938768
0.91978185	0.05397445	0.07346557	-0.22093598	0.23470422	-0.35956962
0.91896103	0.05178697	0.07027353	-0.24799343	0.22787518	-0.29794324
0.91755530	0.05275374	0.06831282	-0.24181870	0.22464299	-0.34760633
0.92125206	0.04955256	0.07062097	-0.19331380	0.23767444	-0.30428182
0.91934381	0.04067820	0.07761085	-0.22355612	0.21915725	-0.40456554
0.91422440	0.05101394	0.07396549	-0.21526581	0.21419445	-0.34427355
0.91570215	0.05958102	0.07700861	-0.20159823	0.22862833	-0.34761932
0.91473215	0.05688362	0.06803320	-0.21048015	0.21099423	-0.35031390
0.91583256	0.05635071	0.06617198	-0.21919183	0.22001897	-0.34354658
0.91896180	0.06262255	0.06046746	-0.20020087	0.20484977	-0.34952625
0.91585547	0.05362529	0.06359211	-0.20684788	0.23053636	-0.30960609
0.91515246	0.05253875	0.07650589	-0.23659014	0.26484637	-0.25820144
0.91462504	0.05064658	0.07549360	-0.22613592	0.23250803	-0.32010996
0.91416989	0.06217057	0.07864515	-0.20193579	0.20691396	-0.35788972
0.91429104	0.06123326	0.08294638	-0.22840621	0.21477373	-0.28252654
0.91404659	0.05864450	0.08335332	-0.17823408	0.16339894	-0.28516792
0.91713853	0.05962725	0.08289604	-0.16606547	0.22772132	-0.24220172
0.91621282	0.05692573	0.07774895	-0.19351969	0.18507089	-0.23056820
0.91607791	0.05602984	0.07470719	-0.20714655	0.19451633	-0.30245470
0.91591440	0.06123438	0.07314227	-0.17632564	0.19810778	-0.29780307
0.91973143	0.06129109	0.07150538	-0.20747733	0.19938776	-0.34760977
0.92024895	0.05637904	0.07737118	-0.16643308	0.19999982	-0.27828873
0.91436255	0.05675628	0.08174139	-0.17612336	0.17882603	-0.24957814
0.91280564	0.06167499	0.08957355	-0.14904408	0.18482206	-0.30721755
0.91525334	0.05955904	0.08276667	-0.17660275	0.16482625	-0.30919559
0.91556331	0.06503421	0.07885771	-0.18724435	0.21561847	-0.29174781
0.91574443	0.06741115	0.06721257	-0.17640733	0.17101248	-0.27343372
0.91203981	0.05904189	0.08336199	-0.19349198	0.21763393	-0.32710101
0.91660902	0.05550630	0.07606154	-0.18336628	0.17204936	-0.25937033
0.91599544	0.06187092	0.08029412	-0.18358439	0.17341862	-0.27620507
0.91541273	0.06240419	0.07747921	-0.18772445	0.18976670	-0.24990618
0.91740796	0.05435394	0.07298816	-0.17507252	0.17560537	-0.26947903
0.91530354	0.05400371	0.07292844	-0.17364125	0.17128866	-0.28395959
0.91763455	0.05514789	0.07107110	-0.14229134	0.19433263	-0.24912929
0.91883820	0.05440171	0.07946499	-0.14089096	0.19436201	-0.21424464
0.91778987	0.05762897	0.07831980	-0.14818341	0.15154502	-0.25254618
0.91462555	0.05720771	0.07876426	-0.17395751	0.20073124	-0.22513072
0.91293287	0.06272917	0.07392130	-0.16632866	0.14914702	-0.19726094
0.91456690	0.06003234	0.07993641	-0.12622489	0.14473711	-0.27200946
0.91380218	0.05890491	0.07855099	-0.14481655	0.13148303	-0.26759607
0.91776099	0.05444267	0.07313028	-0.15881168	0.14114128	-0.25536592
0.91578280	0.06512775	0.08130702	-0.16491392	0.17450672	-0.18706135
0.91618424	0.06086678	0.07937293	-0.16337324	0.16645727	-0.22703364
0.91247597	0.06019974	0.07594423	-0.16032494	0.14477664	-0.22139348
0.91440124	0.06680214	0.07420588	-0.14376514	0.14944696	-0.23619848
0.91458582	0.06512783	0.07718407	-0.11476874	0.13597857	-0.21433044
0.91189379	0.05869739	0.07741056	-0.13979783	0.12782739	-0.20078653
0.91517800	0.06296907	0.07308894	-0.15282564	0.10700916	-0.18112243
0.91650605	0.06002000	0.07982581	-0.13561184	0.12143882	-0.19737923
0.91791394	0.05845966	0.08146639	-0.10616215	0.15741562	-0.22801653
0.91608464	0.06025512	0.07889019	-0.14626594	0.12082813	-0.19396877
0.91453760	0.05858732	0.07151161	-0.14497496	0.12155328	-0.19172379
0.91499730	0.05683143	0.07046266	-0.13313629	0.15249489	-0.20534922
0.91284618	0.05949669	0.06712289	-0.12702433	0.12443853	-0.23530844
0.91642506	0.05871245	0.07377780	-0.16244502	0.13255471	-0.11759211
0.91374252	0.06048360	0.07310428	-0.11527919	0.09878981	-0.17646668
0.91240692	0.06249208	0.07289623	-0.16628858	0.11790193	-0.17006693
0.91968248	0.06184457	0.07312284	-0.14515558	0.10956421	-0.21141540
0.91846754	0.05996532	0.07367559	-0.13640761	0.15412794	-0.20838438
0.91762121	0.05792227	0.06046317	-0.13872506	0.06837653	-0.19018466
0.91611013	0.05688072	0.06547835	-0.13353343	0.13970710	-0.25444533
0.91693210	0.04811095	0.06915560	-0.09557459	0.11558679	-0.15188520
0.91411490	0.05929517	0.06484176	-0.14575186	0.11481829	-0.18073287
0.91408801	0.06064434	0.06992739	-0.09671841	0.11796785	-0.15243022
0.91532125	0.06006268	0.06816775	-0.13058394	0.10637564	-0.22141079
0.91318623	0.05711293	0.07079883	-0.10356635	0.09594068	-0.13612064
0.91847689	0.06926656	0.07125984	-0.13535353	0.13540523	-0.20312418
0.91969399	0.07091149	0.06515695	-0.11149243	0.05192649	-0.16606664
0.91915801	0.06794193	0.07165056	-0.13208790	0.09133911	-0.15268662
0.92135142	0.06015390	0.07162624	-0.14399612	0.11865473	-0.16151667
0.92118410	0.06013000	0.06726081	-0.10904039	0.08718120	-0.19502906
0.91415414	0.05898622	0.06609064	-0.11227436	0.11963183	-0.16700517
0.91324259	0.05631200	0.06650495	-0.07637277	0.12645224	-0.12655107
0.91521555	0.05683462	0.07061909	-0.13136506	0.08946522	-0.08574234
0.91569722	0.05771738	0.06885125	-0.09700627	0.09871984	-0.20916675
0.91785465	0.06250714	0.07486164	-0.09560208	0.10603659	-0.13187896
0.92303005	0.06032477	0.07453479	-0.10392659	0.11722214	-0.15417411
0.91784324	0.05235267	0.06930128	-0.13270877	0.11671470	-0.19412889
0.91841976	0.05745067	0.06481201	-0.10201755	0.11423318	-0.18434882
0.91840268	0.06590216	0.06649464	-0.10213078	0.12769097	-0.13261333
0.91454981	0.05916499	0.05962162	-0.09450732	0.10855133	-0.17977588
0.91774527	0.05444496	0.06359105	-0.10053161	0.08805814	-0.14980904
0.91318120	0.05722276	0.06476064	-0.10042193	0.11038474	-0.15861979
0.91854326	0.06876434	0.06637593	-0.09923817	0.11162092	-0.17093893
0.92086903	0.06007863	0.07096922	-0.07829991	0.13319372	-0.07720412
0.91831478	0.06788009	0.07413701	-0.08320944	0.09008790	-0.14148301
0.91481147	0.06204637	0.07474430	-0.10243411	0.08451692	-0.08286147
0.91580155	0.06008234	0.07242791	-0.10309116	0.10458315	-0.10930158
0.91552624	0.05158093	0.06720818	-0.11688790	0.12086800	-0.13175446
0.91731138	0.05771372	0.06985705	-0.10529421	0.12507225	-0.11998098
0.91781687	0.05765112	0.07066743	-0.06984286	0.11110876	-0.11307122
0.91807564	0.06545626	0.06382713	-0.08739193	0.10823647	-0.09708497
0.91965834	0.05873348	0.06951563	-0.09043645	0.11438287	-0.12206089
0.91861687	0.05688303	0.07041335	-0.08841445	0.07155162	-0.11494875
0.91702430	0.05642208	0.07154899	-0.08415193	0.07798118	-0.12118211
0.91685575	0.05954014	0.07334543	-0.07726225	0.08033672	-0.10799034
0.91649976	0.05607693	0.07286319	-0.08944276	0.08130447	-0.14069645
0.91758481	0.05706670	0.06749504	-0.09465960	0.08723030	-0.15956336
0.91446062	0.05820295	0.07248642	-0.07219876	0.09432085	-0.09816473
0.91587470	0.05752431	0.06747097	-0.09642411	0.06901237	-0.17193275
