0.91576324	0.05903576	0.07982510	-0.15982545	0.17228849	-0.26807489
0.91159560	0.05941267	0.08045936	-0.13606559	0.16456851	-0.22903429
0.91349017	0.05480063	0.07818644	-0.13822145	0.16919993	-0.22757535
0.91636664	0.05746264	0.07265550	-0.14285709	0.18070355	-0.22162567
0.91639739	0.05766709	0.07777854	-0.15487143	0.15760621	-0.20833888
0.91595756	0.06240285	0.08098118	-0.15877744	0.16207391	-0.25624402
0.91432843	0.05880920	0.07906825	-0.16187615	0.17011539	-0.22408021
0.91489396	0.06261181	0.07790147	-0.15415664	0.15032434	-0.26779265
0.91337565	0.06259948	0.07340873	-0.12334677	0.15897619	-0.21110238
0.91185399	0.06088539	0.07011130	-0.15016801	0.14879775	-0.21413680
0.91413843	0.06364803	0.07364103	-0.15813337	0.09152492	-0.20551955
0.91553199	0.06203764	0.07405484	-0.15545348	0.11522645	-0.17746810
0.91460728	0.06026913	0.07725598	-0.15702490	0.11150400	-0.18375715
0.91863285	0.05936928	0.07667049	-0.16726536	0.11063229	-0.22600863
0.91524776	0.05656078	0.07558370	-0.17131493	0.15688241	-0.21730995
0.91247791	0.05493729	0.07849010	-0.16254997	0.12065698	-0.17912179
0.91350132	0.05896032	0.06960566	-0.15771196	0.10131209	-0.20808537
0.91529225	0.06074508	0.06233187	-0.14379348	0.12004238	-0.18516777
0.91567250	0.05611852	0.07237554	-0.14676409	0.13359744	-0.19887920
0.91520651	0.05713323	0.07261366	-0.13847145	0.12433782	-0.17492871
0.91361381	0.05939701	0.07206678	-0.13534394	0.08279966	-0.15541036
0.91651413	0.05943800	0.07184135	-0.11296722	0.12832312	-0.19228562
0.91991430	0.05773977	0.07150725	-0.10833410	0.11202670	-0.12523265
0.91938932	0.05646896	0.06671428	-0.11867394	0.13379948	-0.16560795
0.91674286	0.05802453	0.06992930	-0.13508647	0.09808525	-0.18720197
0.91693816	0.05432447	0.06145439	-0.14706891	0.09692200	-0.13775258
0.91600842	0.05668313	0.06796680	-0.11251535	0.10840443	-0.18945193
0.91571925	0.06022218	0.07167211	-0.12697738	0.11714362	-0.16527098
0.91441090	0.06150686	0.07564784	-0.11456341	0.11643599	-0.18707604
0.91538121	0.05964852	0.07632593	-0.13879767	0.10035674	-0.17808714
0.91820901	0.06345928	0.06831320	-0.09486421	0.08838830	-0.16946188
0.91992791	0.06552152	0.07083087	-0.09180681	0.11327125	-0.14794631
0.91904192	0.05907123	0.06627384	-0.09480700	0.07996447	-0.16740645
0.91949774	0.05548706	0.07361391	-0.12229217	0.11351595	-0.15518808
0.91845041	0.06111701	0.07210109	-0.11889038	0.10406475	-0.14336252
0.91402712	0.06000496	0.06723789	-0.11958657	0.08327287	-0.13663653
0.91375610	0.05557714	0.07398126	-0.10728402	0.12198749	-0.15709454
0.91455914	0.05814895	0.06962923	-0.10874657	0.09797965	-0.14901317
0.91366147	0.06219058	0.07074275	-0.11214295	0.13209994	-0.18335354
0.91642406	0.06592109	0.07312395	-0.12505299	0.13642846	-0.13642344
0.92008541	0.06264761	0.07138761	-0.11055113	0.09833699	-0.19250491
0.91853472	0.05704061	0.06588214	-0.11850397	0.09928358	-0.15612082
0.91856114	0.06031963	0.06556555	-0.11047535	0.09327263	-0.18767565
0.91823294	0.06027277	0.06633087	-0.09816701	0.10817112	-0.13754736
0.91760528	0.05559796	0.06333346	-0.10689049	0.11814848	-0.10553755
0.91675003	0.05603389	0.06547155	-0.09030130	0.06919698	-0.11715997
0.91737367	0.05760180	0.06530773	-0.10960822	0.09215602	-0.18138802
0.91835907	0.06517981	0.06938625	-0.09663773	0.10109121	-0.12919650
0.91732778	0.06387163	0.07008767	-0.07513808	0.09281684	-0.15873396
0.91695805	0.06156029	0.06863808	-0.09811497	0.08737769	-0.12492846
0.91564005	0.06414187	0.07261810	-0.09264878	0.12214996	-0.13321801
0.91588517	0.05993857	0.07585747	-0.11057688	0.10360661	-0.13584569
0.91370248	0.05842002	0.07141031	-0.11155601	0.12956733	-0.15702609
0.91735099	0.05795152	0.06934846	-0.08992789	0.10579078	-0.12781821
0.91700628	0.05895025	0.06163626	-0.09925189	0.11400120	-0.11968146
0.91815273	0.05864948	0.06667891	-0.09798045	0.10326754	-0.07732710
0.91839483	0.05907781	0.06970816	-0.10737260	0.08131175	-0.12040195
0.91743582	0.06083938	0.07055581	-0.10721301	0.11491415	-0.12882729
0.91529633	0.06063524	0.07195766	-0.09156014	0.11624345	-0.14638925
0.91539249	0.05901645	0.06855678	-0.08696117	0.08999045	-0.13462828
0.91560911	0.05397532	0.07178677	-0.10135471	0.09081133	-0.16867075
0.91638722	0.05501193	0.07187447	-0.08809901	0.10385684	-0.14718123
0.91430283	0.05490884	0.07324014	-0.09711825	0.09600712	-0.06626606
0.91452070	0.05512822	0.06696286	-0.09733598	0.08975027	-0.14879856
0.91519000	0.05978570	0.07026074	-0.08229412	0.06534409	-0.09478879
0.91660241	0.06109257	0.06751208	-0.09946465	0.08800686	-0.11409357
0.91625206	0.05750130	0.06982480	-0.08373555	0.06863111	-0.18712694
0.91835285	0.05632435	0.07428657	-0.08154573	0.07242983	-0.11172243
0.91989181	0.05656211	0.06773856	-0.11095516	0.08291665	-0.09021822
0.91806519	0.05738580	0.06973102	-0.08690886	0.09781097	-0.07550494
0.91823880	0.06022637	0.07199646	-0.05771530	0.08549130	-0.10520218
0.91867770	0.06213776	0.07399515	-0.05447007	0.09052713	-0.11772783
0.91805625	0.06005211	0.07433900	-0.06055662	0.05675823	-0.11883482
0.91475821	0.05203144	0.06932242	-0.08396411	0.06497505	-0.11204023
0.91529903	0.04891387	0.06893479	-0.07569970	0.06402595	-0.07919757
0.91464115	0.05584287	0.07046105	-0.07784181	0.07632518	-0.09870900
0.91663855	0.06102169	0.06810309	-0.07411151	0.05035055	-0.10423440
0.91959666	0.06226647	0.06445646	-0.05982566	0.05453395	-0.05426217
0.91829857	0.05771771	0.07288211	-0.07278406	0.07016492	-0.07340583
0.91492993	0.06623429	0.07944335	-0.08969644	0.06683879	-0.07502017
0.91511952	0.06450970	0.07641660	-0.09603015	0.09050396	-0.06047098
0.91541933	0.06451701	0.07208849	-0.05047874	0.10013805	-0.06492320
0.91280639	0.06348196	0.07295622	-0.05201565	0.06780427	-0.05749607
0.91024920	0.06268981	0.07110603	-0.04729787	0.08100079	-0.04307261
0.91356018	0.05801235	0.07326547	-0.05060425	0.06941461	-0.08542012
0.91906637	0.06072336	0.07365614	-0.06660996	0.07305668	-0.07244229
0.91865746	0.05490207	0.07101547	-0.05464334	0.07236963	-0.10923218
0.91855562	0.05990200	0.08019565	-0.06509554	0.07894018	-0.07442897
0.91581021	0.06374020	0.08429502	-0.04642015	0.04965361	-0.09162479
0.91580782	0.06790573	0.08261047	-0.04341992	0.06322430	-0.08837886
0.91452166	0.06375530	0.07598088	-0.04748506	0.05028803	-0.05878736
0.91222012	0.06414252	0.07372264	-0.05231816	0.05613188	-0.04865393
0.91276706	0.06162989	0.07091739	-0.05511523	0.05804841	-0.06779805
0.91440854	0.06550065	0.06974854	-0.04266676	0.00862680	-0.06461235
0.91454117	0.06604998	0.07710813	-0.06393035	0.05387348	-0.07951492
0.91812534	0.06595742	0.07601940	-0.02868503	0.06079296	-0.06110991
0.91728380	0.06392895	0.07840975	-0.03846064	0.03292595	-0.09990627
0.91632373	0.06340822	0.07969064	-0.05599955	0.06652762	-0.08906679
0.91662095	0.06212566	0.08105258	-0.03385599	0.04709451	-0.10381955
0.91466267	0.06114495	0.08501231	-0.05796987	0.03630557	-0.06369514
0.91413566	0.06494752	0.08795558	-0.04447355	0.05833009	-0.09032721
0.91466319	0.06101896	0.07789912	-0.04880552	0.05277037	-0.05415207
0.91446226	0.06242260	0.07474574	-0.04489126	0.04817346	-0.06191451
0.91607288	0.06367381	0.07953695	-0.03293397	0.05136030	-0.04808806
0.91765373	0.06252237	0.08270897	-0.05451862	0.03658911	-0.04346263
0.91629191	0.06439270	0.07104419	-0.04751197	0.05016559	-0.04343753
0.91311452	0.06458953	0.08145213	-0.03737158	0.07901722	-0.09389680
0.91614227	0.06043584	0.07949682	-0.04846773	0.03453403	-0.06614692
0.91468171	0.05913748	0.08098059	-0.01967323	0.03953391	-0.05647250
0.91420481	0.06305464	0.08417503	-0.04053200	0.04476737	-0.05846197
0.91357286	0.06617180	0.08011293	-0.03218459	0.03583626	-0.04965076
0.91714486	0.06540619	0.07485773	-0.02048913	0.03975821	-0.03486292
0.91764501	0.07100027	0.07486850	-0.04646755	0.02393972	-0.03608663
0.91950405	0.06701252	0.07965157	-0.01178547	0.05251157	-0.06307910
0.91870015	0.06312037	0.08249174	-0.02192050	0.02298502	-0.07153365
0.91656776	0.06293042	0.08127035	-0.01966436	0.05361260	-0.02453592
0.91411647	0.06481974	0.08369499	-0.05193523	0.04264905	-0.04904511
0.91311783	0.06643648	0.07933137	-0.02372789	0.01263110	-0.02539173
0.91500526	0.06097283	0.08213896	-0.04607616	0.04131924	-0.04591320
0.91552932	0.06310604	0.08311614	-0.04044611	0.03373942	-0.06576180
0.91772194	0.06231508	0.08153134	-0.05306543	0.02210602	-0.04725546
0.91684874	0.06349641	0.07891586	-0.04939837	0.01974488	-0.06751643
0.91413321	0.06574437	0.07888315	-0.00858608	0.03948919	-0.03540053
0.91499596	0.06400311	0.08177378	-0.02094030	0.02465060	-0.02007916
0.91317917	0.06724689	0.07480269	-0.02411902	0.00721703	-0.03711081
0.91377179	0.06947393	0.08440098	-0.01174647	0.03380048	0.00203272
0.91355828	0.06895524	0.08525886	-0.03257813	0.02974021	-0.00706813
0.91302276	0.06953819	0.08849501	-0.00025885	0.02354182	-0.01015010
