0.91986059	0.06595282	0.06895117	0.00984034	-0.00731318	0.01220773
0.91591006	0.06500484	0.07453827	0.00528796	-0.02394288	0.01401040
0.91795798	0.06158466	0.06811923	0.00708010	-0.02512366	0.01051064
0.92107599	0.06482507	0.07137697	0.01421732	-0.01104114	0.00659783
0.91851986	0.06315329	0.07141279	0.01318080	-0.01712478	0.01575722
0.91158840	0.06486820	0.06645796	0.00927424	-0.04322011	0.01141847
0.91113637	0.06651966	0.06808007	0.01384632	-0.02934786	0.01833939
0.90960301	0.06657242	0.06748454	0.01324674	-0.02723974	0.02241769
0.91324791	0.06808134	0.06311669	0.01388167	-0.03145900	0.01389070
0.91411738	0.06667972	0.06403681	0.01438921	-0.04138637	0.01349840
0.91397496	0.06579742	0.06043692	0.01078606	-0.03127314	0.01354803
0.91765998	0.06615575	0.06356537	0.01033802	-0.02532192	0.01894527
0.91731506	0.06146400	0.06804181	0.00837299	-0.02752240	0.02011402
0.91744950	0.06156248	0.06175516	0.01343042	-0.02684508	0.02314836
0.91502604	0.06584314	0.06840046	0.01415115	-0.00897985	0.01865350
0.91507558	0.06526205	0.06608483	0.01724377	-0.04400230	0.02535383
0.91205492	0.06559681	0.07185961	0.01050294	-0.03969510	0.01315066
0.91132079	0.06270081	0.06480823	0.01432853	-0.02514944	0.02538437
0.91298751	0.06303174	0.06759612	0.01796132	-0.00603711	0.02736757
0.91435798	0.06116635	0.06537347	0.01651922	-0.02320075	0.01648578
0.91643529	0.06190029	0.06274809	0.01317662	-0.03334907	0.01942615
0.91812522	0.06264487	0.06521989	0.00945997	0.01404033	0.02568666
0.91851257	0.06663413	0.06512306	0.01091898	0.01291869	0.01805415
0.91813816	0.06341794	0.06931692	0.00271328	0.00036080	0.01558592
0.91747147	0.06355970	0.07550642	0.00603031	0.01433216	0.01547188
0.91801871	0.06340219	0.06973087	0.00953276	0.00971479	0.01537166
0.91522226	0.06387952	0.07162419	0.00393077	0.00946470	0.01775266
0.91712577	0.06207003	0.07327844	0.00270660	0.01436838	0.01229132
0.91759354	0.06575939	0.06654241	0.00322420	0.00044305	0.01545166
0.91585569	0.06616518	0.06911736	0.00134305	-0.01535923	0.02457618
0.91126177	0.06665126	0.07259490	-0.00200581	0.00881655	0.02456432
0.91657254	0.06980254	0.07287355	-0.00590899	-0.00824975	0.02686698
0.91672698	0.06288131	0.07065588	-0.00324369	-0.00376410	0.03082377
0.92063726	0.06210027	0.06185267	-0.00352285	-0.00070054	0.03003873
0.91877622	0.06132799	0.07324340	0.00310468	-0.00241659	0.03122874
0.91599679	0.06076379	0.07023723	0.00624816	0.02030291	0.01816330
0.91573809	0.06007804	0.06684095	0.00728943	-0.00674650	0.01805509
0.91806820	0.05761648	0.06556565	0.00877030	0.01024870	0.00470234
0.91801139	0.06163673	0.06240782	0.01052875	0.01126078	0.00286406
0.91885124	0.05685169	0.06226740	0.00662606	0.02151319	-0.00920989
0.91910788	0.06155364	0.06113664	0.01216019	0.02001458	-0.00255010
0.92005622	0.06200371	0.07188912	0.00660577	0.02287762	-0.00162989
0.91860901	0.06800581	0.07387790	0.00609710	0.01092385	-0.00430074
0.91589130	0.06311515	0.06682455	-0.00077940	0.02315424	-0.00569099
0.91694809	0.06430402	0.06718867	-0.00097804	0.02237929	0.00182653
0.91648625	0.06420857	0.07158912	-0.00122473	0.03057341	-0.00326499
0.91758119	0.06565305	0.06953927	-0.00048306	0.02411498	-0.00923595
0.91819607	0.06609726	0.07353311	-0.00010012	0.02806308	-0.00317120
0.91814950	0.06747549	0.07506594	-0.00025506	0.03213065	-0.00127499
0.92043280	0.06202517	0.06931646	-0.00255174	0.04420075	-0.01508150
0.91917903	0.06408726	0.06861290	0.00422624	0.03649496	-0.00358348
0.91534017	0.07275498	0.07043803	0.00796896	0.04792618	0.00177529
0.91055728	0.06940559	0.08269621	0.00505357	0.04158527	-0.00511589
0.90749948	0.06820326	0.08259133	0.00721847	0.00144880	-0.00058631
0.91274305	0.06902284	0.08127786	0.01763579	0.01530334	0.00437863
0.91719360	0.07181903	0.08710221	0.02054238	0.01142825	0.00495954
0.91693426	0.07332703	0.09200080	0.01553603	0.01484183	0.00145257
0.91279760	0.07380531	0.09334790	0.00431269	0.01469484	0.00694709
0.91247407	0.07973706	0.09750160	0.00199575	0.01163437	0.01337220
0.90812257	0.07454398	0.09370033	0.00125782	-0.01063737	0.00935838
0.91334261	0.07604323	0.09082277	0.00390798	-0.01118048	0.01645007
0.91673748	0.07529021	0.08374404	0.00189390	-0.00332244	0.01639660
0.91674402	0.07070405	0.07996457	0.00379380	-0.02896980	0.03275133
0.91793992	0.06874213	0.08368131	0.00503994	-0.00595554	0.02699788
0.91663703	0.06984572	0.08048560	0.00637922	-0.01827809	0.01735420
0.91840638	0.06668701	0.07650012	0.00828818	-0.01646310	0.01910116
0.91924067	0.07328239	0.08410773	0.01273359	-0.01427347	0.02114833
0.91708703	0.07322408	0.08344847	0.01274058	-0.00704119	0.01845642
0.91500908	0.07173739	0.08540645	0.01114321	-0.01168569	0.03329337
0.91643540	0.07293685	0.08706203	0.00899894	-0.01900510	0.03293237
0.91382334	0.07134435	0.08768126	0.00400359	-0.02195766	0.02521031
0.90964395	0.07361097	0.08271743	0.00557223	-0.02527200	0.03152976
0.91065557	0.08022372	0.08001489	0.00669204	-0.01963570	0.03615742
0.91116736	0.07313396	0.08039804	0.01021042	-0.04388286	0.03521321
0.91185191	0.07227572	0.07919314	0.01010738	-0.03421932	0.03993929
0.91537739	0.07393194	0.07174423	0.00834417	-0.02842294	0.02448043
0.91446170	0.07485825	0.07506994	0.00527472	-0.04057436	0.02387927
0.91305690	0.06954537	0.07673740	0.00754457	-0.03082440	0.02667639
0.91280690	0.06618803	0.07492940	0.01101664	-0.00193540	0.02809895
0.91271721	0.06155077	0.07742226	0.01001227	-0.00992605	0.02050943
0.91453518	0.06715251	0.08191783	0.00496244	0.00089742	0.02115903
0.91231888	0.06824153	0.07991463	0.00849897	-0.02764884	0.01366451
0.91537650	0.06741058	0.07575835	0.00530371	-0.00784188	0.02105760
0.91951414	0.07021117	0.07201276	0.00373148	0.00976376	0.01390218
0.92166467	0.07150014	0.07692958	0.00595513	-0.01025991	0.01804470
0.92038956	0.07056652	0.08754334	0.00507071	-0.01631453	0.01793744
0.91393726	0.06892970	0.07502042	0.00871791	-0.02392070	0.02212746
0.91120611	0.07126900	0.08821829	0.00687336	-0.00589898	0.01799288
0.91354006	0.07257432	0.07951583	0.00945922	-0.02097542	0.01991744
0.91545617	0.07033768	0.08186018	0.00671801	-0.00480753	0.01323734
0.91197873	0.06972502	0.08287040	0.00855069	-0.00732963	0.01570071
0.91185918	0.06841165	0.07560326	0.00898407	-0.00654586	0.01916939
0.91448062	0.06788894	0.08183964	0.01307093	-0.00909307	0.01789119
0.91559687	0.06798018	0.08703941	0.01215846	-0.01150097	0.01871163
0.91765752	0.06666135	0.08288738	0.01015922	-0.00978402	0.01694661
0.91450889	0.07344644	0.08260364	0.00924547	-0.01441159	0.01445594
0.90877999	0.07095095	0.08751070	0.00662045	-0.00057102	0.01496842
0.90757978	0.07089773	0.07589011	0.00880224	-0.01369566	0.01658304
0.91193578	0.06595152	0.07978865	0.00692791	-0.02199767	0.02714128
0.90925970	0.06805238	0.08021919	0.00819818	-0.02029491	0.01632051
0.90862198	0.07062388	0.08673673	0.01071340	-0.01570670	0.01911677
0.91241075	0.07218542	0.07888258	0.01460325	-0.01361915	0.02684053
0.91695094	0.06919490	0.07914227	0.01258235	-0.01959461	0.02786381
0.91799205	0.06902514	0.07471516	0.01112478	-0.01160107	0.02489027
0.91568001	0.06585320	0.07555643	0.01403666	-0.02058402	0.02828643
0.91402824	0.06435583	0.08072236	0.01181202	-0.02705081	0.02079142
0.91785084	0.07087885	0.08299022	0.01041381	-0.01638446	0.01300953
0.91262653	0.06547729	0.09107896	0.01511616	-0.02707566	0.01076822
0.91180735	0.07027419	0.09178756	0.01727966	-0.03430587	0.01849038
0.91374164	0.06928272	0.08444280	0.01974041	-0.03197410	0.02196960
0.91704827	0.06980655	0.08488702	0.01026913	-0.02504885	0.01162200
0.92238562	0.06833007	0.07544738	0.01084083	-0.02045632	0.01888815
0.91730346	0.06813308	0.07629043	0.01507541	-0.01902989	0.02057920
0.91278203	0.06999618	0.07506278	0.01607171	-0.03690109	0.01550909
0.91143167	0.06894426	0.07734667	0.01590947	-0.02375094	0.01787419
0.91222982	0.07423472	0.07569987	0.00883662	-0.01559899	0.01252666
0.91314721	0.07586389	0.07104636	0.00744128	-0.00888209	0.01770864
0.91527525	0.06652199	0.07123047	0.01315127	-0.03780369	0.02136753
0.91326523	0.06664997	0.07176722	0.00302555	-0.03003599	0.02233447
0.91558610	0.06757441	0.07382569	0.00975177	-0.02035273	0.02110441
0.91654557	0.06746112	0.07604375	0.01037627	-0.02014497	0.02784079
0.91510611	0.06915377	0.07700291	0.01410885	-0.01590095	0.02120327
0.91480193	0.06622089	0.07588100	0.01349555	-0.02647835	0.02604815
0.91596930	0.06867296	0.07273095	0.01185328	-0.01294995	0.01993099
0.91521327	0.06731101	0.07781454	0.01313069	-0.03639993	0.02525407
0.91388354	0.06640214	0.07090371	0.01498576	-0.02837886	0.02077266
0.91648179	0.07322751	0.06939453	0.01761467	-0.03933842	0.01584441
0.91541691	0.06758740	0.07388988	0.01290852	-0.02641200	0.01350439
