0.63855953	-0.09800773	-0.09607097	-0.24015982	-0.79452731	0.49493754
1.02554883	-0.33805234	-0.20571038	-0.54834254	-0.26853694	0.33041207
0.78861326	-0.32666964	-0.25109891	-0.31772938	0.29068108	-0.36153829
0.75568509	-0.28267458	0.08369877	0.40855874	-0.11630784	-0.45306050
0.77830248	-0.23106935	0.02365864	0.58451313	0.12684982	-0.26100060
0.67952672	-0.17192143	-0.15998006	0.31441462	-0.37192060	-0.53726279
0.73458222	-0.08344709	-0.13596254	0.33265947	-0.88923074	-0.34349527
0.85901077	-0.18352382	0.01594884	-0.12647988	-0.26632085	-0.23632778
0.63875023	-0.03631845	-0.02263771	0.20473953	0.25764747	-0.32156983
0.72135198	-0.15414363	-0.00047066	0.26074110	0.32070393	-0.24223164
0.68222327	-0.09474221	0.01006659	0.55425400	0.82484554	-0.24668061
0.56416117	0.05165662	0.08044421	0.16324304	0.00067335	-0.25463117
0.60956857	0.11337669	0.15095455	0.01830496	-0.10426022	0.09192061
0.84317013	-0.15219510	0.07647977	0.07455848	-0.00498350	0.16619005
1.02963505	0.02866897	0.00753073	0.04908052	0.38489222	-0.27019670
1.00719089	-0.04192972	-0.07332762	0.69769386	0.57654534	0.18672289
1.11625854	-0.06627311	0.25556085	0.15125640	1.03833112	-0.07728110
1.11026451	-0.12495012	0.11637947	0.14986100	0.15907815	-0.07462207
1.09506368	0.24146092	0.20614777	-0.55464442	-0.59918799	-0.08934949
1.17839079	-0.08003271	0.15039520	-0.09564958	-0.47445169	0.14036657
1.33543199	-0.07592599	0.00251295	-0.33599877	-0.64915550	-0.32338960
1.12658967	-0.19081138	-0.35896871	-1.13624166	-1.23460254	-0.33599409
1.21351630	-0.17842834	-0.23319003	-1.22105723	-1.18903985	-0.53803314
1.26592308	-0.48664147	-0.41173729	-0.93453075	-0.58631166	-0.56299134
1.02625406	-0.65527144	-0.36947062	-0.06961692	-0.18284432	-0.61758191
0.86517653	-0.68554474	-0.07966884	0.28630057	1.16150422	0.21763200
0.86910478	-0.26822736	-0.01533163	0.70800695	0.10853573	0.03006835
0.87487625	-0.17638241	0.01296824	0.82616653	-0.59231653	-0.23972290
1.01128323	-0.03751239	-0.03891173	0.47403515	-0.52714308	0.27694804
0.83710870	0.00156583	-0.34605250	0.32986012	0.56120993	-0.02579780
0.83109881	-0.16704329	-0.26988292	0.47732103	0.47621798	0.18988958
0.62814718	-0.16070539	-0.01113238	-0.44715935	0.18933006	0.26300895
0.68406956	-0.35484884	0.06043424	-0.15430454	0.02180631	0.33554810
0.65220257	-0.01108602	0.12947811	-0.13173929	0.26814939	0.35388400
0.65178825	-0.09238854	-0.08135516	-0.17464505	0.01516950	0.10196420
0.58559589	-0.15476797	0.08839815	0.29111421	-0.44897267	0.27816624
0.65291426	-0.11203650	0.03044969	0.05682811	0.46474697	0.04847807
0.74591791	-0.13363238	-0.01495784	-0.27355843	0.81803530	-0.17253518
0.69404666	-0.14831799	0.15694922	0.13496615	0.61949682	0.05527002
0.71989198	0.00763152	0.20898781	-0.23348509	0.60804659	-0.32117463
0.84188553	-0.36439797	0.18550258	0.09542854	0.33743168	0.13002418
0.89732391	-0.02909033	0.09675996	0.33094228	0.57478247	-0.24617674
1.05480334	-0.04057652	-0.01197897	0.13419358	-0.16619560	0.03378453
1.09177677	0.05100359	0.36742813	0.33004431	0.27085621	-0.19964916
1.08461177	0.04881215	0.29445011	-0.11459830	0.83899237	0.13439963
1.09525866	0.07704704	0.17946919	-0.38433012	0.46028897	0.26907333
1.31676499	-0.02421912	0.23641381	-0.08497105	-0.27961676	0.02732075
1.25274810	-0.42906080	-0.01541367	0.25562368	-2.24781184	0.66080959
1.74692538	-0.61528140	-0.33897554	0.59440141	-0.85289441	0.70843601
1.59960121	-0.59725676	-0.34292515	0.69410034	1.74269717	0.02995634
1.11772324	-0.42670863	-0.13078637	0.27324155	1.81714312	-0.36361437
0.69434083	-0.17002662	-0.17914733	-0.54337516	0.62849579	0.04725103
0.79439326	0.03024918	0.09530840	-0.05700832	-1.58084403	0.47836699
0.72655993	0.00534339	0.02313033	-0.02114842	-1.40388597	0.23621193
0.65387730	-0.34866181	-0.45627693	-0.77987795	-0.32298445	0.02037824
0.75048749	-0.32877064	-0.36485436	-0.66319774	-0.21129132	-0.16047466
0.85781282	-0.42801412	-0.13180885	-0.56972785	-0.76087101	-0.37925654
0.74021885	-0.43117357	-0.07121563	0.07680069	0.41687484	-0.38169167
0.86677588	-0.27601166	0.05889751	0.52378709	-0.10582672	-0.13233360
0.82053456	-0.38000490	-0.15804165	0.66974156	0.35638593	-0.43316630
0.62179163	-0.05870386	-0.19895838	0.94039914	-0.81979205	-0.11979512
0.77944538	-0.02346137	0.05116820	0.94952891	0.81168846	0.04709503
0.70489816	-0.08863409	-0.00427989	0.94705761	0.66567028	-0.22042729
0.65645407	-0.07302277	0.12755655	0.54848614	-0.53768090	-0.20548680
0.74858848	-0.08073351	0.08184183	0.62312450	0.90230769	-0.14794248
0.89683626	0.13482817	0.10524138	-0.12627013	0.47251538	-0.42641274
0.62646292	0.13338776	0.09871884	0.09978466	-0.40764683	0.04294216
0.92590232	-0.07224026	0.01459051	0.35898404	0.19074162	0.18433576
1.01029947	0.05970449	0.08119017	0.54373639	0.34972595	0.12865013
1.08208299	-0.08683553	0.22782312	0.73804917	0.67424697	0.00618878
1.16414674	-0.19447161	0.18017095	0.13985789	0.80723299	0.25806714
1.11128144	0.06637901	0.39850165	0.08800840	-0.23933629	-0.14965001
1.08031514	-0.06082079	0.20830090	0.36653377	-0.63553649	0.22791045
1.00189268	0.10459086	0.22010865	0.83720913	-0.88711771	0.08512126
1.20925819	-0.22960348	-0.20042384	-0.06077717	-0.92757221	-0.35047257
1.34957062	-0.24291598	-0.50773713	-1.14888812	-1.69780588	-0.23267154
1.26355320	-0.51395582	-0.39531703	-0.69887665	-1.26429749	-0.39633209
1.22771948	-0.75872135	-0.05193984	-0.00293958	0.09773641	-0.63750602
1.01386438	-0.58647922	-0.19328449	0.32163002	0.05230628	-0.13701758
0.89185359	-0.43407871	-0.11420913	0.39965931	0.60481070	0.01351523
0.78547833	-0.16199632	-0.09137461	1.04482035	-0.11486549	0.28343285
0.98175915	-0.13136164	0.06244769	0.85706230	-0.11408822	0.07554996
0.96237143	-0.15706484	-0.28819854	0.94501589	-0.22989780	0.01336014
0.88089118	-0.00885747	-0.18929446	0.06029286	0.21543350	0.10259687
0.88597601	0.17404770	-0.30925690	-1.11503354	0.54560826	0.24557655
0.56837063	-0.11910137	-0.10467254	-0.48671936	0.47158156	0.25853134
0.50970427	-0.18584565	0.02558448	-0.70567149	-0.17533424	0.33696229
0.64920680	-0.12977980	-0.02249751	-0.09962883	0.37323879	0.38182555
0.73423380	-0.03350342	-0.08010841	-1.03412964	-0.20589773	0.24495616
0.66231534	-0.02996758	0.14357419	0.09076190	0.78541147	0.05981600
0.69469722	-0.10695599	0.00045930	-0.26208845	-0.39349947	0.00747745
0.73358385	-0.12866146	0.13291577	-0.76093204	1.28568933	-0.41410374
0.72940838	-0.08100872	0.05274257	-0.47415365	0.69484232	-0.21734893
0.75368419	-0.07407161	0.19247025	-0.48064505	0.72096869	-0.21307885
0.73453654	-0.01461278	0.18902398	0.06937835	0.64759925	0.05257070
1.02531804	-0.02138853	0.30425286	-0.25780084	-0.54939893	0.35659577
1.04483499	-0.24390764	0.25593414	-0.37250476	0.18102498	0.10618152
1.10969613	-0.09404071	0.15703208	-0.21359725	0.14140105	0.02321403
1.08834390	0.00802103	0.33485402	-0.11450627	0.48040662	0.23009469
1.15130155	-0.04374928	0.29549680	-0.41371649	-0.21839988	0.41093918
1.21809090	-0.25475681	0.11030379	-0.07537362	-1.20789536	0.73784184
1.50771322	-0.72525413	-0.11230059	0.89286418	-1.99600547	0.82806359
1.46068701	-0.58534367	-0.42267758	1.28825854	-0.14496542	0.82231635
1.31354027	-0.30308635	-0.67869018	0.52823288	1.79403200	-0.11547612
0.69095025	-0.18703187	-0.22280016	-0.62119268	1.95123240	-0.26937752
0.72298365	-0.14785960	-0.03559102	-1.20264089	0.12391332	0.03808069
0.82414914	-0.02260811	-0.09676495	-0.67751442	-0.58597761	0.50633245
0.67320440	-0.27470592	-0.20955407	-0.95556187	-0.46124839	0.12536675
0.69766136	-0.27711374	0.00195344	-0.58839905	-0.20290414	-0.11441085
0.71903798	-0.39049747	-0.06010153	-0.31971973	-0.56631337	0.02478852
0.86503721	-0.30514701	-0.17043296	0.18235987	-0.99470251	-0.26005751
0.81346609	-0.19772123	0.13420407	0.22826053	0.36013669	-0.25614205
0.81106062	-0.22960849	-0.06238564	0.70035236	0.08344157	-0.14832157
0.64570091	-0.02564227	0.10929786	0.17971631	0.09946805	-0.17185812
0.66392753	-0.06326646	0.05076476	0.43987048	0.55643634	0.01584910
0.73981686	0.10823879	0.10280885	0.51790611	0.85106285	-0.01523718
0.81188005	-0.00606651	-0.10437093	0.97302155	0.88280730	-0.17936466
0.85669585	-0.10290843	0.03202639	0.47499090	0.60198857	0.01444236
0.67791817	0.03700477	0.03072113	0.61068658	0.21239064	0.02143364
0.72645117	0.09027198	-0.04577122	0.11552979	-0.03398485	-0.03326542
0.59721970	0.00333051	-0.10915278	0.29034742	-0.17463062	0.31349318
0.83498331	-0.03008528	0.09976753	0.31540828	-0.34800814	0.17781827
1.06533762	0.02747917	0.11496969	0.70065074	1.28596113	0.14356095
1.26522080	-0.01638297	-0.02578616	0.07561014	0.25625448	0.04508364
1.00930990	-0.04911525	0.26846920	0.23031651	0.98471847	0.07305641
1.01967010	0.03230046	0.17503219	-0.01188460	-0.49192045	-0.11676348
1.19097216	-0.00416825	-0.00139882	-0.48118315	-0.78925437	-0.19895289
1.26975092	-0.14906030	-0.08179526	-0.65332605	-0.29259472	-0.08823342
