0.85491616	-0.05844082	-0.19864016	0.16142605	-0.51855379	-0.20107269
0.78349706	0.02771732	-0.11370494	0.10485871	0.54729415	-0.07912914
0.80288413	-0.06929392	-0.05828998	-0.79565731	0.64432088	0.17960342
0.63776653	-0.16312042	0.04898820	-0.57079345	0.97124196	0.11813702
0.50551066	0.04010202	0.13046022	-0.12844184	0.28063119	0.36650773
0.75719837	-0.17084136	0.07569391	-0.03946281	0.42786659	0.25599129
0.73740889	-0.12304708	0.02670706	-0.05358616	-0.24913517	0.17174426
0.78939549	-0.11923422	0.18869410	-0.63253859	0.35186051	0.25291057
0.54789826	-0.15992118	0.17261535	-0.25174175	0.36132632	-0.03014507
0.70251110	-0.11438688	0.16208869	-0.70200880	0.80794806	-0.17125878
0.72718270	-0.03318060	-0.01228095	-0.46928917	1.29539304	-0.04172242
0.75244046	0.05224636	0.05685054	-0.35615568	0.12030303	0.24016193
0.73017477	0.09679753	0.27807977	0.26368338	-1.03708345	0.02341504
0.98990575	-0.16441795	0.30995370	-0.27076664	-0.36324695	0.14251885
1.06931959	-0.07538453	0.18695722	-0.27218819	-0.00867814	0.32944708
1.07805513	-0.12517486	0.21746839	0.22865114	0.25234000	0.44145802
1.23875833	-0.15938774	0.24347143	0.11218508	-0.73982400	0.16735895
1.18355460	-0.19339278	0.23734637	0.49064946	-1.06603072	0.75655369
1.33960551	-0.42422708	0.03994236	1.10293026	-1.37358788	0.51469059
1.38634961	-0.67549677	-0.38090610	0.75303003	0.28780378	0.73759638
1.53925642	-0.75784304	-0.34387776	0.74304803	2.36936019	0.03198288
1.16970219	-0.26864080	-0.29943376	-0.18020080	1.96588073	-0.28044502
0.89968196	-0.21257806	-0.13444105	-0.40332126	0.59759174	-0.29035120
0.64293250	-0.01046968	0.01274486	-0.37699053	-1.53181361	0.45905403
0.68054899	0.09008025	-0.01878266	-1.01362431	-0.92719124	0.35989383
0.84809894	-0.41360250	-0.32014117	-0.57630545	-0.24571014	-0.28788004
0.82262552	-0.33400883	-0.06058094	-0.44997276	-0.53185196	-0.29016290
0.88923613	-0.46348668	-0.01204632	0.53370368	-0.07395003	-0.19060292
0.61559391	-0.42120913	-0.19226621	0.41766231	-0.21840491	-0.23553957
0.81487381	-0.01337844	-0.00560212	0.48944528	-1.63179831	-0.16228172
0.67908876	0.00486970	-0.03295550	0.32467215	0.41560954	-0.65332504
0.81659046	0.04743652	-0.04352298	0.27373369	-0.37358557	-0.50044411
0.72252262	0.13783653	-0.10375291	0.42990180	0.45515989	-0.34038508
0.89197285	-0.04887531	-0.05517188	0.15693739	0.00790814	-0.29299378
0.97345327	0.05686704	0.04508410	0.18559186	0.14623747	-0.55347312
0.69567247	0.09833581	0.15742846	-0.32931201	0.57863991	-0.27467618
0.78870009	0.09142220	0.02167557	-0.12042093	0.11199664	0.01484265
0.82304526	0.00811636	0.09896570	0.00108174	-0.02149947	-0.00047489
0.94736125	-0.09394279	0.04630425	0.17284469	-0.53848005	0.15111753
1.09526449	0.04876643	0.13321738	0.09444304	0.15119386	0.23506441
1.28654954	-0.22071190	0.11962678	-0.17971081	0.62854317	0.25733033
1.26591672	-0.04914269	0.24481363	-0.24656682	0.19112003	0.07872745
1.08380083	0.04885722	0.26838924	0.22734442	-0.28236542	-0.14545405
1.12423872	-0.06198918	0.28801106	0.41882697	-0.25099883	-0.19104719
1.03220924	-0.00253753	-0.17548790	-0.51380817	-1.09171950	-0.19340074
1.20572450	-0.18156184	-0.30355827	-0.93329159	-1.66846544	-0.36565801
1.25756056	-0.35467285	-0.52719077	-1.33051514	-0.56022006	-0.21148662
1.06599224	-0.69811071	-0.34843785	-0.52677893	-0.58377511	-0.83581022
1.00623638	-0.67953756	-0.26373476	-0.01765876	-0.36495849	-0.50954579
0.84454411	-0.40686844	-0.12720565	0.83194909	0.30152394	-0.13742192
0.84207633	-0.36751089	-0.24395982	1.28116775	0.35434879	-0.21402433
1.10927531	-0.00295315	0.05774818	1.32521909	-0.24934532	-0.12588452
0.97199501	0.05350036	-0.13618347	0.79524187	-0.27842591	0.02364610
0.81135308	0.03234909	-0.33511684	0.11015782	-0.02258443	0.11903896
0.80154300	-0.08012587	-0.17083770	-0.38279930	0.88713434	0.58218737
0.63440663	0.08586347	0.05363655	-0.17826758	1.05233364	0.28703146
0.73548561	-0.00247837	0.04833400	-0.01531267	-0.45748725	0.32777268
0.78801896	-0.07513724	-0.03382370	-0.44746550	-0.14759738	0.12921059
0.58375943	-0.23649150	0.16569136	-0.31856456	0.78113942	0.31085095
0.78203571	-0.08628680	0.10721250	0.11899702	0.32772325	0.11743155
0.69590347	-0.08855163	0.13982433	-0.31210419	0.27565731	-0.09617447
0.61840780	-0.03466218	0.04010495	-0.48767927	0.09051964	-0.30600496
0.76458876	0.00474843	0.24589591	-0.14727305	0.96940112	0.02111999
0.59402006	0.01166731	0.24157695	-0.32428153	0.24193491	0.10311979
0.64150349	-0.06931256	0.41063489	0.22587464	0.28847563	0.04066193
0.79192755	-0.16956670	0.21799410	-0.14093065	-0.68141066	0.19373857
1.23875539	0.04298884	0.15561804	0.33392765	0.03742865	0.28991091
1.12192655	-0.10890937	0.11252306	-0.39232578	0.36233232	0.01847356
1.34621915	-0.03727348	0.18018961	-0.21011680	0.70180741	0.21102878
1.26177249	0.07483119	0.33527037	0.62192227	-0.16484321	0.58736734
1.24677624	-0.30136110	0.14335072	0.58017490	-0.93675476	0.96316541
1.49927902	-0.53677909	-0.17949262	0.72091518	-1.43364540	0.97023465
1.37605832	-0.55997680	-0.52857154	1.03203007	0.59835313	0.27571467
1.13439697	-0.51897425	-0.46437220	0.32051293	2.34209304	-0.14325688
0.65685178	-0.18785679	-0.24338766	-0.56237445	0.63448924	-0.18205271
0.63205357	-0.10454879	0.13688577	-0.23271561	-0.03056218	0.02546118
0.69444900	-0.22694254	-0.19744084	-0.44945797	-0.70487567	0.31087788
0.82708658	-0.17147370	-0.37286790	-0.73363180	-0.63339063	0.48558082
0.91163618	-0.25362668	-0.08253191	-0.75434525	-0.20780462	-0.14028962
0.89922770	-0.38993812	-0.02957264	0.12855240	-0.04437817	-0.39835024
0.89592081	-0.39136160	0.03383610	0.14076298	-0.96673985	-0.10776547
0.82683399	-0.15769078	0.00952219	1.03800029	-0.35687838	-0.43953673
0.79377629	-0.11804645	0.10321270	0.58712034	-0.07470828	-0.56874992
0.80666222	-0.05836060	-0.08337877	0.34390519	0.02291497	0.11075542
0.89813222	0.01481775	0.06225386	0.52234382	0.34993077	-0.22382962
0.74601004	-0.13037211	-0.01097072	-0.39910131	-0.15372985	-0.15646823
0.70607901	0.00741356	0.03859295	0.59357345	-0.11450759	-0.42438652
0.61681738	-0.02694285	0.05147442	0.53940461	0.44466258	-0.01241668
0.54139348	-0.11132928	-0.05858966	0.00883292	0.20692406	-0.02832341
0.69008132	0.08084864	0.00098279	0.60603840	-0.04854518	0.10032190
0.89263753	-0.00957267	-0.08024343	0.07705221	-0.24195006	0.40545673
1.15597223	-0.18336813	0.23868421	0.25763586	0.11339664	-0.06005064
1.14923193	-0.03992316	0.19783973	0.44212219	0.69149531	0.15770746
0.93422918	-0.03141575	0.05465401	0.43562192	0.45279996	0.08147473
1.13848800	0.07465582	0.14799476	0.01950510	0.38499248	-0.00517568
1.15618661	0.05341749	0.27386831	-0.08335252	0.64137892	0.06356068
1.25128251	-0.00507850	0.31925270	0.08034093	-0.33321030	-0.11406232
1.12126910	0.01407420	0.07268913	-0.42957379	-0.80547386	-0.28342292
1.29700063	-0.25688752	-0.10345390	-0.85101555	-1.58391895	-0.48302477
1.10460264	-0.48163372	-0.28960606	-0.71509031	-1.28115837	-0.58536835
1.19506644	-0.73899311	-0.46326298	-0.18522088	-0.18481925	-0.84137891
1.05979525	-0.52891749	-0.25806686	0.10686966	0.07819921	-0.46644588
0.72782268	-0.35479955	-0.25915806	0.48794556	-0.12616491	0.01679821
1.05217644	-0.36864646	0.08261031	0.72842164	-0.68585362	-0.09485987
0.93671633	-0.09229158	-0.01505286	0.71991337	0.12349155	0.18399807
1.22067057	-0.04616362	-0.15314328	0.71696011	-0.13724613	-0.13758698
1.06798113	-0.00668252	-0.15781175	-0.84834639	-0.26596030	0.17792373
1.01285817	0.00191929	-0.16909239	-0.90250074	0.52901461	0.14430379
0.76289144	-0.17303664	-0.09369180	-0.24496150	0.43120714	-0.25156652
0.74862527	-0.18499602	-0.00309901	-0.51051528	0.71301364	0.35139351
0.85546025	-0.19768019	-0.01672580	-0.94015729	0.02947204	0.08168505
0.67989018	-0.07662847	0.11376341	-0.27613713	-0.06347917	0.20854346
0.64373107	-0.09220109	0.04505952	-0.37506546	0.26124849	-0.00461190
0.64902210	-0.14801614	0.07535283	-0.19082460	0.89154778	-0.03788213
0.58105959	-0.08022469	0.09565178	-0.27755219	0.31666472	-0.07134569
0.53388635	0.03189991	0.23283319	0.01641520	-0.17436988	-0.25791596
0.75791317	-0.16541973	0.23202509	-0.36700363	0.16495417	-0.09063576
0.65033372	-0.04854867	0.35627833	0.03811106	-0.19599821	0.08285747
0.80094682	-0.05928303	0.17345539	-0.37263733	-0.16755392	0.02462011
0.83724884	0.09978119	0.13340233	-0.06456867	-0.19484518	-0.08615121
0.96280532	-0.04112151	0.23444669	0.03104835	-0.02362682	0.31047540
1.38356638	-0.16886048	0.40600929	0.11340042	-0.25523333	0.45341002
1.40337354	-0.04178889	0.20096928	0.47599498	-0.05372406	0.33767801
1.23705352	-0.07162422	0.25652797	0.15871925	-0.58758455	0.75886672
1.29969536	-0.26752403	0.29674514	0.74808097	-1.22980627	0.84592767
1.43200101	-0.33770330	-0.21719405	1.21554309	-0.16756958	0.65012555
1.39373994	-0.53077112	-0.27634542	0.55868859	1.23423445	-0.07392731
1.20643215	-0.31775031	-0.25433738	-0.01427199	0.86799323	-0.51284234
