0.48962633	-0.24049883	-0.04726474	-0.77110979	-0.37323846	0.02027939
0.55455192	0.09528007	0.09892594	-0.30871608	-0.87838679	0.20250476
0.89602547	-0.14212963	-0.08962115	-0.46326592	-0.69831696	0.18714795
0.93371207	-0.29914024	-0.27119255	-1.11462157	-0.57313231	-0.08285785
0.94834812	-0.30431355	-0.22108876	0.07135856	-0.25768584	-0.54596663
0.93202959	-0.42066536	0.05099673	-0.43863027	0.10566860	-0.38549142
0.77487112	-0.36225940	-0.07068609	0.34133192	0.18509763	-0.31097993
0.73137373	-0.08177751	-0.06718835	0.19856579	-0.32902645	-0.46736565
0.77461998	-0.11229614	0.09514104	0.10264278	-1.18347546	-0.35332187
0.56908242	-0.06326027	-0.02351331	0.11269823	-0.49751640	-0.13655716
0.81490434	-0.00718152	-0.00377799	0.32191491	-0.81227658	-0.02818270
0.84953604	-0.04519462	0.10622319	0.75690740	0.20170589	-0.28948104
0.90547948	0.09067368	0.07679359	-0.01611815	0.59215805	0.01140280
0.63052269	0.06063445	0.04913425	-0.01699231	0.17029190	-0.41767175
0.51236207	0.12701945	0.04302727	0.38701125	0.51945537	0.06860250
0.73395703	0.23692801	0.10058057	-0.06486011	-0.20663633	0.03408039
0.85858854	-0.03621364	0.10952338	-0.21486450	-0.24510727	0.34086952
0.83735908	-0.12599042	0.27502400	0.20211498	0.00122810	-0.01320369
1.12081282	-0.16973145	0.16676034	0.11550891	0.81953235	0.48329554
1.11471865	-0.13346791	0.03946479	0.66477617	0.02610644	-0.12148532
1.22208980	-0.04195475	-0.03915398	-0.13101292	0.21413307	-0.17996941
1.11690982	0.05732446	0.29703101	-0.03251677	0.69482293	-0.15558099
1.11046552	-0.22394251	0.27863745	0.62302299	-0.46412740	-0.03005275
1.22696676	-0.19415333	0.16390868	0.22022268	-0.71550622	-0.28638723
1.22175256	-0.10462211	-0.25360802	-0.70218723	-0.54246736	-0.16347511
1.18495388	-0.21461155	-0.47320904	-0.83484805	-0.76226116	-0.60509107
1.13822226	-0.41240061	-0.17861714	-0.48749723	-0.89755571	-0.87406697
0.94778149	-0.48106765	-0.32385667	-0.04932884	0.17924316	-0.35558628
0.97749471	-0.34855286	-0.27474757	0.42489577	0.22829299	-0.16005103
1.04205684	-0.33340923	0.01596205	0.77607062	0.06380815	0.02581117
1.06232587	-0.27022685	-0.11152351	0.93483401	-0.68141933	0.14681100
1.14751159	-0.00312353	-0.09630194	0.54208237	0.06569853	0.04842394
1.04272667	-0.01635942	-0.10353545	0.14749477	0.85204290	0.23061667
0.94155992	-0.05946236	-0.16966098	-0.11035627	0.35272922	-0.02559185
0.62372370	0.01713648	-0.01612458	-0.74518241	0.74246255	0.22599488
0.72784393	-0.12687115	0.09602234	-0.89350903	0.23389234	0.11041141
0.71691507	0.01060423	0.09863616	-0.74836519	0.14222653	0.23721457
0.60180331	-0.17049165	0.07234796	-0.60538687	-0.89095691	-0.06258519
0.83165022	-0.05382803	0.15544597	-0.51643445	-0.03602972	0.35967742
0.51478855	-0.11216790	0.14076150	-0.50465351	-0.00435890	0.15826576
0.60525093	-0.11828344	0.00803503	-0.44705303	-0.46202318	0.05605928
0.61479563	-0.04695381	0.08601493	-0.47474542	0.62552953	-0.28911593
0.86881705	-0.22958709	0.13151437	-0.65466302	1.12879148	-0.01678773
0.70615492	-0.06857168	0.24909259	-0.03718366	0.28675122	-0.04328877
0.94276980	-0.02714305	0.24557964	-0.04597203	-0.03349252	-0.05303564
1.00199239	-0.13903498	0.24524817	0.28566652	0.29162216	-0.06737569
1.17143385	-0.07229566	0.18444997	-0.05885797	0.56579038	-0.05622563
1.33193862	0.00201730	0.19710083	-0.12839914	-0.76151855	0.33991288
1.23297486	0.08852925	0.01470266	0.01182291	-0.08977061	0.69210426
1.32125884	-0.06440743	0.11668843	0.13240469	-1.31138156	0.96330914
1.55857387	-0.67932002	-0.34443406	1.08379574	-2.15373390	0.99049523
1.77546344	-0.75202173	-0.47223271	0.73926423	0.38314141	0.76547893
1.29933994	-0.64621528	-0.40812308	0.42275031	1.89346294	-0.47749468
0.56504638	-0.22195773	-0.17756626	-1.26506055	0.80741422	-0.44117309
0.53926282	-0.04339617	0.00030701	-0.69446830	-1.30841237	0.36334969
0.70300882	-0.01977988	-0.09774378	-0.41862412	-0.65289815	0.67181078
0.90023504	-0.31266398	-0.12856730	-0.63417692	-0.97628862	0.49685068
0.73891781	-0.22579927	-0.20163237	-0.67839990	-1.34716297	-0.03747269
0.93386502	-0.33333620	-0.07071498	-0.08309907	-0.17016758	-0.41266782
0.68015019	-0.33510904	-0.06788968	-0.09753673	-0.82761315	-0.39965762
0.64768955	-0.13100409	-0.00047368	0.57791259	-0.21785658	-0.34814228
0.60333038	-0.14190281	-0.02519729	0.34480721	-0.28364435	-0.48734169
0.70172261	-0.16001980	-0.11885614	-0.18781730	-0.04872638	-0.21856288
0.71134676	-0.05452885	-0.02429013	0.09144516	0.40698347	-0.28195283
0.58455951	-0.32533125	0.10514469	0.00127619	-0.03709897	-0.27922833
0.75480071	-0.08308171	0.11393135	0.59291022	0.29699043	-0.38832904
0.59080697	-0.12660468	0.12960149	0.02195958	0.56111314	0.21215118
0.50306564	0.00648659	0.14203424	0.39822340	0.52119994	0.04957100
0.62553860	0.05049714	0.20036525	0.61562927	0.58697591	0.29937107
0.71990451	-0.07881310	0.03300288	0.42215125	-0.26812252	0.14640758
0.84923978	-0.10008292	0.10285853	0.66990605	-0.71010934	0.31792835
1.08621896	-0.13812106	0.28304643	0.71479312	-0.14874608	0.11534332
1.10356971	-0.07747724	0.10238558	-0.13023036	0.02419320	-0.02120487
1.09456510	-0.07923278	0.18736195	0.09076441	0.53369672	-0.06462672
0.91688069	-0.00636935	0.22541225	0.24320211	-0.06137063	-0.45617030
1.16586466	-0.03138444	0.02507766	-0.48659383	-0.52590355	-0.03546985
1.46163131	-0.02401483	-0.10980823	-0.71766282	-1.05328955	-0.21039305
1.33372808	-0.11623507	-0.18618730	-0.94623721	-1.55084927	-0.68403682
1.06218060	-0.42618799	-0.28616531	-1.24435396	-0.98151670	-0.75485202
1.19472809	-0.77347629	-0.39692125	-0.58831705	-0.63083624	-0.43837966
0.98979366	-0.68091942	-0.41579229	0.80473730	0.25602091	-0.61523000
1.21361922	-0.31350051	-0.10376842	0.76917039	1.49645132	-0.04914357
0.85723234	-0.18751968	-0.21888588	0.94786977	0.17699954	0.08250258
0.89078102	-0.24773829	-0.08903417	0.78721457	-0.10650064	0.23878851
0.99101418	-0.07078115	-0.16777769	0.65141464	0.49823298	0.33070822
0.77656402	-0.10613808	-0.14595109	-0.10715550	0.61711340	0.20535593
0.84936051	-0.09513867	-0.07471600	-0.58637486	0.31891919	0.07588850
0.79207248	-0.06615290	-0.19078217	-0.69159585	0.58557640	-0.01439445
0.63561918	-0.08866403	-0.03896964	-0.73897803	0.32301740	0.23897930
0.75981254	-0.25931664	0.00524538	-0.55638321	-0.05289505	0.12002792
0.38529731	-0.14153024	0.10928395	-0.49190634	-0.01157715	0.68862828
0.58079671	-0.24977292	-0.05185127	-0.57224106	0.08621675	0.06383712
0.64305395	-0.02619272	0.04657951	-0.43781707	0.31142816	0.11769640
0.55177818	-0.33529560	0.15933067	-0.61639120	0.06327584	-0.01208374
0.79468060	-0.01988039	0.06044801	-0.03887613	0.76538628	-0.26931668
0.92947309	-0.19332536	0.29659838	-0.02043020	0.25064601	-0.04266670
0.65150465	-0.13552049	0.25423550	-0.01083984	0.23549962	-0.13261934
0.71585101	-0.11075259	0.31118043	0.01445726	-0.18716470	0.24898817
0.95501184	-0.26126185	0.18966965	-0.04956541	-0.39582082	-0.12958278
1.12333641	-0.10824933	0.26984571	0.24573071	0.46746869	0.28401949
1.20276607	0.01341133	0.33058691	0.56986574	-0.32730478	0.48755518
1.13506143	0.06098081	0.32169331	0.00177074	-0.87207521	0.31737816
1.23081511	-0.06547213	0.24944266	0.13833561	-0.58020802	0.59507858
1.25652244	-0.31023433	-0.02667618	0.59869202	-1.53519565	0.57769722
1.45321508	-0.57114026	-0.15177940	0.66002071	0.13296639	0.58696237
1.21493992	-0.57380517	-0.20915605	0.24276911	1.93739622	-0.25989436
0.72027606	-0.20943995	-0.03881994	-0.14282211	1.69201138	-0.49030937
0.60346371	-0.16761134	-0.15100059	-0.62245836	-0.78113992	-0.04506717
0.75587537	-0.01701020	-0.16741863	-0.53063525	-0.64039307	0.26676187
0.70137679	-0.15911096	-0.27291298	-0.84068562	-0.61367624	0.16914895
0.83270945	-0.32316796	-0.29181930	-1.28572816	-0.07352244	0.21287757
0.74113951	-0.18337734	-0.10378347	-0.50090575	0.21930420	-0.30104950
0.67549930	-0.28213637	0.02221414	0.22663815	0.38077704	-0.37089057
0.88162175	-0.18153188	0.05607780	0.15010329	-0.29589310	-0.36143137
0.76832932	-0.21869269	-0.07356812	-0.12023078	-0.48483138	-0.14052185
0.48782961	-0.04933698	0.02295367	0.28796066	-0.78640678	-0.54833442
0.68249386	-0.35502104	0.04251992	0.30400285	-0.25335130	0.08741928
0.80038025	-0.14643106	0.12046194	0.32038479	-0.39807254	0.00549050
0.76325796	-0.04874674	0.09249602	0.57527979	0.42627385	-0.46075367
0.77525982	0.11664469	0.21755983	0.94755285	0.28432386	0.10793079
0.56071215	0.10395157	0.04491031	0.07717080	-0.33012881	-0.33480500
0.72311271	0.16573953	0.07195334	0.16492257	0.77125162	-0.45883143
0.68272763	0.10796430	0.04946568	-0.23435410	-0.15822740	0.12355836
0.87806457	-0.11043059	0.03438971	0.01165258	-0.45793892	0.21747429
1.13484244	-0.10119094	0.16539667	0.23946099	0.08414059	0.26952409
1.06811443	-0.16333116	0.10082850	-0.00942287	-0.50312485	0.19802290
1.07066104	0.00692746	0.07981569	0.42628704	0.56404954	-0.32988983
1.23657462	-0.02971733	0.15506180	0.10747844	-0.69698729	0.21849431
