0.54720938	-0.08350423	0.23800312	-0.15391833	-0.84013576	-0.26561882
0.40029454	-0.08283900	0.09565662	0.15222689	-0.39535826	-0.19450169
0.64405197	-0.21771348	0.12256706	0.56560656	-0.30437176	0.08236963
0.85822500	-0.20340749	0.05750809	0.90350546	-0.54999390	0.18325979
0.96591088	-0.19305216	-0.00719723	0.66724093	-0.14937311	-0.12468795
0.86655026	-0.26408212	0.02483424	1.33772502	0.11299009	-0.32230389
0.89400326	-0.29098149	0.09525151	1.15787805	0.05860523	-0.40657987
0.97297205	-0.23073860	0.00271754	1.43030165	-0.38358183	0.13656092
0.98009861	-0.28311764	-0.08936864	0.96603923	-0.47790640	0.60159764
1.12423907	-0.07902349	-0.16608530	0.44916524	-0.35308277	0.88693110
1.52844394	-0.03468484	-0.22144128	0.99563486	-0.40382454	0.63787736
1.80093083	-0.03184849	-0.35364506	0.69206935	0.26038015	0.15201311
1.34907592	-0.30385891	-0.10091479	0.43174635	1.12946889	-0.31848723
1.46326707	-0.20277723	0.16281316	0.55030294	0.53173772	-0.42269926
1.36347729	-0.05003435	0.11364675	0.25354308	0.37402469	-0.44032329
1.38975419	-0.10881328	0.03580346	0.66436542	0.25696371	-0.28804487
1.16102334	-0.01096019	0.12457346	-0.16700343	0.35002916	-0.23075843
0.87410565	-0.04550860	0.15986065	0.10146196	0.06293621	-0.22637890
0.83235556	-0.05735952	0.05170681	-0.03241212	-0.68039610	0.23971356
0.77483560	-0.12307410	0.02295273	0.42938098	-1.15381040	-0.10195357
0.57248322	-0.09849092	0.06858005	0.48636953	-0.24843826	0.36875210
0.76760493	-0.00156518	-0.08124080	0.17099493	-0.81429248	0.19405913
0.75934344	-0.10783515	-0.07260406	0.76311956	-1.04242954	0.06605939
0.80316419	-0.21754092	-0.09167846	1.03251628	-0.37642818	0.19037065
0.52579562	-0.13620476	-0.02505870	0.69170748	0.17448981	0.17992508
0.68208012	-0.16284594	0.06007221	0.11899554	0.44847294	0.35999509
0.66598539	-0.20909476	-0.00700660	0.84356914	0.47272339	0.04917106
0.75419219	0.06248013	0.06725273	0.45840054	0.07867419	-0.03331988
0.68771295	0.20504619	-0.00992493	-0.06718266	0.55306560	-0.06908719
0.79628645	0.05377037	0.10707707	0.06555859	0.44450541	-0.10295038
0.66549420	0.13826563	0.06526687	-0.00913678	0.12372167	-0.23986436
0.88352926	0.17742801	0.14608694	-0.14448058	-0.54554444	-0.24947724
0.50557870	-0.01615294	0.18464443	-0.50596777	-0.50396564	-0.27161510
0.58639342	0.05821845	0.04501562	-0.24265188	-0.20207096	-0.07733521
0.53183304	-0.15241180	-0.00460011	-0.25612102	-0.24656203	-0.11295306
0.89784304	0.00401475	-0.18740666	-0.32903730	0.09064661	0.16820615
0.98077098	-0.26622651	-0.15295169	-0.55590186	0.10046883	-0.25217519
1.27070797	-0.26543294	0.00530198	-0.33784597	-0.57967577	-0.09527454
1.53509272	-0.49711878	-0.01037096	-0.26862335	-0.61572713	0.08884756
1.60721918	-0.38648431	0.01843470	0.13580674	-0.66135127	0.02573555
1.39354524	-0.34495590	0.07996801	0.55544109	0.46120835	0.22763332
1.34708150	-0.29410354	0.20953255	0.89589439	-0.18084333	-0.09606475
1.18412025	-0.24856430	0.08070856	0.40128792	-0.55459975	0.18029661
1.03034729	-0.16478189	-0.06505734	0.27256415	-0.90073726	0.00358012
1.06022868	-0.29922200	-0.05843809	1.15903726	-0.14673780	-0.05002105
1.10126540	-0.19969415	-0.00169941	1.40777635	0.39633021	0.23252754
0.88784765	-0.13247159	0.19450381	0.78450959	0.52725452	0.07360965
0.89124300	-0.09276450	0.13092889	0.42221443	-0.26808640	0.36109248
0.70948866	-0.12144329	0.18383737	0.38816916	0.16814334	0.34422588
0.73327005	0.03541422	0.12692951	0.14079601	-0.01917518	0.10198410
0.57167470	-0.02350690	0.01407743	0.26322102	-0.24075720	-0.10599412
0.63277965	-0.01241312	0.09071315	0.04628932	-0.14363951	0.13273557
0.80102288	-0.12025271	0.14304114	0.82063324	-0.00816503	-0.00645609
0.90248332	-0.07803916	0.13018647	-0.42394628	0.48017744	-0.14193578
0.46936981	0.08983496	0.15613802	0.03136037	-0.44652244	-0.43079003
0.73549070	0.02291386	0.13106563	0.35164685	-0.15490374	-0.05900590
0.63874475	-0.18394122	0.12355958	0.21992315	0.19483113	-0.00215003
0.85670729	-0.17068528	0.16693629	0.22328266	-0.36453652	-0.32957976
0.71614372	-0.12163756	0.06237643	0.44274588	0.47519242	0.04890402
0.57249924	-0.14282426	0.11546338	-0.08811086	0.11266513	0.00997566
0.68833098	-0.29088476	0.06987395	0.08313246	0.06130324	-0.43816024
0.76772774	-0.16103817	-0.01311494	0.44617781	-0.29699501	0.08515623
0.83107895	-0.21711428	0.13368232	0.64947282	-0.07740323	-0.05140950
0.79923544	0.00127017	-0.06658250	0.11322818	-0.66786033	0.39978595
1.01315398	-0.21672169	-0.20846462	0.28483313	-0.72777029	0.79557613
1.73771941	-0.09103834	-0.34466852	0.28703418	-0.11723110	0.98242447
1.74134096	-0.31719412	-0.36225163	0.01369906	1.03961892	0.61809690
1.65185350	-0.29978164	-0.12936733	0.23171482	1.83660241	0.02535789
1.73396192	-0.16938613	0.24417507	-0.34877905	1.20798720	-0.50901838
1.25118886	0.10494271	0.18088175	-0.10627303	0.28793817	-0.03527179
1.10244460	0.03457233	0.07424563	-0.60575736	-0.10791819	0.25262565
1.13095184	-0.13491068	0.10735862	-0.06484010	-0.40692823	-0.03017984
0.93341573	-0.19765131	0.08763308	0.27666777	-1.05140384	0.00539201
0.93412403	-0.23678425	0.02629329	-0.06597572	-0.65069989	0.01044799
0.60583405	-0.17770890	0.00688599	0.36250367	-0.37891176	-0.08835075
0.63520621	-0.08206442	-0.00491257	0.42702261	-0.76348267	0.07023811
0.75974411	-0.04749696	-0.01703969	1.06659110	-0.04042755	0.03369696
0.52695294	0.01719363	0.01757564	0.67681539	-0.09241701	0.33508471
0.92410947	0.18900861	-0.05118864	0.51174773	0.46605258	0.10594626
0.79087795	-0.07752131	-0.05580555	0.25781362	0.13019063	-0.34936747
0.54536807	0.27349735	0.12685620	0.23705689	0.11273109	0.04843156
0.79367257	0.07158822	0.09202011	-0.02920846	0.74686568	0.17256219
0.56693084	0.17287621	0.04806755	-0.09770074	0.85501792	0.10992145
0.56185295	0.06554777	0.01487427	-0.50533452	1.02286573	0.22511245
0.45710335	0.05040957	0.08679445	-0.47425414	1.26317522	0.07188503
0.76098380	0.18723106	0.12880762	-0.74999654	0.79272930	-0.05075863
0.63533047	0.10511626	0.15257104	-1.35033023	0.74268426	0.25416660
0.72216067	0.23481252	0.16563922	-1.30352591	0.84730974	0.11006248
0.80802524	0.09051247	-0.01023649	-1.41295947	0.34096156	0.03588780
0.70550398	0.03842099	-0.02472198	-2.05633097	0.58267358	-0.62956203
0.60462851	-0.25278036	-0.03924830	-1.08276044	-0.28810086	-0.15093850
0.43057458	-0.35245087	-0.14671179	-0.84466907	-0.49836222	-0.00654804
0.63351443	-0.42538838	-0.38051523	-0.43844409	-0.41291514	0.46344418
0.95683393	-0.58320993	-0.37036079	-0.46053422	-0.49899901	0.03296857
1.49490933	-0.68366857	-0.18928957	-0.23511032	0.17707087	-0.62545614
1.66887645	-0.53769661	-0.04485663	-0.14341301	0.13087663	-0.45721449
1.61339950	-0.59604489	0.02106987	0.01377617	0.19458725	-1.00258494
1.73784771	-0.10431349	-0.07272956	-0.25370274	-0.75910029	-0.49113988
1.82717312	0.14769845	-0.24096533	-1.52579780	-0.60240024	-0.38948593
1.68116793	-0.19723877	-0.17438178	-1.74766122	0.27656952	-0.18524429
1.58490901	-0.09436605	0.05816212	-0.70058971	0.44470184	-0.03007269
1.35700266	-0.10292408	-0.06138782	-0.86644338	0.48081825	0.07531465
0.88047768	-0.07653775	-0.00995737	-1.07810915	0.52897228	0.42839782
0.90327705	-0.01292934	-0.05739162	-1.31747295	0.51459403	0.69234912
0.80194978	-0.01997450	-0.00643384	-1.21404380	0.48398071	0.39159692
0.38087734	-0.13118784	-0.05725447	-1.88936061	-0.41153736	0.29217205
0.62117834	-0.09467690	-0.01338042	-1.22069436	-0.12398878	0.27734964
0.48978355	-0.28279349	-0.01262748	-1.18602311	0.12643379	0.43304796
0.47378705	-0.39224927	0.05332358	-0.39024214	-0.29081106	0.15257817
0.72761060	-0.26827824	0.03290132	-0.65548015	-0.04431287	-0.08962953
0.43535380	-0.20568421	0.04740498	-0.58704575	0.30394676	-0.54487138
0.62624147	-0.12721975	-0.12404272	-0.25241905	0.13197207	-0.20216591
0.82054871	-0.18051210	-0.05715551	-0.18743772	0.73117176	-0.54432848
0.68434749	-0.09091132	0.14445380	-0.21546500	0.46907227	-0.54526697
0.92891853	0.01539706	0.10025663	-0.28594099	0.43138321	-0.49539638
0.56862715	-0.08918301	0.00025564	-0.71562034	-0.12728521	-0.23745895
0.61885413	-0.03088675	0.11266645	0.00251211	-0.21802559	-0.49628122
0.85907029	0.04845284	0.07492047	-0.28127578	-0.46231545	-0.58679868
0.36552481	-0.14517176	-0.01074071	-0.67441512	-0.42464834	-0.34862789
1.04090698	0.05817081	0.02772611	-0.08470627	-0.19652069	-0.46359339
1.05088509	-0.02009146	0.05239096	-0.42473625	0.00322700	-0.45630036
0.64896294	-0.03543730	0.12319353	-0.05047887	0.54367141	-0.35383146
0.68033442	-0.01974500	0.14968106	-0.25478678	0.46381579	-0.36811130
0.70936248	-0.13458419	-0.05826863	0.44088417	-0.02617556	-0.02329701
0.84517861	0.02389211	-0.08442828	0.45044176	-0.90128486	-0.02555063
0.97990448	-0.12795707	-0.08673830	0.03755223	-1.02239209	1.23382545
1.73996426	-0.38702257	-0.24916188	-0.19678479	0.16501858	1.06073716
1.82164333	-0.51031733	-0.31196760	-0.20685566	0.55355157	0.85387479
