0.60876571	0.16279246	-0.18756828	-1.24784447	0.30822177	-0.09855581
0.81105592	0.00596350	-0.18491534	-1.50960083	0.54490843	0.20302221
0.80925161	-0.01009690	-0.06440811	-0.67340451	-0.33405110	0.27504447
0.83602638	-0.07555514	-0.06859519	-1.02185982	0.13210617	-0.16246203
0.80858887	-0.09520776	-0.08935669	-1.27303407	-0.08874659	-0.12671548
0.72805305	-0.14117901	-0.20547740	-1.16635072	-0.08504219	0.00067011
0.84505001	-0.28655492	-0.11230980	-1.12413732	0.25479880	0.12751979
0.84087068	-0.37766131	-0.20326938	-0.73648437	-0.41246385	0.09275448
1.46938455	-0.34807081	-0.03221047	-0.49369245	0.07187154	0.40773604
2.03631621	-0.46341280	-0.15971089	-0.40161232	0.51883426	0.11468818
1.72451612	-0.46288785	-0.08172289	-0.31583056	0.62588886	-0.42660740
1.48572215	-0.29653937	0.01539349	0.35915744	0.52558553	-0.81349179
1.22466111	-0.17544157	0.16165529	0.21109166	-0.20897681	-0.41387605
1.11703455	-0.03065045	-0.00989817	0.08254342	0.49461058	0.04985880
0.98730651	-0.02969487	-0.01456364	0.20338819	0.59161377	0.02901326
1.05793782	0.10673423	0.00252911	0.01548146	0.53587770	0.11350987
0.64000857	0.06687758	0.02788282	-0.31208974	0.48853688	0.08956446
0.51617786	0.08051003	-0.10084325	-0.79822158	-0.31475758	0.43625589
0.61167005	0.01788288	-0.07765868	-1.02667446	0.51565113	0.34528757
0.61586987	0.00375403	0.00825876	-0.82856709	0.25767765	0.11911159
0.42650893	0.02233708	0.11015286	-1.30466631	0.29972385	-0.14002809
0.58895294	-0.05686496	-0.13492453	-0.99832989	0.77446539	-0.19420638
0.64978901	-0.07253916	-0.07592919	-1.18543421	0.28302413	-0.22257855
0.08890844	-0.07613623	0.08125311	-1.49011605	-0.29976284	-0.18299580
0.35313730	-0.33337940	0.09918311	-1.29812699	0.12670810	-0.40758755
0.88853755	-0.29622499	0.14607525	-0.40767511	-0.43860616	0.24086872
0.96094717	-0.45772361	0.05123836	0.57553008	-0.23956183	0.10415615
1.08567152	-0.28429910	-0.02944387	0.41701761	-0.41357896	-0.31355386
1.03240967	-0.15508707	-0.02613068	0.06297558	0.60104549	-0.45071971
0.90184804	-0.19470756	-0.02975209	-0.06255322	1.11694022	-0.01282275
0.66431517	-0.09467380	-0.05863315	-0.23268604	0.16559778	0.37513756
0.70755920	-0.06637864	-0.15433211	-0.08207512	-0.56110506	0.51360389
1.10887112	0.03581963	-0.35587030	-0.10027994	-0.86440879	1.10852783
1.32610119	-0.05004074	-0.45045372	-0.57395678	0.15457790	0.96444896
1.91005513	-0.26245033	-0.54691011	-0.76204782	1.54650469	0.55573442
1.30908967	-0.24405589	-0.13342208	-0.99064436	0.97355538	-0.33590275
1.06296286	-0.26915620	0.13823536	-0.64334561	0.23949619	0.08034318
1.00021450	-0.07577288	0.24330650	-0.29136788	0.14042278	-0.23722993
1.18169960	-0.13083515	-0.05004559	-0.24294400	-0.33027433	-0.48797855
1.11139711	-0.07975036	0.04772849	-0.27904444	0.40881613	-0.26125713
0.91057542	-0.15910182	-0.02001614	-0.65292870	-0.23506425	0.13513780
1.04615031	0.05582243	0.02468820	-0.20802220	0.05770951	0.07431884
0.66727058	0.03744040	0.06212195	-0.57236980	-0.02779772	0.16782336
0.75406881	0.12172569	-0.04891965	-0.55418166	0.05207194	0.18229967
0.75494674	-0.13288270	-0.14636555	-0.61852949	-0.49150223	0.03551471
0.89359505	-0.00353784	0.00572961	-0.42143818	0.24201748	-0.06617072
0.57978090	0.00833295	0.00819552	-0.67507761	0.11389947	-0.14925066
0.51118266	-0.10576024	0.10317037	-0.52809521	0.60226189	0.44097496
0.58445635	0.12227288	-0.03933893	-0.17344583	0.69651310	0.25869019
0.45111420	-0.01648627	0.06403139	-0.38622726	0.40119394	0.17669655
0.64124220	0.16169104	0.14450995	-0.50086768	0.21627620	-0.01148908
0.87273745	0.16624702	0.09397765	-0.30035010	0.64745967	-0.23368433
0.50288718	0.10560072	-0.05132803	-1.04925576	0.51535789	-0.02654259
0.89792136	0.11019662	0.02610936	-1.07602403	-0.15803104	0.01026493
0.81541367	0.15245502	-0.07274584	-0.59919941	-0.23869172	0.00251346
0.66384895	-0.07779739	-0.00988315	-0.82046351	0.20168139	-0.35354851
0.93979088	-0.05557278	-0.19578322	-0.87200172	0.20333551	-0.27185966
0.98350215	-0.12951506	-0.05473005	-0.94384127	-0.16119096	-0.17067939
0.84538290	-0.21917179	-0.01581103	-1.03798095	0.11925130	-0.30651237
1.16514656	-0.43121314	-0.07452240	-0.66832609	0.14433519	-0.44900216
1.52278561	-0.36070940	-0.17896047	-0.47066319	-0.23219042	-0.20852657
1.55791491	-0.49012697	0.00022303	-0.38373350	-0.15552804	-0.53646454
1.51407335	-0.29218450	0.03431477	-0.34728381	0.14699521	-0.57850940
1.48253033	-0.19213484	0.10283620	0.30735404	0.48997316	-0.14378565
1.10289972	-0.17372232	0.13605772	0.03267182	-0.66749110	0.48067012
0.78260774	-0.19191591	0.00240177	-0.33047432	0.08475357	0.16882366
1.18901953	-0.10441883	0.00410052	-0.25497589	0.20003325	0.33304713
0.97948430	-0.12144476	-0.04558381	0.00765279	-0.01205980	0.24178419
0.46545759	-0.13716275	0.25520702	-0.32074618	-0.68048501	0.59431500
0.84146976	-0.02799931	0.09183576	-0.15795967	-0.10192589	0.30275699
0.36396683	-0.17422270	0.09151042	-0.18264764	-0.47962253	0.53087509
0.56046604	-0.03595734	0.06700790	-0.05540813	-0.69349322	0.34428675
0.77358415	-0.13011733	0.05078363	-0.78621854	0.19994529	-0.12161423
0.74485713	-0.16867976	0.08813254	-0.56680634	0.54361399	-0.08565590
0.77489295	-0.10224377	0.15177340	-0.44650841	0.20307679	-0.29337592
0.56781036	-0.06137694	0.08506911	-0.23348724	0.21957169	-0.32283927
0.57789603	0.02495832	0.05143554	-0.46357139	-0.25530723	-0.05643421
0.30760412	-0.02158909	0.03181640	-0.41764246	-0.07377566	0.03130684
0.66057202	-0.13749610	0.07297427	0.01425906	0.40975480	-0.04252833
0.73547719	-0.19511584	0.16006129	0.22545812	-0.13451843	-0.23207993
0.60038370	-0.34040705	0.00029141	0.51251045	0.13708944	0.00198871
0.76017157	-0.29619709	0.10090889	0.36490211	0.38075125	-0.12896824
0.66952599	-0.19712606	0.14718592	0.09530946	0.41887622	0.17282032
0.75110630	-0.17179782	-0.03115697	0.17270177	-0.81231123	0.22154537
0.41359752	-0.04057774	-0.12973026	0.13760702	-1.35550360	0.80518216
1.14313199	-0.04910095	-0.26107795	0.38650528	-1.45226484	1.01465875
1.45146453	-0.12532162	-0.37261723	-0.20113294	0.09467616	0.23343646
1.70509979	-0.20862190	-0.48843011	-0.82684841	1.47553196	-0.23134424
1.57001844	-0.07996046	-0.16203033	-0.59254042	0.81463702	-0.35058392
1.27201448	-0.06376150	0.05299248	-0.51284706	0.12069001	0.12312627
1.29729023	0.11994267	0.12852137	-1.01863253	0.79442295	0.34240035
1.13961684	0.00453631	0.18972050	-0.57774359	0.54918277	-0.25080836
0.74202372	-0.03544487	0.13748820	-0.97574197	-0.37000138	0.05882369
0.57364252	0.03046960	0.03275877	-0.29006092	-0.24452967	0.13199179
0.53598318	-0.04100045	-0.07984816	-1.03057728	-0.61026787	0.43134540
0.61902272	-0.17060212	-0.02817186	-0.44625675	-0.44289319	0.58944933
0.83003878	-0.19387944	-0.02281891	-0.65116094	-0.09829161	0.45920691
0.66396986	-0.17251988	-0.15209014	-0.25329510	-0.24155647	0.10400838
0.53709286	-0.07868354	-0.10337796	-0.05689486	0.13681581	0.32254909
0.74611063	-0.12602123	0.05801171	-0.08609053	0.16787513	0.18499485
0.63466121	-0.16511176	-0.02404750	0.24809369	0.48443297	0.04871453
0.31189679	0.02103909	0.01287702	-0.35759000	0.87693838	0.34375715
0.54969596	0.12979741	0.07290567	-0.32729830	-0.07477883	-0.02243434
1.09044963	0.00047882	-0.09601125	-0.66482367	-0.09752272	0.16549137
0.74688540	-0.00744537	-0.03527198	-0.66749579	0.62832596	0.19678878
1.19078804	-0.03432877	0.06288114	-0.61734773	0.30286063	0.32015368
0.81990042	-0.07198606	-0.07063777	-0.43995756	0.09084572	0.00967976
0.46292081	-0.09191353	-0.06976195	-0.62951625	-0.63099816	-0.06796220
0.82117201	-0.15864921	-0.09526784	-0.40435794	0.00525708	-0.05473954
0.71424970	-0.30255335	-0.21997589	-0.23867091	0.19015886	0.02941971
1.07075294	-0.32106368	-0.18483624	-0.46964199	-0.13447957	0.17750768
1.34775132	-0.48036815	-0.20681430	-0.56736934	0.02164821	-0.02641077
1.53419284	-0.30734121	-0.11088554	-0.53455596	-0.29582483	-0.19580810
1.56332036	-0.34809563	-0.12640845	-0.39549509	0.09081666	-0.43156527
1.52975002	-0.16132430	-0.12983648	-0.28936239	0.87690490	-0.48794787
1.49522212	-0.23006398	0.09868747	-0.02226372	-0.03333801	-0.44941908
1.01161398	-0.14353381	-0.03687695	-0.04847460	0.29076778	0.00599648
1.15110821	-0.04277566	0.00659718	-0.07005588	-0.17118446	0.16921777
0.93875037	-0.04660664	-0.04489088	-0.12983838	-0.03706279	0.20918571
0.85504141	0.04654952	0.12960318	-0.26555916	0.57520092	0.22589078
0.74490587	-0.09511360	-0.05375062	-0.19007426	0.36653782	0.00869464
1.01225895	-0.10448141	0.06396449	-0.38792687	-0.32496947	0.52370981
0.78641319	0.00937779	0.12293215	-0.44357722	0.15422822	-0.02898012
0.82240079	-0.14026915	-0.08521002	-0.43425752	0.43675036	-0.02806663
0.68181158	-0.07887522	0.07961121	-0.64278229	0.34772490	-0.24099493
0.75152167	-0.18677347	0.01078455	-0.73518400	0.39339952	-0.22598392
0.53541543	0.01145803	0.16928175	-0.73072339	0.04352005	-0.27903107
0.65686342	-0.20630083	0.21111008	-0.55118424	-0.09243009	0.06385928
