1.33378148	-0.58542455	-0.34354219	-0.55603141	-0.16253571	-0.55656231
1.69007275	-0.72405520	-0.17878137	-0.65026002	-0.07921987	-0.51154225
1.37102395	-0.47301862	0.05730076	0.05813321	-0.10951784	-0.85857602
1.72189344	0.10695558	-0.04603472	-0.39571945	-1.17592145	-0.57493122
1.71604773	-0.06115746	-0.08257471	-1.19385036	0.18593748	-0.41655995
1.60702383	-0.34619207	-0.24137807	-1.57113814	0.01931969	0.15326456
1.46254814	-0.42200953	-0.04537963	-0.93826841	1.18092789	0.18918103
1.41022974	-0.16187748	-0.01868951	-1.04127461	0.84160113	-0.24261867
1.03501233	-0.32489610	0.05916640	-0.85817948	0.05770544	0.10048834
0.83993169	-0.06323963	-0.03972589	-0.90216149	0.03848286	0.34559625
0.76001097	-0.22541646	-0.06350298	-0.96066780	0.55153234	0.52374724
0.48588704	-0.11814349	-0.01597385	-1.49320770	-0.10701004	0.27366982
0.73235922	-0.36103046	0.00192474	-0.26231128	0.42986038	0.50223379
0.48535434	-0.22108893	0.01620819	-0.72050028	0.01457893	0.18417497
0.46128485	-0.12804018	0.03004939	-1.10050507	-0.20459011	-0.01888312
0.64598722	-0.16935413	0.05883635	-0.68786260	0.27045218	-0.00061526
0.40875148	-0.05280522	0.00946441	-0.44722249	0.41878466	0.13856170
0.70905234	-0.16126851	0.02690802	-0.55704654	0.34690639	-0.23860054
0.66627759	0.16999513	0.04721150	-0.99646969	0.22815276	-0.07765928
0.51888116	-0.20936509	0.12112816	-0.94896537	-0.28346021	-0.25359510
0.69897639	-0.11337620	0.10469536	-0.24287228	-0.92263042	-0.24915180
0.66350808	0.00382073	0.09958892	-0.66541377	-0.01466899	-0.26541222
0.78476635	-0.10670204	-0.11758169	-0.12073810	-0.39375230	-0.26287860
1.30965139	-0.23476611	0.13490150	-0.32072726	-0.50144101	-0.46964129
1.01271518	0.02383594	0.07933195	0.11929104	-0.03091846	-0.58874228
0.72544717	-0.02994184	0.14794055	-0.35972006	0.06159101	-0.53840129
0.78587992	-0.03685917	0.14444903	-0.02394481	1.17267783	-0.40908824
0.81453708	-0.23009876	0.15787887	0.42054722	-0.62765724	-0.45391347
0.82037868	-0.12310979	0.08691942	0.37918818	-0.27627534	0.07635397
0.61698168	-0.10586009	-0.18637117	-0.29645235	-0.29538830	-0.12371315
0.62056254	-0.06901807	-0.23261602	0.01873852	-2.16158315	0.29161607
1.02931768	-0.19571725	-0.27541456	-0.07801369	-1.10257330	0.94763595
1.64612222	-0.36423828	-0.37381691	-0.38561457	0.13691848	0.98756769
1.63083934	-0.49559925	-0.51570786	-0.02534289	0.76744716	0.19530369
1.38992842	-0.38449125	-0.10545584	0.11914536	0.65250119	-0.36809672
1.30409666	-0.14641904	0.14002429	0.15730102	-0.04458305	-0.13157318
1.35621418	0.03011988	0.09117343	0.36531553	-0.11943245	0.03339079
1.21257293	-0.01458117	-0.06639421	-0.07567895	-0.55189121	-0.21695453
1.20276188	-0.02745925	0.06070990	-0.02522883	0.63358421	-0.33562618
1.05227681	0.02586937	-0.01269065	-0.46498585	-0.16890658	-0.15817227
0.80248520	-0.06483988	0.09731316	-0.04480160	-0.75305879	-0.26173916
0.71366212	-0.07686779	0.13277124	-0.18292554	-0.22694246	0.55660297
0.75067341	-0.15230376	-0.01855038	0.24628842	-0.86525461	0.13483315
0.63894183	-0.16979213	-0.11292286	0.55610942	-0.96250836	0.27856801
0.65127906	-0.14695594	-0.23691792	0.48306081	-0.47277433	-0.03733834
0.62836474	-0.04911630	-0.16377567	0.32032140	-0.65891923	0.09501467
0.54502619	0.04522862	0.12775117	0.66504475	0.56233402	0.16183924
0.83560029	0.14014223	-0.02503896	0.85075044	0.93894906	0.02085370
0.70976477	0.13435897	0.17236214	0.52259130	1.02640972	-0.08406854
0.53586744	0.01598862	-0.00949409	0.26299257	0.48069414	-0.32769312
0.67909582	0.22875809	0.04877824	0.27918801	0.05461424	0.02845743
0.69953943	0.32011323	0.11789579	0.24483637	-0.01880371	0.13096760
0.59147536	0.16997234	-0.12435712	-0.27135887	-0.95315261	-0.01622713
0.68674913	0.05317201	-0.21273539	-0.34355524	-0.71232647	-0.07863843
0.78512834	-0.20071169	-0.07889456	-0.44222785	-1.11054250	-0.33019755
0.86513782	-0.31645457	-0.29004799	-0.11374953	-0.90712547	-0.02255435
1.14795769	-0.51081099	-0.23623173	0.16293660	-0.31469966	0.01435545
1.26692586	-0.50802911	-0.17033181	0.65374365	-1.28585705	-0.09161927
1.80609933	-0.35778332	-0.16352124	1.06989778	-1.34636160	0.04777714
1.64085379	-0.42630572	-0.00508772	0.32961332	-0.14161639	-0.64545151
1.42788194	-0.29851658	-0.19577648	0.28654669	-0.24152516	-0.50806216
1.36717799	-0.04653376	-0.02533398	0.55048897	0.02783780	0.06197201
1.15728460	-0.13947769	-0.01397102	1.00026128	-0.27017284	0.06987485
0.82892828	-0.08660233	0.05671728	0.48383520	0.37333139	0.00603464
0.96790873	-0.20442131	0.13200297	0.56825558	-0.23835309	0.10607012
0.74951749	-0.15019690	0.02372039	0.83638089	0.43099572	0.18087688
0.58987087	-0.07490621	0.08616339	0.94203848	-0.31836366	0.33180997
0.68311927	-0.14439118	0.00090329	0.64805285	-0.55023375	0.28733632
0.58347362	-0.12994457	0.11173219	0.77567310	-0.43304375	0.14606378
0.65541492	-0.13973854	0.00184291	0.76954075	-0.53757053	0.19269859
0.64849054	-0.01632323	0.07594752	0.46372118	-0.77478645	0.10233201
0.59103363	-0.12273564	0.10689117	0.14150894	-0.01559581	0.15593071
0.63415639	-0.25002625	0.01221931	0.29815865	-0.27875191	-0.56064835
0.61508656	-0.00529934	0.23063877	0.24178909	0.44510037	-0.39820332
0.58391066	-0.26248884	0.01832137	0.64433506	0.33280439	-0.08718656
0.50939275	-0.09619979	0.23904886	0.41750253	-0.21009763	-0.03480174
0.83258307	-0.19833561	-0.14108670	0.89399275	-0.95200115	-0.02675551
1.11862815	-0.22810779	-0.03024502	1.44605687	-0.33848330	-0.32368840
0.89328669	-0.15147273	-0.04746774	1.32058326	0.22148870	-0.42895818
0.63862912	-0.18546392	0.04112424	1.49327139	0.23283010	-0.01224242
0.74657495	-0.00463717	-0.07551684	0.70357624	0.58384905	-0.22930910
0.42589628	-0.02714222	-0.10393083	1.25470602	-0.57853198	-0.08381969
0.93421319	-0.05400376	-0.06054622	1.09207393	-0.42938026	0.64430909
1.39182658	-0.07024295	-0.31657589	0.71095665	-0.24257423	0.89906784
1.85422121	-0.12706693	-0.43168160	0.22526848	1.07519755	0.16571124
1.73503277	-0.41710073	-0.24388471	0.08255629	1.93623926	-0.75354671
1.21597200	-0.13201812	0.04461225	0.50026735	1.18729925	-0.54928804
1.07651182	0.11228158	0.43491566	0.69304095	-0.63331957	-0.28509733
1.00737690	0.06529778	0.18481141	-0.57922373	-0.41756090	-0.03627259
0.89032260	0.02892323	-0.18253977	0.11134784	0.92509453	-0.04879309
1.23133675	-0.10144822	0.01314865	-0.14216190	-0.32308647	-0.07940455
0.83717281	-0.14335663	0.05365227	0.36938030	0.37986403	-0.11730140
0.94373444	-0.09674682	0.05826765	0.44057609	-0.60461139	-0.16888557
0.78567151	-0.21766123	0.21172370	0.44298227	-0.44499860	0.31462196
0.64653307	-0.06106885	0.11066675	0.29279995	-0.57351910	0.39681983
0.89382804	-0.05901561	-0.08843885	0.40530037	-0.62388336	0.50469133
0.69027611	-0.10078384	-0.03733138	0.21225566	-0.56527430	0.16833589
0.78726039	-0.05315368	-0.14623867	0.72438331	1.59587760	0.15958951
0.76540504	-0.10816287	0.05709944	0.71747153	0.67107418	-0.12498690
0.71155384	0.05931503	0.07918044	0.57580026	0.30876606	-0.01907168
0.71642423	-0.04861102	0.04664092	0.50988836	0.62937964	0.13106417
0.48483408	0.14856752	0.09964072	0.23840720	0.02231706	-0.24367659
0.76342153	0.13851979	0.19358792	0.12556532	0.39860883	-0.04507661
0.99861361	-0.05347656	0.10898607	-0.00678594	-0.35663221	-0.18792268
0.67509201	0.06563620	0.10505156	-0.21458025	0.34591687	0.03291558
0.97647250	-0.06244193	-0.11450838	0.22376182	-0.41749369	-0.10872041
0.73852945	-0.10755753	-0.19636673	0.32355543	-0.40239084	-0.13618124
0.53103204	-0.29836700	-0.11849000	-0.06557924	-0.40607299	-0.35021512
0.87596784	-0.35951266	-0.01571170	0.06753747	-0.39836585	-0.01635560
1.24516009	-0.41132974	-0.14669723	0.26392779	-1.20578501	-0.08912559
1.71060563	-0.54576730	-0.08370771	0.40483184	-0.69885514	-0.39530588
1.73251497	-0.34724296	-0.17281229	0.92306474	-0.03374334	-0.02278788
1.67009142	-0.18704716	-0.03597904	1.01828372	-1.03102009	-0.44413108
1.32378122	-0.25065065	-0.03839773	0.62946049	-0.91502797	-0.09479832
1.11239116	-0.01620147	0.05822941	0.68209667	-0.27801707	0.17694447
1.12884280	-0.11892020	-0.06857623	1.17150491	-0.62864889	0.24748657
0.76192568	-0.05900576	0.09163173	0.68147219	0.20694605	0.21944797
0.96266204	-0.14921325	-0.08668273	0.62238575	0.24136313	0.15555456
0.50391768	-0.17850770	-0.01195962	0.90168450	0.32021147	0.28119931
0.81382767	0.00454794	0.03010658	0.87031899	0.10440927	-0.12582393
0.56662647	0.00819315	0.00446316	0.08175618	-0.37608418	0.15365118
0.68082306	0.01241612	0.02473179	0.75085554	-0.30782492	0.19078988
0.56523387	-0.16793052	0.00026596	0.81731165	-0.31228435	-0.04044504
0.62609884	-0.25690971	-0.01503726	0.44471306	-0.16076399	-0.25172668
0.70041176	-0.04272781	-0.02810325	0.58358944	-0.46225893	-0.44226631
0.70669216	0.06384790	0.03274538	0.80710457	0.06861402	-0.13527675
0.52585214	-0.13307173	0.12592515	0.53240291	0.43493999	-0.32043241
0.60933016	0.00315601	0.11846901	0.61244579	-0.64248763	-0.22049726
