0.66923752	-0.05815538	-0.17030241	0.30403208	0.47466630	0.58836216
0.49326397	-0.09635497	-0.21471038	0.30633700	0.24670095	0.46663946
0.64593918	-0.23728227	-0.10488630	0.18562195	0.09790572	0.42168257
0.74585505	-0.33756112	-0.09795576	0.13976931	0.09885446	0.38662135
0.81854750	-0.24601229	-0.11731968	0.43915997	0.08132421	0.24368058
0.94865193	-0.45830837	0.01697038	0.42519664	0.09691890	-0.03385443
1.09320140	-0.25378455	0.08285945	0.46322287	-0.05910139	0.23230617
1.05007108	-0.13652987	-0.06697009	0.13765297	-0.18486879	-0.06904073
1.03082273	-0.33130748	-0.14818888	0.25075942	-0.21001650	-0.31071506
1.21033346	-0.42940322	-0.15734785	-0.03365198	-0.46490181	-0.03410899
1.23088242	-0.45046778	-0.36485144	0.34751073	-0.55402962	-0.06800468
0.97909052	-0.50550681	-0.27873598	0.62911421	-0.21845678	-0.22747398
1.04537207	-0.29994237	-0.22931940	0.06597251	0.29013111	-0.46126636
0.96606942	-0.37018498	-0.39562792	-0.11098529	0.18635990	-0.51089913
0.70223596	-0.38208065	-0.42926032	-0.86475758	-0.30371941	-0.33269071
0.73430655	-0.23251611	-0.39176694	-0.81200816	-0.15372928	-0.18508980
0.64759221	-0.33013825	-0.46439772	-0.54509495	-0.27240477	-0.17149827
0.87422678	-0.39839679	-0.37631578	-0.63300310	-0.13198896	-0.39975668
0.89927126	-0.58148414	-0.41351847	0.10735699	0.36276753	-0.48368586
0.72202408	-0.38835708	-0.39790060	0.06967377	0.25033733	-0.75954694
0.91732230	-0.39839104	-0.29112504	-0.19907744	0.26093400	-0.97672762
0.84143146	-0.31012909	-0.27130825	0.06587436	0.38150562	-0.80814287
0.66451228	-0.14760824	-0.21324259	0.03166536	0.06927440	-0.71622639
0.65447293	-0.10855866	-0.33372015	-0.01781894	-0.14219112	-0.64160189
0.57559090	-0.16090606	-0.30599641	-0.01035042	-0.03596092	-0.54430129
0.61668193	-0.08368924	-0.28879178	-0.12159907	-0.17089005	-0.46171063
0.79167465	-0.14081535	-0.27477426	-0.21922346	-0.16334740	-0.28077888
0.62050720	-0.22680930	-0.16069085	-0.19182303	-0.10512073	-0.50304180
0.63952444	-0.21250483	-0.13641939	0.32293687	0.06844229	-0.40465811
0.66088561	-0.14534027	-0.17820468	0.11328647	-0.08301299	-0.57485445
0.69636927	-0.02470260	-0.12014937	0.65683467	-0.36351130	-0.47408161
0.65880804	-0.13944818	-0.22719350	0.38505794	-0.42515059	-0.40308829
0.60650787	-0.05827902	-0.28662488	0.55074260	-0.61955190	-0.56584170
0.95812469	-0.03969345	-0.30756400	0.48791178	-0.26086458	-0.40289861
0.84198443	-0.00672809	-0.27079406	0.59936984	-0.22387273	-0.44549476
0.99041405	-0.06721627	-0.12643952	-0.02001785	-0.15685431	-0.18475974
0.98791735	-0.00259691	-0.24912135	0.60050295	-0.26572805	-0.59106306
1.26375789	0.04464113	-0.11979155	0.13709600	-0.19461394	-0.76716128
1.17604213	-0.20077233	-0.18587846	0.59900327	-0.43731522	-0.29504578
1.20628011	-0.16757859	-0.34421905	1.11966223	-0.18903892	-0.12340176
1.23437200	-0.32839710	-0.29355381	1.03320622	-0.41070655	-0.03935509
1.33909031	-0.33282234	-0.44767010	1.00089743	-0.13677289	-0.12238941
1.24508232	-0.43976745	-0.60133045	1.16891080	-0.14232500	-0.21174848
1.26570996	-0.42997756	-0.57981534	0.98043250	0.05898561	0.13435332
1.01907861	-0.45309555	-0.59862429	1.39999689	0.21830311	0.00313729
0.79901820	-0.47858655	-0.49548482	0.98679792	0.23293973	-0.35232074
0.78429033	-0.22947411	-0.45285131	0.76504945	-0.09926878	-0.72836999
0.68919424	-0.36767876	-0.25918510	0.98636230	-0.04877752	-0.54014090
0.78672649	-0.45501954	-0.31977346	0.99479611	-0.47594924	-0.62103310
1.02398455	-0.42566981	-0.33662269	1.00880300	-0.70282702	-0.62216267
0.90229142	-0.36177669	-0.51414082	1.22622683	-0.13533276	-0.38062672
0.86558268	-0.30212639	-0.45793596	1.12508236	0.25769020	-0.48750361
0.68372751	-0.39870452	-0.33150581	1.11482059	0.10923603	-0.36523597
0.57120209	-0.36766729	-0.32995571	1.03333850	0.17718811	-0.29153474
0.74204663	-0.21466180	-0.37802950	1.56999980	-0.04551983	-0.65423041
0.62741746	-0.22367618	-0.28018312	1.12496119	-0.06057964	-0.28837898
0.50781161	-0.33261543	-0.14315153	2.17430044	-0.00879466	-0.29479586
0.63587733	-0.19691897	-0.27774063	1.64657879	0.05959730	0.01271185
0.74258759	-0.12151315	-0.16679982	1.37348801	0.13591159	-0.16616211
0.54310268	-0.11825597	-0.21639707	1.08838143	0.31660956	-0.16931264
0.64189902	-0.16599201	-0.22263632	1.32880590	0.25880568	-0.03654807
0.77331884	-0.24999675	-0.13551173	1.14968642	0.23018301	-0.01723195
0.42738326	-0.32769118	-0.08997174	1.11569637	0.06090430	0.04443317
0.68235642	-0.26515086	-0.03579464	0.70341495	-0.00350607	-0.16595698
0.76246397	-0.25650566	-0.07190147	0.99877492	-0.17441305	0.11236589
0.72091339	-0.24829686	-0.17191162	0.64556316	-0.06805684	0.03702775
0.75323840	-0.08043497	-0.01871805	0.84353956	-0.21599002	0.13262070
0.65891922	-0.09197234	0.03788776	0.80385027	-0.03960648	0.09016535
0.95102393	-0.28208154	-0.15584782	0.66964443	-0.23991384	0.24220466
1.05985782	-0.12058577	-0.09222839	0.10377185	-0.46633023	0.10721962
1.34590334	-0.32389019	-0.17388378	0.15810070	-1.03511704	0.54133879
1.18898816	-0.32312850	-0.28334563	0.58294380	-0.55066038	0.28949204
1.40852156	-0.60379559	-0.37749496	0.82131758	-0.24340791	0.25760741
1.54460113	-0.62821599	-0.31928596	0.88272386	0.38137958	0.15520147
1.17694560	-0.61878630	-0.31328617	1.20825660	0.15813885	-0.27775829
1.05350882	-0.44119352	-0.40342388	-0.01138946	-0.21660245	-0.06360293
0.49889203	-0.30613872	-0.26261221	0.24351607	-0.34311156	-0.07674836
0.86636425	-0.34535305	-0.37567515	-0.01061465	-0.47454922	-0.09059469
0.98643192	-0.46648364	-0.41309629	0.28335638	-0.04122275	-0.16915280
0.92987856	-0.33065446	-0.34197400	0.47146960	-0.06064812	-0.20289975
0.90584743	-0.29787604	-0.34111039	0.45557038	0.17735470	-0.46185957
0.79203962	-0.17315266	-0.46849439	-0.16913911	0.13601654	-0.36716736
0.66494818	-0.24635177	-0.30091809	0.19873488	-0.00127684	-0.54677974
0.72130711	-0.06469031	-0.40165566	-0.26124521	-0.07386652	-0.35273690
0.77748437	-0.04139251	-0.11382913	-0.53433124	0.07189175	-0.21380191
0.71707198	-0.17493252	-0.28781698	-0.10722070	-0.04481430	-0.21369823
0.71712526	-0.13652154	-0.28847784	-0.65572882	-0.06864883	-0.56947774
0.69054939	-0.11364686	-0.22255123	-0.66884472	0.20036828	-0.40626799
0.52820298	-0.16641355	-0.20036641	-0.54175636	-0.11912410	-0.42661832
0.45932139	0.01276452	-0.17909184	-0.00449150	-0.15884596	-0.36769431
0.70497946	0.07328130	-0.27330726	-0.18179675	0.11311597	-0.46059607
0.58076039	-0.08076414	-0.18474543	-0.49861148	-0.22446665	-0.21224527
0.66565834	-0.10851171	-0.21708644	-0.15781673	-0.20316605	-0.32948750
0.68527007	-0.03990352	-0.16346345	-0.16769671	-0.35097509	-0.45433820
0.68969623	-0.19934254	-0.22616663	0.02044002	-0.20225543	-0.20365409
0.55787120	-0.05554010	-0.24981951	0.07203993	-0.30713447	-0.19709511
0.89726872	-0.18432760	-0.35071284	-0.17022280	-0.33906029	-0.22370057
0.91400083	0.04672734	-0.20737919	0.07306785	-0.20707690	0.04060293
1.20091955	-0.15520105	-0.22257082	-0.12083708	-0.28717911	-0.07339967
1.30274592	-0.16802664	-0.23670609	0.00263895	-0.14309474	-0.01558976
1.33564224	-0.08895225	-0.32761318	0.03636614	-0.17140409	0.40222150
1.18171701	-0.37567210	-0.45128552	0.68133110	-0.06118192	0.30612757
1.29037884	-0.45220794	-0.47601178	0.77150243	-0.04882716	0.14716140
1.12392771	-0.32245852	-0.55257775	0.06341161	-0.10928447	0.35466567
1.12222637	-0.38669301	-0.61694915	0.48789756	0.10579316	0.11158988
0.92267350	-0.39608826	-0.54168716	0.96083232	0.38010092	-0.13920638
0.98602644	-0.31770050	-0.42566303	0.64040401	0.17534953	0.15833564
0.74024404	-0.32501607	-0.31401246	0.27286684	0.06788372	-0.02014140
0.61023596	-0.17569180	-0.38510380	0.65616358	0.16763993	0.01949110
0.79813913	-0.23575836	-0.24040854	-0.17266947	0.24186245	0.01225005
0.81959754	-0.29663703	-0.30455939	-0.02266658	0.09858496	-0.04162754
0.87125002	-0.17800808	-0.32981331	-0.00878730	-0.02477887	0.06089892
0.85940230	-0.18564235	-0.26228131	-0.05751121	0.18051667	0.18372581
0.80318518	-0.20014573	-0.24535522	-0.09703497	0.66193729	0.33578100
0.83493321	-0.22664178	-0.27415011	0.10093343	0.64430527	0.37320888
0.59226297	-0.21613590	-0.22843971	0.14833955	0.79544738	0.27633313
0.65885950	-0.26024564	-0.29023303	0.00882421	0.85668351	0.60803938
0.42195985	-0.34739759	-0.19977067	0.35351852	0.30388312	0.33304338
0.71404064	-0.22881042	-0.24891657	-0.22185618	0.35535300	0.14887352
0.53447853	-0.26533370	-0.17478665	-0.02704360	0.35085082	0.29083611
0.45114243	-0.23016728	-0.18012964	0.04835965	-0.17041485	0.24449047
0.59986097	-0.02458980	-0.22415299	0.44480388	0.23803648	0.38163602
0.67006365	-0.16381324	-0.29051940	-0.55918382	0.40483606	0.33903663
0.61891902	-0.25798004	0.04178633	0.01049265	0.11157012	0.26316067
0.74612823	-0.25101580	-0.04457101	-0.34600145	-0.03746729	0.43000182
0.85267654	-0.22114904	-0.12037461	-0.21402990	-0.03097136	0.47870411
0.84476210	-0.36182799	-0.14159964	-0.04790469	0.01428991	0.34660621
0.92258793	-0.17264908	0.00069303	-0.08315816	0.23500041	0.29873409
