1.30788238	-0.30851851	-0.53088160	-0.51396671	0.16813837	0.43090461
1.24807373	-0.35137953	-0.47377107	-0.09221699	-0.29399261	0.41763837
1.21464740	-0.47268745	-0.57770003	-0.19445635	0.34605670	0.12217084
1.02375819	-0.30240744	-0.68242409	-0.02884634	0.21898594	0.13149474
0.84345575	-0.34324941	-0.47619058	0.05896493	0.44187983	0.00829356
0.74903615	-0.39936350	-0.51800470	-0.37292132	0.45777913	0.19327354
0.65068313	-0.29442788	-0.45283483	-0.23140241	0.56753385	-0.07251867
0.61358579	-0.22920291	-0.46324324	-0.22115428	0.10527144	-0.11904539
0.69838736	-0.24759262	-0.24407699	-0.34637047	0.67235266	-0.02721702
0.67931296	-0.24792213	-0.25586806	0.21232982	0.29930744	0.00342681
0.76406874	-0.19478975	-0.28479468	0.03623107	-0.25473741	0.29632982
0.83406754	-0.17233438	-0.39735133	-0.03829727	0.08810947	0.36538194
0.86958045	-0.22209798	-0.32444650	0.06517652	0.09817663	0.48757468
0.76101905	-0.28196761	-0.29421151	-0.27664112	0.23297525	0.06011400
0.74051124	-0.24886108	-0.24567484	-0.15994157	0.24937694	0.19263361
0.82423690	-0.27847776	-0.28068124	0.26271473	0.64208322	0.39010967
0.74345062	-0.38581455	-0.14847808	0.31161583	0.17194029	-0.05190175
0.53541739	-0.27872113	-0.20626991	0.08746066	0.60599091	0.09421488
0.62071828	-0.23249677	-0.28389722	0.04673534	0.07494696	0.11852270
0.45538956	-0.21613271	-0.16495679	0.02226982	0.46873328	0.37553985
0.55390338	-0.12859778	-0.24773299	-0.03735259	0.18458443	0.33231635
0.48237746	-0.28306563	-0.16206907	0.16301476	0.19012771	0.21775790
0.70503445	-0.27026904	-0.22587284	0.19841255	0.45449170	0.27306826
0.88083731	-0.23384348	0.06736022	0.12804286	0.39111565	0.00108233
0.94277341	-0.28736742	-0.06810846	0.39974960	0.39813377	-0.04970444
1.11870486	-0.24030242	-0.22552457	0.08487765	0.16470531	-0.27043801
1.23062016	-0.15443002	0.04583890	-0.21391459	-0.41304953	0.00199701
1.08297630	-0.21846361	-0.06725767	-0.22567971	-0.48564237	0.54577168
1.07591302	-0.38595151	-0.33499819	-0.03769272	-0.59512828	0.09888892
1.25604058	-0.55804606	-0.30154234	-0.16959522	-0.15610132	0.21430997
1.21551128	-0.41259327	-0.28780299	-0.09050491	0.23449997	-0.20703857
1.06041792	-0.42512703	-0.53082901	0.11522210	0.69360356	-0.47477096
0.79886277	-0.22408302	-0.19053048	-0.57445375	0.44599176	-0.15630983
0.56099369	-0.21423749	-0.43235657	-0.61880383	-0.13670232	0.13655219
0.54821916	-0.31128750	-0.43455133	-0.86004915	-0.21440487	0.03477192
0.84567156	-0.40006476	-0.31962158	-0.77206309	-0.18386101	-0.02426873
1.04840205	-0.34942980	-0.34344127	-0.66342845	0.49987962	-0.46173769
0.73252992	-0.30690689	-0.20658465	-0.60220794	0.68385433	-0.43866719
0.93472251	-0.38532177	-0.29796127	-0.70467151	-0.21129058	-0.41878703
0.69388550	-0.31005632	-0.19158698	-0.85283336	-0.14637177	-0.85338589
0.66817554	-0.30464026	-0.30444138	-0.16830557	0.01698253	-0.14010758
0.79979450	-0.29626808	-0.35244506	-1.24473390	0.14669203	-0.07235531
0.79397205	-0.13358953	-0.37417312	-1.01401120	-0.07468751	-0.47502005
0.77657810	-0.09598689	-0.28607409	-0.89453749	0.12087842	-0.18361877
0.48168925	-0.26368011	-0.16983628	-1.10866603	0.49588580	-0.19135013
0.54463394	-0.19231426	-0.34711349	-1.12311362	-0.11159291	-0.26887220
0.53984276	-0.08132285	-0.36260420	-0.45110577	-0.62196092	-0.27872757
0.60106999	-0.22281789	-0.13233264	-0.56727517	-0.13650067	-0.12409640
0.39046189	-0.18763489	-0.34450007	-0.50083056	0.12897978	-0.05153780
0.49636247	-0.18255077	-0.24303615	-0.25166431	-0.33536374	-0.24154560
0.62652793	-0.12740115	-0.03564735	-0.04714001	-0.66133646	-0.14532958
0.88645344	-0.04898777	-0.23327772	-0.22005399	0.08506579	-0.12600820
0.82178437	-0.06681387	-0.29404768	-0.36970774	-0.37385327	0.07927735
1.14789538	-0.08056000	-0.29350026	-0.42435001	-0.34936215	-0.05042526
1.15917998	-0.07964863	-0.25325630	-0.57941570	-0.21728147	-0.04440513
1.29534167	-0.23674074	-0.35149799	-0.44259878	-0.43393666	0.07109774
1.33705309	-0.36390519	-0.24159081	0.30598591	-0.20747163	0.08591873
1.12775402	-0.39062665	-0.38993694	-0.09469629	-0.18314005	0.22006443
1.38954514	-0.28576650	-0.65977869	0.28673834	-0.31942690	0.32352632
1.36814133	-0.38508444	-0.71480664	-0.10969344	0.17643702	0.27289499
1.02788846	-0.44738542	-0.71148775	0.00541011	0.69757954	0.35383857
0.97571415	-0.49997492	-0.74757108	-0.12352920	1.40962671	-0.24914414
0.85517529	-0.31718597	-0.50672422	-0.28169835	1.05793814	-0.01828823
0.80377919	-0.39130338	-0.32707215	0.29352722	0.72273348	-0.08151947
0.81160717	-0.28289008	-0.30707178	0.29026491	0.07495906	-0.26578376
0.77845242	-0.13674644	-0.39578748	0.10574973	-0.03032102	-0.00839547
0.86388380	-0.20699942	-0.34771193	-0.03895234	-0.33485329	0.27807346
0.89977153	-0.16779413	-0.46530398	-0.24676701	0.02697837	0.00184318
0.92192484	-0.31925791	-0.33845445	0.19159643	0.20730849	0.08768301
0.83081819	-0.29199594	-0.35283778	0.22943502	0.27987340	0.23863888
0.86987305	-0.29114948	-0.33832473	0.60642492	0.01103800	0.32551380
0.73006873	-0.31266111	-0.14180967	0.75381972	-0.16324994	0.02730051
0.86945077	-0.23998119	-0.37635120	0.50419707	0.09033660	-0.10601263
0.64083871	-0.17631005	-0.09805297	0.55538865	0.15314836	0.10483943
0.65956287	-0.16887227	-0.22427046	1.10865746	0.14545991	0.16828822
0.64195713	-0.22712988	-0.28905887	0.36709370	0.00734948	-0.11116316
0.66686078	-0.23333826	-0.27553114	0.51874040	-0.00431435	0.26593289
0.53080123	-0.19402115	-0.17541045	0.15573389	0.25322839	0.20844095
0.58840051	-0.16795486	-0.28240965	0.17049869	0.52093607	0.28936416
0.59398460	-0.40670196	-0.06833595	0.44322118	0.00120087	0.19304721
0.47108154	-0.35350819	-0.14810132	0.12282305	-0.35765531	-0.20957370
0.53965204	-0.29228606	-0.01013642	0.38623935	-0.42375480	0.15716733
0.64728817	-0.27553366	-0.07483542	0.54693280	-0.10583661	0.27570970
0.80662087	-0.17045025	-0.10147395	0.82870744	-0.32284737	-0.03530460
0.94122256	-0.11636318	-0.15944070	0.13584411	-0.51165936	0.10372592
1.02606910	-0.11997693	-0.05091466	0.42027619	-0.97314944	-0.17190724
1.12734368	-0.27909769	-0.16100930	0.63206239	-0.83559978	-0.14630097
1.21943350	-0.43974391	-0.26271520	1.08824377	-1.62333747	-0.19937117
1.13863659	-0.62551675	-0.19069230	1.03793776	-1.04819396	-0.18971938
1.45669702	-0.58645361	-0.40581412	1.42804801	-0.24425670	-0.59096814
0.97767665	-0.55002322	-0.47485870	1.03950657	0.21506336	-0.37543451
0.85012888	-0.44604086	-0.53948901	0.54697756	-0.25136260	-0.52513882
0.60424158	-0.58280209	-0.32496107	0.06121530	-0.25904177	-0.57273640
0.68323185	-0.63747005	-0.26398993	0.54153895	-0.26570369	-0.68158794
0.68011404	-0.61144724	-0.27574182	0.42018679	-0.59349030	-0.97624090
0.80477585	-0.61537934	-0.34578205	0.99866507	-0.30294107	-0.70328582
0.70752947	-0.50279860	-0.31909770	0.47256101	-0.30488660	-0.66067270
0.86948372	-0.35592579	-0.24820055	1.39570666	-0.72676662	-0.99305527
0.64113079	-0.27650230	-0.32758855	0.79090437	-0.45167772	-0.99594408
0.72817410	-0.30275775	-0.36069308	0.62478557	-0.50068637	-0.78063951
0.68604857	-0.18386217	-0.46702007	0.32708546	-0.63887692	-0.88482800
0.72509509	-0.27570315	-0.32909285	0.36395293	-0.26101904	-1.06424080
0.70401666	-0.20950789	-0.43343642	0.83855279	0.05814633	-1.11463624
0.77517305	-0.15407943	-0.26651058	0.67075394	0.01103853	-1.13174991
0.71615093	-0.21568857	-0.21287179	0.57057183	0.33749548	-1.24133948
0.63266280	-0.15100028	-0.20010438	0.79871508	0.16196371	-1.25921689
0.60097323	-0.10352532	0.01499310	0.29363851	-0.27455617	-1.07079757
0.56255453	-0.11221948	-0.19296388	0.59780602	-0.32946669	-0.81295707
0.58520551	-0.06083848	-0.16132452	0.82022719	-0.54219203	-0.80345074
0.68315581	-0.08310771	-0.15994627	0.92417858	-0.17571997	-0.70727902
0.79872422	-0.08538664	-0.15866458	0.82278512	-0.19460593	-0.45446639
0.84568998	-0.01533474	-0.12784633	0.52517743	-0.57667096	-0.62487275
0.74811396	-0.16203194	-0.19629187	0.65829877	-0.33032014	-0.60801458
0.67521683	-0.06515511	-0.11681758	0.59032034	-0.05041303	-0.17800285
0.93294920	-0.04645381	-0.27158761	0.79592181	-0.06479378	-0.34258617
1.16494353	-0.04265422	-0.14830734	0.42320137	0.01068719	-0.17986521
1.21016820	-0.11658587	-0.16832228	0.67733348	0.27992198	-0.18441264
1.36453138	-0.00900128	-0.21571036	0.48066320	-0.13063871	0.20755840
1.27677206	-0.10916129	-0.20930790	0.71346503	-0.44784060	0.17705600
1.26244616	-0.09949537	-0.46662727	1.06062155	-0.18206761	0.04887459
1.56785342	-0.41442139	-0.49480765	0.71673551	-0.33985521	0.16170864
1.36777340	-0.40711265	-0.58878629	0.47287882	0.15283172	0.04086406
0.89986611	-0.36891814	-0.66128027	0.35380558	0.10050235	0.40476851
1.11755981	-0.34922624	-0.68536266	0.57093745	0.27356535	0.04713575
0.88008109	-0.33200011	-0.41990591	0.63282586	0.14939913	-0.18308477
0.68116387	-0.28332148	-0.44367507	0.87216857	-0.17166667	-0.16873728
0.77049493	-0.25127172	-0.20623063	0.54216439	-0.15516485	-0.03156609
0.82117455	-0.35471343	-0.26579608	0.76376418	-0.42500405	0.16260952
