0.88478759	-0.26635185	0.00501755	0.31352070	0.11067757	-0.00813303
1.17258486	-0.23903180	-0.06840238	-0.02378464	-0.06681935	-0.14197654
1.29278732	-0.31401368	0.04481143	-0.04272357	-0.22927503	0.15654893
1.31435444	-0.41327744	-0.24648061	-0.51539007	-0.35120231	-0.18140195
1.25618471	-0.55036068	-0.15055024	-0.26975704	0.02098340	-0.02480132
1.19643907	-0.55693392	-0.31093699	-0.07393147	0.40021289	0.09155921
0.90627625	-0.43283364	-0.28723882	-0.30945275	0.56597633	-0.56002333
0.75427137	-0.29555132	-0.31894400	-0.39178962	-0.06005066	-0.43438714
0.74169051	-0.19506694	-0.30196160	-0.92663381	-0.37531942	-0.03905873
0.68864331	-0.21918188	-0.33895716	-1.44857631	-0.10954553	-0.09685077
0.83708616	-0.26637748	-0.37753349	-1.06000960	-0.08245400	-0.06100636
0.95949148	-0.38932865	-0.38468704	-1.21165832	0.11590290	-0.09621909
0.76500444	-0.29985478	-0.42259335	-1.09452771	0.17675106	-0.18092132
0.68262600	-0.31344990	-0.13766715	-0.79029919	0.16112129	-0.37563717
0.66586109	-0.20314006	-0.25601433	-1.07439109	0.01463213	-0.45343088
0.64275892	-0.35199782	-0.31360604	-0.65943472	-0.25193151	-0.16893676
0.68640638	-0.13305529	-0.18150720	-0.91935477	-0.54978385	-0.19185663
0.83718057	-0.02284387	-0.17250782	-0.85914292	-0.25891971	-0.27929964
0.73834647	-0.10757701	-0.27357267	-1.58033570	-0.24085834	-0.20395288
0.62954819	-0.05233620	-0.44206613	-1.76344967	-0.08661200	-0.30395362
0.54740479	-0.24785445	-0.25338687	-0.99450224	-0.14685778	-0.11041474
0.59314860	-0.19893627	-0.27625432	-1.23235053	-0.11865484	-0.31277572
0.63582313	-0.30932221	-0.03563819	-0.32611542	-0.06432035	-0.23455739
0.74897463	-0.13236908	-0.16855006	-0.05144922	-0.15215061	-0.00319020
0.77161768	-0.10054086	-0.28553780	-0.02395724	-0.41369439	-0.06345442
0.81346500	-0.03787099	-0.13477257	-0.59218431	-0.32429149	-0.19189389
0.95128769	-0.20070476	-0.25340049	-0.35018672	-0.29476585	-0.12333705
1.06403420	-0.14909830	-0.22039426	-0.91360320	-0.46755820	-0.03214155
1.16399812	-0.19177957	-0.31722117	-0.19461618	-0.14801159	-0.07187255
1.22819245	-0.31786872	-0.38382908	-0.49390875	0.08313081	-0.00410189
1.22751809	-0.36354147	-0.32843209	-0.13840074	-0.18765719	0.14378420
1.36129688	-0.33539400	-0.48766838	-0.28374587	0.23499862	0.42957414
1.28001422	-0.28480310	-0.60512160	-0.05479637	0.16426031	0.51774888
1.00923775	-0.43605124	-0.71508179	-0.01211450	0.26574007	0.22292334
0.94527813	-0.45337689	-0.54375173	0.18618111	0.56351410	0.18122915
0.71924339	-0.29484592	-0.28886148	0.33591161	0.53308833	0.07133681
0.74753954	-0.28148532	-0.34499952	0.10301168	0.21038386	-0.16532383
0.72617023	-0.18553324	-0.30223804	0.34351455	0.19500957	-0.15887348
0.81525773	-0.23029051	-0.34058278	0.23045185	0.24885605	-0.07847994
0.85534629	-0.23216346	-0.41426992	0.44602412	0.12870038	-0.02594861
0.91771299	-0.26906939	-0.22580316	0.08239704	0.06587826	0.11156199
0.98619069	-0.20657767	-0.15318881	0.85230065	0.30094177	0.01714354
0.66794716	-0.32464999	-0.28968405	0.23118905	0.11221795	0.07256388
0.70417460	-0.22104709	-0.30970136	0.60289838	0.25825239	0.19716229
0.64677271	-0.21590369	-0.18035206	0.09185432	0.34689458	0.31411974
0.59567289	-0.24344483	-0.07455303	0.28152191	0.24351778	0.21160687
0.69268430	-0.35600418	-0.14635571	0.60651843	0.10356446	0.07506660
0.58305410	-0.22461466	-0.13187783	0.07684090	0.14111314	0.13816347
0.58014065	-0.16084689	-0.09991913	0.38817959	0.00627596	0.11966817
0.52836829	0.01650752	-0.18562827	0.11569319	-0.11548734	0.41132398
0.64631729	-0.34384113	-0.25296557	0.62942769	0.13032680	0.48575541
0.61219312	-0.17781797	-0.23586695	0.34414395	-0.11273830	0.50660575
0.66840444	-0.22109860	-0.17753616	0.30946024	0.03824823	0.14342350
0.77823501	-0.30440450	-0.20273849	0.42333012	-0.06241774	0.40875234
0.89052576	-0.22035279	-0.10336146	0.34468160	0.09770658	0.10423086
1.10282509	-0.29217563	-0.12143303	0.33786783	-0.24441578	0.20716976
1.09830597	-0.24898953	-0.04384669	0.85503368	0.22297349	-0.01723410
1.09543622	-0.32246981	-0.29576079	-0.05074518	-0.35182270	-0.11401519
1.18131650	-0.30492908	-0.26764327	-0.26478722	-0.73419859	-0.08247156
1.22710478	-0.54864842	-0.40867532	-0.21854309	-0.27784153	-0.07625918
1.32345478	-0.65817727	-0.23767086	0.32544579	0.48482088	-0.35719013
1.25075875	-0.56881259	-0.28335314	0.54707171	0.51729596	-0.41149560
0.97724896	-0.28498713	-0.38350638	-0.84644360	0.32663441	-0.44430018
0.63619090	-0.22477069	-0.61635099	-0.34662627	-0.27210661	-0.26432035
0.44390013	-0.34303823	-0.55672933	-1.68271404	-0.11337909	-0.02367004
0.76132154	-0.37159605	-0.41935691	-0.46880210	0.17184868	0.02800670
0.82255960	-0.37633551	-0.30233385	-0.53361195	-0.03901335	-0.19671518
0.77845697	-0.37655780	-0.31215892	-0.44965473	0.37266093	-0.59384471
0.77357637	-0.48061113	-0.60761222	-0.25836588	0.09304192	-0.58837098
0.75944952	-0.40536529	-0.35819745	-0.38056436	0.35796691	-0.63088861
0.68317866	-0.29410877	-0.25089215	-0.20021352	0.25520787	-0.67035856
0.67026729	-0.24710624	-0.32911670	-0.38499920	0.06373124	-0.46312085
0.66751725	-0.23987232	-0.33670829	0.23088460	-0.10979319	-0.55292500
0.63166729	-0.13540995	-0.38643924	-0.71068750	-0.20494595	-0.36721194
0.70796074	-0.10139668	-0.37259210	-0.11368542	0.02314436	-0.47434706
0.51386345	-0.11251448	-0.23525927	-0.26956387	-0.03632248	-0.52081869
0.77644156	-0.23843981	-0.27524968	-0.43615739	0.12530827	-0.67797659
0.70249697	-0.25728216	-0.32469806	-0.00545066	0.06147533	-0.79083114
0.54589588	-0.18585090	-0.18640841	-0.12290482	0.02490404	-0.71121765
0.62071720	-0.13263455	-0.16808761	0.23314902	-0.28897469	-0.51440208
0.53690562	-0.03020642	-0.26446409	-0.12511649	-0.27193235	-0.33951568
0.79504899	-0.04481625	-0.28842514	0.42800626	-0.38182642	-0.29501607
0.87806984	-0.05578686	-0.24526950	-0.69732408	0.02576636	-0.32523007
0.81943355	-0.16016449	-0.09690986	-0.30199684	-0.29388910	-0.38450673
0.84011569	-0.08361796	-0.19260158	-0.24274721	-0.18663600	-0.48067784
1.11662789	-0.09686636	-0.23400111	-0.06571868	0.10850439	-0.45522096
1.24411381	-0.19582661	-0.08360549	-0.21708219	0.13833233	-0.28059211
1.15311005	-0.21700993	-0.12666722	0.80367222	-0.13102563	-0.07828487
1.17225547	-0.26215567	-0.42845227	1.23508356	-0.27600115	-0.02730912
1.31331936	-0.24802754	-0.59250652	0.70809653	-0.66641452	-0.04299992
1.23043208	-0.34293947	-0.64121288	0.89858147	-0.87696748	0.09863147
1.27096682	-0.57876987	-0.69381834	1.25518529	-0.07200781	0.24311304
0.93854135	-0.58367018	-0.72374645	0.69036962	0.62159185	-0.10081033
0.81143828	-0.43592987	-0.56025042	0.64791165	0.54612044	-0.27626981
0.76277519	-0.29379028	-0.57836050	0.67866268	0.30239092	-0.43486928
0.68390870	-0.31442532	-0.40713260	0.64547073	0.08872660	-0.55354195
0.66908134	-0.34506521	-0.31696515	0.71455938	0.04897868	-0.31473567
0.83257978	-0.33420907	-0.25561459	0.70437367	-0.27602779	-0.53033501
0.86096856	-0.26714516	-0.32546045	0.67528583	-0.22996502	-0.37187748
0.86164072	-0.29878340	-0.38439663	0.96014169	-0.23269806	-0.22519316
0.67513105	-0.29461445	-0.35299042	1.14197295	-0.22096061	-0.27481384
0.78718556	-0.40773771	-0.34422553	0.88752702	-0.05058869	-0.62676372
0.80449766	-0.26209633	-0.31876233	0.71500392	-0.26267355	-0.14483745
0.77352713	-0.35457082	-0.34492797	1.96869807	-0.08038586	-0.41065936
0.68745894	-0.23694785	-0.17773850	1.86235427	-0.03742520	0.00807712
0.52186544	-0.32850890	-0.17931159	1.76509514	-0.16268732	-0.25238015
0.56085615	-0.14412964	-0.30708758	1.52677426	-0.38408403	-0.24683428
0.65574241	-0.12238104	-0.12334371	1.33441078	-0.36358477	-0.09727744
0.65423652	-0.11231739	-0.26299311	1.49012914	0.25392233	0.04052318
0.66453370	-0.08598111	-0.21300996	1.23046309	0.16226043	0.27563026
0.68529587	-0.12744143	-0.18096229	1.06235429	-0.16642100	0.10099002
0.62359584	-0.27769239	-0.14384092	1.37840406	-0.31399836	0.40598710
0.72058385	-0.29912100	-0.10951839	1.19660833	-0.29601097	0.14112701
0.83792954	-0.14324118	-0.12866530	1.11430759	-0.09458704	0.13010807
0.96869120	-0.14929477	-0.10781153	1.24432497	0.19286504	0.03297051
1.07525107	-0.23632967	-0.11884073	0.98558369	-0.08324156	0.06412213
1.34506550	-0.21719405	-0.17719647	0.50463740	-0.61963467	-0.00877100
1.14274140	-0.31614815	-0.21282523	0.94259043	-0.97541205	-0.07374588
1.28504477	-0.51602554	-0.28706423	0.49842012	-0.76691277	0.12162056
1.11435768	-0.51458584	-0.38053531	0.84307393	-0.07314422	-0.27799928
1.10750253	-0.57389881	-0.41376010	1.09429982	0.30777006	-0.32746559
0.93603781	-0.52859057	-0.38794893	0.32743637	0.01245527	-0.26549913
0.67341374	-0.38274893	-0.36665665	0.47202660	-0.29772375	-0.02643135
0.63298134	-0.23733401	-0.51952540	-0.07089537	-0.40216834	-0.35132186
0.56423042	-0.41664987	-0.38807235	-0.73221227	-0.26184172	-0.32458856
0.92216010	-0.43329572	-0.44136211	-0.26144684	-0.41548333	-0.01840484
0.90969443	-0.43775276	-0.40440758	0.53152102	-0.16886494	-0.25751588
0.84963023	-0.33791385	-0.46621112	0.21847086	-0.03120605	-0.52114217
