0.56986245	-0.17762881	-0.18302937	-0.65003034	-0.21328694	-0.22554964
0.54284727	-0.31270481	-0.32303418	-0.52469613	-0.27061572	-0.32698764
0.60377099	-0.21317788	-0.18152665	-0.28301590	-0.36696804	-0.16474308
0.60963539	-0.05952600	-0.29184925	-0.13711456	-0.42461052	-0.11875177
0.77705968	-0.18416367	-0.35019727	-0.09024312	-0.36155823	-0.06778379
0.87827419	-0.06057101	-0.18228124	-0.62803891	-0.34283932	0.04559426
0.94502530	-0.12017993	-0.33677897	-0.62362842	-0.38354166	-0.17394868
1.09400728	-0.16058785	-0.23713711	-0.78341613	-0.17463359	0.09534951
1.32112705	-0.23508060	-0.32564125	-0.84080261	0.34456446	-0.02268953
1.15176424	-0.27901688	-0.29096457	-0.32321597	0.21202249	0.09814917
1.13026879	-0.27897488	-0.35913079	-0.05838310	0.28117390	0.12497519
1.04924245	-0.27210169	-0.38267604	0.15863676	0.13274405	0.35340855
0.98202556	-0.24184550	-0.66383806	-0.12670789	-0.08799687	0.26764472
1.03312442	-0.30839187	-0.63104908	0.33506959	0.22529810	0.52997597
1.01441389	-0.46796223	-0.68938031	0.36575173	0.21718303	0.35456042
0.99755984	-0.47408763	-0.58674697	-0.23445999	0.56946197	0.06652174
0.70508856	-0.29851870	-0.47086229	-0.09073617	0.47640489	0.02760643
0.71808157	-0.22395252	-0.48057197	0.17765805	0.02221261	-0.03946830
0.71021926	-0.11744196	-0.46766532	0.01709583	0.02354879	-0.13657156
0.83616414	-0.22729547	-0.35606834	-0.05688285	-0.07979463	0.01737779
0.82479592	-0.14350064	-0.22332301	-0.04441658	0.01479971	0.08493402
0.84340278	-0.28580453	-0.45146218	0.45181788	0.06296633	0.21691018
0.78001596	-0.27320997	-0.31797905	0.27839221	0.14388507	0.35331038
0.80948340	-0.26430347	-0.33297598	0.54124471	0.15141016	0.26825076
0.86527480	-0.34555082	-0.32349314	0.81098797	0.16300799	0.36023580
0.71831741	-0.30583834	-0.27280542	0.86764161	0.15405946	0.13978453
0.80035386	-0.32437575	-0.22611660	0.23849123	0.57384382	0.08141421
0.46597824	-0.16710598	-0.11967270	0.68999571	0.47303501	0.15144149
0.61132762	-0.14764113	-0.12810232	0.49681071	0.42166252	0.00218391
0.56392001	-0.18674953	-0.05883830	0.66605838	0.66260564	0.21282095
0.49082753	-0.23420353	-0.14149843	0.72126160	0.23833502	0.30179811
0.53475614	-0.20337479	-0.22018365	0.49722815	0.23058589	0.17188921
0.67746118	-0.19975241	-0.21927624	0.47134595	0.11936311	0.21550882
0.79534571	-0.36625414	-0.23925294	0.76325990	0.00126194	0.26720087
0.75388348	-0.24247948	-0.18169087	0.74061891	-0.16438734	0.20900161
0.93392543	-0.29355095	-0.12542324	0.59542897	0.06492675	0.01829354
0.97504558	-0.27794036	-0.07928143	0.63920859	0.10686659	0.01956109
1.09067374	-0.22081052	-0.14923374	0.78706196	-0.45553695	0.01263054
1.29430850	-0.23473620	-0.09407675	0.14754333	-0.35198030	0.29083209
1.28647653	-0.30265680	-0.21735574	0.58921360	-0.72974924	0.33266684
1.20314631	-0.47371960	-0.30245981	0.70800363	-0.73659617	0.21947092
1.15870362	-0.55803385	-0.42683935	0.39068001	-0.34206853	-0.09915604
1.04601022	-0.53194460	-0.33522381	0.73965027	-0.26552881	-0.31750534
0.81037089	-0.44406986	-0.31140821	0.60777512	-0.29490395	-0.51945368
0.63586189	-0.47477256	-0.55478533	0.27438095	-0.53246694	-0.38899812
0.43350054	-0.43318311	-0.38849188	0.42958498	-0.68365546	-0.38005442
0.78960706	-0.45083540	-0.31265650	0.53031209	-0.79995634	-0.28700076
0.82261323	-0.49044173	-0.50993109	0.32482790	-0.45826497	-0.17875596
0.80631041	-0.40468559	-0.43767581	0.61162587	-0.15665569	-0.24203036
0.74807395	-0.41652604	-0.33762626	0.36612832	-0.41503831	-0.22137664
0.75292818	-0.46091653	-0.47544198	0.56136404	-0.43184985	-0.75964786
0.82507987	-0.41316280	-0.24977746	0.38823466	-0.29117078	-0.84520442
0.89566539	-0.41337646	-0.32740257	0.39460359	-0.50853011	-0.74847133
0.76872104	-0.20803185	-0.31147271	0.25326565	-0.13445560	-0.48488806
0.88417586	-0.14607602	-0.34566858	-0.01339087	-0.06756804	-0.58670595
0.80271515	-0.21121328	-0.42493434	0.07982288	-0.15510279	-0.76264071
0.73242357	-0.17915978	-0.38000550	0.09051332	0.21914672	-0.42988144
0.68325900	-0.16672488	-0.25150606	0.35888453	-0.04514693	-0.62011390
0.58000439	-0.10810524	-0.20147698	0.32917094	0.12487510	-0.89429408
0.45039165	-0.19467472	-0.28008572	0.42986655	-0.25703828	-0.60680000
0.43179231	-0.17085689	-0.29045297	0.76723290	0.08916947	-0.79947179
0.66268370	-0.20609665	-0.12453464	0.64494040	-0.31585376	-0.63287706
0.71871836	-0.21979426	-0.35856341	0.41478057	-0.56666606	-0.65468395
0.66334842	-0.05145859	-0.18364929	0.50376805	-0.34191775	-0.66463302
0.70307157	-0.11488619	-0.34672666	0.62659030	-0.30931789	-0.38611039
0.78556040	-0.12665697	-0.18541901	0.41370338	-0.20846086	-0.27338474
0.87398838	-0.07728415	-0.28753630	0.27547347	-0.09268632	-0.25279789
1.06210395	-0.13691169	-0.08846062	0.28040591	-0.09013367	-0.20104530
1.07479860	-0.04787132	-0.26205592	-0.00949578	-0.08379184	-0.32819271
1.25249295	-0.19810122	-0.21508420	-0.20288977	-0.18837953	-0.48234657
1.29129684	-0.13329493	-0.15107389	0.33140188	-0.63694043	-0.22079663
1.34712367	-0.33052708	-0.38090005	0.55001825	-0.24669695	0.03804866
1.26579332	-0.27535340	-0.47065216	0.49736965	-0.39360001	-0.21956344
1.30211021	-0.29410199	-0.56551381	0.56934590	-0.32498097	0.18255821
1.16191247	-0.30448564	-0.66613949	0.96588868	-0.00323051	0.16349327
0.78844723	-0.41841563	-0.47640635	0.92494756	0.42514588	0.36798538
0.86204669	-0.45873280	-0.54466112	0.92726160	0.68862584	-0.12102066
0.64421584	-0.36323028	-0.56475891	0.79595463	0.43925361	-0.28761337
0.58576694	-0.29477364	-0.37564405	0.52448343	-0.15434531	-0.40898223
0.64687673	-0.36253975	-0.40524781	0.61159405	-0.32895393	-0.71649504
0.61522993	-0.30423107	-0.23142543	0.72607947	-0.31398288	-0.43852685
0.98198937	-0.19370023	-0.38311193	1.12558367	0.06012878	-0.23158432
0.90354835	-0.25868756	-0.35707992	0.93752875	0.14855051	-0.24612001
0.84547405	-0.13043457	-0.29799906	0.40286176	0.13961642	-0.12212921
0.79007751	-0.21114094	-0.39170470	0.44474484	0.16482505	-0.04915390
0.62106869	-0.15759793	-0.26678315	1.04814158	0.09854503	0.08764768
0.59903337	-0.29069692	-0.34097261	0.69841115	0.11392870	0.02753079
0.70802508	-0.22148790	-0.37272315	0.94094916	0.36589967	0.09472758
0.60372435	-0.21013701	-0.15075101	0.40731139	0.15881591	0.26496529
0.70296781	-0.18813598	-0.20263429	0.63317527	0.30884319	0.49410354
0.62331828	-0.18911921	-0.16525236	0.48075515	0.37353216	0.25526085
0.64672786	-0.12312159	-0.10965231	0.19455600	0.21882085	0.63156580
0.69767989	-0.19176911	-0.11645611	0.44968605	-0.02326805	0.58699058
0.83548792	-0.23702211	-0.23581218	0.14741132	0.11847467	0.83487570
0.85357729	-0.28571386	-0.11103159	0.10679630	0.14682631	0.49868179
1.02414732	-0.28870327	-0.07091047	0.31070111	0.49457136	-0.01426675
1.04373060	-0.20979553	-0.15113479	-0.21573831	0.06303510	0.13104484
0.97448816	-0.11592136	-0.08949893	0.01943818	0.19927939	0.03734518
1.21689421	-0.21310444	-0.03992971	-0.27044258	0.10211160	0.24180231
1.21137678	-0.22233337	-0.10385042	-0.07838003	-0.08023421	0.32041741
1.17439994	-0.40722212	-0.25207284	0.26601692	-0.37308941	0.14380457
1.09601125	-0.48471842	-0.31718316	0.01309479	-0.04416605	0.20761499
1.16701357	-0.58251969	-0.34369064	0.04318028	-0.01840029	0.17831028
0.80674601	-0.36271914	-0.41491902	-0.26908750	0.28529919	-0.24922301
0.76895290	-0.24076255	-0.21066702	-0.81736317	-0.20501531	-0.10575083
0.50945462	-0.29543124	-0.42423265	-0.77742643	-0.12897321	-0.08655891
0.84481875	-0.32743171	-0.42063893	-0.72415465	-0.24720878	0.37780072
0.86072023	-0.37897902	-0.49291554	-0.99637557	-0.04552850	0.18169448
0.89769143	-0.38670004	-0.31118668	-0.56460720	0.15939591	-0.09161282
0.76198562	-0.41992540	-0.34634491	-0.69071622	0.37921852	-0.44327066
0.85022617	-0.35616490	-0.21729792	-0.56409604	0.14068533	-0.14616746
0.65359819	-0.34080989	-0.30207145	-0.41288367	0.19609714	-0.09485189
0.84245725	-0.27937055	-0.19180532	-0.61171040	-0.09486861	-0.44613952
0.80212280	-0.18201655	-0.14996940	-0.07867131	-0.11205346	0.02311028
0.53454636	-0.12738869	-0.21280211	-1.05035926	-0.29030963	-0.32075610
0.75728999	-0.08907149	-0.30478230	-1.00490702	-0.39457836	-0.28710357
0.66848440	-0.19285012	-0.34179542	-1.53436032	-0.19233819	-0.27504978
0.56987612	-0.12177472	-0.25969216	-0.74951919	-0.20609992	-0.05138913
0.56189676	-0.11399127	-0.33449786	-1.11867507	-0.47382939	-0.19632634
0.43293302	-0.28300174	-0.23015249	-0.63282811	-0.44523252	0.08709210
0.63828423	-0.19603047	-0.15010021	-0.28690119	-0.16481854	0.32991580
0.66641870	-0.12646281	-0.22614002	-0.42158712	-0.38216517	-0.02557005
0.78512697	-0.14728013	-0.19077377	-0.40859365	-0.19130188	-0.09504810
0.77741468	-0.13884520	-0.28086058	-0.63217831	-0.26705499	-0.20698928
1.04199830	0.03330089	-0.26535413	-0.84596981	-0.12760070	0.12423159
1.16239937	-0.16326529	-0.24608822	-0.67205762	-0.24226247	0.23341112
1.24946312	-0.25725569	-0.38028236	-0.50771812	-0.01958147	0.28511302
1.29801445	-0.26831307	-0.42884411	-0.37280167	0.01291430	-0.08451007
