1.02382323	-0.07022199	0.06894794	-0.02566087	-0.01202610	0.00891542
1.02430152	-0.06885113	0.07666976	-0.01641094	-0.01001587	0.01102687
1.02138285	-0.07037260	0.07958041	-0.01588709	-0.00588302	0.01356107
1.02258930	-0.07119076	0.07848515	-0.00974732	0.00097167	0.01360263
1.02241592	-0.06982520	0.07393012	-0.01207488	-0.00412858	0.00867827
1.02381202	-0.07497010	0.07911054	-0.02839200	-0.00172138	0.00808263
1.02456620	-0.07218340	0.07261787	-0.05799340	0.00993061	0.00292679
1.02525163	-0.07007970	0.06903601	-0.04466198	0.00105425	0.00596994
1.02306233	-0.06528154	0.07251674	-0.02145107	0.00315672	0.01157682
1.01889609	-0.07342603	0.08564256	-0.02728789	0.01146177	0.00682463
1.01937895	-0.06952857	0.08675403	-0.02330556	0.00327470	0.00890375
1.02351485	-0.07259457	0.08542609	0.00018176	-0.00669490	0.00866226
1.02193913	-0.07548040	0.08688620	0.00169013	-0.00784738	0.01003029
1.02682003	-0.07205904	0.08381163	0.00781504	-0.01286788	0.00577692
1.02487047	-0.07137667	0.07855024	0.00462398	-0.00769574	0.00741830
1.02703435	-0.07354741	0.06713803	-0.01016381	-0.00818484	0.00653784
1.02398610	-0.06750884	0.06457918	-0.01361653	-0.00495305	0.01724471
1.02264374	-0.07444331	0.07011912	-0.02337797	-0.00246360	0.00777333
1.02335021	-0.07347393	0.07183511	-0.02454055	-0.00614061	0.00091728
1.02329202	-0.07562377	0.07683019	-0.01609069	0.00366443	0.00473885
1.02170401	-0.07413087	0.08311463	-0.00938701	0.00442783	0.00207700
1.02439995	-0.06697210	0.07485621	0.00039935	-0.00006338	0.01119981
1.02368470	-0.07179635	0.06973642	0.00168281	0.00857133	-0.00537726
1.02148513	-0.08019124	0.07237873	-0.00452512	0.00717997	0.00015465
1.02299320	-0.07423939	0.06898406	-0.00327397	0.00974272	0.00635389
1.02296262	-0.07486419	0.07615992	-0.00740531	0.00634219	0.00914250
1.02154141	-0.08532271	0.08150356	-0.00110531	-0.00075284	0.00961992
1.02265538	-0.08604920	0.08482400	-0.00077757	-0.00616252	0.00603666
1.02579314	-0.08108965	0.06840750	-0.00490561	0.00302931	-0.00523303
1.02309187	-0.07882125	0.06393117	-0.00098810	-0.01035911	0.00077636
1.02625623	-0.07989887	0.07517538	0.00976916	-0.00343946	-0.00215365
1.02315849	-0.07679480	0.07937354	0.01502721	-0.00213668	0.01427476
1.02246107	-0.07575627	0.08741486	0.02195934	-0.00905475	0.00449673
1.02435145	-0.07336709	0.08045576	0.00692974	-0.01356680	0.00442775
1.02243989	-0.07253644	0.07510648	0.00785326	-0.00902492	-0.01693328
1.02257730	-0.07439692	0.06992287	0.00319375	-0.00110667	-0.00213381
1.01930541	-0.06921639	0.07137332	0.01081427	-0.00886643	-0.00675394
1.02154047	-0.07574583	0.08034422	-0.00062497	-0.00016489	-0.00451508
1.02346702	-0.07562608	0.07845073	-0.00458805	-0.00847662	-0.01009782
1.02339911	-0.07122631	0.06978549	-0.01880403	-0.00776754	-0.00937610
1.02333934	-0.07310268	0.07367389	-0.00157208	-0.00626025	-0.00317236
1.02011994	-0.07783055	0.07363929	0.00080380	-0.00759295	-0.00943010
1.02393357	-0.07757453	0.07145930	-0.00635447	-0.00275088	0.00546425
1.02424902	-0.07297863	0.07575720	-0.00126248	-0.00227863	0.00002976
1.02198092	-0.07236499	0.08453533	-0.00043335	0.00245802	-0.01138134
1.02254542	-0.08056727	0.08544982	-0.00704919	-0.00709150	0.00052013
1.02336417	-0.07384542	0.07774927	0.00753405	-0.00936184	0.00563498
1.02796827	-0.07909075	0.07233700	0.00147263	-0.01795453	-0.00590138
1.02880039	-0.07417972	0.07187312	0.00768797	-0.01061766	0.00007763
1.02476867	-0.07670383	0.07857077	0.00122261	-0.01230203	0.00308853
1.02900158	-0.08537197	0.07659323	-0.00485137	-0.00512133	-0.00872554
1.02586839	-0.08178020	0.07284228	-0.00397997	-0.00588734	-0.00168769
1.02323386	-0.08031800	0.07454854	-0.00659577	-0.00585120	-0.00328620
1.02459549	-0.07817004	0.07476901	-0.00631674	-0.00391589	-0.00249771
1.02571383	-0.07423057	0.07430248	-0.00110370	-0.00294804	-0.01081284
1.02327750	-0.07629909	0.08275673	0.00610748	0.00297136	-0.00458397
1.02508855	-0.06547086	0.06787058	-0.00601739	-0.00046611	-0.01159602
1.02385375	-0.06741101	0.05889534	-0.00775169	0.00077959	-0.00646258
1.02659830	-0.07311813	0.06649402	-0.00286635	0.00193514	-0.01212778
1.02385341	-0.07256500	0.06967466	-0.01987342	0.00600965	-0.01214740
1.02420556	-0.07472665	0.07103942	-0.02129843	0.01080164	-0.00041708
1.02825579	-0.06554523	0.07481530	-0.00419953	0.01078819	-0.00639488
1.02838350	-0.07168078	0.06831958	-0.01186605	0.00606717	-0.00331249
1.02805063	-0.07374708	0.07562702	-0.00536849	0.00667530	-0.00241601
1.02443885	-0.07774417	0.07477902	0.00637853	0.01175854	-0.00542536
1.02489397	-0.07901690	0.07894622	0.00720347	-0.00074605	-0.00753682
1.02586000	-0.07654991	0.07811623	0.00663966	0.00752157	-0.00391250
1.02225774	-0.07411659	0.07314340	0.01864788	0.00452450	-0.00900006
1.02013738	-0.07212862	0.07480092	0.01971850	-0.00291318	-0.00936565
1.01939637	-0.07326387	0.06992612	0.02415383	-0.00654837	-0.00674704
1.01981782	-0.06390176	0.07372936	0.01121417	0.00453041	-0.00575743
1.02029741	-0.06009529	0.06787795	0.01320989	0.00250738	-0.00905080
1.02434334	-0.07237601	0.06357883	0.01465283	-0.00308691	-0.00388140
1.02691450	-0.06998477	0.07358093	0.00864474	0.00798087	-0.00989935
1.02321205	-0.06636616	0.06805624	0.01602819	0.00676847	-0.00532614
1.02034309	-0.06989915	0.07545470	0.01332589	0.00481840	-0.00628855
1.02309274	-0.06246346	0.07191735	0.01159971	0.00481861	-0.00924944
1.02188186	-0.06750978	0.06965841	0.00611885	0.00604125	-0.00744283
1.02195508	-0.06552247	0.07310273	0.00370772	0.00277262	-0.01019303
1.02260014	-0.06569236	0.07579280	0.00175144	0.00053347	-0.00331513
1.02343499	-0.07359841	0.07242704	0.00691857	-0.00119517	-0.01561489
1.02407558	-0.06809960	0.07287197	0.00184703	-0.00426894	-0.01264073
1.02420655	-0.06916377	0.07355578	0.00793420	-0.00280258	-0.01681277
1.02493308	-0.07462639	0.07387954	0.00232144	-0.00803461	-0.01224855
1.02518742	-0.07436146	0.06942439	0.00815323	-0.00772512	-0.01424283
1.02358438	-0.07381361	0.07146347	0.01191506	-0.01370828	-0.00936927
1.02035924	-0.07552675	0.06579922	0.01279133	-0.01338577	-0.02063622
1.02165122	-0.07720440	0.06773406	0.01743960	-0.01270295	-0.02692896
1.02102000	-0.07231554	0.07070823	-0.00154931	-0.00166912	-0.02317536
1.02621435	-0.07215788	0.07162407	-0.00036230	0.01101148	-0.01959060
1.02844061	-0.06311608	0.07135367	0.00146330	0.00232714	-0.01484822
1.02435680	-0.05746780	0.07397191	-0.01805854	0.00361343	-0.01514441
1.02175654	-0.06721636	0.07394772	-0.01193351	0.00169813	-0.01057624
1.02276761	-0.07200905	0.07472963	-0.01170324	-0.00093938	-0.01335615
1.02680688	-0.06321073	0.07316590	-0.00547033	-0.00107535	-0.01607738
1.02319965	-0.06665266	0.07313757	-0.00998658	-0.01855163	-0.01124884
1.02636186	-0.06342235	0.06894670	-0.01105321	-0.01000819	0.00011481
1.02476594	-0.06727872	0.07588376	-0.00310825	-0.01500494	-0.00609216
1.02560653	-0.07125665	0.07656847	-0.01476776	-0.01524964	-0.00169270
1.02561597	-0.06924541	0.07674703	0.00311708	-0.01011797	-0.01628008
1.02258371	-0.07181359	0.07611383	0.01829951	-0.02333139	-0.01601539
1.02456603	-0.07494641	0.07805518	0.01200258	-0.01236040	-0.01759979
1.02299375	-0.06824638	0.07229894	0.01372611	-0.02171470	-0.02270764
1.02305605	-0.06447989	0.06588161	0.02291528	-0.01659823	-0.02205936
1.02245420	-0.05848948	0.07275488	0.01568695	-0.00121208	-0.02112855
1.02504224	-0.05773656	0.07772013	0.01810118	0.00836071	-0.00821070
1.02705369	-0.04874500	0.07211597	0.01209424	0.00941832	-0.01263510
1.02435659	-0.06483202	0.07699058	0.00126756	0.01439805	-0.01655791
1.02382399	-0.06683225	0.07252967	0.00986026	0.01144567	-0.00811578
1.02292397	-0.05687826	0.07896066	-0.00414389	0.01151743	-0.01746362
1.02388868	-0.06130144	0.07991065	0.00014138	0.01279043	-0.01068536
1.02243293	-0.06109808	0.07533848	-0.01532946	0.00736902	-0.00292132
1.02001268	-0.05949698	0.07335646	-0.00655820	0.00897439	0.00572313
1.02111879	-0.05575717	0.07394046	0.01529566	-0.00548008	0.00967195
1.02464046	-0.06234365	0.07330525	0.00633284	-0.00347678	0.01411717
1.02228250	-0.06469537	0.07985795	0.00925642	-0.00384767	0.01642473
1.02584670	-0.06472245	0.07664907	0.00835471	-0.00423865	0.01941778
1.02754287	-0.06328549	0.07696566	0.01897103	-0.00636070	0.00146078
1.02526610	-0.06416719	0.07777052	0.01841714	-0.01090423	0.01253941
1.02451314	-0.06677013	0.07886179	0.01095946	-0.00878007	0.01029931
1.02519320	-0.05115838	0.07912291	0.00927739	-0.01042435	0.00947053
1.02548319	-0.05135106	0.08195023	-0.00536781	0.00138873	0.01815464
1.02530245	-0.05990031	0.07530897	0.00563567	-0.00312127	0.00001442
1.02504062	-0.06202386	0.06788722	0.01237216	-0.00603057	-0.00990150
1.02613617	-0.06926271	0.07275755	0.00000664	-0.00190967	-0.00110260
1.02700446	-0.06410998	0.06948782	-0.00421294	0.00744260	0.00137351
1.02581032	-0.06247638	0.06905302	0.00718320	0.01245638	-0.00130154
1.02294597	-0.06679396	0.06982872	0.00196973	0.00464084	0.00546548
