1.02164941	-0.14533110	-0.06208735	-0.00831885	0.00420863	0.00401641
1.02113353	-0.13714392	-0.06321776	-0.00925990	-0.00576859	0.00832842
1.01857562	-0.14142496	-0.06482050	-0.02079803	-0.01064217	0.01288612
1.02233319	-0.16022772	-0.05144812	-0.00714791	-0.00245755	0.00881517
1.03074328	-0.16203311	-0.06180976	-0.00223923	-0.00684797	0.00466148
1.02749331	-0.15740484	-0.06130484	-0.00926762	0.01879135	0.00698990
1.02520501	-0.15322766	-0.05850125	-0.00537922	0.01206276	0.00485205
1.02455568	-0.15344412	-0.04815372	-0.01253880	0.01250362	-0.00041441
1.01625150	-0.13968902	-0.04774339	-0.00971246	0.00690652	-0.02050248
1.01608529	-0.13687840	-0.05017966	-0.00842504	0.00160824	-0.01321155
1.02158693	-0.13845067	-0.05125969	-0.00140973	-0.00104667	0.00088971
1.01787443	-0.15091057	-0.06363280	0.00237929	0.00995285	0.01057454
1.02111814	-0.15162384	-0.05706773	0.01034083	0.00209037	0.00784542
1.02106094	-0.15725289	-0.05774163	0.00880222	0.01761831	-0.00057871
1.01612497	-0.15897500	-0.05897844	0.00465688	-0.01067485	0.00063973
1.02033092	-0.14472039	-0.05725179	0.00458270	0.01872729	0.00794001
1.02049032	-0.14069249	-0.05796110	-0.01182017	-0.00106314	0.01400825
1.02047981	-0.13276233	-0.05974563	-0.01779121	0.00426459	0.00660372
1.02179481	-0.14151211	-0.05836988	-0.01957802	0.01450890	0.00293812
1.02243342	-0.14638233	-0.05724158	-0.01043510	-0.00400185	0.00149717
1.02069927	-0.15054801	-0.05740152	-0.01772986	0.00470098	-0.00985148
1.02158343	-0.14647964	-0.05341656	-0.01123989	0.01038759	-0.00526788
1.02138363	-0.15180781	-0.05626567	-0.00937858	0.00481888	0.00154837
1.01797506	-0.15053922	-0.05551537	-0.01293969	-0.00016573	0.00488372
1.01886814	-0.15198697	-0.05358268	0.00005614	0.00675430	0.00211476
1.02302609	-0.15303123	-0.06204445	0.01488815	0.01827670	-0.00368417
1.02889303	-0.14655884	-0.05915631	0.01222803	0.04138059	-0.00810207
1.03104254	-0.15027210	-0.04510464	-0.00180887	0.03920114	0.00242784
1.02974569	-0.14494388	-0.03320330	0.00332838	0.04250564	0.01425730
1.02751802	-0.14313925	-0.04939172	-0.00785841	0.03755704	0.01309356
1.02212044	-0.13500739	-0.05903850	-0.02051033	0.02714945	0.02207959
1.02266436	-0.13739685	-0.05391844	-0.02237625	0.03734431	0.02229372
1.02231258	-0.14365298	-0.05508332	-0.01460689	0.01348051	0.01038036
1.02851283	-0.14852196	-0.06049514	-0.00693563	0.02809484	-0.00713005
1.02990218	-0.14922575	-0.05616627	-0.00060445	0.01777630	-0.01134421
1.02432189	-0.15452555	-0.05552241	0.01521763	0.01941427	0.00589779
1.01982713	-0.15021052	-0.04661586	0.00572401	-0.01962302	0.00217675
1.02058272	-0.14973153	-0.04888072	0.02119700	-0.03160830	0.00391256
1.02164495	-0.14822127	-0.05684920	0.02237897	-0.02795923	0.00425242
1.02108733	-0.15052891	-0.05421691	0.03182873	-0.01489680	-0.00049400
1.02150064	-0.14522300	-0.04621446	0.02473635	-0.04158972	-0.01007546
1.01909317	-0.13923381	-0.04151338	0.01532601	-0.03917633	-0.00019488
1.02212449	-0.14796004	-0.04142091	0.00773150	-0.01798881	-0.00397775
1.02282406	-0.13808567	-0.04701585	0.00430163	-0.01037080	0.00149830
1.02613709	-0.13552779	-0.05631911	-0.01533909	-0.03142635	0.01170103
1.02465339	-0.13898087	-0.04676212	-0.01917380	-0.01283877	0.00347257
1.02132069	-0.14236162	-0.05001433	-0.02098012	-0.02043668	0.00772527
1.02020798	-0.14556978	-0.04693887	-0.00363623	-0.02459213	0.00717835
1.02321668	-0.14382099	-0.05199814	-0.01259499	-0.02678342	0.00820617
1.02157374	-0.14708533	-0.05143807	0.00099354	-0.01826679	0.01197945
1.02318050	-0.14852710	-0.05160744	0.00979229	-0.00649251	0.01356641
1.02080891	-0.14776272	-0.05168461	-0.01184874	-0.00550249	0.01587890
1.02024377	-0.15375960	-0.05201364	0.01037757	-0.02758285	0.01616697
1.02291641	-0.14665801	-0.05220292	0.01677792	-0.01961730	0.01459910
1.02030806	-0.15015474	-0.04502656	0.00785120	0.00054080	0.01079892
1.01956493	-0.14896879	-0.04363594	0.01141459	0.00133332	0.01552050
1.02082719	-0.14567331	-0.05349106	0.01084418	-0.00619563	0.01125973
1.02278350	-0.14528609	-0.04630790	-0.00455119	-0.01519515	0.01007489
1.02309289	-0.14685903	-0.04529041	-0.00896552	-0.01814965	0.00616524
1.02268013	-0.14691327	-0.04799000	0.00380167	0.01197928	0.01098537
1.01977368	-0.14000292	-0.04147072	-0.00622486	0.00125639	0.00398523
1.02131418	-0.14864017	-0.05339127	-0.00567764	0.00988696	0.00548862
1.02091406	-0.14220569	-0.05667009	-0.01989672	-0.00812562	0.02286819
1.02387534	-0.14241968	-0.05309093	-0.00179512	-0.00950857	0.01126632
1.02288631	-0.14462739	-0.05929646	-0.01092945	-0.00684812	0.00992330
1.02175441	-0.14077890	-0.05175908	-0.01400477	-0.01584594	0.01953752
1.02242999	-0.14084417	-0.05412421	-0.00307103	-0.01727973	0.01314466
1.02272179	-0.14210310	-0.05088309	-0.01449365	-0.01221611	0.00910263
1.02179507	-0.14464712	-0.04993621	-0.00358234	-0.02693643	0.01122098
1.02173267	-0.14402870	-0.05107017	-0.00702310	-0.01035808	0.01170054
1.02070114	-0.14453583	-0.04724769	-0.00161868	-0.01390690	0.01146886
1.02142895	-0.14145696	-0.05294328	0.00797300	-0.02290967	0.01193028
1.02173080	-0.14716120	-0.05605433	-0.01324444	-0.00889904	0.01344450
1.02368019	-0.15466081	-0.05706915	0.00312119	-0.01489680	0.01096482
1.02295087	-0.14884889	-0.05470903	-0.00622884	-0.02098659	0.01845684
1.02210502	-0.15115676	-0.04070356	-0.00373781	-0.02714915	0.02149750
1.01832541	-0.14855289	-0.05005157	0.00596544	-0.02183561	0.01057685
1.02076036	-0.14044053	-0.05003252	0.00795717	-0.01466899	0.01472463
1.01904228	-0.14165549	-0.04517401	0.01245960	-0.01873352	0.01996170
1.01919219	-0.14676789	-0.04959164	-0.00640876	-0.03078411	0.02167875
1.02121524	-0.14738515	-0.04798782	-0.00223263	-0.02245248	0.01700833
1.02417490	-0.14399259	-0.04753505	0.00098121	-0.01626484	0.02436316
1.02866725	-0.14035182	-0.05665919	0.00021337	-0.02798272	0.01292137
1.02299216	-0.14364876	-0.05493928	0.00113466	-0.01955523	0.01674202
1.02644974	-0.14553987	-0.05862243	-0.01193602	-0.02875930	0.01381603
1.02734681	-0.14341870	-0.06491383	-0.01572299	-0.01759869	0.00745908
1.02599677	-0.15009370	-0.06360003	-0.00212454	0.00022327	-0.00194477
1.02896632	-0.14636106	-0.05781989	0.00019146	0.00973628	0.00337855
1.01870919	-0.15075545	-0.05735255	-0.01039079	-0.00497875	0.00270807
1.01715144	-0.14650365	-0.05652952	-0.01760287	-0.01226493	0.00251994
1.01878258	-0.14594326	-0.05925757	-0.02493375	-0.00695469	0.00366665
1.01937706	-0.14114499	-0.06147109	-0.01605209	-0.00644672	-0.00364620
1.01999338	-0.14865347	-0.05558055	-0.02148368	-0.00533094	0.00767513
1.02049288	-0.15306205	-0.05676679	-0.02445937	0.01014001	0.00161653
1.02101426	-0.14865125	-0.06102955	-0.01984962	0.00079948	0.01125691
1.02543619	-0.15963950	-0.06611101	-0.01840078	0.00201764	0.00167001
1.02126798	-0.15748791	-0.05638275	-0.00370560	-0.00273947	0.00656179
1.02418994	-0.15859873	-0.06238319	-0.00948525	-0.00138802	-0.00324821
1.02188474	-0.15261572	-0.06255235	-0.01515135	-0.00497344	-0.00943267
1.02187798	-0.14981197	-0.05567369	-0.01533016	-0.00826042	-0.00782832
1.02331532	-0.14632135	-0.05330176	-0.00970764	-0.00265800	-0.00263198
1.02160462	-0.14317414	-0.05936838	0.00133527	-0.01470944	-0.00434982
1.02342610	-0.15257458	-0.06005526	-0.00669350	0.00086287	0.00355498
1.02267276	-0.15057676	-0.06437350	-0.01400176	-0.01662675	0.00428311
1.02370219	-0.15469546	-0.06687514	-0.00307157	-0.01292077	0.00554043
1.02181478	-0.14948983	-0.06177417	-0.00597254	-0.00575780	0.00486552
1.02197367	-0.15089496	-0.05523135	-0.00039092	-0.00928347	0.00563968
1.02136076	-0.15487118	-0.05091893	0.00849445	0.00172052	0.01276166
1.01984702	-0.15419764	-0.05443718	0.01302131	-0.00895561	0.01172168
1.01524559	-0.14733058	-0.05515169	0.01753036	-0.00044519	0.00801082
1.01858201	-0.14316615	-0.05509090	0.00476447	-0.01764197	0.00446673
1.02160627	-0.13918922	-0.05187669	0.01453456	-0.01252880	0.00252451
1.02088037	-0.14141755	-0.05297568	0.00777244	0.00163166	0.00511412
1.02560943	-0.15068838	-0.04618779	0.00344772	0.00367604	0.00042977
1.02426622	-0.15241360	-0.05070055	0.00823585	0.00285930	-0.00402530
1.02344349	-0.13436248	-0.04881385	-0.00511950	-0.00065558	-0.00185940
1.02337487	-0.13581224	-0.05321654	-0.01797228	0.00181042	0.00284110
1.01985274	-0.13968278	-0.04916845	-0.00654876	-0.01583641	0.00616402
1.02201353	-0.14446104	-0.04624738	-0.01785233	-0.01433760	0.00181112
1.02139574	-0.14841970	-0.04604317	-0.00960295	-0.00782912	0.00762857
1.01824352	-0.15064428	-0.05462918	-0.00794120	-0.01540480	0.00387170
1.01973788	-0.15061912	-0.05654862	-0.00482286	-0.00468061	0.00155823
1.01739836	-0.14859047	-0.05662466	0.00860618	-0.01509922	0.00846918
1.02145843	-0.15134392	-0.05923953	0.00321833	-0.02266105	0.00955891
1.02298542	-0.14669517	-0.05551976	0.00014836	-0.01233352	0.00899151
1.02532090	-0.14968843	-0.05382274	0.00777519	-0.01049849	0.00973085
1.02405962	-0.15164720	-0.05372815	-0.01085996	-0.01856886	0.00257744
1.02454620	-0.14487860	-0.05258378	-0.00765220	0.00162433	0.00860839
