0.95277322	0.29324641	0.18869511	0.00852242	0.00539416	0.00819276
0.94997385	0.28943566	0.19662821	0.00162295	0.00778917	0.00587542
0.95300067	0.29135434	0.19109758	0.00805620	0.01066867	0.01439838
0.94946481	0.29199224	0.19319074	0.00592487	0.00893231	-0.00170790
0.94716072	0.29364828	0.19140411	0.01638109	0.00829745	0.00934827
0.95059134	0.29095996	0.18607768	0.01953236	-0.00598425	0.00346646
0.95301193	0.29386186	0.18813222	0.00471678	0.01702335	0.00563312
0.95582183	0.29165987	0.18902442	0.00662382	-0.00013731	0.00467102
0.95701837	0.28942314	0.18983141	0.00499108	-0.00433564	0.00372363
0.95616138	0.29028574	0.18846864	0.00427296	0.00204376	0.01182333
0.95266953	0.29632788	0.18966141	0.00368575	-0.00419639	-0.00545726
0.95037280	0.29195859	0.19349966	0.00194720	-0.01175845	0.01292965
0.94715153	0.29404711	0.19354062	0.00523921	-0.02764718	-0.00104109
0.94571032	0.29539933	0.18537006	0.00787807	-0.01400268	-0.00086780
0.95120404	0.29446647	0.18145545	0.00778086	-0.01457892	-0.00221425
0.95457377	0.29417316	0.18380977	0.01332549	-0.01411516	-0.00007947
0.95299522	0.29640686	0.19319291	0.00262792	-0.00380411	0.00636735
0.94893681	0.29347237	0.18986906	0.00896911	0.00091821	0.01378183
0.94939512	0.29034263	0.18988222	0.00658369	0.00156808	0.00738506
0.94908630	0.29458087	0.18856059	0.00006999	-0.00272133	0.01361007
0.94815084	0.28782715	0.18834957	0.00722021	0.01295670	0.01806020
0.95037803	0.28552447	0.19519900	0.00581087	0.00887224	0.00976927
0.95044880	0.28838549	0.19863853	0.01227453	0.02057788	-0.00480443
0.95078720	0.29075085	0.19696503	0.01122324	0.01159902	0.00459086
0.95067439	0.29784288	0.19319089	0.00397660	0.00761759	0.00124234
0.95155399	0.30147212	0.19064249	0.00420131	-0.00799218	-0.01216096
0.94859202	0.29739058	0.19629357	0.01175038	-0.01791125	0.00070250
0.94765085	0.29872347	0.19760969	0.01661312	0.00202567	0.00624479
0.95272158	0.29525257	0.19199876	0.00521582	-0.00190711	0.00462724
0.95038550	0.29094887	0.19238545	0.01003883	-0.00334981	0.01750391
0.95321858	0.29440923	0.18670863	0.00077434	-0.00325227	0.01126031
0.95475975	0.29538206	0.18411469	0.00002079	0.00741831	0.00793539
0.95152830	0.28939894	0.18862753	0.00924190	0.00192574	0.00167416
0.95115712	0.29439180	0.18090434	0.00545384	0.00123719	-0.00142460
0.94904087	0.29316735	0.17783736	0.00381602	0.01985198	-0.00099389
0.95114537	0.29907300	0.18209357	0.00768544	0.02330400	0.00082524
0.94994046	0.29870528	0.18772484	0.00412690	0.00912033	0.00826792
0.94791678	0.29890604	0.18918323	0.00887380	0.02361613	0.02090955
0.94974415	0.30285235	0.19011357	0.00741677	-0.00174794	0.01807205
0.95089996	0.29082099	0.18993480	0.00958914	0.00885966	0.01931089
0.94958727	0.28749223	0.18762316	0.00433925	0.02161836	0.00882340
0.95119576	0.29225881	0.19084262	0.00779220	0.00486051	0.00957599
0.95057554	0.29935360	0.18420475	0.01151267	-0.00690233	0.00359538
0.94910821	0.29911964	0.18608747	0.01156492	-0.00576303	0.01167335
0.95059510	0.29578471	0.19758351	0.01057604	-0.00085124	0.01883941
0.95427191	0.29178126	0.20356692	0.00508964	0.00500402	0.03023020
0.95402977	0.30216270	0.19913370	0.00175536	0.00924395	0.02744951
0.95677115	0.30260037	0.19465936	-0.00228507	0.01451210	0.03242597
0.95791690	0.29813286	0.18898003	-0.01300376	0.01741077	0.04367650
0.95046687	0.29318075	0.18412765	0.00005632	0.00279534	0.03366114
0.94579079	0.28494331	0.18368236	0.00765465	0.00661839	0.02277778
0.94427727	0.28188238	0.18040468	-0.00169689	0.02308310	0.02854659
0.94685317	0.28453745	0.18442085	-0.00182407	0.02975595	0.02086897
0.95081874	0.28163654	0.18963222	0.00325315	0.02583993	0.01692499
0.94990070	0.28195578	0.20127271	0.00660480	0.03144931	0.00759904
0.95436215	0.28377218	0.19893695	0.00516310	0.02831236	0.00455524
0.95268277	0.29015753	0.19215812	0.01177539	0.03629507	0.00366231
0.95008507	0.29211939	0.19295467	0.01594832	0.01834425	-0.00093585
0.95393354	0.29149884	0.19399922	0.02468023	0.00361386	-0.00239906
0.95090744	0.28866223	0.19868498	0.01362439	0.00503399	0.00865007
0.94895271	0.29502150	0.19551947	0.01809023	0.00276475	0.01051866
0.95300709	0.29496619	0.19679934	0.00585173	0.00372775	0.00832287
0.95482772	0.28993532	0.20232784	0.01194674	0.01054297	0.00498245
0.94899043	0.29605434	0.19785466	0.00609825	-0.01121894	0.01059633
0.95001856	0.29162468	0.19520789	0.00632133	0.00225134	0.02403307
0.94874106	0.28807313	0.18560865	0.00163761	-0.00039982	0.01137377
0.94814077	0.29236236	0.19598855	0.00836108	-0.01041820	0.02120111
0.95030677	0.29209273	0.18767500	0.00464453	-0.00065865	0.02309046
0.95033061	0.29213887	0.18517087	0.00823611	-0.00239413	0.02866903
0.95161686	0.29207974	0.19063962	-0.00086129	-0.00599910	0.02365854
0.94937066	0.28744821	0.19052868	0.00640921	-0.00497605	0.02048704
0.95152372	0.29011144	0.20067949	0.00545807	-0.00167672	0.01792709
0.95333396	0.28868178	0.20653600	0.00068487	-0.00496848	0.01346578
0.95339098	0.28789119	0.19861242	-0.01222646	-0.02527197	-0.00519798
0.95055609	0.28881057	0.18932843	-0.01694138	-0.01429978	-0.01180929
0.94653643	0.28897148	0.19215533	-0.00881773	-0.01831945	-0.01064761
0.95049279	0.29189719	0.19234722	0.00371385	-0.03948086	-0.01023242
0.95319141	0.28787814	0.18802420	0.00969832	-0.03741246	-0.00597718
0.95285410	0.29166922	0.19566143	0.00726977	-0.02711768	-0.00887791
0.95649026	0.29355389	0.19365880	0.00377982	-0.03079918	-0.00731737
0.95697572	0.29134065	0.18704581	-0.00146934	-0.00602325	-0.00641576
0.96153847	0.29762692	0.18725726	-0.00100080	-0.01902281	0.00039333
0.95520714	0.29854988	0.19068717	0.00453197	-0.01237356	-0.00011106
0.95068456	0.30597206	0.19596279	0.00770395	-0.01044753	-0.00419691
0.95328603	0.30211433	0.19205142	0.00800055	-0.01700683	0.00741164
0.95457341	0.29723039	0.18920005	0.00478059	-0.01752219	0.00822909
0.95139027	0.30132204	0.18675898	0.00489634	-0.00735498	0.00652134
0.95151401	0.29650305	0.18986961	0.00361703	-0.01398158	-0.00562065
0.95056066	0.29558218	0.18402988	-0.00354758	-0.03070594	0.01103382
0.95222730	0.28902680	0.18658884	0.00075567	-0.01366573	0.00488128
0.95214259	0.28784303	0.18253245	-0.00108281	-0.00814574	-0.00818341
0.94976714	0.29160984	0.18396428	0.00398714	-0.00334344	-0.00254111
0.95030058	0.28752399	0.18386832	0.00947424	0.00178344	-0.01270092
0.95239902	0.29022766	0.17954536	-0.00242867	-0.00437941	-0.00868415
0.95640966	0.29463323	0.17852334	0.00193869	-0.01419318	0.00075879
0.95102228	0.29501557	0.18774278	0.00437341	0.00387105	-0.00012789
0.94802665	0.29644261	0.18410664	0.01190114	0.02000117	-0.00376959
0.94995433	0.29687211	0.18538449	0.00334822	0.00171419	-0.00084865
0.95276559	0.29404992	0.18583561	0.01026033	-0.00956818	-0.00020818
0.95138378	0.29670372	0.18366890	0.00687604	-0.00981843	0.00914615
0.95384643	0.29513923	0.19092683	0.00288036	-0.01067074	0.00457334
0.95451302	0.29482461	0.19335687	0.01418006	-0.00444053	0.01728640
0.94992645	0.29757461	0.19337346	0.00343505	0.01325444	0.01507559
0.95279003	0.29461214	0.19578753	-0.00030839	0.00221313	0.00905749
0.95147786	0.29200916	0.20152042	0.00851733	-0.00763336	0.02316024
0.94892097	0.29320195	0.19548278	0.00981248	0.00005997	0.01701093
0.95226950	0.29466341	0.19461538	-0.00171149	0.01311511	0.02101958
0.95473983	0.28888219	0.19633118	0.00660673	0.00410390	0.01717543
0.95378313	0.28443866	0.19065057	-0.00188145	0.01608390	0.01279332
0.95565930	0.29161873	0.18975230	-0.00063866	0.01244039	0.02150455
0.95463558	0.28988112	0.19226489	0.00868658	0.00369435	0.01261481
0.95573077	0.29179140	0.18942258	0.01053380	0.00302132	0.01233521
0.95394228	0.29211721	0.18775543	0.00646274	0.00054389	0.01213869
0.95753561	0.28673587	0.19188338	0.00959242	0.00469038	0.01682963
0.95863077	0.29243448	0.19496886	0.00784285	0.01030238	0.00467218
0.95379251	0.29132522	0.19046478	-0.00005616	-0.00579831	0.00342320
0.95691073	0.29152317	0.19288684	0.00476153	0.00501179	0.01333316
0.95466383	0.28895597	0.19347647	0.00081370	0.00983962	0.00777992
0.95584852	0.29181000	0.19057896	0.00793581	0.01880127	-0.00978124
0.95474696	0.29477979	0.18564979	0.00643252	0.00302720	-0.00073432
0.95377329	0.29327726	0.19250594	0.00602481	0.01631976	-0.00959125
0.95303445	0.29038261	0.18853792	0.00428672	0.00966361	-0.01133857
0.95242867	0.28963097	0.19183679	0.00409595	0.01925234	0.01198046
0.95192786	0.29179489	0.19260928	0.00228207	0.01206420	-0.01755285
0.95227894	0.28631017	0.19713717	0.00036509	-0.00089451	-0.00669597
0.94904559	0.28775761	0.20340446	0.00391136	0.00371951	-0.01731108
0.95223682	0.28699663	0.19599441	0.00186224	0.01177678	-0.00411893
0.94856121	0.28906136	0.18944608	-0.00342483	-0.00433847	0.00287661
