0.14299135	0.85941997	0.50564937	0.14652561	0.10972176	0.21729617
0.14501476	0.85943720	0.51011319	0.15929682	0.10680041	0.23234188
0.14484524	0.85454118	0.50254248	0.16187922	0.11231090	0.22246749
0.14706311	0.85108909	0.50590032	0.15773962	0.10427812	0.26422314
0.14802214	0.85236110	0.50532743	0.16084764	0.09145964	0.23240565
0.14948624	0.85315887	0.50433894	0.15166219	0.11227482	0.22584552
0.14885672	0.85406969	0.50393773	0.13959415	0.10191710	0.20397059
0.14659882	0.85185030	0.50424025	0.12439397	0.09496696	0.25357207
0.14768964	0.85165582	0.50185904	0.13933538	0.09783366	0.20483013
0.14572812	0.84841628	0.50615518	0.12542152	0.09702161	0.17194659
0.14125127	0.84769147	0.50490661	0.15343419	0.08148180	0.20431423
0.14593481	0.84942092	0.50400173	0.16067542	0.08871703	0.16180617
0.14329031	0.84239327	0.50023833	0.16374523	0.09796158	0.21868559
0.14822604	0.84338305	0.50061711	0.16547604	0.08412593	0.18405371
0.14691942	0.84513637	0.50062832	0.14426642	0.08963730	0.23396083
0.15009103	0.84895430	0.50295776	0.17193793	0.09676110	0.17192058
0.14429460	0.85081997	0.50312203	0.15617533	0.08936799	0.22564740
0.14717712	0.85224552	0.50432258	0.12548632	0.09484663	0.12550176
0.14901503	0.84834196	0.50305776	0.15014777	0.10265758	0.18867894
0.14802254	0.85035338	0.50079096	0.15637904	0.09497741	0.20293096
0.14872227	0.84929090	0.50595566	0.15396087	0.07852027	0.20322499
0.14705017	0.85084210	0.51108379	0.16111025	0.09441097	0.18585441
0.14756364	0.84949930	0.50586274	0.14885427	0.08069916	0.17345673
0.14226030	0.84628885	0.49692277	0.13514976	0.07084509	0.19293771
0.14295257	0.84970319	0.50002146	0.13883337	0.08984546	0.13593660
0.14312429	0.84604311	0.50430668	0.12277889	0.05973313	0.16221203
0.14365060	0.84033592	0.50285591	0.13411399	0.07209223	0.19674900
0.14884920	0.84588912	0.50527700	0.12843362	0.07154302	0.19265479
0.15088105	0.84942916	0.50629032	0.13463939	0.05375277	0.13035884
0.14951232	0.84953009	0.50445339	0.10777555	0.05815420	0.19328273
0.14680893	0.84448629	0.50479002	0.11656205	0.08144600	0.11452338
0.14619136	0.84865614	0.50701065	0.11046277	0.10003173	0.17289373
0.14693141	0.84760122	0.50391586	0.13878000	0.08016384	0.12877766
0.14127791	0.84564750	0.50284556	0.09403253	0.08743436	0.15162823
0.14511856	0.84790769	0.51106171	0.12357524	0.08175917	0.14042533
0.13942550	0.84608528	0.51326876	0.13557288	0.05709790	0.13135076
0.14006638	0.84695963	0.50949985	0.13946204	0.05416344	0.17766326
0.13994956	0.84800596	0.50489242	0.12094357	0.07507514	0.15928642
0.14097980	0.84961562	0.49492859	0.13553517	0.05724027	0.09538904
0.14434800	0.85185283	0.49626034	0.11073244	0.06648129	0.12764769
0.14369172	0.84953151	0.50026312	0.13169904	0.05667998	0.13051598
0.14247847	0.84963084	0.50601120	0.13739552	0.06538646	0.12832508
0.14560307	0.85177815	0.51048066	0.11548104	0.05381793	0.13482993
0.14540558	0.85290554	0.51333993	0.12587149	0.04909113	0.12686148
0.14660294	0.85207497	0.50478767	0.12455064	0.05087126	0.13744646
0.14863778	0.84883200	0.50662431	0.09735986	0.07388064	0.13775463
0.14420006	0.85350688	0.50678681	0.11227189	0.06448636	0.15684313
0.14424539	0.85036500	0.50221842	0.12329089	0.04322203	0.16518226
0.14498286	0.84547655	0.50343120	0.10626448	0.05390872	0.10463334
0.14448986	0.84218491	0.50355178	0.11341700	0.03842874	0.11328292
0.14797326	0.84365557	0.50244410	0.11528824	0.06010969	0.13430251
0.14490456	0.84494058	0.50960955	0.10667300	0.08135114	0.10448875
0.14534097	0.84491096	0.50290953	0.09976199	0.05594105	0.10471424
0.14406964	0.85007704	0.50595323	0.11309731	0.06776088	0.10606350
0.14331471	0.85600310	0.50409693	0.10587426	0.07345885	0.10577455
0.14365572	0.85467440	0.50473085	0.10179990	0.03357502	0.12003957
0.14002976	0.85233499	0.50469663	0.12183480	0.03625491	0.13036317
0.14281587	0.85433612	0.50236151	0.09961397	0.01353225	0.08666888
0.14461111	0.85346913	0.50269834	0.11719589	0.03952054	0.07931694
0.15203481	0.84738777	0.50476277	0.09975597	0.03965609	0.10497050
0.14450375	0.84868512	0.50377823	0.12052495	0.05957946	0.09169385
0.14199228	0.85070929	0.50435880	0.07589271	0.05615919	0.12018714
0.14004133	0.84689402	0.50090075	0.10408912	0.04575702	0.13237713
0.14046292	0.85112805	0.50209065	0.08963048	0.03403049	0.07032126
0.14231261	0.84557532	0.50554306	0.11758095	0.05445945	0.08748988
0.14513903	0.84824294	0.50652059	0.09423137	0.02534928	0.09016834
0.14436133	0.84964647	0.50843228	0.12489822	0.05375013	0.06023978
0.14057307	0.84544631	0.50546689	0.07314902	0.03596826	0.07118160
0.14201971	0.85026814	0.49932272	0.10651561	0.04944691	0.06386861
0.13999478	0.85004892	0.49918208	0.07886946	0.02728907	0.07294006
0.14344922	0.84874667	0.50265676	0.08426395	0.05567980	0.05649678
0.14463723	0.85313649	0.50606767	0.11701367	0.04516550	0.09002788
0.14811183	0.85184135	0.50370740	0.07904745	0.03517170	0.05104032
0.14766950	0.85193587	0.50354375	0.10039915	0.03684136	0.07084238
0.14621596	0.85444929	0.50431759	0.06571047	0.03547740	0.09910642
0.14245318	0.84989758	0.50380582	0.08487802	0.02540178	0.09453247
0.14160040	0.85248442	0.50168993	0.07577329	0.05189533	0.08178781
0.13977249	0.85077121	0.50496984	0.08991362	0.02316971	0.03867962
0.14096407	0.84999124	0.50423473	0.08946671	0.02961470	0.06832117
0.14164988	0.84742293	0.50496415	0.09329045	0.02982501	0.08620786
0.14338485	0.84536284	0.50290726	0.07517904	-0.00038665	0.05919766
0.14120970	0.84840754	0.50190271	0.07795703	0.02206360	0.06836296
0.14811685	0.85200331	0.50398837	0.07643886	0.04287844	0.02813398
0.14600651	0.85137276	0.50712705	0.09778337	0.01622919	0.03757957
0.14055515	0.84893324	0.50821184	0.07778065	0.02109031	0.06024316
0.14281222	0.84958917	0.50446348	0.06188393	0.03730645	0.05097686
0.14411459	0.84642673	0.50493502	0.07697722	0.03555866	0.05448195
0.14901777	0.84829018	0.50591790	0.09350081	0.04495879	0.04688363
0.14951717	0.84774888	0.50920897	0.08773346	0.01603842	0.01362702
0.15025672	0.84939058	0.50299935	0.09767599	0.02630385	0.07892880
0.14361045	0.84803891	0.50366279	0.06915679	0.04137500	0.06890884
0.14138546	0.84605123	0.50556455	0.09661345	0.03423251	0.05719683
0.14269512	0.85242691	0.50457502	0.09991144	0.03559042	0.03529332
0.14214653	0.84984954	0.50231769	0.09660198	0.03356573	0.03822152
0.14157846	0.85475072	0.50662170	0.06663142	0.03491394	0.04694544
0.14548042	0.85602193	0.50099580	0.06108022	0.02793711	0.04434734
0.13714184	0.85547827	0.50295987	0.05747328	0.03127835	0.02471773
0.14254885	0.85433992	0.50237120	0.05566197	0.04626298	0.01654514
0.14261137	0.85457042	0.50814506	0.05133745	0.02095070	0.09973455
0.14333231	0.85212965	0.50855428	0.04808342	0.04237911	0.01787923
0.14604559	0.85003994	0.50705053	0.04801158	0.02064196	0.05844504
0.14442552	0.84638000	0.50377865	0.08607233	0.03280413	0.01861876
0.14471640	0.84917057	0.49860694	0.07583311	0.02951134	-0.01327180
0.14289967	0.84541730	0.49582633	0.06829760	0.01909268	0.02772997
0.14348179	0.84538937	0.50011921	0.05024819	0.01187490	-0.00562179
0.14743589	0.83755373	0.50395124	0.05505310	0.00769893	0.02863705
0.14382038	0.84132205	0.50092598	0.05879473	0.02379356	0.03044293
0.14565317	0.83952255	0.50432670	0.04343067	0.03770697	0.01312130
0.14265969	0.84133847	0.50660826	0.08152806	0.01347975	0.05094367
0.14442242	0.84706373	0.50627905	0.06646598	0.01728203	0.03406535
0.14194923	0.84688673	0.50433007	0.05626171	0.01684380	0.05182287
0.14576828	0.85018369	0.50493238	0.04206389	0.02281827	-0.01714275
0.14699173	0.85109462	0.51396790	0.03544453	0.01475569	-0.01964388
0.14821766	0.85596718	0.50921422	0.05104552	0.02001756	0.03001751
0.14750087	0.85394506	0.51172237	0.05662244	0.02575949	0.04609474
0.14468384	0.85578062	0.51034492	0.06941483	-0.00193343	0.01482895
0.14749172	0.85417390	0.50349919	0.07272457	-0.00049150	0.02437409
0.14216833	0.85207131	0.49837450	0.07937541	0.02126636	0.04255224
0.14294354	0.84760321	0.50094403	0.02589337	0.03048496	-0.03920870
0.14019184	0.84862031	0.49966263	0.05165014	0.01529065	0.08061981
0.14245182	0.84594701	0.50645945	0.05768154	-0.00131770	0.05201462
0.14450891	0.84651278	0.50069430	0.04621546	0.01328171	0.04164380
0.14648651	0.84046696	0.50289793	0.02554126	0.02330244	0.01439786
0.13982187	0.84613950	0.50460081	0.05049634	0.01242217	0.00741905
0.13160671	0.85227973	0.50907282	0.03728262	-0.02188492	0.00631125
0.13632201	0.84977552	0.51134807	0.06771968	0.00740086	0.05058444
0.14453811	0.85042458	0.50694446	0.05400685	-0.00456534	0.00631232
0.14221856	0.84563349	0.49834240	0.03713022	-0.00177836	0.02635416
