0.14757317	0.84566923	0.51090247	-0.01417048	-0.01724518	-0.01534000
0.14902327	0.84314471	0.51310014	-0.00608378	-0.01418909	-0.01009996
0.14518542	0.83883196	0.51741361	-0.00725396	-0.00805372	-0.00687668
0.14488090	0.84380931	0.52018067	-0.00338640	-0.01207495	-0.00519908
0.14564001	0.84287753	0.50845445	0.00125653	-0.02381596	-0.00843887
0.14370648	0.84388930	0.51046486	0.00416787	-0.02108742	-0.01231165
0.14791663	0.84500682	0.50690358	0.01538719	-0.01263704	-0.02416057
0.14764057	0.84484076	0.51257753	0.01200452	-0.00924136	-0.02032625
0.14317424	0.84434372	0.51701512	-0.00057639	-0.01321561	-0.01251623
0.14761538	0.84744685	0.51104306	-0.00766251	-0.02188159	-0.01225334
0.14861496	0.85404866	0.50869956	-0.00160507	-0.00941225	-0.01730880
0.14556450	0.85413733	0.51146157	0.00121247	-0.00824656	-0.01340751
0.14657639	0.84624617	0.50966868	-0.00114200	-0.01493982	-0.00715057
0.14405734	0.84836576	0.50249100	-0.00103757	-0.01475971	-0.00572558
0.14666765	0.84411373	0.50339223	0.00632142	-0.00870410	-0.01103378
0.14891606	0.84617761	0.50649530	0.00420405	-0.01043805	-0.01370590
0.14446882	0.84567465	0.50838774	-0.00094159	-0.00685541	-0.01395923
0.15005644	0.84890932	0.51396923	0.00700027	-0.00361050	-0.01127202
0.15217521	0.85045524	0.51232610	-0.00327832	-0.01031236	-0.01003017
0.14813216	0.85110390	0.50438607	0.00073762	-0.01212148	-0.00712116
0.14619457	0.85180089	0.50998194	-0.00072485	-0.01234691	-0.00440859
0.14743792	0.85100496	0.51236819	-0.00071704	-0.00346705	-0.00608477
0.14528139	0.85240510	0.50886035	0.00735861	-0.00404077	-0.01076705
0.14803970	0.84494403	0.50541654	0.00399995	-0.00418129	-0.02110789
0.15047913	0.84695820	0.50443218	0.00562356	0.00848526	-0.01701679
0.15102222	0.84766064	0.50745593	0.00074995	-0.00083722	-0.00943447
0.14737227	0.84854546	0.50787182	-0.00458423	-0.00659905	-0.00927067
0.14743029	0.84806412	0.50205742	0.00016664	-0.00546068	-0.00610760
0.14824671	0.84928358	0.50348944	-0.00220406	-0.00026574	-0.01141504
0.14538090	0.84891249	0.50044964	0.00172311	-0.00292127	-0.00750632
0.14391875	0.84906873	0.50013725	0.00353595	-0.00966697	-0.00384500
0.14704998	0.84739549	0.50451603	-0.00659628	-0.00254901	-0.00475436
0.14593813	0.84903252	0.50301474	-0.00964184	-0.01076159	-0.00873420
0.14933133	0.85284850	0.50715350	-0.00516517	-0.00293928	-0.00822234
0.14876759	0.85136213	0.50760932	-0.01032210	-0.00803971	-0.00852857
0.14766527	0.84815323	0.50336465	-0.01281567	-0.00498325	-0.00673630
0.14859507	0.85234121	0.50068879	-0.00986397	0.01071392	-0.00831571
0.14936958	0.85148234	0.50017778	-0.00950135	-0.00216588	-0.00798210
0.15143494	0.85671536	0.50429455	-0.00997516	-0.00635572	-0.01128418
0.14765234	0.85874109	0.50328469	-0.01112066	0.00004281	-0.01284645
0.14842389	0.85244656	0.50216409	-0.00676694	-0.00470335	-0.01810416
0.14400227	0.85357381	0.49993067	-0.01044719	0.00173232	-0.01478322
0.14539017	0.85515547	0.50487015	-0.01166137	-0.00239129	-0.00853138
0.14981631	0.84359926	0.50232798	-0.01109250	-0.00036464	-0.00875872
0.14531702	0.83905266	0.50476840	-0.01312454	-0.00358158	-0.00732699
0.14433750	0.84029964	0.50778927	-0.00656397	-0.00742034	-0.00641044
0.14761634	0.84004594	0.50818143	-0.00246778	-0.00170207	-0.00919733
0.15019345	0.84434098	0.51047252	-0.00658683	-0.00905086	-0.00825380
0.14926219	0.84792973	0.50616510	-0.00948599	-0.00471934	-0.00995571
0.15041882	0.84657340	0.51502896	-0.00220705	-0.00780232	-0.01310031
0.14799217	0.85173731	0.50175411	-0.00222689	0.00195557	-0.01477683
0.14612588	0.85491930	0.50150664	0.00606401	-0.00356059	-0.01147578
0.15044572	0.85310974	0.50221414	-0.00075864	0.00053559	-0.01366973
0.14935193	0.84435068	0.50682061	-0.00117001	-0.00146016	-0.01180630
0.14601300	0.85220726	0.50219718	-0.00599524	0.00173600	-0.00838913
0.14602185	0.85063180	0.50906068	-0.00632209	-0.00779217	-0.00384884
0.14637854	0.84541570	0.50957274	-0.00587383	-0.00386938	-0.00659255
0.14866056	0.84540710	0.51160595	-0.00948288	0.00435149	-0.00700542
0.14674923	0.84600040	0.50715194	-0.01201749	0.00280116	-0.00621844
0.14472684	0.85305334	0.50263975	-0.00957875	0.00287075	-0.00739866
0.14139077	0.85713794	0.50092113	-0.01461926	-0.00354485	-0.00499480
0.14182137	0.85279259	0.50171431	-0.01186212	0.00236067	0.00313221
0.14416825	0.85019134	0.50672129	-0.00499973	-0.00568897	-0.00182510
0.14056444	0.84636816	0.50311212	-0.00834068	-0.01081753	-0.00243570
0.15140487	0.85042985	0.50752842	-0.00194355	-0.00650296	-0.00807027
0.15418960	0.85018562	0.49570353	-0.00895543	-0.00322728	-0.00611015
0.14849567	0.85386951	0.49985156	-0.01007517	-0.00634761	-0.00238441
0.14604847	0.85071354	0.49919200	-0.00552888	0.00343216	-0.00826595
0.14962253	0.84902756	0.49979676	-0.01353507	-0.00216034	-0.00068392
0.14710069	0.84792608	0.50513766	-0.00929212	0.00368995	-0.01092902
0.14423792	0.85009046	0.50388192	-0.00870458	-0.00052101	-0.00582708
0.14516219	0.84871313	0.50480435	-0.00806442	0.00540505	-0.00556131
0.14376909	0.84831120	0.50699430	-0.00403032	0.00622862	-0.00329505
0.14652652	0.84748835	0.50100252	-0.00281721	-0.00741829	-0.00521355
0.14618352	0.85178505	0.50615588	-0.00031275	0.00440719	-0.00566951
0.14510257	0.85205358	0.50550080	-0.00812754	0.00309594	-0.00752081
0.14613718	0.85195571	0.49758728	-0.01629144	0.00981353	-0.00284563
0.14897064	0.84669827	0.49850171	-0.00846567	0.00528026	0.00321696
0.14538025	0.85250613	0.50294897	-0.00566153	-0.00244868	-0.00182950
0.14749924	0.85274047	0.50619915	-0.01237728	0.00310524	0.00313236
0.14655566	0.85339864	0.50132723	-0.01485966	0.00560803	0.00035664
0.14652188	0.85091002	0.50790893	-0.02057005	0.00139527	-0.00007427
0.14754111	0.84711105	0.51151749	-0.01587750	-0.00041142	-0.00659843
0.14621418	0.84561395	0.50137056	-0.01361058	0.00002957	-0.00602469
0.14708941	0.84348144	0.51059691	-0.01455536	0.00690158	-0.00081657
0.14680855	0.84389656	0.49981293	-0.01650353	0.00364916	0.00200653
0.14362864	0.84485965	0.49999861	-0.01612561	0.00149568	-0.00039419
0.13887694	0.84378955	0.50230164	-0.01245711	0.00569655	-0.00099989
0.14040633	0.84385535	0.50595133	-0.01423456	-0.00902426	-0.00063900
0.14707178	0.84286378	0.50365113	-0.00608747	0.00180522	-0.00500968
0.14652494	0.84799373	0.50284054	-0.00004479	0.00545870	-0.00062251
0.14847865	0.85194159	0.50595248	0.00080901	0.00078545	-0.00027086
0.14615387	0.85118540	0.50964090	-0.01578107	0.00755651	-0.00559284
0.14630994	0.84784413	0.50822032	-0.01695155	0.00262592	-0.00118403
0.15299992	0.85137858	0.50843676	-0.01260263	0.00065087	-0.00136780
0.15365195	0.84729989	0.50019871	-0.01675753	0.00295373	-0.00457895
0.15109601	0.84619662	0.50825532	-0.01621122	0.00967582	-0.00178705
0.14614933	0.84448211	0.51122586	-0.01076295	0.00706086	-0.00896149
0.14671516	0.84396946	0.50871785	-0.00536520	-0.00290032	-0.00457972
0.14734934	0.84731754	0.50601953	-0.01146096	0.00392308	-0.00569810
0.14513692	0.84384088	0.50490607	-0.01083919	0.00518266	-0.00116058
0.14663331	0.84395502	0.49536563	-0.01185890	0.00368468	-0.00557693
0.14531402	0.84983743	0.50908875	-0.01904480	0.00343935	-0.00714923
0.14425864	0.84599270	0.50647626	-0.01797464	-0.00972696	-0.00334668
0.14374318	0.84966417	0.50678883	-0.01903099	-0.00674201	0.00383607
0.14490120	0.84854294	0.51463770	-0.01113970	-0.00132003	0.00375250
0.14254516	0.84616326	0.51384498	-0.00866092	0.00321552	0.00112904
0.14816913	0.84487823	0.50971417	-0.00251272	0.00444336	0.00159578
0.14511218	0.84251405	0.50634725	-0.00061299	-0.00262361	-0.00000225
0.14532065	0.84504565	0.50379616	-0.00341379	-0.00056617	-0.00056728
0.14639626	0.84568495	0.50586134	-0.00359184	0.00394771	-0.00066568
0.14726136	0.84541381	0.50404433	-0.00686737	0.00524320	-0.00562693
0.14733244	0.84264337	0.50859292	-0.01232576	0.00892485	-0.00438019
0.15024920	0.84293910	0.50845976	-0.00823074	0.00013789	-0.00225422
0.15206074	0.84457449	0.51949531	-0.00257755	0.00295711	-0.00478363
0.14647541	0.84606970	0.52308152	-0.00234024	0.01221128	-0.00588081
0.14925516	0.84270848	0.51850335	-0.00574567	-0.00060080	-0.00770161
0.14898610	0.84168916	0.50745250	-0.00235236	-0.00689116	-0.00651124
0.14933800	0.84318666	0.50506118	-0.00076797	0.00344508	-0.00609367
0.15096427	0.84592516	0.50509202	0.00052973	-0.00260346	-0.00345613
0.14749619	0.84577819	0.50584747	-0.00651961	0.00508976	0.00307440
0.14810230	0.84647117	0.50636657	0.00291384	0.00825838	0.00285275
0.14655941	0.84630504	0.50977384	-0.00368908	0.00370968	-0.00369480
0.14545224	0.84669685	0.51090823	-0.00500747	-0.00270163	0.00190160
0.14574334	0.84754061	0.50365772	-0.00498679	0.00716486	0.00269959
0.14862205	0.84770516	0.49662729	-0.00881123	0.00191257	-0.00361347
0.14597454	0.84754798	0.50192334	-0.00165022	-0.00441454	-0.00816164
0.14690446	0.84683572	0.50560483	0.00014718	-0.00507551	-0.00145731
