0.14583908	0.84799985	0.50997485	-0.00593631	0.00323579	0.00332871
0.14351437	0.84517433	0.50239465	0.00394437	-0.00089913	0.00588522
0.14445468	0.84317747	0.50313567	0.00028217	0.00229652	0.00520879
0.14280511	0.84508223	0.50366641	0.00042412	-0.00347343	0.00229294
0.14660948	0.84782158	0.50531061	0.00147030	-0.00271691	0.00801710
0.14815188	0.84922069	0.50538474	0.00509451	0.00352019	0.00416136
0.14605678	0.84455511	0.50294195	0.00475208	0.00159500	0.00149806
0.14681136	0.84667650	0.50689336	-0.00003116	0.00031081	0.00088566
0.14822538	0.84442726	0.50684554	-0.00150441	-0.00843984	-0.00046202
0.14608993	0.84525141	0.51412849	-0.00081878	-0.00247413	0.00204412
0.14626214	0.83953387	0.51576627	0.00029374	0.00103298	-0.00237485
0.14655981	0.83935779	0.51160535	-0.00188062	-0.00232942	-0.00306879
0.14459624	0.84167837	0.50820498	0.00099801	-0.00467203	-0.00305614
0.14403917	0.84744568	0.51080342	0.00181042	-0.00625645	0.00042732
0.14504928	0.84445526	0.51269865	0.00178438	-0.00150018	-0.00003683
0.14199742	0.84425619	0.51035117	0.00240281	0.00014824	-0.00108805
0.13947646	0.84750379	0.51007099	0.00130895	-0.00765507	0.00340494
0.14485844	0.84865723	0.50666367	0.00036904	-0.01061207	-0.00286485
0.14669613	0.84772031	0.50545773	0.00296120	-0.01244158	0.00112482
0.14533751	0.84749824	0.51120453	0.00098380	-0.01050803	-0.00164959
0.14637243	0.84488761	0.51739055	0.00520933	-0.00985406	-0.00745304
0.14579493	0.84362317	0.51456349	0.00850576	-0.00569843	-0.00338963
0.14083091	0.84253135	0.50913865	0.00510589	0.00213465	-0.00300083
0.14303094	0.84789350	0.50901984	0.00021738	-0.00197017	-0.00462799
0.14338538	0.84056339	0.50214942	0.00163568	-0.00352857	-0.00292839
0.14459153	0.84267562	0.50482405	0.00163960	-0.00125342	-0.00741769
0.14144316	0.84386903	0.51004536	0.00110194	-0.00370500	-0.00498188
0.14055686	0.84453040	0.51442689	0.00195012	-0.01163421	0.00276168
0.14104163	0.84633538	0.51446937	0.00457759	-0.00500294	0.00271295
0.14486095	0.85137619	0.50954104	0.00283464	-0.00694184	0.00322356
0.14687998	0.85802211	0.50112545	0.00315603	-0.00905824	0.00210751
0.14516628	0.84855051	0.50985722	0.00765211	-0.01474446	0.00285149
0.14535385	0.84617523	0.51099050	0.00674130	-0.00281720	0.00293899
0.14793457	0.85079900	0.51085993	0.00548543	0.00302222	0.00360636
0.15009589	0.85386666	0.51117407	-0.00440314	-0.00432036	0.00133190
0.14740742	0.84732575	0.50591829	0.00291226	-0.00619747	-0.00377176
0.14972757	0.84643868	0.50949768	0.00450313	-0.00638369	-0.00693326
0.14900264	0.84647776	0.51209133	0.00124588	-0.00773829	-0.00393043
0.14725110	0.84771892	0.50868290	0.00480894	-0.00061397	0.00018437
0.14412071	0.84852573	0.50829990	0.00434048	-0.00866730	0.00546655
0.14336572	0.84913979	0.50812916	0.00681108	-0.00958326	0.00339195
0.14380973	0.85001302	0.50820606	0.01295439	-0.00700302	-0.00330758
0.14361167	0.84811810	0.50434219	0.01346802	-0.00658707	-0.00247968
0.14372530	0.84910888	0.50582440	0.01511807	-0.01113176	0.00647610
0.14571941	0.85001540	0.50724433	0.00723753	-0.00875129	0.00184664
0.14776857	0.85084522	0.51249156	0.00901762	-0.00632791	0.00317818
0.14393317	0.85317654	0.51175333	0.00521259	-0.00636408	0.00746334
0.14807872	0.84865801	0.51617727	0.00411554	-0.00156014	0.00635520
0.14799601	0.84118354	0.51464482	-0.00083662	-0.00424454	0.00214738
0.14706036	0.84271485	0.51269340	0.00752872	-0.00376211	-0.00143493
0.14662021	0.84492213	0.51140711	0.00974858	0.00132248	-0.00203743
0.14829194	0.84570960	0.50711708	0.00765759	-0.00205284	0.00033805
0.14957538	0.84935367	0.50151536	0.00793016	-0.00182474	-0.00459688
0.15151279	0.85178547	0.49724364	0.00067399	0.00280386	0.00120445
0.14542299	0.84851454	0.50436871	0.00629770	0.00272401	-0.00002360
0.14289197	0.84871342	0.50192354	0.00626230	0.00149540	0.00385784
0.14200029	0.84723344	0.50658680	0.00380896	0.00116990	-0.00036939
0.14596070	0.84766579	0.50466876	0.00243876	0.00155511	0.00120798
0.14401048	0.84748126	0.50111028	-0.00212351	-0.00539332	-0.00385832
0.14268429	0.84904016	0.49946208	0.00281320	-0.00672573	-0.00180829
0.14537871	0.84879219	0.50049314	0.00027191	-0.00582565	0.00126630
0.15149117	0.84684076	0.50023384	0.00194486	-0.00234365	-0.00217000
0.15291801	0.84960014	0.50583563	0.00215804	-0.00659856	-0.00575450
0.15465315	0.84952117	0.50676000	0.00100498	0.00132042	-0.00156893
0.14954199	0.84704005	0.50581129	-0.00012658	-0.00393637	0.00083120
0.14815475	0.84564095	0.51351818	0.00067836	-0.00317777	-0.00500319
0.14477023	0.84637511	0.51181951	0.00142417	-0.00228255	-0.00386537
0.14490013	0.84715441	0.50637814	0.00118171	-0.00480455	-0.00276936
0.14692648	0.84642105	0.51143811	0.00417115	-0.00818853	-0.00028237
0.14812721	0.85180388	0.50766724	0.00969512	-0.00792935	0.00309454
0.14322779	0.85215149	0.50195154	0.00388911	-0.00736067	0.00986600
0.14483183	0.85391097	0.50241952	0.00283726	0.00025942	0.00771331
0.14412788	0.85077479	0.50225855	-0.00425327	-0.00313441	0.01096437
0.14394040	0.85236499	0.50069670	-0.00684342	-0.00031199	0.00378753
0.14299059	0.85057085	0.50385426	-0.00255910	-0.00023828	0.00294693
0.14435325	0.84972623	0.50450289	-0.00136172	-0.00125956	0.00347047
0.14799159	0.84587606	0.50321218	-0.00306547	-0.00314222	0.00367062
0.14893469	0.84603589	0.50336733	0.00039548	-0.00703618	0.00426399
0.14882628	0.84988102	0.50700388	0.00421179	0.00043216	-0.00237670
0.14540528	0.84952496	0.50600887	-0.00158293	-0.00086075	-0.00310698
0.14327378	0.85089079	0.50690494	0.00403253	0.00320773	-0.00568543
0.14241242	0.85140527	0.50544166	0.00361471	0.00136872	-0.00513494
0.14420345	0.85186221	0.50277800	0.00281508	0.00629201	-0.00836611
0.14334837	0.85187657	0.50120365	0.00148882	0.00426504	-0.00778853
0.14561847	0.85124899	0.50344396	0.00675080	-0.00210092	0.00033378
0.14288491	0.85227323	0.50420452	0.00383923	0.00571002	-0.00215568
0.14363442	0.85184470	0.50380969	0.00585145	-0.00257359	-0.00131890
0.14283553	0.85241388	0.50165382	0.00457740	-0.00230827	0.00215418
0.14435696	0.84972471	0.50136973	-0.00048262	0.00037741	0.00508949
0.14789565	0.85257957	0.50394347	0.00148314	0.00675481	0.00306421
0.14636177	0.85472152	0.50291504	0.00394116	0.00131955	0.00394425
0.15050050	0.85112701	0.50793143	-0.00226747	0.00289234	0.00198590
0.14998430	0.85408469	0.50543840	-0.00449317	0.00312010	0.00502821
0.14887508	0.85257877	0.50385642	-0.00613716	0.00723956	0.00140790
0.14451719	0.84888442	0.50454567	-0.00304498	0.00622589	-0.00057453
0.14404289	0.84735755	0.50485893	-0.00305857	0.00681834	-0.00228003
0.14248890	0.85041941	0.50413266	0.00075855	0.00070214	-0.00180420
0.14444417	0.85479955	0.50431670	-0.00269068	-0.00285543	-0.00185796
0.14802664	0.85319385	0.50550422	-0.00532168	0.00279671	-0.00152696
0.14713212	0.84393818	0.50110149	-0.00192049	0.00638166	0.00227907
0.14549419	0.85034559	0.50420710	-0.00008324	0.01073694	-0.00009886
0.14933476	0.84948123	0.50110991	-0.00350930	0.00705539	0.00305693
0.14763522	0.85390115	0.50542653	-0.00245152	0.00846292	0.00048918
0.14666701	0.85404542	0.50799368	-0.00196873	0.00235804	0.00148414
0.14513606	0.84961763	0.50713561	0.00027106	0.00157400	0.00442671
0.14667240	0.85321577	0.51155780	-0.00414720	0.00453661	0.00422933
0.14446983	0.85066889	0.50930752	-0.00819553	0.00020944	0.00227555
0.14713265	0.84721092	0.50888392	-0.00773247	0.00495831	0.00500852
0.14974103	0.84816842	0.51331433	-0.00343266	0.00677547	0.00124943
0.14745278	0.84870402	0.50838248	-0.00236252	0.00928898	0.00223890
0.14917460	0.85031324	0.50933181	-0.00390609	0.00462310	-0.00132365
0.14530878	0.84741325	0.51068675	-0.00342478	0.00614180	-0.00605895
0.14680623	0.83977582	0.50771891	-0.00280443	0.00672620	0.00189216
0.14375385	0.84367448	0.50809914	-0.00726939	0.01334032	-0.00631563
0.14402604	0.85009539	0.50806760	-0.00441355	0.01019403	-0.00497002
0.14710092	0.85227662	0.50791826	-0.00307501	0.00029356	0.00051935
0.14721975	0.85596567	0.50763068	-0.00142520	-0.00085476	0.00228994
0.14722001	0.85152470	0.50472268	-0.00074028	0.00398976	0.00251312
0.15101686	0.84691327	0.50547024	-0.00033319	0.00341667	0.00595718
0.14632742	0.84756798	0.50383627	-0.00348746	0.00790038	0.00355257
0.14369862	0.84408481	0.50202240	-0.00059381	0.00373980	0.00981946
0.14380524	0.84377602	0.49979140	-0.00455137	0.00447123	0.00425293
0.14630871	0.84329161	0.50443253	-0.00356909	0.00467894	0.00558225
0.14646826	0.84699346	0.51077646	-0.00790176	0.00435243	0.00423172
0.14569213	0.85216463	0.50989360	-0.01022766	0.00612663	0.00242885
0.14838595	0.84844685	0.50502676	-0.00604064	0.00186388	-0.00092164
0.14824231	0.84479786	0.50661047	-0.00278445	0.00005306	-0.00069567
0.14516951	0.85072358	0.50460637	-0.00282439	0.00026207	-0.00439563
