0.10529511	0.92183712	0.36766466	-0.01523454	-0.00219829	-0.00075155
0.09784241	0.92411034	0.37211403	-0.01279807	-0.00233748	-0.01004601
0.09748607	0.92527485	0.37412834	-0.01377046	-0.01161413	-0.01404024
0.09811230	0.92601325	0.36902340	-0.01483301	0.00424119	-0.00807312
0.09638212	0.92709038	0.36630584	-0.01528909	0.00347789	-0.01064670
0.09145169	0.92074327	0.36918701	-0.01545166	-0.00214649	0.00130313
0.09293234	0.92250998	0.36918124	-0.01334298	-0.00855311	-0.00183419
0.09411311	0.92457028	0.37396659	-0.01178321	-0.00473229	0.00284336
0.10287605	0.92251655	0.37744366	-0.01469134	0.00576041	-0.00333904
0.09917825	0.92365893	0.37529811	-0.01033739	0.00256282	-0.00025668
0.09551601	0.92241296	0.37057179	-0.01764733	0.00109146	-0.00484247
0.09874899	0.92230051	0.37069564	-0.01161789	-0.00486035	-0.00237132
0.09901530	0.92604123	0.36536548	-0.01379744	-0.00387144	0.00351270
0.09925888	0.92456702	0.36182634	-0.01650806	0.00351548	0.00200499
0.10031597	0.92577847	0.36568549	-0.01849376	-0.00530320	0.00085694
0.10185455	0.92561689	0.37263402	-0.02087214	0.00469504	0.00385670
0.10184989	0.92744395	0.37064889	-0.01388265	0.00147431	-0.00354493
0.10070212	0.92438239	0.36724438	-0.01388475	0.00807505	-0.00566143
0.09885843	0.92429601	0.36632198	-0.00651386	0.00520840	-0.00268032
0.09756429	0.92411791	0.36350033	-0.01501376	0.00678898	-0.00124006
0.09917351	0.92424393	0.36173114	-0.01242535	0.01254881	-0.00678797
0.09701516	0.92160075	0.37353736	-0.01456627	0.00711602	-0.00823377
0.09420021	0.91978948	0.37116495	-0.01205034	-0.00506327	-0.00638223
0.09044464	0.92155888	0.37268865	-0.01005277	0.00276147	-0.00342383
0.09569360	0.92544051	0.37127723	-0.01043631	0.00715371	-0.00119664
0.09365576	0.92510042	0.36896906	-0.01068861	0.00497808	0.00185502
0.09736312	0.92394116	0.37233708	-0.01237349	0.00536724	0.00932077
0.09952904	0.92284426	0.36592533	-0.01271214	-0.00129917	0.00676635
0.10118172	0.92121140	0.36765486	-0.01410751	0.00413753	0.00669627
0.09881901	0.92288756	0.36882736	-0.01320351	0.00746097	-0.00159062
0.09827125	0.92483209	0.37054165	-0.00689096	0.00120544	-0.00874185
0.10055576	0.92424083	0.37264754	-0.01172613	-0.00227899	-0.00717232
0.10096360	0.92561466	0.37702266	-0.00948404	0.00657632	-0.00496863
0.10356422	0.92476010	0.37485407	-0.01270469	0.01217541	-0.00488469
0.09772643	0.92194162	0.37844397	-0.00815782	0.00519183	0.00054697
0.09683567	0.92582642	0.37717483	-0.00961066	0.00228668	-0.00352939
0.09931090	0.92282615	0.37417389	-0.00712897	-0.00180136	-0.00351914
0.09777965	0.92130144	0.37225161	-0.00742740	0.00042596	-0.00326733
0.09782664	0.92656501	0.36859740	-0.00819139	-0.00420195	-0.00514381
0.09593050	0.92484767	0.37052925	-0.00830002	-0.00034917	-0.00294598
0.09793620	0.92634606	0.37546997	-0.00557722	0.00083350	0.00232092
0.09417260	0.92003008	0.36924636	-0.00339325	-0.00520464	-0.00256610
0.09711213	0.91976148	0.37331209	-0.00376041	-0.00293198	0.00136398
0.09631293	0.92190359	0.37774703	-0.00051134	-0.00322671	0.00518187
0.09544336	0.91809399	0.37768372	0.00776195	-0.01282346	0.00155300
0.09741237	0.92361297	0.37523547	0.00543165	-0.01599194	0.00102718
0.10508853	0.92370241	0.37085042	0.00333416	-0.01435423	-0.00513601
0.10603615	0.92727386	0.37029034	0.00976945	-0.01253954	-0.00084414
0.09945661	0.92765580	0.36936790	0.00302638	-0.01289307	-0.00823452
0.09752508	0.92578158	0.37174047	0.00414888	-0.01187619	-0.01510303
0.10068994	0.91925970	0.36699964	0.00646543	-0.00543004	-0.01103669
0.09756281	0.91651776	0.37175720	-0.00028656	-0.00183593	-0.01429763
0.09269066	0.91713074	0.37357601	0.00406778	0.00005876	-0.01238550
0.09207419	0.92711276	0.37831032	-0.00194419	-0.00586104	-0.01100501
0.09532139	0.92299144	0.37809752	-0.00258818	-0.01508220	-0.00649209
0.09380205	0.92475869	0.37671315	0.00051937	-0.01519249	-0.00152309
0.09599833	0.92744394	0.37679519	-0.00025786	-0.00434637	0.00357240
0.09618274	0.92557594	0.37762673	-0.00173533	-0.00240036	0.00459620
0.09556812	0.92818530	0.36703622	-0.00320110	-0.00397919	0.00058196
0.10022741	0.93039585	0.37328028	-0.00311787	-0.01500828	0.00080410
0.09885574	0.92555001	0.37470036	-0.00737235	-0.01005228	0.00230517
0.10149481	0.92499987	0.37855900	0.00048515	-0.01314859	0.00153898
0.10406096	0.92255353	0.37835624	0.00138872	-0.01060340	-0.00691514
0.10729906	0.92142568	0.37701031	0.00402127	-0.00901169	-0.00611542
0.10065112	0.92571669	0.37291534	-0.00124467	-0.01301352	-0.01119695
0.09920696	0.92858236	0.37837831	-0.00184889	-0.01268989	-0.00927687
0.10055930	0.92549435	0.37361462	0.00243010	-0.01795400	-0.00692264
0.10372110	0.92859173	0.37312785	0.00660220	-0.01172462	-0.00899130
0.10079836	0.92103469	0.37489738	0.01157980	-0.01050685	-0.00944418
0.09937691	0.92144380	0.37051758	0.00557131	-0.01807485	-0.00365563
0.09705503	0.92625339	0.37063031	0.00038105	-0.01734366	0.00542908
0.09393518	0.92556134	0.37352136	0.00059667	-0.02016551	0.00467060
0.09500488	0.92889518	0.37056766	0.00390267	-0.01083608	0.00830599
0.09885752	0.93090892	0.36973673	0.00049333	0.00215579	0.00426124
0.10614988	0.92443834	0.37401186	-0.00004027	0.01113591	-0.00177255
0.10406130	0.92264262	0.37845493	0.00200940	-0.00485414	-0.00412221
0.10208044	0.92537767	0.38221575	-0.00159816	-0.01526682	-0.00237397
0.10274085	0.92389656	0.37958322	0.00035746	-0.00423109	-0.00903674
0.09896120	0.92364023	0.36836236	-0.00310958	-0.00167386	-0.00381641
0.10130490	0.92107069	0.37049544	-0.00598648	-0.00909673	-0.00137705
0.09841101	0.92349559	0.36394048	-0.00443538	-0.00585236	-0.00277353
0.09898692	0.92375606	0.36603061	-0.00050991	-0.01301988	-0.00499728
0.10356131	0.92441417	0.37388172	-0.00013747	-0.00831918	-0.00352868
0.10520400	0.92189065	0.37126304	-0.00143752	0.00630129	-0.00425638
0.10006766	0.92087944	0.38087828	0.00009140	-0.00931993	-0.00842808
0.09547898	0.92166883	0.38602885	0.00104495	-0.01766814	-0.00264656
0.09416366	0.92291265	0.37957999	-0.00406092	-0.00947094	0.00123169
0.09734886	0.92607026	0.37668673	-0.00227716	-0.01435917	-0.00088027
0.09872371	0.92477036	0.37342858	-0.00345537	-0.00965752	-0.00003508
0.10104170	0.92163157	0.37178336	0.00042322	-0.01321637	-0.00337487
0.10123044	0.92240487	0.36843290	-0.00082583	-0.01186533	-0.00262324
0.10526206	0.92591992	0.36719682	0.00325297	-0.00614001	-0.00648331
0.10400513	0.92680987	0.36433218	-0.00389474	-0.01683789	-0.00204665
0.09918087	0.92315390	0.36402864	0.00107592	-0.02049333	-0.01155670
0.10003345	0.92410688	0.36492561	0.00674629	-0.01900571	-0.00592352
0.10137849	0.92543511	0.36624783	-0.00064866	-0.00002181	-0.00768187
0.10083710	0.92621332	0.36549150	-0.00035626	0.00825510	-0.00240621
0.09779402	0.92597990	0.36804744	0.00308576	-0.00709954	-0.00592445
0.09410570	0.92615283	0.37613802	-0.00075418	-0.02354272	-0.00347911
0.09412796	0.92463428	0.37601153	-0.00299344	-0.01499923	-0.00151354
0.09490389	0.92604546	0.36350411	0.00077382	-0.01251764	-0.00398305
0.09570361	0.92323977	0.36838028	0.00137747	-0.00750367	-0.00037418
0.10036932	0.92335090	0.36666413	0.00224048	-0.01014567	0.00434816
0.09807989	0.92133303	0.36846696	0.00248276	-0.01937200	0.00371515
0.10174237	0.92621821	0.37338451	-0.00046807	-0.00943813	0.00169153
0.10025608	0.92239626	0.36731812	-0.01077811	0.00307478	0.00832821
0.10044699	0.92259615	0.36412970	-0.00725730	-0.00554322	0.00612126
0.10154294	0.91927409	0.37365549	-0.00120167	-0.01776623	0.00576527
0.09992113	0.92197681	0.36765197	0.00326626	-0.01476246	0.00028241
0.10186310	0.92450904	0.36883605	0.00111542	-0.00895285	-0.00284275
0.10034020	0.92672634	0.36873288	-0.00109058	-0.00048644	-0.00167982
0.09952651	0.92593069	0.37189770	-0.00151034	0.00079764	0.00001151
0.10168293	0.92322858	0.37129093	-0.00446099	-0.00789977	-0.00651768
0.09950118	0.92411997	0.37006761	-0.00058027	-0.01267424	-0.00725607
0.10116279	0.92554602	0.36828857	0.00249777	-0.00773304	-0.00818531
0.10372376	0.92422782	0.36637900	-0.00095210	-0.00954916	0.00497538
0.10583050	0.92128338	0.36703697	0.00205016	-0.00573028	0.00717809
0.10670930	0.92059162	0.37157208	-0.00152040	-0.01626730	0.00356777
0.10385406	0.92468966	0.36365735	-0.00350111	-0.00157919	-0.00070742
0.09984477	0.92884778	0.36910350	-0.00501470	-0.00531534	0.00490673
0.10038317	0.92907245	0.36030100	-0.00944980	-0.01115436	-0.00162235
0.10182620	0.93148596	0.35611481	0.00140656	-0.00274596	-0.00499842
0.10298502	0.92533213	0.36412238	-0.00204467	0.00201742	-0.00198993
0.10376445	0.91882270	0.36633543	-0.00529851	0.00053452	-0.00387880
0.10199361	0.92266570	0.36706247	-0.00995539	0.00021534	-0.00202356
0.10536618	0.92237096	0.36579697	-0.00722123	-0.00764058	-0.00070868
0.10381081	0.91973366	0.37119816	0.00035086	0.00078505	-0.00483174
0.10278036	0.92325129	0.37188005	0.00081362	0.01126109	-0.00700884
