0.09956241	0.92386006	0.37426133	0.00065290	0.00442397	0.00027689
0.10078870	0.92178523	0.36980900	0.00350946	-0.00050826	0.00168235
0.10020852	0.92224749	0.37491423	0.00654058	-0.00408604	0.00007594
0.10157195	0.92227192	0.38112492	-0.00031105	-0.00917059	0.00477516
0.10519788	0.91924637	0.37675254	-0.00383830	0.00137026	0.00449411
0.10269695	0.91990497	0.37521856	-0.00530544	0.00208238	0.00004732
0.10193939	0.91709260	0.37236527	-0.00176118	-0.00068203	-0.00209571
0.09986692	0.91768244	0.36951982	-0.00068675	-0.00643276	-0.00214614
0.10195013	0.91650867	0.36683207	0.00081629	-0.02122928	-0.00514501
0.10146619	0.92092609	0.36887043	0.00417464	-0.00000124	0.00346108
0.10001906	0.92574597	0.36865154	0.01639757	0.00536589	-0.00202998
0.09596447	0.92253755	0.37166972	0.00946602	0.00198585	-0.00882069
0.09605607	0.91949393	0.37400713	0.00615848	-0.00533152	-0.00343502
0.09602107	0.92201843	0.37568030	0.01357879	0.00113861	-0.00138684
0.09807168	0.92593347	0.37109703	0.00456766	-0.00839387	-0.00521108
0.10274753	0.91971734	0.37130599	-0.00125066	-0.00878143	-0.00405416
0.10157799	0.92347008	0.36725956	0.00652040	-0.01397195	-0.00171993
0.10618662	0.92345093	0.36842519	0.00882717	-0.01208783	-0.00263771
0.10008585	0.92539520	0.36704660	0.00343251	0.00226179	-0.00174956
0.09930195	0.92631162	0.36997724	0.00642835	0.00030449	0.00420312
0.10080413	0.92781404	0.36607203	0.00371788	-0.01300486	0.01068071
0.10024082	0.92828307	0.36629856	0.00597382	-0.00624641	0.00305503
0.10508047	0.92476177	0.36900188	0.00210478	-0.00735059	0.00221295
0.10253697	0.92253248	0.37198072	0.00583783	-0.01339088	-0.00152541
0.10168221	0.92500280	0.37433212	0.00292317	-0.00741838	-0.00574828
0.10627789	0.92403877	0.37472005	0.00693998	-0.00836368	-0.00157428
0.10517077	0.92747077	0.37567074	0.00520772	-0.00268091	-0.00236286
0.10229481	0.92757904	0.37181914	0.00761366	-0.00049072	-0.00032128
0.09818404	0.92432964	0.36717244	0.00795652	-0.00071719	-0.00067733
0.09946611	0.92171468	0.36846723	-0.00061598	0.00494181	0.00344874
0.10195020	0.92418952	0.36951692	-0.00623355	0.00220695	-0.00069651
0.10403201	0.92168529	0.37123334	0.00205181	0.00497466	0.00151938
0.10261514	0.92775134	0.37357872	0.00674468	-0.00892873	-0.00031832
0.10520317	0.92248059	0.37174084	0.01420423	-0.00663706	0.00082707
0.10578547	0.91993503	0.36907401	0.00644398	-0.00893185	-0.00234485
0.10393628	0.92128040	0.36049382	0.01259677	-0.00443177	0.00081595
0.10254786	0.92329778	0.36340144	0.01536573	-0.01502136	-0.00426444
0.09883558	0.91992810	0.36373944	0.01309454	-0.00531499	-0.00437930
0.09934745	0.92167086	0.36560920	0.01431892	0.00675369	-0.00698752
0.10286252	0.91950627	0.36172540	0.00461363	0.00320777	-0.00511894
0.10271391	0.91781458	0.35883908	0.00242593	-0.00569425	-0.00263620
0.10222708	0.92089713	0.36506713	0.00337897	-0.01312551	-0.00745738
0.09765893	0.92244804	0.37070182	0.00463625	-0.00279531	-0.00226518
0.10455089	0.92396585	0.36961990	0.00488994	-0.00906947	-0.00152019
0.09948519	0.92513412	0.36857403	0.01058123	0.00323535	0.00164673
0.09855225	0.92498618	0.35808698	0.00634890	-0.00305116	0.00458936
0.10373288	0.93366646	0.36230630	0.00578775	-0.00368436	-0.00153056
0.09995921	0.92685210	0.36767418	0.00200674	-0.01519636	0.00027743
0.10660221	0.92142107	0.36394486	0.00114242	-0.00463920	0.00448540
0.10594103	0.92395767	0.36317105	-0.00183897	0.00195950	0.00097405
0.10242071	0.92866635	0.36419034	0.00102323	0.00156204	-0.00004952
0.10312259	0.92816689	0.36321063	0.00447090	-0.00157127	-0.00274516
0.09946699	0.92906251	0.36902179	0.00396319	0.00111023	-0.00288743
0.10319261	0.92464465	0.36817182	0.00995497	-0.00017454	-0.00307198
0.10224665	0.92398490	0.37321594	0.00337645	-0.00382324	-0.00123286
0.10195085	0.92633397	0.37606459	-0.00248124	-0.01338265	0.00112666
0.10387865	0.92413252	0.36930158	0.00072670	-0.02093641	0.00332060
0.10525909	0.92610902	0.36546917	0.00670626	-0.01140110	0.00280608
0.10508336	0.92672040	0.36439447	0.00575649	0.00329738	-0.00033989
0.10421053	0.92174292	0.36359515	-0.00031031	-0.00022327	-0.00001841
0.10377005	0.92442101	0.36769966	0.00899660	-0.00399460	-0.00081670
0.10377856	0.92487334	0.36865199	0.00465218	-0.00710251	0.00079242
0.10118887	0.92367584	0.36682183	0.00536035	-0.00516151	-0.00058383
0.10262642	0.92428133	0.37002585	-0.00216113	-0.00863728	-0.00212895
0.10259439	0.92325996	0.37085171	-0.00435092	-0.00914106	-0.00038640
0.10175132	0.92231154	0.37046640	-0.00032068	-0.00320508	0.00034133
0.09847073	0.92605672	0.36892514	-0.00504189	-0.01023083	-0.00034631
0.09965250	0.92278415	0.36744796	-0.00261165	-0.01091706	-0.00431434
0.09898333	0.92674460	0.36482791	-0.00057768	-0.01192484	-0.00247904
0.09921492	0.92370021	0.36130819	-0.00435144	-0.00075233	0.00108784
0.10139903	0.92284352	0.36403866	-0.00084579	-0.00476916	0.00099403
0.09954366	0.92495375	0.36499518	-0.00121781	-0.00657632	-0.00429185
0.10415807	0.92520199	0.36511336	-0.00356272	-0.00630848	0.00057239
0.10210021	0.92345563	0.36238688	0.00169519	-0.00592870	0.00225285
0.10178494	0.92324480	0.37095270	-0.00251025	-0.00742999	0.00678515
0.10458504	0.92151742	0.37348380	-0.00169241	-0.01111223	0.00413709
0.10620554	0.91899679	0.37783507	0.00764889	-0.00614048	-0.00416393
0.10434477	0.91565198	0.37554064	-0.00011677	-0.00400045	-0.00591945
0.10052216	0.92107821	0.37531973	0.00274703	-0.00975057	-0.00646285
0.10047379	0.92140703	0.36801800	0.00461694	-0.01128289	-0.00461531
0.10419554	0.92291211	0.36284998	0.00434034	-0.01064308	-0.00611636
0.10210040	0.92303820	0.35995739	0.00150668	-0.00061616	-0.00637211
0.09908493	0.92732134	0.36712518	0.00158417	0.00176178	-0.00471853
0.09856849	0.92747672	0.36136333	-0.00316003	0.00329277	-0.00639262
0.09775003	0.92967499	0.36292912	-0.00813740	-0.00813347	-0.00036751
0.10159648	0.92932225	0.36744815	-0.00274727	-0.00643237	-0.00389623
0.10391814	0.92763100	0.36276160	-0.00244173	-0.00900543	-0.00299252
0.10520204	0.92736529	0.36772847	-0.00558870	-0.00129083	-0.00146301
0.10349826	0.92457333	0.36544504	-0.00519625	-0.00167476	-0.00369468
0.10244016	0.92122226	0.36592702	-0.00216263	0.00287126	-0.00041677
0.10416429	0.92340431	0.37030021	0.00023484	-0.00059342	-0.00246815
0.10236490	0.92051352	0.37021845	-0.00537808	0.00900676	-0.00185655
0.10554245	0.92548951	0.37123216	-0.00373522	0.01057268	0.00069563
0.10576444	0.92461985	0.37375252	0.00423947	0.02030425	0.00014130
0.10638011	0.91872270	0.36181757	0.00599939	0.00817785	-0.01013657
0.10223295	0.92104106	0.36244094	-0.00056086	0.00973008	-0.00558850
0.10295105	0.92227788	0.35728705	0.00134987	0.01251650	-0.00444395
0.09971844	0.92778780	0.35956014	-0.00059651	0.01006456	-0.00303298
0.09536750	0.93178731	0.36484996	-0.00363451	0.00577070	-0.00659763
0.09201649	0.92942150	0.36094517	-0.00152009	-0.00014125	-0.00183853
0.10201287	0.92449979	0.36345232	-0.00111965	0.01317948	0.00696314
0.10497527	0.92707719	0.36303137	0.00281502	0.00788313	0.00923419
0.09981087	0.92533493	0.36191542	-0.00071638	0.00381501	0.01167737
0.10106899	0.92465147	0.36561158	-0.00165382	0.00871136	0.00430466
0.09956860	0.91997091	0.37102730	-0.00724909	0.01062908	0.00128897
0.10474557	0.91998251	0.37006402	-0.00969792	0.00484589	0.00436249
0.10210444	0.92299515	0.36403156	-0.00833029	0.01373775	0.00542467
0.10486643	0.92514117	0.36392907	-0.00693788	0.02290389	0.00464814
0.10345990	0.92825043	0.36171119	-0.00543239	0.03293245	0.00171845
0.09933106	0.92741669	0.36066438	-0.01151234	0.01934620	-0.00009031
0.09779250	0.92185810	0.36475867	-0.01490626	0.01130855	0.00011879
0.09840268	0.91974392	0.36771959	-0.01138360	0.00870625	-0.00160863
0.10161813	0.92237054	0.36940192	-0.00779141	0.01380413	0.00111687
0.10213096	0.91899323	0.37621812	-0.00293231	0.00616659	-0.00231817
0.10039656	0.92194158	0.37804988	0.00085054	0.00578894	-0.00047922
0.09865475	0.91850757	0.36862099	-0.00031955	-0.00286342	0.00240595
0.09655638	0.92739660	0.36845639	-0.00683806	0.01213828	0.00476252
0.09659351	0.92603988	0.36943275	-0.00609769	0.00457338	0.00110818
0.10133069	0.92369984	0.36999817	-0.00190289	-0.00303115	0.00321902
0.09689173	0.92286838	0.37088837	-0.00633455	0.01459263	0.00395789
0.09777911	0.91995001	0.36795546	-0.01220635	0.01777704	0.00693561
0.10610922	0.92292529	0.37470538	-0.00327049	0.01282067	0.00587724
0.10654310	0.92101069	0.36672581	-0.00408525	0.02749994	-0.00173234
0.10559180	0.92946293	0.37671273	0.00305262	0.02177213	0.00334227
0.09798973	0.93165849	0.36981797	-0.00516529	0.00914206	0.00157888
0.09629108	0.92864839	0.37023736	-0.00680529	-0.00292496	0.00316075
0.09956120	0.92249681	0.37215760	-0.01505598	0.01054832	-0.00565261
0.10136210	0.92458086	0.36608597	-0.01075801	0.01716477	-0.01127922
