1.11665890	-0.18719744	-0.14872306	1.07481822	-0.10560271	0.01739841
0.99640843	0.18480087	-0.21699338	0.58328262	-0.11496506	0.34514111
0.87743132	0.18608649	-0.02933278	0.28960938	-0.09944483	0.32302302
1.11711828	0.23916822	-0.15572200	0.31986102	-0.37608391	0.65140102
1.00256909	-0.00741682	-0.06740748	0.62059614	0.24042259	0.45558133
0.85710940	-0.34156389	-0.04281068	0.04542630	0.58930730	0.48421070
1.09745211	-0.16440612	-0.16697885	0.42131518	0.28896997	0.63801204
1.02213057	-0.15367320	-0.01034762	0.59637008	-0.34835051	0.72459878
0.95689429	-0.33002960	-0.05956198	0.91926527	-0.22915139	0.04765010
0.91613615	-0.34154804	-0.04551801	0.24416693	0.36301889	-0.00445776
1.25071562	-0.28349774	-0.04669567	0.59193371	0.27596861	-0.27092822
1.29772464	-0.02298755	-0.08524743	1.51216201	-0.24922734	-0.57053373
1.41297296	-0.19209519	0.02633579	0.76149513	-0.43820120	-0.56295417
1.25998311	-0.17666798	-0.09358411	0.68537044	-0.19941420	-0.42119680
1.27949030	-0.14216974	-0.15998288	0.15108790	0.30745973	-0.41099065
1.05917055	-0.10131320	-0.14026947	-1.27948203	-0.68189102	-0.46140270
0.83061945	-0.22462008	-0.07275317	-0.96522890	-1.30378060	-0.69535522
0.98600426	-0.39405641	-0.23866562	-1.18375678	-0.99850262	-0.72453597
1.31537804	-0.44812385	-0.30862830	-0.35135854	0.54862302	-0.32270334
1.47191653	-0.58238991	-0.22722624	0.37270061	1.93380903	-0.08412448
1.50189921	-0.45790521	0.01435229	0.05777278	1.12863287	-0.00213262
1.27105610	-0.30435931	0.11052592	-0.50095400	0.61747185	-0.02758140
0.80196177	0.13199416	0.06679636	-0.76704328	0.04638207	-0.07146343
0.75858831	0.10580391	0.02215820	-1.07628742	0.27954565	0.14302461
0.85611685	0.10038783	-0.06884215	-1.05181630	-0.09868195	0.26025136
0.70007978	-0.23244371	-0.07316926	-1.38690050	0.02757501	0.54863897
0.93340191	-0.21910127	-0.03035798	-1.65052094	0.94768042	0.38389549
0.85876260	-0.57755808	-0.03886719	-1.21858699	0.89108434	0.24152871
0.50442645	-0.35023327	0.11339879	-1.14211984	0.59329853	0.45578769
0.52634072	-0.40007557	0.14172523	-1.03207862	0.19218609	0.36166401
0.48264534	-0.44417398	0.18471297	-0.26480302	-0.42905155	0.09394341
0.56061578	-0.25524513	0.05775710	-0.08828836	-0.26581208	0.22786906
0.65628926	-0.21189712	0.04986127	-0.62004096	-0.67976903	0.04845862
0.87146634	-0.12356499	0.04195986	-0.21433650	-0.05358542	0.06174096
1.10518181	-0.11729235	0.11955365	-0.21951084	-0.28852027	0.07757721
1.33377278	-0.41014045	0.12130171	0.19113805	-0.03261765	-0.29438952
1.33126145	-0.11651111	0.10442890	-0.13318610	-0.58206827	-0.19229475
1.21658299	-0.34577955	0.12651005	-0.10106834	-0.51212592	-0.16189155
1.39356768	0.02074785	0.13652864	-0.31701962	-0.13430158	0.13352418
1.49812379	-0.23156081	0.12659578	-0.69502759	0.94540617	0.26109782
1.43136802	-0.32333853	0.14363771	-0.41394109	0.92064383	0.10788071
1.33112451	-0.54307421	0.00159095	0.10311594	0.87655023	0.08065160
1.29904663	-0.50509823	0.06430797	0.40039138	0.21327502	0.08049674
1.26229504	-0.95189137	-0.09480706	0.91696638	0.57164137	0.34636052
0.84999083	-0.89073155	-0.00387836	1.73983525	0.47171060	0.20800169
0.61125416	-0.55425331	0.04911821	1.26107078	0.41621663	-0.16039687
0.66082327	-0.09475371	-0.05686757	1.56034986	-0.09984812	-0.19396300
0.68884804	-0.13987789	-0.08599705	0.71875738	-0.70730653	-0.57657556
1.14456813	-0.05438926	0.07681067	0.49764515	-0.86571884	-0.75271923
0.97036837	-0.05082468	-0.03942616	0.81297221	-0.75363953	-0.32563426
1.00108466	-0.31042301	-0.05683365	0.41628816	-0.84827447	-0.16364484
0.98027718	-0.06403727	-0.13503305	1.01316313	-0.86397802	-0.11439828
0.77023894	-0.26803178	-0.04636185	0.97651139	-0.10152292	-0.10903637
0.71942572	-0.37268752	-0.01881373	0.81835938	-0.89550732	-0.17512880
0.66887846	-0.25285758	-0.05374401	1.38061229	-1.02329518	0.14806177
0.75432661	-0.35321278	-0.11068912	1.61966408	-1.06195395	-0.03927215
0.76411959	-0.50983706	-0.00602577	1.35241825	-0.40813355	0.17197156
0.88926471	-0.19370059	-0.05047968	0.57982777	0.06567637	0.79198633
1.00440654	0.30584288	-0.18792545	-0.03410526	-0.14636586	0.66295982
0.96581171	0.00354523	-0.08536571	-0.20083796	0.23287880	0.29251638
1.03295732	-0.01203534	-0.01321619	-0.46069062	0.00101124	0.73915728
1.09209869	-0.09962781	0.00766807	-0.26560166	0.09503332	0.38598208
1.08790132	-0.13102741	0.02203532	0.28128069	0.42727320	0.19950071
1.12525006	-0.17618092	-0.04015415	-0.06605372	0.14861228	0.30046626
1.25317658	-0.39766101	-0.04318739	-0.13991168	-0.17408082	-0.00416649
1.20625874	-0.24694592	-0.06350329	0.37699208	-0.08138283	-0.29797122
1.28457240	-0.24017553	-0.07184069	0.87818861	-0.73013448	-0.36009328
1.16886151	-0.03300649	-0.07284116	0.10194120	0.05148929	-0.82017758
1.15196118	-0.04795394	-0.02686477	0.37915176	-0.00081421	-0.56117518
1.11326207	-0.41212137	-0.03634234	-0.11808178	-0.00433662	-0.55556629
0.98895970	-0.29199263	-0.08748998	-1.22652955	-0.82911748	-0.72489100
1.02348934	-0.34168035	-0.20934348	-1.01415617	-1.24264891	-0.48600613
1.08336166	-0.13382290	-0.19114410	-1.06370828	-0.19274036	-0.49703814
1.22428047	-0.66211787	-0.14330177	-0.16784522	0.69460102	-0.66396127
1.41239176	-0.57749573	-0.12081807	-0.00391422	1.07946142	-0.49864714
1.26997354	-0.41331726	-0.06962807	-0.54269884	0.79676256	-0.47840331
0.81062541	-0.01247910	-0.02764537	-0.85439370	0.71213434	0.08245846
0.81395196	0.08717441	-0.00271139	-1.24520297	0.40066394	0.54707883
0.80649970	0.12377788	0.00977097	-1.82986449	0.40423475	0.52011587
0.78949656	-0.03898039	-0.16772123	-1.83091962	0.18363693	0.71839615
0.54219041	-0.12170553	-0.08806475	-1.95710241	1.18978733	0.72160289
0.81857732	-0.19519296	-0.01638656	-1.40580005	1.35922583	0.53701126
0.70977233	-0.46526222	0.06326713	-0.82804940	0.81573666	0.32646588
0.48321480	-0.37571965	0.18718984	-0.79145175	-0.09839890	0.18250737
0.64704238	-0.17614488	0.22211504	-0.60011859	-0.48003211	0.30426438
0.63009457	-0.28268930	0.18813723	-0.28031674	-0.69385593	0.35490259
0.65472893	-0.43666421	0.18326979	0.45964777	-0.72358469	0.29129493
0.51753989	-0.28893583	0.25911909	0.39915970	-0.63202829	-0.00974341
0.84889651	0.00046421	0.11893153	-0.29701197	-0.06393717	0.26236361
1.03602855	0.13214052	0.12659716	0.13580900	-0.43515368	-0.18739702
1.16129130	-0.33732339	0.07702078	-0.30237007	0.23839593	-0.18007422
1.37601799	0.04262609	-0.06161439	-0.63922665	0.43747986	0.03779333
1.39050966	-0.21516646	0.06271426	-0.11479897	0.23139628	0.08169164
1.40451225	-0.20700966	0.10401133	-0.27525889	0.95210598	-0.02693229
1.42868267	-0.21049338	0.22492694	-0.14495549	1.11850457	-0.11279764
1.19739876	-0.60647685	0.24594529	-0.54641949	0.72034638	0.08581601
1.06928458	-0.87671446	0.07579665	0.04228204	-0.15151862	0.29100768
1.31060557	-0.69540606	-0.10060555	0.49927867	0.34124439	0.16337180
1.31933693	-0.95790816	-0.12636420	1.52417813	0.66342223	0.18572832
1.13235358	-0.66373789	-0.19287658	0.85024819	0.72326415	-0.21045407
0.71481074	-0.61459974	-0.12245765	0.82468093	0.34029904	-0.26367957
0.63752379	-0.20301021	-0.06944760	0.72465780	-0.53911525	-0.50669348
0.65844815	-0.14910725	-0.00439538	0.39811741	-0.18212806	-0.50495036
0.69847129	-0.33308619	-0.04211873	0.02913092	-0.44157737	-0.38086094
0.97954850	-0.50037350	-0.09185963	0.01421671	-1.16051275	0.05295201
1.00828234	-0.32546515	-0.00832304	0.86233638	-0.74699819	-0.13767725
0.67136899	-0.44432297	-0.07335470	1.14246514	-0.63289026	0.04995143
0.81834587	-0.50128347	-0.23156359	1.44299504	-0.35575439	-0.35554049
0.83162506	-0.26573772	-0.11379048	1.40699115	-0.40132851	-0.10960074
1.01784295	0.19902977	-0.17957988	1.28073768	-0.95399320	-0.01794475
0.92106129	0.13821037	-0.11847091	0.59216422	-0.40798540	0.45011759
0.94660331	0.01169414	-0.04277145	0.49795650	0.26957074	0.65011436
0.87538768	0.14459891	-0.12140830	0.37893891	-0.14373604	0.66589430
1.00709163	0.19973750	-0.11202214	-0.12921177	-0.10423807	0.58747080
0.92249765	0.11875636	0.00467227	-0.48809790	0.17102972	0.57405339
1.04122907	-0.04739034	-0.02865684	-0.20192075	-0.09152159	0.51777918
1.14877953	-0.20456521	-0.00423125	-0.06999840	0.46140193	0.31910195
0.92962604	-0.27255152	-0.00673201	0.47972052	-0.34260447	0.15758411
1.23412597	-0.31809923	-0.13266429	0.03945206	0.29440712	-0.07937286
1.10856027	-0.05341603	-0.07440581	0.45653005	0.31626483	-0.14495722
1.33238576	-0.27361800	-0.08972565	0.54650856	0.24995277	-0.24986529
1.28929364	-0.09788697	0.08148012	0.56622569	0.08731893	-0.29788971
1.43846291	-0.02638049	-0.10922867	0.02482139	-0.17918375	-0.13400255
1.42217079	-0.25165785	-0.04013965	-0.40432426	-0.58930803	-0.24266434
0.95292096	-0.35936239	-0.07257094	-0.54762287	-0.86068381	-0.35913460
1.03813530	-0.49072699	-0.16926144	-1.11251533	-0.84561199	-0.64360156
1.08643500	-0.37983547	-0.29749410	-0.59759742	-0.27225746	-0.59035679
1.31846943	-0.49186981	-0.31464529	-1.15228066	0.55837869	-0.65024405
