1.18280670	-0.09759041	-0.14855034	1.55470432	-0.11402813	0.43306950
1.08878399	-0.12971697	-0.04590021	0.80767776	-0.56830487	0.07739624
1.20185239	-0.26886224	-0.01644909	0.90525827	0.11792537	0.13543172
1.30037322	-0.22868082	-0.03309210	0.88814191	-0.30010768	0.02572837
1.08543339	-0.12144263	-0.08422919	1.46161869	-1.13025919	0.25974379
1.41568527	-0.31563076	-0.16532848	0.87231120	-0.10652653	0.14113292
1.38872336	-0.33459180	-0.08353548	0.74937621	-0.17201356	-0.03305428
1.06660695	-0.18337184	-0.06768354	0.81083019	-0.80795155	-0.34260737
1.00394041	-0.16671079	-0.06750214	0.21665174	-0.84807210	-0.16544557
1.00921718	-0.11770520	-0.18213659	0.19006509	-0.58116184	-0.19771024
0.93434816	-0.34491581	-0.19713815	-0.43149406	-0.12060006	-0.35159809
1.21938805	-0.20577845	-0.10704386	0.01082081	0.42717245	-0.42312274
1.20385266	-0.40204342	-0.04352545	0.14099540	0.47263572	-0.51113488
1.29373521	-0.34789087	0.01536398	-0.63561139	0.19075688	-0.26150502
1.22116420	-0.28659368	-0.10486900	-0.47616797	0.32367715	0.02925912
1.04948564	0.03503868	-0.13201326	-0.37193856	0.84474608	0.13661397
0.91905772	-0.16201480	-0.12473987	-0.38263536	0.67354302	0.13030921
1.00847928	-0.11083900	-0.11964605	0.01311287	1.12479892	0.18927034
0.71175741	-0.13036029	-0.18270117	-0.54892587	1.04613560	0.29617733
0.69113214	-0.12203812	-0.06797026	-1.04519815	1.11278418	0.44549307
0.74877286	-0.23229254	-0.03056384	-0.71901191	0.90229048	0.06762661
0.60530589	-0.23570612	-0.04983555	-0.45150381	0.77323117	-0.01055703
0.74528379	-0.37763733	0.06343550	-0.70190185	-0.02693861	0.14731907
0.64989255	0.00043783	0.09026458	-0.10965376	-0.29142406	-0.11549467
0.67239886	-0.25621654	0.08566378	-0.08808310	0.39827616	-0.00835017
0.58702130	-0.46133528	0.11465620	0.91908009	0.18562513	0.01857138
0.93798525	-0.26857988	0.09447397	0.41798429	-0.48717512	-0.21842532
0.69696992	-0.23641107	0.16173154	0.76655830	-0.63226692	-0.10736214
0.65895244	-0.35468668	0.10583475	0.90646212	-0.74641272	-0.15918309
0.93708820	-0.20544256	0.10740840	1.19508899	-0.46862063	0.10272130
1.01393589	-0.05918804	0.06696520	0.28153956	-1.25195236	-0.05778258
1.33119330	-0.11673004	-0.05967609	-0.05821012	-0.57028847	-0.08081396
1.30820162	0.01014778	-0.04923560	0.36045565	-0.68783429	-0.00757853
1.67372204	-0.37765554	0.01854789	-0.14609669	-0.05057305	-0.07573371
1.41245595	-0.01255972	0.10925351	-0.03826547	-0.42113672	-0.28800669
1.38884864	-0.03009220	0.34069023	-0.40099866	0.83307633	-0.34883003
1.51118807	-0.19450208	0.20650716	-0.92714849	0.61478314	-0.03918893
1.47382624	-0.47716691	0.13317716	0.33454432	0.49938116	-0.05089713
1.22657569	-0.82490794	-0.07139392	1.02192791	-0.22006513	-0.18472833
1.11030819	-0.97739373	-0.13120344	1.55745271	0.38250323	-0.00698514
1.22761863	-0.86280468	-0.28852086	1.79846202	0.39585611	-0.20752656
0.85746423	-0.73683328	-0.02859819	1.92123905	0.95049772	-0.29867988
0.73437960	-0.42181652	-0.08083989	1.28467234	-0.35448260	-0.55587290
0.59211952	-0.14926504	-0.04678423	1.55183317	-1.43139605	-0.78033183
0.77479164	-0.17812997	-0.12463295	1.47245549	-0.89304013	-0.32782736
1.14875891	-0.32270204	-0.21897669	1.59190884	-0.43070034	-0.35184695
0.96666006	-0.35089986	-0.10459662	1.79076889	-0.99341465	-0.26376962
1.17630553	-0.52159685	-0.10357416	1.67839452	-0.94808266	-0.39474779
0.93885170	-0.39152849	-0.06917455	1.22030288	-1.23988766	-0.54045857
0.98422174	-0.24142406	-0.05141686	2.27755373	-1.33789744	-0.50321899
1.16787102	-0.24491937	-0.11749768	1.91843473	-0.68783113	-0.63460407
0.75309063	-0.26485603	-0.09541671	2.50271065	-0.48787355	-0.05431832
0.87266104	-0.08651322	-0.15336217	2.43471608	-0.52613147	0.16586095
0.99191618	0.09386319	-0.13914425	1.43788709	0.14562234	0.54004714
0.84700151	0.20866228	-0.00528907	1.19251835	-0.37069780	0.51440183
0.98617133	-0.17035797	-0.06735391	0.76188192	-0.22924684	0.72607927
0.90436603	-0.35876460	-0.01943289	0.65329280	0.17121190	0.37196942
1.00478428	-0.04769209	-0.11079845	1.04380857	-0.41164498	0.28123117
1.16557901	-0.15975549	-0.07599580	0.69863660	0.34359364	0.01617956
1.07363369	-0.26952304	-0.02275126	0.73479651	-0.23611097	0.21486561
1.31424387	-0.29803710	0.02690888	1.31435074	0.60019092	0.22228796
1.15488618	-0.32601736	0.02360855	2.19242942	0.00749863	-0.05450190
1.24783039	-0.25658170	-0.01277044	1.39818385	-0.64766236	-0.23500227
1.27975093	-0.27217741	0.01521332	1.56905245	-0.96850775	-0.33786815
1.14506752	-0.25783276	-0.09024489	0.59826442	-0.72100301	-0.55665273
1.35034040	-0.25275683	0.00744042	0.27754818	-0.26661975	-0.36118586
0.92182444	-0.06148551	-0.09639683	-0.44550947	-1.01066116	-0.62067248
0.88495097	-0.21427773	-0.10563473	-0.11190802	-1.10169523	-0.71968385
0.99942331	-0.42963280	-0.34349692	-0.58486001	0.09262239	-0.64511895
1.17778517	-0.36575751	-0.29525428	-0.38672701	-0.02349789	-0.48578709
1.33466462	-0.65739173	-0.02562109	-0.10066556	0.91989601	-0.47823658
1.29077677	-0.48032327	-0.03819934	0.18449808	0.96012602	-0.17376009
1.11513254	-0.25152500	0.17100079	0.16884439	0.62483977	-0.29854991
0.99283748	-0.20531450	-0.01058066	-0.51795669	-0.08389694	0.05931540
0.97613775	-0.21022931	-0.05516905	-0.70470520	0.53262324	0.43721773
0.78378013	-0.05257459	0.05725226	-0.73689910	0.26981133	0.31432859
0.82002352	0.07824355	-0.04492031	-1.00610449	0.43921192	0.20566360
0.77463267	-0.24073767	0.00575867	-1.04437036	0.67605822	0.23175532
0.59735445	-0.33656394	0.10083165	-1.06563987	0.61250910	0.45818222
0.74018790	-0.34164674	0.16425286	-1.12532891	0.76967282	0.01093995
0.48645686	-0.48504813	0.20824786	-0.47837166	-0.55544059	-0.08760352
0.47354449	-0.43778989	0.20097635	-0.11401432	-0.30914833	0.06711227
0.57137950	-0.33664185	0.17405645	0.02301033	-1.01961887	0.01839537
0.73053947	-0.24572811	0.12489233	0.92532747	-1.31060848	0.06638632
0.96286459	-0.15335089	0.06347790	0.67314207	-0.69318562	-0.22867948
1.22329311	-0.06602021	0.13959378	0.79896007	-0.25780022	-0.06851587
1.01467888	0.00910922	0.10338266	0.47355085	-0.27333443	-0.17046278
1.30988809	-0.00659838	0.05159637	0.34563080	-0.34577672	-0.22799338
1.52738771	-0.25891086	-0.03438492	-1.10072402	-0.22851783	-0.07883144
1.88271258	0.05805762	0.15540255	-0.66177939	0.49467652	0.04492280
1.68007952	-0.29149754	0.29619002	-0.86076686	0.86931340	0.14721418
1.45055361	-0.48902029	0.16024731	-0.45618606	1.18179878	-0.09126002
1.20449837	-1.07714669	0.09450899	-0.53466410	0.93218348	0.04086826
1.33276728	-1.05037297	-0.14145671	0.94208283	0.76129417	-0.17140520
1.28105950	-1.13046955	-0.26021679	1.34745577	1.09663635	0.28035268
1.09295699	-0.84079190	-0.19960394	1.86111401	0.62868117	-0.04579475
1.04889961	-0.79772843	-0.22337514	1.61916399	0.60639189	-0.13676911
0.71104356	-0.23821149	-0.14515103	1.21559602	0.17488417	-0.51748934
0.85765228	-0.28168285	-0.04765813	0.47681352	-0.67773620	-0.48154731
0.68376570	-0.08861245	-0.01962156	0.64695217	-1.09345861	-0.63247650
0.97324873	-0.02616804	-0.10767400	0.53764284	-1.69388485	-0.27564337
0.96260240	-0.25356852	0.10376570	1.02660441	-1.12315324	-0.02370793
0.81726112	-0.50351818	-0.03994139	1.82100321	-1.43904054	-0.15542586
1.01938365	-0.42120356	-0.12571216	1.69291248	-1.32288107	-0.00109710
0.62203931	-0.20576961	-0.14471026	1.50149988	-1.04881306	-0.23343394
0.98027633	-0.37339889	-0.19354330	1.60420028	-1.47526476	-0.21524983
0.93238915	0.13783544	-0.25803683	1.37650746	-1.23089470	0.22645084
0.86834093	0.04836472	-0.30196273	1.25593580	-0.06897900	0.21768864
1.01076236	0.16527327	-0.04786715	0.49624983	-0.28262814	0.61566008
1.04517745	0.22647306	-0.16039579	0.24483797	-0.59586835	0.73959830
0.65299701	0.21118964	-0.12110893	0.34182034	-0.38537874	0.48041808
0.78995752	0.03682764	0.03488078	-0.21142568	-0.23250300	0.79453430
0.99855782	-0.15266261	-0.11739325	0.99295925	-0.28655472	0.28277493
1.23877899	-0.24355750	-0.09447998	1.18610048	-0.15214579	0.32508759
1.08783103	-0.22984688	-0.10983592	0.60242930	0.78781130	0.01870136
1.21710502	-0.32215368	-0.12160055	0.84878359	0.64301431	0.08964039
1.23851837	-0.30532266	-0.06831754	1.21312264	-0.19377297	0.38964051
1.14796175	-0.03230730	-0.03638556	1.43300957	-0.42579548	0.00457828
1.22230327	0.21502215	-0.11848114	0.86270671	0.46902278	-0.26716660
1.26444226	-0.16892546	-0.11666523	0.92708231	0.39244177	-0.00159915
1.43124144	-0.14473813	-0.23771897	0.43709726	-0.00540531	-0.29566269
1.27134576	-0.08817668	-0.14790978	-0.88317264	-0.36181683	-0.45419097
1.04142626	-0.09754452	-0.25626931	-2.03278810	-0.45895999	-0.51014865
0.85120926	-0.33638513	-0.24861665	-1.26597624	-0.56330008	-0.57025768
1.17108782	-0.34373737	-0.30535150	-0.93219984	-0.52887953	-0.35006605
1.45432002	-0.63801969	-0.26984311	-0.31285104	0.97651849	-0.17416355
1.16634059	-0.43997271	-0.14566282	-0.02950353	1.30655031	-0.14766560
1.39077599	-0.40145392	0.04828626	-1.03659937	0.93290396	-0.17005251
