1.03648980	-0.24542850	0.09338244	-0.92979422	0.56164634	-0.12288904
0.77546582	0.02959852	0.03562380	-1.37787502	0.01328709	0.12060161
0.92958987	-0.32062400	-0.08665752	-1.28688308	-0.05277727	0.36961670
1.01635243	-0.41419462	-0.11835852	-0.72173589	0.57301516	0.56529050
0.80241305	0.14038564	-0.12882217	-1.62233832	0.94375432	0.58810311
0.79591902	-0.04755622	-0.17836739	-1.81025248	1.12738817	0.36834703
0.75704123	-0.20915436	0.03099580	-1.55688097	0.44530007	0.24496634
0.47884635	-0.45711527	0.16100131	-0.85654739	0.11505736	0.03994902
0.50521773	-0.37715155	0.24398332	-0.68733776	-0.41775198	0.09014400
0.41659536	-0.39426013	0.14247630	-0.09675350	-0.82451233	0.01855375
0.62614526	-0.26163589	0.12850375	0.41015475	-0.49216776	-0.23518091
0.74640921	-0.31126169	0.19141873	0.87172266	-0.41681472	-0.04123393
0.90271945	-0.04666946	0.10711916	0.66870641	-0.86305856	-0.18791085
1.29631997	-0.24375182	0.00363333	0.09178068	-0.48442827	-0.06274006
1.11870625	-0.16342252	-0.13255534	0.39613953	-0.50690031	-0.22841946
1.34481288	-0.07008551	-0.11648957	-0.56667042	-0.07637671	-0.30043657
1.41883259	0.05460019	0.12719182	0.03728925	0.39719246	0.07214555
1.59985717	-0.14648711	0.21571679	-0.87902300	0.74360431	-0.14950395
1.33879398	-0.05295517	0.05762875	-0.00963397	0.80815028	-0.07308716
1.50242045	-0.38761030	0.00195850	0.05307500	0.75091553	-0.01597721
1.31399444	-0.79771075	0.07347933	0.39014907	0.54779510	0.32804853
1.29668920	-1.07235656	-0.17848322	1.00879532	0.89691671	0.30491894
1.10421914	-1.03443098	-0.09017692	1.91274136	0.83128981	0.02252720
0.71858159	-0.48010981	-0.06268905	1.62015332	0.22532783	-0.49397063
0.49595182	-0.16342173	-0.08392505	0.99733814	-0.47812812	-0.51163051
0.80040456	-0.07785386	-0.02354351	0.34258044	-0.38496024	-0.44898116
1.00739538	-0.14609225	-0.11226428	0.01192804	-0.52205614	-0.60645742
0.91802748	-0.19544660	-0.12528940	-0.23785881	-0.34108280	-0.07974940
0.99292100	-0.09680085	-0.08597323	0.76845942	-0.78803947	-0.05576370
0.75222859	-0.42679275	0.02339000	1.21248445	-0.81859971	-0.37742378
0.60606901	-0.57998077	-0.06606100	1.10170594	-0.87018273	-0.36045986
0.73271160	-0.48555132	-0.09757568	1.77710848	-1.31688053	-0.27623168
0.82779081	-0.18570443	-0.08951508	1.30031481	-1.22143494	-0.02915552
0.91864929	0.02745850	-0.08393919	1.22269141	-0.96676387	0.24957994
0.87685607	0.11833800	-0.12834806	1.24288217	-0.80172055	0.26923138
1.28276972	0.05278319	-0.06040671	0.37763547	-0.21764741	0.60063302
1.15189672	0.23859826	-0.17897453	0.38431150	-0.21938411	0.65118219
0.91972351	0.17215805	-0.15007713	0.12438014	0.30040049	0.67924812
1.03880792	0.05627957	-0.08296989	-0.71501835	0.28725497	0.27696754
0.89609998	-0.45241243	0.04581977	-0.17343005	0.27575329	0.63173400
1.13091885	-0.07603741	-0.04355264	0.14892775	0.35660239	0.32729097
1.04123199	-0.21828514	-0.04722246	0.47686590	0.29445641	0.08233399
1.17551216	-0.18212539	-0.00834047	0.99613143	-0.06851634	-0.08094367
1.17796464	-0.19745679	0.02803080	0.18458468	-0.35634439	-0.04187873
1.28543625	-0.06928636	0.07382640	0.45303653	-0.46051560	-0.39263055
1.14548586	-0.03446763	-0.05289581	0.22969327	-0.24416324	-0.33053979
1.06622183	-0.29296066	-0.11327942	0.12213160	-0.42172457	-0.11941517
1.04626774	-0.27155552	-0.17566442	-0.69171557	-0.45696331	-0.51555110
0.83958560	-0.13380326	-0.14998808	-1.16943017	-0.95662488	-0.50191869
1.13359863	-0.51864170	-0.24172509	-0.72595279	-0.41550848	-0.46748655
1.21463924	-0.49177930	-0.09667650	-0.82045891	0.00300195	-0.54674157
1.17062692	-0.56810993	-0.20460734	-0.13194449	0.87062548	-0.17068107
1.45530256	-0.56332733	-0.09751936	-0.60162728	0.94699705	-0.18850577
1.18482349	-0.10925456	-0.00752913	-0.34181369	0.80296214	-0.19997743
1.25008674	-0.04875937	-0.04094229	0.04498791	0.78239779	0.16537541
0.94190627	0.13195648	-0.07453005	-1.28754083	0.24641495	0.33117301
0.81728115	0.15748657	-0.10902201	-1.05406919	0.10199158	0.33604393
0.64448573	0.12174608	-0.04961267	-1.69190609	0.99979173	0.24828971
0.65992331	0.13554713	-0.04212764	-1.29862013	0.55911703	0.51354341
0.75659018	-0.18417714	-0.04774913	-1.44644067	0.72242093	0.51093775
0.61780632	-0.07830656	-0.01635236	-1.38024529	0.63297049	0.34084998
0.48835969	-0.25370280	0.16786880	-0.56040532	0.42602982	0.40174870
0.44316955	-0.33826782	0.25070380	-0.47858690	0.26719447	0.04943636
0.39892324	-0.39092829	0.34734968	-0.09646521	-0.81804826	0.12105718
0.46553203	-0.24762120	0.22150513	-0.23940313	-0.99342072	0.22920459
0.82653034	-0.30900767	0.19433696	0.26842808	-0.60761790	0.13341594
0.90728320	-0.32679749	0.09327432	0.33973029	-0.70174677	-0.07750356
1.28672151	-0.13712333	0.08399369	0.05240800	-0.02879865	-0.11554039
1.44840671	-0.40605027	0.11870810	0.39694609	0.08617042	-0.18530680
1.47094982	-0.06625535	0.07645387	-0.52451048	-0.20279129	-0.16454841
1.44599073	0.15777714	0.09649739	-0.64531378	0.05438637	0.01880032
1.53092737	-0.17875618	0.27060377	-0.16628548	0.51610319	0.00046393
1.30492620	-0.49372042	0.11830654	-0.30118077	0.69904991	-0.11631174
1.60536812	-0.54288107	-0.00483385	-0.13153684	1.39771040	0.02612074
1.26874627	-0.76593289	-0.31502143	0.29564923	0.96866647	-0.06457371
1.32393558	-1.00227399	-0.16753504	0.98198458	0.49613987	0.40825364
0.93578335	-0.45078262	-0.02106247	1.37168183	0.91896298	-0.05241945
0.58103553	-0.36864357	-0.00471379	1.04315182	0.55628619	-0.37512097
0.87146492	-0.32645950	-0.02316491	0.90373015	-0.08536999	-0.56934564
0.76881553	-0.01990059	-0.11868240	0.20999480	-0.67522998	-0.66593979
1.02788395	-0.11803153	-0.14862147	0.02356696	-1.01975404	-0.41297800
1.24198770	0.03484041	-0.17736279	0.36223382	-0.66829753	-0.04276983
0.97613035	-0.22255552	-0.08803174	0.28532635	-1.13123773	-0.22633444
0.92257265	-0.50560660	0.06036296	0.88077820	-0.74812608	-0.27580902
0.81238709	-0.41153700	-0.03554595	1.30126047	-0.63671121	-0.43562396
0.83063974	0.02967064	-0.12373374	1.08866650	-1.25415558	-0.30726159
0.69181193	-0.09500983	-0.05377832	1.62848926	-0.60835257	0.14775050
0.78116849	-0.22331747	-0.21622004	1.20724962	-0.52089395	0.45622726
0.97873807	-0.05896034	-0.04074734	1.10141876	-0.56363106	0.42146735
0.93333770	0.12201159	-0.20209561	0.34084340	-0.36586118	0.57932426
0.91880069	0.21427720	-0.08721239	0.31372858	-0.05489520	0.75419103
0.82522168	0.15369698	0.04638706	0.08156637	-0.10840501	0.66980409
1.09826235	-0.11092743	-0.04084655	0.46670086	0.09468271	0.60459531
1.00042136	-0.23794223	-0.07081328	0.12992075	0.05866911	0.26799269
1.18393078	-0.61701238	-0.00775229	0.16368223	-0.35066452	0.18389716
1.41878314	-0.12184562	-0.00554271	0.44975178	0.36637884	0.07561860
1.30151178	-0.14949840	0.08302122	1.05130863	-0.49420556	-0.08091335
1.06526676	-0.18158318	0.08119695	1.38977894	-0.64849711	-0.25498469
1.25680037	-0.29892443	0.04820650	-0.15346327	-0.18215779	-0.30480664
1.34226080	-0.44410388	0.00710068	0.81576160	-0.22311425	-0.63464894
1.05168386	-0.33631617	-0.13692408	-0.74100342	0.28050964	-0.59938333
1.17860304	-0.35269284	-0.26465400	-1.07176199	-0.18466729	-0.52177148
1.10654513	-0.51817596	-0.23859422	-1.30616266	-0.03835806	-0.59288325
1.14445662	-0.57987059	-0.09435905	-1.11440078	-0.36642252	-0.52131547
1.17452305	-0.62049545	-0.05095650	-0.80254578	-0.49048750	-0.63864130
1.38175515	-0.43144751	0.04196908	-0.37301630	-0.38718166	-0.22443601
1.10602460	-0.28832433	-0.13444371	0.37942143	-0.55486913	0.24964431
1.21786341	-0.36286914	-0.19998685	-0.73987780	0.49928210	0.04045756
1.18873284	-0.17506844	-0.25555803	-1.10116419	1.09885256	0.16015038
0.96549800	-0.21486063	-0.16516360	-1.06345849	1.56375722	0.13409101
0.76262424	-0.26412647	-0.14433908	-0.96863831	0.40649155	0.53038112
0.62174190	-0.14141784	-0.05147827	-1.04893154	0.69059475	0.56258919
0.53777332	-0.18450715	-0.01139284	-0.93346004	1.23180575	0.15254367
0.73187994	-0.23569487	-0.03345797	-0.71117870	1.42872982	0.14485874
0.47725656	-0.22386625	-0.04433161	-1.24066466	1.09909310	0.07604067
0.54228604	-0.27083318	-0.09585366	-0.70065093	0.20058208	-0.02017866
0.33675764	-0.34324822	0.05368365	-0.96542365	0.99671580	0.12550787
0.69071461	-0.52164284	-0.00381056	-0.65203991	0.88135905	-0.22256115
0.75224655	0.01612691	0.06305389	-1.18565576	1.07929474	0.15880351
0.57961146	-0.11461376	0.23445226	-0.69956098	0.49522451	-0.15860480
0.79672173	-0.20075775	0.27396822	0.50427387	0.05861151	-0.03743369
0.96309987	-0.19153019	0.18948938	-0.10014106	-0.45953984	-0.23525976
1.16777084	-0.07935584	0.17790683	-0.09649976	-0.37656551	-0.11258428
1.34088887	-0.28277778	0.16025315	-0.50034950	-0.39952780	-0.13557131
1.65763959	-0.01673683	0.34051072	-0.20493621	0.07739840	0.09602933
1.44350920	-0.18601788	0.27121426	-0.31786758	0.57120466	0.08564793
1.21430235	-0.25585783	0.25400066	-0.53056064	0.23550425	0.03893485
1.17626792	-0.81891846	0.16893263	-0.31751015	0.01022950	0.19161545
