1.36254906	-0.46615444	-0.04772342	-0.68202189	0.87316563	-0.56633007
1.62830061	-0.51247664	-0.17050829	0.10226134	0.65055022	-0.05867688
1.00115502	-0.44118525	-0.01237875	-1.25572775	0.76236634	-0.28630468
0.86289559	-0.09231556	0.03804660	-0.97512843	0.59549712	-0.20421304
0.71719447	0.01683391	-0.05101415	-1.34590178	0.33796039	0.21017963
0.81884274	0.15081114	-0.05435281	-0.48219203	0.55017866	0.20177841
0.71963596	0.08595809	0.02020487	-0.85210889	0.42395347	0.47686795
0.75050156	-0.11388797	0.03837967	-1.74415175	0.42381810	0.67785014
0.61580076	-0.21103725	0.01885060	-0.93832143	1.00923679	0.32120980
0.65069819	-0.27620067	0.08459701	-1.54850362	0.71532829	0.28336589
0.66230660	-0.46297182	0.13364275	-1.26773697	-0.21082386	0.18127752
0.44771001	-0.10460398	0.17982140	-0.71467360	0.09571262	0.17588881
0.46057330	-0.33290846	0.15528685	-0.10790493	-0.44288732	0.00160037
0.77941675	-0.07595632	0.11344045	0.07487992	-1.20951578	-0.00409478
0.78896479	-0.26821022	0.16907384	0.65536289	-1.00528481	0.23523774
1.15859358	-0.08126514	-0.01014877	0.55869190	-0.73626669	-0.02073073
1.23235337	-0.19757315	-0.03536805	-0.44035898	0.49636081	-0.19814724
1.37619256	-0.15027138	-0.06617735	0.07802184	0.17643925	0.09600323
1.58087698	-0.31484914	0.08212789	-0.39796084	-0.78449315	0.16102427
1.75521899	-0.02916021	0.29522720	-0.88763413	0.18015749	0.44273564
1.86291647	-0.12378497	0.24997659	-0.78341273	0.52234549	0.22008515
1.30547539	-0.10976037	0.29252686	-0.75392931	1.09490307	-0.02949626
1.16148855	-0.31096572	0.21244296	-0.31379759	0.87305668	-0.13515967
1.29217810	-0.73161802	0.05614187	-0.37030957	0.57986749	0.13600966
1.03656351	-1.12200831	-0.06968941	0.71839441	0.94851063	0.24224816
1.11910515	-0.91842978	-0.12328457	1.93470748	0.63481899	0.50053628
1.01717393	-0.42493514	-0.09214605	1.77175063	0.91788732	-0.25752382
0.74765027	-0.00443839	-0.31264575	0.70031999	0.49802398	-0.22003600
0.98704443	-0.25458365	-0.17242432	0.84609738	-0.01511196	-0.55685457
0.88742772	-0.32121867	-0.06365105	0.00669775	-0.43837717	-0.68531815
0.71791807	0.08821372	-0.01258947	0.12517567	-0.59199008	-0.41285825
0.81907671	-0.09821753	-0.03309262	0.39376946	-1.37520964	-0.39950971
0.92459901	-0.47308219	0.04272428	0.46373653	-1.03289652	0.01042995
0.74911434	-0.54342555	-0.08305101	1.82965867	-0.46799864	-0.21737324
0.83953776	-0.56404266	-0.08107265	1.45595533	-0.58432493	0.04885983
0.71118338	-0.44879560	-0.11385754	2.11798393	-0.63433364	-0.57783956
0.85261018	-0.19034436	0.01438873	0.98206429	-0.83281324	0.00836898
1.02848339	0.22769006	-0.19557884	1.02569157	-0.48881582	0.29131912
1.04826646	0.26920878	-0.15652185	1.57780550	-0.38925725	0.63737999
0.90644310	0.28000595	-0.05886073	-0.10650192	0.06211867	0.63960030
1.06705578	0.02905711	-0.03560970	-0.44482319	0.47286959	0.45973037
1.22847930	0.03699845	-0.01915881	0.38630739	0.36083555	0.61948760
1.21078223	-0.03689985	0.01716009	0.28793229	-0.45309204	0.79443025
1.16235716	-0.23596198	-0.07473222	0.25904865	-0.15827649	0.55963463
1.42929652	-0.17893664	-0.05211477	0.39201290	-0.10895494	0.35375124
1.26579452	-0.06194245	0.01698770	0.71227443	0.18791853	0.12373729
1.21686316	0.01569150	-0.02918316	0.79901249	-0.61598407	0.01424482
1.17189423	-0.21661259	0.08944404	0.29266384	-0.15389343	-0.22118484
1.26303120	0.01039840	-0.13506700	0.49145647	0.34710872	-0.28766660
1.23967944	-0.12044197	-0.07424088	-0.28394469	-0.36958208	-0.34532407
1.36522313	-0.33444297	-0.08870466	-0.71708582	-0.40343355	-0.43639695
0.74231274	-0.29757977	-0.16742055	-1.27653014	-0.84961480	-0.23804113
0.71822298	-0.52354767	-0.10003177	-1.48607740	-1.14616150	-0.57139103
1.13814377	-0.31163033	-0.23214948	-1.04405533	-0.34755655	-0.32562256
1.32011035	-0.53514954	0.02410871	-0.58247427	1.19415955	-0.40823661
1.47804089	-0.62289714	-0.07477962	-0.16572799	1.28918629	-0.47142474
1.41932411	-0.32386908	0.10942736	-0.15559569	0.77653580	-0.02053962
1.10443462	-0.24389343	0.04038578	-0.56280502	-0.00867698	0.16268580
0.87542933	0.04085832	0.05785960	-0.86095498	0.05249677	0.20989237
0.53461562	0.14881233	0.08958952	-1.24497068	0.65305295	0.16563634
0.95766634	0.02536443	-0.03615834	-0.83031674	0.65349370	0.35489120
0.66385397	0.01366590	-0.10466129	-1.51951262	0.70690119	0.45904116
0.93393100	-0.42759519	-0.09541535	-1.53060091	1.58985698	0.53811277
0.69097548	-0.12220626	0.05363332	-0.79432367	0.95180194	0.21694624
0.50803435	-0.29189300	0.11277137	-1.26712339	0.70475090	0.18414070
0.51455587	-0.40557277	0.19162110	-0.63828820	0.24541542	0.40451858
0.23000382	-0.37818932	0.14265768	-0.18716291	-0.41840282	0.12813938
0.61045207	-0.43461770	0.18063652	-0.25420891	-0.57882091	0.37462840
0.76858926	-0.39715546	0.24907219	0.13720210	-0.53796626	-0.13572251
0.88667680	-0.41366521	0.00028344	0.14691425	-0.52893744	-0.11277142
1.09602308	-0.18334613	0.17283978	0.25553111	-0.10289109	-0.21520673
1.06579094	-0.09543970	0.08167292	-0.08593423	-0.30659116	-0.03400288
1.52929510	-0.31269069	0.07496847	-0.25190126	-0.06768824	-0.08420081
1.49459473	-0.12283607	0.15379530	-0.09580430	-0.70039438	0.02074899
1.59970424	-0.08339933	0.21745116	-0.62855593	0.53880260	-0.09073312
1.54575797	-0.04159161	0.28366199	-0.54348960	0.68543659	-0.01762915
1.56832276	-0.32758467	0.17849254	-0.87753416	0.43491573	0.01040336
1.11669827	-0.72697670	-0.03541673	-0.11707447	0.50919383	-0.13077038
1.25023788	-0.86607755	-0.07505427	0.28827638	0.59840612	0.27900237
1.15347783	-0.99930031	-0.16121559	0.86734552	0.25149610	0.22317058
0.97913431	-0.82143545	-0.06850513	1.61816450	0.63221652	0.08667442
0.83812849	-0.56210602	-0.05526968	1.57979419	0.54225715	-0.14163399
0.88531834	-0.40520782	-0.21702609	1.01600907	-0.17999293	-0.37544975
0.96062632	-0.15928528	-0.19153158	0.21119112	-0.02006370	-0.56988669
0.96276402	-0.06254506	-0.08497028	0.10747101	0.25132557	-0.57072711
0.84143830	-0.14722678	-0.06623261	0.49333510	-1.03622033	-0.23482353
0.64595248	-0.30207501	0.03839136	0.69801293	-1.29419674	0.04887837
0.89993886	-0.48976863	0.07408868	1.01756212	-0.80989193	-0.42801178
0.86699852	-0.32998277	-0.06995307	1.73566012	-0.26043246	-0.46084785
0.51943023	-0.35200457	-0.02891870	1.77361728	-0.83507001	-0.48956681
0.99237951	0.00907006	-0.09676256	1.84930804	-0.71309008	-0.05463411
0.96294786	0.20217637	-0.23960752	0.66717759	-0.77070724	0.42728106
1.08670550	0.35277360	-0.12855171	0.62255940	-0.16174341	0.91172468
1.01377659	0.20182089	-0.03981882	-0.45602716	-0.11516734	0.67932578
1.01285507	0.43231351	-0.00506448	-0.02184641	0.20014516	0.70856551
0.93674720	0.11639553	0.01265776	-0.84539162	0.04675527	0.64713081
1.02712950	-0.20539626	0.03978269	-0.09065348	-0.33524518	0.52745930
1.32132320	-0.20773846	-0.02623867	0.39261816	-0.34785057	0.30570392
1.10888177	-0.48309435	-0.01237934	0.24460979	-0.02871410	0.44913848
1.25240381	-0.24758722	0.12630503	0.91788293	-0.17195622	0.10914179
1.18535395	-0.31469879	0.07652934	0.72792443	0.02684377	0.03952162
1.21803171	-0.16621225	-0.08574016	0.37769410	-0.19147823	-0.16914655
1.35463570	-0.19312647	-0.03490492	0.24193434	-0.48783211	-0.37129576
1.15319706	0.01354730	-0.11150157	0.18190967	-0.29645227	-0.21114513
1.20606129	-0.09080644	-0.12737262	-0.52705729	-0.06898522	-0.49054469
1.15297532	-0.69424063	-0.06821507	-1.38194758	-0.60246760	-0.45215611
1.15411421	-0.42120878	-0.17461819	-1.86615665	-0.80083325	-0.48533467
1.15685594	-0.36669482	-0.23569925	-0.70049057	-0.57495568	-0.61125575
1.13142988	-0.47972920	-0.27409037	-0.68333454	0.15748087	-0.39318875
0.97944896	-0.63476513	-0.08812989	-0.25876035	1.28037527	-0.49617909
1.40746987	-0.37630736	0.15702394	0.24200444	0.42494272	-0.42362710
1.13730835	-0.29390397	0.10285081	-0.49678624	0.47681248	-0.12946032
1.06390558	-0.08656080	-0.02964018	-1.03930576	0.08806383	0.22460103
0.71953100	-0.06106455	-0.06129115	-1.24997540	0.26932743	0.29053578
1.02547220	0.02695064	-0.00240701	-1.71824575	0.38721097	0.30777359
0.64561336	-0.28755566	-0.07772987	-1.64719468	0.68711785	0.61240940
0.74898326	-0.10275165	-0.02105475	-1.44703385	0.45298852	0.32863095
0.45537898	-0.32556309	-0.00037239	-1.40644050	0.81621551	0.44062559
0.53053512	-0.42304175	0.10699120	-1.01954518	0.67573096	0.30007440
0.74247763	-0.40427034	0.00026801	-1.29042751	0.32342684	-0.05746238
0.76999461	-0.27924792	0.15198884	-0.62046744	-0.13465008	0.10412479
0.65497841	0.07358198	0.20223286	-0.03851127	-0.14255542	0.13464046
0.47361543	-0.30749231	0.07496771	0.02154320	-0.87086223	-0.22484501
1.04606652	-0.26381797	0.10435085	0.11147335	-0.80771036	-0.19153715
1.01326583	-0.03217711	0.17594326	0.14688201	-0.54117813	0.00798226
1.35894558	-0.01676321	0.09392159	-0.15640496	-0.15714873	-0.12719968
1.37835637	-0.05185771	-0.05181769	-0.28461186	-0.73007808	0.00986536
1.46312161	-0.16218549	0.06068948	-0.31483066	-0.32575439	0.37656584
