0.90663177	-0.32684718	0.20248080	-1.28266416	0.42031454	-0.33847133
0.54173719	0.05099510	-0.14988444	-1.62887684	0.61710609	-0.40476355
0.56186197	-0.04593052	0.15107995	-1.39024960	0.00035503	-0.98353091
0.31128779	-0.12263957	-0.04374348	-0.98390005	-0.06528633	-0.66194432
0.80190052	-0.19573162	0.02656506	-0.57989271	-0.05662851	-0.80063623
0.93544130	-0.11279750	0.10884242	-0.93341956	-0.80793654	-0.25600625
1.13700906	-0.25867791	0.12690047	0.21225724	-0.93551658	-0.27533549
0.87008447	-0.30527254	-0.00816164	-0.15998752	0.23169812	-0.24824390
1.02552653	-0.30210595	-0.22523474	-0.52859559	-0.15828872	-0.16008092
0.96431989	-0.40180288	-0.12463818	-0.49859794	-0.30612466	-0.16328493
1.05882672	0.01985454	-0.13331846	-0.33300192	-0.59881418	-0.31783612
0.91567402	0.18870035	-0.08499431	-0.36488620	-0.37347125	-0.29708085
1.14879640	-0.11043074	0.10463405	-0.29439035	-0.82197536	-0.37050017
1.03191775	-0.21296336	0.23977259	-0.80210465	-0.34971096	0.10955823
0.86384004	-0.11434627	-0.00355684	-0.50957204	-0.78862971	0.10671015
1.00115020	-0.46132578	0.05860536	0.16825166	0.95694555	0.20782920
1.01938331	-0.48998911	-0.21771798	-0.19843338	-0.16130869	-0.03110554
1.03984296	-0.52426439	-0.15969693	-0.37392676	0.73111154	-0.50008275
1.51015862	-0.49116802	-0.30945545	-0.23069751	1.20418856	-0.37381958
1.62978287	-0.41872611	-0.18121264	0.15087905	1.42964731	-0.41549742
2.18631928	-0.57930309	-0.14345788	0.53109548	2.10465796	-0.40643510
1.53921299	-0.66210070	0.01421885	1.30884225	-0.06450022	-0.01039406
0.74175039	0.02194891	0.66588196	0.34982694	-0.45158336	-0.34851785
1.60350517	-0.22258194	0.01434290	0.88200754	-0.75520962	-0.22939828
1.86332246	0.25267452	-0.18319259	-0.55322138	0.63620903	0.02626752
1.17624980	0.14363352	0.23128897	-1.45549170	-0.80211028	0.29136702
0.75392274	0.29713439	0.47910226	-1.03275430	-0.48673760	0.15956446
0.64210789	-0.04042776	0.31616242	-0.07327050	-1.29149129	0.97332775
1.03923983	-0.10273460	0.09497789	-0.33713730	-1.70588408	0.63398977
1.08485454	0.04364154	-0.11991883	0.16096290	0.08033602	0.30052325
0.92483601	0.05499702	-0.06975109	-0.59339536	0.35152534	0.25478437
0.69182507	-0.00033102	0.18070797	0.04078910	-0.38969171	0.14568727
0.23938078	0.12546119	-0.23208185	0.17753149	0.77879813	0.47526610
0.69874032	0.11066420	-0.16017806	-0.37799266	1.11493589	0.27523910
0.71306633	-0.06668903	-0.29638406	-0.54768023	0.82378660	0.54475570
1.04823621	-0.16458756	-0.04276370	-0.54802937	0.38386002	0.61273185
0.71821550	-0.31814470	0.19371173	-0.55717475	-0.21830983	0.62507787
0.72466505	-0.60252377	-0.04003385	0.15802772	0.08344641	-0.04376331
1.02031039	-0.50654566	-0.08779270	0.50333625	0.86393436	0.10929287
1.11645958	-0.93508757	-0.10878781	0.69838983	1.44061128	-0.36260873
1.26571748	-0.52169408	-0.15664926	1.36765555	1.07879623	-0.81777270
1.52006574	-0.02662409	0.23600924	-0.24137430	-0.25660738	-1.00085831
2.00858662	-0.35810288	0.17107959	-1.33206454	-0.58800962	-0.31575911
1.54686072	-0.47601528	0.16087741	-0.55226207	-0.78510882	0.55670993
2.00428482	-0.57826547	0.42042783	-0.78065737	0.37021102	0.15626537
1.50146963	-0.77804603	0.25542268	0.51561155	-0.27843025	-0.61083708
0.98594188	-0.27245151	0.36690655	0.65609650	-0.32026014	-0.00191464
0.84556319	-0.21766298	0.14575138	0.81712108	-0.13203661	-0.13116983
0.75532212	0.14974162	0.06162633	0.93142939	0.54212303	0.13581217
0.67266192	0.00422678	0.08132960	0.64886670	-0.22029007	-0.01075487
0.72282857	0.17323931	0.03671990	0.50916284	0.02638212	-0.14042635
0.44847037	-0.08064295	-0.11216082	0.00994846	-1.63887612	-0.14267947
0.26298093	-0.12031358	0.09753721	-0.07040140	-0.77944519	-0.33581225
0.55627450	-0.22522691	0.11828947	-0.70375607	-1.04589212	-0.02996008
0.42927683	-0.47700522	-0.29271711	0.02366898	-0.53242825	-0.66612163
0.81021097	-0.17218708	-0.15976399	-0.39809597	-1.24628933	-0.21373871
1.20217606	-0.25929822	-0.23418577	0.11413974	-0.87982675	-0.51488933
1.02864716	-0.46160330	-0.04623468	0.78677340	-0.07645668	-0.19126317
1.19818141	-0.38549287	-0.02033712	-0.07641840	-0.44200777	-0.13665180
1.25950166	-0.18688359	0.02438243	0.39270534	-0.17583192	0.10762307
1.01828892	-0.20568916	0.05442821	-0.30583388	-0.33718156	-0.31037629
1.58211771	-0.60176792	-0.11456056	1.10189946	0.16926334	-0.02514552
1.49002323	-0.13540532	-0.50521140	-0.00872701	1.20001042	0.07038687
1.76492214	-0.08825137	-0.25206008	0.43855052	1.84999777	0.08466366
1.55605537	-0.47924149	0.21771231	0.15692445	2.34983920	0.35128737
0.91618167	-0.32789791	0.17167480	0.39513334	0.54913757	-0.45818891
1.20571172	-0.76868813	0.14282846	0.23962029	-1.26258622	-0.36748835
1.45058623	-0.36087917	0.32740773	1.08422397	-1.79764275	-0.07486841
1.56947669	0.05348946	-0.48526995	0.90762164	-1.21255298	-0.12771412
1.41377358	-0.42256028	-0.26875090	0.79611841	-0.01330476	0.09992187
1.24903280	0.10283941	-0.16935778	1.03175847	-0.55360843	0.69674720
0.92045708	0.12639177	-0.06558336	0.28084828	-2.08654094	0.78484390
0.94050044	0.24727539	0.11735389	-0.62751018	-0.26523484	0.73726355
1.02691587	-0.04832349	0.09761445	-0.29271868	-0.55878539	0.07719969
0.72244651	-0.04832204	-0.04985664	-0.25691797	0.73511520	0.19451328
0.83487824	0.19113980	0.21332804	0.08269869	-0.24935631	-0.02091220
0.48239500	0.01320047	0.12088335	-0.38434430	-0.25624713	0.40766201
1.09315356	0.15169128	-0.23454246	-0.77504961	0.96909871	0.99137911
0.93908758	0.14755827	-0.14999324	-0.49668946	1.00765150	0.23752920
0.63715459	-0.03160470	-0.15878987	-0.25984689	0.84128875	0.90497614
0.69694565	0.19338674	-0.24502905	-0.64426849	0.16143332	0.79057736
0.89596551	-0.09146986	-0.07235140	-1.30924030	-0.52690861	0.54070519
0.70515591	0.06343665	0.10405603	-0.84887578	-0.27383375	0.22299353
0.64104813	-0.08461558	0.09749101	-0.93407535	-0.13929711	0.35551440
1.04583671	-0.27590171	-0.09881704	-1.23466619	0.75867239	0.01881513
1.17087601	0.08313020	-0.13363824	-0.40825336	0.89276476	0.37128448
1.35927816	-0.40518261	-0.37049439	-1.45126300	1.76828415	0.10002972
0.82244592	-0.44948421	-0.28464532	-0.97567014	1.69635763	-0.62024117
0.69764262	-0.98257494	0.07549576	-0.92480749	2.11443493	-0.79580542
1.10670647	-0.88584061	0.31652205	-0.28314983	0.89392079	-0.62399774
1.35605812	-0.41588048	0.25228571	-0.27086613	0.32911372	-0.84644629
1.31220777	0.00721789	0.14427731	-0.09019606	-0.40371893	-0.43902553
1.28814336	0.11090638	-0.18992953	-1.26210976	0.61706545	-0.48610779
1.54475922	-0.40517743	0.15769249	-1.94537799	0.67421664	-0.30121909
1.41588664	-0.59640977	0.37988257	-1.83942852	0.85608323	-0.55483706
1.32845111	-0.38479142	0.43264891	-1.49461113	1.10186684	-0.77121504
0.70857141	-0.23236444	0.18765850	-0.69547609	1.46636990	-0.03237066
0.86730657	-0.09944091	0.21896423	-1.27949785	0.62283929	-0.22464673
0.94066485	0.34687815	-0.04605421	-1.49677613	0.31342443	0.19654537
0.94969464	0.13177157	0.00053518	-1.49392117	0.17989638	0.23389027
0.46854451	-0.39563778	0.00686260	-2.14947818	0.80984781	0.29843103
0.68185457	-0.55322736	0.10033441	-1.46022600	0.57685071	0.02141135
0.58774623	-0.32357682	-0.04448888	-1.83881228	0.35107235	-0.35605356
0.22937771	-0.34864545	-0.19930111	-1.09643592	0.46637320	-0.29053083
0.59820408	-0.23505254	-0.02358506	0.07666000	-0.76305455	-0.85301353
0.36850568	0.19132646	0.10737154	-0.90878767	-0.43794259	-0.35862039
1.03592556	-0.03870792	0.26025238	-0.70323491	-0.76205622	-0.31295784
0.92823539	-0.08986453	0.18575818	-1.17110753	-0.10146894	-0.27610770
0.98556955	0.12570068	-0.28938110	-1.10335445	0.06313996	-0.29865824
0.89862697	-0.34434412	0.30079634	-0.23136186	1.13813104	-0.30326342
1.03622640	-0.16689270	0.16429789	-1.15095046	0.44292704	-0.82240653
0.96428623	-0.04847411	0.41407825	-0.48795051	-0.15588458	-0.62468217
0.68815836	0.35131125	0.21594713	-1.07373669	0.48600300	-0.52594925
0.89656496	0.32582604	-0.09082995	-0.70836559	0.41246578	-0.00344309
0.66891097	-0.16994701	-0.10602683	-1.48723372	-0.62481709	0.16309847
1.16542910	-0.35354915	-0.30878456	-0.58195893	-0.37381154	0.60274626
1.56518853	-0.84382293	-1.06524367	-1.04896841	0.27735107	0.61456577
1.96035932	-1.52290066	-1.08589752	-0.10741798	0.02833602	0.05136861
1.59696319	-1.23422198	-0.29546291	0.42775819	0.02175007	-1.08516916
1.17335442	-0.74360363	0.77482594	2.38387446	-2.07439722	-0.93156696
1.30402771	-0.28918810	0.31235893	1.51358279	-1.46744824	-0.74623970
1.61058249	0.07479060	-0.02574453	0.19120423	-0.81786727	0.05155562
1.31420200	0.33606100	0.25706411	-0.22141828	-0.47179843	-0.37838609
1.01313376	0.04394004	-0.34781728	-0.55823428	-0.24719488	0.26210981
0.68921313	0.31106056	-0.00349771	-1.41638974	-0.86670987	0.45870085
0.44643691	-0.33471769	0.21376704	-0.79016451	-1.55556641	0.42247272
0.94543003	-0.53657946	0.33613655	-0.19044375	-2.24504513	0.68131477
1.08559733	-0.16003680	-0.13565891	0.70044988	-1.97558846	0.41747535
