0.92825960	-0.45389179	-0.11744561	0.57764558	0.52917075	-1.33281763
0.87119886	-0.47905396	-0.03362092	1.10837700	-0.39303255	-1.33573332
0.81779293	-0.55889530	0.03936820	1.50023882	-0.49273159	-1.18641309
0.87084018	-0.37988413	-0.10295126	1.77642804	-0.41543983	-0.93527736
0.67564101	0.02354986	0.00199914	1.03709913	-0.01384419	-0.50031072
0.71707937	0.19640110	-0.13140122	0.76352251	-0.20543355	-0.00062431
0.89511804	0.17914872	-0.18375477	0.53218046	0.02173843	-0.04123102
0.95776102	0.03325821	-0.06038032	0.83577851	-0.19269109	-0.21925321
0.97270474	0.07673411	0.04751582	0.12861779	-0.52942146	-0.13392163
1.27994999	-0.20279509	0.04285612	0.61816248	-0.57696763	0.25602004
1.38248585	-0.12909075	0.06706624	0.45442805	-0.86351307	0.27344019
1.42729308	-0.11640405	-0.02932919	1.05376030	-2.14017682	0.16648257
1.44880358	-0.08672415	0.01476590	1.29643910	-1.16979939	0.41686757
1.30108492	-0.32256935	-0.20639003	1.03932597	-0.68883448	0.06032205
1.48678335	0.02219953	-0.08569774	0.76630926	-1.33505903	0.73826108
1.47987343	-0.11887094	-0.23784554	0.68851855	-0.30435912	0.63503324
1.65903320	-0.24622416	-0.20555468	0.48730368	-0.49383075	0.39747109
1.24627031	-0.61575989	-0.21262894	0.70391351	1.47854251	0.39421550
1.23041602	-0.50521139	0.02965796	0.42504180	1.75821935	0.16784366
0.94166496	-0.41359011	-0.03942099	0.13525499	1.90219464	0.12053762
0.86028496	-0.52487063	-0.04023563	-0.51302017	0.27567184	0.06969832
1.20867399	-0.34619885	-0.10444226	-0.28332325	0.56305982	0.71542898
1.02523661	-0.45939937	-0.04842475	0.36641659	0.09413625	0.24346601
1.42724555	-0.45934938	-0.14272957	0.24518055	0.73504082	0.44588667
0.88651179	-0.55461201	-0.10439773	0.59711823	0.15107254	0.65919183
0.76706589	-0.56387696	-0.10077137	0.73215553	0.78644286	0.20481059
0.70651962	-0.22626604	0.16809354	0.82512011	0.79585692	0.39175939
0.59890484	-0.33578850	-0.08703518	1.62906502	1.00583142	0.54645419
0.72492945	-0.12446722	-0.10271610	0.99329123	0.59263217	0.44276222
0.71147416	-0.10759718	0.06791188	0.60538533	1.01477701	0.24568922
0.76837427	-0.29234983	0.18110012	0.91782334	0.64887740	0.42613628
0.40690045	-0.00446817	0.32588645	1.28670540	0.09128529	0.30757494
0.40871435	-0.06308905	0.19989511	1.13483968	-0.30750763	0.04687124
0.38774814	-0.05736088	0.02516857	0.39882297	-0.49703431	0.41350985
0.51638619	-0.36688984	0.10952842	0.85634520	0.16127828	0.44315539
0.74332368	-0.32452164	0.24760302	0.97627912	-0.43794167	0.46819066
0.99650970	-0.37080607	0.30328333	0.76807449	-0.45350800	0.19667736
0.91800703	-0.27766479	0.33707432	0.44127679	-0.51119653	0.14293348
0.99385929	-0.19449735	0.46610323	1.00496048	-0.98148770	0.08807065
0.91086445	-0.36990095	0.43393771	0.74297112	-1.09284410	0.38391965
1.15796075	-0.23028121	0.50244894	0.46902284	-1.81657172	0.37381831
1.02680046	-0.39244609	0.41173371	0.75761465	-1.65618711	0.31509880
1.41786422	-0.50666450	0.33737940	0.31367701	-0.27626351	0.40975663
1.51838846	-0.59449784	0.14681658	0.39589037	-1.65047240	0.13850549
1.50896196	-0.79189254	0.08147661	0.73353255	-0.82309490	0.04289308
1.10243637	-0.72228027	0.08482005	1.30652245	-1.24337165	-0.08912900
0.86272217	-0.64786657	-0.04591941	0.96901414	-1.68230963	-0.83749167
0.70935018	-0.83397180	-0.07755881	1.04893275	-1.62186345	-0.79423571
1.21490351	-0.75672521	-0.08112236	1.07192945	-0.87990629	-0.52727622
1.15903797	-0.59467207	-0.17071342	1.55737533	-0.85730444	-0.72049756
1.15803733	-0.71294569	-0.04848973	1.46733940	-0.08191016	-0.80794346
0.94613887	-0.46996433	-0.18858531	1.81253960	-1.03168701	-1.10160071
0.84779073	-0.03606760	-0.07296699	1.78159876	-0.71992344	-0.84071061
0.67780803	0.10307001	-0.07777912	0.84230882	-0.83589540	-0.78894432
0.70552233	0.12734254	-0.13207663	0.37234437	-1.38429926	-0.70085313
0.76454734	-0.11910581	-0.24141464	0.18312641	-1.24025337	-0.75346597
0.85107609	-0.27822141	-0.14480242	-0.04360284	-0.86679441	-0.73935557
0.70146551	-0.09820866	-0.17011627	-0.05161770	-0.15211786	-0.39132451
0.62870132	-0.15726868	-0.13512527	0.08316912	-0.19274503	-0.80350845
0.84851418	-0.21987759	-0.10591463	0.28542160	-0.78940245	-0.79926517
1.05674394	-0.08836369	-0.22987415	0.65239219	0.30511492	-0.29202709
0.70353111	-0.18427866	-0.27238877	1.14578337	1.14560089	-0.23180079
0.83741022	-0.02062039	-0.15600925	-0.02951386	-0.36945060	-0.06609688
0.95472135	0.08838214	-0.13767383	0.18132056	0.36228209	0.13526683
0.99128900	-0.08861555	-0.09283586	-0.41680692	-0.70587460	0.22165163
1.29933536	0.09447949	-0.06334489	0.13730254	-0.33438566	0.21529191
1.37344674	-0.17190365	-0.02264908	-0.08511188	-0.15118387	0.79089997
1.34648420	-0.09060476	-0.10926903	-0.60734716	-0.19844982	0.68785257
1.48978211	-0.22089167	-0.05615514	-0.53112348	-0.00176475	0.59659368
1.43356938	-0.19974541	0.02411458	-0.12346043	-0.24982323	0.60606944
1.15364260	-0.45068047	-0.07826208	-0.08050554	0.49431668	0.73687294
1.20529871	-0.34359244	-0.25271892	0.16748194	0.20012282	0.60740738
1.38675182	-0.50364306	-0.23368377	-0.53963290	0.24272284	0.63765860
1.43952532	-0.55452702	-0.22755953	-0.17427814	1.99084119	0.12008546
1.21836926	-0.68136112	-0.34118519	-0.00475832	2.77884938	0.41904036
1.19281359	-0.30504894	-0.14869067	-0.09887746	1.75368384	0.50978228
0.96843741	-0.53738264	-0.02642404	0.01127650	1.21194071	-0.28746978
1.00331316	-0.27708127	-0.11927177	-0.68163564	1.11797550	0.03535215
1.10318122	-0.22467689	-0.09705598	-0.68271652	0.63265894	0.11321004
1.06811859	-0.40780562	-0.07373264	-0.79372054	0.58006140	0.34888532
0.82721827	-0.36733330	-0.04376110	-0.23964359	1.16332619	0.47150304
0.72638703	-0.30023315	-0.08142640	-0.56342455	1.32234960	0.72507541
0.47848201	-0.38871041	0.08538281	-0.01687364	0.73306665	0.18927804
0.72292265	-0.04945401	-0.13202189	-0.09463924	0.67817634	0.24584323
0.74293353	-0.25860791	-0.08052735	0.23546743	1.63921998	0.21947719
0.68175925	-0.15988780	0.03211879	0.08893228	1.48094089	0.09926222
0.57519969	-0.14097797	0.16101885	-0.02620014	0.75050565	0.34394979
0.71098717	-0.07121889	0.31587338	-0.59448792	-0.71952656	0.25185965
0.65616057	-0.22357128	0.19977977	-0.47922837	-0.65397168	0.15423432
0.42959571	-0.27664447	0.19540862	-0.33014062	0.36100743	0.31750529
0.89205131	-0.50960901	0.18139528	-0.21204168	0.60217923	-0.02046183
0.98747260	-0.38408477	0.25221043	-0.16860167	0.79867117	0.15679651
0.96714494	-0.08635405	0.41621536	-0.01644606	-0.10192451	-0.36094862
0.93250976	-0.23092096	0.33846697	-0.27608482	-0.36437787	-0.07618416
0.96035688	-0.12224502	0.35844947	0.31003633	-0.54077591	0.19084863
1.19719835	-0.27730682	0.40218889	-0.30950540	-1.29430219	-0.32853731
1.45122323	-0.50066572	0.19470283	-0.17849062	-1.14293104	0.28895690
1.32222647	-0.59834103	0.01025179	-0.03704311	-0.70975584	0.20730251
1.47978069	-0.63669046	-0.04132758	0.14240841	-0.37683211	0.31956014
1.11582639	-0.70534553	0.04865592	0.51264071	-1.00453546	0.04462432
0.73171720	-0.54821393	0.11739782	0.75618625	-0.39924661	-0.42520600
0.71867842	-0.45269846	-0.05117997	0.17966553	-1.35088524	-0.54659435
0.74246499	-0.46532026	-0.20276098	0.02745563	-0.78935613	-0.39564889
1.02314046	-0.60728689	-0.14876014	0.92475931	-0.25730285	-0.77712969
1.23879431	-0.66517567	-0.10012224	0.02926807	-0.34165489	-0.40350736
0.89077509	-0.26576725	-0.04464974	0.25277195	0.49060217	-0.86122685
0.90787807	-0.22093428	0.00163998	0.52965071	-0.75272279	-0.64449106
0.62950726	0.01374981	0.01579653	0.42986917	-1.10253125	-0.65694722
0.68876589	0.13908474	-0.03342313	-0.34565017	-0.85874846	-0.79749374
0.67015358	-0.02424938	-0.08387418	-0.01356192	-0.76882387	-0.45355729
0.73358804	-0.10891794	-0.06895124	-0.60582333	-0.75884406	-0.69778400
0.75762202	-0.24238987	-0.11236758	-0.76283101	-0.36689724	-0.56600573
0.81332132	-0.11480118	-0.20166089	-0.62476046	0.14810500	-0.78272566
0.90197913	-0.13410942	-0.12672790	-0.51176394	0.07450490	-0.58937776
0.96640851	-0.29553842	-0.14753527	-0.17910472	0.29339558	-0.43432728
1.26001356	-0.19314000	-0.10129357	-0.37507222	0.31160028	-0.26145697
0.98837148	-0.34404003	-0.18792772	-0.41928289	0.69551966	-0.52297224
0.83873790	-0.20678432	-0.14051052	-0.24887993	0.70950905	0.25669049
1.05703746	0.24377999	-0.05886571	-0.32432413	0.47181413	-0.09145425
1.10841165	0.14618535	-0.15901112	-1.22436364	-0.45986937	0.07632726
1.39164629	-0.13588781	0.01368986	-0.90256652	0.05242577	0.44242384
1.50476431	-0.03359651	0.00020442	-0.95538601	-0.74931377	0.48867070
1.38142142	-0.17990400	-0.07906956	-1.48033745	-0.39640906	0.59751668
1.65354121	-0.29425413	-0.14109482	-0.69382824	-0.65523236	0.35214325
1.44636123	-0.41342857	-0.08986167	-0.73387777	-0.28949857	0.68798136
1.52903025	-0.46697808	-0.14162452	-0.97001151	-0.30395589	0.80019911
1.52497333	-0.53260640	-0.36591139	-0.42644235	0.47584701	0.60124792
1.38783483	-0.46508612	-0.28140181	-0.37088053	0.88935665	0.41814391
