1.05313879	-0.02035675	-0.05646885	0.07392423	0.41147579	-0.11919720
1.04584290	-0.01005535	-0.05337168	0.06506362	0.72638917	-0.09690578
0.99618124	0.01524201	-0.03379183	0.07459426	0.30273124	-0.15884072
1.01244030	-0.00579575	-0.02444415	0.09604128	0.18234520	-0.11597901
1.04238025	0.01156277	-0.02413172	0.12760881	0.52358694	-0.17262629
1.04618723	0.00363233	-0.08291746	0.22226277	0.22105283	-0.12189878
1.02740751	0.00904608	0.00473175	0.18562136	0.33571490	-0.14429077
1.00244963	-0.01269430	0.00141190	0.11686407	0.31733591	-0.15967768
1.01536709	-0.01993011	-0.06025229	0.22111786	0.10370568	-0.12005249
1.01495349	-0.01100191	-0.06188509	0.21271351	0.14711362	-0.12685544
1.03001691	0.01829872	-0.04744716	0.19248634	0.17497315	-0.11775809
1.02549886	0.00405026	-0.01086906	0.21819512	0.17239951	-0.10226876
1.02814947	-0.00683927	-0.00998871	0.25586848	0.12945952	-0.11715119
1.01580440	-0.01212128	0.06951483	0.48204569	-0.20104293	-0.02734304
1.04745145	0.00226791	-0.00111869	0.34822997	-0.09868829	-0.07177271
1.05472533	0.03622691	-0.09810654	0.30599491	0.11633791	-0.10895461
1.04001670	0.01961998	-0.09379254	0.19140121	0.27313710	-0.10322430
1.05721858	0.03090920	-0.06122014	0.12591282	0.30339357	-0.11192442
1.03980788	0.05332020	-0.12109090	0.15301412	0.38161629	-0.10770969
1.05089344	0.04912342	-0.06379993	0.00592769	0.85737398	-0.10717580
1.05643488	0.02704001	-0.05986462	0.13011423	0.78943105	-0.13653752
1.00890825	0.00071836	-0.04965218	0.23145891	0.51768026	-0.09317373
1.01772360	0.02407628	-0.02525478	0.14312106	0.39881633	-0.10083586
1.00579165	0.01861932	-0.06217086	0.13929331	0.17544289	-0.07608239
1.04792977	0.00433203	-0.03970435	0.08990029	0.50742873	-0.13142791
1.05517611	-0.00110950	-0.04818240	0.02278263	0.41630684	-0.13223521
1.03894243	0.02776224	-0.06798019	0.15484927	0.31054180	-0.12127421
1.04676832	0.02252955	-0.08744873	0.11867258	0.35738655	-0.15269976
1.03090566	0.01269669	-0.06795877	0.03494912	0.19977697	-0.10045121
1.03563773	0.02236892	-0.05863909	0.21525066	0.20790050	-0.03288796
1.06510526	0.00535562	-0.03278269	0.09487815	0.32340686	0.01405707
1.06645755	0.01189417	-0.02111303	0.04845086	0.46136536	-0.05554681
1.01656979	-0.00503670	-0.00454219	0.01165300	0.38290782	-0.13523793
0.96432217	0.01484495	-0.00361966	0.09744361	0.23439036	-0.10597894
0.98543979	0.00565923	0.01587932	0.05087155	-0.01894508	-0.11305900
1.01917073	0.01958733	-0.02777608	0.08502486	0.04469058	-0.10203997
1.03105390	0.04729082	-0.06677753	0.13800630	0.28425905	-0.10427823
1.04100420	0.02235493	-0.03722242	0.07548060	0.29993309	-0.05369117
0.99496225	0.02876418	-0.00498893	-0.01825963	0.05127746	-0.08809874
0.96837193	0.01923553	0.01352663	0.08443215	-0.06986306	-0.03754058
0.97467139	-0.00527163	0.00727745	0.19186618	-0.34195322	-0.04751508
1.00914622	0.00406897	-0.02315750	0.19838415	0.14891805	-0.03253437
1.07745213	0.00123670	-0.06655434	0.25579937	0.08057152	-0.05873276
1.05773103	0.00009660	-0.05915461	0.25456175	0.22526918	-0.09339903
1.01656060	-0.00995207	-0.07383496	0.28787143	0.10548964	-0.08694178
1.05571863	-0.00588318	-0.06047510	0.29811633	0.15648334	-0.05091483
1.05547035	0.00453825	-0.07873678	0.44857450	0.28799075	-0.09306473
1.06142152	-0.00400332	-0.10348580	0.35960500	0.36216081	-0.08388443
1.06163977	-0.01062470	-0.10970160	0.31049395	0.36177639	-0.06759794
1.00845621	0.00099835	-0.06462699	0.26034331	0.45217001	-0.07188086
1.00077036	0.00166178	-0.05542493	0.17082786	0.49285344	-0.11005803
1.03885204	0.00166930	-0.10371284	0.10494169	0.59091566	-0.07266256
1.02874791	0.01804723	-0.05145734	0.11627308	0.43613594	-0.08454804
1.04109887	0.02330544	-0.07572206	0.15216151	0.50922469	-0.05860327
1.01636924	0.04989231	-0.05026984	0.16868937	0.34608078	-0.04484530
1.00450286	0.03502551	-0.04320744	0.08545656	0.05271467	-0.06306258
1.01801498	0.02234269	-0.03303279	0.08372844	0.15705171	-0.04084256
1.02866501	0.03617086	-0.04245901	0.13050161	0.12549900	-0.06609307
1.04832790	-0.00931705	-0.08984211	0.01077471	0.21437696	-0.06354086
1.02320599	-0.00051638	-0.03971430	0.03630691	0.25242768	-0.08120803
1.01306169	0.02054028	-0.02634249	0.00106424	0.10257760	-0.05530884
1.01602563	0.01487276	-0.07582429	0.05763571	0.25238638	-0.03157184
1.04306725	0.00300024	-0.03813645	0.03846744	0.02422428	-0.04506112
1.03412237	-0.00397947	-0.07683989	0.12314759	0.21586458	-0.03506389
1.02077980	0.00131737	-0.10684761	0.08143696	0.23792429	-0.05246185
1.02061634	0.00357091	-0.04128173	0.09682446	0.18315131	-0.05936935
1.03611369	-0.00140685	-0.08390553	0.05410625	0.02833446	-0.02764131
1.03577929	0.00175801	-0.09112061	0.13537574	0.03215528	-0.02959998
1.02629495	-0.00574377	-0.08836623	0.15924983	0.26006532	-0.05579662
1.00464274	0.00514509	-0.08334873	0.16657509	0.03443058	-0.03699483
1.01578055	-0.00000294	-0.07409942	0.07221625	0.20102085	-0.04868883
1.01760208	0.01222254	-0.06908232	0.06500770	0.29618270	-0.03187821
0.99779689	-0.00802995	-0.09211416	0.05884444	0.25514531	-0.03732801
1.03211635	0.00883261	-0.08479689	0.05676294	0.19737896	-0.05403038
1.03027479	0.00391574	-0.07340503	0.05227674	0.11285474	-0.02857825
1.01049619	-0.00629714	-0.05786019	0.18605365	0.26102731	-0.05645942
1.01558684	0.00423398	-0.03970752	0.19350871	0.34437563	-0.01120183
1.03723161	-0.01482596	-0.05926299	0.10154014	0.19895084	-0.04556789
1.02362064	-0.01695993	-0.07678886	0.16293778	0.23358436	-0.02244174
1.01453808	0.00239266	-0.04668612	0.13888496	0.12826536	-0.02967366
1.00641081	-0.00178339	-0.08414773	0.20005217	-0.01291561	0.00634103
1.03454407	0.00723915	-0.07580674	0.07304272	0.13393858	-0.02306322
1.04218875	0.00851682	-0.04638336	0.20200764	0.00086944	0.04720590
1.03337773	0.00912256	-0.03217278	0.12906966	0.16856492	-0.00757390
1.00761012	0.01996718	-0.07999206	0.20552307	0.03771177	-0.03013085
1.04540050	0.01165665	-0.07074179	0.03444672	0.09719346	-0.00786975
1.03122963	-0.00857543	-0.05926710	0.14163080	0.14301646	0.00582162
1.03230801	0.00880410	-0.06346858	0.11184773	-0.03199806	0.02310420
1.03044592	0.00572656	-0.06705399	0.21598623	0.00639702	0.01677458
1.00119058	0.00314191	-0.08557440	0.12166565	-0.08171279	0.01550338
1.02857731	-0.02481971	-0.05115763	0.18319371	0.20532270	-0.02568820
1.04847120	-0.03520104	-0.04976070	0.22652923	0.00827989	-0.02629236
1.02916825	-0.00880853	-0.06805853	0.11205297	0.12456635	-0.02562013
0.98864915	0.03078470	-0.08459696	0.00941190	0.12520330	0.00786191
0.99805052	0.07828734	-0.08570296	-0.01813111	-0.01953227	-0.00171569
1.01681324	0.05832829	-0.10955273	0.03106909	0.02519213	-0.02110058
1.03227010	0.04062265	-0.08048686	-0.08528518	-0.04218679	-0.02241994
1.02814316	0.02262979	-0.09812116	-0.09216179	0.08066989	0.00235430
1.03348151	-0.00313364	-0.08552001	-0.11925526	-0.02622255	-0.03101878
1.01731517	0.01350561	-0.10381559	-0.07960997	-0.04232239	-0.01090863
1.02723805	-0.00722297	-0.06859307	-0.07248386	0.23989143	-0.00372348
1.02960205	0.01395519	-0.09094829	-0.04779129	0.12879316	-0.02662650
1.04704906	0.01320536	-0.08950202	-0.10839166	0.13480019	-0.04386258
1.02763125	-0.00504730	-0.09358691	-0.00439729	0.15762076	-0.03433174
1.03218976	-0.01613195	-0.09743221	0.02782078	0.16642096	-0.04747546
1.02409897	-0.00623213	-0.06864339	0.01281158	0.06313901	-0.03125829
1.02403149	-0.02155112	-0.08074260	0.02581280	0.21766561	-0.05381298
1.02500663	-0.02929685	-0.06744569	0.10720467	0.19236211	-0.00288290
1.00751022	-0.02144369	-0.09756749	0.00503623	0.32144986	-0.02500658
1.03885946	-0.01461967	-0.07803145	0.08099644	0.03542008	-0.02798451
1.04790200	-0.03092052	-0.09733473	0.04440941	0.15025672	-0.03046006
1.03632812	-0.02006602	-0.12727280	0.14060918	0.09592646	-0.03701310
1.04042658	-0.02364696	-0.10585092	0.17731269	0.19908922	-0.03655726
1.03256766	-0.01247593	-0.12299455	0.18795309	0.26561729	-0.03628235
1.05958491	-0.01736935	-0.09529760	0.14736268	0.07770969	-0.02385340
1.03577605	-0.00949357	-0.10230809	0.15609636	0.20652295	-0.01142273
1.02137780	-0.01252411	-0.09797599	0.14880691	0.30678775	-0.07496044
1.01312590	-0.00234138	-0.10799813	0.18086596	0.08980434	-0.02354296
1.00964354	-0.00383261	-0.10653243	0.12432993	0.14567813	-0.02628441
1.03503176	0.00903912	-0.09469423	0.20289482	0.14723275	-0.02261774
1.01661369	0.02949524	-0.10062892	0.18960488	0.20195637	-0.04475769
1.02985421	0.00476822	-0.08596031	0.19583825	0.14818304	-0.00624209
1.03313727	-0.00358564	-0.08521648	0.08507138	0.02464909	-0.00805949
1.02217255	0.00221893	-0.10778822	0.12491556	0.25820959	-0.00323682
1.03886937	0.00299769	-0.07071629	0.02590774	0.00229914	-0.02973873
1.01386242	-0.00913624	-0.09997508	0.12728878	0.08856366	-0.01598014
1.03351263	0.00042742	-0.08897645	0.15064758	0.03523955	0.00424423
1.01628521	0.00996078	-0.11167571	0.11827776	0.13321223	-0.00348447
