1.02265203	-0.00903294	-0.10238439	-0.00574898	-0.01322230	0.00694818
1.02536593	-0.01107683	-0.09997013	-0.00697595	-0.00709215	0.01171974
1.02291943	-0.00554873	-0.08968609	-0.00530422	-0.01221142	0.00412813
1.01896055	-0.00517133	-0.09102810	-0.00125438	-0.01061886	0.00546393
1.02157417	-0.00563294	-0.09485407	-0.00049579	-0.00366706	0.00374318
1.02419929	-0.00722521	-0.09735617	0.00178423	-0.01348362	0.00523624
1.02258159	-0.01083854	-0.09759949	0.00550393	-0.00509408	0.00977736
1.02738495	-0.00816175	-0.09737862	-0.00553698	-0.00714907	0.01059849
1.02786068	-0.00981879	-0.09777685	-0.00446757	-0.01587167	0.00985388
1.02303935	-0.00985022	-0.10460955	-0.00089109	-0.00973029	0.00094052
1.02298410	-0.00902564	-0.09276234	-0.00121837	-0.01197483	0.00027540
1.02334298	-0.00804663	-0.09674897	-0.00241912	-0.00903992	0.00847453
1.02313850	-0.00647860	-0.10152798	0.00530319	-0.01269497	0.00526137
1.02401948	-0.00888740	-0.10143195	0.01137031	-0.01984897	0.00621478
1.02475910	-0.01115057	-0.09837808	0.00878091	-0.01758544	0.00660219
1.02415465	-0.00884034	-0.09643912	0.00786113	-0.01301758	0.00866780
1.02458163	-0.00883170	-0.09543189	0.01814201	-0.01440298	0.00895736
1.02320777	-0.00572780	-0.09782786	0.00679579	-0.01867617	0.00972329
1.02080366	-0.00736438	-0.09429531	0.00033493	-0.01594890	0.00879618
1.02161743	-0.00431345	-0.10088694	0.00005473	-0.01804628	0.00235300
1.02201827	-0.00704564	-0.09093431	0.00257903	-0.00739454	0.00328444
1.02239788	-0.00579871	-0.10011517	0.01466613	-0.02121354	0.00308598
1.02347331	-0.00709344	-0.10204899	0.00757560	-0.01292321	0.00364425
1.02351400	-0.00728772	-0.10429864	0.01162712	-0.02412619	0.00159879
1.02525943	-0.00869552	-0.10904037	0.00893901	-0.01053406	-0.00060158
1.02481872	-0.01009084	-0.10696614	0.00408628	-0.00545824	-0.00223789
1.02478640	-0.00858814	-0.10549081	0.00982314	-0.00976264	-0.00597085
1.02418525	-0.01130670	-0.10622916	0.00278689	-0.00925111	0.00235295
1.02722320	-0.01211967	-0.10452497	0.00326938	-0.00667182	-0.00060056
1.02478041	-0.01095466	-0.10737086	0.00129223	-0.01081288	-0.00250035
1.02290859	-0.00928082	-0.10088671	0.00484153	-0.01085442	-0.00139874
1.02182055	-0.00794583	-0.10210306	-0.00266644	-0.01082940	-0.00042412
1.02103036	-0.00425777	-0.09273371	-0.00595624	0.00232737	0.00364613
1.02208950	-0.00701591	-0.10687376	-0.01252763	0.00359976	0.00108439
1.02256991	-0.01186574	-0.10291602	-0.00447765	0.00157872	-0.00127480
1.02144442	-0.00717051	-0.09557817	-0.00494189	0.00277484	0.00400842
1.02302755	-0.00932690	-0.10550338	-0.00795151	0.00199296	-0.00054989
1.02404869	-0.00681742	-0.09955174	-0.00822983	-0.00333303	-0.00536372
1.02319346	-0.00860536	-0.10641667	-0.00676249	0.00064630	-0.00244150
1.02427968	-0.00943793	-0.10897103	-0.00593205	-0.00060647	-0.00231709
1.02092399	-0.01077925	-0.10152280	-0.00828506	-0.00363738	-0.00136874
1.02272258	-0.00841426	-0.10566691	-0.00365148	-0.00494333	0.00198351
1.02556887	-0.00992774	-0.10404530	0.00422060	0.00377422	0.00049640
1.02383517	-0.00703339	-0.10392352	-0.00192072	0.00806646	-0.00643981
1.02529068	-0.00901758	-0.10369413	-0.00214460	0.01581549	-0.00183351
1.02463435	-0.00291960	-0.10491321	-0.00598716	0.00683648	0.00142663
1.02282114	-0.00401287	-0.10908910	-0.01529761	0.00411685	0.00044196
1.02212436	-0.00900793	-0.10692023	-0.00844571	0.00505677	-0.00178776
1.02253673	-0.01257104	-0.10716584	-0.00637570	0.00355035	-0.00030208
1.02166451	-0.01243056	-0.10898504	0.00566701	0.00632017	0.00368594
1.02247417	-0.00927714	-0.11561900	-0.00146674	0.00569735	-0.00056055
1.02178916	-0.00936127	-0.11038996	-0.00187365	0.01775373	-0.00377092
1.02341264	-0.01081513	-0.10705199	0.00282713	0.01491315	-0.00450340
1.02390312	-0.00840789	-0.10721999	-0.00548787	0.01126222	-0.00304763
1.02219334	-0.00966914	-0.10470168	-0.00163053	0.00879711	0.00118451
1.02343953	-0.00923655	-0.10629630	0.00295431	0.01366013	-0.00519355
1.02474387	-0.00835359	-0.10645845	0.00247938	0.00874005	-0.00318406
1.02375269	-0.00820298	-0.11057894	0.00131928	0.01083282	-0.00116860
1.02373780	-0.00759730	-0.10427549	0.00474803	0.00293763	-0.00519359
1.02385876	-0.00473235	-0.10045372	0.00127295	0.02411112	-0.00655980
1.02353157	-0.00526392	-0.10336329	0.00245720	0.01130003	-0.00770547
1.02316971	-0.00953608	-0.10142600	0.00601284	0.01977587	-0.01233590
1.02180859	-0.00998076	-0.10893457	0.00936529	0.00791603	-0.00908173
1.02359687	-0.00519849	-0.10072551	0.00810374	0.01736116	-0.00388704
1.02016657	-0.00083008	-0.10828516	0.01419960	0.01622954	-0.00166912
1.02480774	-0.00792781	-0.10414903	0.01226457	0.00740016	-0.00701758
1.02382812	-0.00837986	-0.10538615	0.01406053	0.00276788	-0.01327415
1.02442458	-0.00681273	-0.10097485	0.00958935	0.00988468	-0.00930384
1.02125134	-0.00796226	-0.09938554	0.00824616	0.00676967	-0.00793656
1.01915621	-0.00464023	-0.10040157	0.00310007	-0.00750500	-0.00601464
1.02417180	-0.00527018	-0.09622107	0.00550618	-0.00308764	-0.00754304
1.02804213	-0.00698065	-0.10175386	-0.00608776	0.00573344	-0.00294434
1.02887712	-0.00731288	-0.09683380	0.00065225	0.01234919	-0.00524407
1.02542522	-0.00953865	-0.09109388	-0.00562869	0.01067202	-0.00852051
1.02519577	-0.01355152	-0.09399317	-0.00805800	0.00837134	-0.00871266
1.02524407	-0.01022632	-0.09835793	-0.01630213	0.01958869	-0.00386576
1.02547272	-0.00908919	-0.11694382	-0.01156177	0.01174809	-0.00145795
1.02381383	-0.00875452	-0.10884991	-0.00788690	0.00752188	-0.00141662
1.02126391	-0.01006205	-0.09773905	-0.01167623	0.01833831	-0.00055935
1.02244684	-0.01071138	-0.09810967	-0.00626484	0.01105582	0.00030377
1.02060661	-0.00800615	-0.10176813	-0.00722247	0.01022668	-0.00024877
1.01981608	-0.00898867	-0.10317554	-0.01203362	0.01163983	-0.00272023
1.01867737	-0.00846468	-0.10592655	-0.01559218	0.01278418	-0.00227252
1.02195178	-0.00785713	-0.10383180	-0.01119854	0.01308775	-0.00589560
1.02358241	-0.00568890	-0.09838148	-0.00492709	0.02114101	-0.00089134
1.02718154	-0.00558848	-0.09951509	-0.01050618	0.02193134	0.00137081
1.02559929	-0.00449367	-0.09876726	-0.00747499	0.01541276	0.00669493
1.02174313	-0.00288617	-0.10383632	-0.01300631	0.01330548	-0.00048688
1.02237111	-0.00565915	-0.10321183	-0.01296141	0.01375504	0.00222505
1.02246929	-0.00249447	-0.10346522	-0.01534878	0.01284989	-0.00725117
1.02080709	-0.00137935	-0.10601063	-0.00389468	0.00721202	-0.00316331
1.02255514	-0.00223027	-0.10028214	0.00052878	0.01007946	-0.00045894
1.02076472	-0.00348270	-0.09127242	-0.00292851	0.01364911	0.00213391
1.02011127	-0.00097444	-0.09057176	-0.00312533	0.00623631	-0.00400934
1.02140926	-0.00446658	-0.10737143	-0.00021048	0.00152689	-0.00489062
1.02475069	-0.00360878	-0.10188158	0.00048820	-0.00109755	-0.00896165
1.02533437	-0.00517620	-0.09953659	0.00002974	0.01165594	-0.00424307
1.02559878	-0.00363875	-0.10376289	0.00052462	0.01448944	-0.00355012
1.02394538	-0.00211259	-0.10223129	-0.00131411	0.01864141	-0.01073709
1.02435209	-0.00707656	-0.10059023	0.00171040	0.01138381	-0.00957766
1.02156305	-0.00962281	-0.10073690	-0.00991399	0.01040019	-0.01188576
1.02158484	-0.00761376	-0.08592737	-0.00350312	0.01311564	-0.01264610
1.02328654	-0.00669433	-0.09337079	0.00937671	0.01353841	-0.00548228
1.02491399	-0.01008461	-0.09796436	0.00996762	0.00106800	0.00115337
1.02586551	-0.00974628	-0.09765209	0.00674818	0.00908116	0.00601347
1.02184299	-0.00560243	-0.09554207	0.00796434	0.00306855	0.00414040
1.02023810	-0.00471637	-0.09989524	0.01124488	0.00752842	-0.00303775
1.02270635	-0.00322772	-0.09929261	0.00385295	0.01684805	-0.00254188
1.02090177	-0.00360607	-0.09753161	0.01021541	0.01535188	-0.01165448
1.02211840	-0.00388771	-0.08613996	0.01183580	0.01552966	-0.01116740
1.02257677	-0.00268369	-0.08424769	0.01118175	0.00856733	-0.00754229
1.02347917	-0.00366991	-0.08646227	0.01971955	0.00812589	-0.01269492
1.02265890	-0.00403865	-0.09958141	0.00708968	0.00599801	-0.01234639
1.02244934	-0.00397270	-0.09534951	0.00504052	0.00597300	-0.01026731
1.02361052	-0.00602900	-0.10269012	0.00220276	0.00713180	-0.00785746
1.02546960	-0.00361452	-0.10307059	0.00142557	0.00723582	-0.00512319
1.02637817	-0.00479687	-0.09446632	-0.00656896	0.00157363	0.00121690
1.02363859	-0.00834537	-0.09322908	0.00039113	-0.00251354	0.00028615
1.02040850	-0.01221394	-0.08951124	0.00436198	0.00398028	-0.00173947
1.01828265	-0.01209067	-0.08384622	-0.00185329	0.00589114	-0.00140901
1.01917458	-0.01015179	-0.08590273	-0.00548440	0.00797258	-0.00466132
1.02163580	-0.00901141	-0.09714469	-0.01105704	0.00547176	-0.00387014
1.02139500	-0.00694952	-0.10412990	-0.01029575	0.00973114	-0.00052924
1.02325469	-0.00219202	-0.10020980	-0.00889383	0.00039294	-0.00667777
1.02495543	-0.00434321	-0.09495364	-0.00909769	-0.00164104	-0.00374395
1.02370195	-0.00293291	-0.09509115	-0.01042410	0.00087956	-0.00058376
1.02210969	-0.00343727	-0.09324156	-0.00893814	0.00967433	0.00002134
1.02183128	-0.00640614	-0.09587530	-0.01047971	0.00306327	0.00018633
