1.01171790	0.12580185	0.08080639	0.00808439	-0.01188923	0.00341264
1.01291615	0.11756951	0.08695120	0.01197599	-0.00693284	-0.00295876
1.00983379	0.11638675	0.08325618	0.01084376	0.01039546	-0.00046901
1.00951877	0.11848107	0.07926500	0.00376790	0.02163172	0.00287583
1.00601948	0.12201162	0.08187140	0.00355588	0.01916908	-0.00016278
1.00522778	0.12344909	0.08224119	0.00495708	0.01422751	0.00840278
1.00923414	0.12584829	0.09037075	0.00175784	0.01865830	0.01166920
1.01234656	0.11854417	0.09335017	0.00398933	0.01684418	0.01298785
1.00727437	0.11645223	0.09499458	0.00308274	0.01671286	0.01462825
1.00515683	0.11460452	0.09655892	0.00391464	0.02016123	0.01411436
1.00661815	0.11227849	0.10769032	0.00712410	0.01203072	0.01763873
1.01089095	0.11416588	0.10686252	0.00764542	0.00401855	0.01202124
1.01435608	0.11071743	0.09522711	0.01176536	-0.00186693	0.00840872
1.01414632	0.11062983	0.09520673	0.00945041	0.00289468	0.00746774
1.01266908	0.11589994	0.09245739	0.00441144	0.00320569	0.00790477
1.01095353	0.11204273	0.08624656	0.00428209	-0.01058078	0.00941626
1.01279746	0.11685622	0.08615770	0.00490222	-0.00404155	0.00640314
1.01093781	0.11419765	0.08516075	0.00759757	-0.00939022	0.00508707
1.00811288	0.11515136	0.08268743	0.00695593	0.00412424	0.00015644
1.00597663	0.12382940	0.08473031	0.00203003	0.00081327	-0.00640456
1.00624976	0.12350739	0.07649464	0.00341548	0.00631956	-0.00167545
1.01075487	0.11745902	0.08061400	0.00373507	0.00261942	-0.00648882
1.01622416	0.11015200	0.08696739	0.00050422	0.01730604	-0.00948781
1.01855700	0.11590400	0.08434811	-0.00163799	0.01357688	-0.00841556
1.01213068	0.12047120	0.08754127	-0.00325768	0.01581013	-0.00527107
1.01272321	0.11706695	0.09491348	0.00179287	0.01057651	-0.00170973
1.01169871	0.11677940	0.09184071	0.00274132	-0.00472893	-0.00529416
1.01208700	0.11726035	0.09335469	0.00195480	0.01763648	-0.00246834
1.00843483	0.11317180	0.09994281	0.00115038	0.00679082	-0.00288030
1.00693964	0.11488275	0.09877065	0.00334802	-0.00103082	0.00159974
1.00917600	0.11386351	0.09510931	0.00447259	0.01150401	0.00091955
1.01038586	0.11525008	0.10233450	0.00393989	0.00254817	-0.00020476
1.00824599	0.11302766	0.10560252	0.00078198	0.01399810	-0.00499489
1.01038280	0.11349854	0.10388573	-0.00160434	0.01102394	-0.00341917
1.01051840	0.11403136	0.09795980	0.00228241	-0.00062648	-0.00337882
1.01143241	0.11811031	0.09621699	0.00310080	0.01127772	0.00041371
1.01137857	0.11563870	0.09513305	0.00588559	0.01654469	-0.00172388
1.01163243	0.11246774	0.10457389	0.00265379	0.00318198	-0.00102969
1.01250271	0.11186262	0.09374466	0.00351864	-0.00111633	0.00027526
1.00830006	0.11458882	0.09597094	0.00702782	0.00144631	0.00448260
1.00496835	0.11389106	0.10876717	0.00415396	-0.00484504	0.00398220
1.00587210	0.11979839	0.10767882	0.00373389	-0.00136155	0.00136018
1.01034160	0.12073526	0.10692518	0.00762376	0.00324772	0.00900179
1.00898975	0.11998495	0.10116578	0.00244435	-0.00186938	-0.00269476
1.01189854	0.11537235	0.10245922	0.00190954	0.00869872	-0.00283756
1.01247070	0.11665226	0.10032824	0.00332635	0.00804663	0.00182968
1.01594758	0.11540768	0.09433996	0.00383142	0.00329192	-0.00384159
1.01359684	0.11755031	0.09634344	0.00553775	0.00350496	0.00370713
1.01091060	0.12040942	0.09777295	0.00649840	0.00273950	0.00320643
1.01238452	0.11932964	0.09746562	0.00153574	0.00023626	0.00018264
1.01444354	0.11895878	0.10068570	0.00369596	0.00089797	-0.00070568
1.01077271	0.11636885	0.10845736	0.00258227	0.00239245	-0.00397102
1.00830473	0.11374620	0.09771419	0.00208374	0.00021116	-0.00329228
1.01088845	0.11229045	0.10344317	0.00312369	0.00557096	0.00063355
1.00903785	0.11283887	0.10287602	0.00062818	-0.00574368	0.00064938
1.00963699	0.11099099	0.09695981	0.00380536	-0.00350356	-0.00878257
1.01147429	0.11637355	0.09558770	0.00349828	0.01014480	0.00007619
1.01545216	0.11900315	0.09621854	0.00410697	0.00390613	-0.00124250
1.01383927	0.11699322	0.09631674	0.00695670	-0.01512986	-0.00107414
1.01554706	0.11893403	0.09654216	0.00337474	0.00364130	0.00332684
1.01139605	0.11606259	0.09817435	0.00118126	0.01007406	-0.00178795
1.00838556	0.11799147	0.09676161	0.00030884	0.00373805	-0.00223292
1.00967662	0.11881529	0.09925806	0.00139672	0.00930822	-0.00098374
1.01222307	0.11868666	0.09988059	0.00312430	0.00990148	-0.00815821
1.01145914	0.11762161	0.09317755	-0.00083558	0.01727044	-0.00606141
1.01113083	0.12105793	0.10329457	-0.00000365	0.00365740	-0.01068517
1.01111593	0.12200290	0.10775185	-0.00091805	0.00853981	-0.00435642
1.00693210	0.11500550	0.10259130	-0.00075219	0.01439028	-0.00180785
1.00876894	0.11551554	0.10931622	-0.00080535	0.00916986	-0.00301749
1.01232434	0.11447585	0.11207137	-0.00039537	0.01663239	-0.00750139
1.01111440	0.11188398	0.11084541	-0.00052630	0.01755425	-0.00455327
1.01026639	0.11224529	0.10922743	-0.00677941	0.02133258	-0.00186043
1.01261257	0.11678658	0.09835869	-0.00248577	0.00977088	-0.00028449
1.01120548	0.11717076	0.10255690	0.00404263	0.01212145	0.00590945
1.01002327	0.11941246	0.10143446	0.00200939	0.00763556	0.00221507
1.00812782	0.12177313	0.10471908	-0.00027774	0.00490666	0.00108176
1.00764487	0.11937085	0.10262842	-0.00114542	0.00402444	0.00347465
1.00844081	0.11924796	0.09926522	-0.00104892	-0.00801551	0.00144515
1.01075126	0.11693038	0.10369584	0.00264197	0.00778436	0.00109333
1.01267106	0.11979086	0.10946074	-0.00022027	-0.00137520	-0.00291009
1.01223062	0.11875351	0.10555358	-0.00295705	0.00125127	0.00449658
1.01266244	0.11905871	0.09896224	0.00035810	-0.00613754	-0.00150319
1.01007869	0.11755936	0.09994248	0.00061599	-0.00477707	0.00288785
1.00757504	0.11264056	0.10183689	0.00347410	-0.01171782	0.00945327
1.01182970	0.11743438	0.10600457	0.00206386	-0.00002805	0.00202291
1.00914700	0.11942910	0.09847274	-0.00063932	-0.00678321	-0.00077380
1.01228275	0.11910149	0.10198840	-0.00021481	-0.00301243	-0.00297830
1.01650774	0.11810300	0.09978229	0.00429618	-0.00370348	-0.00039789
1.01337798	0.11458997	0.10703409	0.00291849	0.00414132	0.01047156
1.01403122	0.11543576	0.10597820	0.00512630	-0.00986413	0.00571224
1.00996665	0.11211207	0.09882589	0.00192993	-0.00898701	-0.00053584
1.00644839	0.11241309	0.09410944	0.00018101	-0.00420070	0.00173325
1.00865916	0.11063532	0.10101362	-0.00275428	0.00240041	0.00644925
1.01191806	0.11328370	0.09706265	0.00009022	0.00796161	0.00215358
1.01286829	0.11646880	0.09973612	-0.00090820	0.00025765	0.00599879
1.01285567	0.11737200	0.09838614	-0.00197602	0.00273360	0.00187537
1.01232616	0.11973793	0.09127414	0.00276921	0.00194795	0.00059349
1.01460504	0.11373253	0.09130526	0.00247803	-0.00562166	-0.00007574
1.00869828	0.11403558	0.09659521	-0.00055198	0.00126570	0.00813535
1.00050122	0.11372594	0.10339791	0.00086194	-0.00530340	0.00377685
1.00269369	0.11389630	0.10710032	0.00033350	0.00354452	0.00707069
1.00145210	0.11386624	0.09097789	-0.00037570	-0.00002647	0.00194598
1.00684503	0.12096207	0.10067507	0.00245482	-0.01298451	0.00486512
1.00857820	0.11744521	0.09893700	-0.00311861	-0.01358376	-0.00045664
1.00536032	0.11513999	0.10257530	0.00180951	-0.00721631	0.00611853
1.00584150	0.11594670	0.10372572	0.00429230	-0.00850038	0.00422691
1.00790888	0.11880978	0.10850355	0.00466389	-0.01462178	0.01309360
1.01053685	0.12042408	0.10412380	0.00598939	-0.02809496	0.01272116
1.00587093	0.11856210	0.09955381	0.00481848	-0.02335895	0.01909412
1.00762040	0.11833027	0.09649781	0.00737725	-0.01525784	0.01617286
1.00747568	0.11567318	0.08937675	0.00289055	-0.02242230	0.00581238
1.01001533	0.11660100	0.09274450	0.01038787	-0.01677976	0.00419950
1.01076257	0.12116396	0.08718602	0.00810489	-0.00398331	0.00786950
1.01025286	0.11760115	0.08805202	0.00081435	-0.01205912	0.00878789
1.01202244	0.11627728	0.09509620	0.00062351	-0.03108619	0.01374956
1.01019037	0.11442540	0.09780540	0.00360028	-0.02344703	0.01641850
1.00894472	0.11280813	0.09976761	0.00602855	-0.01654186	0.01416493
1.00807334	0.11497447	0.09796109	-0.00062123	-0.02248518	0.00716874
1.01068676	0.11231350	0.10208740	0.00056026	-0.00834804	0.01114999
1.01245972	0.11488921	0.09320845	0.00129167	-0.02094469	0.00948899
1.01389026	0.11400476	0.09454564	0.00254867	-0.01832038	0.00692409
1.01415378	0.12055714	0.09344328	0.00287084	-0.01108942	0.01056172
1.01143068	0.12632593	0.09174651	0.00648777	-0.00270504	0.00582138
1.01536740	0.12245852	0.09597482	0.00427039	-0.00716360	0.00287941
1.01738350	0.11660481	0.09045193	0.00581802	-0.01011607	0.00826255
1.01744226	0.12088529	0.09940461	0.00420446	-0.00738895	0.00768603
1.01666238	0.11770825	0.09441950	0.00553135	0.00169954	0.00325300
1.01544004	0.11006594	0.09736070	0.00366657	-0.00202443	0.00018449
