1.01350310	0.11586481	0.09550426	0.00324357	0.04028231	-0.00516544
1.01056531	0.11900806	0.10214591	-0.01273959	-0.00413980	0.00599014
1.01113717	0.11726901	0.09833857	0.00252072	0.04391717	-0.02714146
1.00063240	0.11790014	0.10627587	-0.00646811	0.00367378	-0.00930066
1.00672374	0.11677328	0.10514775	-0.00705560	-0.01925250	-0.01501237
1.01851498	0.11451236	0.11306075	0.00469766	0.04710581	0.00913471
1.00674517	0.11801553	0.11192478	0.00008377	0.00198140	-0.04108246
1.00906782	0.11603102	0.10800718	-0.01280291	0.04191578	0.00439287
1.01105248	0.11647276	0.10408296	-0.00278915	0.05510183	-0.01512032
1.00599987	0.11220552	0.09985927	-0.00094604	0.05536801	0.02827189
1.00265136	0.11862616	0.11257775	-0.00138363	0.04540487	-0.01746560
1.01359694	0.12204454	0.10389126	0.00337266	-0.02022025	0.00753844
1.00697433	0.11585327	0.09975035	-0.00119612	0.01612417	0.00858665
1.00849018	0.11576292	0.10251531	-0.00681599	0.00370172	-0.00139201
1.01993698	0.12276025	0.10703298	-0.00061567	0.00905240	0.00733123
1.00447869	0.11764511	0.10182477	0.00260787	0.01115095	0.01423495
1.00951977	0.11506474	0.11005750	0.00447222	-0.03106469	0.00269658
1.01785930	0.12223909	0.10234924	-0.00990069	-0.04157244	0.00761694
1.00506189	0.11831510	0.10137520	0.00457822	-0.00323229	0.00506381
1.01469644	0.11506581	0.11331332	0.00749188	-0.03932256	0.00448944
1.00388563	0.11542335	0.10974856	-0.00658695	-0.05004019	0.00688868
1.00924138	0.12013001	0.09953236	-0.00758326	-0.02377689	-0.01291768
1.00013375	0.11967199	0.10210376	-0.00078946	-0.00902806	-0.01463959
1.01285883	0.12526043	0.10330450	0.00530019	-0.01930582	0.00461095
1.01136137	0.11060299	0.10394754	-0.00077792	-0.00235589	0.00798850
1.00676006	0.12165933	0.10395714	0.01154698	-0.00199804	0.01822392
1.00386042	0.11314751	0.10310828	-0.00656623	0.01475638	-0.00622744
1.01640075	0.10950125	0.09733050	-0.00315205	-0.03671140	-0.01869529
1.01150727	0.11999128	0.09489305	0.00673699	0.00309658	0.02574949
1.00525429	0.11832030	0.10191668	-0.00613888	0.01314706	-0.00491327
1.01373005	0.12071263	0.09943844	-0.00116504	-0.00158776	0.00654502
1.01118610	0.11320003	0.10033448	-0.01267079	0.02762338	-0.00729432
1.01002225	0.11971125	0.09220554	-0.00716811	-0.00415037	0.01232361
1.01575661	0.11446694	0.09591871	-0.00624431	-0.00725180	0.03190675
1.00271112	0.11428373	0.09763160	-0.00765172	0.03389110	-0.00966873
1.00124481	0.11394409	0.10360228	0.00221621	0.02879555	-0.01493927
1.00281776	0.10962062	0.09700757	0.00491139	-0.01372483	0.01302074
1.00692771	0.12054730	0.10037849	0.01060337	0.01256805	-0.02660120
1.00836421	0.12328856	0.09722934	-0.00564841	0.02668867	-0.00201276
1.00682701	0.11430250	0.10406902	0.00341344	-0.02793253	-0.00745307
1.00836340	0.11724173	0.10024424	0.01137331	-0.00994530	0.03749883
1.00711131	0.12820267	0.10470191	0.00572592	0.01557650	0.00760360
1.01148883	0.12518624	0.10467112	0.01553465	-0.02886685	0.01996872
1.00739246	0.12028903	0.10580330	0.00027645	-0.02637428	0.02651005
1.01169902	0.11525251	0.10352368	-0.00130724	-0.00591370	0.01761382
0.99589636	0.11609724	0.09635172	-0.00584723	-0.02008673	0.02591024
1.00038985	0.11384811	0.10414137	-0.00081205	-0.00974576	0.03065180
1.01048240	0.11208750	0.08897443	0.00082249	-0.00543822	0.00518295
1.01089053	0.12031555	0.08216381	0.00703268	-0.00935826	0.00881702
1.00256626	0.11858961	0.09080236	0.00253053	-0.03165461	-0.00432919
1.00474310	0.11618596	0.09615782	-0.00055225	-0.03558919	0.01462490
1.01832592	0.11739876	0.10240573	-0.00058140	-0.00848637	0.00799158
1.00307025	0.11399546	0.09268440	0.00077801	0.00098344	0.01226568
1.00718152	0.11640379	0.09957127	0.00197713	-0.08155850	0.01908905
1.01040985	0.11128242	0.10300988	-0.00303462	-0.00800424	0.02055111
1.01120872	0.11712352	0.10045848	-0.00174237	-0.00994136	-0.00172097
1.00840648	0.11754295	0.09764177	0.00167451	-0.05043198	0.03715789
1.01324138	0.11704568	0.09351760	-0.00064281	-0.02447419	0.02213894
1.01689993	0.12667143	0.09884767	0.00419606	-0.03325570	0.01256612
1.01154574	0.12068802	0.08724822	0.00011281	0.01997911	0.02479686
1.02550081	0.11413959	0.09352178	0.01090637	-0.02165761	0.01050492
1.01408621	0.12165623	0.09595154	-0.00278997	-0.02078008	-0.00906340
1.01444194	0.11892032	0.09318397	0.00517244	-0.01648324	0.02280282
1.01587480	0.11222859	0.09525031	0.00390845	0.00012983	0.00319588
1.01758981	0.11988622	0.08888960	-0.00520053	0.03033715	0.01809261
1.01774323	0.11479385	0.09018581	0.00332047	-0.00150665	0.03431948
1.00433542	0.11042774	0.09383146	-0.00929592	-0.05147225	-0.01822534
1.00948494	0.11009554	0.09262152	-0.00502784	-0.00193224	0.01055865
0.99989361	0.10981194	0.08382122	-0.00079769	-0.00134865	0.00383155
1.01185187	0.11434035	0.08740091	0.00495124	0.00673700	0.01374448
1.00743033	0.12036590	0.09110724	-0.01098386	0.00109113	0.03172411
1.01636215	0.11431940	0.08649540	0.00136433	0.03886795	-0.01257044
1.02226524	0.11448493	0.08585544	-0.01003416	0.04574108	0.00694518
1.02012729	0.10404502	0.09678133	-0.00718158	0.04680313	-0.00481199
1.01809450	0.10930178	0.09782578	0.00781383	-0.03180229	0.00446866
1.01753594	0.11105956	0.10101311	-0.00654940	0.03016007	0.02002888
1.01625105	0.11248454	0.09532073	0.00254751	-0.03637251	-0.00900344
1.00866827	0.11245975	0.10377820	-0.00122417	0.01907877	-0.01010648
1.01964888	0.11827796	0.09858810	0.00857387	0.00465386	-0.01097593
1.01554827	0.11464994	0.10303573	0.00286773	0.00670420	0.01890819
1.01876501	0.11590224	0.09702520	0.00487500	-0.02684825	0.00206158
1.01248167	0.11165330	0.10296451	0.00111505	-0.01570596	0.00103911
1.01363167	0.11287690	0.09969903	0.00633711	-0.00662622	0.01681219
1.00698280	0.11335734	0.10062120	0.00299660	-0.02850767	0.02575796
1.00140508	0.11663549	0.10050266	0.00569484	-0.05375252	0.00703061
1.00944976	0.11153535	0.09068634	0.01292673	0.00504353	0.00760755
1.01268875	0.10951072	0.09476315	0.00178453	-0.01066282	0.00111843
1.02304531	0.10802588	0.08968265	0.01339279	0.01493732	-0.02003554
1.02421813	0.11309427	0.09363563	0.01508021	0.05947363	-0.01838285
1.02096252	0.11811477	0.08983201	0.00740544	0.06515944	-0.00787489
1.03532155	0.11389408	0.09069631	0.01729323	0.11984197	-0.05075596
1.04091717	0.12560079	0.10050561	0.03472367	0.20542183	-0.09044768
1.03797345	0.12752118	0.09863041	0.03229814	0.20934393	-0.11579140
1.03037615	0.13144309	0.10323524	0.00182829	0.13133964	-0.10239962
1.00425059	0.12934105	0.09722441	-0.01841905	0.05143735	-0.07582187
0.98470290	0.12823978	0.12116649	-0.00218950	0.04306243	-0.01747498
0.99775767	0.11031383	0.11590186	0.01757102	0.05665177	-0.01248742
0.99661413	0.12529922	0.11084638	-0.00036905	0.04641423	-0.00099054
0.99291657	0.12348290	0.11280717	0.01015907	0.02584773	0.01959167
1.00305516	0.11626226	0.11890967	0.00268862	-0.00641718	-0.00705069
1.01554561	0.11428032	0.11691736	-0.00624038	-0.02777013	-0.01569397
1.00768016	0.12609356	0.10760839	-0.01249560	0.02658768	-0.02476172
1.01542174	0.12746530	0.11557198	-0.01359616	0.07363327	-0.02491590
1.01077914	0.12531382	0.10962830	-0.00612196	0.05476409	0.00221121
1.00264943	0.12220828	0.11262665	-0.00526817	0.07850628	-0.03566758
0.99847142	0.11980676	0.11858395	-0.00762501	-0.01711778	-0.00336605
0.99891172	0.12554039	0.11471348	0.00070504	-0.00420185	0.01244202
0.99617033	0.11697684	0.10963466	-0.00219972	-0.01694021	0.01347162
0.99389154	0.12704374	0.10479392	-0.01398453	0.01331339	-0.00507578
0.99703546	0.11997292	0.10559035	-0.00729705	-0.00841011	0.00683845
1.00681173	0.11559070	0.11344207	-0.01278147	-0.01675796	0.01254929
1.00780490	0.12504767	0.11180542	-0.01519771	0.00117805	0.00280489
1.00580123	0.13003565	0.11170926	-0.00928095	0.00705767	0.00124027
1.00840596	0.12997704	0.11242800	-0.01384595	0.01673290	0.00593894
0.99785714	0.12838480	0.10912657	-0.00681908	0.01022038	0.00796617
1.00211724	0.12504120	0.12220141	0.00971418	-0.01477543	0.01691916
1.00441522	0.12759295	0.11397368	-0.00084499	0.00344444	0.00655973
1.00785111	0.11381101	0.11632750	-0.00593254	-0.01511282	0.00047120
1.00376514	0.11968817	0.11562915	-0.00774987	-0.02553024	0.03688096
1.01523568	0.11926337	0.11372217	-0.00229998	-0.03787699	0.03028678
1.01208842	0.12337048	0.12180231	-0.01843381	0.02046800	0.00147518
1.01151910	0.11772011	0.12707088	-0.00297625	0.01281835	-0.01962770
1.00416352	0.12395989	0.13000023	-0.00675176	-0.01771281	0.00169001
1.00620465	0.12256959	0.12477017	-0.00386825	-0.00953717	0.00291067
1.02236085	0.12669578	0.11581201	0.00388685	0.00819296	0.00521783
1.00577689	0.12435106	0.11292227	0.01241731	0.02807611	-0.00875658
1.00398089	0.11651462	0.11827883	0.00165306	-0.00355899	-0.00414563
0.99751977	0.10833874	0.12945624	-0.01618791	-0.02703599	-0.01701698
