0.98899382	0.14502049	0.12032711	0.00395002	0.00815923	0.01478244
0.97968090	0.13398792	0.12298166	-0.00533062	-0.08989442	0.02785783
1.00929987	0.12823040	0.10409407	-0.00684660	0.02573434	0.01064164
1.01647333	0.12535755	0.11721738	-0.01075823	0.04832773	0.02861370
1.00364066	0.12550253	0.10931145	-0.02496559	-0.01597807	0.01574064
0.99547093	0.12699950	0.11389706	-0.02833340	0.04124182	0.03704015
1.02315229	0.13080525	0.11291913	-0.01806720	0.08487977	0.04496445
1.00775386	0.12867356	0.13564514	-0.01977986	0.14929041	0.00551734
0.99283955	0.12450339	0.12903964	0.00084574	0.14431645	0.01821659
1.03095352	0.13455485	0.12267483	-0.01890977	0.07674429	0.03735413
1.03392739	0.13312858	0.12808082	0.00146543	0.07420057	-0.02186908
0.98933682	0.13906853	0.10905497	0.00683663	-0.00999700	0.04988332
0.96840981	0.10741796	0.10951787	-0.00877969	0.09889079	0.02197595
0.97650428	0.10785016	0.11887658	-0.01686295	0.01751016	0.01936842
1.00299343	0.09650993	0.11838410	-0.01729816	-0.01713827	-0.05331890
0.99748780	0.09468653	0.12978100	-0.02837851	0.01205378	-0.01871279
1.00779838	0.10273941	0.12131147	-0.03632916	0.13240649	-0.03650482
1.01871247	0.11737456	0.11540901	-0.03210135	0.14772162	-0.03830449
1.03657509	0.13208026	0.14969471	-0.00733730	0.12356037	-0.04727962
1.02291104	0.14103955	0.14838408	-0.01351392	0.18242296	-0.06352403
0.98756570	0.14335311	0.15971438	-0.00289354	0.09103996	-0.00139461
0.98138265	0.14377286	0.15546971	0.01066526	0.00397192	0.01035031
0.98594680	0.14729488	0.17077093	0.02007325	-0.11056018	-0.00690109
0.99390916	0.13505834	0.13877035	0.00484874	0.03364221	0.01782053
0.97707022	0.13922158	0.13425056	0.00249402	0.07258377	0.01835528
1.00907061	0.11285318	0.12288101	-0.00185887	0.00784526	0.00196501
0.98848758	0.11272003	0.13401952	-0.01970325	0.00469483	-0.00976034
1.00059984	0.09993586	0.13440065	-0.01073182	-0.04203897	-0.00168489
0.99621724	0.13803138	0.14945430	-0.00782389	-0.02216995	0.01504311
0.98783879	0.14266201	0.17133227	0.00728157	0.00396787	0.00577126
1.00690847	0.13856816	0.16401966	0.00390878	-0.01312735	0.00617175
1.02715155	0.12437548	0.13714483	0.00801770	0.12144716	-0.08817413
1.01729561	0.13075155	0.14253524	-0.00666656	0.26843478	-0.15814741
0.96093548	0.13486039	0.16522357	-0.02129546	0.20675896	-0.08742453
0.93168127	0.12431443	0.18274729	-0.00030242	0.03495018	-0.00033726
0.95769488	0.11665756	0.18984037	0.00986478	-0.06501986	-0.02274636
0.98561068	0.11088808	0.15920490	0.01635455	-0.05208873	0.04420881
0.98429465	0.11505680	0.15860859	0.07015137	-0.17957342	0.01424042
0.95778469	0.15937061	0.16732264	0.04069243	-0.14470498	0.03759495
0.96019434	0.17004941	0.17088308	0.01997663	-0.14749090	0.15414932
0.98652967	0.13609284	0.14315626	0.01823273	-0.22923782	0.13109268
1.04409883	0.10901471	0.12980381	-0.00797717	-0.10187246	0.01826321
1.05974241	0.10486495	0.15323729	-0.02086095	0.08583725	-0.11420130
1.01636594	0.11676290	0.15321659	0.00418380	0.13430357	-0.06614675
0.99442390	0.12567954	0.11985624	-0.03997929	0.15125974	0.01959881
0.98896327	0.12688505	0.13136904	-0.05227395	-0.00023665	-0.03593196
0.98009083	0.13996626	0.13225425	-0.01857272	0.09440535	-0.00484192
0.96153458	0.13227039	0.16171537	-0.00622067	-0.02270594	0.01468762
0.96792304	0.14113849	0.19080406	0.00255575	-0.03631078	-0.00594065
0.98525421	0.12283796	0.17357843	0.00275465	-0.14735400	0.03015553
0.98720178	0.14605496	0.19943630	0.00351279	-0.12979981	0.05388591
0.93511499	0.15089800	0.20592815	0.01016725	-0.26645276	0.02861276
0.96335122	0.13352924	0.17746157	-0.00357042	-0.22849236	0.05677181
1.01303592	0.12925596	0.14657781	0.00453332	-0.04324178	-0.01926893
1.05597310	0.11394337	0.11926693	-0.01024370	0.02395616	-0.09237027
1.05501806	0.12048111	0.09340048	-0.00261083	0.20679333	-0.15647378
1.02000139	0.13580579	0.10619414	-0.01737703	0.16227777	-0.05048972
1.00099074	0.14840780	0.13381540	-0.01426076	0.11164750	-0.10387134
1.00043546	0.14249965	0.16954576	-0.02182908	0.13460234	-0.09260155
0.99278316	0.12535144	0.16630188	-0.01869476	-0.01460748	-0.03836873
0.96818592	0.13282507	0.17036049	-0.01659004	0.00776168	-0.05688492
0.96204457	0.13477322	0.18031824	-0.02300960	-0.09096236	0.00801583
0.98186675	0.13371344	0.15613975	-0.02301302	-0.10940100	-0.02094729
0.97440627	0.12990919	0.16821101	0.00069246	-0.06141568	0.05256138
0.99400920	0.10254775	0.14129374	-0.01280748	-0.07113650	0.11489392
1.03904209	0.10785800	0.14615208	-0.00379505	0.02494803	-0.01373215
1.06692350	0.11456578	0.14412577	-0.01198402	0.07203701	-0.09249504
1.02531493	0.13516130	0.11629731	0.00299962	0.14867906	-0.06821798
0.97949884	0.15890119	0.12909206	-0.00327218	0.14118725	-0.04374795
0.98822741	0.16057253	0.15088852	-0.00652807	0.02909293	-0.07250869
0.97565139	0.15938777	0.16831802	0.00312015	0.00691527	-0.02108985
0.97566414	0.14161088	0.14225498	0.00725591	-0.04450262	0.00393059
0.99882245	0.14902612	0.16310553	0.00993591	-0.05027894	0.00664861
0.99230802	0.14158887	0.16306014	0.02068380	-0.05765015	0.05188535
0.98178888	0.14146422	0.16326803	-0.01057238	-0.16991150	0.04071388
0.98616389	0.15374825	0.17146077	0.00822641	-0.04129279	0.14004810
1.00413225	0.12861854	0.14143750	-0.00887490	-0.04439214	0.08525958
1.03659194	0.11585589	0.13207208	-0.02188198	0.07049907	-0.02497766
1.02931582	0.12707660	0.13837352	-0.01004244	0.07879758	-0.04957099
1.02811234	0.15441319	0.13210510	0.00238889	0.07872763	-0.06276272
1.01642926	0.14531093	0.13986068	0.00867487	0.14642546	-0.03502276
1.00712835	0.14659795	0.16215979	-0.00769593	-0.00440605	0.02918458
0.98726133	0.14544260	0.15386836	-0.00484714	0.02381550	-0.01337332
0.98444022	0.15007703	0.15526271	-0.00870656	0.02478386	0.00310215
0.97556239	0.13283626	0.15202980	0.01281006	-0.06387947	0.03281676
0.97881527	0.14725899	0.16394384	0.00488492	-0.06984130	0.01567007
0.98178087	0.13278265	0.17140520	-0.01471402	-0.09319941	0.05816040
1.01399905	0.14261413	0.15855100	-0.02053596	-0.13082272	0.02648752
1.00443633	0.12782842	0.17064996	0.01201259	-0.06341811	0.03145931
1.01798007	0.13691692	0.11733684	-0.01911875	-0.02288396	-0.01943859
1.00645888	0.15327092	0.12734964	0.00557967	-0.02469644	-0.04602743
1.00085023	0.14296889	0.13363599	-0.01080065	-0.00577456	-0.01219949
0.97786158	0.13270783	0.14901903	0.00590792	0.02687787	-0.02807876
1.00772562	0.14906811	0.14202784	-0.00552056	0.00971125	0.00930682
1.01838294	0.14540026	0.15414982	0.00721849	0.01231295	0.01962877
1.00035208	0.13891956	0.15474870	0.01127637	-0.00844584	0.01609040
1.00278399	0.12790149	0.15485087	-0.01050860	0.01347725	0.01110842
0.98724000	0.13786244	0.15457882	-0.00329468	-0.02162143	0.03308194
0.99607449	0.12020015	0.12677947	-0.00857539	0.00152845	0.00558552
0.97829991	0.13833603	0.16127907	-0.00463774	0.01414709	0.02449572
0.99748666	0.14180888	0.14499124	-0.00418178	-0.02785511	0.05005554
0.98996070	0.14477526	0.14738580	0.01927167	-0.04810738	-0.00832971
1.00170176	0.13992183	0.14433573	0.01184139	0.01718588	0.04738509
1.00853369	0.13589007	0.15464656	0.01219528	-0.01390173	0.00497345
1.01776838	0.12648932	0.14136654	0.00407231	0.00986810	-0.01331085
1.00821162	0.13715582	0.13654558	0.01153486	-0.05489977	-0.04623182
1.01857544	0.13756452	0.13887857	0.00065619	-0.02089956	-0.00069667
1.01816819	0.13164336	0.14873893	0.00654122	-0.05346205	-0.00465430
1.00260440	0.12949251	0.14448421	0.01716704	0.06253604	-0.02671392
1.01191398	0.12738815	0.14657783	0.02478875	0.01266142	-0.07830572
1.01580679	0.14143087	0.16335919	0.00626864	-0.03380614	0.03418043
0.98661805	0.13523039	0.13231505	0.00048749	-0.03490589	0.00093820
1.00109407	0.13257756	0.14476866	0.00490007	-0.10387227	0.01934747
1.01250791	0.12963961	0.15065128	0.00420930	-0.03586825	0.01683073
0.99365851	0.11547482	0.14705494	0.00468601	-0.08900889	0.03257971
1.00289376	0.11736184	0.14685319	0.01221793	0.01348965	-0.01461883
0.98920887	0.12690581	0.17679765	0.01808334	0.02422451	0.04032813
0.98401525	0.12414685	0.16908846	0.00715559	0.03148534	0.01429255
1.00021686	0.12583607	0.13869371	0.00885387	-0.04866345	-0.01902165
1.01476647	0.12263274	0.15039765	0.00396956	0.00612478	0.03303897
0.99636822	0.12972280	0.15294884	0.00630968	-0.03274372	0.04764431
0.97994423	0.11918946	0.14731608	0.02155178	-0.06768515	0.03395677
1.01250118	0.12139414	0.15195030	0.00374148	0.00300061	0.01075285
0.97573414	0.12557191	0.12829690	0.00051785	-0.02209466	-0.01029900
0.98383203	0.13165365	0.14744473	0.01150520	-0.03334371	-0.03773765
0.98153349	0.12968658	0.15016529	-0.00314692	-0.02618619	0.01101208
0.99541632	0.11824873	0.13529345	0.00937857	-0.04261730	-0.00658407
0.99849392	0.12867064	0.15794139	0.01023995	-0.01793075	-0.03084431
