0.25868149	0.17192606	0.73058720	-0.14033004	0.49534449	0.39243573
0.10747125	0.23011913	0.92878710	0.00970702	0.43325624	0.40993540
0.00701139	0.25368955	0.98216254	0.12473315	0.22148356	0.49063290
-0.07498852	0.31531087	1.10550152	0.03480051	-0.40381167	0.58089514
0.02969886	0.41208040	1.06751220	0.15415091	-0.22428925	0.59118948
0.05103910	0.37895731	0.97231381	0.22024272	-0.39653345	0.57911610
0.04661153	0.38649714	0.88873771	0.16298012	-0.54758940	0.55656209
0.10792158	0.29849495	0.89420404	0.28172476	-0.40068522	0.58359227
0.13148244	0.28888110	0.77381768	0.12862561	-0.29266973	0.49400754
0.17147914	0.39416818	0.82107932	0.07055514	-0.01450364	0.52889237
0.17810520	0.36904189	0.81155943	-0.00700510	0.27106379	0.45004241
0.12707161	0.36915292	0.98605378	0.00610949	0.17193784	0.43452266
0.03247811	0.36742700	0.90838409	0.06210006	0.23103247	0.42184509
-0.00271746	0.38922627	0.90840863	0.04027193	-0.01746294	0.44349919
0.01272104	0.39518810	0.94101904	0.11376683	-0.01519746	0.43292370
0.06501561	0.36017755	0.92881316	0.22109517	0.00212609	0.49614348
0.16292719	0.28642457	0.90545362	0.13912619	-0.02299333	0.44103347
0.07277953	0.28538290	0.89692947	0.26574115	0.14951217	0.44875732
0.01278237	0.32030058	0.95634911	0.07947540	0.12085612	0.38597166
0.01401040	0.32875543	0.89806830	0.07836812	-0.07738224	0.43863279
0.00900742	0.35171456	0.91267198	0.11341885	-0.30001801	0.35556132
0.07529010	0.36721642	0.97013130	0.14006536	0.00297743	0.32097725
0.03859911	0.28451654	0.93074883	0.21457483	-0.28064122	0.36640418
0.05039169	0.29372778	0.87281776	0.23063219	-0.07908212	0.25851888
0.03755186	0.34134893	0.96766379	0.23786889	0.09151107	0.42824522
0.06348357	0.35268473	0.92768597	0.15492081	0.04747021	0.44432113
0.05632242	0.30076802	0.98534207	0.18784722	-0.02000289	0.48327530
0.09038869	0.32061746	0.94593159	0.26449641	0.09099049	0.45101711
-0.01092129	0.32646107	0.91172116	0.17969842	-0.11441430	0.34016209
0.00440275	0.33345381	0.99049013	0.18465410	-0.08895836	0.33618325
0.07157677	0.30212904	0.92976818	0.17817114	-0.28558508	0.37404346
0.04165554	0.31576506	0.98709774	0.23515055	-0.26604948	0.39635296
0.04528610	0.35101396	0.93503833	0.26961776	0.00720792	0.38403384
0.04639527	0.28726368	0.88428201	0.22251424	0.10974661	0.34204488
0.03745892	0.30539768	0.93238510	0.13564328	-0.09504738	0.31325193
0.02807498	0.35526547	0.94464942	0.23261580	-0.21546908	0.32617646
0.00361907	0.27640052	0.95219481	0.16210027	-0.02096054	0.38379763
0.07360597	0.34619972	0.97704847	0.24115583	0.00235465	0.36395726
0.05728466	0.34250926	0.93571074	0.27808194	-0.17428397	0.29394385
0.04288836	0.31047497	0.96561347	0.26201496	-0.07683451	0.34410063
-0.00316053	0.28797304	0.88791616	0.20785085	0.07573252	0.34493276
0.04015395	0.30281179	0.97624982	0.33323752	-0.03369247	0.34551213
0.01257679	0.32401588	0.97411486	0.28692370	-0.07688095	0.29939598
0.04103009	0.35178828	0.97449619	0.25521390	-0.11079311	0.34126053
0.04554068	0.32839488	0.97234557	0.28008545	-0.16011482	0.31249153
0.03396184	0.36101997	0.95501981	0.33961194	-0.21467209	0.26808024
0.06389963	0.35262724	0.92241709	0.27455024	-0.19208371	0.22776887
0.05341235	0.35066080	0.99608544	0.19566158	-0.05809560	0.25073366
-0.00513413	0.32087046	0.90634484	0.13676328	-0.13985728	0.31521615
0.01913526	0.33435134	0.97993221	0.16978852	-0.24255194	0.26347839
-0.01473897	0.29536531	0.99774458	0.27626717	-0.00650589	0.31859153
-0.00845308	0.31907277	0.99844440	0.26702178	0.13651797	0.29365986
0.03187795	0.28107063	0.91295857	0.24787592	-0.23735115	0.32165806
0.04081517	0.27205175	0.94071041	0.20817477	-0.24225598	0.31979441
0.03918165	0.31407288	0.98231932	0.25414400	-0.03410891	0.28280832
0.08112822	0.31335262	0.93184595	0.27289568	-0.15106483	0.26211268
-0.01071765	0.31317403	0.96212707	0.26835791	0.08678658	0.32225134
0.05794361	0.31723143	0.91866402	0.26107564	0.01987561	0.37255633
0.01040067	0.35919716	0.93125196	0.25762055	-0.33988624	0.36008418
-0.00966651	0.32357853	1.01439482	0.31389272	-0.20768526	0.31892502
0.02696483	0.32829162	0.88781104	0.30763191	-0.29106430	0.32649639
0.05270822	0.34944091	0.93146039	0.20908455	-0.16791572	0.37400119
0.03460891	0.34365220	0.96851876	0.35033603	0.05975160	0.35571835
0.04385380	0.27545732	0.97077082	0.29931793	-0.19210636	0.26787473
0.06749090	0.27689741	0.85863362	0.31277165	-0.16281999	0.34437315
0.05165436	0.31206209	0.88169962	0.38847328	-0.02809126	0.28107980
0.05192262	0.31362454	0.84159394	0.33264786	-0.21197448	0.30913082
0.04394380	0.31051154	0.93342398	0.36258480	-0.33526930	0.36274204
-0.00002739	0.32090325	0.94003998	0.33600513	-0.47766243	0.27641280
0.02827305	0.33138972	0.88359772	0.22010885	-0.07711483	0.32291264
0.08690770	0.34330507	0.94836649	0.33559142	-0.25076252	0.25341237
0.05854285	0.30674600	0.93887465	0.34282120	-0.10778227	0.29223086
0.05029314	0.37014043	0.91038274	0.39039678	-0.13823738	0.27497661
0.03103357	0.35477167	0.92597860	0.30018976	-0.35469167	0.20326993
0.02979272	0.31412163	0.97175546	0.26530757	-0.15989300	0.29545050
0.04276522	0.37006719	0.88155822	0.22848089	-0.29261444	0.31639389
0.05882232	0.37166354	0.94036411	0.22280155	-0.05592062	0.23466374
0.04652440	0.35599858	0.92123239	0.26144444	-0.24165448	0.27820215
-0.00608512	0.30487201	0.97796702	0.24682635	-0.31363655	0.26065382
0.05921062	0.32313385	0.96928302	0.27650181	-0.14812179	0.30150658
0.01913699	0.30449523	0.96522112	0.27266647	-0.18532359	0.29166734
0.02550165	0.33259430	0.95834489	0.23090180	0.14850909	0.28555120
0.06299942	0.31205303	0.96113258	0.32256180	-0.29984896	0.34920652
0.03906795	0.32744929	0.97171489	0.27771560	-0.28071969	0.31213327
0.03384084	0.28939428	1.00035419	0.30725832	-0.09480636	0.32349096
0.02169237	0.36890826	0.92948326	0.25223488	-0.06730205	0.25722705
0.03926667	0.37056047	0.89942947	0.20326585	-0.08274797	0.27802105
0.05475274	0.31917640	0.84435159	0.23727597	-0.16242578	0.31579717
0.01662113	0.38379021	0.99761881	0.20708289	-0.28361830	0.27315888
0.04704810	0.33823504	0.88970530	0.27109971	0.05994581	0.22697759
0.07449892	0.31742356	1.06092945	0.21703900	-0.26014059	0.21168719
0.08138755	0.33144396	0.90044375	0.19006926	-0.03727769	0.15094406
0.04299130	0.32415138	0.90850931	0.23664045	-0.09113344	0.22370940
0.06737386	0.29716535	0.98101853	0.17071643	-0.14018179	0.27879192
0.07864885	0.34451608	0.95507317	0.19945437	-0.09958250	0.24237529
0.00555465	0.35738905	1.01431199	0.24538629	-0.18989905	0.18733551
0.01436076	0.30508762	0.95390890	0.14593359	-0.15654405	0.18857900
0.01374232	0.32335679	0.93302316	0.20064593	-0.12160672	0.19325055
0.05217004	0.31163066	0.92534966	0.25123545	-0.10257742	0.20232521
0.06008263	0.32651159	0.92510363	0.22836137	-0.16367709	0.32062787
0.04494899	0.31434370	0.96730177	0.27602037	-0.13458540	0.17092845
-0.00853049	0.35979247	0.93009067	0.29117693	-0.10940888	0.14633747
0.03649866	0.33326499	1.01267149	0.30194990	-0.11661529	0.18571643
-0.01338752	0.36843289	0.94262339	0.29276287	-0.60570601	0.29666476
0.04161496	0.31175739	0.94846965	0.27686808	0.01073749	0.22726246
0.03909314	0.34357019	0.92194325	0.19396713	-0.24862143	0.18598458
0.03068704	0.32285507	0.92992502	0.26357343	-0.14191464	0.21163472
0.00993542	0.31731242	0.94338122	0.29891408	-0.17126584	0.18365289
0.03764485	0.31503037	0.93370947	0.25898820	-0.20629396	0.23085679
0.01863036	0.37352233	0.94854780	0.19870178	-0.03776292	0.16425867
0.04923776	0.39340394	0.93763013	0.19823563	-0.14786383	0.15529585
0.02375390	0.35348435	0.93972167	0.18201560	-0.22763226	0.16798238
0.01212536	0.34365270	0.93278375	0.13301799	-0.00643982	0.13532296
0.02600651	0.34486104	0.94414436	0.15869461	-0.07701021	0.16177732
0.01939671	0.36464589	0.96682462	0.17964118	-0.13130987	0.17486668
0.06971894	0.33922969	0.89705417	0.18147795	-0.01902914	0.15295776
0.04828073	0.31666809	0.93776083	0.12435546	0.05909079	0.13591083
0.01103290	0.30694788	0.93599453	0.19360307	-0.07203176	0.21030573
0.02931607	0.34668517	0.95164011	0.18938809	0.12742950	0.19305959
0.02367988	0.27559529	0.94307562	0.09236968	-0.29319512	0.17919229
-0.00057844	0.32273391	0.95157610	0.22411463	-0.07627813	0.18383249
0.03029213	0.30648453	0.92654620	0.26650134	-0.13425402	0.14505314
0.02657270	0.27974160	0.92650978	0.16340647	-0.18761917	0.07142084
-0.01030838	0.35133977	0.90401447	0.20106979	-0.19133861	0.17475362
0.01826825	0.36609645	0.95334886	0.23276500	-0.18544840	0.21719107
0.03782603	0.30147926	0.98020304	0.19401164	-0.15113775	0.21636985
0.06718608	0.31827097	0.91298331	0.15217081	-0.13585555	0.17666470
0.02008595	0.33040850	0.89341810	0.19559858	-0.11757994	0.11280330
