0.03482387	0.34848937	0.88225866	-0.00135827	-0.09007254	-0.00164548
0.04648093	0.33780135	0.87812097	-0.01628428	-0.08254475	-0.01158338
0.03642414	0.33692966	0.91363482	-0.03480860	0.18392619	-0.01329884
0.02587513	0.33510064	0.91750967	-0.16843809	-0.01331675	-0.01391356
0.02712259	0.36117431	0.94933511	-0.08034483	-0.04639479	-0.00253359
0.01945282	0.37302505	1.02286447	0.08210309	0.02565299	0.01315126
0.01635752	0.38720653	1.01711062	0.17790701	-0.01103916	-0.00607356
0.01706530	0.38054756	0.94397762	0.29020589	-0.06535533	0.00703371
0.01507912	0.38514646	0.93271612	0.13536241	-0.06135999	-0.00723499
0.00826304	0.36626637	0.88905928	0.00541052	-0.03546095	0.00364325
0.01811907	0.36160714	0.86795633	-0.07976928	-0.05605753	-0.01283557
0.03173507	0.35156562	0.91278642	-0.16018952	0.05619405	-0.03174012
0.00514374	0.36703042	0.88759442	-0.11989176	-0.06895880	-0.00489732
0.01011518	0.35359820	0.92208003	-0.21313681	0.02714405	0.00689952
0.02281197	0.36971378	0.98105711	-0.11848309	0.04134340	0.00100037
0.02588514	0.36312285	0.98032058	0.15587310	0.03789189	-0.00473468
0.05629177	0.36792305	1.00474324	0.20599614	-0.01803882	-0.01485513
0.04676734	0.35931543	0.95456366	0.22673240	0.04589142	-0.04519904
0.02384650	0.35575725	0.92765154	0.21578497	-0.09167723	-0.03633433
-0.00653413	0.34979683	0.87187545	0.08918054	0.10802765	-0.01855188
-0.00509815	0.35685395	0.86986550	-0.00659393	0.01836139	0.00691543
0.00313614	0.35935335	0.90445136	-0.09193292	0.04030643	0.00775143
0.01069818	0.36326869	0.89410943	-0.01811983	-0.05349281	0.00636070
0.02205194	0.36852843	0.92556061	-0.11229096	0.00834721	-0.00448405
0.01626577	0.36435460	0.93500989	-0.17122952	-0.08939158	0.00190896
0.01105756	0.38320623	0.91516937	-0.04788759	-0.01307368	-0.00784719
0.04968132	0.38927407	0.98983727	0.05706770	-0.00950761	-0.02653011
0.05420199	0.37308041	0.96759744	0.21084165	0.00247250	-0.03701932
-0.00071302	0.37273906	0.94201296	0.22582066	0.03502849	-0.03489206
0.00151506	0.37632019	0.94475283	0.05315329	-0.07996281	-0.01787806
-0.00696936	0.37180012	0.88022841	0.02749437	-0.02908542	-0.00092687
0.00329013	0.36096337	0.85865121	-0.04764419	0.00844391	-0.00864931
0.01221180	0.36079952	0.90993184	-0.05193138	-0.03671761	-0.00221766
0.00537694	0.36036604	0.91569205	-0.03785985	-0.01518004	-0.01089451
0.01186671	0.37178358	0.92234291	-0.14878778	-0.00523473	0.00809125
0.00185213	0.36784269	0.95002046	-0.09483520	0.00785309	0.02651723
0.00553967	0.35986081	0.95887481	-0.02010100	-0.07008199	0.00522219
0.01528146	0.36663529	1.00663385	0.05095085	-0.02188800	-0.01841329
0.05494654	0.37695313	0.96457044	0.18622564	-0.03156791	-0.05203563
0.01888632	0.38651258	0.90186951	0.04957742	-0.09892526	-0.03131171
-0.01123837	0.37454717	0.90109421	0.00282078	-0.04543664	-0.00317861
0.04027339	0.34829805	0.89577523	0.00353416	0.03476815	-0.00679042
0.03694561	0.33755120	0.89441852	-0.08579608	-0.00544640	0.00639833
0.01119861	0.35317001	0.92180197	0.03389484	-0.02929580	-0.00235207
0.01334098	0.34457868	0.88989140	-0.15084028	0.03033105	-0.01780128
0.02926266	0.35346278	0.93966860	-0.02961348	-0.06533605	-0.00215371
0.02553230	0.37003972	0.94849325	-0.09046641	-0.01928279	-0.00141190
0.04083681	0.36564566	1.00330953	0.01977133	0.15697116	-0.00111423
0.02953176	0.37327188	0.97174229	-0.00386622	0.00029489	-0.02074778
0.06200090	0.38331987	0.97410972	0.08107164	0.00427403	-0.04325366
0.04300788	0.37030296	0.97339452	0.12058674	0.00370177	-0.02413683
0.01239873	0.37340110	0.92862384	0.15486734	-0.04921532	-0.00809546
0.02457187	0.37154854	0.91079075	-0.00289921	0.00977208	-0.01216666
0.02539845	0.36789522	0.87818652	-0.02973887	0.02608035	-0.02560110
0.02557364	0.36128995	0.90543009	-0.06406654	-0.00064608	-0.01608657
0.02011255	0.35934899	0.90354420	-0.09832844	-0.00133647	-0.01887433
0.02095552	0.36102559	0.93167193	-0.06250747	0.03309639	0.00100565
0.04003236	0.36944807	0.93365555	-0.04455525	-0.00962237	-0.00883152
0.05594537	0.37565688	0.99597383	0.12107348	-0.04994022	-0.04714828
0.04721072	0.36091852	0.98538517	0.06133513	-0.03892771	-0.05011579
0.02657020	0.36566806	0.96517684	0.05204179	0.08435591	-0.02065695
0.01933708	0.35442517	0.90398683	0.06832590	0.03059448	-0.01944552
0.02589627	0.34454602	0.88723453	-0.15534645	-0.00791188	-0.02194551
0.04505166	0.34350257	0.92530328	-0.11215659	0.01319900	-0.03191318
0.03087511	0.34858116	0.93987880	-0.13577702	0.05218594	-0.04788100
0.02966615	0.35715478	0.88169815	-0.08617605	0.14357466	-0.02627633
0.01401992	0.36641422	0.94445525	-0.01589427	0.07900411	-0.02039521
0.02207227	0.35916010	0.94177431	0.03301078	0.09936057	-0.01976782
0.03403733	0.37072081	0.94437283	0.08610681	0.03258047	-0.03656475
0.05611626	0.36691884	0.94442189	0.12925855	-0.00625161	-0.04194256
0.02173169	0.37390294	0.94637810	0.01646949	0.11567200	-0.05544327
0.01311510	0.37717654	0.90647451	0.03221551	-0.00680781	-0.01584346
0.00472878	0.37704525	0.91114060	-0.03383759	0.01477024	-0.00543749
0.00825909	0.37271517	0.91580396	-0.12884097	-0.03862350	-0.00790925
0.01294103	0.37292684	0.91531999	-0.04169422	0.01489029	-0.02133804
0.00930178	0.37740628	0.96084309	-0.15102134	-0.04856857	0.00779562
0.01862934	0.37388841	0.94797923	-0.05701247	-0.08986514	-0.00552563
0.03845541	0.36768566	0.95828254	-0.00254026	0.00160717	-0.02023564
0.03252926	0.36421911	0.98270222	0.11519617	0.05153804	-0.05226551
0.04514962	0.36319748	0.95853994	0.05890128	-0.01999302	-0.05557187
0.01478673	0.34856180	0.94787398	0.12284960	0.00000389	-0.02934202
0.00842730	0.34573598	0.91050045	-0.01384223	0.05722569	-0.00262319
0.01636146	0.34452661	0.84350414	0.06497367	0.02704419	-0.00832395
0.02537431	0.35828030	0.88451998	-0.08009252	0.03135342	-0.01944557
0.03115362	0.36457429	0.89626167	-0.05787547	0.03906877	-0.01558283
0.00755511	0.38093486	0.87857606	-0.10038130	0.00834571	-0.00220086
0.02328997	0.37754750	0.91469807	-0.13769051	-0.06919872	-0.00392881
0.00125637	0.37352791	0.95191794	-0.05694024	0.01777412	-0.01754267
0.02984760	0.38513992	0.97482446	-0.03958580	-0.06118713	-0.04277521
0.04180477	0.37548752	0.96898181	0.11303552	-0.06784748	-0.04387122
0.02731110	0.36697079	0.93103121	0.04975357	-0.03856663	-0.05513204
0.00372614	0.33532318	0.92929291	0.08437969	-0.01256513	-0.02717864
0.03070820	0.35452748	0.88823858	0.01355795	0.03267410	0.01357988
0.02790443	0.36477036	0.90032619	-0.14747647	-0.04939436	0.01384787
0.01960006	0.35774602	0.91232604	-0.02560381	0.07650693	-0.01903820
0.02986236	0.36989594	0.90421897	-0.08568959	0.05267016	-0.00793494
0.01061073	0.37845930	0.90029880	-0.22625405	0.05649829	-0.00416832
0.02713198	0.37386531	0.95035945	-0.06480748	-0.03031968	0.00254269
0.04140225	0.36952468	0.92983154	-0.07193005	-0.09291355	-0.00164397
0.05053477	0.37596553	0.96661773	0.10128830	-0.05471111	-0.01107812
0.02898744	0.38493363	0.98000329	0.09065839	-0.03958476	-0.02126209
0.03064453	0.38017755	0.92427133	0.09606309	-0.10815772	-0.04034574
0.01432551	0.37386284	0.90177258	0.11414830	0.03435981	-0.00358320
0.00787987	0.36480034	0.88531425	0.00852761	0.01070062	0.00062805
0.01892108	0.35627346	0.88815526	-0.13889793	0.09184455	-0.01703602
0.02456865	0.36966836	0.91287022	-0.06327854	-0.02181697	-0.00956572
0.01149148	0.37420987	0.90088173	-0.02259081	0.02188919	-0.00563455
0.03079536	0.37783373	0.94809563	-0.04543706	-0.09096205	-0.01803387
0.03018151	0.36500434	0.93191923	-0.05821252	-0.09688845	0.00883820
0.04431122	0.35875949	0.95584886	-0.03688801	-0.18633813	0.01229545
0.03157237	0.36552252	0.94793390	-0.07538963	-0.11805648	-0.01108932
0.02652469	0.37709423	1.00809635	-0.10756853	-0.18097097	-0.02426157
0.02017682	0.37139154	0.99748231	0.00327864	-0.30023052	-0.02327290
0.02743653	0.35695785	0.96361943	0.07600078	-0.49664217	-0.01636079
0.03969738	0.34499776	0.91377056	0.03937554	-0.37804585	-0.02262541
0.04637294	0.33356278	0.95218528	0.02944796	-0.38503533	-0.03069005
0.07307866	0.34774177	0.91422070	0.07045943	-0.15756224	-0.03644084
0.08574686	0.34378917	0.87458932	-0.00321570	-0.04766292	-0.03739254
0.09641471	0.34307367	0.88671118	-0.00596646	0.11425424	-0.01266698
0.06303661	0.36009274	0.95007926	0.00027396	0.04303587	-0.00416850
0.08032715	0.37130900	0.92412921	-0.02067512	0.06282083	0.00366488
0.09111942	0.38738432	0.94132129	-0.01087507	-0.09295179	-0.00612931
0.07553760	0.37809231	0.90670658	0.03624830	-0.00642188	0.00569484
0.06295633	0.38372603	0.92595960	0.00897257	-0.01337264	-0.02052389
0.07564969	0.37514233	0.91045774	0.00913633	0.14575557	-0.00483917
0.07249723	0.36937871	0.93084028	0.09825712	0.07085094	-0.02616878
0.06254430	0.37105647	0.93820783	0.02203443	0.09458862	-0.03325086
0.06197606	0.36157136	0.96762574	0.02231728	-0.03272256	-0.04083588
