0.02105947	0.37222238	0.93838049	0.02988145	-0.04336896	-0.01752382
0.00681828	0.37144865	0.88803704	0.04681274	-0.06541820	-0.00573717
0.00195596	0.37114389	0.88276263	-0.01734374	-0.03374539	0.00341923
0.00239106	0.35672358	0.88730050	-0.08527093	0.08382865	-0.00121695
0.01193635	0.34562721	0.88891980	-0.07372670	0.01459200	-0.00803385
0.01219151	0.34778799	0.90444564	-0.08379625	-0.00311147	0.00419684
0.01044842	0.36014195	0.92689423	-0.10170560	-0.00701422	0.01189861
0.03114159	0.36617451	0.97739888	-0.06045923	-0.01535660	0.00115867
0.03470216	0.38223320	0.98049139	-0.00427267	-0.01185644	-0.01042740
0.02739290	0.38001304	0.98398797	0.05514747	-0.01125378	-0.01920747
0.03488137	0.37687855	0.93203601	0.03253249	-0.03168411	-0.01941316
0.02207845	0.37167264	0.93092276	0.02933130	-0.01997943	-0.01262525
0.01380542	0.35991817	0.93707398	0.00799223	-0.02830098	-0.01056872
0.00828491	0.34657742	0.87665638	-0.04086354	0.00845874	0.00858056
0.03180742	0.34410198	0.90428599	-0.07692593	0.05802802	0.01022543
0.00885445	0.35001249	0.91731355	-0.06625875	0.05864940	0.00387642
0.01430593	0.35736830	0.93289924	-0.05231533	0.04432261	0.00900865
0.01591913	0.36326138	0.95617281	-0.02209452	0.03431092	0.01088470
0.02573165	0.36526438	0.94418781	0.00638714	-0.00483033	0.01509132
0.03441708	0.37972695	0.97784835	0.05266338	-0.02337517	0.00114234
0.02625646	0.36603759	0.95025982	0.01532735	-0.06502722	-0.01083978
0.00856382	0.36192288	0.94067798	0.01233394	-0.08330479	-0.01061885
0.01798712	0.36585787	0.93175384	0.00753919	-0.04806748	0.00273442
0.02957670	0.36109200	0.90212254	-0.08347747	0.02959609	-0.01159595
0.02328137	0.35660667	0.91153643	-0.05162691	0.02492780	-0.01106048
0.02283869	0.35924939	0.91134221	-0.04747140	0.01423917	-0.00186204
0.01605096	0.35346012	0.93123891	-0.06893348	0.03264574	-0.00884580
0.00902769	0.35514386	0.91991136	-0.06774023	0.03432165	0.01422818
0.01872608	0.35719197	0.94679026	-0.01025775	0.05381550	0.01306858
0.03266668	0.35318073	0.93171070	0.00186395	-0.01303862	0.00286168
0.02691117	0.35966167	0.96198996	0.05548994	0.00973346	-0.00098568
0.01785808	0.35419127	0.94972732	0.07003315	-0.04976997	-0.00995245
0.01719257	0.35011005	0.93656226	0.01039408	-0.05582763	-0.00149090
0.03211893	0.34960299	0.94183921	0.02918042	-0.00497242	0.00525047
0.03652618	0.35558224	0.90245245	0.01373247	0.04726042	-0.00667001
0.02456291	0.35160669	0.92936051	-0.01086450	-0.00036329	-0.00797521
0.00940818	0.34903652	0.94166473	0.01434123	-0.09432548	-0.00024240
0.01632002	0.36297760	0.94209620	-0.00342074	-0.12660045	0.01374919
0.02145388	0.36951825	0.93217759	0.00824641	-0.09224534	0.01584061
0.03297514	0.37125178	0.92915292	0.02133363	-0.08630982	0.00667012
0.04424002	0.36916008	0.92369974	-0.02276730	-0.01048898	0.00309784
0.02693941	0.37064270	0.92751802	-0.03582068	-0.10330248	-0.00036039
0.01991898	0.36116880	0.94150177	0.03655900	-0.09629986	0.00710353
0.02915586	0.35347399	0.93927191	0.03405548	-0.12635365	0.00798163
0.04608319	0.35215668	0.92184886	0.01675816	-0.09906201	-0.00091063
0.04099864	0.34986711	0.92968179	0.02288480	-0.02330513	0.00336575
0.04559107	0.34584775	0.90339521	0.02221097	0.02309293	-0.00150252
0.03614283	0.35581808	0.91842528	0.00172301	-0.03161426	0.00190603
0.04020576	0.35149941	0.94853870	0.02730553	-0.04251446	0.00584786
0.03451564	0.36913983	0.92999666	0.01288903	-0.09328847	0.00756495
0.03069455	0.37036853	0.95519275	0.07133153	-0.04967232	0.00709999
0.03331489	0.36220147	0.93387752	0.03390902	-0.10216962	0.00750951
0.04391291	0.37215581	0.93676698	0.02582381	-0.05803420	0.00846312
0.03896896	0.36201402	0.92138464	0.04636756	-0.01740191	0.00426533
0.03731928	0.36203848	0.92754448	0.02790019	-0.05729781	-0.00173336
0.04233975	0.36361000	0.90643917	0.02926662	-0.07435148	-0.00176046
0.04189059	0.36141726	0.93622347	0.03008410	-0.00525705	0.00722845
0.04335407	0.35995229	0.92454949	-0.00504529	-0.02299627	0.00113434
0.04214224	0.36617560	0.93120525	-0.03522245	0.02644546	0.00703954
0.05351519	0.36087155	0.90990336	-0.03286037	0.05796592	0.00092471
0.04499242	0.36765109	0.93831598	-0.03119808	0.09506144	0.00008932
0.04476080	0.36821426	0.93979016	-0.02529185	0.05617986	-0.00341955
0.05500355	0.36554467	0.91978669	0.00171798	0.08593907	-0.00801374
0.04090879	0.35655876	0.89684120	0.01943086	0.09276794	-0.00393049
0.04609418	0.36433340	0.92883623	-0.03684216	0.06307818	0.00157364
0.03426745	0.36007031	0.93733739	-0.03038888	0.04313577	-0.00799578
0.02879981	0.35986406	0.92880385	-0.00201305	-0.00680387	-0.00847047
0.03269840	0.36198981	0.92902460	-0.01190601	-0.00044364	0.00081847
0.02229509	0.35745415	0.91163448	-0.02240855	-0.03153714	-0.00151884
0.03111012	0.36154119	0.91692523	0.00738001	0.03481113	-0.00158715
0.02670255	0.35859405	0.92708174	0.00678541	0.03775836	-0.00054583
0.03196895	0.35662131	0.91378101	-0.00834837	-0.03020732	0.00470309
0.03257369	0.36627657	0.92761847	0.00626338	0.02875416	-0.00397787
0.02268851	0.35929863	0.92474515	-0.03969504	0.05348038	-0.00203850
0.04445263	0.36067824	0.94506830	0.02958158	-0.00560858	-0.00467118
0.03629482	0.36930935	0.93785865	-0.00244221	-0.01117217	-0.00037237
0.03349100	0.36313771	0.91590095	-0.00056478	-0.00644188	0.00444705
0.04215838	0.36027768	0.94785945	0.00372067	0.00612757	0.00168605
0.04138954	0.35864918	0.92537641	0.01954046	0.01936524	0.00040712
0.04033967	0.36599877	0.92275297	-0.02505497	0.04941724	0.00087426
0.04352895	0.35992549	0.92937515	0.01132147	0.01104082	0.00058737
0.02892053	0.36006744	0.90904868	0.02347445	-0.00138596	-0.00313156
0.02661968	0.35697327	0.92087225	-0.01317981	0.00704088	-0.00054000
0.03593611	0.35932081	0.91632512	-0.00215193	0.04361796	-0.01100732
0.03117154	0.35877915	0.92985989	-0.00866563	-0.00990048	-0.00234865
0.02398194	0.35780587	0.92465620	0.00054374	0.01003585	-0.00582903
0.02725981	0.35963701	0.96146480	-0.00196857	-0.00040454	0.00150921
0.03671544	0.35744583	0.93463834	-0.01168131	0.00251833	0.00398989
0.01694029	0.35810897	0.92440873	-0.00045827	-0.01398030	0.00576389
0.02585799	0.36178966	0.92216934	-0.01274307	0.03275695	0.00716263
0.03346280	0.35739891	0.93829123	-0.01403657	-0.01864238	-0.00272499
0.03556965	0.36740639	0.93118642	0.02884040	-0.03532949	-0.00046077
0.03897707	0.35598766	0.91608289	-0.00077739	0.00587436	-0.00972140
0.04291449	0.35841137	0.92895693	-0.01906006	0.00962474	-0.00122599
0.03719439	0.35750156	0.93197546	0.01585335	0.03280403	-0.00643806
0.02657544	0.35863794	0.91675476	-0.03656503	0.03667647	0.00092191
0.03078893	0.35881837	0.94252469	-0.01400827	-0.02682544	-0.00830492
0.03300221	0.36460804	0.93807979	-0.00754873	0.02216364	-0.00596930
0.03044708	0.36220781	0.91876446	-0.00199122	0.01370759	-0.00944880
0.01932294	0.36058773	0.93349896	0.01962024	0.03133870	-0.00606849
0.02684787	0.36458110	0.93869777	-0.00954888	-0.05896205	0.00405819
0.02961797	0.36044929	0.92912561	0.02133764	0.00606144	0.01045763
0.02826629	0.36612500	0.94652283	0.01389763	0.00985635	0.00364676
0.02896344	0.36245658	0.92938733	-0.00875399	-0.03954141	-0.00426743
0.04073449	0.35352125	0.91240720	0.02430290	-0.01337743	-0.00550782
0.03454165	0.35731160	0.90680453	0.01647442	0.02202301	-0.00715185
0.03434081	0.36080032	0.92928230	-0.04119492	-0.01831251	-0.00806422
0.03808650	0.35788108	0.93669389	-0.00146196	0.00418365	-0.00385347
0.04729580	0.35593506	0.94119516	0.00502366	0.02416375	-0.01014766
0.04063488	0.36182951	0.94893220	0.01513260	0.01068279	-0.00601110
0.02910012	0.36277816	0.92577502	0.01181982	0.01628844	-0.00732969
0.03675204	0.35590071	0.92909139	-0.00381752	0.02850231	0.00312838
0.03398060	0.35193307	0.92198200	-0.01280475	0.03226971	-0.00208524
0.02477786	0.36293162	0.93180248	0.00153742	0.03621116	-0.00506427
0.02714210	0.35478675	0.91316669	0.01517977	0.03232426	-0.00471447
0.02205029	0.36573750	0.92268542	-0.01540796	0.02174885	0.00889321
0.02696292	0.36439110	0.93012959	-0.03078098	0.01550501	0.00108202
0.02889404	0.35855728	0.92259660	-0.00758939	-0.02162799	0.01031342
0.02751488	0.36166885	0.94209881	-0.03743067	-0.03657847	0.00602432
0.02807033	0.35544944	0.93775736	-0.03706151	0.02189743	0.00142414
0.04397196	0.35195490	0.93664026	0.02564102	0.03396177	-0.00601451
0.03744528	0.35325180	0.92018503	-0.00600598	0.00774939	-0.00217575
0.02654038	0.35404660	0.93166300	-0.05415219	0.03064423	-0.00122316
0.02964471	0.35291612	0.91980251	-0.04245880	0.02519939	0.00142051
0.02878200	0.35066694	0.92285838	-0.03243908	0.06464477	0.00081138
0.02763061	0.34889094	0.93735338	-0.05119191	0.05875639	-0.00006631
0.03354337	0.34651503	0.92647121	-0.01711760	0.01560290	0.00608488
0.01772277	0.34622470	0.92699717	-0.04391553	0.04087373	0.00359458
