0.01900932	0.34061323	0.94165372	0.03735497	-0.05109989	0.00273638
0.01759605	0.33949514	0.94275221	0.02292359	-0.05796539	-0.00209408
0.01397230	0.34260747	0.94218079	0.02857815	-0.04730293	0.00023082
0.01647803	0.34728540	0.93801546	0.02612573	-0.05622464	0.00397891
0.02093703	0.34234660	0.93725416	0.02648973	-0.04546851	0.00348040
0.01289320	0.33988894	0.94293608	0.03302661	-0.05622800	0.00396757
0.01965973	0.34402583	0.92890814	0.02917095	-0.06281375	0.00385600
0.01813028	0.34447524	0.93888777	0.02229179	-0.03316718	0.00119821
0.02613449	0.34503287	0.92753892	0.02421306	-0.06251290	0.00231450
0.01025678	0.33988121	0.92639594	0.02872132	-0.04221914	-0.00035135
0.02982156	0.34971710	0.93191261	0.01401117	-0.03052488	0.00263334
0.02632032	0.33880125	0.92323911	0.01855659	-0.02229918	0.00070649
0.02644332	0.34427170	0.93386466	-0.00005333	-0.03048704	0.00009899
0.01835124	0.34213406	0.94121670	0.01224148	-0.04907455	-0.00297145
0.02481276	0.34824516	0.93763748	0.02801607	-0.01573462	-0.00342947
0.02976481	0.34237438	0.93669618	0.01172849	-0.01554738	-0.00104763
0.02694510	0.33783786	0.92655285	0.00838595	-0.00350239	-0.00008274
0.02473905	0.34567695	0.93700580	0.01742730	-0.01575421	0.00179117
0.02513674	0.34036733	0.93677507	0.02463184	-0.02517821	0.00775717
0.02836376	0.34440969	0.93574303	0.00255706	-0.00912349	0.00617015
0.02868916	0.34594042	0.93774800	0.00742755	-0.02961397	0.00338285
0.02433247	0.33727375	0.94240965	-0.01003765	0.02065265	0.00290167
0.03274065	0.34889895	0.94294948	-0.01094519	-0.01588578	0.00300970
0.03667729	0.34642258	0.93619593	0.00006910	0.02001367	-0.00172559
0.02882854	0.34614732	0.93075590	-0.00611005	0.01884452	0.00107630
0.03166641	0.34231929	0.92447619	-0.01269340	0.01845210	-0.00369332
0.02086788	0.34954639	0.93598186	-0.02150008	0.00456897	-0.00464370
0.02965172	0.35081825	0.93638232	-0.01461649	0.04893789	0.00020333
0.02447051	0.34776595	0.93384250	-0.01938868	0.05981516	0.00024880
0.02773829	0.34688753	0.93570086	-0.01761493	0.06913039	-0.00053746
0.01769564	0.34967584	0.93444279	-0.01392811	0.06935157	-0.00335613
0.02470069	0.34563028	0.92693897	-0.01192430	0.05614202	-0.00040860
0.01980268	0.33825636	0.91823521	-0.02074136	0.07393415	-0.00108098
0.01683822	0.34000599	0.93153243	-0.01805802	0.05492293	0.00064117
0.01557842	0.34835869	0.94200626	-0.02385410	0.07415236	-0.00603303
0.01678323	0.33778319	0.93656352	-0.03870650	0.06636341	0.00024707
0.01895598	0.33947424	0.94067983	-0.03052535	0.02666944	-0.00036182
0.01171860	0.34268865	0.93448645	-0.03542812	0.04678223	0.00437150
0.00852845	0.34377818	0.93664229	-0.03162141	0.06122801	-0.00106563
0.01428756	0.34246108	0.94127889	-0.03439582	0.05016338	-0.00225087
0.01368267	0.34720552	0.94168512	-0.03838973	0.04320865	-0.00052586
0.01793536	0.34091817	0.94478784	-0.02550801	0.03285075	-0.00126843
0.00821427	0.34180568	0.94614156	-0.02592942	0.04378420	0.00212191
0.01060692	0.33108703	0.93779498	-0.03592238	0.04183985	-0.00365526
0.00174126	0.33188928	0.95429227	-0.03767000	0.04616766	0.00013981
0.01047821	0.33556477	0.94020413	-0.03827941	0.05645904	-0.00420203
0.00792568	0.33429457	0.95258253	-0.01451607	0.05914720	-0.00413154
-0.00048085	0.33189495	0.95002713	-0.03227818	0.03800394	0.00413554
-0.00246214	0.34754740	0.95044324	-0.02526489	-0.00467658	-0.00130010
0.00905061	0.33812811	0.94601380	-0.02192084	0.00037232	-0.00114027
0.01564211	0.33338424	0.94347982	-0.01721984	0.03163215	-0.00168662
0.00710686	0.33056764	0.93617870	-0.01381386	0.03281826	-0.00537655
-0.00376861	0.33330856	0.94346867	-0.02164444	0.03897288	-0.00708282
-0.00716811	0.34000519	0.94276758	-0.02732334	0.04732548	-0.00421909
0.00312801	0.33306811	0.93843682	-0.01966026	0.04280207	-0.00352471
0.00144656	0.34058722	0.94175479	-0.02075798	0.02989657	0.00054282
-0.00155583	0.33853513	0.95528406	-0.00950396	0.01836984	0.00031451
-0.00133695	0.33776107	0.95431104	-0.00694832	0.01796171	-0.00017019
-0.00471664	0.33619308	0.94567506	-0.02687859	-0.00783941	0.00322429
0.00113920	0.33192950	0.95771256	-0.01129539	0.01063268	-0.00151184
0.00531946	0.33286072	0.94692635	-0.02004894	-0.00766992	0.00112306
-0.00157798	0.32361098	0.95011023	0.00987144	0.00738294	-0.00358887
-0.00012762	0.32934508	0.94361713	0.00572617	0.01116206	-0.00427183
0.00540354	0.32551757	0.93907519	-0.00690232	0.02575470	-0.00391928
0.00416778	0.33407940	0.95269594	0.00362155	0.02382228	-0.00246212
0.00624195	0.33101457	0.94900857	0.00672694	-0.00088838	0.00060442
0.00611991	0.33270621	0.94646939	-0.00457913	0.01839493	0.00472731
-0.00104661	0.32191520	0.94609205	-0.00152279	-0.01246316	-0.00038273
-0.00528992	0.32160998	0.94328988	-0.00002297	0.02617527	-0.00538653
0.00188412	0.32091192	0.94443206	0.00763219	-0.01359966	-0.00158520
-0.00522541	0.32448290	0.94625934	0.00916385	-0.00381653	-0.00186434
-0.00536524	0.32749885	0.94058511	0.00434864	-0.00533623	-0.00142520
-0.00309867	0.32989521	0.94496041	0.00769637	-0.01879709	-0.00050847
-0.00860847	0.33468162	0.94687207	0.01288529	-0.02045795	0.00434464
-0.00916141	0.33200659	0.94990288	0.00242077	0.01243488	0.00682423
-0.01279121	0.32903273	0.94735134	0.00404898	0.01672971	0.00140151
-0.00354313	0.32263571	0.94356735	-0.01358866	0.00856761	-0.00075283
-0.01221394	0.32187671	0.93593186	0.00193191	-0.01502266	0.00294600
-0.00419699	0.32723521	0.94208703	0.00163897	0.00016759	0.00237831
0.00217464	0.32488132	0.94503722	-0.00244435	-0.02668973	-0.00565802
-0.00214191	0.32233102	0.94909338	0.00963402	-0.01288814	-0.00592576
-0.00526133	0.32656653	0.94989244	-0.00311612	-0.01511685	-0.00701849
-0.00023030	0.32075064	0.94950613	0.00561892	-0.00252796	-0.00336910
-0.00728112	0.31689852	0.94889596	-0.01114702	0.00375333	0.00117988
-0.00879483	0.31714920	0.94673953	0.00359483	-0.02009868	0.00540251
-0.00567730	0.32023807	0.93647061	0.01124495	0.01318066	0.00579954
-0.00061956	0.31449951	0.93714994	-0.00167390	-0.00435234	0.00414176
-0.00671019	0.32337856	0.94940891	0.00179565	0.00997069	0.00604270
-0.00008801	0.33040653	0.95428999	0.01636785	-0.03516109	0.00475128
-0.00741396	0.33702004	0.94725124	0.01529062	-0.01273759	0.00466773
-0.00900389	0.32845096	0.94436740	0.00577101	-0.00660574	0.00633583
-0.00450049	0.33782918	0.93951983	0.01388641	-0.00366531	0.00377898
-0.00538761	0.32936229	0.94128023	0.01041683	-0.02843243	0.01156249
-0.01773520	0.32907791	0.94238796	0.02236495	-0.03292214	0.00386077
-0.00419595	0.32512902	0.95072968	0.01073433	-0.05104852	0.00235934
-0.01375228	0.33115487	0.94708424	0.02534324	-0.02406906	0.00526358
-0.00317989	0.32807196	0.94091949	0.01841626	-0.07876771	0.00391501
-0.00749832	0.33481022	0.94756995	0.02678750	-0.06194990	0.00310396
-0.00246159	0.32722570	0.94439417	0.02351687	-0.10028287	0.00308253
-0.00271920	0.32239653	0.94620717	0.03398412	-0.03485115	-0.00173102
0.00455662	0.32239019	0.95008879	0.02776730	-0.07839368	-0.00227479
-0.00516774	0.32127703	0.94156697	0.03585296	-0.04622250	-0.00393817
-0.00035592	0.32413994	0.94571978	0.03127200	-0.07290482	-0.00490963
-0.00519099	0.32507691	0.94402834	0.03410838	-0.11238005	-0.00168675
-0.00053639	0.32558110	0.94690912	0.02544934	-0.07812494	-0.00174496
0.00398830	0.32515104	0.94507269	0.02694397	-0.05199202	0.00223701
-0.00165876	0.33292926	0.94450826	0.02963154	-0.04598701	0.00538078
0.00106402	0.33215617	0.93998068	0.03382538	-0.08398233	0.00470374
0.00619184	0.32226764	0.95299381	0.03000643	-0.05891037	0.00569792
0.00270217	0.32789407	0.96071139	0.03663479	-0.08131928	0.00541905
0.00893608	0.33044957	0.95546550	0.03159891	-0.06557113	0.00808243
0.01893226	0.33563500	0.95714490	0.03924279	-0.07594568	0.00563958
0.00298674	0.33382633	0.94008446	0.03599708	-0.06443606	-0.00459424
0.01539308	0.33481442	0.94644424	0.04971839	-0.04055486	-0.00717179
0.01605738	0.33636394	0.94714251	0.02758468	-0.05664805	-0.00609372
0.01661205	0.32755651	0.94509613	0.03936413	-0.03495295	-0.00525924
0.01149251	0.34176644	0.94226145	0.03294376	-0.03836512	-0.00727872
0.01950525	0.33593584	0.94049113	0.02662581	-0.03733476	-0.00506298
0.01572855	0.33398874	0.94485122	0.02290694	-0.05804236	-0.00395008
0.01143999	0.33921262	0.94583570	0.04451512	-0.03569419	-0.00053400
0.01321895	0.33910781	0.94767798	0.04809247	-0.04644546	0.00194082
0.01165631	0.34113089	0.93730790	0.02379524	-0.02900744	0.00064600
0.00817482	0.33401928	0.94065317	0.02551965	-0.04401353	0.00166706
0.01241054	0.34246118	0.93380182	0.01968961	-0.04219876	-0.00019302
0.00238774	0.34126755	0.93544608	0.02091642	-0.04534926	-0.00249769
0.00955045	0.33819331	0.93610919	0.01881670	-0.02488261	0.00326941
0.00643195	0.33360458	0.94162564	0.01005996	-0.07528821	0.00310859
0.01318070	0.33538818	0.94460310	0.03154987	-0.06768702	0.00535910
