-0.05089034	0.37893149	0.92504814	-0.03082390	0.03225432	-0.01148653
-0.04573096	0.37663455	0.93202367	-0.02005000	0.03813876	-0.01086561
-0.04767598	0.38331980	0.92653184	-0.02791081	0.04214694	-0.00403761
-0.05382556	0.37988767	0.92549131	-0.03119841	0.05599534	0.00075795
-0.04542330	0.38352117	0.92634831	-0.02417980	0.02177576	0.00032048
-0.04828248	0.37269670	0.93321241	-0.01855580	0.05746028	0.00040948
-0.05807724	0.37324949	0.92575349	-0.01471476	0.05047738	-0.00420750
-0.05900860	0.37112084	0.93280272	-0.01590681	0.05457576	-0.00248957
-0.05050166	0.36779177	0.93624775	-0.01970180	0.06340748	0.00015261
-0.06000409	0.36985787	0.93141446	-0.01459642	0.04447845	0.00332859
-0.05593207	0.36900275	0.93038770	-0.00815844	0.04223371	0.00801563
-0.06005816	0.37108952	0.94239914	-0.00814206	0.03156780	0.00419666
-0.05166635	0.37548047	0.93897315	0.00379324	-0.00459988	0.00444832
-0.06305868	0.37677854	0.93112599	0.02812477	-0.03896552	0.01001087
-0.05842141	0.37600514	0.93131869	0.01809649	-0.01804706	0.00889544
-0.05283026	0.37236514	0.93015340	0.02466516	-0.01782787	0.00520536
-0.04748497	0.38098411	0.92107082	0.00529476	-0.02578646	-0.00377809
-0.04951269	0.37728182	0.91068542	0.00633806	0.02498151	-0.00632014
-0.05470496	0.37922337	0.90888366	0.00040769	0.04023165	-0.00266828
-0.05650984	0.37769659	0.91832982	-0.02907630	0.03904072	-0.00441178
-0.05877060	0.38069424	0.91621132	-0.01597236	0.04571450	-0.00910085
-0.05892425	0.37593781	0.92486962	-0.02573908	0.02159129	-0.00751634
-0.05524621	0.38456691	0.93085845	-0.01091387	0.04440497	0.00050011
-0.05881377	0.38564212	0.92188483	-0.01050886	0.03053623	-0.00020522
-0.06409572	0.37481394	0.92353781	-0.01968002	0.02806645	-0.00522412
-0.05853102	0.37611637	0.92713895	-0.01645281	0.03114179	-0.00830923
-0.06205691	0.37179743	0.92465555	-0.01519970	-0.00781374	-0.00291898
-0.05787939	0.36880027	0.92576078	-0.00546077	0.03450908	0.00185509
-0.06227663	0.37358949	0.93028272	-0.01207206	0.02125926	-0.00531368
-0.05428689	0.37050865	0.92844173	-0.01990976	0.06219132	-0.00004529
-0.07133934	0.36991153	0.92116800	-0.02007432	0.03784671	0.00126072
-0.06871584	0.37346809	0.91768130	-0.02171801	0.03887178	0.00157162
-0.07150921	0.37175285	0.93060430	-0.01751225	0.01587585	0.00023377
-0.06167915	0.37321830	0.92944008	-0.00844039	0.01322821	-0.00153982
-0.06677618	0.37585175	0.92461855	-0.00238103	-0.00788518	-0.00379068
-0.06996134	0.37614538	0.92708644	-0.01129941	0.01988968	-0.00002122
-0.06499383	0.37313026	0.93585155	-0.01857848	0.02299326	-0.00437064
-0.06402171	0.37633427	0.93265555	-0.02406506	0.01280083	-0.00426753
-0.05416705	0.37371017	0.91863803	-0.01354467	0.02284377	-0.00809616
-0.06269725	0.37586109	0.91722002	-0.02938600	0.02461778	-0.01564913
-0.06536097	0.38186958	0.92806518	-0.02726587	0.03100850	-0.01352910
-0.06085833	0.37643803	0.93052242	-0.03659022	0.03998488	-0.00594939
-0.06006241	0.37135376	0.93414217	-0.02979176	0.04272030	-0.00507638
-0.06277379	0.37596619	0.94258037	-0.03683960	0.00546767	-0.00599645
-0.07398664	0.36854441	0.94817631	-0.01877686	0.07174040	-0.00309526
-0.07362198	0.36974494	0.94247719	-0.02741219	0.07265594	0.00210393
-0.06919221	0.36267275	0.93502527	-0.00781501	0.02054623	-0.00364160
-0.07017981	0.36354449	0.93722478	-0.02900779	0.02363493	0.00597216
-0.07072683	0.36481458	0.93672754	-0.01889657	0.04061423	-0.00088712
-0.07318127	0.37231278	0.92850114	-0.03196407	0.01980014	-0.00153715
-0.07412926	0.37099287	0.93230423	-0.01493339	0.07771853	-0.00212691
-0.07516956	0.36941089	0.92131087	-0.02324002	0.04305048	-0.00329492
-0.07340681	0.37188986	0.92287805	-0.01292103	0.03693016	-0.00331798
-0.07698753	0.36759231	0.92715263	-0.03245444	0.03041144	-0.00377079
-0.07806650	0.36971836	0.92860543	-0.02240981	0.00894297	0.00358821
-0.07434199	0.36390223	0.93704340	-0.03281321	0.03359834	-0.00008826
-0.08747755	0.36543940	0.93125003	-0.02552653	0.04919683	0.00514945
-0.08190164	0.36507500	0.93323593	-0.02624139	0.02424654	0.00330139
-0.07621767	0.36230397	0.93147518	-0.02134549	0.01368714	-0.00056077
-0.07692049	0.36997530	0.92767748	-0.03143387	0.05590887	0.00055712
-0.08104935	0.36283434	0.92806247	-0.01278472	0.06179019	-0.00668841
-0.08459411	0.36245284	0.92615088	-0.01615798	0.04434802	-0.00383510
-0.08791128	0.36211243	0.92900392	-0.00411671	0.03719206	-0.00129687
-0.07718294	0.36060243	0.94266895	-0.00997229	0.01236755	-0.00269979
-0.06431827	0.36782939	0.94593862	-0.01479863	-0.00395282	-0.00418976
-0.07797002	0.36703568	0.93810682	0.00787858	0.04412678	-0.00782056
-0.08191777	0.36980329	0.93210945	-0.01293017	0.03754647	-0.00882487
-0.08314202	0.35992060	0.92872109	-0.01232773	0.02226543	-0.01131191
-0.08822824	0.36579812	0.93767219	-0.01822128	0.00906550	-0.00717655
-0.09077609	0.36383718	0.93718527	-0.01438605	-0.01808203	-0.00098656
-0.08090815	0.36933193	0.92804836	-0.01668823	0.00231333	-0.00799719
-0.08986615	0.36789937	0.92529668	-0.01674027	0.00981158	-0.00136812
-0.08319780	0.36113749	0.92559364	-0.01630062	0.03653435	-0.00416992
-0.08523402	0.36748211	0.93504649	-0.00981829	0.01903877	0.00062020
-0.07762684	0.36040030	0.93600813	-0.01328804	0.01077793	0.00292353
-0.08941294	0.36406935	0.93266661	-0.00508346	0.04926870	0.00967011
-0.08572589	0.36377275	0.93335451	-0.00248856	0.00181958	0.00236523
-0.08367302	0.36258242	0.93532876	-0.00372754	0.00684899	-0.00124050
-0.08771528	0.36269761	0.93144489	-0.00132298	-0.01693222	-0.00933989
-0.08956551	0.35913161	0.93014670	-0.00180473	0.00341024	-0.00652201
-0.09043594	0.36410050	0.92982693	0.00152462	0.01350136	-0.00914354
-0.08208646	0.36543851	0.93728559	-0.01465554	0.01238381	-0.01082823
-0.09231067	0.36042681	0.92900741	-0.00126897	0.01275460	-0.01103110
-0.09056389	0.35731809	0.93721875	-0.01024994	0.00489980	-0.00815524
-0.09431352	0.35625813	0.93589308	-0.01099645	0.02836050	-0.00432454
-0.08628436	0.35779568	0.93393562	-0.00703009	0.02187493	-0.00218449
-0.10277824	0.35670309	0.93318749	-0.00616412	0.02977517	-0.00412288
-0.09480704	0.36110857	0.93827470	-0.02232979	0.02514797	0.00530897
-0.08977540	0.36376507	0.94065583	-0.00875191	0.01325553	0.00694555
-0.10082156	0.35981762	0.93708782	-0.00791625	0.00336003	0.00177954
-0.09280951	0.35540550	0.93450867	-0.00763126	0.00839219	-0.00230896
-0.07863984	0.35639195	0.92818320	-0.00509632	-0.02765151	0.00242206
-0.08454955	0.36874107	0.94195535	-0.00589597	0.01009094	0.00148730
-0.09051936	0.35885546	0.92941531	-0.00180309	-0.00371330	0.00697185
-0.08644035	0.36520989	0.93172415	0.01074631	0.03124887	0.00331069
-0.09781111	0.35922138	0.93434487	-0.00167344	0.02231285	0.00316168
-0.09032151	0.35875946	0.92154108	-0.00175034	-0.00240687	-0.00351713
-0.08446311	0.36166506	0.92780899	0.00183447	-0.02038233	0.00463346
-0.08770967	0.35821327	0.92700466	-0.00147038	-0.00096555	0.00553989
-0.09304305	0.36262301	0.93422869	0.00498555	-0.00038153	-0.00074925
-0.09138752	0.36037080	0.94183939	0.02008741	-0.00185788	-0.00602765
-0.09706467	0.36006991	0.93361579	0.00776467	-0.01672616	0.00190700
-0.09132835	0.35859859	0.93438940	0.02123125	-0.01925044	-0.00168588
-0.08124727	0.35643318	0.93783393	0.01314172	-0.02016195	-0.00440356
-0.08136237	0.35745469	0.93678890	0.02062155	-0.00855861	-0.00098453
-0.08381944	0.36032679	0.94024976	0.01821751	-0.03509567	-0.00109825
-0.08129364	0.36784479	0.94321269	0.02250997	-0.03746818	-0.00258340
-0.08532680	0.36901998	0.92646063	0.02434784	-0.03575447	0.00057104
-0.08881952	0.36785434	0.93109919	0.01531774	-0.04244353	0.00279213
-0.08397098	0.36288608	0.93274982	0.02069661	-0.02232787	0.00589967
-0.08016197	0.36315441	0.93242453	0.01166315	-0.02201672	0.00494151
-0.07301885	0.36913731	0.93232840	0.01477418	-0.05819340	-0.00048435
-0.08789680	0.36498037	0.93849445	0.01080632	-0.06223617	0.00582859
-0.07635841	0.36782872	0.94407400	0.01959972	-0.07284179	0.00163091
-0.07955455	0.36313431	0.94201094	0.01852836	-0.07072031	0.00339018
-0.08173266	0.36452440	0.93204176	0.00287281	-0.06653219	0.00456486
-0.07647169	0.36784103	0.93344549	0.02065366	-0.06688553	0.00130808
-0.08201130	0.35968403	0.93498109	0.01996057	-0.07434933	0.00455753
-0.07874147	0.35985343	0.93831983	0.01472148	-0.05666469	0.00379172
-0.06476514	0.35710925	0.93728221	0.02861971	-0.06239557	0.00248247
-0.06414429	0.35588931	0.93183305	0.02088965	-0.04764833	0.00504173
-0.06841580	0.36043667	0.93345430	0.02042101	-0.04043348	0.00274821
-0.07303485	0.36496818	0.93027001	0.01847288	-0.04370505	0.00196037
-0.07062292	0.36646096	0.93359788	0.02194677	-0.05832377	0.00018625
-0.09007785	0.36899547	0.93497277	0.02750823	-0.04070009	0.00175236
-0.07450269	0.37299771	0.93678061	0.02112925	-0.04732471	0.00208492
-0.07129014	0.36584562	0.93400018	0.02810869	-0.04749016	0.00196863
-0.08050246	0.36515699	0.92350107	0.02909544	-0.06211231	0.00625805
