-0.07504574	0.36136700	0.94438946	-0.00854725	-0.01253301	-0.00534000
-0.07606834	0.36926034	0.93791562	-0.00928619	0.02557032	-0.00665278
-0.07841493	0.36468331	0.92498529	-0.01490724	0.03082158	-0.00709644
-0.08124774	0.37077079	0.93148826	-0.02452502	0.02264650	-0.00899452
-0.08149176	0.36908156	0.93387078	-0.02510210	0.00967782	-0.00744570
-0.07940125	0.36717499	0.93225531	-0.02198643	-0.02169456	-0.00236646
-0.08251422	0.36749673	0.92686372	-0.01371232	0.01332740	-0.00404609
-0.08913873	0.36287959	0.92376067	-0.00169082	-0.01982294	-0.01226765
-0.07775089	0.36345294	0.92596843	-0.01972961	0.01274761	-0.00213363
-0.07931184	0.36508861	0.93634842	-0.01885181	-0.00818868	-0.00512069
-0.07911249	0.36245620	0.93307413	-0.01631190	-0.00429795	0.00075074
-0.08136884	0.36376455	0.92947591	-0.01014005	0.01717401	0.00623110
-0.09017731	0.36168853	0.93131160	0.00778660	0.02957293	0.00573759
-0.08932077	0.36056493	0.93232228	-0.00915550	0.03727846	-0.00029984
-0.09196195	0.36088972	0.93100691	-0.00106577	0.00869425	-0.00833408
-0.09210244	0.36409982	0.93593520	-0.00052566	0.01231586	-0.00336708
-0.08795927	0.36275324	0.93162096	-0.01217017	-0.00370455	-0.00848789
-0.08419350	0.35966513	0.93010111	-0.00587586	0.02512056	-0.00610681
-0.08838138	0.35552968	0.93041921	-0.00220795	0.01587215	-0.01042701
-0.08766338	0.35937619	0.92883341	-0.00144684	0.00800364	-0.00335604
-0.09484248	0.35551147	0.93423086	-0.00784960	0.01609300	-0.00339663
-0.09228876	0.36343768	0.93392494	0.00072748	0.02499541	-0.00749955
-0.08726328	0.36008484	0.93257270	-0.01308660	0.04470751	-0.00473428
-0.09710975	0.36228976	0.93586697	-0.02996470	0.02921328	0.00125134
-0.09249735	0.36079581	0.93978166	-0.00787798	0.00964599	0.00844105
-0.10184141	0.36705023	0.93533717	0.00210701	-0.00133908	0.00345077
-0.10036566	0.36428699	0.93015183	-0.00586207	0.01122714	-0.00592407
-0.08784203	0.36266387	0.93153692	-0.01437794	0.00483013	-0.00295414
-0.09185583	0.35811545	0.93687073	-0.00065533	-0.00031908	-0.00140210
-0.08969461	0.36063882	0.93645390	0.00513256	0.00217618	-0.00097977
-0.08576010	0.35901094	0.93129496	-0.00610786	-0.01123786	0.00108020
-0.09537505	0.36045016	0.92772424	-0.00356405	-0.00130270	0.00181823
-0.09613095	0.35865161	0.92676384	-0.00106288	0.00900135	-0.00499170
-0.08646323	0.36152083	0.92152802	-0.00022727	-0.00145665	0.00056017
-0.08934404	0.35948191	0.93035565	0.00577790	-0.01511840	-0.00187078
-0.09374635	0.36084953	0.93757140	-0.00246176	0.00511834	0.00346867
-0.09315492	0.36165601	0.94477820	0.00924127	-0.00709396	0.00018146
-0.09714417	0.35926616	0.93528067	0.00930872	-0.05161267	-0.00040795
-0.08954497	0.35683265	0.92916158	0.01746613	-0.05651873	0.00212487
-0.09235557	0.35591298	0.93430764	0.01779298	0.01012232	-0.00098592
-0.08074195	0.35027537	0.94347393	0.01881140	-0.00541583	0.00054034
-0.07373242	0.36016975	0.94118456	0.01627259	-0.00976865	-0.00048308
-0.08160625	0.36546897	0.93748132	0.01850671	-0.02136475	-0.00330861
-0.08141622	0.36421252	0.93333443	0.02192477	-0.05779064	-0.00327719
-0.09007591	0.36834960	0.93259120	0.01518840	-0.02164982	0.00427709
-0.08443053	0.36703682	0.93436198	0.02529493	-0.03801358	0.00865669
-0.07937843	0.36710231	0.93281434	0.01256967	-0.06012268	0.00585441
-0.08036916	0.36707003	0.93288651	0.02981525	-0.02721272	0.00294062
-0.07691305	0.36841361	0.93756320	0.01406526	-0.06098695	0.00704990
-0.09304006	0.36382208	0.94479773	0.00082017	-0.05253238	0.00232740
-0.08310484	0.36242640	0.94324232	0.02750384	-0.03075760	0.00431974
-0.08020853	0.36310584	0.93139104	0.02097402	-0.02768892	0.00303556
-0.07885252	0.36762539	0.93467356	0.01249825	-0.04232749	0.00358604
-0.07276313	0.36483235	0.93429410	0.00397200	-0.04975666	0.00498276
-0.08523287	0.36077716	0.93328454	0.01800148	-0.05533118	0.00692192
-0.07242805	0.36284928	0.93769802	0.01350133	-0.04025021	0.00254044
-0.07149934	0.35779426	0.93806950	0.01267483	-0.02917522	0.00642833
-0.06418550	0.35889581	0.93338604	0.03552905	-0.05995070	0.00601254
-0.07125250	0.36633978	0.93135359	0.00689020	-0.05068433	0.00181611
-0.07998916	0.36922990	0.92992463	0.03586224	-0.06181712	0.00310482
-0.06905522	0.36563682	0.93191262	0.01673582	-0.07214281	-0.00118490
-0.07549140	0.36639246	0.93487560	0.00307144	-0.03695701	0.00121890
-0.07239456	0.36636259	0.93122715	0.02469194	-0.06173936	0.00190534
-0.06509844	0.36854139	0.92177919	0.02839892	-0.05515850	0.00802187
-0.08025985	0.36806511	0.93020349	0.03115001	-0.04492176	0.01102461
-0.06555308	0.37445236	0.93133196	0.03157302	-0.06965184	0.00174662
-0.06089269	0.36889040	0.93237714	0.02928384	-0.04610076	0.00214023
-0.06924198	0.36989783	0.93095723	0.03038962	-0.07145658	0.00276398
-0.05776128	0.36251770	0.92722332	0.03187539	-0.07870161	0.00652670
-0.05200101	0.37352210	0.93017710	0.03983073	-0.07110826	0.00308142
-0.05544804	0.37498094	0.93047670	0.03131991	-0.03088074	0.00177778
-0.06373600	0.36955582	0.93268398	0.02618821	-0.05059326	0.00097487
-0.05915690	0.37172503	0.93446808	0.03571744	-0.06398062	0.00530616
-0.05140713	0.36829882	0.93100133	0.03093681	-0.06519795	0.00423689
-0.05573637	0.37183380	0.92409650	0.02366236	-0.03520673	0.00149938
-0.05673527	0.37101145	0.92748959	0.02578018	-0.04086463	0.00060087
-0.05345375	0.37350688	0.92205742	0.02357297	-0.05382079	0.00365620
-0.06511907	0.37458406	0.92606183	0.03368239	-0.04136345	-0.00074942
-0.05825368	0.37472857	0.92766361	0.04316824	-0.04618493	0.00439720
-0.05034387	0.37488624	0.93142692	0.02191011	-0.05320831	0.00840216
-0.06093748	0.37264532	0.93320247	0.02792594	-0.03319089	0.01147043
-0.04673271	0.37968018	0.93322742	0.00960169	-0.02598691	0.00921898
-0.05163181	0.37905942	0.92794832	0.01491003	-0.01475614	0.00970690
-0.05542041	0.37743914	0.92742790	0.00947152	0.00247519	0.00862638
-0.05227866	0.37487041	0.92292496	0.00254155	-0.01177489	0.00083641
-0.05069136	0.37759687	0.92509199	-0.01046392	0.03039608	-0.00244043
-0.04862267	0.37653013	0.92422469	0.00203030	0.01615746	-0.00228982
-0.04376087	0.37183144	0.92975533	-0.02074916	0.04461522	0.00217091
-0.04214322	0.37875346	0.92747445	-0.01050534	0.04929288	-0.00120486
-0.04426866	0.37593357	0.92344380	-0.01748232	0.05493225	0.00194387
-0.05233670	0.37385821	0.92790632	-0.01782405	0.05938893	0.00064123
-0.04915962	0.37647578	0.92534074	-0.01020540	0.03055675	0.00808270
-0.05395588	0.37648630	0.92768642	-0.01619708	0.04756084	0.00234438
-0.06539348	0.37276679	0.92829500	-0.00697661	0.03821618	0.00532452
-0.06986871	0.37592936	0.93625287	-0.03628584	0.03442611	0.00895495
-0.06191805	0.38338865	0.93483033	-0.02151152	0.05762447	0.00527789
-0.05189231	0.37582533	0.92710174	-0.02791236	0.04217900	-0.00147214
-0.06211151	0.37010381	0.93432297	-0.02300086	0.06178252	-0.00201634
-0.05867878	0.38337088	0.92911671	-0.02069047	0.07462945	0.00005163
-0.05332806	0.37344450	0.92577901	-0.03258297	0.04476781	-0.00732941
-0.05002435	0.38003035	0.93039459	-0.02681578	0.06980406	-0.00839807
-0.05212864	0.37382593	0.93582717	-0.02389353	0.06229925	-0.00360472
-0.04930263	0.37379552	0.93486241	-0.02265854	0.05492112	-0.00594813
-0.05085648	0.37413311	0.93097426	-0.02268679	0.08318405	-0.00396738
-0.06037855	0.36692678	0.93072848	-0.01970260	0.07166224	-0.00257556
-0.07049128	0.36423823	0.93200148	-0.02747162	0.05689814	-0.00359593
-0.07109026	0.37300585	0.93267129	-0.01071610	0.07727193	-0.00447505
-0.06843217	0.36677909	0.92979927	-0.00920832	0.05119574	0.00028538
-0.07273661	0.37080601	0.93624371	-0.01804785	0.04911940	0.00628608
-0.06383198	0.37456251	0.93106084	-0.01412762	0.05524302	0.00650749
-0.07290015	0.38015480	0.92834096	-0.02408144	0.01350972	0.00104880
-0.07711832	0.38029208	0.93205697	-0.02881818	0.02209323	-0.00728832
-0.07820383	0.37607366	0.92564735	-0.02721086	0.03807266	-0.00299446
-0.07643023	0.37903674	0.93156332	-0.02686163	0.01616523	-0.00180572
-0.07481936	0.37026302	0.92654309	-0.02458189	0.03526062	-0.00287260
-0.07976545	0.36833966	0.93031915	-0.02216115	0.03036087	0.00003639
-0.07286384	0.37097730	0.93215427	-0.02759413	0.03487944	0.00147026
-0.06220545	0.36593708	0.93468205	-0.03598772	0.02309415	0.00273858
-0.07654996	0.35959719	0.94114914	-0.01997362	0.06133226	0.00155252
-0.07985074	0.35512043	0.94086604	-0.01133494	0.06455268	0.00019493
-0.07821961	0.35874689	0.94257805	-0.00580383	0.08899949	-0.00050001
-0.07486451	0.35671582	0.93627966	-0.00926285	0.04916130	0.00271883
-0.07833504	0.36381414	0.93460297	-0.00853089	0.03846444	0.00536429
-0.08110095	0.36925891	0.93355124	-0.01276602	0.01879887	-0.00255005
-0.08038733	0.36311241	0.92590118	-0.02394766	0.02644909	-0.00393525
-0.09162475	0.36678242	0.92723698	-0.01461584	-0.00782827	0.00229835
-0.08834435	0.36711148	0.92874789	-0.03289375	0.01927760	0.00260963
-0.08299991	0.36378887	0.93479481	-0.02991344	0.00575646	0.00574730
