1.47436797	-0.15850066	-0.48003371	0.52081438	-0.23506541	-0.05855604
1.42707304	-0.36705285	-0.40173600	0.58399627	0.74827740	-0.32506579
1.40460060	-0.03697160	-0.46410277	0.34820372	0.37354671	-0.33563274
0.99159032	0.05189710	-0.36079268	-0.20403016	-0.33127127	-0.22610394
1.33416115	0.05082443	-0.42931918	0.06905827	-0.84063671	-0.58267270
1.02960306	-0.07508087	-0.56998375	-0.24459694	-0.11805520	-0.71713536
0.78693690	-0.01390979	-0.75483328	-0.59149571	0.14632376	-0.69914750
0.80674617	-0.03036145	-0.83040529	-1.01739480	-0.73909773	-0.64314219
1.05062314	-0.17857731	-0.61231936	-1.03906951	-0.30005764	-0.24085900
1.16510423	-0.23765322	-0.69411306	-0.61902340	0.29845101	0.08781947
1.21644807	-0.21024001	-0.55311756	-0.38471143	-0.08087147	0.02174118
1.09813783	-0.10413664	-0.39943729	-0.59829447	0.87276968	0.72608203
0.92103826	0.17120435	-0.54834414	-0.36535311	1.56048763	0.67903836
0.78903376	-0.27606013	-0.47178051	-0.26057712	0.48762978	0.85772233
0.48096838	0.22385442	-0.30610094	-0.67970410	-0.23800363	0.92677256
0.50265526	0.30987163	-0.17769598	-0.71181883	0.54038503	0.88529968
0.57132638	0.10486661	-0.28277801	-1.22605545	-0.25149484	1.38291785
0.64659834	-0.12136242	-0.08030799	-0.83663544	-0.05013651	0.63091737
0.53749076	-0.28356478	-0.22058560	-0.65363045	-0.13425489	0.73506042
0.60233348	-0.37819215	-0.20178167	-0.66103844	-0.08239080	0.72380031
0.90339752	-0.60115882	-0.15647047	-0.62316805	0.11701850	0.43106376
0.67554656	-0.22574183	0.07135147	-0.66723921	-0.05165903	0.03320249
0.78911008	-0.42390747	0.00501319	-0.76073834	-0.39593628	-0.04556696
0.96579658	-0.50704838	0.03081757	-0.16300838	-1.09077491	-0.10191458
0.97694464	-0.32781053	-0.00811520	0.31260988	-0.16059617	0.11644717
0.78883641	-0.19159021	-0.30133678	0.06286560	-0.81188539	0.18269769
1.33652545	-0.25499491	-0.42256508	-0.31214449	-0.38508561	0.47410297
1.40045690	-0.21120796	-0.45792581	-0.37222931	-0.28302782	0.05108159
1.56284823	0.08569339	-0.48099015	-0.58570396	0.17677737	0.47030213
1.49823050	-0.02357753	-0.05348338	-0.59269124	0.65894740	0.55396170
1.19014908	-0.33089204	-0.10903010	-0.30451701	0.37237978	0.77687885
1.15293990	-0.60863810	-0.43069051	0.03662211	-0.03049885	0.49772591
1.12872651	-1.01350121	-0.51665317	0.56430002	-0.41199836	0.38800627
1.07333216	-1.12231495	-0.79490641	1.15889984	0.78406194	0.31055576
1.23137314	-0.60085712	-0.86857412	0.99804282	1.39372206	0.01343180
1.06947832	-0.16759632	-0.61840403	0.39884418	1.35632658	0.18469463
0.79750255	0.14556315	-0.32600298	0.83019186	0.62616165	-0.69924046
0.89887566	0.05580785	-0.25747731	0.73879672	0.07663993	-0.53623324
0.55048156	-0.11701018	-0.29315054	-0.34025883	-0.56193549	-0.63163712
0.89812911	-0.07092386	-0.34779234	-0.02742225	-1.13074867	-0.59040166
0.66717982	-0.41551513	-0.23873888	0.62517177	-1.05140946	-1.17068326
0.83758308	-0.74761913	-0.38021357	0.76504469	-0.33371938	-0.52956405
0.67309476	-0.23493107	-0.21546862	0.86425309	0.05112557	-1.41953912
0.84387512	-0.40745021	-0.26105301	0.69227703	0.33284489	-1.06484775
0.67165302	0.06870924	-0.22673500	0.73259690	0.01649157	-0.81378894
0.37682686	0.26148796	-0.20692047	0.82719767	-0.16919779	-0.31394154
0.64150743	0.08741771	-0.29017930	0.49366866	-0.73526096	0.02952534
0.64502512	0.16035514	-0.06608854	0.28825117	-0.84018878	0.21432705
0.71374252	0.44801012	-0.19557105	0.13190299	-1.10215056	0.19664245
0.75974692	0.30711354	-0.20880582	0.29275500	-0.66790318	0.47623892
0.89359882	0.32560820	-0.28714924	0.62943160	-0.04387366	0.25730377
1.13231748	0.11169497	-0.22895016	-0.10012466	-0.59506951	-0.02761951
1.56978590	-0.18962615	-0.57020311	0.05899449	0.09666636	-0.01826733
1.70244845	-0.36941345	-0.57293057	0.29338834	0.13849732	-0.36517533
1.34242586	-0.00328859	-0.41308747	0.58888771	0.45513371	0.13008131
1.37286357	0.09689184	-0.20275309	0.26220767	0.17722823	-0.75182621
1.34771633	0.06611466	-0.51018323	0.20436736	-0.23558347	-0.19418200
1.33905089	-0.10023638	-0.60499837	0.06081920	-0.19029768	-0.04859421
1.02531445	0.07369150	-0.92658410	-0.62571985	0.02101768	-0.32706349
0.75061269	0.00542718	-0.77330166	-0.76849807	-0.45899423	-0.16253311
0.73473558	-0.14031967	-0.64541429	-0.82137807	-0.12286565	-0.30450862
0.94208134	-0.12700596	-0.53481971	-0.98949672	-0.06850681	-0.11144863
1.24686430	-0.05644861	-0.61371629	-0.51107820	0.63031941	0.19320416
1.04600449	-0.39368116	-0.37414646	-0.60798564	0.78874693	0.56021915
1.13888776	-0.27269601	-0.51531650	-0.55859139	0.84550612	0.30165196
0.94536629	0.09993370	-0.44755443	0.14983235	1.28458471	0.38501152
0.82320082	0.01492846	-0.26221321	0.00800711	0.57784647	0.87866256
0.54012997	-0.01537454	-0.36848199	-0.86670265	0.17569864	0.98242751
0.69090377	0.02280865	-0.22800137	-1.13947366	0.26197421	1.40460206
0.92411790	-0.04758119	-0.30207990	-1.59105435	0.19025771	0.96701524
0.72561297	-0.08443809	-0.10880000	-1.26072157	0.00832263	0.95579251
0.65105873	-0.13337114	-0.29249060	-1.49457607	-0.13635613	0.59471489
0.66894202	-0.38808988	-0.26749668	-1.06487747	0.14165111	0.27958704
0.45111681	-0.35581689	-0.05454644	-0.77997517	-0.41546825	0.14649705
0.73859047	-0.20837984	0.00439532	-0.88357118	-1.13436681	-0.36451891
0.89756356	-0.47476925	-0.11199913	-0.06997522	-1.39282190	-0.09635490
0.94443145	-0.05800133	-0.17576994	-0.20017951	-0.91919302	-0.55557751
0.95687173	-0.38902440	-0.07753048	0.49435862	0.36358408	-0.22191078
1.16424059	-0.43705192	-0.26558066	-0.28360685	-0.40187933	-0.28291741
1.28115402	0.02161366	-0.42420910	-0.46726491	-0.26359248	-0.28970617
1.33203409	0.08335884	-0.56579428	-0.23227178	0.61281187	0.28285054
1.50665330	-0.30324358	-0.29983239	-0.55023231	-0.17741663	0.51084305
1.60926297	-0.17090608	-0.06333241	0.08639363	0.28799920	0.49875743
1.38390616	-0.04332669	-0.26862778	-0.14097112	0.52436287	0.20588184
1.24625897	-0.54948712	-0.65683032	-0.16559173	0.41037851	0.24344492
1.06991931	-0.30871850	-0.72381044	0.77155156	0.08365512	0.15229728
1.04781923	-0.76401892	-0.68638664	0.89370541	0.29616264	0.56769477
0.97047490	-0.54346768	-0.73644309	0.73953734	1.20053727	0.16492389
0.79117543	-0.37301423	-0.40902146	0.59895936	1.10106238	-0.39142965
0.89500325	0.07863559	-0.53113914	0.31904909	0.08202184	-1.17012230
0.98825059	-0.00319807	-0.34777957	0.48068486	0.48025234	-0.53110797
0.83028503	0.22205475	-0.21755779	0.30582201	-0.69272388	-1.46165924
0.73367191	-0.30822910	-0.27797079	0.34499029	-0.73835939	-1.00672411
0.88505655	-0.29941142	-0.46857807	1.28506661	-0.67963881	-1.08687829
0.74124732	-0.41299533	-0.30473676	1.16165281	-0.79258466	-1.11692811
0.81326427	-0.30825871	-0.18349739	1.23770560	-0.48372965	-0.86764909
0.65562421	0.00749069	-0.29714894	1.14908070	0.00095287	-0.97931854
0.46439571	0.18180279	-0.48177647	1.00708858	0.35529062	-0.56779073
0.70948319	0.43798614	-0.22728645	0.71441462	-0.72941954	-0.10796251
0.80994914	0.34229865	-0.27154582	0.65374386	-0.48847183	0.48120930
0.83352591	0.25363319	-0.18359032	0.23095029	-0.41951619	0.36064324
0.83389591	0.15308639	-0.02258771	0.18456949	-0.63546796	0.24094279
1.31143788	0.12553115	-0.10576146	0.47814785	-0.72586082	0.34810920
1.05603431	0.25883802	-0.27783207	-0.01504444	-0.23419849	0.34278082
0.92081196	-0.03294610	-0.26679775	-0.20844561	0.01238902	0.31768557
1.22935923	0.03786966	-0.52924834	0.29740905	-0.14978781	-0.09832207
1.44902465	-0.21046408	-0.28295152	0.47712906	0.32647136	-0.07744471
1.27778922	-0.11317554	-0.33496800	0.28092471	-0.29633154	-0.36754521
1.28022522	0.01763366	-0.30746385	0.62337990	-0.21886733	-0.32413645
1.35991594	-0.02782224	-0.41571033	0.18927721	-0.04280650	-0.43729000
1.24149558	-0.05049714	-0.58109228	-0.45343995	0.11129843	-0.33469848
1.01261635	-0.13123253	-0.79293964	0.11944292	0.36691891	0.06605626
0.83790957	0.14527705	-0.74722038	-0.61225511	-0.31536947	-0.40282385
0.86093698	-0.09252862	-0.53509629	-0.92249232	0.05302146	-0.44416562
0.76644699	-0.12817259	-0.68909860	-0.83947902	-0.36902684	-0.22589696
1.09015368	-0.57185809	-0.45930503	-0.07594894	-0.41636980	0.14762733
1.41512489	-0.22627088	-0.34217197	0.25113435	0.85342185	0.06297398
0.99992178	-0.21787260	-0.44554359	-0.08421939	1.54923083	0.53437001
0.76180497	-0.19402291	-0.34888695	-0.09354405	0.80124712	0.30321214
0.77538731	0.01892379	-0.20406543	-0.69339910	0.65171969	0.84878268
0.80216830	-0.09713839	-0.27529494	-0.63584962	-0.24084598	0.68275215
0.70033551	0.12612012	-0.40849812	-0.72070458	-0.04327007	1.16229951
0.90268430	-0.07835183	-0.33132400	-0.75241268	0.29738839	1.18000994
0.66046500	-0.13381027	-0.18569009	-1.01462905	0.10837654	0.66146819
0.65762769	-0.25914032	-0.21817698	-0.55848941	0.37285123	0.63297812
0.76231888	-0.24257018	-0.30045201	-0.62481258	0.24709162	0.22305116
0.62645100	-0.36147880	-0.01928689	-0.41936811	0.13063740	0.12041843
0.69648732	-0.18642225	-0.17834053	-0.50203607	-0.26647104	0.05659887
