0.72310830	0.09149642	-0.16761859	-0.68211389	0.56292976	0.58455740
0.56326242	0.34535231	-0.24139880	-0.51343540	1.18193488	0.82024736
0.57907609	-0.21695297	-0.18940616	-0.60269207	0.06667981	1.02203676
0.38402714	0.13285994	-0.29327074	-0.97536700	-0.42500271	0.58571129
0.44945899	-0.10510937	-0.02748645	-0.54509003	-0.03861275	0.40481032
0.67356971	-0.47909605	0.13737509	0.01781373	-0.18564417	0.54412899
0.47934777	-0.38101787	-0.03903368	-0.30496416	-0.50457884	0.06605623
0.84026058	-0.24586621	-0.02933791	-0.05104258	-0.54026225	0.13065836
0.77874104	-0.00197160	-0.03981636	-0.56630818	-0.87200542	-0.10556242
1.00079420	-0.16103884	-0.46126703	-0.11638497	0.35466927	0.24523967
1.05921152	-0.24245371	-0.33517732	-0.23489700	-0.16422271	0.30247376
1.35483656	-0.17721431	-0.09903159	-0.07333209	-0.08041423	0.11665456
0.99764404	-0.29412794	-0.39395930	-0.69243268	-0.66768145	0.26878724
1.15868404	-0.08284440	-0.34775701	-0.20042625	-0.08135056	0.03656128
1.76116507	-0.10073399	-0.31980164	-0.28574887	0.18877668	-0.03287696
1.67865949	-0.05579863	-0.18416682	-0.96804616	0.32559310	0.44204367
1.18398969	-0.13754487	-0.06766339	-0.29889433	0.32246823	0.67515240
1.12542429	-0.36254025	-0.50709264	0.06372901	-0.66416268	0.25596232
1.08647168	-0.82611350	-0.86798410	0.29980173	-0.60357394	-0.13849028
1.10742519	-0.81888386	-1.02389954	0.76978417	1.58937068	0.30252161
0.97800423	-0.60688053	-0.79579035	0.69254053	2.49792277	-0.05890122
0.89397848	-0.23496327	-0.54855030	0.32456025	2.19763202	-0.65675382
0.81318437	-0.02277629	-0.31069464	0.11695845	1.06354163	-1.19332062
0.76423133	-0.17426591	-0.09227931	0.25470413	-0.25038371	-0.65907639
0.97085194	-0.34103911	-0.35364449	-0.10127817	-1.25108603	-0.57740249
0.76745902	-0.30925182	-0.16542945	0.27681099	-1.59405264	-0.78417387
0.99175970	-0.38537136	-0.11716102	0.34403619	-1.01341322	-0.84951844
0.81119802	-0.41457857	-0.29426379	0.77932757	-0.60691768	-0.75477970
0.66987945	-0.43585132	-0.32085447	0.61860760	-0.27060330	-1.05159888
0.65282324	-0.06109385	-0.21366922	0.51662015	0.04803070	-1.23262476
0.56247953	0.07067681	-0.32466401	1.26319198	0.90437573	-0.70150456
0.51292033	0.15257173	-0.20262048	0.92981693	-0.25031567	-0.45276750
0.62358641	0.44985815	-0.12731917	0.83067944	-0.86918208	0.15726741
0.67790499	0.16497588	-0.28350851	0.82243210	-0.83518734	0.10147665
0.86257943	0.17525843	-0.34683512	0.99915986	-0.71570419	0.51794889
1.02536832	0.06190220	-0.34239559	0.67641873	-0.84141872	0.42721273
1.20512005	0.00265625	-0.23660247	0.47962434	-0.89908457	0.38523381
1.13584916	-0.00619973	-0.28836652	0.20717009	-0.90510153	0.43757641
1.35767061	-0.11113635	-0.30686205	0.61451908	0.06026228	0.10998272
1.46128260	-0.33745437	-0.58946999	0.45100134	0.40192878	-0.05624984
1.53770502	-0.19195168	-0.35721286	0.73004150	1.10407063	-0.63580731
1.44511056	-0.03376113	-0.18487056	0.76409870	0.39590132	-0.97299515
1.27674729	-0.09473373	-0.27153524	0.47177958	-0.57977014	-0.62091325
1.45331299	0.03677511	-0.36108750	0.08361129	-0.33349779	-0.58147663
0.81994037	-0.22062204	-0.75041113	-0.40145637	-0.04367003	-0.63351660
0.91585365	-0.32805929	-0.83999396	-0.50453414	-0.42970369	-0.56454710
0.95491188	0.30215173	-0.51218305	-0.89342209	-0.04628031	-0.09025567
0.99173226	-0.07282015	-0.48934585	-0.64099000	0.42218418	0.23133557
1.14215666	-0.21865010	-0.64836431	-0.41233955	-0.02032025	0.13976679
1.17938247	-0.44695192	-0.60442824	-0.03938929	0.31167688	0.45618106
1.06801627	-0.48123033	-0.38475494	0.15720778	0.90704191	0.60938172
1.13338888	-0.12407095	-0.43134460	-0.14093362	0.80806093	0.52588438
0.56795632	0.06683455	-0.17647359	-1.19907451	0.90412471	1.03377836
0.58639733	-0.08758253	-0.39001604	-0.32783130	0.44045175	0.65721251
0.35002921	0.04689085	-0.23190488	-0.81200210	-0.23039710	1.25319119
0.53816569	0.18423229	-0.34420216	-0.55086884	-0.80858510	0.88280941
0.52000559	-0.14916289	-0.39743167	-0.84611649	-0.94360528	0.96766795
0.78363707	-0.42718399	-0.10319952	-0.33517081	0.62339939	0.49614203
0.59385774	-0.60672180	-0.00434548	-0.41860143	-0.45666837	0.29026779
0.82810634	-0.26722535	-0.31731948	-0.02112082	0.28703855	-0.47846892
0.64676550	-0.24421233	-0.04530884	-0.48845155	0.21094834	-0.10851917
1.06142234	-0.04053577	0.04644609	-0.41706574	-0.63639429	0.05715945
0.80415462	-0.12728126	-0.14686255	-0.04863672	0.33371961	-0.20239774
1.24245786	-0.19130013	-0.18752665	-0.45784623	-0.44570886	0.46729563
1.32500300	-0.17459138	-0.39549084	-0.64174347	-0.36774273	0.30929343
1.72889033	-0.33236991	-0.55174843	-0.33090368	0.35931652	-0.06094067
1.51040033	-0.08153327	-0.23109019	-0.97746120	1.02890444	0.77078451
1.44999525	-0.06188094	-0.23876356	-1.10713474	0.93025407	0.33383569
1.25086919	-0.38584768	-0.32595218	-0.30907199	0.50189368	0.48778685
1.14047726	-0.61820398	-0.43722256	0.01586897	-0.32593809	0.57541762
0.94909714	-0.82660297	-0.73865537	0.59426796	-0.53020277	0.35303823
1.02972115	-0.74296323	-0.90098357	1.11217128	1.32546021	0.28532315
0.86891551	-0.77792436	-1.01905913	0.39311286	2.10283118	-0.04864158
0.87848059	-0.10170648	-0.41921436	-0.38822368	1.36436542	-0.33495441
1.14603497	0.12071884	-0.45556272	-0.14399171	0.81594832	-0.89284873
0.94277941	0.22903955	-0.16987147	0.06087265	-0.49133007	-0.91321509
0.78950480	0.23720427	-0.17781673	0.00068060	-1.37549571	-1.16757359
0.65726112	-0.15045699	-0.06710863	0.19754922	-1.19289128	-1.01233986
0.74610941	-0.42635691	-0.16025972	0.88863364	-0.85322076	-1.10742054
0.69934779	-0.49109118	-0.32677250	0.67393559	-0.66942947	-0.84245048
0.71760401	-0.26205988	-0.55508239	1.21779761	0.07313830	-0.79725435
0.81969951	-0.13672916	-0.24833684	1.72447317	0.11373989	-0.80334870
0.57412199	-0.13489543	-0.27262071	0.86068495	-0.35633623	-0.19649126
0.41601690	0.29283289	-0.29193193	1.00376833	-0.69795569	0.07647758
0.63864582	-0.08578408	-0.33063087	0.58894969	-1.09907556	0.11261049
0.85178580	0.19362961	-0.40367653	0.33988505	-0.68911956	0.43119090
1.16006283	0.05330577	-0.23571131	-0.02848562	-0.64509335	0.37786538
0.90012456	0.22005833	-0.32132615	0.19587043	-1.32562773	0.31703007
0.87087296	0.06599553	-0.38993964	0.31655639	-0.68987207	0.23322870
1.49424790	-0.30570245	-0.33885770	0.01353306	0.01886983	0.20789488
1.58366391	-0.14398213	-0.34888445	0.23024566	0.54559390	-0.11862871
1.22753194	-0.26971200	-0.27826754	0.33490889	0.46256689	-0.14585457
1.45968710	0.64269468	-0.54096341	0.55409264	0.38149966	-0.39542473
1.25982337	0.25226295	-0.31830396	0.23264599	-0.11531251	-0.29343143
1.12843779	-0.08642715	-0.58768474	0.43009660	-0.22538230	0.09555568
1.10209180	-0.10107936	-0.70697099	-0.45864459	-0.26131215	-0.33802325
0.85883709	0.09975598	-0.88411955	-0.78827602	-0.09029340	-0.71489113
1.03703479	-0.06413963	-0.83169104	-1.21174163	-0.34591217	-0.45361760
1.35683860	-0.24274996	-0.68188660	-1.18728060	-0.06702899	-0.14898347
1.32259862	-0.29541636	-0.59874068	-0.94540345	0.58700784	0.24290127
1.16409222	-0.42744239	-0.46827226	-0.87328486	0.72309143	0.78321415
1.16664654	-0.33029420	-0.51951665	-0.69213902	1.38157055	0.93607326
1.20512641	-0.47462014	-0.36170306	-0.35711281	1.66617427	0.82614564
0.77440945	-0.13095905	-0.02254169	-0.58850077	0.54292441	0.67930944
0.65546132	-0.00239092	-0.34175198	-0.73748960	0.45743341	0.55328900
0.41862769	-0.03963889	-0.21778734	-1.16932188	0.26391149	0.84121962
0.49631572	-0.03025463	-0.19483155	-0.99560397	-0.71184293	1.03199454
0.48415523	0.11598253	-0.29815924	-1.06343243	-0.14825709	0.45841392
0.60103157	-0.37806052	-0.20675449	-0.96023530	-0.30441189	0.84752140
0.72302123	-0.50272935	0.01192295	-0.82329916	0.21787901	0.45877325
0.68965654	-0.30939991	0.03317295	-0.55694399	0.23283075	0.44952242
0.72563974	-0.33931407	-0.08949764	-0.34187977	-0.20426525	-0.41147742
0.63896310	-0.37525207	-0.25446957	-0.18845720	-0.30034137	-0.00151395
0.58960409	-0.39805695	0.05327745	-0.22058013	-0.25787644	-0.51291778
0.58155553	-0.30470500	-0.00924924	-0.25078400	-0.88710316	-0.08156720
0.88949875	0.07407438	-0.38410530	-0.03353521	-0.74832203	0.04420024
1.25949015	-0.22734627	-0.42424725	-0.01441997	0.18102318	-0.48557599
1.46460537	-0.26359757	-0.73311843	-0.25859903	-0.52703025	0.17813590
1.70712080	-0.32762643	-0.43130682	-0.46740275	0.42597441	0.16398751
1.63712974	0.13399776	-0.07906989	-0.22780532	0.70362521	0.35421298
1.42657296	-0.09471046	-0.04748585	-0.57685864	0.00864892	0.07363099
1.22396255	-0.63259806	-0.26275784	-0.05965618	0.20243983	0.44935701
1.00971887	-0.87270693	-0.63339391	1.07321352	-0.51139203	0.11272594
1.26497792	-0.99662178	-1.02548478	1.20002708	0.24669201	0.63004392
1.13910516	-0.79956551	-0.91907850	0.77752610	1.17422876	0.06349809
1.21651483	-0.95379131	-0.80508557	0.51563289	1.13626625	-0.63539525
0.84246272	-0.46027449	-0.44342219	0.01763728	1.15170378	-1.26281305
0.66842256	0.33386137	-0.21388903	0.21665999	0.48783770	-0.71863216
