0.99831471	-0.14025368	0.21252675	-0.00527331	0.00123739	0.00116573
0.99936203	-0.14676805	0.21678115	0.00164990	0.00399731	0.00448408
0.99962437	-0.14937934	0.21994191	-0.00494001	0.00012867	0.00552316
0.99946724	-0.14763762	0.21734217	-0.00282722	-0.00300089	0.00077012
0.99888003	-0.14094901	0.21487247	-0.00650605	0.00018880	0.00243631
0.99549831	-0.14164551	0.22142913	-0.00379140	0.00964699	0.00507964
0.99841213	-0.14999783	0.21614588	-0.00795126	0.00639111	0.00800633
0.99944947	-0.14990319	0.21176225	-0.00901557	0.00235153	0.01262893
1.00149194	-0.15685130	0.21270731	-0.00748043	0.00336926	0.01086339
0.99948765	-0.15059567	0.22012538	-0.01223171	0.00307979	0.00734769
0.99851385	-0.15218556	0.22372716	-0.00273432	0.00512746	0.00465425
1.00106867	-0.15396975	0.22174053	-0.00103754	0.00608389	0.00316028
0.99666106	-0.15492540	0.20966777	-0.00028996	0.00163551	0.00199561
0.99744792	-0.15386267	0.21159236	0.01015010	0.00670535	0.00694841
0.99853021	-0.14686900	0.20498702	0.00078349	0.00285035	0.00190507
0.99738021	-0.14533769	0.20543584	-0.00181663	0.00345291	0.00907643
0.99915270	-0.14711970	0.20628069	0.00648945	0.00441554	0.00771667
0.99825971	-0.14624590	0.21273566	-0.00484977	0.00463144	0.00313852
0.99743395	-0.15676217	0.21429527	0.00778462	0.00014771	0.00666231
0.99484811	-0.15487345	0.22200304	0.00119068	-0.00546372	0.00525510
0.99834933	-0.15203415	0.21225223	0.00403883	-0.00117474	0.00184068
1.00082792	-0.15325541	0.21607577	0.01688325	0.00575368	0.00730546
0.99953606	-0.15280795	0.21981277	0.00890345	0.00034393	0.00698849
0.99876027	-0.15867482	0.21769099	0.02518874	0.00285362	0.00626983
0.99719707	-0.15492269	0.22105972	0.02173197	0.00271154	0.00308658
0.99806057	-0.14977432	0.22191687	0.01454858	0.00215686	0.00433859
0.99781807	-0.15329166	0.21339698	0.01627759	0.00325730	0.00800447
0.99788009	-0.14693619	0.21503510	0.02128387	0.00537372	0.01087608
1.00022627	-0.14670042	0.21700716	0.03157687	0.00407892	0.01268269
0.99979227	-0.14500131	0.21658456	0.02248539	0.00330715	0.01431681
1.00369534	-0.15039005	0.21587672	0.01261379	0.00231528	0.01387039
1.00043344	-0.14898801	0.22121754	0.00640283	0.00021789	0.00429046
0.99675993	-0.14989303	0.22535491	0.00749084	-0.00282580	0.00581421
0.99392560	-0.14779257	0.22228401	0.01046193	-0.00078552	0.00700656
0.99306153	-0.14283533	0.21610210	0.00620269	-0.00310929	0.02061196
0.99508276	-0.15220289	0.21478932	0.00071456	-0.00317466	0.01850765
0.99786890	-0.14342763	0.21376461	0.00071884	0.00027747	0.01417002
0.99603724	-0.14679477	0.21184043	0.00051258	0.00015933	0.01193487
0.99827967	-0.14542707	0.21275582	-0.00049179	0.00299312	0.01510943
0.99872991	-0.14204274	0.21357870	0.00088210	0.00389237	0.00768131
0.99881574	-0.15017223	0.21661474	-0.01324369	0.01023423	0.00106560
1.00122302	-0.15904588	0.21829543	-0.00088582	0.00998581	0.00186859
1.00332937	-0.14807517	0.21995203	0.01093992	0.01107360	-0.00088100
0.99947894	-0.14718665	0.21693349	0.00012906	0.00336641	0.00113420
1.00005102	-0.14429413	0.22351520	-0.00549484	0.00410309	0.00003707
0.99922580	-0.14028540	0.22007098	-0.00511374	0.00583124	-0.00225815
0.99617031	-0.14958986	0.21774012	-0.00410427	0.00677643	-0.00265760
0.99416795	-0.14857009	0.21831076	-0.00193489	0.00736673	0.00108128
0.99508887	-0.14989428	0.21246276	-0.00123102	0.00349118	0.00330416
0.99618803	-0.14712726	0.21392268	0.01276219	0.00263617	0.00124314
0.99816358	-0.15175304	0.21535822	0.00143333	0.00054371	0.00815568
0.99895292	-0.15060231	0.21533798	0.00360644	-0.00470152	0.00865200
0.99834141	-0.15272089	0.21031863	0.00395036	0.00082840	0.00995214
0.99742169	-0.15133052	0.22010090	0.00724742	0.00276170	0.00364438
0.99663871	-0.15448670	0.21285065	0.01031468	0.00655611	0.00848499
0.99485499	-0.15164334	0.21733864	0.00533112	0.00781380	0.00718850
0.99396073	-0.15164987	0.22059048	0.00329855	0.00033531	0.00788737
0.99626835	-0.14322193	0.22556990	0.00842867	-0.00098666	0.00500315
0.99915868	-0.15137092	0.22419504	0.01452607	-0.00136135	0.00417884
1.00082433	-0.14070094	0.21897683	0.02015167	-0.00245212	0.00193588
1.00037941	-0.14862761	0.22413132	0.02489192	0.00053880	0.00197485
0.99598048	-0.15164679	0.22601565	0.01594461	0.00174133	0.00628664
0.99725069	-0.15586114	0.22925772	0.01637343	0.00448677	-0.00425954
0.99558546	-0.14896150	0.22085773	0.00817736	0.00529911	0.00451787
0.99392579	-0.15021951	0.21844079	0.00976968	0.00311851	0.01041066
0.99450347	-0.14950101	0.21856028	0.02222469	-0.00085395	0.01169125
0.99395134	-0.15449113	0.21779151	0.00927062	-0.00192084	0.00853219
0.99523140	-0.15394398	0.22713849	0.00808993	-0.00167804	0.00300501
0.99711385	-0.15003392	0.22230752	0.00692841	0.00181498	0.00682585
0.99504183	-0.14854801	0.22074409	0.00904028	-0.00083318	0.00428753
1.00050613	-0.15788111	0.22173435	0.00727227	-0.00503751	0.01509171
1.00211085	-0.15155829	0.21881869	0.00973315	0.00098786	0.01431562
0.99830770	-0.14632433	0.21265651	0.01112834	-0.00213688	0.00871900
0.99893823	-0.15098292	0.21330978	-0.00190636	-0.00120893	0.00511151
0.99889172	-0.14619808	0.21152417	0.00271548	-0.00003446	0.00495530
0.99670002	-0.15007479	0.21888731	-0.00005141	-0.00291651	-0.00159745
0.99526440	-0.14752925	0.21739653	0.00066288	0.00019462	0.00224540
0.99479672	-0.15120649	0.22401014	0.00122317	-0.00205593	0.00629408
0.99516297	-0.15470622	0.21926539	0.00649893	-0.00199986	0.00846859
0.99234141	-0.16011757	0.21550119	-0.00016885	-0.00159434	0.01119523
0.99748244	-0.15191818	0.22023728	0.00693900	-0.00170251	0.00902629
1.00382193	-0.14932260	0.22385662	-0.01293010	0.00195159	0.01052972
0.99680932	-0.15291318	0.22282481	-0.00588310	-0.00032477	0.00902453
0.99377321	-0.15131764	0.22255963	-0.00473529	0.00473788	0.00246941
0.99606326	-0.14773194	0.22499034	0.00186368	0.00039749	0.00349636
0.99545767	-0.15119038	0.23225302	-0.00457840	-0.00311100	0.00191944
0.99619008	-0.15907348	0.22673998	-0.00350794	-0.00246086	0.00708085
0.99445899	-0.15456187	0.22832302	-0.00336673	-0.00482538	0.00809533
0.99751203	-0.16137962	0.22785743	-0.00307271	-0.00277407	0.00783226
0.99599338	-0.15308522	0.21971206	-0.00210469	0.00100895	0.01057326
0.99737084	-0.15918527	0.21487419	0.00240435	0.00160773	0.00854950
0.99925276	-0.15888380	0.21598230	-0.00205355	-0.00167039	0.00841447
0.99825345	-0.15597409	0.21535597	0.00234511	0.00286143	0.00978421
1.00033326	-0.15627738	0.21601230	0.00160884	-0.00180358	0.00622307
1.00049690	-0.16221370	0.21926330	0.01650798	-0.00661937	0.00291159
0.99938797	-0.16057394	0.21852727	0.01776817	-0.00381861	0.00991059
0.99809222	-0.16403680	0.21986615	0.02067060	-0.00441061	0.00781504
0.99527317	-0.16287125	0.21518426	0.01786546	-0.00058531	0.01199094
0.99388091	-0.15408179	0.21808072	0.02247524	-0.00335592	0.00550597
0.99118565	-0.15615438	0.21661662	0.01210268	-0.00483178	0.00384821
0.99658763	-0.14971195	0.21700942	0.01306982	-0.00746246	0.00579829
0.99421965	-0.15591662	0.21933473	0.02407690	-0.00506455	0.00568022
0.99426037	-0.15279623	0.21339392	0.02305653	-0.00375118	0.00952564
0.99612924	-0.15775569	0.21397269	0.01885023	0.00004787	0.00267225
0.99575350	-0.15659242	0.21852833	0.02080200	-0.00060353	0.00682724
0.99623227	-0.15613106	0.22220096	0.01609638	-0.00514677	0.00519208
0.99691750	-0.15709077	0.22137603	0.00845001	-0.00388076	0.01640059
0.99706126	-0.15850436	0.22081428	0.01271188	-0.00505802	0.01385782
0.99752726	-0.16291203	0.22292226	0.00557303	-0.00820601	0.00747934
0.99548085	-0.15652308	0.22444665	0.00640487	-0.00472084	0.00850111
0.99585621	-0.15732722	0.22386035	0.00442077	-0.00305248	0.01348937
0.99364817	-0.15958276	0.21515515	0.00902380	-0.00481210	0.01606106
0.99325570	-0.15258313	0.20793623	0.01029080	-0.00737676	0.00608827
0.99582564	-0.15566697	0.21527205	0.00991727	-0.00663047	0.00718848
0.99513730	-0.15445121	0.21611663	-0.00546845	-0.01012977	0.00542825
0.99687607	-0.15638642	0.22512128	-0.00402470	-0.00885004	0.00091308
1.00098315	-0.16293946	0.22579600	-0.00392288	-0.00597957	0.00323787
0.99933035	-0.16961278	0.22425217	0.00285845	-0.00654239	0.00029417
0.99497049	-0.16864477	0.21488585	-0.01142831	-0.00563494	0.00431851
0.99306771	-0.16147754	0.21207998	-0.01180716	-0.00935683	0.00411955
0.99432451	-0.16694561	0.21299945	-0.01091657	-0.00875887	0.00505356
0.99760149	-0.16029168	0.21684668	-0.00495385	-0.00666640	0.00216288
1.00021609	-0.16324624	0.21891822	-0.01188322	-0.00191267	0.00347215
0.99943674	-0.15941655	0.22079061	-0.01282621	-0.00454473	-0.00192938
1.00043881	-0.15605782	0.22644034	-0.02033808	-0.00262909	0.00503200
0.99959783	-0.15683569	0.22577355	-0.02149494	-0.00598768	-0.00499797
0.99826865	-0.15747879	0.21918410	-0.00841227	-0.01003823	-0.00886280
1.00124929	-0.15331769	0.21537534	-0.02033768	-0.00748280	-0.00696878
