1.01194220	-0.13399696	0.15706806	0.00004788	-0.00538947	0.00110645
1.01551076	-0.14130555	0.15225486	-0.01342588	-0.00140917	0.01065151
1.01453763	-0.14898203	0.15571597	-0.00734574	0.00746586	0.00899435
1.01218825	-0.14355597	0.16067044	-0.00682152	0.00757624	0.00270421
1.01227496	-0.14397988	0.16283496	-0.00837811	0.00147781	-0.00368712
1.00992532	-0.14745778	0.15382004	-0.00765310	-0.00204352	-0.00798904
1.00741997	-0.14241810	0.15884711	-0.00665860	-0.00121624	-0.00352112
1.00955155	-0.14684458	0.15798769	-0.00593657	0.00063571	0.00540732
1.01043034	-0.14490428	0.15223704	-0.00527507	0.00466765	0.00272545
1.01215266	-0.14439510	0.15777702	-0.00541474	0.00525595	0.00309929
1.01236242	-0.14932551	0.15966456	-0.00920240	0.00257435	0.00067451
1.01038588	-0.14310288	0.16725247	-0.00096450	0.00586673	-0.00111739
1.01106423	-0.14259808	0.16098414	-0.00091126	-0.00024326	0.00081627
1.00938723	-0.14378824	0.15534934	-0.00282731	0.00084176	0.00154164
1.01095139	-0.14060284	0.15436873	0.00692126	-0.00179333	0.00453990
1.01125711	-0.14049345	0.15336131	0.00459542	-0.00347242	0.00572533
1.01017344	-0.13768189	0.15842052	0.00322905	0.00284432	0.01062959
1.00774380	-0.14366001	0.15895211	0.00264070	0.00170016	0.00887714
1.00700225	-0.14331355	0.15554508	0.00022062	-0.00315190	0.00526492
1.01014167	-0.14132229	0.14469490	0.00461723	-0.00556273	0.00808103
1.01341613	-0.13359720	0.14380032	-0.00020375	-0.00175859	0.00280582
1.01257532	-0.13802442	0.14622317	0.00514349	0.00613652	-0.00273312
1.00895255	-0.14198780	0.15428599	-0.00220233	0.00369519	0.00405343
1.01121457	-0.14438440	0.15337572	-0.00021543	0.00301192	-0.00062051
1.01086195	-0.14116132	0.15435443	-0.00151110	-0.00623968	0.00619512
1.00915445	-0.13955892	0.15499310	-0.00250672	-0.00732775	0.00256101
1.00817621	-0.13935715	0.14954159	-0.00181483	-0.00252554	0.00270538
1.00866591	-0.13987254	0.14935514	0.00106502	0.00337752	0.00074383
1.00804923	-0.13520789	0.15712874	0.00269774	0.00178572	0.00174132
1.01181960	-0.13618078	0.15656733	0.00454651	-0.00325982	0.00012257
1.00902336	-0.13815258	0.16177089	0.01117795	0.00240060	-0.00073181
1.01058915	-0.14087848	0.15685337	0.00938146	0.00213081	-0.00337985
1.01015014	-0.14099915	0.15106258	0.00403483	0.00057088	-0.00655984
1.00612946	-0.14137113	0.15451268	0.01157630	-0.00034639	-0.00761278
1.00622097	-0.14012722	0.15536512	0.00186455	-0.00031039	-0.00027943
1.00827575	-0.13713789	0.15052938	0.00533316	0.00028879	0.00813116
1.01103003	-0.13410532	0.15377701	0.00250316	-0.00109394	0.00432843
1.00927100	-0.13387865	0.15756741	-0.00037196	-0.00144106	-0.00098380
1.01045656	-0.13780242	0.15460369	-0.01149294	-0.00137108	0.00840056
1.01270220	-0.13826006	0.14598968	-0.00490682	-0.00199753	0.00495411
1.01555367	-0.14150792	0.15487714	-0.01059202	0.00067156	0.00031612
1.01724749	-0.14183552	0.15133069	0.00750687	-0.00156200	-0.00185963
1.01070307	-0.13719962	0.15737096	-0.00400151	0.00579213	-0.00172667
1.00761242	-0.14041350	0.15424026	-0.00570850	0.00271351	-0.00423962
1.00914534	-0.13918069	0.15185165	-0.00505088	-0.00050415	-0.00701986
1.00930983	-0.13658059	0.15495579	-0.00275730	-0.00670084	-0.00242471
1.00819785	-0.13933268	0.15670874	-0.00094969	-0.00004727	0.00223755
1.00929744	-0.13849614	0.15375038	-0.00281584	0.00906156	0.00366352
1.00979715	-0.14159496	0.15626811	-0.00402455	0.00572298	0.00241553
1.00993742	-0.13878003	0.15697738	-0.00418836	0.00429895	0.00505316
1.01067638	-0.13819819	0.15733384	-0.00318663	0.00035469	0.00766755
1.00932780	-0.13943337	0.15723481	-0.00136850	-0.00467055	0.01061873
1.00865808	-0.14156239	0.15739380	-0.00153191	-0.00482120	0.00731610
1.00998276	-0.13909802	0.15297988	-0.00233036	0.00248822	0.00863574
1.00957883	-0.14013205	0.15189604	0.00293468	0.00297201	0.00604035
1.00939071	-0.13764496	0.15313697	-0.00171021	0.00312007	0.00017974
1.00957450	-0.13995590	0.15364490	-0.00169838	0.00285582	0.00033672
1.00887823	-0.13534834	0.15238154	0.00055934	-0.00199066	-0.00043807
1.00872078	-0.13070492	0.15269664	0.00147349	-0.00096325	-0.00270380
1.00609932	-0.13474235	0.15237265	-0.00305713	0.00288809	0.00468847
1.00567524	-0.13576014	0.15102109	-0.00209044	0.00200905	0.00792045
1.00616117	-0.13822559	0.14986642	0.00134884	0.00041797	0.00363976
1.00894109	-0.14238203	0.14754494	0.00639906	0.00091690	0.00973420
1.01191604	-0.13859088	0.14620658	0.00488830	0.00315314	0.00459969
1.00992839	-0.14116525	0.14824575	0.00849846	-0.00279771	0.00418773
1.01492354	-0.13347239	0.14508279	0.00041650	-0.00299692	0.01086616
1.01517086	-0.13440637	0.14948188	0.00063565	-0.00191965	0.01458221
1.01307937	-0.13620670	0.15245071	-0.00276369	-0.00390049	0.00805958
1.01344971	-0.14107297	0.15388057	-0.00411020	-0.00436433	0.00746432
1.01205093	-0.13932068	0.16523196	0.00181973	-0.00965107	0.00850599
1.01211794	-0.14605853	0.16196862	0.00081890	-0.00546405	-0.00287603
1.01140017	-0.14451507	0.15647604	0.00006500	0.00518765	0.00014027
1.01307906	-0.14523948	0.16007654	-0.00035456	0.00695528	-0.00092625
1.00843311	-0.14601816	0.15539572	0.00355999	0.00361914	0.00810292
1.00728371	-0.13766188	0.15376666	0.00672204	0.00089008	0.00616688
1.00670087	-0.13805594	0.16047181	0.00435827	-0.00605694	0.00616587
1.00917638	-0.14314339	0.15621765	-0.00311393	-0.00362835	0.00409003
1.01225653	-0.14676605	0.15101243	0.00634916	-0.00571080	0.00448612
1.01211318	-0.14520687	0.15169641	0.00492969	-0.00600951	0.00415167
1.00975490	-0.13879665	0.14943317	0.00597309	-0.00092534	0.00037505
1.01457679	-0.14371116	0.14900073	-0.00020937	0.00036712	0.00462966
1.01186846	-0.14238680	0.15144465	0.00479524	0.00251417	0.00159254
1.01254740	-0.14189960	0.15118399	0.00535518	-0.00044281	0.00641067
1.01319412	-0.13801115	0.15156488	0.00343542	0.00147067	0.01255170
1.01005976	-0.13985085	0.15289733	0.00833004	0.00121073	0.00512391
1.00783597	-0.14172312	0.15070288	0.00546018	-0.00065658	-0.00490958
1.01065864	-0.14553191	0.15401994	0.00840018	-0.00061491	0.00472448
1.00879308	-0.14242636	0.14856356	-0.00261152	-0.00484136	0.00487483
1.00915267	-0.13608760	0.14718298	0.00289939	-0.00541736	0.00012442
1.00911794	-0.13170742	0.15214452	-0.00286260	-0.00515331	-0.00226837
1.01263310	-0.13183916	0.15024674	0.00172050	-0.00432459	0.00046396
1.01393530	-0.13267950	0.14925530	-0.00651156	-0.00139766	-0.00052785
1.01248661	-0.13668777	0.15285495	-0.00166151	-0.00266005	-0.00026324
1.01101750	-0.14154307	0.16024642	-0.01052670	-0.00467232	0.00556252
1.00953345	-0.14509747	0.16125375	-0.01004220	-0.00149590	0.00028290
1.00425848	-0.14838449	0.15351700	-0.01268793	-0.00198593	-0.00181390
1.00513271	-0.14088804	0.14978763	-0.00945747	-0.00012805	0.00034249
1.00771382	-0.13651976	0.14584158	-0.00129047	-0.00213753	0.00135848
1.00717457	-0.13913381	0.14124949	-0.00926733	0.00029134	0.00085571
1.00711578	-0.13697016	0.14665616	-0.01057464	0.00065207	-0.00475445
1.00916597	-0.14058730	0.14417902	0.00307337	0.00056102	0.00349932
1.00928794	-0.14121446	0.14306846	-0.00079473	-0.00034050	-0.00126627
1.01266715	-0.13765035	0.14662617	0.00397441	0.00002850	0.00359977
1.01278982	-0.13370564	0.15211059	-0.00150332	-0.00068670	0.00384141
1.01301302	-0.13770941	0.15152279	-0.00416959	-0.00066814	0.00226293
1.01193589	-0.13704491	0.14937554	-0.00403295	-0.00495914	-0.00059055
1.01421524	-0.14300168	0.15419879	0.00763616	-0.00410616	-0.00513387
1.00988290	-0.14459233	0.15418958	0.00707353	-0.00465993	-0.00751084
1.01042576	-0.14312945	0.15266266	0.00842451	-0.00174669	-0.00511070
1.01108627	-0.14097095	0.14954677	0.00956074	-0.00009291	-0.00941304
1.01359009	-0.13857353	0.15414325	0.00716169	0.00274866	-0.00616881
1.01323681	-0.13873500	0.15285894	0.00656969	0.00426139	-0.00685386
1.01034998	-0.13927081	0.15629771	0.00977107	-0.00186181	-0.00480932
1.00988087	-0.14035733	0.15240275	0.01244447	-0.00586424	-0.00435456
1.00873845	-0.14162438	0.15221480	0.01380577	-0.00321574	-0.00279375
1.01042792	-0.14221204	0.15106882	0.00559990	0.00245919	-0.00735056
1.01303783	-0.14230538	0.15267522	0.01364866	-0.00536102	0.00133523
1.01583384	-0.14086818	0.15331847	0.01376771	-0.00390738	0.00129122
1.01559741	-0.13767810	0.15100001	0.01119794	-0.00783070	0.00154397
1.01495292	-0.13287775	0.15082293	0.00640441	-0.00395057	-0.00271327
1.01237866	-0.13263125	0.15159101	-0.01192259	0.00128036	-0.00047422
1.01014911	-0.13291836	0.14884490	-0.00574628	0.00302847	-0.00282492
1.01173293	-0.12813321	0.15362700	-0.00005877	0.00394178	0.00178017
1.01197920	-0.13143308	0.15372472	-0.01440199	0.00402070	0.00019509
1.01028437	-0.13147533	0.15678223	-0.00479937	0.00256335	0.00209750
1.01134423	-0.13400043	0.15548997	-0.01398049	-0.00121497	-0.00009564
1.01124092	-0.13688717	0.15702381	-0.01742422	-0.00256788	-0.00131887
1.01252718	-0.13771786	0.15570431	-0.01491937	-0.00066914	-0.00300883
