1.01253381	-0.14124173	0.15574733	-0.00751303	-0.00075504	0.00291995
1.01016134	-0.13152927	0.16116539	-0.00840250	-0.00275254	-0.00623043
1.00759781	-0.13627486	0.16172276	-0.01166470	0.00044850	-0.00962261
1.00831300	-0.13297830	0.16087001	-0.01513590	0.00195400	-0.00433013
1.01075149	-0.13572628	0.15736206	-0.01420582	0.00034180	-0.00043005
1.01145203	-0.14323863	0.15686584	-0.01400031	0.00284139	-0.00482486
1.01207008	-0.14300358	0.14871261	-0.01208783	0.00699760	-0.00677494
1.01279740	-0.14132243	0.14963638	-0.00723785	0.01219343	-0.00096994
1.01364661	-0.13222940	0.15832143	-0.00897859	0.00828640	0.00104357
1.01366909	-0.13527740	0.15376312	-0.00302366	0.00406539	0.00568889
1.01255975	-0.14227576	0.15782294	-0.00212390	0.00589704	0.00377868
1.01179814	-0.12932974	0.16008827	0.00471570	0.00411191	0.00311161
1.01449016	-0.13555781	0.15327292	0.01378883	-0.00041048	-0.00358488
1.01268861	-0.13116695	0.14337298	0.00944652	-0.00101552	-0.00213422
1.01199065	-0.13035855	0.14968428	0.00279929	0.00387475	0.00960290
1.01015320	-0.13222389	0.15228479	0.00310682	-0.00148805	0.00480326
1.01077197	-0.12622360	0.14976380	-0.00245781	-0.00304879	0.00473589
1.01058181	-0.13771221	0.15262593	0.00653193	0.00033346	0.00547646
1.01271023	-0.13602273	0.16234369	0.00038178	-0.00156818	0.00440474
1.01610645	-0.13322189	0.16082806	0.01030965	0.00302188	0.00056961
1.01359131	-0.13654474	0.15522850	0.00232202	0.00062394	0.01185378
1.01149612	-0.12928068	0.14988790	0.00078457	0.00117079	0.00846265
1.01332941	-0.13491283	0.14774212	0.00542176	0.00285598	0.00533731
1.01652946	-0.13600304	0.14694877	-0.00379582	0.00486658	0.01141714
1.01482230	-0.13934924	0.15293870	0.00234366	0.00513560	0.00585572
1.01344494	-0.13854103	0.15448038	0.00871056	-0.00156202	0.00444273
1.01120144	-0.13419340	0.14754451	0.00053461	-0.00226063	0.00975869
1.00820071	-0.13635183	0.14727541	-0.01201221	-0.00178743	0.00880156
1.01309839	-0.13469941	0.15013662	-0.01945457	0.00101245	0.01028177
1.01452830	-0.13840467	0.15205493	-0.00832953	-0.00473301	0.01565892
1.01592248	-0.14172400	0.15025697	-0.00714584	-0.00190053	0.01575090
1.01310331	-0.13505811	0.14782634	0.00081748	0.00595606	0.01048761
1.01287686	-0.13986914	0.15266200	0.00045123	0.00118713	0.00847126
1.01365469	-0.13829841	0.15068272	-0.00556530	0.00219886	0.00573524
1.01276393	-0.13424508	0.15170024	-0.00144964	0.00210992	0.00917252
1.01230299	-0.13685458	0.16250336	-0.00078303	-0.00355692	0.01084778
1.01159754	-0.13562841	0.15507649	-0.00314968	-0.00010603	0.00851319
1.01082635	-0.13406790	0.15128622	0.00194931	-0.00098952	0.00879721
1.01065862	-0.13114847	0.15383040	0.01036065	-0.00016107	0.01051058
1.01013543	-0.12849755	0.14980907	0.00876269	-0.00117901	0.00583147
1.00943020	-0.13076429	0.15122999	0.00612454	-0.00188473	0.00781650
1.00896866	-0.12984757	0.15230403	-0.00157819	0.00184779	0.00987336
1.01046904	-0.13091469	0.15284381	-0.00167863	0.00133471	0.00683384
1.00914455	-0.13817642	0.15118462	0.00225973	0.00040208	0.00086304
1.01103429	-0.14161133	0.15435450	0.00829536	-0.00093529	-0.00293890
1.01235874	-0.14470546	0.15580409	-0.00271094	0.00244492	0.00282093
1.01294238	-0.13500695	0.15143175	0.00293529	0.00361600	0.00047052
1.01161919	-0.13928626	0.14965476	0.00865250	-0.00085299	0.00513811
1.01302349	-0.13684556	0.15049710	-0.00390521	0.00171734	0.00681134
1.01504376	-0.13624644	0.14891231	-0.00304760	0.00304175	0.00378749
1.01507182	-0.14321705	0.14615945	-0.00337464	0.00277935	0.00713401
1.01173614	-0.14199272	0.15131520	-0.00033899	-0.00239288	0.01025808
1.01105872	-0.14214515	0.15244000	0.00269799	-0.00426937	0.01328190
1.00986883	-0.14268214	0.15403752	0.00502981	-0.00586062	0.01200691
1.01166604	-0.13604225	0.15326110	0.00260679	-0.00820797	0.00928440
1.01149028	-0.13390154	0.15152024	-0.00099407	0.00074661	0.01044540
1.01068658	-0.13260578	0.14521142	0.00190408	0.00228646	0.00877270
1.00970178	-0.13761267	0.14686399	0.00216173	0.00425847	0.00826812
1.01115386	-0.14041493	0.13925583	-0.00234455	0.00196921	0.00947049
1.00754128	-0.13929556	0.15008757	0.00025366	0.00048431	0.00589757
1.00533303	-0.14181578	0.15221484	0.00092273	-0.00131253	0.00939892
1.00931570	-0.13900777	0.15673938	0.00447119	0.00003578	0.00406599
1.01019683	-0.13741223	0.15096640	0.00191139	-0.00188515	0.00791450
1.00858394	-0.13467353	0.15415442	-0.00202535	-0.00196072	0.00708570
1.00836502	-0.14279014	0.16146215	-0.00323819	-0.00181779	0.00983705
1.01036962	-0.13855841	0.15571472	-0.00038233	-0.00185803	0.01228503
1.00984241	-0.14295893	0.15930100	0.00148407	0.00131666	0.01485118
1.01237674	-0.14336210	0.15898547	-0.00654667	-0.00103531	0.01422899
1.01128590	-0.14290205	0.15592647	-0.00235696	-0.00730379	0.01002388
1.01131005	-0.14552674	0.15473095	0.00366639	-0.00199120	0.01161159
1.01337082	-0.14729386	0.16013671	0.00442987	-0.00121343	0.01217107
1.01353316	-0.14538879	0.15581116	0.00059592	0.00275972	0.00914641
1.01127018	-0.14136861	0.15672690	-0.00040061	0.00044412	0.00532759
1.01332227	-0.13979943	0.15706755	0.00504797	0.00072730	0.01203795
1.01092346	-0.14349474	0.14830724	0.00737203	0.00050145	0.00653163
1.01036197	-0.14392615	0.14283631	-0.00239014	-0.00308050	0.00485079
1.01202810	-0.14055557	0.14812890	-0.00099106	-0.00331093	0.01022457
1.01181337	-0.13884799	0.15399982	0.00123758	-0.00399583	0.01577569
1.00997997	-0.14350228	0.15129176	0.00179904	-0.00168482	0.00768527
1.01041599	-0.14525134	0.14488803	0.00420447	0.00218200	0.00335450
1.01116931	-0.14954690	0.14615311	-0.00067179	-0.00165510	0.00302903
1.00872228	-0.15173073	0.14218474	0.00566261	-0.00169563	0.00480604
1.00857116	-0.14628536	0.14682913	0.00868569	-0.00756368	0.00724395
1.01011721	-0.14230526	0.14726063	0.00887681	-0.00333230	0.00373622
1.00942745	-0.14675079	0.14943620	-0.00078338	-0.00105488	0.00301559
1.00909360	-0.14213917	0.14990059	0.00843531	-0.00304284	0.00079381
1.01007301	-0.14129749	0.14726955	0.00091145	-0.00491303	-0.00058536
1.00898966	-0.14612370	0.15138679	0.00177006	-0.00125503	0.01038548
1.00926989	-0.14443426	0.14819776	0.01259199	-0.00298292	0.01069283
1.01138311	-0.14692734	0.14829968	0.00213586	-0.00276844	0.00980306
1.01265688	-0.14816683	0.14635367	0.00230270	-0.00254628	0.00536760
1.01450368	-0.14704749	0.14875734	0.00633138	-0.00398629	0.01236403
1.01284881	-0.14500285	0.14871916	0.00903223	-0.00319713	0.00668727
1.01315861	-0.14244470	0.15005551	0.00841328	-0.00413616	0.00169680
1.01365003	-0.14795984	0.14855954	0.00332673	-0.00937405	0.00369077
1.01296283	-0.14620582	0.14534572	0.00685365	-0.00883770	0.00347259
1.01345896	-0.14054339	0.14749823	0.00351776	-0.00270671	0.00405285
1.01312695	-0.14735345	0.15569051	-0.00789035	-0.00149130	0.00987981
1.01022813	-0.14761198	0.15783182	-0.01473927	-0.00066352	0.00045742
1.00949829	-0.14451692	0.15241603	-0.01539099	-0.00028023	-0.00506653
1.01078169	-0.15142990	0.14625607	-0.01422216	0.00174186	-0.00708980
1.01050865	-0.15228867	0.14808349	-0.01174998	0.00081453	-0.00332478
1.01111909	-0.15513617	0.15294672	-0.00668290	0.00263669	-0.00529259
1.00967466	-0.15240164	0.14663326	-0.00748373	-0.00242089	-0.00723039
1.01419923	-0.14759491	0.14902336	-0.00587854	0.00109943	0.00562690
1.00991879	-0.14826461	0.14468746	-0.00139294	-0.00084440	0.01147632
1.01093615	-0.14860862	0.14821647	0.00245303	-0.00082591	0.00732435
1.01186629	-0.15227054	0.14657117	0.00425760	-0.00312902	0.00522547
1.01395698	-0.15054495	0.14523354	0.00846631	-0.00332384	0.00129554
1.00999763	-0.14617878	0.15302286	0.00425572	-0.00059893	-0.00176434
1.00856773	-0.14210376	0.15601631	-0.00000950	-0.00562489	-0.00285078
1.00980966	-0.14572527	0.15629288	0.00171454	-0.00204590	0.00293171
1.00898187	-0.13971782	0.15174168	-0.00356440	-0.00155844	0.00218016
1.00981659	-0.14169173	0.15704697	0.00795954	0.00026350	-0.00015599
1.01112957	-0.14448240	0.15834617	0.00713118	-0.00174978	-0.00118174
1.01322243	-0.14611058	0.15529882	0.00332383	0.00013445	-0.00250394
1.01088930	-0.15063354	0.15634833	-0.00448987	-0.00008598	-0.00441742
1.01026312	-0.14825238	0.15267812	-0.00615652	-0.00076567	-0.00292197
1.01015283	-0.14998640	0.14889430	-0.00802263	-0.00047346	0.00155091
1.00790460	-0.14511730	0.15202172	0.00006004	0.00082635	0.00233515
1.00807262	-0.15055352	0.14637216	-0.00206698	0.00031564	-0.00271572
1.01094723	-0.14841495	0.15028412	-0.00001864	-0.00069855	-0.00449101
1.01353965	-0.14765368	0.13994314	-0.01082957	0.00098149	0.00358879
1.01454614	-0.14933882	0.14423992	-0.00664928	0.00178084	0.00064427
1.01172413	-0.15755458	0.14747429	-0.00578222	0.00508750	-0.00303294
1.01501182	-0.15313671	0.14607538	-0.00406482	0.00224539	-0.01195118
1.01350612	-0.15069848	0.14947911	-0.00859826	-0.00207373	-0.00106874
1.01071722	-0.14932251	0.15483207	-0.00745331	-0.00355129	-0.00362758
