0.91655966	0.35729675	0.23869419	0.00532647	-0.01135321	-0.00238822
0.91699319	0.35518169	0.24156464	0.00390552	-0.01453125	-0.00540743
0.91563686	0.35389466	0.23854854	0.00027080	-0.01342906	-0.00262056
0.91661817	0.35546887	0.23278635	-0.00151026	-0.00655988	0.00056556
0.91580024	0.35500708	0.23095212	0.00101176	-0.00242710	-0.00035891
0.91328003	0.35290739	0.23375110	0.00133091	-0.00386508	0.00057469
0.91551616	0.35766577	0.22798757	-0.00032333	-0.00565625	-0.00625676
0.91390431	0.35346021	0.23222264	-0.00136581	0.00173535	-0.00919769
0.91473761	0.34828322	0.23089999	-0.00296846	0.00160679	-0.00490893
0.91467385	0.34571003	0.23029460	-0.00142563	-0.00020602	-0.00497690
0.91149991	0.34904493	0.22819563	-0.00102853	-0.00210030	-0.00482353
0.91364319	0.35634468	0.23172615	-0.00019077	-0.00066984	-0.00631932
0.91496798	0.35420893	0.23909510	-0.00133496	-0.00133088	-0.00490530
0.91676612	0.34965539	0.23665097	-0.00203207	-0.00102852	-0.00777045
0.91480325	0.35088341	0.23830486	-0.00176742	-0.00393769	-0.00830738
0.91454962	0.34472989	0.24831463	0.00172916	-0.00226544	-0.00452146
0.91585887	0.35205713	0.24713684	0.00289695	0.00015192	-0.00360587
0.91860677	0.35682037	0.23526561	0.00317221	-0.00042401	-0.00126573
0.91754471	0.35288025	0.23258617	0.00309335	0.00495406	-0.00681811
0.91678757	0.35230392	0.22968118	0.00537813	-0.00354160	-0.00440158
0.91777278	0.35203508	0.24078142	0.00444792	-0.00309369	-0.00384128
0.91647913	0.35030587	0.23443087	0.00287394	-0.00073438	-0.00566487
0.91602573	0.34874892	0.23567505	0.00450164	0.00039658	0.00121811
0.91294912	0.34982457	0.24381595	0.00353717	0.00296889	-0.00048216
0.91386973	0.35264975	0.24345351	0.00424460	-0.00040368	-0.00771612
0.91570765	0.35376506	0.23993826	0.00245696	0.00166563	-0.00576369
0.91553989	0.35442727	0.23707813	0.00162738	0.00127077	-0.00239202
0.91574530	0.35321192	0.23823941	0.00014751	-0.00063407	-0.00134670
0.91608744	0.34974974	0.23751022	-0.00105012	0.00016541	-0.00441253
0.91529785	0.35378978	0.23169998	-0.00145680	-0.00046104	-0.00303554
0.91517432	0.35289883	0.23349795	-0.00328182	0.00305546	-0.00132013
0.91427362	0.34974757	0.23303635	-0.00288851	-0.00178246	-0.00158211
0.91399835	0.35358023	0.23571577	-0.00216123	0.00125602	-0.00061388
0.91664457	0.35870072	0.23388424	-0.00335895	0.00028438	-0.00791122
0.91656286	0.35626991	0.23403454	-0.00168433	0.00106577	-0.00878902
0.91612250	0.35301665	0.22932403	-0.00284777	0.00124111	-0.00403507
0.91758006	0.35049668	0.23004132	-0.00365786	0.00263040	-0.00362869
0.91849829	0.35079525	0.23233417	-0.00126353	0.00008705	0.00215213
0.91512495	0.35495323	0.23964833	-0.00198659	0.00443105	0.00215786
0.91586586	0.35253382	0.23307602	0.00193906	-0.00104615	-0.00010367
0.91513227	0.34977994	0.23109720	0.00021239	0.00065382	0.00287341
0.91180057	0.35245547	0.23234852	0.00242725	-0.00239892	-0.00113427
0.91380021	0.35011760	0.23314838	0.00142193	-0.00514750	-0.00481988
0.91407334	0.35361622	0.23467850	0.00369178	-0.00133416	-0.00206677
0.91643745	0.35399031	0.24014954	0.00387477	-0.00315256	0.00227759
0.91813128	0.35324589	0.23482442	0.00254572	-0.00635528	0.00486792
0.91828282	0.35331721	0.23444325	0.00386631	-0.00547890	-0.00002496
0.91675836	0.35028785	0.23273238	0.00498930	-0.00755687	-0.00929815
0.91688453	0.35028111	0.23561449	0.00360389	-0.00349557	-0.00607458
0.91733252	0.35269922	0.23310046	0.00346284	-0.00047158	-0.00610077
0.91787123	0.35565680	0.23481874	0.00273630	0.00380838	0.00285652
0.91639313	0.35770438	0.22953940	0.00063177	-0.00301595	0.00192036
0.91478487	0.35239157	0.22963858	0.00130451	-0.00671999	-0.00021158
0.91429992	0.34862743	0.23340189	-0.00148842	-0.00866363	-0.00166850
0.91315303	0.35348184	0.23193807	-0.00538757	-0.00397049	-0.00476808
0.91408215	0.35533136	0.23594196	-0.00187829	-0.00685260	-0.00598132
0.91837487	0.35468275	0.23458620	-0.00084183	-0.00049420	-0.00072466
0.91563301	0.34916625	0.24157379	-0.00115265	-0.00067192	-0.00531412
0.91539748	0.35177927	0.23742493	0.00008864	0.00264422	0.00143460
0.91622816	0.34897521	0.23887518	0.00096128	0.00165860	-0.00183247
0.91258902	0.35036751	0.23666782	0.00450462	-0.00116868	0.00094587
0.91370814	0.35131679	0.23310694	0.00178769	-0.00117247	0.00424894
0.91455577	0.34845816	0.23550401	-0.00100586	0.00063520	-0.00014657
0.91646463	0.34919926	0.23396682	0.00029716	0.00342336	-0.00397282
0.91723998	0.34791943	0.23416737	-0.00088269	0.00486741	-0.00586081
0.91727397	0.34943107	0.23630380	-0.00399466	0.00639139	-0.00475307
0.91502427	0.35364159	0.23541573	-0.00319523	0.00284412	-0.00117042
0.91796074	0.35317292	0.23595916	-0.00139037	0.00471267	-0.00080778
0.91554545	0.34805540	0.23005418	0.00019835	0.00415481	-0.00127528
0.91546210	0.34873025	0.22743247	0.00215470	0.00499425	-0.00045562
0.91481960	0.35361084	0.22769890	0.00042919	0.00427328	-0.00004209
0.91314000	0.35265877	0.23674905	-0.00079018	0.00026352	-0.00097567
0.91364178	0.35228670	0.24099427	-0.00301852	0.00701857	-0.00058423
0.91349033	0.35264870	0.23950931	-0.00173038	0.00228044	0.00296836
0.91295050	0.35213582	0.23786385	0.00216413	0.00035221	0.00546265
0.91169023	0.35547387	0.23726601	0.00428722	0.00279568	0.00065091
0.91043903	0.35518337	0.23730068	0.00461631	0.00677743	0.00267086
0.91150506	0.35292834	0.23345958	0.00315812	0.00572656	0.00042868
0.91246602	0.34779845	0.23784818	0.00367954	0.00406012	0.00107901
0.91215618	0.35114867	0.23971524	0.00363031	0.00108808	0.00039135
0.91430316	0.35177375	0.23665312	0.00274612	0.00277456	0.00068307
0.91592196	0.35117510	0.23551024	-0.00078614	0.00349735	0.00036839
0.91380074	0.35079367	0.23520327	0.00190927	0.00330270	-0.00498550
0.91319864	0.35174114	0.23524265	0.00110011	-0.00082289	-0.00086546
0.91335709	0.34889539	0.23824774	0.00284587	-0.00053767	0.00062134
0.91467550	0.35176938	0.24509075	-0.00013535	-0.00094520	0.00241898
0.91430929	0.35203710	0.24430577	0.00002978	0.00513706	0.00519346
0.91766244	0.35316390	0.23777363	0.00008812	0.00466461	0.00849839
0.91482912	0.35277491	0.23732719	0.00350899	-0.00351469	0.00281924
0.91226046	0.35152141	0.23753828	-0.00033593	-0.00636404	0.00270474
0.91423965	0.35703369	0.23912570	0.00140917	0.00459644	0.00505135
0.91364647	0.35437178	0.23360606	0.00164489	0.00187722	0.00315549
0.91298005	0.35585618	0.23263387	-0.00069576	-0.00040740	0.00226760
0.91475029	0.35326428	0.23372733	0.00292452	-0.00000249	0.00197424
0.91542065	0.35041635	0.23748253	0.00546394	-0.00267018	-0.00258285
0.91717839	0.35214072	0.23840525	0.00381864	-0.00075128	-0.00117959
0.91857966	0.35063114	0.23922900	0.00365734	-0.00129742	-0.00062979
0.91456173	0.35126913	0.24039665	0.00067134	0.00496551	-0.00209770
0.91357441	0.35237440	0.24165741	0.00074218	0.00610380	0.00279377
0.91171810	0.34984057	0.23500179	0.00234970	-0.00563795	0.00364832
0.91301228	0.35442371	0.23553683	0.00163682	-0.00013817	0.00225372
0.91497524	0.35853915	0.23060003	0.00376832	0.00165080	0.00187880
0.91421671	0.35600993	0.23149060	-0.00006945	0.00358380	0.00782078
0.91289206	0.34920016	0.22891889	-0.00388109	0.00321025	0.00418073
0.91458261	0.35070955	0.23203538	0.00014210	-0.00304432	0.00435203
0.91170571	0.35042888	0.23826664	0.00404994	-0.00239879	0.00856600
0.91382446	0.35089074	0.24010368	0.00247037	0.00247716	0.00627327
0.91636473	0.34691990	0.24229063	0.00082177	0.00639972	0.00244010
0.91569259	0.34810461	0.23891860	0.00055410	0.00091324	-0.00128251
0.91633652	0.34639902	0.23354192	-0.00030528	-0.00362204	0.00311140
0.91407494	0.35085899	0.23625498	-0.00280087	-0.00125596	0.00090048
0.91499370	0.34801649	0.23401923	-0.00171574	-0.00664333	0.00242615
0.91659892	0.34900876	0.23570962	-0.00179094	-0.00661639	0.00191632
0.91735217	0.34766557	0.23039049	0.00023094	-0.00394077	-0.00152034
0.91553071	0.34901845	0.23065597	0.00425486	-0.00743943	-0.00486067
0.91630823	0.34846666	0.23716524	0.00458272	-0.01192217	-0.00094514
0.91756638	0.35001078	0.23775169	0.00419262	-0.00813975	-0.00138396
0.91717971	0.34735250	0.23845950	0.00212169	-0.00661747	-0.00696359
0.91511931	0.34929176	0.23365329	0.00271974	-0.00315663	-0.00632490
0.91061165	0.35080885	0.23113969	0.00318198	0.00078545	-0.00638021
0.91400709	0.34816229	0.23397399	0.00019376	-0.00067657	-0.00642966
0.91454603	0.35222787	0.23620911	0.00089670	-0.00222739	-0.00573226
0.91607374	0.35170416	0.23590490	0.00213994	-0.00235057	-0.00546040
0.91588313	0.34992627	0.23931784	0.00424621	-0.00050987	-0.00527081
0.91447061	0.34609520	0.23041102	0.00185122	-0.00080217	-0.00251904
0.91305810	0.34670542	0.22884399	-0.00073968	-0.00269599	-0.00195660
0.91445143	0.34599056	0.22704161	0.00008694	0.00031193	-0.00355260
0.91356536	0.34960793	0.23393025	-0.00223580	-0.00335615	-0.00026887
