0.82630612	-0.05147087	0.02833235	0.24993962	-0.26182565	0.57336113
0.98920833	-0.09329846	0.09458553	0.12935971	0.10156946	0.38336233
0.92798008	-0.15068589	0.04857896	-0.09850561	0.13222618	0.60949650
1.07343542	-0.01847846	0.06693384	-0.00218891	0.25772968	0.66396842
0.92910288	-0.11991242	0.01745836	0.14805644	-0.00776599	0.44082304
0.99122512	-0.07463907	0.04045046	0.22504973	0.29962401	0.15099371
1.14138078	-0.32820822	0.14461021	0.25045164	0.37670326	0.13114313
1.19163569	-0.26051833	0.12422850	0.15014782	0.01441841	0.10527910
0.95378341	-0.24629023	0.15198698	0.05992325	0.23555763	0.17757212
1.13615672	-0.07676931	0.21548120	0.07893195	-0.19095263	0.14417061
1.09649323	-0.02811719	0.14514144	-0.11386870	-0.49924669	-0.21332369
1.13405434	-0.00126165	0.13159797	0.20862568	0.03169754	0.14844386
1.31358364	-0.19647574	0.14414871	0.27175517	0.18101244	-0.04106637
1.29322697	-0.26649913	0.04980622	0.23123138	0.14533549	-0.15853855
1.16784868	-0.37463751	0.15887932	0.06080450	0.19664671	-0.63979740
1.03210649	-0.43602645	0.11695357	-0.26480921	-0.47941665	-0.87989169
0.88181314	-0.44961651	0.11799490	-0.11682525	-0.38390679	-0.85548465
1.05468452	-0.49706171	0.18244686	-0.09287088	-0.19040833	-0.83239352
0.99967406	-0.48856828	0.19338143	0.55093911	0.12992212	-0.36571067
1.12721910	-0.29039552	0.17252279	0.61513301	0.62752678	-0.18332491
1.53574122	-0.27474549	0.18520998	0.57676512	0.23935799	-0.02392690
1.24376408	-0.05542816	0.19583406	-0.04166217	0.43719302	0.33894128
0.85120063	-0.08417129	0.20764568	-0.12447967	0.68561689	0.08786584
0.98630804	-0.18592741	0.18972647	-0.18798342	0.53875959	-0.12434780
0.99495762	-0.08643788	0.12807495	-0.29886933	0.72141875	-0.11729118
0.80080139	-0.02882460	0.22989215	-0.48045571	0.52157734	0.03627260
0.60581029	-0.06059752	0.16148722	-0.25732998	0.82631446	0.02046584
0.57427362	0.00240717	0.15907768	-0.53641613	0.55754385	0.28661902
0.75045023	-0.09420337	0.20410897	-0.24810405	0.50475919	0.26391215
0.69833875	-0.12923404	0.33145400	-0.34009665	0.19747016	-0.00287747
0.60975105	-0.08708729	0.25247076	-0.12684817	-0.35778583	0.06384340
0.70046663	-0.11755534	0.31098548	-0.05827883	-0.17246534	0.25127082
0.77548026	-0.05507574	0.27478567	-0.05794170	-0.54930539	0.10355951
0.93540488	0.05118288	0.34134758	0.24854438	-0.65456530	0.04123232
1.02466680	-0.04377262	0.39589182	0.04416515	-0.69797310	-0.22058623
1.10214557	-0.06785184	0.34818602	0.14004124	-0.44290081	-0.05294648
1.10615636	-0.12400781	0.25574596	-0.03032134	-0.47284352	-0.30817398
1.33618319	-0.19929007	0.25323193	-0.08132138	-0.11093059	0.14058545
1.22015274	0.01683855	0.23969893	0.03094056	-0.05420752	0.05712271
1.34027141	-0.01643138	0.30475816	0.10326662	0.34236013	-0.12374461
1.29567889	-0.00263807	0.32891958	-0.27921798	0.45595633	-0.35954555
1.37152631	-0.11363860	0.31931525	-0.01929682	0.69288887	-0.46947973
1.29005715	-0.29932487	0.22573135	-0.11994690	0.59369387	-0.18614276
1.35974090	-0.43416554	0.17725839	-0.03032207	0.29533450	0.16281265
1.19001992	-0.34764762	0.17054847	0.38658521	0.46294083	0.21197048
0.86826919	-0.44584164	0.07095002	0.37833594	0.31763152	0.00532500
0.72600880	-0.40357405	0.10847407	0.11085721	0.63123268	-0.03725164
0.58972824	-0.24552486	0.09814659	-0.15894665	-0.03627447	0.10819052
0.75021360	-0.16895455	0.15789919	-0.31529996	0.07980796	0.07222196
0.84844214	-0.29426102	0.08339355	-0.48344426	-0.44462357	0.52047898
0.82500393	-0.39577548	0.10221760	-0.31461386	-0.85867321	0.04566633
0.92905363	-0.39349567	0.13956799	0.17001032	-0.65392560	0.19862317
0.82427160	-0.47546559	0.07940499	0.55712093	-0.58321868	-0.20339358
0.88194772	-0.45436668	0.06163738	0.30146777	-0.83121446	0.09789388
0.97603022	-0.16059212	0.13092634	0.45638710	-0.32094056	-0.07582350
0.83097247	-0.04213099	0.10468403	0.52188085	0.06931229	0.02801727
1.04061143	-0.05426952	0.06119873	0.37041631	-0.04078123	0.12886144
0.93841084	-0.04119310	0.10428051	0.58107288	-0.11760075	0.46164434
1.00429781	0.08913804	0.11992623	0.26402347	-0.15997058	0.36947619
0.89004149	0.04958504	0.09181049	-0.22256575	-0.14567620	0.41898901
0.92479144	0.07936873	0.06687595	0.09615373	0.30717973	0.46103522
0.97566620	0.02989467	0.06597424	-0.29544813	0.09697237	0.36657644
1.06141263	-0.05216566	-0.01966027	-0.06626197	0.10977660	0.43667359
1.02554267	-0.11379172	0.05929823	-0.46364244	0.50167571	0.52756128
1.13216767	-0.01284049	0.11193728	0.13258725	0.07909204	0.40936353
1.16808247	-0.33686226	0.15685159	0.21365568	0.09568674	0.31838790
0.99895280	-0.19486318	0.14792425	0.33973918	0.22105571	0.10585103
1.06932784	-0.15352507	0.18892174	0.11102060	-0.00609157	-0.35018545
1.15721821	0.09652006	0.13319163	-0.19783071	0.12748852	-0.22331587
1.09343599	0.06141969	0.14364435	-0.27533199	0.11876604	-0.04496703
1.17482645	-0.03788685	0.13968820	-0.05679727	-0.09817009	0.04208005
1.29119179	-0.20694376	0.16574058	-0.02040837	0.06078543	0.06584011
1.42435567	-0.23027453	0.12391043	-0.18392947	0.12819163	-0.39036832
1.29840714	-0.34033740	0.09543420	-0.02169402	-0.20198226	-0.58348359
0.84656153	-0.31907466	0.06769466	-0.36530031	-0.35905062	-0.61652981
0.88415843	-0.60128617	0.07744769	-0.23219395	-0.24531171	-0.51507836
0.79286593	-0.51386083	0.14315269	0.06583659	0.35972603	-0.74148747
1.14492734	-0.47591881	0.15143924	0.34765305	0.30743430	-0.45025341
1.08764288	-0.40426388	0.13544934	0.45202624	0.38384531	-0.11914823
1.19324298	-0.16968891	0.13898728	-0.11319768	0.21814269	-0.34876125
1.17828125	-0.18986894	0.22305165	0.04734418	0.06537582	-0.15321144
1.15064516	-0.11583186	0.20269497	-0.26674459	0.11771851	0.02476638
1.00706793	-0.17774955	0.16484816	-0.36359389	0.62791494	-0.16221817
0.92625431	-0.18366094	0.08845871	-0.41749838	0.33736478	-0.28888000
0.82781147	0.01861011	0.14333769	-0.26453351	0.88737819	-0.27626703
0.64421308	-0.05733827	0.18552329	-0.27038081	0.62001697	-0.14023446
0.69184115	-0.02381255	0.08594752	-0.80317094	0.72008402	-0.05652519
0.67850590	-0.12998313	0.23167310	-0.73756756	0.47345479	-0.10820585
0.76002585	0.03186362	0.27691452	-0.38243669	0.43580887	-0.09170825
0.65268297	-0.11045650	0.29263029	-0.32887125	0.12958007	0.04543379
0.85119938	-0.08053573	0.23061612	-0.27520288	-0.29950901	0.14840490
0.74440883	-0.04417249	0.35795370	-0.33193106	-0.34937860	0.17925675
0.86641093	-0.00349247	0.33919907	0.08451869	-0.68167117	0.05782926
0.68417823	-0.11443675	0.32297606	-0.07585323	-0.77808345	0.07457948
1.04240578	-0.10705458	0.33505247	-0.11791002	-0.62011200	-0.08583088
1.22550197	-0.24254979	0.25649425	0.15186430	-0.34916225	0.12108931
1.28188241	-0.25568625	0.23585929	-0.04273524	-0.43276813	-0.09858965
1.20282655	-0.07392028	0.21107906	-0.02491629	-0.11922513	-0.24945761
1.21824506	-0.09287376	0.33375150	0.02046493	-0.16716283	-0.05776672
1.14632362	0.07739225	0.39267808	-0.09753055	0.13004174	-0.03384142
1.34503799	0.02243987	0.42089809	0.25826534	0.51302851	0.11588057
1.33882883	0.07335007	0.35946597	-0.40955598	0.80596391	-0.36833027
1.36396956	-0.07050036	0.17494746	-0.50123720	0.61154417	-0.01034346
1.32334821	-0.30135512	0.19812294	-0.24177981	0.12379861	0.23511157
1.25564527	-0.40696446	0.24935219	-0.08367319	0.22660455	0.29260983
0.90721347	-0.44297216	0.11401430	-0.06989928	0.43895713	0.13075851
0.81313437	-0.30716501	0.14639774	-0.40759569	0.35646924	-0.03055018
0.61960166	-0.27834895	0.13294484	-0.20052181	0.29131135	0.13685814
0.76348342	-0.36194268	0.11439527	-0.31100233	-0.23701519	0.19189908
0.72234120	-0.15870921	0.16038102	-0.51643634	-0.46610381	0.28465370
0.68428505	-0.29928286	0.07565474	0.02668253	-0.96976608	0.09230646
1.06423997	-0.50115958	0.08439007	0.26634170	-1.12173344	0.14696075
1.04587966	-0.35534108	0.08496107	0.16099425	-0.76637577	-0.10773092
0.95463986	-0.15305181	0.02410958	0.28707043	-0.10261183	-0.08819919
0.98932863	-0.17212029	0.10324714	0.05040651	-0.34608644	0.04616724
0.89738807	-0.10256757	0.14853250	0.26809690	-0.30219112	0.16859944
0.97498975	0.04648916	0.07219362	0.20891358	-0.31584834	0.39843121
1.02476851	-0.11841549	0.13689240	0.35447436	-0.43550296	0.34125279
1.06743540	-0.13831556	0.09586303	0.05613210	-0.18549608	0.66833827
1.09977970	0.03275572	0.05291429	0.11433353	-0.19689673	0.17385804
1.07115796	-0.09879440	0.07931599	-0.03222007	-0.09687153	0.34092627
1.04487930	-0.06583231	0.06353130	-0.29943087	-0.07661912	0.18745510
0.92656584	0.04743399	0.10506059	0.18505619	0.27855946	0.44296433
0.96745000	0.01046857	0.11158126	-0.06513695	0.11029943	0.35219838
1.04933819	0.01453686	0.13932993	0.23274894	0.03978473	0.13305232
1.06472729	-0.12450088	0.11576168	0.01388808	0.35152877	0.12455822
1.17106816	-0.14021133	0.11961912	0.03224802	0.05924978	0.09494254
1.09265724	-0.03635137	0.11141090	0.13837169	-0.16158606	0.16086392
