1.15213190	-0.23649177	0.14193808	-0.11087241	0.27310401	0.21974957
1.07435991	-0.22698769	0.20253310	0.21923110	0.15033350	0.02646198
1.05900610	-0.22807539	0.19371612	0.18765308	-0.00780553	0.01753660
0.95442684	-0.06073797	0.10944339	0.18945268	0.12873277	-0.01459737
0.96333643	0.04022734	0.17376984	-0.08500774	0.18519339	-0.03037550
1.14889069	0.02290055	0.11279236	-0.10893348	-0.65218021	0.06766930
1.16356932	-0.07327814	0.10105776	0.00725376	-0.35486049	-0.12342378
1.29746341	-0.18924061	0.14102557	0.06740084	-0.08136646	-0.02589860
1.28461981	-0.32066621	0.12974225	0.00321530	-0.04278150	-0.33790000
1.30604333	-0.28525204	0.07322318	-0.19433915	-0.13383415	-0.47354336
1.07269470	-0.24748324	0.12329720	-0.33870470	-0.10911146	-0.60682484
0.85875224	-0.50299775	0.01618091	-0.10597476	-0.05640629	-0.88263002
0.80037108	-0.55301083	0.13160289	-0.24434245	0.10359760	-0.90989181
0.95121834	-0.47543279	0.21568579	0.37016235	0.22266901	-0.57011795
0.99235657	-0.42950246	0.15653048	0.33229570	0.35282181	-0.46387664
1.23333031	-0.21071144	0.17559261	-0.00792337	0.52919276	-0.33410065
1.18702899	-0.12357143	0.11755533	-0.03132072	0.20112363	0.10110317
1.04843858	-0.16188836	0.18508839	-0.27785318	0.27290075	-0.19975346
0.90972038	-0.26820693	0.14212696	-0.40668271	0.31838161	-0.33412556
0.93671418	-0.06592951	0.17706718	-0.29790505	0.60263056	-0.34548646
0.73211501	-0.06686448	0.19824883	-0.40209125	0.78287465	-0.33525586
0.74321502	-0.14101097	0.13780710	-0.56771448	0.67995333	-0.33129665
0.75854312	-0.02955155	0.15814946	-0.58449845	0.23079390	0.11662258
0.64234813	-0.06983506	0.22489630	-0.58361342	0.57633808	0.06413098
0.73932829	-0.13621971	0.23225451	-0.49188662	0.22273109	-0.13149429
0.81379023	-0.12828026	0.29316468	-0.44636602	-0.06765505	0.07291121
0.78306978	-0.16296037	0.34033016	-0.47273817	0.03147970	0.08900238
0.81446907	0.03474909	0.22783271	-0.20240282	-0.51452575	0.03033859
0.72308030	-0.08187752	0.29876031	-0.26378434	-0.36328439	0.22855622
1.01169686	-0.08930709	0.29051421	0.16234356	-0.89157321	0.07524391
1.02965869	-0.08571628	0.33486018	0.01228890	-0.20359665	0.11510669
1.15353870	-0.17631229	0.32094730	0.09898935	-0.46204717	-0.04133876
1.16625946	-0.21476885	0.26568532	-0.24771284	-0.40545939	-0.15033133
1.19928254	-0.07857356	0.17657306	-0.04529359	0.01339924	-0.14796246
1.21422399	-0.07411111	0.35867848	-0.25887367	0.16260989	-0.25652352
1.08602274	0.07078867	0.40856988	-0.03186173	-0.05396798	-0.01254712
1.31566597	0.09941229	0.41379925	-0.05540286	0.44757361	-0.06565259
1.30025873	-0.04626420	0.30326194	-0.13727764	0.89585155	-0.06364895
1.27501056	-0.06119994	0.21196086	-0.21094221	0.55306983	-0.04459538
1.36923222	-0.38356068	0.21223659	-0.19228466	0.47004265	0.19871053
1.21151956	-0.45402370	0.20823095	-0.22079307	0.47668262	0.21755393
0.95077099	-0.44562878	0.14251842	0.01460962	0.74233550	-0.07224571
0.82968012	-0.29808417	0.14518869	-0.58393543	0.70735639	-0.08742197
0.59899914	-0.29628310	0.07440084	0.02581778	0.11564282	0.02372205
0.64981684	-0.29242528	0.12484536	-0.08352700	-0.04007757	0.14738427
0.81917982	-0.22287237	0.21692811	-0.29358202	-0.33585203	0.17718551
0.76650063	-0.26363490	0.07284267	-0.05046422	-0.85963788	0.35250397
1.02937968	-0.33889302	0.06665664	0.07260261	-1.03035844	0.20096760
0.98376535	-0.46103049	0.04882678	0.39672086	-0.82120186	0.17297431
0.93269382	-0.23154057	0.07156409	0.27595561	-0.58502953	-0.00704247
0.84560842	-0.15958997	0.15213751	0.35920977	-0.27669344	0.23489274
0.84514672	-0.23489290	0.12702132	0.19857591	-0.17347177	0.28702326
0.96546880	-0.16239090	0.07242597	0.22902948	-0.48189532	0.43580739
0.86158332	-0.03544332	0.10284457	0.30019651	-0.22608704	0.30217604
0.94843434	-0.12110625	0.05532830	0.23987102	0.05176693	0.16646680
1.05461919	-0.02022691	0.13421073	-0.10019672	-0.20892218	0.36689283
1.03532211	-0.07546697	-0.00608442	0.20371356	-0.08636846	0.44530906
1.10036360	-0.02247494	0.07472028	-0.11854047	0.24745280	0.25408453
0.94032819	0.13419036	0.02040904	0.14521767	0.02546717	0.28431375
0.94485660	-0.01209838	0.10780328	-0.09366413	-0.01994247	0.38930115
0.99590387	-0.04064890	0.07372200	-0.03985132	0.10690983	0.23498972
1.18329699	-0.17707553	0.09516874	0.20463756	0.03046686	0.11685950
0.96175205	-0.19467610	0.10804592	0.20697411	0.09036096	0.19224116
0.98548678	-0.09825988	0.07847184	-0.26443801	-0.37600029	-0.01107843
0.87257278	-0.00348545	0.14034132	-0.18951274	0.10612987	-0.02715139
1.05957348	0.04664229	0.09760218	-0.48780361	-0.05791276	0.06488852
1.12255950	0.01182712	0.05267048	0.07402767	-0.39142278	0.27096820
1.16543954	-0.20548875	0.10553833	0.13171286	-0.21338298	0.19169511
1.28344209	-0.40056375	0.05446782	0.17523648	-0.03590665	-0.08847148
1.26579626	-0.35239605	0.15644946	0.10957040	-0.06442997	-0.18709126
1.09407260	-0.43738270	0.16358812	-0.13002089	0.05130141	-0.66808616
0.89629299	-0.41492478	0.09246140	-0.20114536	-0.33095842	-0.86391160
0.95416326	-0.41125810	0.08259561	-0.08236199	-0.12988014	-0.73373295
0.93869666	-0.50410802	0.11026529	0.39444047	-0.09539958	-0.58394516
1.11875209	-0.49800857	0.22939805	0.58597112	0.40232221	-0.53550825
1.23602713	-0.44905714	0.15004968	0.56436375	0.30083133	-0.31143683
1.40619875	-0.23378003	0.18892874	0.36598006	0.39242208	-0.05375980
1.16934936	-0.10119687	0.20786599	0.04662005	0.17838468	-0.04751978
1.11964300	-0.16951759	0.26153433	-0.28329612	0.35838619	-0.26412157
0.73892541	-0.02239171	0.22240634	-0.28578521	0.48772005	-0.21884607
0.88536563	-0.14993143	0.20964590	-0.50197402	0.50198625	-0.10600346
0.87165245	-0.09018805	0.21640437	-0.64602864	0.89084606	-0.15484063
0.75113962	-0.01411867	0.16185932	-0.64086174	1.03009325	0.00372807
0.74827861	-0.10244236	0.21752439	-0.45085664	0.12531952	0.08557276
0.75985678	-0.06996173	0.22084880	-0.54573195	0.18181242	0.22090380
0.75777753	-0.05563082	0.20114920	-0.60243751	-0.01958833	0.31965118
0.66477574	-0.14383484	0.31633438	-0.20925735	-0.46688168	0.01089254
0.96630747	-0.17542070	0.32033006	-0.11003849	-0.32722325	0.31005126
0.83854754	-0.03905832	0.31936013	-0.00630231	-0.26763297	0.15730229
0.84264907	-0.11354741	0.33530689	0.26317385	-0.90500574	0.02277223
0.91272730	-0.02156513	0.36845604	0.12925443	-0.38862103	-0.02257634
1.04691560	-0.08975220	0.38180608	-0.26066859	-0.15529819	-0.17664097
0.91696525	-0.21112220	0.19718489	-0.29788227	-0.31218591	-0.22732409
1.16149848	-0.17876692	0.18708755	-0.40891112	-0.14106936	-0.07955917
1.16069550	-0.19374690	0.23355863	-0.03408790	-0.01192924	0.11774519
1.32895715	0.01927686	0.32338866	-0.08354555	0.24461315	0.04325368
1.24358210	0.04238965	0.35102596	-0.18530236	0.42516034	-0.09305345
1.49501245	0.13256154	0.42611992	-0.55026057	0.53074579	-0.41894212
1.13836243	-0.02884033	0.25020563	-0.33577452	0.52153938	-0.07982291
1.11358296	-0.25538599	0.04729872	-0.20473558	0.36867405	0.04152764
1.19967613	-0.38775119	0.13175101	-0.12180121	0.60904114	0.11404692
1.09876223	-0.34163943	0.18874551	0.11738257	0.45672991	0.30163007
0.81779265	-0.36748275	0.19085873	-0.22067547	0.25394602	0.15026624
0.62170682	-0.42846034	0.21439055	0.22936376	0.23023001	0.01063597
0.86366804	-0.30199565	0.11598590	-0.20165281	0.05996396	0.12785228
0.69582908	-0.29776346	0.14837631	-0.09646648	-0.17636417	0.16957651
0.84729381	-0.08477952	0.05967223	0.06471796	-0.34801325	0.33401934
0.83897088	-0.33297851	0.07462234	0.13337050	-0.51750306	0.42491918
0.85024314	-0.32795735	0.08342990	-0.14794265	-0.61427532	0.32529178
0.91130378	-0.42385972	0.05950691	0.04382927	-0.86941177	0.12832487
0.71860964	-0.18465858	0.15536920	0.11898335	-0.38110571	0.43687999
1.03379339	-0.23253685	0.13099266	0.59652948	-0.36173186	0.08883496
0.84407216	-0.24320947	0.12981952	0.63312527	-0.39370560	0.15125294
0.97819817	-0.11991058	0.07920043	0.92562007	-0.19729423	0.21970779
0.97183461	-0.12479432	0.13056282	0.86557620	-0.36216558	0.19352768
0.96184102	-0.10777144	0.15017537	0.66761494	-0.56903966	0.24902948
1.05621951	0.04986795	0.11135021	0.43443218	-0.24592722	0.30731180
0.90058722	0.08612474	0.01153751	0.47867532	-0.46073683	0.51414066
1.10274400	-0.02554530	0.08033786	0.11432984	-0.15097398	0.67090137
1.11969927	0.11990288	0.03848912	0.02030972	0.04120307	0.50202053
1.03013780	-0.16776545	0.06906966	0.31505370	0.28222822	0.45228586
0.98052450	-0.03479306	0.06709069	0.20633529	0.33108813	0.23949992
1.10249731	-0.13162753	0.14038365	0.28818516	0.27995044	0.15326800
1.04338508	-0.11396379	0.12970725	0.20699757	0.02316306	0.30427363
1.02858565	-0.03153627	0.17609527	0.04340062	0.03975434	0.14885429
0.96819015	-0.08911688	0.14419518	-0.08980050	-0.15345095	0.02920304
1.10969272	-0.04671252	0.14426648	0.08760913	-0.22567463	0.18985732
0.99478998	-0.03021461	0.16944692	-0.15368898	-0.44016571	0.19836752
