1.14420785	-0.33416882	0.10028111	0.61387565	-0.06721036	-0.52053906
1.00018896	-0.37305953	0.01633837	0.51057454	-0.09878518	-0.66265461
0.86028216	-0.24462931	0.05953603	0.07047382	-0.16278051	-0.56175814
0.86920229	-0.32117154	0.06882497	0.41774425	0.11275119	-0.66288699
1.03977381	-0.48011147	0.22936528	0.59970106	0.59073520	-0.31648615
0.94065905	-0.43228827	0.16030687	0.60639357	0.91469110	-0.21118606
1.06241051	-0.33145389	0.17928000	0.83687366	0.57099783	-0.23845432
1.03917505	-0.19012148	0.11443374	0.61776797	0.15341278	-0.11389700
0.91277440	-0.07311341	0.22362408	0.48082262	0.28742879	0.00177277
0.92988504	-0.13795734	0.15181812	0.35503413	0.00561403	-0.24019891
1.04483111	-0.19334565	0.21132761	0.12145422	0.24524467	-0.23349008
0.87673463	-0.01166666	0.25023189	0.15418274	0.63376458	0.00267326
0.96831325	-0.08443222	0.19475432	-0.16304063	0.59007461	-0.06870922
0.90584045	0.02179159	0.17481902	-0.34609421	0.28714975	0.06122891
0.80513401	-0.05572349	0.27750633	-0.40534021	0.62281728	0.08883142
0.83772709	-0.10511078	0.29904182	-0.29564077	0.00605035	0.10842288
0.80576718	-0.12356452	0.35995060	-0.11030812	-0.20572487	0.31196778
1.00557957	-0.23271666	0.36475889	-0.05823683	-0.13314446	0.09142602
0.94639726	-0.16792256	0.37979201	0.52953631	-0.34965029	0.08436866
0.81811158	-0.09151695	0.33735661	0.23798725	-0.47150805	0.04822131
0.78692022	-0.22171864	0.30806118	0.20305488	-0.63264029	-0.16359941
0.96456213	-0.08473304	0.32211359	0.13237885	-0.40110491	-0.05933112
1.16791536	-0.17281007	0.24401990	-0.23867223	-0.38625775	-0.08865356
1.36345844	-0.18059071	0.32575059	-0.20146091	0.23077572	0.13380835
1.14929149	-0.20758694	0.33612720	-0.17099870	0.17545480	0.10290430
1.15178436	-0.08041810	0.42576773	-0.04039234	0.11498037	0.09999284
1.18667097	-0.02765821	0.52224358	-0.12401517	0.12574946	0.08466440
1.24739524	-0.09528201	0.41794107	0.19213976	0.33775909	-0.13965347
1.13353126	-0.16812148	0.21741867	0.05453747	0.19169572	0.14697799
1.12099911	-0.34453214	0.24327757	-0.10123019	0.20385594	0.06880258
1.05801649	-0.37043508	0.14335102	-0.05779872	-0.08969448	0.38995410
1.03894342	-0.40082536	0.15990241	0.30678657	0.05954200	0.04843185
1.02081402	-0.39510760	0.18311779	0.30615956	0.32722689	0.08566222
0.78793255	-0.37285218	0.18681423	0.24176610	0.23076967	-0.06051323
0.76576527	-0.30524367	0.09158552	0.30724725	-0.04019470	0.02103199
0.87075596	-0.26610346	0.06170419	-0.05306669	-0.03861180	0.24538250
0.82666394	-0.20732977	0.04882696	0.16918974	-0.08864591	0.32762556
0.86478357	-0.28821112	0.10741313	0.09831772	-0.24469682	0.32294833
0.96124390	-0.25630191	0.14113863	0.51997107	-0.63711621	0.10267522
0.93241912	-0.26226726	0.10920561	0.08503524	-0.61499253	0.17518775
0.98254777	-0.21005179	0.14788123	0.59904022	-0.64051213	0.07534043
1.00723332	-0.19623951	0.09692057	0.39048976	-0.69866741	0.15555763
0.95801399	-0.18258269	0.07753414	0.31679731	-0.32006157	-0.03381611
0.99931373	-0.08672012	0.03387616	0.53670166	-0.30536371	0.17306893
1.01248927	-0.01533819	0.04593612	0.44297791	-0.05748232	0.01190730
0.91623548	0.02826926	0.08273986	0.79814977	-0.13067141	0.01537117
0.90653697	-0.07526702	0.17070829	0.24107775	-0.15383043	0.17732048
1.12145322	0.05314576	0.05392927	0.33490659	0.02764628	0.43452255
0.97261918	0.05725486	0.10615944	-0.26128290	-0.32589992	0.33274633
0.96449907	0.04078118	0.04961512	-0.20867245	0.14288889	0.31406179
0.93899820	-0.04394021	0.18300436	-0.09262716	0.12904926	0.40586087
1.05407525	-0.03997059	0.12974314	-0.10073576	-0.12747693	0.44229170
1.03562343	-0.17488275	0.06457237	0.16356644	0.26513133	0.05677246
1.12648837	-0.23696188	0.14145437	0.21311613	0.25380693	0.14690235
0.91803796	-0.13449043	0.20400471	0.06999576	-0.03600395	-0.12604047
0.93400454	-0.17957387	0.14830325	0.11771572	-0.10510171	0.12713612
0.97500985	-0.12706119	0.12273512	0.10775279	-0.23235169	0.02246638
1.09412043	-0.05744187	0.12613494	-0.10456607	0.02249341	0.22535376
1.21053010	-0.18223578	0.19352910	0.31146750	-0.16632764	0.35907784
1.35329609	-0.22183838	0.16356064	0.33278418	-0.07584254	0.07162898
1.26184733	-0.33204127	0.16710733	-0.04097560	-0.33252145	-0.55034429
1.14333312	-0.38635177	0.07273239	-0.04353606	-0.25119713	-0.49237952
1.04564672	-0.40095485	0.03080864	-0.28146163	-0.05088534	-0.40525820
0.93919184	-0.49596032	0.09853734	0.02604545	-0.08771587	-0.59541140
0.90215708	-0.62004045	0.16421628	0.41690792	0.25143833	-0.54847929
0.98136563	-0.43556396	0.13403016	0.50355289	0.80101117	-0.30521384
1.03722929	-0.35753874	0.23392242	0.24488372	0.75068302	-0.18511196
1.09382048	-0.08822572	0.22151263	0.18140653	0.66070799	0.11567534
0.93901797	-0.17344937	0.12535731	0.37840481	0.17828042	0.29945263
0.94650853	-0.28914746	0.22783119	-0.22135421	0.16851371	0.25760748
0.83841946	-0.24735812	0.26498363	0.22677372	0.35410132	-0.27836865
0.81231939	-0.17123689	0.19003751	-0.28762063	0.54395930	-0.07246415
0.82606775	-0.09210818	0.16702894	-0.19622744	0.56752107	-0.27190668
0.73240098	-0.05491570	0.14072852	-0.18722927	0.60471793	-0.03862942
0.72561962	-0.02086187	0.22896970	-0.24025479	0.49081020	-0.07118237
0.66651050	-0.04748668	0.21975404	-0.68399833	0.40747125	0.07489879
0.69951205	-0.09819909	0.23934406	-0.32522200	0.10919644	-0.01860280
0.76110392	-0.16542344	0.31672651	-0.59715121	-0.04834676	0.27329783
0.90082298	-0.07399918	0.28632842	-0.38341680	-0.23382880	0.16000153
0.73883542	-0.11205711	0.33088482	-0.26055744	-0.43144050	0.10370473
0.87046865	-0.05677286	0.27666923	-0.42915132	-0.57308867	0.00856083
0.84326638	-0.15445992	0.32296862	-0.16199492	-0.67073901	0.04479961
1.01789246	-0.20302412	0.33233423	-0.45953336	-0.44608316	-0.12401296
1.13762238	-0.25184401	0.29203227	-0.26429740	-0.46805554	-0.34749615
1.15055015	-0.15632849	0.18476373	-0.29231903	-0.24558966	-0.11059229
1.32840920	-0.24460453	0.22362661	0.28346271	-0.13968258	-0.19214900
1.24511354	-0.07307013	0.39103924	0.35978599	0.17177775	0.07487960
1.15319385	0.02982836	0.42231282	-0.13262211	-0.00181234	-0.45214146
1.13676581	0.04121077	0.45493299	-0.50383590	0.32858286	-0.20747433
1.33832249	-0.12392768	0.28568681	-0.28409076	0.35130036	-0.03692746
1.26413875	-0.26188609	0.15742878	-0.57467450	0.32794761	0.15357089
1.13482809	-0.49867391	0.10569662	-0.48614436	0.51610443	0.13722402
1.12515905	-0.49842448	0.17374707	-0.16149713	0.62795186	0.12802079
0.89906600	-0.35779484	0.23491972	-0.05649515	0.38069619	-0.30548190
0.68104969	-0.23832234	0.22182327	0.20504392	0.19002946	-0.17554057
0.78006980	-0.26753310	0.14687637	-0.38875883	-0.03105762	-0.22723629
0.69159620	-0.11971045	0.06117305	-0.18635592	-0.15795424	-0.01483350
0.82252291	-0.30209301	0.08602659	-0.22856603	-0.12414182	0.06394363
0.92869920	-0.49312623	0.00983891	-0.11822302	-0.23485958	0.23935006
0.97653083	-0.42050034	0.09258252	0.14162674	-0.57943587	0.13152395
0.84840665	-0.28853564	0.12610603	0.01817766	-0.52337661	-0.05898564
0.86791814	-0.39761011	0.01182106	-0.00031957	-0.44451264	0.10939244
0.88298490	-0.21180645	0.05697075	0.06580359	-0.41684514	-0.20949830
0.87544973	-0.20001428	0.01278036	-0.04815079	-0.29542297	0.20056898
0.95853331	-0.20633667	0.08234607	-0.05965251	-0.39644583	0.09065876
0.95793112	-0.20704687	0.10109651	0.11454929	-0.28766837	0.33343015
0.95518915	-0.07676030	0.09457588	0.07094968	0.15653133	0.28050586
1.00463279	-0.09928199	0.03678408	-0.20949132	-0.11478759	0.15885487
0.96745442	0.08426515	0.08955033	0.05473065	0.01766976	0.14526794
0.96696441	-0.08592567	0.09184777	-0.10323033	0.07146579	0.23149140
0.98965411	-0.06336578	0.04358261	-0.08485606	0.00868659	0.34292394
1.03641735	-0.00539226	0.03771884	0.04661226	-0.30711116	0.34920104
1.03835747	-0.01762208	0.14848928	0.31827511	-0.03367207	0.43554493
1.09780402	-0.09857735	0.10839617	0.19220051	0.31463640	0.31970846
1.10814914	-0.11558544	0.11928436	0.37838420	0.14036161	0.08106152
0.98700594	-0.19259550	0.08548538	0.17025850	-0.04840919	0.08154159
1.09536345	-0.05014752	0.10591080	0.20378981	-0.09895901	0.01580674
1.09069465	0.01372629	0.07758580	-0.17783038	-0.19796093	0.32445323
1.10733788	-0.01757601	0.14770887	0.26264865	-0.37722273	0.46940149
1.21671084	-0.27309569	0.14281136	0.32232783	-0.35516537	0.18012782
1.26838976	-0.29133205	0.17654184	0.26517254	-0.15119971	-0.25789147
1.13835404	-0.32441691	0.19425840	0.24186223	0.10321085	-0.28787016
1.22246133	-0.29928462	0.07093429	0.02167969	0.07511606	-0.44878884
0.97462525	-0.48296783	0.04315978	-0.00319076	-0.13296784	-0.54186394
0.83817979	-0.42396754	0.10338212	-0.04639413	0.11878291	-0.80411075
0.83864462	-0.37953502	0.10089854	-0.26808827	0.02601903	-0.74899873
0.92792539	-0.59830883	0.08988632	0.35876440	0.18152538	-0.29216925
1.05717987	-0.42670605	0.20614102	0.35798194	0.66165229	-0.33213337
