0.95475804	-0.23555527	0.22570213	-1.07728787	-0.14911071	0.28249345
0.69842709	-0.15257861	0.36103176	-0.60225622	0.04722101	-0.07300198
0.97748238	-0.23542352	0.32742069	-0.58662474	-0.13557318	-0.08273902
0.80198066	-0.14171238	0.18318395	-0.88869389	-0.25150512	-0.04760467
0.59562063	-0.11098068	0.17422214	-0.75049472	-0.10225832	-0.17535731
0.78345233	-0.11605078	0.21831494	-0.41546839	-0.30135077	-0.49353865
0.90522428	-0.17595160	0.09019557	-0.66050077	-0.10524311	-0.42208219
0.72254526	-0.12056073	0.24834354	-0.54736856	-0.25667414	-0.30570704
0.77011059	-0.18647542	0.13368625	-0.84254032	-0.36138174	-0.50949646
0.62789201	-0.03540079	0.15982512	-0.85659882	0.01858696	-0.46746205
0.81585505	-0.08567361	0.12550123	-0.67270353	-0.37373692	-0.36260415
0.78668858	0.01916200	0.20803065	-0.62854886	-0.54204205	-0.50276452
0.77700627	-0.07465279	0.17763638	-0.69435414	-0.15368312	-0.39359754
0.69061571	-0.13862297	0.15428005	-0.79473236	-0.41040432	0.01470973
0.74852657	-0.08001424	0.09582374	-0.95256330	-0.09752545	-0.68598599
0.92676220	-0.00805272	0.20222159	-1.14575672	-0.02070520	-0.36483956
1.14321191	-0.07050280	0.10697356	-0.97600707	0.29316946	-0.52178791
0.99694677	-0.28114481	0.21461178	-0.93764385	0.48512362	-0.28281655
1.08260906	-0.35875198	0.09645087	-0.82730410	1.02517851	-0.27896865
1.12498064	-0.52103397	-0.03540397	-1.09706008	0.95510058	-0.20575570
0.90634361	-0.43252742	0.04494316	-0.56728655	0.72874227	0.10956243
1.44631841	-0.53839908	-0.00728296	-0.38772793	0.19884951	0.28139140
1.47025486	-0.53556744	-0.00077936	0.44269527	0.39990697	-0.10472681
1.62554546	-0.46551251	0.00674330	0.27628515	-0.02724111	-0.25559015
1.60473810	-0.39492036	-0.01235309	0.24662677	0.41955411	-0.33790769
1.09578379	-0.06765172	0.21504769	-0.06952117	-0.18275507	-0.64562092
1.35136399	0.03383292	0.22476368	-0.77400353	-0.26207105	-0.26458056
1.26950303	-0.05835438	0.18052427	-0.62755655	-0.13142785	-0.23180391
1.31974497	-0.14956694	0.04541112	-0.51573570	0.13687425	-0.08545550
0.91771530	-0.00477407	-0.16210824	-0.36585843	0.10548480	0.44458017
0.97448839	-0.04404673	-0.00473608	-0.47968211	0.33167568	0.57907209
1.00630855	-0.09416236	0.00749456	-0.68947492	0.00454772	0.53748092
0.63364469	0.01591361	0.07591780	-0.41443665	-0.08678494	0.31041966
0.86826649	-0.01061927	0.02881022	-0.71786292	0.44317256	0.15384054
0.74498181	-0.08719389	0.02469171	-0.81477085	0.19748323	0.34234462
0.82652387	-0.13399270	0.05500560	-0.77621811	0.65087151	0.17140861
0.52229100	-0.02313861	0.04274769	-0.32151410	0.62202779	-0.05378940
0.64874021	-0.14244690	0.07177908	-0.36616456	0.46349539	-0.08855633
0.81487983	-0.03962962	0.03613418	-0.29999145	0.94058799	-0.17078758
0.60774982	-0.09338077	-0.01415278	-0.12782775	0.51074016	-0.02593485
0.52341294	-0.07660447	0.03534160	-0.42006470	0.75367073	-0.02294059
0.82755728	-0.11562163	0.09551377	-0.60183752	0.40141419	-0.16728820
0.35923496	0.06487596	0.23208820	-0.60379275	0.53418025	0.13285564
0.76221931	-0.02311600	0.17680058	-0.67170840	0.29808655	0.19521524
0.87034150	-0.20279815	0.12210797	-0.96308839	0.41402780	-0.29475188
0.67521605	-0.33231228	0.15763813	-0.53773321	0.68300991	-0.40183491
0.65837429	-0.31711294	-0.07693476	-0.58442012	0.65040240	-0.01418588
1.07000943	-0.47471818	0.25324139	-0.41177028	0.86660127	-0.37921682
0.85352715	-0.50395006	0.43857376	-0.16863934	0.68113911	-0.72929303
0.95932660	-0.51734434	0.33880090	-0.30238994	0.41390475	-0.75894942
1.37971295	-0.24880274	0.45042213	-0.68802297	-0.15322500	-0.83100236
2.00513792	-0.17002215	0.59227683	-0.94491780	-0.11803267	-0.33667684
2.09930259	-0.22154131	0.37379272	-1.36726094	0.40253799	0.26078403
1.88176576	-0.17246313	0.34949944	-0.80357708	0.56476325	-0.06989252
1.41656911	-0.23781150	0.17249945	-0.37850020	1.14210477	-0.03781712
1.21846129	-0.14405394	0.38188577	-0.85737346	0.99067886	0.06124156
0.99386650	-0.01627963	0.38950752	-0.91308517	0.55861065	-0.16138423
0.30732095	-0.01070095	0.41454215	-1.28586011	0.02872705	0.15002977
0.46872448	-0.06496804	0.37238406	-1.08623673	-0.26374432	0.26910966
0.61645063	-0.14824527	0.35269780	-1.11612296	-0.51119164	0.07044713
1.08898457	-0.14205602	0.15027773	-0.97185626	0.03691478	0.32670461
0.77074752	-0.06775304	0.04909627	-0.91152467	-0.17181591	0.25436297
0.48807164	-0.21882855	0.16036212	-0.85513646	-0.08293878	0.24098353
0.70922965	-0.21268829	0.17653710	-0.69640009	-0.46235611	0.06172087
0.41695344	-0.14468039	0.07277129	-0.49631515	-0.13475465	-0.31758843
0.68255240	-0.13961783	0.22518088	-0.26093685	-0.47314833	-0.27379262
0.87008419	-0.22509967	0.15104141	-0.31296807	-0.49453720	-0.32662255
0.75787816	-0.29042186	0.20488263	-0.52596322	-0.21038178	-0.48517528
1.02159894	-0.07438165	0.21044613	-0.31448333	-0.30725609	-0.68316649
1.03182348	-0.11828364	0.24666947	-0.23249950	-0.41835387	-0.50201907
0.86516028	-0.12275280	0.15255151	-0.35171587	-0.24203733	-0.40135141
1.01922995	-0.07894199	0.23444597	-0.00953230	-0.03191937	0.00504308
0.65246269	-0.15268675	0.21768530	-0.24469445	-0.05677484	-0.36685499
0.93114413	-0.30235052	0.23456208	-0.22076649	0.25420011	-0.29539208
1.11368168	-0.29183865	0.04782032	-0.09325147	0.47166197	-0.10833919
1.36814722	-0.56051137	-0.10673389	0.24378550	0.28934151	0.13206915
1.53180584	-0.44429024	0.04286310	-0.05346391	0.33292565	-0.10611536
1.41825153	-0.38550041	0.11016935	0.29089651	0.02300652	0.08125141
1.25621190	-0.32772289	0.07156903	0.23780821	0.21035119	-0.22241390
1.13737778	-0.28499881	0.00242477	0.12866993	-0.12001481	-0.38095239
1.42743519	-0.10937523	0.16241617	-0.09469149	0.08993716	-0.42536320
1.15887353	-0.08728795	0.18834667	-0.30384227	-0.04202359	-0.24139733
1.19076153	-0.07423649	0.25449311	-0.24364420	-0.09527632	-0.24252943
1.07682937	-0.00179191	0.09280688	-0.65654122	0.03240837	0.08207849
1.14757120	-0.02579204	0.06119468	-0.57700811	-0.31478918	0.32705283
0.86434371	-0.05261238	-0.09098980	-0.52173317	0.40279349	0.43208172
0.74892540	-0.09608156	0.02452031	-0.24716632	-0.28900464	0.50251314
0.69023917	-0.12140505	-0.05728498	-0.13012272	0.26124963	0.36473083
0.70833946	-0.05013280	0.05594039	-0.87242703	0.03005894	0.05591911
0.53128720	-0.14273488	0.04816675	-0.37814738	-0.06239367	0.50964587
0.49334732	-0.12596989	-0.01190672	0.10581109	0.70393098	0.18018867
0.59755746	-0.13821655	0.20730415	0.02344977	0.75576661	0.25785433
0.44177733	-0.22312118	0.13237622	0.27049801	0.67523330	-0.26669869
0.72284950	-0.03036696	0.26725723	0.35160085	0.20415925	-0.71950116
0.95206903	0.00597542	0.16283290	0.19695984	0.69266026	-0.18426453
0.94870868	0.02264712	0.10785322	-0.16723982	0.24233479	0.26305246
0.62991630	0.10357101	-0.11201536	-0.09935133	0.19238712	-0.11765348
0.92015387	-0.01989229	0.01647833	-0.16023893	0.05985949	0.00856237
0.90050322	-0.13616390	0.18365738	-0.45757386	0.16218592	-0.37959787
0.71648221	-0.39291817	0.05468975	-0.45252738	0.19603480	-0.41879487
0.81911353	-0.62928700	0.18067666	-0.32708002	0.39759179	-0.54023620
1.51147004	-0.60780421	0.28581394	-0.20267381	-0.00358960	-0.99471029
1.43300394	-0.63479397	0.46510059	0.09253417	-0.07078108	-0.98324472
1.49819315	-0.23080514	0.51097629	-0.37901245	0.23150637	-0.22165362
1.72229989	-0.18914173	0.38643626	-0.65961340	0.12241212	-0.15137421
1.58967096	-0.18361672	0.45423750	-0.64086049	0.18358907	0.07532448
1.60686001	-0.14512781	0.46157840	-0.89241918	0.36401944	0.22645325
1.33585427	-0.23720136	0.46417691	-0.52675752	0.00161042	-0.09046871
0.81723369	-0.07386493	0.30976249	-0.44242075	0.54101915	0.42859045
1.23950817	-0.09335347	0.46431173	-0.76564858	0.32920276	0.23383226
0.56500033	-0.13908120	0.34934693	-0.55284619	-0.40619445	0.44799116
0.72491021	-0.00259346	0.41898860	-0.76334772	-0.11485762	0.25093432
0.52070776	0.00378915	0.32297182	-0.67540263	-0.27982328	0.59910594
-0.06140904	-0.03767561	0.16811618	-0.59041114	-0.21451315	0.32502810
0.40024609	-0.07586890	0.25265106	-0.40444733	-0.48897094	0.67517048
0.49221952	-0.04025550	0.24737352	-0.36286463	-0.41907326	0.43969937
0.47180801	-0.18437393	0.21286937	-0.18847418	-0.58152335	0.09132382
0.65112175	-0.23284898	0.29188204	-0.18149087	-0.80912809	0.03144049
0.53919444	-0.21968959	0.12633835	0.03698951	-0.70122207	-0.21397414
0.63208089	-0.19944195	0.17160670	-0.10878808	-0.90470280	-0.17836215
0.70050755	-0.11098321	0.25197364	-0.02125032	-0.49759160	-0.09407977
1.08207817	-0.13535144	0.31748797	-0.05632883	-0.57148004	0.00402945
1.10462512	-0.16484724	0.26085034	0.21173469	-0.58143521	-0.01549304
0.84542073	-0.08717188	0.20796747	0.09831048	-0.50788630	-0.05179068
0.90099649	-0.10866545	0.23931301	0.08581928	-0.55868798	0.00855612
1.30666524	-0.13969147	0.14807272	0.12181052	0.14556327	-0.09697452
0.91356927	-0.33793694	0.06732073	-0.47091417	0.15140995	-0.17717955
1.60918404	-0.46877096	-0.06537304	-0.46064547	0.52925672	-0.17272793
