1.16769539	-0.34196318	0.32072180	0.18630642	-0.42228894	0.12034686
0.93402075	-0.36768915	0.28132837	-0.04946444	-1.02205344	0.04483473
0.65247512	-0.50676609	0.33328467	-0.04687881	-0.50561042	0.17844084
0.92800005	-0.37821860	0.36154723	0.03811822	-0.96324605	-0.14831625
0.84624208	-0.44641883	0.09474603	0.26825820	-0.89376831	0.15357705
0.68571464	-0.53949764	0.17284135	0.13874473	-0.85319788	0.01597407
0.83379041	-0.46538035	0.11216968	0.03021594	-0.67826076	0.07728836
0.92743318	-0.48161368	0.12186757	0.28270845	-0.92786284	0.01385375
1.05710868	-0.44776979	0.20124653	0.43447272	-1.64060514	0.03504608
0.94633460	-0.31309672	0.02037784	0.38029377	-0.82777114	-0.18076638
0.70259617	-0.33197650	0.08192745	0.82372298	-0.66849825	-0.18189918
0.68433091	-0.34334667	0.18228810	0.78900643	-0.73852348	-0.20168200
0.71320624	-0.34038515	0.06722243	0.61079862	-0.50714135	-0.17073580
0.69457064	-0.26881564	0.09208612	0.64123068	-0.38537509	-0.29040638
0.80252014	-0.08049754	-0.06871744	0.84017888	-0.77178559	-0.28436847
0.66880873	-0.30071188	0.10397317	0.82345244	-0.44895402	-0.30109507
0.74246483	-0.20666258	0.04807910	0.45191531	-0.64277751	-0.28672857
0.86008119	-0.17851661	0.01217367	0.46122293	-0.45294290	-0.07733564
1.04285463	-0.26147042	0.09481875	0.42146418	-0.42186393	-0.11976582
1.02442144	-0.30224856	0.03218391	0.54352712	-0.19652632	-0.20404889
1.16405840	-0.20968485	0.06646107	0.25215762	-0.17414139	-0.10609612
1.09604535	-0.20493164	0.05029628	0.33126850	-0.06897407	-0.06288120
1.05358950	-0.20761545	-0.00307104	0.36343554	0.21028621	0.05733290
0.92858173	-0.26919819	0.06636550	0.49424857	-0.28668865	0.00347511
1.25445382	-0.17690897	0.04283619	-0.19004876	-0.13040828	0.22977083
1.25192059	-0.26826742	0.07706516	0.00933098	-0.22520320	0.19678729
1.01765751	-0.22940426	0.09280477	0.13246695	-0.43715399	0.27765422
1.03758192	-0.26338473	0.07489522	0.42433629	0.24662142	0.53909126
1.12145136	-0.28227267	0.11005057	0.69732108	-0.32469559	0.55735292
1.14393665	-0.47072374	0.11133160	0.73260692	-0.27349839	0.40509072
1.16036150	-0.42580633	0.16082177	0.83898979	-0.03601516	0.31904916
1.35137544	-0.39509316	0.13292543	0.73477912	-0.47520634	0.07051629
1.43315262	-0.53845156	0.13783346	0.75148560	-0.47091742	0.00197026
1.24777426	-0.62977396	0.01793438	0.37358847	0.02978848	0.39710076
1.21768098	-0.70963642	0.10582475	0.50434940	-0.04608907	0.28848452
1.29142880	-0.70119613	0.25679340	0.77403174	0.40097563	0.23282574
1.20815255	-0.62766726	0.18645641	0.49283510	0.67700604	0.05657817
1.04292426	-0.66242540	0.08159802	0.23631685	0.37805723	-0.05532854
1.10023006	-0.50234184	0.24890816	0.33649235	0.42392826	0.00756834
1.15590258	-0.42390839	0.15053207	0.26585218	0.27184955	0.12021208
0.91100378	-0.32444800	0.08217487	0.31282375	0.29669113	0.14611679
0.92289041	-0.50844643	-0.02480804	0.41592628	0.38630913	0.19251547
1.03559972	-0.42485856	0.26601942	0.29039473	0.61161354	0.39518194
0.75639183	-0.50681489	0.10740285	0.61801127	1.00961456	0.32572702
0.87063353	-0.57169463	0.14139498	1.06101044	0.59781159	0.15359539
0.57857443	-0.43980342	0.12793634	1.21220621	0.38991097	0.27538724
0.67737123	-0.42842516	0.17187901	1.28580830	0.51329067	0.15493637
0.65388138	-0.19556631	0.10156516	1.74150383	0.05925155	0.01869751
0.56543823	-0.28663437	0.14003774	1.46708674	0.60501686	0.07410390
0.93977392	-0.13907634	0.22230953	2.04112179	0.33392717	0.20312940
0.82161814	-0.09268746	0.23203355	1.27332650	0.09579575	0.14845515
0.66183928	-0.16424052	0.36234884	1.18064593	0.11130698	0.32992179
0.60665968	-0.15543972	0.22575508	1.43038388	0.05559807	0.49896011
0.68568202	-0.06608903	0.34080282	1.23267092	-0.37449520	0.43785668
0.73561277	-0.29658836	0.47390415	0.91894398	-0.66212830	0.46447433
0.85871933	-0.19223717	0.43068783	1.12546934	-0.47819064	0.31606305
0.78426118	-0.21060003	0.39420063	0.77974667	-0.38524011	0.14100497
0.77439338	-0.34373932	0.43333284	1.26112544	-0.66822705	0.29656552
0.87081775	-0.28904004	0.40628808	1.08905491	-0.45316478	0.06020357
1.05421181	-0.22275682	0.44821619	0.55092721	-0.80787852	0.27184701
1.17870259	-0.32914223	0.38873417	1.00893735	-0.49685119	0.29268511
1.14042128	-0.38171766	0.50739292	0.68950565	-0.76507883	0.57100824
1.21667284	-0.52720785	0.43488279	0.86173355	-0.89410096	0.56707961
1.48437242	-0.54080544	0.40543745	0.95935430	-0.30291661	0.34493394
1.48689642	-0.54126495	0.42065449	1.06584493	-0.61895883	0.27212787
1.18442683	-0.55151604	0.29966158	0.89971215	-0.63737178	0.17145566
0.90472197	-0.45196863	0.36919616	0.62360518	-0.69371428	0.29247012
0.70662247	-0.30385392	0.20377167	0.52417541	-0.38629120	0.21585036
0.68530659	-0.53292070	0.17867174	0.27895883	-0.72369245	0.26104292
0.74168135	-0.45869424	0.19775642	0.32983844	-1.26260601	0.13792890
0.93619252	-0.48721203	0.20918708	0.87709561	-1.39007488	0.20661743
1.17622656	-0.43629396	0.07068106	0.74375495	-0.82605082	0.12286847
1.02819943	-0.39316930	0.01617882	1.01528621	-1.24847999	0.17734007
0.89377451	-0.45498868	0.05015485	1.07690079	-1.41257674	-0.05140266
0.92941202	-0.44687986	0.13554463	0.96248008	-0.86620959	-0.05400767
0.84341496	-0.40058750	0.07839747	0.90765170	-0.83666349	-0.25800109
0.77856465	-0.32644046	0.07105427	1.12198536	-1.17620907	-0.10412698
0.76278192	-0.29870142	0.09482905	1.15612988	-0.68768601	-0.26441537
0.73743822	-0.15788170	0.09908794	0.65676653	-0.74732015	-0.25600489
0.67828191	-0.02983400	0.07009570	0.84312149	-0.27442131	-0.12577339
0.75044001	-0.06191089	0.13944285	0.13506556	-0.57717290	-0.38173027
0.67796427	-0.07532711	0.07406276	0.56512181	-0.66008327	-0.28442116
0.94016908	-0.05039524	0.05459571	-0.09361900	-0.17576413	-0.08160636
0.79819895	-0.25082203	-0.03719838	0.33345047	-0.80839945	-0.12123900
0.96017536	-0.22683077	0.02916256	-0.06558313	-0.33896891	-0.20196854
1.22244291	-0.24496664	-0.01765005	-0.02341228	-0.37987067	-0.21645272
0.95999202	-0.22586882	0.00082668	0.09230106	-0.05563632	-0.19244207
1.03687051	-0.05961708	0.02113609	0.18739224	0.05720946	0.03794567
0.91517020	-0.16877036	0.08626952	-0.30224894	0.39162572	-0.07874760
1.07120770	-0.09435395	0.05363819	-0.24237984	0.07026875	0.02524074
1.03865054	-0.16097105	0.08971413	-0.54093515	0.09444130	0.21663584
1.33379820	-0.13615387	0.06526062	-0.60034263	0.14104342	-0.04795411
1.31744833	-0.25655015	0.00360768	-0.44236752	0.16139129	-0.00419988
1.38032453	-0.45436716	-0.06252293	-0.07429799	0.43795994	0.20354123
1.27263753	-0.44509210	-0.06739456	0.09719139	-0.08834347	0.02049341
1.27432447	-0.45478527	0.13603183	-0.30854603	0.35702628	0.14691009
1.44287828	-0.47156791	0.11169399	0.05536410	0.09174722	0.15301589
1.39270735	-0.61870101	0.03319663	-0.04431522	0.03817836	0.28987263
1.23719907	-0.65326425	0.14952168	0.23673802	0.43114134	0.17389905
1.16157616	-0.59106287	0.15484029	0.37603882	0.60959166	0.09070998
1.09791415	-0.56033088	0.08538986	0.25215291	0.67591944	0.20139022
1.01158382	-0.57234495	0.11211396	-0.25226014	0.80251961	-0.00018104
0.91201636	-0.50111064	0.22091658	-0.17345131	1.07934989	-0.01035699
0.89383803	-0.43156451	0.17836872	0.22818861	1.11588515	-0.04286116
0.91815223	-0.36964787	0.17734521	-0.11212714	0.78954623	-0.06963227
0.94056580	-0.24532975	0.22212702	-0.16833283	0.67427655	-0.05232974
0.71237843	-0.33419716	0.22168615	-0.04650136	0.82518731	-0.04189043
0.89886638	-0.32497313	0.18624482	-0.14780681	1.02986618	-0.13431225
0.86090138	-0.33968770	0.16311109	-0.22316784	1.05758495	0.09616510
0.64532519	-0.35499596	0.15297710	0.07201548	0.74802899	-0.14572619
0.52830476	-0.31917710	0.16670650	-0.08672740	1.05956313	-0.02769263
0.80964518	-0.22462364	0.09353975	0.08339836	1.08363124	-0.03207917
0.65294845	-0.42344562	0.21528191	-0.09329876	1.20302617	-0.08860196
0.70890328	-0.26674864	0.14295127	0.43770911	0.46537306	-0.14850013
0.67973058	-0.36544520	0.27183533	-0.29804359	0.83126572	-0.01245142
0.71033716	-0.32576254	0.44691580	0.14307849	0.56872107	0.13903923
0.65510887	-0.21818677	0.27524456	0.03748596	0.37238882	-0.09155598
0.83475893	-0.16672236	0.38623582	-0.23213330	0.28394701	-0.06221967
0.80100609	-0.18784511	0.35938824	-0.37601939	0.07592800	0.15204851
0.60202352	-0.13165996	0.32842519	-0.40566461	0.05617963	-0.02278984
0.91656885	-0.22724071	0.44192696	-0.36026539	0.34667410	-0.02259534
0.89016096	-0.18671726	0.41875270	-0.11340596	-0.10127712	-0.06803644
0.98246756	-0.25450023	0.46260407	0.39931486	0.12382269	-0.01428903
0.88678788	-0.15904539	0.58191251	-0.09457934	0.02440386	-0.14716661
0.97110475	-0.33495000	0.53821252	-0.28846347	-0.04232422	0.01325531
1.23026981	-0.46642276	0.51048820	-0.14188013	0.06686711	0.00904445
1.42117987	-0.55134330	0.58016241	-0.11715298	-0.42726265	0.17798604
1.48313635	-0.53231071	0.33925649	-0.03146580	-0.40142784	-0.02642941
