1.37498154	-0.51304599	0.39290837	0.77823166	-0.55815441	0.24983249
0.96557858	-0.41620892	0.32919229	0.85992574	-0.89205611	0.24489430
0.96621711	-0.34731634	0.32973697	0.77482463	-0.95696667	0.30897203
0.83789622	-0.49148266	0.19783408	0.13470256	-0.87968119	0.30992816
0.89741141	-0.54839306	0.28866009	0.61311674	-0.59889860	0.41957040
0.91527686	-0.55703785	0.05211064	0.63087397	-0.91947191	0.26380858
0.91108806	-0.51857692	0.06554458	0.78347037	-0.87262844	0.13060481
1.21885912	-0.45859052	0.06345632	0.90455825	-0.85860051	0.05598413
0.99570852	-0.39182039	0.04588477	0.71598881	-0.80131527	0.00620988
0.88350672	-0.41365399	0.13645184	0.71835373	-1.14867181	0.22585816
0.83192397	-0.42978575	0.16463926	0.85429422	-1.38046291	-0.14478524
0.83423816	-0.44715603	0.10188280	1.12771918	-0.71376584	-0.03194291
0.73525512	-0.31254468	0.06155963	1.08702942	-1.35068665	-0.09502513
0.80210616	-0.37469611	0.07981357	1.08583992	-1.10962280	-0.02721143
0.90922772	-0.23774268	0.00927360	1.35367358	-0.66871118	-0.03681658
0.96670723	-0.10818172	-0.01526882	0.78796992	-0.90278002	-0.22760979
0.87253146	-0.15062966	0.15508791	0.56279969	-0.77964972	-0.24973009
0.70868324	-0.03487839	0.06182977	0.11656034	-0.62043563	-0.28166734
1.01636122	-0.13504063	-0.00876380	-0.25528308	-0.73953815	-0.15125493
0.95493420	-0.23914885	-0.07264593	-0.11756339	-0.08277038	-0.22157769
1.07524981	-0.27705350	-0.02812783	-0.07442981	0.06592508	-0.17240204
0.95412012	-0.28437509	0.02401843	-0.04901547	-0.52072325	-0.20586050
1.00672013	-0.13516502	0.02391674	-0.20485844	0.06092970	-0.17924588
1.11097982	-0.19114220	-0.00678257	-0.20193335	0.15890266	-0.16766470
1.03568224	-0.17954400	0.10288586	-0.46751327	0.05212056	0.02837903
0.95281868	-0.08394407	0.00721548	-0.37027725	-0.04433468	-0.17947966
1.14069603	-0.27827739	0.01444949	-0.58243215	0.10795508	0.04268397
1.29167378	-0.17579171	0.06973772	-0.32695170	0.20031583	-0.00232586
1.21121780	-0.26006698	-0.02231900	-0.08948014	-0.04124980	-0.02555583
1.28659688	-0.40923191	0.01522567	-0.42438521	0.08764408	0.24830930
1.39951638	-0.41435502	0.02293007	-0.09391430	0.26149882	0.20358751
1.39138701	-0.49063141	0.15315561	-0.14800774	0.57678572	0.08191177
1.61542200	-0.45728673	0.10506406	-0.39011483	0.17626028	0.16143694
1.52667080	-0.61796972	0.16778569	-0.33868636	0.29317030	0.12338699
1.51217473	-0.76628827	0.11160118	-0.29369562	0.42135789	0.33156440
1.12095165	-0.65815974	0.08987869	0.13996815	0.86641338	0.30613359
1.11228941	-0.58583175	0.08662381	0.23073121	0.78525706	0.04863214
1.14263631	-0.68957203	0.25726816	-0.33576762	0.93017758	0.00630779
0.98102980	-0.63609956	0.17740940	0.12951418	1.31369402	-0.10613212
0.86675194	-0.49133719	0.08857092	0.02834845	0.94425689	-0.10364579
0.93136349	-0.33305350	0.17702052	-0.03455988	0.61049581	-0.06211203
0.85310762	-0.44267749	0.20166773	-0.19377132	0.67312373	0.09188025
0.78451730	-0.29595138	0.10741474	-0.56974583	0.99033326	-0.04503868
0.80610610	-0.28990699	0.17742187	0.04365108	1.42977556	0.01441102
0.57799832	-0.37531482	0.16287686	-0.35229918	1.18918859	0.03188737
0.44586732	-0.31918279	0.12945986	0.15506276	0.98436423	-0.06390581
0.74315155	-0.29976600	0.17221063	0.02004795	1.10497317	0.02912573
0.80105636	-0.22476176	0.24749143	-0.02592549	0.90821320	-0.01468502
0.74302309	-0.29312018	0.18249993	0.02472156	1.00497934	0.07987088
0.73743724	-0.34211630	0.22452564	-0.12472921	0.54585439	-0.09395138
0.53950753	-0.28918344	0.32649066	0.13306247	0.58849596	0.07864989
0.68055394	-0.20508947	0.31817787	0.06557451	0.49857092	-0.03907141
0.68537202	-0.18585041	0.37129066	0.02070765	0.01769852	0.07379820
0.90480406	-0.27301194	0.25945599	-0.02864237	0.06236564	-0.00508037
0.97266111	-0.29781074	0.48988332	-0.55127487	0.35111363	-0.05520024
0.82229726	-0.16334648	0.39105118	-0.18663055	-0.04441357	-0.08000642
0.79998335	-0.12577549	0.32995506	-0.21180007	-0.07118428	-0.16435138
1.04255787	-0.14384339	0.47412974	-0.14735873	-0.41149757	-0.11488170
0.96585573	-0.15026967	0.52569613	-0.16421123	-0.25059747	-0.20794582
0.79253369	-0.27442868	0.55785951	0.08824189	0.18375608	-0.13634617
1.09236977	-0.40221209	0.43704439	-0.16589946	-0.09088909	-0.00555833
1.03770620	-0.47351814	0.53296430	-0.56759185	-0.19315393	-0.08521028
1.52711641	-0.55294253	0.38924243	-0.19091503	-0.23573651	0.29077662
1.41464800	-0.52907818	0.32025015	0.17738219	-0.14897984	0.09128224
1.20303263	-0.48523209	0.36837467	0.05723233	-0.15019651	-0.06278976
1.02258090	-0.45916728	0.37073318	-0.11147215	-0.22258363	-0.12356160
0.84934477	-0.34474746	0.34322255	-0.46206987	-0.71047546	-0.03374443
0.83425744	-0.29755283	0.17090309	-0.48724908	-0.60671990	-0.02884240
0.91743596	-0.30154118	0.13144383	-0.60257652	-0.45564298	-0.00227331
0.75649412	-0.53374756	-0.00201152	-0.48260246	-0.68366778	-0.09377443
1.05887056	-0.36513572	0.12366047	-0.63175611	-0.49446377	-0.14205627
0.95376528	-0.56776380	0.09266325	-0.39697334	-0.39665657	-0.23529186
0.85702152	-0.50238489	0.04848417	-0.39886451	-0.52745152	-0.29211418
0.84345281	-0.48026495	0.10311243	-0.46930554	-0.45422657	-0.14539404
0.87223269	-0.28435556	0.14219786	-0.09868656	-0.65896496	-0.22843495
0.78887859	-0.36546276	0.14969213	-0.27053934	-0.40953117	-0.20098688
0.68536178	-0.13918133	0.05649101	-0.38795294	-0.56079665	-0.14574607
0.77571522	-0.17911391	0.04128730	-0.02029973	-0.50947642	-0.09615827
0.63396460	-0.25752856	0.10437268	-0.20549360	-0.38098401	-0.04374573
0.84365957	-0.16864653	-0.05189931	-0.39951415	-0.60954261	-0.12279511
0.53809401	-0.12647062	0.00894467	-0.71101351	-0.54697135	-0.09222876
0.85034658	-0.20855356	0.08801118	-0.41850507	-0.59063621	-0.14220619
0.99862959	-0.11608982	-0.04468106	-0.37568739	-0.18303673	-0.08132274
0.93568685	-0.21734128	0.00820832	-0.72246106	-0.13183955	-0.11946309
1.00650043	-0.26698491	-0.15940621	-0.46184807	0.03232813	-0.16496692
1.12974959	-0.28168351	-0.00000555	-0.47115676	-0.05936548	-0.07366541
0.90231442	-0.25251336	-0.01684330	-0.78907919	0.51792215	-0.15958745
1.06797517	-0.12661045	-0.05966865	-0.62348154	0.09138974	-0.10217023
0.90217665	-0.12825737	-0.07122907	-1.07816433	0.20033151	0.08693931
0.94311040	-0.20927495	0.02321843	-0.66106004	0.18502551	0.12080157
1.15637388	-0.20798869	-0.07126711	-0.33383941	0.18926850	0.10906491
0.98535137	-0.24336160	-0.00980671	-0.56194173	-0.14605705	0.13047979
1.23828141	-0.36022658	0.10284578	-0.02806850	0.13336964	0.27177817
1.26479996	-0.40358393	-0.04728544	-0.10257537	0.34740886	0.12779981
1.44193888	-0.55772798	0.06539484	-0.09270610	0.16613973	0.18231518
1.30752670	-0.40496788	-0.00317259	-0.23104046	0.22278189	-0.01405780
1.46023173	-0.44480395	0.08019865	-0.43079935	0.23856851	-0.06746318
1.19122743	-0.59456620	0.12871209	0.03264155	0.34849542	-0.15143697
1.10606733	-0.55009211	0.15172044	-0.15326174	0.37499234	-0.07059423
0.98334385	-0.72876242	0.10041275	0.11265275	0.75273748	-0.02393140
1.31301665	-0.69170913	0.12007500	0.08638322	0.96648630	-0.17247517
0.74737797	-0.51378431	0.12990893	0.09803517	1.39828943	-0.27622782
0.87248660	-0.44397927	0.14569622	0.46007615	1.12598470	-0.24997391
0.76525813	-0.37127680	0.20898759	0.40951050	0.83221679	-0.20928969
0.86132826	-0.50558016	0.16984276	0.29843979	0.70431919	-0.08067321
0.87714311	-0.39575270	0.21067708	0.10288259	0.66646888	-0.15383999
0.76738305	-0.36437713	0.21757405	0.21558601	0.93475013	-0.10910571
0.93068344	-0.34295073	0.14197590	0.11008988	0.94290236	0.03015241
0.77207284	-0.30174784	0.05615167	0.32859983	0.38343255	-0.01630053
0.76993907	-0.22353897	0.20418312	0.50721334	0.50766628	-0.09145221
0.69013319	-0.11969556	0.20390903	-0.05117196	0.53796573	-0.05209658
0.73427528	-0.05254567	0.23865261	-0.25056319	0.97002076	0.05540617
0.68435391	-0.12536120	0.28491971	-0.07395873	0.69620480	0.05092085
0.52509782	-0.14827181	0.36246914	0.05095515	0.12647384	0.11081090
0.49961061	-0.17106286	0.22066743	0.14473231	0.17932072	0.13151252
0.54596906	-0.18610924	0.12625186	0.55072070	0.10425756	0.04754099
0.64090177	-0.19308664	0.40871514	0.25229875	0.07358189	0.14577642
0.57887514	-0.06220294	0.42419765	0.37215343	-0.48500301	0.14108538
0.66332751	-0.15007153	0.35923874	0.00085007	-0.52326233	0.01892594
0.90992147	-0.22734966	0.29059439	0.14185256	-1.00005768	0.11695825
0.95738511	-0.22863298	0.25706777	0.17961897	-0.89160227	0.14223628
0.85826897	-0.27436486	0.31636885	0.09245224	-1.10425108	0.08045764
1.02691424	-0.29716115	0.23731721	0.14265890	-0.66873441	0.25008044
1.10633963	-0.36603887	0.23946260	0.18019505	-0.88452804	0.28920851
1.26824791	-0.43757985	0.26066611	0.47739428	-0.61726067	0.44780108
1.47592664	-0.52014433	0.23459524	0.80501752	-0.04269536	0.50054566
1.36936927	-0.47335063	0.28560422	0.83650377	-0.29147125	0.16931927
1.41364107	-0.55377863	0.37720196	0.90896809	-0.73069282	0.11894644
