1.47383579	-0.48409621	0.33941489	-0.24942810	-0.15039668	0.00721299
1.16268869	-0.40432228	0.33199321	-0.16730285	-0.37117398	0.01204060
0.93419855	-0.25367996	0.24832353	-0.44826700	-0.51731504	-0.11487566
0.79338602	-0.40551264	0.29417074	-0.55857413	-0.83345788	-0.13578463
0.94763331	-0.40298821	0.17427378	-0.65187189	-0.35776037	-0.14592489
0.92486453	-0.55595995	0.14491283	-0.73174360	-0.54465683	-0.20286099
0.90208777	-0.59618651	0.17865830	-0.52360107	-0.39404421	-0.18938718
1.12908911	-0.49724833	0.17801210	-0.10140159	0.13614936	-0.13169008
0.99135972	-0.50105410	0.04518236	-0.00229115	-0.74195616	-0.17430185
0.82877975	-0.38146682	0.08432208	0.00034515	-1.05033567	-0.15521203
0.89516155	-0.18794052	0.05582038	-0.34182735	-0.89371556	-0.37550416
0.82490001	-0.20280787	-0.05283137	-0.06449964	-0.51221617	-0.25747782
0.95372866	-0.25444795	0.10216654	-0.10074062	-0.58847682	-0.23944208
0.80115474	-0.35349397	0.05752092	-0.24953733	-0.39252487	-0.15665163
0.76833990	-0.23532130	0.05864357	-0.55442185	-0.18916120	-0.00443873
0.70197272	-0.30411357	-0.00002279	-0.26969734	-0.60339325	0.07909009
0.59309422	-0.10663604	-0.03217801	-0.54367656	-0.31912092	-0.10837911
0.75326732	-0.16990472	0.01740565	-0.57418328	-0.10411205	-0.16657652
0.69525387	-0.22722479	0.00290730	-0.89947238	-0.31044673	-0.07361974
0.84823892	-0.26458104	0.00987660	-0.62095625	-0.30771385	0.00789601
1.04065955	-0.08558218	0.08133685	-0.21895088	-0.14703084	-0.21045957
0.97838579	-0.21609555	-0.00861926	-0.51628267	-0.09968299	-0.00609212
0.95950627	-0.19190587	0.01764021	-0.50938243	0.16500617	-0.00292612
1.06813627	-0.21983336	0.00157422	-0.51874585	0.31733939	0.15623059
1.09463225	-0.16821785	-0.05713154	-0.63603493	0.37405023	0.02434580
0.98635258	-0.18070855	-0.00458118	-0.73688787	0.07907783	0.24833561
0.98080782	-0.03069939	0.04695352	-0.62610896	0.05030432	0.18911297
1.27674886	-0.10973833	0.10740798	-0.72191032	0.07729700	-0.10313664
1.29325544	-0.25235835	0.02724479	-0.25990720	0.20338284	0.04650596
1.25143482	-0.44872518	0.06518633	-0.28940619	0.41646199	0.14265154
1.49254152	-0.52081992	0.01257374	-0.44952306	0.21885091	0.10084410
1.50145103	-0.55158531	-0.01355029	-0.67216629	-0.12380807	0.05215132
1.39890430	-0.52334152	0.01808887	-0.95597453	0.12698424	-0.21397550
1.34280832	-0.74198586	-0.03245992	-0.54889006	-0.08578333	-0.04393820
1.36443283	-0.69529068	0.02349503	-0.26280576	0.36200212	-0.05930993
1.06187995	-0.66947332	-0.01443124	-0.07051733	0.59414225	0.08745793
1.11733502	-0.66257249	-0.01863674	-0.03621695	1.22627151	0.06222596
1.07414131	-0.59360558	0.12001642	-0.10050125	1.18999529	0.13538240
0.76491089	-0.33652075	0.20041879	-0.42242607	0.94050601	0.09699509
1.07587065	-0.26570787	0.18435348	-0.42845533	0.95159133	-0.02830905
0.68844890	-0.28481943	0.15045105	-0.64988550	0.62495350	0.12650711
0.87901974	-0.34143873	0.12124781	-0.40954246	0.62937254	0.09068463
0.92403981	-0.25555928	0.11126363	-0.73974793	1.31619907	-0.08425027
0.73324439	-0.26198970	0.12263735	-0.52648000	0.75457968	0.03516592
0.48622768	-0.36908098	0.18301131	-0.40450050	1.28832231	-0.15624003
0.68118518	-0.43822367	0.13471208	-0.19214233	1.35029866	-0.18464754
0.71440270	-0.23993659	0.19323252	-0.10153289	1.26592006	-0.05053566
0.73229312	-0.24217030	0.24234268	-0.06892085	0.86803458	-0.05251322
0.60502066	-0.16183282	0.26793867	0.04880228	0.88334275	-0.04344594
0.71973515	-0.17423550	0.18503116	-0.22077089	0.90571114	0.02297547
0.71905495	-0.22158398	0.24038743	-0.27732232	0.19328192	0.25550928
0.70093482	-0.13554053	0.31271977	-0.49233084	0.17869735	0.06777268
0.85886670	-0.09614794	0.25694947	-0.44769111	0.73046854	-0.04687323
0.66458942	-0.19781935	0.25725849	-0.31967147	0.20955300	0.02675161
0.83485284	-0.26131032	0.40093407	-0.42832954	-0.29690870	0.04700992
0.89642675	-0.25129983	0.32970364	-0.19470483	0.11793358	-0.06731816
0.84642540	-0.17438129	0.49789108	-0.09124162	0.05442698	-0.17451904
0.86406280	-0.35906981	0.49850139	-0.29325333	-0.64053795	-0.03989712
1.07639866	-0.29443221	0.56302759	-0.30285271	-0.40688657	0.03165100
1.19070958	-0.42526366	0.33814919	-0.55617921	-0.32848256	0.34601863
1.34880403	-0.60934218	0.26736602	-0.25732293	-0.48124908	0.46195977
1.34581971	-0.51897044	0.38656782	0.15150418	0.01621391	0.11750052
1.11702690	-0.43347755	0.40759395	-0.11908338	-0.28151804	-0.03070520
1.22306550	-0.52445170	0.25630201	-0.03974162	-0.98216934	-0.06447950
0.99332477	-0.28857458	0.27499715	-0.60536559	-0.70390391	-0.06689403
0.83088963	-0.33951426	0.15341403	-1.03016079	-0.63978160	-0.05404587
0.90239210	-0.41792877	0.17676250	-0.68378182	-0.64081052	0.08471842
0.86176190	-0.47414687	0.22387500	-0.80443552	-0.72177921	-0.20593831
1.04984604	-0.38768272	0.24405211	-0.59237894	-0.50027678	-0.07658575
0.80477226	-0.60528699	0.18060913	-0.35563467	-0.56798342	-0.14231887
0.96400253	-0.50131702	0.07762034	-0.23840908	-0.62708191	-0.17299498
0.89642495	-0.57144321	0.04505202	-0.21717233	-0.38364377	-0.29714808
0.82968591	-0.32084778	0.01550199	0.01581799	-0.36215074	-0.36712756
0.91611964	-0.30229055	0.10924210	-0.28318073	-0.77672684	-0.43908165
0.69774044	-0.32992035	-0.02188468	-0.38432895	-0.44260048	-0.05250325
0.90415661	-0.25908939	0.05803988	-0.33322849	-0.39718770	-0.35277571
0.84724042	-0.43906302	0.03354888	-0.30104859	-0.54644507	-0.10310131
0.74142076	-0.26877253	-0.03974319	-0.43257373	-0.75343989	-0.04938560
0.86977439	-0.30773216	0.01748059	-0.42987531	-0.31221047	-0.03845016
0.79501701	-0.29901893	0.04781339	-0.20207990	-0.36789260	-0.16917353
0.77864014	-0.23730020	0.04396543	-0.53862808	-0.11637038	-0.23819836
0.81773774	-0.29543943	-0.05290396	-0.51847067	-0.32938504	-0.15718854
0.73333921	-0.41169113	-0.03237321	-0.48247579	0.00859117	-0.15560746
0.91027637	-0.20174830	-0.02112970	-0.34670141	-0.17211130	0.05067691
0.82047543	-0.24546039	0.01135564	-0.35380896	0.20113567	-0.11664790
1.10246103	-0.23200385	-0.00025982	-0.31968034	0.30691775	-0.05328555
1.10050942	-0.26247472	-0.03426521	-0.60771684	0.07915628	0.12962559
1.21033138	-0.14573233	-0.04874904	-0.43600466	0.12130876	-0.02994316
1.16164442	-0.12346181	0.06756355	-0.39278676	-0.30577081	0.05273997
1.23374294	-0.19172910	0.05284619	-0.54375738	0.35710556	0.17458328
1.23229599	-0.18860264	0.04450853	-0.37370346	-0.11009566	0.35734567
1.24390732	-0.38499567	0.04074467	-0.43327519	0.43494657	0.25068571
1.61683372	-0.40690787	0.04070618	-0.20831434	0.49145688	0.06622091
1.43178401	-0.41273306	0.00208957	-0.08421926	0.27719201	0.15194104
1.45051871	-0.49425082	0.06636474	-0.29350891	0.20241660	0.05875673
1.32032888	-0.56057216	0.04757614	-0.30131267	-0.38778030	-0.08406245
1.33685595	-0.77183619	0.07012721	-0.43901707	0.03417650	-0.02480422
1.25236577	-0.64427762	-0.03045882	-0.14535685	0.04361129	0.00184855
1.22381250	-0.57368679	0.02944306	-0.00416932	0.83194286	0.05452707
1.23428799	-0.62596353	0.05543518	0.00050816	1.26817723	-0.03091073
0.99239252	-0.45932876	0.08385765	0.08341052	1.36228009	0.03946011
1.00511870	-0.34616447	0.16312524	-0.14728490	1.01000757	0.02096470
0.97742070	-0.25762402	0.17501450	-0.33030487	0.97784190	-0.12347750
0.87249948	-0.30996028	0.12609673	-0.49033157	0.72880284	-0.00657413
1.01872690	-0.27049425	0.18172964	-0.37303316	0.86999804	0.01819472
0.89742391	-0.33414754	0.13795398	-0.27794786	0.66378942	-0.07881196
0.64439375	-0.43760432	0.16639907	-0.36622845	1.03416634	0.10325041
0.72295981	-0.36893511	0.09279614	-0.15641501	0.73173164	-0.06425321
0.73010687	-0.24759356	0.11027043	-0.19100011	1.02971529	0.08675702
0.61277896	-0.26755535	0.13905846	0.07765494	1.06528993	-0.13167379
0.71633711	-0.36051575	0.17511835	0.18972868	0.84828421	-0.13993142
0.69879863	-0.41942364	0.24458546	0.30667842	0.82828257	-0.09629290
0.51146254	-0.26386576	0.30164667	0.46018087	0.86559611	-0.17969964
0.50123326	-0.24323772	0.31929823	0.35089406	0.33339901	-0.27710703
0.62477626	-0.24621668	0.31172944	0.22922309	0.56582855	0.00230580
0.59061950	-0.12255894	0.28843476	0.41726163	0.21327628	-0.13930665
0.76345428	-0.23565248	0.29435565	0.15681239	0.47136426	-0.15037564
0.76781049	-0.24674315	0.32324166	0.32271729	0.28965811	-0.06382539
0.70684973	-0.32256053	0.27396404	0.17786971	0.11994411	-0.02747409
0.93560830	-0.27796242	0.45364719	0.16763659	-0.17775429	0.18178887
0.76918671	-0.25375995	0.35625584	0.24206299	-0.31053303	0.18030708
0.82658997	-0.24215650	0.36426811	0.18481873	-0.11287649	0.06263564
0.81736547	-0.11868282	0.43994821	0.23384701	-0.31529791	0.03197448
0.82827548	-0.15832209	0.30147585	-0.19926877	-0.79398174	0.09217622
0.89460468	-0.19880453	0.35664516	-0.43860425	-0.21435293	0.00125317
1.06510501	-0.34562531	0.46164394	-0.53720358	-0.25831077	0.05201529
1.11027064	-0.32712721	0.42021287	-0.15203784	-0.28678802	0.25155900
1.15607358	-0.59894839	0.38147218	0.04790342	-0.56673841	0.40804066
