1.01622687	-0.17146184	0.07223309	-0.00666465	-0.00525119	-0.00677322
1.01292641	-0.16911724	0.07133719	0.00307419	-0.00460045	-0.00885750
1.01278475	-0.16480123	0.06966989	0.00543087	-0.00227658	-0.01209364
1.01320287	-0.16230558	0.07180232	0.01021521	-0.00369466	-0.01481919
1.01647407	-0.16381946	0.07401869	0.01181455	-0.00647584	-0.00694409
1.02084081	-0.16556031	0.07703267	0.01611971	-0.01303796	-0.01004277
1.02100751	-0.16298231	0.06604980	0.00724051	-0.01142520	0.00370062
1.01717648	-0.15568870	0.07023798	0.02803153	-0.01106937	-0.00337232
1.01893929	-0.15645137	0.07288474	0.01033331	-0.00718126	0.00170863
1.01976643	-0.15833490	0.08171350	0.00121663	0.00100524	-0.00020655
1.01843852	-0.15388128	0.07880252	-0.00512682	0.00857671	0.00228418
1.02111361	-0.15751012	0.07775708	-0.01568758	0.01024726	-0.00208436
1.01720561	-0.15721500	0.06823177	-0.02177829	0.00209457	-0.00902649
1.01714766	-0.16181157	0.06745801	-0.01194550	0.00270153	-0.01089535
1.01773762	-0.16614772	0.07376893	-0.00905710	-0.00168331	-0.00325851
1.01978981	-0.16979192	0.07578778	0.00823780	-0.00637852	-0.00186767
1.02345308	-0.16868665	0.06992733	0.01787378	-0.00610607	-0.00290445
1.02135318	-0.16289405	0.07337543	0.00785319	-0.00048257	-0.00106482
1.01803726	-0.15382345	0.07102975	0.00197993	-0.00677637	0.00552005
1.01855330	-0.15325278	0.07785617	0.00331465	-0.00483283	0.00283483
1.01724649	-0.14989662	0.06542843	-0.00874509	-0.00399865	0.00428344
1.01593761	-0.15415473	0.06597704	-0.02601347	-0.00244987	0.00271554
1.02017224	-0.15966343	0.06711740	-0.02821731	0.00086475	0.00086342
1.01917422	-0.15696425	0.06595880	-0.02487200	0.00498152	0.00020137
1.02010452	-0.16205826	0.07061809	-0.01795154	-0.00125595	-0.00420807
1.01958921	-0.15957946	0.06238613	-0.01204152	-0.00007283	0.00410456
1.01925250	-0.16143427	0.07053290	-0.00764046	0.00043128	-0.00425110
1.02262496	-0.16097799	0.07486819	-0.00446642	0.00212632	-0.00026946
1.02290672	-0.15836923	0.07345319	-0.01074435	0.00496666	0.00213063
1.02266244	-0.15137800	0.07288648	-0.02086474	0.00850601	0.00190064
1.02397052	-0.15065882	0.06725258	-0.01273716	0.00538700	0.00436600
1.02428682	-0.15850097	0.06532752	-0.01872456	0.01148697	-0.00233857
1.02157199	-0.16034436	0.06384763	-0.00817396	0.01132360	-0.00133769
1.02057753	-0.15636292	0.07097751	-0.00666922	0.00673783	-0.00568664
1.02355101	-0.16030999	0.06941959	-0.01535124	0.00840472	-0.00465563
1.02090713	-0.16060422	0.07069736	-0.01179385	0.00659741	-0.00475565
1.01918603	-0.16616680	0.06051795	-0.00880431	0.00411779	-0.00464581
1.01540858	-0.16096525	0.06807042	-0.00491877	0.00010942	-0.00267768
1.01697501	-0.16117097	0.06645808	0.00485945	0.00259337	-0.00052200
1.01963582	-0.16124515	0.06635707	0.02424148	0.00315872	0.00639679
1.02182522	-0.16198769	0.06475007	0.01556038	0.00202283	0.00111762
1.01669029	-0.15668588	0.06726862	0.01340040	0.00129838	-0.00813813
1.01973080	-0.16007711	0.06541770	0.01046485	-0.00123776	-0.00430871
1.01779587	-0.16216071	0.06919656	0.01134314	0.00269499	0.00603569
1.01880661	-0.16324045	0.07055703	0.01459344	0.00380248	0.00135114
1.02102998	-0.15821212	0.07450899	0.00864190	0.00454110	-0.00554349
1.01619055	-0.16060360	0.07442246	0.00800845	-0.00058683	-0.00994299
1.01685425	-0.16035452	0.07463415	0.01760555	0.00292026	-0.01071557
1.01907307	-0.15883224	0.07288343	0.00543037	-0.00266041	-0.00533520
1.02102723	-0.16267606	0.07281631	0.01079255	-0.00025780	-0.00430597
1.01928889	-0.15877916	0.07166470	0.01559892	0.00206555	-0.00888753
1.01955069	-0.15830672	0.07359578	0.00863966	-0.00051149	-0.00363742
1.02001063	-0.15357851	0.07206185	0.00555734	0.00145838	-0.00769098
1.01805797	-0.15820361	0.07751956	-0.00161455	0.00289549	-0.01063445
1.01550404	-0.15082965	0.07486099	0.00182087	0.00798493	-0.00684663
1.01452911	-0.14712554	0.07649785	0.00209799	0.00893331	-0.01214412
1.01402520	-0.15224835	0.07511786	0.01039141	-0.00237516	-0.00729311
1.01905581	-0.15155976	0.06824348	0.00438462	-0.00490051	-0.00574266
1.02076541	-0.15230693	0.06326403	-0.00439810	-0.00041631	-0.00447084
1.02086860	-0.15190788	0.06195798	0.00133283	0.00119702	-0.00531440
1.02068836	-0.15609102	0.06361342	-0.00583795	-0.00288529	-0.00312625
1.01833704	-0.15550114	0.06994724	-0.00232845	0.00523362	-0.00286681
1.01835001	-0.15209442	0.07937883	-0.00283837	0.00538820	-0.00260205
1.02103970	-0.15840381	0.07740037	-0.00620743	0.00042745	0.00278129
1.02026710	-0.15595790	0.07198926	-0.01039881	0.00486124	-0.00423309
1.01531836	-0.15910760	0.07387430	-0.01265974	0.00068948	0.00313491
1.01614308	-0.15792031	0.07363757	-0.00641135	0.00380037	-0.00165452
1.01457924	-0.15883774	0.06531287	0.01025368	-0.00062860	-0.00062947
1.01471286	-0.15750378	0.06580814	0.00854119	-0.00313809	0.00278370
1.01504524	-0.15439592	0.06653480	-0.00549107	-0.00014310	0.00662140
1.01815868	-0.15644196	0.07051537	-0.00293018	0.00040416	0.00663499
1.02078342	-0.15230484	0.07040358	0.00172863	0.00156349	-0.00326434
1.01984419	-0.15660326	0.07250039	0.00320027	0.00384036	0.00295326
1.01979012	-0.14854777	0.07626313	0.00159859	0.00452194	-0.00026713
1.01953842	-0.14742081	0.07239233	-0.00155810	-0.00237979	-0.00293913
1.01864684	-0.15277537	0.07598332	-0.00598872	-0.00211429	-0.00603247
1.02090736	-0.15390488	0.07766825	-0.00297647	0.00023588	-0.00440976
1.02071036	-0.15527187	0.07231419	-0.01203389	0.00325703	-0.00783170
1.02079215	-0.15562382	0.07293181	-0.00293907	-0.00537656	-0.00304128
1.02006925	-0.15998270	0.06911497	0.01327306	-0.00822174	-0.00933566
1.02170521	-0.15517776	0.07055524	0.00587188	0.00411985	-0.00300854
1.01941311	-0.15330863	0.06919343	0.01042025	0.00824011	0.00076621
1.01802937	-0.15450231	0.07084702	0.00596725	0.00298695	-0.00313769
1.01845872	-0.15286722	0.07084018	-0.00682631	-0.00376795	-0.00278333
1.02068725	-0.15752408	0.07629719	0.00046922	0.00244364	-0.00325034
1.01913700	-0.16143211	0.07712007	0.00667539	0.00568969	-0.00576493
1.02076378	-0.15796363	0.07693761	-0.01240393	0.00513767	-0.01072842
1.02190106	-0.15769082	0.07065964	-0.01046309	0.00314420	-0.00938481
1.02209393	-0.15628854	0.06863776	-0.00081834	0.00090234	-0.00690775
1.02103146	-0.15084911	0.07347255	-0.01138201	0.00469337	-0.00192625
1.01708925	-0.14542393	0.07508625	-0.00024784	0.00116404	-0.00239312
1.01992168	-0.14298191	0.07639983	0.00218914	-0.00152378	0.01107200
1.02018977	-0.14963762	0.07450708	-0.00160278	0.00652787	0.00806442
1.01628251	-0.15784181	0.07025401	-0.00694200	0.00444213	0.00805342
1.01462301	-0.15349826	0.07136207	0.00398174	-0.00020900	0.00913677
1.01717326	-0.15659901	0.07587324	-0.00114059	0.00276966	0.01418892
1.01738248	-0.15013169	0.07196053	0.00398128	0.00199566	0.00722459
1.01736188	-0.14912109	0.07094904	-0.00910430	0.00463884	-0.00139440
1.01548773	-0.15246353	0.07500554	0.00386080	-0.00647686	0.00295180
1.01479197	-0.14360129	0.07725553	0.00165804	-0.01412994	-0.00156552
1.01861151	-0.14642144	0.07073666	0.00774801	-0.00527728	0.00760985
1.01991395	-0.15019919	0.06716340	0.00795893	0.00141758	0.00018748
1.01781519	-0.15485071	0.07092839	0.00825342	0.00302863	0.00604389
1.01507060	-0.15669250	0.07090640	0.00458674	0.00460933	0.00431771
1.01433616	-0.15260832	0.06861748	0.00524343	0.00287723	0.00160415
1.01778109	-0.15309296	0.06804850	0.00669880	-0.00193218	-0.00848585
1.02014188	-0.15848035	0.06662643	0.01317555	0.00192621	-0.00565151
1.02041171	-0.15614143	0.06826193	0.01697087	0.00174999	-0.01178088
1.01911316	-0.15896501	0.06598397	0.01458893	0.00396951	-0.00952182
1.02148980	-0.15448186	0.06856910	0.00697232	0.00388769	-0.01039340
1.01647105	-0.15023959	0.07973535	0.00379386	0.00238943	-0.01547089
1.01393119	-0.15035658	0.07395533	0.01082690	-0.00149807	-0.00593511
1.01790904	-0.14838320	0.07131138	0.00857213	-0.00615543	-0.00731871
1.01960726	-0.14985875	0.07027626	0.00431527	-0.00606514	0.00020726
1.01875388	-0.14526962	0.07321541	-0.00276194	0.00037909	0.00393224
1.02083670	-0.14666337	0.06933439	-0.00514640	0.00275411	0.00102343
1.02110765	-0.14757467	0.06797815	-0.01029843	-0.00216851	-0.00067370
1.01813084	-0.15049045	0.06786215	-0.01827776	0.00068426	0.00019917
1.01559627	-0.15389421	0.06861663	-0.00804366	-0.00004997	-0.00394000
1.01538145	-0.15747845	0.07449323	-0.00101224	0.00412017	-0.00259176
1.01599589	-0.15958285	0.07809705	-0.00201157	0.00430803	-0.00663371
1.02192841	-0.15094256	0.07362942	-0.00549855	0.00746604	0.00090605
1.01830022	-0.15124967	0.06757003	-0.01663763	0.01522889	0.00837226
1.01468530	-0.14836277	0.06271828	-0.01535844	0.00670690	0.00050630
1.01852132	-0.14696877	0.07107711	-0.01058452	-0.00681550	0.00058976
1.01955810	-0.14929935	0.07158785	-0.01776296	-0.00526643	0.00253572
1.01879256	-0.15808222	0.07611484	-0.00603812	0.00325883	-0.00207353
1.01785801	-0.15386425	0.08154155	0.01505529	-0.00641555	-0.00585666
