1.01450742	-0.15590606	0.07093830	0.00036495	-0.00271130	-0.00106356
1.01384981	-0.15243782	0.06914732	-0.00269571	0.00080980	0.00054523
1.01593669	-0.15641707	0.07597722	0.01188367	-0.00330727	0.00210858
1.01902567	-0.16297565	0.08110210	0.02139166	-0.00796336	0.00483105
1.02221657	-0.15853139	0.07460199	0.02997263	-0.01219324	0.00223365
1.02120722	-0.15129975	0.06775128	0.02793445	-0.00771402	0.00760692
1.01709909	-0.14775345	0.06543840	0.02616319	-0.00458130	-0.00142415
1.01719329	-0.14523215	0.06802897	0.01060773	0.00053587	-0.01137468
1.01389079	-0.14630904	0.07297662	0.00015755	0.00109367	0.00044867
1.01533384	-0.15402667	0.07850180	0.00312721	-0.00417930	0.00135125
1.01516236	-0.16333395	0.07796616	0.00546142	-0.00530335	-0.00082092
1.01771653	-0.16223250	0.07768846	0.00155066	-0.00408209	0.00236819
1.01928507	-0.15725763	0.06803627	0.02179217	-0.00053978	0.00388311
1.01663766	-0.14888148	0.07401272	-0.00023495	0.00316710	-0.00445003
1.01813118	-0.15106094	0.07166551	0.00579806	0.00203892	-0.00446345
1.01628274	-0.15312283	0.06960330	0.00135024	-0.00143940	0.00114206
1.01575286	-0.14952563	0.07419546	-0.00722739	-0.00561806	0.00374499
1.01846121	-0.14703135	0.06636644	0.00536237	0.00257815	0.00179975
1.01991696	-0.15245232	0.06739781	-0.00597669	0.00240444	0.01049154
1.01928062	-0.15363829	0.07816543	-0.00708052	-0.00189772	0.00573507
1.02085489	-0.14949762	0.07753629	-0.01027749	-0.00159008	0.01484694
1.02057689	-0.14560868	0.07481343	-0.02425291	0.00455237	0.00388939
1.02122750	-0.15049986	0.07491486	-0.02031503	0.01525819	-0.00514417
1.02087434	-0.15932788	0.07547181	-0.01040213	0.00804249	0.00816340
1.01573997	-0.17205508	0.06885929	0.00689692	-0.00112038	-0.00449374
1.01728306	-0.17471309	0.06819778	0.01907909	-0.01120941	-0.00304341
1.01767469	-0.16140647	0.07308487	-0.00022571	-0.00060033	-0.00660278
1.01965029	-0.15432818	0.06706256	-0.00578622	0.01427288	0.00907214
1.01949525	-0.15462371	0.06704731	-0.01007978	0.01026946	0.00546296
1.01903347	-0.15968187	0.06744143	-0.01203635	-0.00280906	-0.00174226
1.02024446	-0.15473098	0.07041888	-0.01779183	0.00613741	-0.00274930
1.01895733	-0.16056489	0.07842375	-0.01541747	-0.00283505	-0.00313920
1.01973070	-0.16506192	0.07390482	-0.01459000	0.00000089	0.00178165
1.01958085	-0.15787758	0.06606203	-0.00134613	0.01254030	-0.00224197
1.01925012	-0.16592709	0.06966832	0.00391054	-0.00267369	-0.00469940
1.01434109	-0.16407603	0.06734378	0.01898293	-0.00837249	-0.00412226
1.01620943	-0.16241133	0.06771619	0.01407141	0.00410943	0.01102978
1.01549549	-0.15741615	0.06766725	-0.00481802	0.00664369	0.01883867
1.01425058	-0.15122320	0.06921515	-0.00766401	0.00636325	0.01736288
1.01728088	-0.15426740	0.07154828	-0.00990334	-0.00006071	0.00052882
1.02184556	-0.15636692	0.07440235	0.00177090	0.00629033	0.00563969
1.01899756	-0.15277273	0.07684519	0.01186366	-0.00073456	0.01345658
1.01910343	-0.15637381	0.07067063	0.00552872	-0.00679953	0.00582746
1.02050060	-0.15558130	0.07381197	0.01487576	-0.01110178	0.01029072
1.01962036	-0.15424805	0.07571977	0.01537554	-0.00514881	0.00301182
1.01872721	-0.15423908	0.07301911	0.01113882	0.00671806	0.01206257
1.01803312	-0.15149332	0.06860302	0.00449357	0.00357231	0.00698281
1.01826469	-0.15380028	0.06683059	-0.00783813	-0.00173096	0.00816063
1.01903915	-0.15571525	0.06930297	-0.00109728	0.00208981	0.01190677
1.02014587	-0.16129029	0.08124168	0.00778090	-0.00617000	0.00945384
1.02228513	-0.16448351	0.07529160	0.02081495	-0.00527937	0.00131222
1.02337557	-0.16011415	0.07036830	0.02607641	0.00408106	0.00242549
1.02241722	-0.15194911	0.07727402	0.02273852	-0.00537866	-0.00230658
1.01938477	-0.15374628	0.07610586	0.02166948	0.00178505	0.00585618
1.01588190	-0.15438401	0.07624192	0.01739055	0.00326152	0.00595475
1.01440108	-0.15066912	0.06412530	0.00407299	-0.00232756	-0.00362858
1.02000402	-0.15656144	0.06166026	0.00784214	0.00029632	0.00912687
1.01785203	-0.15098517	0.06825671	0.00240681	-0.00918220	-0.00408818
1.01650429	-0.16008680	0.07208236	0.01185212	-0.01490867	-0.00682493
1.01860502	-0.15356256	0.07583697	0.01339622	-0.00665511	-0.00170086
1.02017012	-0.14981687	0.07604908	0.00487338	-0.00009219	0.00238775
1.01989210	-0.14703944	0.07424942	0.00882127	-0.00664894	-0.00481522
1.01654485	-0.14899796	0.07192613	0.00675476	-0.00724564	0.00743707
1.01646373	-0.14619241	0.07238535	-0.01758708	0.00118882	-0.00530831
1.01948603	-0.15033887	0.07069518	-0.01508435	-0.00500848	-0.01063088
1.02297985	-0.15770473	0.06400958	-0.00959341	-0.00160163	-0.01062549
1.02010931	-0.16505842	0.06828335	-0.01054520	0.00626881	-0.01657092
1.01441791	-0.16463761	0.07333352	-0.00027605	0.00086444	-0.02481307
1.01889724	-0.16231839	0.07164468	0.00469016	0.00386818	-0.01542947
1.02243186	-0.15474915	0.07213542	0.02269116	-0.00477466	-0.01174549
1.02007037	-0.15286786	0.06846411	0.00793405	-0.00395519	-0.01644646
1.01950215	-0.15242319	0.06802342	-0.00839018	-0.00082130	-0.00189497
1.01851213	-0.15479513	0.07589321	-0.00625297	-0.00517515	-0.00050395
1.01996821	-0.15658312	0.07285224	-0.01185783	-0.00490421	0.00125430
1.02388409	-0.15533055	0.07256132	0.00225135	0.00090855	-0.00091339
1.02112514	-0.15888844	0.07259483	0.00618340	-0.00161570	-0.00067999
1.01890442	-0.15423859	0.07536400	-0.00052787	0.00914123	-0.00231330
1.02189257	-0.15011371	0.07069400	-0.00256148	-0.00019093	0.00111136
1.02148160	-0.15045982	0.06974663	0.00829091	0.00188054	-0.00280240
1.02127432	-0.15475252	0.07241696	0.00472739	0.00553977	-0.00899592
1.01657349	-0.16585481	0.07024848	0.01414817	-0.00565685	-0.01494172
1.01698398	-0.16073848	0.06906627	0.02000431	-0.00250880	-0.01471159
1.01732158	-0.15411198	0.06794067	0.02689068	-0.00071448	-0.01258774
1.01983469	-0.14890304	0.07230508	0.01062444	0.00128632	0.00840720
1.01900544	-0.14771465	0.07431763	0.00373207	0.00820875	-0.00606560
1.01946007	-0.15444904	0.07862508	-0.00779070	0.00358360	-0.00624449
1.01996555	-0.14793409	0.08351490	0.00435584	-0.00529487	-0.00143490
1.02189748	-0.15664707	0.07272672	0.00608730	-0.01164100	0.00300601
1.02082760	-0.15400287	0.06368744	0.00225198	-0.00701388	-0.00204631
1.02179942	-0.15347559	0.06242151	0.00951079	0.00464445	-0.00914762
1.02015518	-0.15623435	0.06936201	0.00196642	0.00431735	-0.01712206
1.01910156	-0.14861563	0.07374510	0.00940656	0.00706985	-0.01381085
1.01862579	-0.15800002	0.07282270	0.01007870	0.00022494	-0.01692057
1.01802747	-0.15586193	0.07791988	0.02479205	-0.00476421	-0.00902574
1.02407596	-0.15192518	0.07426506	0.01126040	-0.00491121	-0.00084507
1.02195642	-0.14015406	0.06933894	-0.00027821	0.00676367	-0.00544734
1.01951869	-0.15244200	0.06194437	-0.00732488	0.00657752	-0.00770309
1.01760582	-0.15552584	0.06412643	0.00899391	-0.00715753	-0.00477131
1.01894572	-0.14788446	0.06138805	0.00781145	0.00447765	-0.00098756
1.02111461	-0.15061482	0.06486954	0.00541316	0.00145999	0.00312862
1.02139246	-0.15231364	0.06788227	0.00449188	0.00645882	0.00240077
1.02191698	-0.15022318	0.06640820	0.00408954	0.00099286	0.00427550
1.01993735	-0.15370531	0.07219658	-0.00281987	0.00401496	-0.00430198
1.01786193	-0.16054494	0.07228656	0.00136947	0.00505641	-0.01431560
1.01690674	-0.16067325	0.07180120	-0.00272451	0.01147961	-0.00661031
1.01876296	-0.15932751	0.07530948	0.00359342	0.00990861	-0.00419133
1.01967655	-0.15793208	0.06814639	0.01014011	0.00340918	0.00076609
1.02162078	-0.14847791	0.07461608	0.01627826	-0.00457034	0.00466371
1.01908238	-0.15034142	0.07180302	0.01843952	0.00084914	0.00326148
1.01988819	-0.14826924	0.07087843	0.02549685	-0.00457293	0.01054095
1.01807851	-0.15072751	0.06521860	0.02316832	-0.00407787	0.01357994
1.01561764	-0.14608380	0.06416788	0.00564445	0.00253754	0.01256173
1.01799179	-0.14470321	0.06267239	0.00864290	-0.00383986	0.01260925
1.01717911	-0.15225586	0.06431356	-0.00051691	-0.00136824	0.01765733
1.01990027	-0.14729693	0.07318549	-0.00009027	-0.00684213	0.01664429
1.02415324	-0.15562612	0.06815159	0.01117206	-0.00236613	0.01570856
1.02376386	-0.15415965	0.07132984	0.00977621	-0.00447977	0.01920441
1.02366481	-0.15469247	0.07358939	0.01768101	-0.00125703	0.01364896
1.02138093	-0.14498735	0.07421891	0.01176828	-0.00041177	0.00886934
1.01741127	-0.14991937	0.06556852	0.00597112	-0.00709328	0.01865340
1.01534182	-0.14350694	0.06221126	-0.00367262	-0.00669439	0.00957147
1.01765016	-0.15020692	0.07391201	-0.00952152	-0.00499903	0.02142777
1.02130791	-0.15211711	0.07547930	0.00027404	-0.00547308	0.01388288
1.02169804	-0.15781650	0.07297520	0.00640840	-0.00276222	0.01683198
1.02079902	-0.16020672	0.07229508	-0.00399635	-0.00080695	0.01411443
1.01906875	-0.14964352	0.07603046	0.00503606	0.00355488	0.00798149
1.01929261	-0.15551159	0.07370674	-0.00146418	0.00638598	0.00748703
1.02089988	-0.15176431	0.07151281	0.00787618	0.00278821	-0.00015197
