1.01868294	-0.16483673	0.05338993	-0.00030200	-0.00334200	-0.01605977
1.01926361	-0.16474984	0.06370127	-0.00726629	-0.00315736	-0.02035090
1.02160900	-0.16330967	0.06188925	0.00499566	0.00250679	-0.02576144
1.01873565	-0.17271611	0.06570211	0.01767519	0.00857114	-0.02563175
1.01697316	-0.16377451	0.05497183	0.00809342	0.00276556	-0.03375951
1.02052007	-0.15803137	0.05116259	-0.00290603	0.00397030	-0.04356421
1.02336349	-0.16679387	0.06146069	0.01810660	0.00670601	-0.01813719
1.02179176	-0.16547095	0.06270555	0.00546673	0.01129218	-0.01202019
1.01911220	-0.16466589	0.05327615	-0.00025175	-0.00043418	-0.02219496
1.01869266	-0.16456092	0.05519776	0.01986819	0.01654990	-0.01602606
1.01898096	-0.16306101	0.04914048	0.01024241	0.01672596	-0.01548542
1.01886702	-0.16950602	0.05072963	0.00886436	0.01580279	-0.01215222
1.02009376	-0.15860369	0.05324815	0.04050655	0.01072208	-0.01360095
1.01910776	-0.17145601	0.05389939	0.00678122	0.01781030	-0.02542550
1.01817985	-0.16949991	0.05908255	0.02427793	0.01862381	-0.01700522
1.01499638	-0.17032072	0.04788768	0.05016101	0.01791605	-0.02843788
1.00876367	-0.17702357	0.05085186	0.02208302	0.01321915	-0.02967409
1.01290858	-0.17514320	0.04731100	0.01450889	0.01523358	-0.02544476
1.01655504	-0.16370943	0.05195571	0.03424985	0.01840363	-0.02155397
1.01881671	-0.16550865	0.05451353	0.02985718	0.01472658	-0.02171511
1.02169804	-0.16659615	0.05328563	0.04499042	0.01498561	-0.02586962
1.02229573	-0.16693966	0.06049973	0.00941253	0.00995326	-0.02830446
1.02323723	-0.16651488	0.05481510	0.01309614	0.01639452	-0.01905606
1.02107865	-0.16188200	0.05167085	0.01095681	0.01279648	-0.01104990
1.02231157	-0.16061121	0.05118062	0.01132934	0.01251438	-0.00964405
1.01954430	-0.16191694	0.05187816	0.01776765	0.01789460	-0.00403085
1.02167485	-0.17026635	0.06065121	0.03678817	0.02236065	-0.01285899
1.02120028	-0.16691922	0.05113412	0.04194790	0.01872517	-0.01165835
1.02209962	-0.16459549	0.05319379	0.02532970	0.01895158	-0.01394803
1.02061737	-0.16707947	0.04982706	0.02677825	0.00756832	-0.01152196
1.01953040	-0.17049137	0.05529144	0.02086412	0.01341702	-0.00844198
1.01881134	-0.16126778	0.05613611	0.02989229	0.01473679	-0.01277104
1.01380990	-0.15947301	0.05860504	0.00024910	0.00709057	-0.01529200
1.01742464	-0.16665850	0.06439514	0.01527715	0.02114129	-0.02492602
1.01485222	-0.16453463	0.05918906	0.03495865	0.01220840	-0.01061872
1.01598218	-0.16350900	0.05963779	0.00867454	0.02468873	-0.01992256
1.02010386	-0.16785750	0.04665618	0.00196300	0.01511929	-0.00760126
1.01794891	-0.16471773	0.05046438	0.04087873	0.02056603	0.00735504
1.01149217	-0.16226740	0.06450438	0.01615561	0.01282926	-0.00451645
1.01603270	-0.16143553	0.06447238	0.02124713	-0.00095013	0.00234190
1.01759524	-0.15677042	0.06483861	0.01558537	-0.00290130	-0.00134320
1.02381386	-0.16015306	0.05863173	0.03023864	-0.00013259	0.00317545
1.02083803	-0.15916040	0.05942138	0.01683679	0.00339539	0.00622632
1.01739621	-0.15843158	0.06096708	0.02758626	0.00131662	0.00114952
1.01942660	-0.16760313	0.05796294	0.00904974	0.00530264	0.00302619
1.01997753	-0.16159456	0.06270211	0.01733450	0.00400441	-0.00796845
1.01754386	-0.15633993	0.06114055	0.01843007	0.00321689	0.00072636
1.01780063	-0.15841786	0.06514994	0.00239590	0.00860918	-0.00143924
1.02064080	-0.15888194	0.05907483	0.00218352	0.00789519	-0.00693646
1.01691161	-0.16595859	0.05748181	-0.00508456	0.00771689	-0.00823497
1.01994629	-0.16803657	0.05118327	-0.02102990	0.01113739	0.00614651
1.02033041	-0.17563914	0.05055263	0.01274337	0.00868756	0.00151755
1.01768286	-0.17119323	0.05316446	0.00311506	0.00333389	-0.01516634
1.01942777	-0.16220619	0.06258060	0.01751303	0.00411492	-0.00886319
1.02159123	-0.16700317	0.06555068	0.00019636	-0.00135438	-0.00950544
1.01667446	-0.16367812	0.06780728	0.01850863	0.00625219	0.00562084
1.01831290	-0.15928259	0.06974343	0.00546770	0.00448684	-0.00382836
1.01904019	-0.16890622	0.05688284	0.01393612	0.00355556	-0.00001013
1.01949091	-0.16735681	0.04870336	-0.00774579	0.00579625	0.01427915
1.01814237	-0.17324228	0.05662646	-0.02170640	0.00772879	0.00676804
1.01958805	-0.17205523	0.05431896	-0.01424618	0.00864961	0.01016244
1.01860135	-0.17349662	0.05449053	0.00387706	0.01369059	0.00335045
1.02016126	-0.17164934	0.05431772	-0.02035931	0.00870261	0.00075128
1.01959157	-0.17619480	0.05109477	0.00032237	0.01249075	-0.00379146
1.01612754	-0.17721114	0.05740010	-0.00891871	0.00691994	-0.00576212
1.01561346	-0.17991537	0.05979160	0.00389994	0.00280521	0.00161414
1.01583905	-0.17237024	0.05388539	-0.00390481	0.00323219	-0.00986631
1.01867636	-0.16894025	0.05480824	0.00076065	0.00565567	-0.00744541
1.02222036	-0.17040205	0.05977787	-0.00140624	0.00516786	0.00531709
1.02143237	-0.16643822	0.06093800	0.00398319	0.00299628	-0.00018527
1.01820091	-0.16980228	0.06510734	0.01314652	0.00475079	-0.01080389
1.01761342	-0.16718696	0.06319319	-0.01510117	0.00982173	-0.01977884
1.02041274	-0.17028008	0.06160990	-0.00638327	0.00245025	-0.02093992
1.01980009	-0.17716970	0.06156955	0.02642891	0.01067207	-0.02605497
1.01863431	-0.17246975	0.05431038	-0.00486525	0.01442559	-0.01021709
1.02067968	-0.16880765	0.05497141	-0.01449300	0.02245222	-0.00792085
1.01962749	-0.17144788	0.06178436	0.01129994	0.02219745	-0.02044135
1.02156174	-0.16328932	0.05924254	0.01392959	0.01840897	-0.01644341
1.01705501	-0.16816614	0.05539594	0.02537872	0.01107045	-0.02241231
1.00876237	-0.16414348	0.05100400	0.01281781	0.00937865	-0.00937113
1.01313729	-0.16887255	0.05121700	0.00769307	0.00681728	-0.02105101
1.01809486	-0.16813782	0.05681782	-0.01562514	0.00865879	-0.00877085
1.01848380	-0.17087371	0.05370572	-0.00099391	0.00543399	-0.00867717
1.02009475	-0.17871535	0.05345329	-0.00020290	0.00891295	-0.01623750
1.01747023	-0.17264557	0.05092316	-0.00289498	0.01657744	-0.01083052
1.01298281	-0.16835235	0.05460243	0.02487595	0.00680624	-0.01454966
1.01614024	-0.17073762	0.06214667	0.02438858	-0.00374776	-0.01030076
1.01775621	-0.16899563	0.05731762	0.01069369	-0.01481079	-0.00927690
1.01568112	-0.16845346	0.05272904	-0.00814299	-0.01028943	-0.01142122
1.01928271	-0.15878566	0.04670992	0.00568171	0.00002674	-0.00452510
1.02242562	-0.15719863	0.06193959	-0.02136775	0.00166253	-0.00839404
1.02030669	-0.15058999	0.06474492	-0.01296294	0.00752503	-0.00572023
1.02071775	-0.15028871	0.06125421	-0.03152072	0.00442060	-0.00681075
1.01874409	-0.14657104	0.06092752	-0.09465204	0.00118244	0.01160829
1.01790293	-0.15394841	0.05965960	-0.06660177	0.00851762	0.00898879
1.01449158	-0.14448592	0.06377735	-0.07307884	0.01412801	0.01626270
1.01712507	-0.15444437	0.06101267	-0.06959976	0.01521868	0.01722550
1.02169266	-0.16469018	0.05912557	-0.06459997	0.01209133	0.01064816
1.02034921	-0.16803397	0.05297424	-0.07287131	0.02380041	0.00800066
1.01960776	-0.18165590	0.04749658	-0.04236012	0.02525874	0.01209983
1.01940969	-0.17978273	0.05504549	-0.02760239	0.01850318	0.00151648
1.01878537	-0.17722920	0.06316959	-0.00110451	0.00708944	-0.00317783
1.01841049	-0.17964644	0.05476311	0.00591066	-0.00022811	-0.01240695
1.01767428	-0.17632478	0.05100215	0.02910817	0.00602859	-0.00441348
1.02027497	-0.16907087	0.05606913	0.00857788	0.00434552	-0.00093210
1.02284116	-0.15853733	0.05973242	0.02142794	0.00461566	-0.00434619
1.02118215	-0.15627254	0.06421297	0.04027985	0.01808605	0.00311083
1.01861674	-0.15232810	0.05667779	0.02314773	0.00136343	0.01843723
1.02368906	-0.15796227	0.05372154	-0.02183366	0.00415739	0.01784649
1.02147006	-0.14775327	0.05156694	-0.01707305	-0.00288262	0.01597449
1.02174859	-0.15436158	0.05476438	-0.02232762	0.00032847	0.00908870
1.02253205	-0.15852551	0.06339979	-0.00470541	0.00062198	0.02083611
1.02156832	-0.16530501	0.06605835	-0.02701712	0.01022949	-0.00575091
1.02194881	-0.15958449	0.05964452	-0.01272886	0.01527370	-0.00310286
1.02085732	-0.16065908	0.04172784	-0.01393258	0.01384022	-0.00186033
1.02096674	-0.16170561	0.04699289	-0.01076061	0.01032047	0.01119674
1.02150809	-0.16740006	0.05003787	-0.01886531	0.00688439	0.01026945
1.02069139	-0.16147650	0.05111198	-0.00183164	0.00053287	0.00003399
1.02038054	-0.16276428	0.05139911	0.02110329	-0.00630765	0.01581636
1.01909772	-0.16582460	0.04572560	-0.00172241	0.00440162	0.00884960
1.01864982	-0.16430107	0.05003736	-0.00519325	0.00429977	0.00477841
1.01807380	-0.16494734	0.04872896	0.01656957	0.00628657	0.00430939
1.01871916	-0.16501352	0.05636634	-0.00947223	-0.00237569	0.01116167
1.01847047	-0.16287910	0.06755671	0.00980461	0.00323257	0.01330596
1.01651670	-0.16381200	0.05655432	-0.00687701	0.00589420	0.00695638
1.01945076	-0.16596459	0.05610484	0.01624285	0.00338847	0.00577033
1.01577058	-0.16879038	0.05495329	0.02809635	0.00031476	0.00977829
1.01651100	-0.16725798	0.05541606	0.00964949	-0.00849537	0.02170819
