1.02062573	-0.17628874	0.04961212	0.01303150	-0.00398138	-0.00104547
1.02283277	-0.17282226	0.04854680	0.02589253	-0.00541622	0.00126426
1.02474192	-0.17085123	0.05184516	0.02699505	-0.00458894	-0.00294467
1.02180733	-0.15933814	0.04996072	0.01209185	-0.00985748	-0.00433345
1.01782175	-0.16524288	0.05184133	0.00394516	-0.00552763	-0.00890940
1.01536439	-0.16700480	0.05704991	-0.00581569	-0.00910389	-0.01260024
1.01363222	-0.16545176	0.05375628	-0.00018913	-0.00921039	-0.00856524
1.01719507	-0.16633741	0.05613234	0.00246851	-0.00267433	-0.00651727
1.02172019	-0.16829638	0.05578226	0.00619138	-0.00273001	-0.00812211
1.02068027	-0.16405439	0.05473500	0.00441538	0.00937564	-0.00838639
1.01909975	-0.17142616	0.05285856	-0.00658594	0.00352266	-0.00299132
1.02104034	-0.17117521	0.04660058	-0.00161114	0.00131135	-0.00672974
1.01912353	-0.17169068	0.04937735	0.00038447	0.00177259	-0.00626798
1.02041814	-0.16509547	0.05317557	-0.01047613	0.00104932	0.00084463
1.02139531	-0.16790846	0.04682002	-0.00312660	0.00594428	-0.00965953
1.02031174	-0.16988935	0.04771099	-0.00675605	0.00612109	-0.01354142
1.02358648	-0.17305890	0.04535945	-0.00100294	0.00630252	-0.01372617
1.02062115	-0.16863695	0.04593729	-0.00562536	0.00593255	-0.01470007
1.01522323	-0.17014881	0.04954175	0.00741166	0.00189529	0.00038461
1.01553620	-0.16820040	0.05091784	0.02066474	0.00803716	0.00247282
1.01640223	-0.17047284	0.04698467	0.01916951	0.00424264	-0.00024406
1.01835484	-0.17004452	0.04598245	0.02453747	0.00047245	-0.00988921
1.01919874	-0.16399636	0.05105391	0.02669896	-0.00280382	-0.01038285
1.01931213	-0.16703118	0.05807955	0.02046490	0.00255657	0.00036774
1.01867653	-0.16511940	0.05647711	0.02365881	0.00488535	-0.00404271
1.02113799	-0.16105423	0.04763548	0.02560848	0.00587492	-0.00035274
1.02248287	-0.15694960	0.04898597	0.01715267	-0.00060808	0.00045155
1.02236072	-0.16316474	0.04629279	0.00705425	-0.00049632	0.01293449
1.01922096	-0.16881525	0.04943463	0.00527678	-0.00021122	0.00606339
1.01942989	-0.17076257	0.05214900	-0.00312452	-0.00040740	0.00210876
1.02016397	-0.16201027	0.04879537	0.00615464	-0.00135111	-0.00042655
1.01993185	-0.16184367	0.04833820	-0.00979608	-0.00073767	-0.00690395
1.02046653	-0.16186782	0.05473025	-0.00508174	-0.00181033	-0.00501263
1.02007049	-0.16206457	0.05282236	-0.01473134	-0.00006757	-0.00547895
1.01961360	-0.16316142	0.04763596	-0.01503051	0.01300935	-0.00235666
1.01957445	-0.16335871	0.05453192	-0.00650997	0.00877728	0.00203087
1.01964819	-0.16803892	0.04948783	-0.01074442	0.00805935	-0.00388015
1.01839259	-0.16324574	0.05739509	-0.00439828	0.00979875	-0.00278690
1.01933990	-0.16522500	0.05307689	-0.01257328	0.00665755	-0.00789391
1.01846482	-0.16248433	0.05608974	-0.00938154	0.00211914	-0.00534625
1.01583009	-0.16070168	0.05610817	-0.00417466	0.00229127	-0.00926814
1.01726927	-0.16529152	0.05878338	-0.00138557	-0.00053904	0.00380787
1.01929522	-0.16042513	0.05723820	-0.00985262	0.00263521	-0.00124239
1.01953950	-0.16516638	0.05557925	0.00420173	0.00042124	-0.00107545
1.02149627	-0.16130933	0.05478512	0.00340955	0.00383886	-0.00116367
1.02225069	-0.16082493	0.05679876	0.00487206	-0.01338156	0.00192643
1.01799347	-0.16659059	0.05535778	0.00189536	-0.00561155	0.00568159
1.01989621	-0.15849731	0.05929861	0.00307336	-0.00586142	0.00526810
1.02252969	-0.15942205	0.06075827	0.00269923	-0.00223663	0.00172595
1.02381520	-0.15624699	0.05923705	0.00039586	0.00413326	0.00733862
1.02183569	-0.16142021	0.06688027	-0.00108312	0.00340077	0.00088275
1.02161855	-0.16496792	0.06146337	0.01134766	0.00084198	-0.00003303
1.02083521	-0.16742630	0.06014124	0.00563476	-0.00434517	-0.00758795
1.02107294	-0.16383874	0.05456081	0.01359680	-0.00396587	-0.00795911
1.02039988	-0.16237330	0.05087573	0.00771091	-0.00465965	-0.00893693
1.02083733	-0.15346982	0.04711044	-0.00936832	0.00274571	-0.00248766
1.02150381	-0.15761971	0.05134921	-0.01298197	0.00782063	-0.00364124
1.02085910	-0.15940498	0.05538867	-0.01942071	0.00278131	0.00157442
1.01682884	-0.16116581	0.04724604	-0.01955877	-0.00025338	-0.00146100
1.01704085	-0.16390326	0.05202806	-0.01111944	-0.00355057	-0.00063447
1.01878310	-0.16785540	0.06252779	-0.01010888	-0.00236338	-0.00004055
1.02102414	-0.16847729	0.05715783	-0.00669936	-0.00046147	-0.00250703
1.01973203	-0.16649643	0.05694939	-0.00920217	0.00128039	-0.00088639
1.02040695	-0.16421953	0.04840723	-0.00555955	-0.00011764	-0.00435467
1.01858817	-0.16198750	0.04764514	-0.00064930	-0.00480495	0.00689542
1.01852813	-0.16098735	0.05040308	0.00407942	-0.00175143	-0.00040814
1.02066144	-0.16494416	0.05682611	0.00186898	-0.00521244	0.00525199
1.02026968	-0.16739120	0.05888002	0.00802600	0.00346174	-0.00134213
1.02059882	-0.16749767	0.05389013	0.01032638	0.00738755	0.00014406
1.02100032	-0.16613468	0.05062933	0.01601901	-0.00099116	0.00107278
1.01884512	-0.16402910	0.05698563	0.01813062	0.00193643	0.00631913
1.01735523	-0.15860025	0.05937827	0.01321413	0.00112271	0.00927384
1.01861150	-0.16193992	0.05990976	0.00610092	0.00028540	0.00506668
1.01871374	-0.16381507	0.04986622	0.01007411	-0.00181287	0.00986395
1.01799988	-0.16647945	0.04804844	0.01083886	-0.00295609	-0.00470747
1.01988082	-0.16869492	0.05031569	0.00725258	0.00472287	0.00429524
1.01834544	-0.16345357	0.04412702	0.02056173	0.00728488	-0.00178760
1.01744557	-0.16121752	0.04023853	0.01322328	-0.00215814	0.00455182
1.01419136	-0.16034168	0.04624411	0.01038750	0.00008091	-0.00302309
1.01688337	-0.16127808	0.05632008	0.00841683	-0.00856982	0.00417085
1.02087863	-0.15947627	0.05585457	0.00224668	-0.00560978	-0.00163779
1.02159204	-0.15662853	0.04658154	0.01097218	-0.00554070	-0.00399360
1.02088849	-0.15416639	0.05081041	-0.00223202	-0.00785283	0.00783503
1.01755124	-0.15794823	0.05346978	-0.01410599	-0.00492228	0.00723039
1.01838720	-0.15362306	0.05682636	-0.01835900	0.00082488	0.00101507
1.01858372	-0.16134677	0.05512739	-0.01172878	-0.00065326	0.00609798
1.02063241	-0.15969662	0.05776216	-0.02066890	0.00136659	-0.00348623
1.02013259	-0.16731350	0.04919321	-0.01081575	0.00244177	0.00519033
1.01760185	-0.16308014	0.05474079	-0.01690408	-0.00107942	0.00918322
1.01749184	-0.16634201	0.06029329	-0.00475115	-0.00496506	0.00851424
1.01745655	-0.16024674	0.05752966	-0.00349367	-0.00316434	-0.00586815
1.01763033	-0.16966728	0.05673319	-0.00231059	0.00057190	-0.00543096
1.02109327	-0.16847995	0.05320358	0.00017441	0.00330309	0.00519365
1.02032835	-0.16647548	0.05145645	0.00006427	-0.00295819	-0.00101254
1.02071150	-0.16455070	0.05001490	-0.00985722	-0.00208231	-0.00370191
1.02128298	-0.16602210	0.04214520	-0.01621054	-0.00333182	-0.00501766
1.01950876	-0.16898494	0.04944738	-0.00744398	-0.00536871	-0.00621531
1.02126110	-0.17207192	0.05119954	0.00386185	0.00149657	-0.00306539
1.02286050	-0.17255971	0.04943377	0.00725462	0.00667934	-0.01268454
1.02176953	-0.16871649	0.05082617	0.01462145	0.00362187	-0.01175666
1.02178544	-0.17070590	0.05615543	0.00839829	0.00160508	-0.01862612
1.01960049	-0.15793342	0.06046672	0.01514160	0.00421418	-0.01452665
1.02100359	-0.16245445	0.06164669	0.01908184	0.00657609	-0.01552810
1.02165076	-0.16949964	0.05623411	0.00806464	0.00634871	-0.01229527
1.01803998	-0.16103725	0.05616056	0.00281777	0.00258911	-0.01360785
1.01690690	-0.16105812	0.05474469	0.00350935	0.00034418	0.00594847
1.01785439	-0.16939161	0.05117721	0.00935620	-0.00098413	0.01798667
1.01733515	-0.17114117	0.05082371	0.00248435	-0.00203858	0.01054028
1.01941744	-0.16902776	0.05483154	0.00194362	-0.00062016	0.00436773
1.01970153	-0.16328991	0.04439622	0.00019440	-0.00192340	0.00748347
1.02212780	-0.15822328	0.05344249	0.00706094	-0.00169124	0.00750183
1.02435260	-0.16231634	0.05202080	-0.00250641	0.00179076	0.00167231
1.02128572	-0.16205404	0.05065699	-0.00600624	0.00507153	0.00273329
1.01584746	-0.15187050	0.05100298	-0.00895736	0.00632573	0.00051429
1.01681476	-0.15697540	0.05203192	-0.00202931	0.00197895	0.00120607
1.01842294	-0.15116971	0.05112267	-0.00818657	0.00503922	-0.00165978
1.01721459	-0.14985811	0.06158870	-0.00042308	-0.00012659	-0.00030355
1.01580729	-0.15780103	0.06080163	0.00724156	-0.00077061	-0.00275002
1.01539288	-0.15473008	0.06161022	0.00348062	0.00126340	-0.00222585
1.01506085	-0.15112765	0.05965288	0.02192206	-0.00369183	0.00632512
1.01866315	-0.14788552	0.05760931	0.02368990	-0.00855302	0.01220891
1.01923939	-0.15882926	0.05351841	0.02649624	-0.00633854	0.01036322
1.01799884	-0.16086921	0.05253656	0.02266019	-0.00413137	0.00273764
1.01872931	-0.14647285	0.04960516	0.02493300	0.00204822	-0.00742942
1.02076361	-0.14822196	0.04511855	0.01262329	0.01070681	-0.01977934
1.02182503	-0.14959531	0.03907608	0.00345514	0.00984819	-0.01675996
1.02096329	-0.15303658	0.03712177	-0.01338119	0.01469089	-0.02238796
1.01683613	-0.14427573	0.05236405	-0.01678497	0.00544765	-0.01391411
