0.90865626	0.42305110	0.07807060	-0.01038162	0.01438035	0.05845681
0.91004352	0.42065562	0.08341341	-0.00945928	0.01929248	0.05082415
0.90825075	0.41927442	0.08740887	-0.01058090	0.01969778	0.04916393
0.91314257	0.42087580	0.07827292	-0.01529123	0.01338298	0.03469404
0.91169704	0.41919506	0.07533110	-0.01337227	0.01283862	0.02698265
0.91559145	0.41900573	0.08446231	-0.01302381	0.01405735	0.03450691
0.91062423	0.42186639	0.08444336	-0.01405672	0.01624313	0.04526082
0.91245911	0.42127158	0.07508361	-0.00949907	0.01816508	0.03313433
0.90907197	0.42756272	0.07111530	-0.01506633	0.01706205	0.04477236
0.90776022	0.43209963	0.07254654	-0.01184241	0.00887898	0.03580420
0.91167138	0.42267726	0.07699905	-0.01186742	0.00849265	0.02773566
0.91231285	0.41700217	0.07966120	-0.00993958	0.01660611	0.04784651
0.91382734	0.42513569	0.08571324	-0.00726024	0.01249848	0.03215601
0.91050551	0.41911234	0.08416834	-0.01372506	0.01148808	0.03766691
0.90784131	0.42172281	0.07953983	-0.00519658	0.00633048	0.04099140
0.90565966	0.42298664	0.08335698	-0.01455533	0.00745972	0.04132156
0.90580375	0.42128935	0.09032420	-0.00855277	0.01493871	0.04168911
0.90459810	0.42411694	0.08225787	-0.00529550	0.00621440	0.05095143
0.90914628	0.42271545	0.08372724	-0.01370434	0.00491284	0.04373428
0.91218001	0.42052230	0.08058429	-0.01392631	0.01141108	0.04277292
0.90662710	0.41784070	0.08426023	-0.00702442	0.00511981	0.03150930
0.90689857	0.41574793	0.09269757	-0.00411338	0.01059604	0.02654540
0.90842547	0.41539581	0.08771120	-0.00322501	-0.00018876	0.03157726
0.90958992	0.42111619	0.08754158	-0.00185947	0.00130413	0.01926849
0.91341828	0.42296005	0.09092449	-0.00456372	0.00583321	0.02093890
0.91136714	0.42109634	0.08668631	-0.00280980	0.00801841	0.02413161
0.90701122	0.42154185	0.08680076	-0.00769340	0.00495527	0.02485350
0.91195920	0.42370274	0.08838141	-0.00274202	0.00259437	0.01362569
0.91470910	0.42297912	0.09032722	-0.00568326	-0.00906448	0.00781608
0.91612140	0.42254326	0.08881115	-0.00699503	-0.00354678	0.01106110
0.91408579	0.42236076	0.08455821	-0.00251460	-0.00722781	0.01036148
0.91142697	0.42356430	0.08631295	-0.00187355	-0.00239502	0.01728197
0.91508831	0.42380924	0.07935390	0.00305204	-0.00209333	0.01081484
0.91462928	0.42565618	0.07468288	-0.00365648	-0.00146031	0.01108159
0.91180598	0.43232592	0.08399710	-0.00133357	0.00559354	0.00949308
0.91593165	0.42367277	0.08213281	-0.00694614	0.00594574	0.01584732
0.91288063	0.42313489	0.08176948	-0.00864532	0.01174020	0.01971496
0.91050498	0.43012749	0.08553707	-0.00878477	0.00922798	0.02761084
0.90658170	0.42645872	0.07491531	0.00047357	0.00590211	0.01620380
0.90374157	0.42226344	0.07730416	-0.00766899	0.00282615	0.01257660
0.90886097	0.42646916	0.07611475	-0.00313444	0.00718188	0.01512717
0.90988354	0.42435462	0.06967634	-0.00056314	0.00872289	0.02875452
0.91147609	0.42402933	0.07213089	-0.00228180	0.01342700	0.01342600
0.91213495	0.42299685	0.06997721	-0.00052867	0.00317505	0.01236216
0.91055443	0.42105530	0.07650367	-0.00733770	0.00528464	0.02210639
0.90594236	0.42520583	0.07892364	0.00114485	0.00460454	0.01311345
0.91071512	0.42605819	0.08798713	-0.00090736	0.00508749	0.01201272
0.91556772	0.42204706	0.08598371	-0.00506597	0.00858899	0.01827575
0.91107571	0.42141314	0.07792736	-0.00757259	0.00970684	-0.00082879
0.91232992	0.42216582	0.07523293	-0.00744955	0.01211607	0.02695281
0.91367518	0.42363180	0.08714777	-0.00227334	0.00406577	0.01746192
0.91321465	0.42279962	0.09208425	-0.00841014	0.00816540	0.01643818
0.90817668	0.42696861	0.08930634	-0.00465309	0.00092996	0.00819512
0.90849265	0.42364330	0.07972678	0.00730290	0.00507865	0.02410686
0.90893053	0.41911306	0.08561596	-0.00172612	0.00076782	0.01249699
0.90853563	0.42714031	0.08737719	-0.00406410	0.00797904	0.01402610
0.90751737	0.42359886	0.08459739	-0.00483055	0.00895128	0.00800869
0.90605967	0.42840576	0.07954871	0.00091231	0.00789330	0.00948818
0.91313393	0.42507900	0.07907099	0.00224245	0.01454019	0.00227674
0.91171425	0.42840191	0.08225069	0.00008966	0.00747487	0.01574104
0.91372508	0.43073725	0.07793286	-0.00493000	0.00468622	0.00598739
0.91337207	0.43248208	0.07845675	-0.01356077	0.01225740	0.01240970
0.90943989	0.43345099	0.07453116	-0.02041250	0.00893429	0.01021954
0.91022458	0.42318419	0.08067556	-0.02303708	0.00645692	-0.00157150
0.90474897	0.40830087	0.08707722	-0.00980676	-0.00860843	-0.00378712
0.90279147	0.41374675	0.09140123	0.00259334	-0.00815093	-0.00167198
0.90562754	0.41481588	0.08644250	-0.00082751	-0.00122818	0.00072241
0.91280867	0.41705493	0.08752762	-0.00969484	0.00386953	-0.01821897
0.91483563	0.42593469	0.08047440	-0.00781518	0.02416710	0.00755114
0.90766271	0.42922760	0.08014419	-0.00374417	0.00745273	-0.00250464
0.89907510	0.42495590	0.08274237	0.00280432	0.00538466	0.02457001
0.90550476	0.42454894	0.08342547	0.00107771	0.00694749	0.01946931
0.90689468	0.42900236	0.09041406	-0.00264581	0.00696010	0.01560008
0.90907289	0.41962640	0.08827271	-0.00550876	0.00698860	0.02630229
0.91158424	0.41832877	0.08562556	0.00641959	0.01470818	0.01579473
0.90911120	0.41101678	0.08426144	0.00488217	0.00133903	0.00739014
0.90888807	0.41694182	0.08345586	0.00046234	-0.00796850	0.00362055
0.91022158	0.42256141	0.08294821	0.00084305	-0.00729030	0.00002347
0.90663565	0.42526487	0.08159854	0.00536704	-0.00283541	0.00569416
0.90763593	0.42422826	0.07678190	0.01256467	0.00562377	0.00254182
0.90634265	0.42224888	0.07972920	-0.00126610	0.01493370	0.01266423
0.90808813	0.43120645	0.07283480	-0.00160680	0.01363864	0.00534585
0.91394543	0.43040662	0.07264354	-0.00209025	0.01121675	0.00943292
0.91567427	0.43003922	0.07439022	-0.00026626	0.01167331	0.01328607
0.91566056	0.42650695	0.07757756	-0.00395691	0.00701650	0.01970828
0.91075976	0.42810262	0.07988340	-0.00048604	0.00920909	0.01564679
0.91114419	0.42028817	0.07607112	0.00201282	0.00840995	0.00450419
0.91053267	0.42537186	0.07984617	-0.00468674	0.00484774	0.01841799
0.90816338	0.42562223	0.08426712	-0.00071666	0.00377166	0.01804591
0.90920631	0.42397793	0.08483826	-0.00944055	0.00155838	0.01525902
0.91053280	0.42420485	0.08547616	-0.01000453	-0.00010791	0.01325379
0.90910812	0.42055419	0.08069115	-0.00360367	-0.00072132	0.00979529
0.91185425	0.41948450	0.08756382	-0.00374506	0.00396019	0.00248628
0.91058443	0.42554488	0.08197589	0.00256012	0.01048075	0.00610964
0.91129970	0.42688294	0.08849369	0.00165457	0.00296593	0.00688362
0.91306950	0.42723536	0.08874029	0.00024991	0.00203334	-0.00139044
0.91234394	0.42262602	0.07476994	-0.00606013	0.00395832	-0.00377433
0.91205594	0.42607864	0.08169497	0.00076020	0.00377857	-0.01040023
0.91218956	0.42398296	0.08257171	-0.00006506	0.00674132	0.00296148
0.90997782	0.42201176	0.07924372	0.00066704	0.00832545	-0.00594482
0.90852092	0.42872468	0.09077499	0.01018651	0.00720536	-0.00012789
0.90955695	0.42211935	0.08764862	0.00914375	0.00518579	-0.00284390
0.91374742	0.42528241	0.08406736	0.01098760	0.00076237	0.00173916
0.91105507	0.42379879	0.08574435	0.00502812	-0.00032509	0.00216949
0.90842903	0.42901903	0.08465779	-0.00418712	0.00441945	0.00910358
0.91095475	0.42482933	0.08339236	-0.00206459	0.00378758	0.00268854
0.91446189	0.42640483	0.08466157	0.00313274	0.00336281	0.00912074
0.91319637	0.42419244	0.08124523	0.00218851	0.00692334	-0.00557692
0.91014218	0.41835560	0.08200503	-0.00382987	0.00194552	0.01776092
0.91318857	0.42278181	0.09065099	-0.00016824	0.00340715	0.01039772
0.90952744	0.42134291	0.08715189	0.00244256	0.00788015	0.00105447
0.91086897	0.42411165	0.08305986	-0.00418769	0.00519234	-0.01212366
0.91315418	0.42436319	0.08605681	-0.00438712	0.00850214	-0.00109241
0.91076492	0.42339009	0.08728613	-0.00311245	0.00294534	-0.00396695
0.91086288	0.42546685	0.08520434	-0.00211853	0.00836104	0.00484931
0.91153434	0.42477598	0.08967439	-0.00254024	-0.00324074	0.00650850
0.91058959	0.42503943	0.08831362	0.00739851	0.00183849	-0.00177083
0.91594208	0.42787106	0.09062023	0.00395379	-0.00667943	-0.00393273
0.91319657	0.42356142	0.08604728	0.00540460	-0.00593772	-0.01275361
0.91303374	0.42648486	0.08441280	0.00001215	-0.00338119	-0.00521804
0.91292945	0.42241810	0.08409608	0.00613384	-0.00242700	-0.01498576
0.90696543	0.41965637	0.08741319	0.00572630	0.00032583	-0.00836941
0.91316316	0.41866368	0.08156702	0.00623863	-0.00490843	-0.01387675
0.91439354	0.42158922	0.07568117	0.00510624	-0.00409840	-0.01234823
0.91153060	0.42964973	0.07510162	0.00253511	-0.00545182	-0.02013544
0.90977824	0.42848304	0.07626585	0.00774600	0.00438463	-0.01670392
0.90895670	0.42308223	0.07410249	-0.00579216	0.00732419	-0.00308493
0.90720215	0.42328329	0.08126121	-0.00058976	0.00088143	-0.01728978
