0.99847466	-0.00246359	0.17277400	-0.00067354	-0.02002915	0.04848509
0.98237978	-0.00831598	0.16595761	0.00738652	-0.05291707	0.03510237
0.98739268	-0.00694008	0.17620434	-0.00485296	-0.04896345	0.01174967
0.99202239	-0.00327043	0.15175026	-0.00030197	-0.02959602	0.01306210
1.00512749	-0.01804475	0.15311183	0.00145978	0.01008961	0.02096026
1.02041990	-0.00696805	0.15169930	0.00358109	-0.00034553	0.02179973
1.00070239	0.01019784	0.15574665	-0.00007106	0.04792670	-0.00951886
1.01015576	0.02401688	0.15866199	0.00266367	0.02271226	0.02678030
1.01757081	0.03298553	0.15668008	0.00443175	0.02628531	-0.00492599
1.01919989	0.03504927	0.15782905	0.00530488	-0.00575269	-0.00063394
1.04022717	0.01904533	0.15524305	-0.00207743	-0.05369532	0.01177805
1.03571070	0.03778597	0.15672463	-0.00143635	-0.02865728	-0.02143050
1.01654871	0.03332820	0.17573260	0.00004568	-0.02633344	-0.04547012
1.02553310	-0.00524480	0.18335060	-0.00410447	-0.02673440	-0.03504820
1.02303632	-0.00533732	0.18491351	0.00097163	-0.00807573	-0.03315005
1.00073461	0.00994549	0.16842481	-0.00431510	0.00662984	0.02897186
0.99058909	0.02900434	0.18194271	-0.00050123	-0.02826782	0.01952549
0.97825104	0.00943000	0.17980870	-0.00043013	-0.02337839	0.00601464
0.98384357	-0.00036846	0.16745144	0.01212211	-0.02009836	0.00446690
0.98771201	0.00935580	0.16783464	0.01198437	-0.01021892	0.03457324
1.00583471	-0.00349767	0.16679994	0.01015886	0.02557940	0.00571529
1.02135958	-0.01702327	0.16193608	-0.00310216	0.03405698	0.03936124
1.02362122	0.00944200	0.16269461	-0.00159291	0.01802976	0.01986181
1.03186714	0.00873135	0.15326965	-0.01683837	0.03784376	0.02821251
1.02993001	0.01913447	0.16311299	-0.01470868	0.02392962	0.01209198
1.03181667	0.00743380	0.16801201	-0.01436719	0.00355364	0.01243910
1.03311188	-0.00138561	0.18325888	-0.00462939	-0.00793819	0.01596114
1.02640091	0.00403111	0.17364583	0.02743923	-0.00297684	-0.03682969
0.99387895	0.00498392	0.17580030	0.02712017	-0.00845789	-0.00215555
1.00258643	0.00329177	0.18229767	0.01502320	-0.01243110	-0.00880826
0.99925351	0.02764377	0.18331560	0.02256263	0.01664409	-0.02087049
0.99360715	0.00638142	0.17865823	0.01386278	0.00717687	-0.01145038
0.99436487	0.01752884	0.17069196	0.01745103	-0.02354517	-0.00943333
1.00257886	0.00728324	0.17100306	0.01538330	-0.01361293	-0.01688611
1.01390385	0.02216063	0.16857781	0.01030431	-0.01165378	-0.00508128
1.02283394	0.01764413	0.15823138	-0.00029976	-0.00275239	-0.03718710
1.01973782	0.01517058	0.15349997	-0.00964121	-0.00409690	0.01650216
1.02653976	0.01141438	0.16273727	-0.02122626	0.00638725	0.01296248
1.00879733	0.00523938	0.16254074	-0.01396403	0.00409734	-0.02924948
1.01111100	0.00348555	0.16657879	-0.00629567	-0.01048157	-0.03600016
1.00983045	-0.00479321	0.17590149	-0.01115973	0.00528582	0.00888913
1.01233033	0.00295410	0.17511705	-0.00341100	0.00019303	0.02303339
0.99667790	0.01232258	0.17200032	-0.00037141	0.00738957	-0.00734237
1.01915525	0.01779827	0.18741282	-0.00213848	0.00808871	0.01399937
1.00327086	0.02133270	0.18995957	0.00251660	-0.00421144	0.00452674
1.00132837	0.02428936	0.17039268	-0.00382609	-0.01885107	-0.03425475
1.00507200	0.01400039	0.17145185	-0.00278974	-0.02428676	-0.02787071
1.01563339	0.01012745	0.16810773	0.00200857	-0.01425747	0.00389912
1.00383247	-0.00349317	0.17694509	0.01345078	-0.00851649	0.01792234
1.01869481	-0.01052566	0.17627735	-0.00295056	0.00288253	0.00645087
1.01306851	-0.00446987	0.15864491	0.00478105	0.02666317	0.01109998
1.01281283	0.01803676	0.16933213	0.00468875	-0.01648531	-0.01522153
1.01211717	0.01286788	0.16821733	-0.00298799	0.02105701	0.00916248
1.01419725	0.01288286	0.17238708	0.00208198	-0.00374546	0.01931381
1.01243729	0.00587342	0.17886558	0.01540910	-0.01531630	-0.01121131
1.00092828	0.00958107	0.17161479	0.00327295	-0.00165879	-0.00124986
1.00660417	0.01263422	0.16966032	0.00725648	-0.00816860	-0.00850580
1.01403923	0.00227413	0.16075873	0.00513567	-0.01411851	0.00721280
1.01018785	0.01755005	0.16850856	0.01992536	0.00183825	-0.01800696
1.01265759	0.00239294	0.17826640	0.00674010	0.00398532	0.00725330
1.01347726	0.01881384	0.16422675	0.01200041	-0.00301583	-0.00761295
1.00694446	0.00799125	0.17333381	0.00105177	0.00106752	0.01465773
1.00383869	0.00925065	0.17405074	-0.00421399	0.01571661	0.01996604
0.99965018	0.01116799	0.18391065	-0.00546316	0.00471350	-0.00732044
1.00744505	0.01583340	0.17653660	-0.00550918	0.00823120	0.00985027
1.00713197	0.00550799	0.17698695	0.00377651	-0.01442002	-0.00965178
1.01247823	0.00657575	0.16884870	-0.00138258	-0.01418114	-0.02300269
1.00937739	0.01353140	0.17064538	-0.00141036	-0.00694799	-0.00534197
1.03052139	0.00242727	0.17002085	-0.00044231	0.00444476	0.00430457
0.99822724	0.00132442	0.17199539	0.00293758	-0.03645550	0.00120481
1.00404173	0.00193616	0.17158407	0.00732363	-0.00634166	-0.01471925
1.02272182	0.01276617	0.17454670	0.00033787	-0.01713906	0.02306709
1.01871463	0.00897680	0.18435189	0.00019675	-0.01184267	0.00068016
1.02031143	-0.00986769	0.17097354	0.00356247	-0.01804100	0.01251496
1.00532079	0.00407784	0.17536536	0.00148824	0.01936622	-0.01627833
0.99863577	0.01141404	0.15737745	0.00439178	0.02457059	-0.00204333
1.00345254	0.00224843	0.15099183	-0.00501429	-0.01255373	0.00806234
1.01817162	0.00997890	0.15704061	-0.00591446	0.02066575	0.02844196
1.02133306	0.01021947	0.16415950	-0.01018519	0.01318176	0.00928482
1.01141431	0.01081616	0.16675859	-0.00649022	-0.00325686	-0.01221291
1.01733995	0.01850630	0.17364514	0.00760574	-0.01189641	0.00039971
0.99755861	0.00673983	0.16523983	0.00583536	0.01298823	-0.00574012
1.02860027	0.00018096	0.17078058	-0.00306288	0.02036658	-0.01481651
1.01769336	0.02055420	0.16837228	-0.00147691	-0.00859262	0.02614101
1.00329424	0.01334462	0.17989887	-0.00769858	0.01161356	-0.00131027
1.01911947	0.00747455	0.15993336	-0.00712586	0.01324264	0.02526148
1.02338183	0.00602108	0.18938945	-0.00847987	-0.00008537	0.00082430
1.01450946	0.01923569	0.17955116	0.00187923	-0.00107340	0.03289070
1.00958659	0.01429360	0.17873842	-0.00245715	0.00966107	0.01300506
1.01416699	0.01964084	0.17777366	0.00293680	-0.00213536	-0.00441157
1.00613273	0.00527732	0.18248873	0.00040558	0.00245911	0.00011716
1.01233673	0.01178765	0.17070808	-0.00389388	-0.02560156	-0.01591797
1.00633342	-0.00041352	0.17123667	0.00288352	-0.00678195	-0.01457896
1.01297967	0.00088497	0.16970687	-0.00248027	-0.00303541	0.02147253
1.01617139	0.01652216	0.17297299	0.00581555	0.01426342	-0.00030856
1.02328454	0.01298119	0.17063958	-0.00046917	0.00191806	-0.01761079
1.02001435	0.01346635	0.17414111	-0.00032744	-0.02109391	0.01565344
1.01879391	0.01554740	0.17285369	-0.00160231	-0.01929222	-0.03037691
1.02018645	0.03397013	0.16022619	0.01636250	-0.05064749	0.01191725
1.02496975	0.03884708	0.16520660	-0.00803973	-0.02914990	0.03495841
1.01456623	0.01255049	0.17667025	-0.00437930	-0.04708736	0.01833389
1.02897421	-0.01866070	0.19120778	0.00156137	-0.03609270	0.00910454
1.01750366	-0.00944271	0.19360636	0.00588736	0.01031837	-0.01517894
1.01461936	-0.00177296	0.18676102	0.01217507	0.04624528	0.03399502
0.99598328	0.00186917	0.18721654	0.00401832	-0.00541570	-0.00074532
0.99427398	-0.00207890	0.18143390	0.00199770	-0.03728083	-0.00969627
0.98550039	-0.01244375	0.17200352	0.00616001	-0.03553971	0.00646624
0.99430827	-0.00599006	0.17756638	0.00092685	-0.01682754	-0.01921136
0.99532492	-0.01053046	0.16061477	0.00541217	-0.00077022	-0.00373114
1.00581742	-0.00539783	0.15718232	0.00481173	-0.01456419	0.01002712
1.03871088	0.00380890	0.16170358	0.00666508	-0.02165034	-0.02147349
1.03303963	0.01031695	0.15859210	-0.00122819	-0.02311993	-0.05515196
1.03298181	0.02266991	0.16170770	-0.01570385	0.00094403	-0.00233012
1.02641243	0.01711598	0.17494254	-0.01024021	-0.04140656	-0.02781816
1.01083986	-0.01181479	0.18572749	-0.00077923	-0.03931103	-0.02801198
1.02274098	-0.00600511	0.17843540	0.00210416	-0.06414453	-0.11630746
1.02137413	0.01008325	0.17703899	0.01125953	-0.05682163	-0.10782474
1.01041066	0.02719741	0.16493581	0.01514592	0.00766039	-0.03173160
1.01671530	0.02735813	0.16204173	0.00222066	0.06344881	-0.00688023
1.00098589	0.02167483	0.16559194	0.00019658	0.05169899	0.02680068
0.96453693	0.02072015	0.18271309	-0.00305796	0.03795319	0.02152360
0.97616198	0.01315730	0.17755736	0.00070423	-0.03885433	0.01997282
0.98264668	0.01749838	0.16498832	-0.00874351	-0.04359902	0.04562443
1.00768942	0.02468562	0.16291476	0.00492724	-0.02662934	0.00540803
1.01299402	0.03152191	0.15596693	0.01191248	-0.01402241	0.00612978
1.02925199	0.03304035	0.16115347	0.00556585	-0.01321932	0.01059230
1.02515035	0.02740119	0.16767297	-0.00692416	-0.01345830	-0.03414764
1.03716288	0.01138661	0.17165591	-0.00537722	-0.01152211	-0.01782592
