0.28603984	0.95392849	0.10010037	0.10100593	0.16676764	0.22749678
0.28126905	0.97352256	0.06263242	0.13031242	0.28584459	0.19224635
0.28233160	1.04114043	0.05588967	0.06340932	0.45242966	0.24702868
0.22801913	0.99320436	0.02274557	0.16210294	0.37314097	0.27825427
0.19221644	0.99036645	0.00063987	0.14130765	0.24735734	0.30389831
0.14848519	1.00705711	0.02715305	0.13750397	0.12058114	0.33225200
0.16305021	0.92814476	0.05057760	-0.08520777	0.16371400	0.34924940
0.22035899	1.01773617	0.03901068	0.18061498	0.10560412	0.46993661
0.23869269	1.06835554	0.02346579	-0.11907462	0.07488329	0.42614580
0.30704582	1.01696112	0.02051654	0.05926946	0.06116041	0.43946891
0.28268243	0.99053370	0.05235799	-0.15069296	0.04135695	0.40134019
0.27757548	0.89200842	0.08898391	0.07657194	0.08911484	0.34209692
0.21002845	0.90783220	0.12675891	0.10688483	0.11987967	0.35053658
0.27891921	0.92789169	0.11199970	-0.02162425	0.28398526	0.33918040
0.21052782	0.94435222	0.09836531	0.28146128	0.07903975	0.39157272
0.24893953	0.95038560	0.07571424	0.34576833	0.26446191	0.34701462
0.25234441	0.97411787	-0.00673448	0.20020527	0.12394494	0.26305796
0.26450352	0.93790529	0.02915870	0.14463192	0.24185789	0.32241865
0.27501714	1.02956159	0.02177098	0.27653592	0.23870755	0.24690612
0.19696366	1.01262313	0.00317455	0.10443510	0.19012368	0.31069522
0.23702894	0.93810277	-0.00515380	0.00867583	0.08414408	0.40173426
0.22510442	1.00959951	0.01030386	0.06553106	0.29886061	0.32360918
0.24852493	1.03081314	0.01580113	-0.10762423	0.05384720	0.35634476
0.25086466	1.00690207	-0.00469369	-0.06976813	0.24869630	0.30947717
0.27823635	1.00640407	0.00507382	-0.17573385	-0.11881809	0.27695477
0.24549813	0.98517609	0.02036001	-0.04934728	0.25766979	0.20009750
0.19259701	0.93304140	0.06742168	-0.12625053	-0.10071605	0.29237390
0.18854667	0.93121081	0.10267585	-0.06203780	0.10821577	0.25451373
0.25121888	0.93418567	0.08604190	-0.09617531	0.05596001	0.36088192
0.24012122	0.93454326	0.07538919	-0.01819777	0.29217537	0.36588480
0.18270616	0.93512926	0.09049885	-0.11374501	0.24206676	0.32762868
0.24696434	0.97565647	0.09143059	0.07704281	0.19992006	0.26499612
0.29035441	0.96672446	0.07680311	-0.11069842	0.12380692	0.29140619
0.25474612	0.99034502	0.03478272	0.13111200	0.08460732	0.31492226
0.24574345	0.96931411	0.05338021	0.00609971	0.19466990	0.27072671
0.19902728	0.97067076	0.04375150	0.07528193	0.23558317	0.38678477
0.23562735	1.00724539	0.05107065	-0.16993707	0.28057875	0.35686262
0.19984585	0.98247896	0.04275940	-0.06752190	-0.07633765	0.41553435
0.22239673	0.94624678	0.10086756	0.00042447	0.04037084	0.32233755
0.25320195	0.88942276	0.16242249	0.06745422	0.12383177	0.28617718
0.21497025	0.89978408	0.10407007	0.14564873	-0.03746802	0.27383294
0.26772344	0.92803874	0.04345340	0.18948274	0.22466553	0.27114066
0.32608615	0.93811001	0.06375954	0.14910079	0.02594196	0.25039471
0.19383105	0.95049281	0.03441743	0.15985261	0.15186291	0.18390435
0.27880536	0.96836436	0.04514552	0.28095407	0.13991297	0.19472987
0.21180055	0.98891018	0.01026691	0.01907233	0.37265237	0.18868510
0.17740932	1.02032793	0.00134745	-0.01717745	0.19250942	0.25655135
0.16465968	1.01837198	0.03716507	0.05767054	0.23841548	0.30340538
0.25419156	1.01701730	0.01612322	0.13848265	0.04260324	0.33002953
0.24529751	1.02589402	0.02845783	-0.06244274	0.19439687	0.31272177
0.25176707	1.01990221	0.05318254	-0.04075791	0.23561596	0.35632653
0.24926969	0.93878455	0.08256743	0.12375305	0.11619445	0.32322990
0.20200699	0.99322873	0.09102495	-0.13584628	0.00409994	0.29910924
0.19067428	0.94266056	0.05020275	-0.15144023	0.30278879	0.29417595
0.26012233	0.93310219	0.03335331	-0.04912437	0.09430745	0.32286519
0.26014389	0.92574385	0.04829365	0.10171028	0.12812426	0.35859924
0.30197753	0.97723644	0.07041222	0.04995428	0.28729267	0.27417734
0.30501499	0.95888877	0.02986120	-0.00360145	0.00948641	0.25148969
0.29845782	1.00727139	0.03536152	0.29626123	0.22384737	0.24652160
0.29142260	1.03224506	-0.02461832	0.35380737	0.55624230	0.23020800
0.35224673	1.02722025	0.03045983	0.27308639	0.51190870	0.25362176
0.16904467	0.93410841	0.06360302	-0.28557604	0.54049006	0.20825991
0.07495317	0.83045749	0.10018013	-0.44139156	0.30058122	0.09707592
0.12105190	0.87233451	0.10071490	-0.32043565	-0.43138287	0.13328737
0.26434384	0.96419256	0.05554388	0.08983757	-0.45639097	0.14167089
0.21307216	0.95926609	0.05173299	-0.03843135	-0.45296358	0.22567297
0.29110558	1.00023456	-0.00506177	0.03857842	-0.20337799	0.25165750
0.17980270	0.98287222	0.02863505	-0.02908122	0.14130271	0.22346935
0.19941862	0.99649434	0.09369544	0.03035154	-0.05061338	0.17408901
0.32171842	1.01562210	0.04965045	0.01410302	-0.23726589	0.28234238
0.28561497	0.96901468	0.05211934	0.02728537	0.19386984	0.22918059
0.24834055	0.96038171	0.09612670	-0.17744173	0.20082928	0.23476720
0.22789376	0.93671136	0.05536099	0.11530550	0.09125747	0.20595594
0.25311978	0.93636829	0.11308468	0.00788231	0.02530771	0.10402351
0.22019116	0.97848855	0.08373776	0.12806236	0.19207063	0.15446140
0.24668525	0.92597756	0.02318364	0.19293232	0.16427251	0.10727286
0.21977090	0.95586855	0.03848991	-0.06232334	0.10245609	0.11537742
0.27201246	1.01831589	0.01262189	0.31435672	-0.15593454	0.04678358
0.19396187	1.00394079	0.03370104	0.05341587	-0.09788824	0.06639169
0.26444593	0.95909631	0.05292801	-0.04650780	0.06356760	0.11361976
0.24319567	0.96810547	0.02718821	0.14985598	0.12698730	0.14269023
0.20895280	1.00644771	0.04428711	0.02543029	0.15960737	0.13775492
0.18278638	0.96395969	0.04428949	0.19861923	-0.00147647	0.10125687
0.17867022	0.99078548	0.02912285	-0.05270367	0.18512219	0.23467851
0.22891778	0.98691862	0.03673001	0.14639490	0.10916040	0.17858732
0.25840198	0.96494177	0.03304852	-0.06705271	0.03313748	0.16825195
0.17492992	0.96081432	0.05990422	-0.02633324	0.08546758	0.15529991
0.16457905	0.96900474	0.03564539	-0.00728462	0.08454408	0.17579288
0.16051196	0.95725381	0.03613238	-0.00860185	0.16024823	0.21154626
0.29224367	0.98212235	0.02621298	0.07057345	0.07108425	0.22884940
0.26970075	0.99273146	0.05253427	0.15285246	-0.02139389	0.24556836
0.26782383	0.97459597	0.06180340	0.00154563	0.08174866	0.24012746
0.22460888	0.94821373	0.04293536	0.08264724	0.05402704	0.25335783
0.27318306	0.95526225	0.04771745	0.16145741	0.19539333	0.14963094
0.20895334	0.93462047	0.01687944	0.04939859	0.08959770	0.16307170
0.27267271	0.98702152	0.04264162	-0.00080572	0.10171038	0.12426852
0.21549688	0.97881348	0.04042847	-0.07987424	0.11984246	0.22851102
0.22035173	0.98846293	0.04097070	-0.09603882	0.12711906	0.18031630
0.27384948	0.98159210	0.01415498	-0.07446846	0.17754726	0.17258190
0.19563848	0.97358431	0.01993136	0.19108485	-0.10949497	0.17310622
0.23606051	0.96233417	0.05223715	-0.03034454	0.10280218	0.10396676
0.27404039	0.94839198	0.04326188	-0.03072160	-0.28347348	0.11786594
0.27617638	0.96553180	0.03228040	-0.07146164	-0.00030366	-0.02720238
0.27561418	0.95383014	0.03894973	-0.03445718	0.08469182	0.09571649
0.24331630	0.94867394	0.02190037	0.16415629	0.03767063	0.09617640
0.26004356	1.02242162	0.02085367	-0.10256488	0.10798867	0.10347983
0.20524169	0.99905722	0.00293557	0.03842059	0.10725513	0.11981698
0.24519988	0.97346567	0.02410511	0.05641390	0.23255982	0.04730444
0.18441080	1.00071050	0.05889003	-0.07156579	-0.03268848	0.09795176
0.19486546	0.94622155	0.06740856	0.04279425	-0.03167486	0.06388611
0.19297016	0.93970229	0.05423736	0.05135358	0.17232606	0.15131280
0.26076986	0.99751335	0.03122233	-0.02615471	0.04148935	0.11511239
0.22534939	0.96245213	0.04739385	0.15113857	0.08115835	0.06297866
0.25252973	0.98266456	0.06378753	-0.04751814	0.12624806	0.14118893
0.19351626	0.96444556	-0.00489286	-0.07817531	-0.08304821	0.12921457
0.18051547	1.02558266	0.01236873	-0.11790326	-0.09922504	0.10604527
0.21540223	0.97805302	0.03688189	-0.12646765	0.16972106	0.16991297
0.28370431	0.96986767	0.02812493	-0.07009283	0.06836496	0.15576937
0.27675255	0.95222846	0.03465013	-0.01785766	0.25497448	0.13464696
0.25992767	0.96596353	0.03969471	0.22174765	0.11549105	0.11004315
0.19314927	0.99334453	0.09223472	-0.07989773	-0.16436658	0.13677905
0.18502073	0.97495722	0.07473284	0.08640138	-0.02001176	0.24949121
0.21553527	0.95242209	0.07413340	-0.04115578	0.09743866	0.15182005
0.20592516	0.93685689	0.08144991	0.05849827	0.13967359	0.15446658
0.20261074	0.94936741	0.08077084	0.26723708	-0.04274370	0.11963716
0.23832593	0.93488300	0.06812062	0.28025239	-0.05163839	0.06144793
0.22308209	0.96640475	0.06679299	0.08367114	0.21930367	0.05179692
0.24537391	0.94169010	0.07341767	0.06982250	-0.02256812	0.04792120
