0.26085048	0.97225367	0.03454949	0.04912896	0.09616702	0.15694705
0.25685923	0.96659606	0.03156679	0.07641057	0.07823532	0.15256241
0.26156042	0.97003257	0.02158324	0.05033908	0.07698821	0.15458369
0.26006335	0.96955265	0.03958568	0.05709482	0.08432913	0.18215246
0.26269738	0.97051678	0.02889421	0.03814273	0.07212275	0.15117350
0.25837776	0.96775785	0.02963960	0.04199113	0.06563722	0.13442002
0.26148824	0.96456162	0.03540437	0.05265817	0.08364910	0.11971241
0.26125931	0.95090299	0.02910656	0.08991517	0.05980044	0.10021088
0.26073911	0.95946858	0.05024971	0.06209266	0.07148474	0.11054689
0.27010702	0.95703936	0.04613542	0.06652862	0.08643361	0.11333561
0.26835320	0.95747659	0.02146000	0.08585040	0.05578147	0.10617670
0.26135887	0.95960543	0.04457181	0.11164618	0.08969943	0.10928334
0.25906106	0.96362947	0.01862224	0.09444403	0.06562184	0.14306398
0.25928452	0.97183006	0.03497481	0.09416816	0.07351449	0.10773817
0.25442012	0.96177975	0.03840250	0.08646883	0.08991975	0.07765446
0.25649708	0.96522717	0.03489637	0.12143866	0.08392583	0.08964329
0.25819386	0.96237218	0.02160018	0.09119941	0.07406245	0.09853679
0.25800798	0.96892662	0.02633890	0.11003790	0.05308342	0.11325061
0.26207632	0.96221211	0.02347438	0.08735986	0.06549914	0.08972272
0.26465860	0.96112447	0.03780685	0.04234847	0.05634087	0.09746484
0.26501031	0.96213186	0.01261508	0.02746804	0.06679230	0.09203313
0.26504964	0.97632063	0.02700556	0.03869537	0.05965661	0.12024232
0.26842098	0.97559214	0.02160205	-0.02963201	0.06226011	0.10262804
0.26980714	0.97418023	0.01905126	-0.03147172	0.05349482	0.07752583
0.26663442	0.97445579	0.02000163	-0.07092602	0.06788439	0.04875920
0.26698586	0.96483006	0.04112193	-0.06875222	0.07169939	0.06681772
0.25537224	0.97318668	0.03311813	-0.07743439	0.06605662	0.05820279
0.24968213	0.96863372	0.02850923	-0.08570835	0.05776122	0.05835069
0.25151407	0.96514003	0.03976638	-0.10741752	0.07150309	0.06038771
0.24915403	0.95809936	0.02719011	-0.08809885	0.07216372	0.08901524
0.24609888	0.95618131	0.04199574	-0.09164596	0.07470513	0.06436956
0.25106081	0.95348183	0.04741175	-0.10938363	0.06379985	0.08037087
0.25568901	0.95587222	0.07257867	-0.07073940	0.06253841	0.12411902
0.25813382	0.94399807	0.06698378	-0.05293490	0.06301987	0.08115348
0.24789042	0.94863344	0.07517453	0.01483689	0.04352690	0.12151221
0.25296712	0.95076941	0.07512368	0.02347298	0.04918045	0.13015500
0.26182597	0.95396994	0.08330010	0.03238012	0.04012156	0.11729170
0.26501377	0.94750106	0.07345310	0.10241441	0.04927675	0.09019566
0.26012947	0.96123354	0.06787457	0.12164437	0.05490365	0.09570769
0.25991286	0.95971004	0.04645580	0.10273999	0.07435416	0.10563730
0.26023805	0.95816576	0.05477328	0.08941999	0.03785068	0.07714718
0.25782410	0.95883038	0.05196343	0.11089504	0.04074065	0.07576367
0.25682237	0.96143088	0.03974087	0.04200976	0.03434704	0.05597520
0.25546063	0.95956984	0.02844585	0.04668903	0.06436415	0.05693338
0.25574095	0.97629098	0.03537001	0.07136133	0.03679584	0.05768102
0.25757357	0.98677222	0.04751177	0.05620479	0.04324749	0.09620264
0.25271993	0.97520208	0.03681255	0.01551666	0.03144751	0.03927650
0.25401770	0.97009058	0.03334525	-0.00357411	0.05297135	0.06229422
0.24773300	0.96743495	0.04102775	-0.02802613	0.05016428	0.07046152
0.24685007	0.96108806	0.05503070	-0.00503856	0.05375773	0.08786489
0.24006018	0.95443418	0.08073431	0.02295473	0.01934502	0.11803975
0.24706825	0.95415230	0.06166658	0.04120310	0.00696048	0.08364856
0.25298620	0.94644802	0.06137683	0.12436323	0.02312449	0.06796883
0.25353402	0.94943545	0.07226005	0.10441444	0.01054807	0.07734363
0.26154349	0.95477420	0.06220939	0.13346211	0.01697726	0.08068985
0.26377325	0.96150167	0.03445097	0.08123051	0.00464093	0.10702704
0.26604668	0.96271964	0.02078677	0.07424937	0.02077655	0.05229453
0.27021948	0.97106414	0.01615195	0.10280889	0.03783700	0.07310294
0.25752018	0.96920761	0.00941805	0.07956834	0.03095149	0.01395524
0.25820730	0.96775291	0.01956519	0.04622154	0.00706181	0.02122839
0.25675962	0.96451676	0.02999588	0.01095937	0.03369413	0.03287963
0.26089203	0.96835326	0.01869221	0.03168183	0.03107279	0.05919785
0.25715830	0.97085410	0.01940958	0.00429076	0.04926404	0.00299931
0.25494956	0.96866626	0.02485474	0.04495646	0.04240912	0.03963522
0.25273395	0.97369853	0.02945188	0.03116877	0.04225696	0.05753448
0.25283878	0.96488572	0.03066483	0.00553270	0.04787577	0.05201805
0.25107162	0.96951376	0.02807717	-0.01946692	0.03029523	0.06331538
0.25705738	0.96389050	0.04196151	-0.03768899	0.02447014	0.08052833
0.25244633	0.96986381	0.02903942	-0.01843664	0.03831201	0.03418511
0.25661878	0.97048205	0.04068765	-0.01066777	0.03739404	0.03286268
0.25943249	0.95523985	0.03795819	-0.06135300	0.02483122	0.05008384
0.25914072	0.95511659	0.05581526	-0.03897048	0.02513091	0.04381810
0.26151631	0.95793246	0.04736799	0.01903821	0.01045165	0.06174458
0.26189333	0.95005380	0.03883761	-0.00755249	0.02786935	0.01532376
0.25670736	0.95863629	0.05204355	-0.00426720	0.02299220	0.05463570
0.25560687	0.95349139	0.04910253	0.03698049	0.01328382	0.04294976
0.25952131	0.94900727	0.04362083	0.02350366	0.01511262	0.02148606
0.26519674	0.96093682	0.04299014	0.01883782	0.02520980	0.03078916
0.26972582	0.96736641	0.03962718	0.03183253	0.02782547	-0.00429521
0.25830294	0.96823654	0.04264366	0.02875171	0.02180644	0.01023824
0.25354679	0.96605647	0.05566887	0.01529477	0.01139867	0.02296501
0.25201096	0.96945399	0.03386403	0.04522823	0.00621236	0.04697442
0.25249974	0.96702463	0.03154138	0.00680929	0.01585240	0.03665451
0.25502628	0.96261973	0.03993960	0.04098596	-0.00099668	0.03279643
0.24791308	0.96397706	0.02290931	0.02290189	0.00944306	0.01476467
0.25523715	0.96008867	0.01910293	0.02442594	0.00732196	0.05452824
0.26109807	0.95936965	0.03681702	0.03459145	0.01432379	0.03563045
0.26538044	0.96713794	0.03367574	0.03178733	0.01636400	0.01685737
0.25631793	0.96127292	0.02903974	-0.04063416	0.03185223	0.04049103
0.25390397	0.96733771	0.02783559	-0.00624338	0.01219038	0.03254850
0.26104909	0.96978305	0.04025374	-0.02542561	0.02382388	0.01292088
0.25380253	0.97131030	0.02742367	-0.03632222	0.02581534	0.03856477
0.25299465	0.96110808	0.02544598	-0.02808793	0.00620854	0.04582787
0.25192594	0.96610269	0.01859232	-0.02069364	0.02329947	0.00184017
0.25725911	0.96054240	0.03317861	-0.00533561	0.02959630	0.01858773
0.26196401	0.97089154	0.03797764	-0.00736101	0.01677965	0.02816983
0.26032289	0.96504985	0.02961813	0.02027052	0.01667378	0.02625938
0.26503471	0.96117863	0.03459260	-0.00246355	0.01900132	0.00972810
0.25818924	0.95854338	0.03957105	0.03600837	0.01647549	0.03787048
0.26191848	0.96114908	0.02702044	-0.00443033	0.02043933	-0.00024412
0.25690653	0.96711010	0.03074741	0.03830503	0.01356198	-0.00132080
0.25138952	0.96777960	0.03363791	-0.02316312	-0.00446490	-0.00302749
0.26207086	0.96559059	0.03219832	-0.01775265	0.00450366	0.00004404
0.25445296	0.96538878	0.04411892	-0.01931251	0.00644901	-0.01574545
0.25686706	0.96271134	0.03812153	-0.00783345	0.01159399	-0.01861164
0.25634111	0.96255359	0.04370000	0.01176178	0.01633134	0.03374013
0.24811690	0.96488188	0.04531304	-0.02431944	0.01779350	0.00174700
0.25103836	0.96779915	0.04982397	0.01690245	0.00668372	0.01962774
0.25002161	0.96826809	0.02614883	0.01422803	0.01626267	0.02628800
0.25577132	0.96277510	0.03590529	0.03876047	0.02485313	-0.00066317
0.25592844	0.97121193	0.02336051	-0.02078975	0.00039648	0.02745881
0.26773855	0.97094134	0.03342133	-0.01779949	0.00588931	0.01832431
0.26376802	0.96518465	0.02036060	0.01306238	0.00837814	0.00645175
0.26026174	0.96861005	0.01596061	-0.03396791	0.02728159	-0.01319483
0.26037308	0.95637253	0.02493416	-0.03344330	0.01114691	-0.01438534
0.26600846	0.95558811	0.03239829	0.00300613	0.02726361	0.00408172
0.25909990	0.95995738	0.03169480	-0.02069811	0.02191267	0.01752130
0.26718064	0.95139333	0.04062856	-0.00349368	0.02026056	0.00028925
0.26479116	0.96133477	0.04025704	-0.04737212	0.02069420	-0.01651253
0.26001991	0.96553667	0.04363056	-0.00754008	0.00695103	-0.02163597
0.26356737	0.96468925	0.03324180	-0.02683762	0.00575983	0.02270009
0.26071538	0.95988788	0.04218458	-0.00486610	0.00875279	0.01200106
0.25849695	0.96380261	0.04723255	-0.02370658	0.01952848	0.00809786
0.26303234	0.96342949	0.06371646	-0.04609189	0.00585922	-0.00811096
0.25859751	0.95760021	0.06373303	-0.04326025	-0.00832898	-0.01476942
0.26333875	0.95655252	0.04765070	-0.01735406	-0.00819448	-0.01195189
0.26105364	0.95562859	0.04222635	0.01495331	0.00994860	0.00080719
0.25530642	0.95488161	0.05006734	-0.00829424	-0.00351415	-0.03132929
