0.26085234	0.96352326	0.03096535	-0.01856133	-0.00830134	-0.01397593
0.26060561	0.96424690	0.03053237	-0.01309377	-0.01051497	-0.01536565
0.25823233	0.95605406	0.04543006	-0.01420048	-0.00644071	-0.01205747
0.26006517	0.95521928	0.03799754	-0.00901679	-0.00661966	-0.01442273
0.26157611	0.95874121	0.03981302	-0.00277899	-0.00584369	-0.01637762
0.26057298	0.96216881	0.04124955	-0.00475181	-0.01017172	-0.01893565
0.25809696	0.96313793	0.03447153	0.00066458	-0.00682484	-0.02272928
0.25918734	0.96558571	0.03744801	0.00255113	-0.00662096	-0.02119018
0.26007653	0.96384527	0.03615238	-0.00693293	-0.00920684	-0.02566846
0.26217170	0.96222876	0.03264049	0.00192649	-0.00606454	-0.02156559
0.25584431	0.96326250	0.03843948	-0.00333146	-0.00498023	-0.01279129
0.25535339	0.96224299	0.04180310	-0.00335152	-0.00694097	-0.01462941
0.25377362	0.96186105	0.04879985	-0.00201288	-0.00456306	-0.01061808
0.25642860	0.96249321	0.04337332	-0.00288565	-0.00432566	-0.01019531
0.25431126	0.96164074	0.04540479	-0.00220623	-0.00897144	-0.00961583
0.25890944	0.96056453	0.04243573	-0.00427326	-0.01525120	-0.01116307
0.26298526	0.96426049	0.03536739	-0.00302992	-0.01270003	-0.01366121
0.26159548	0.96309787	0.02995060	0.00267363	-0.01095753	-0.01279132
0.25896129	0.95868416	0.03073626	-0.00617194	-0.00691821	-0.01917677
0.26136924	0.95576572	0.03619881	-0.00865800	-0.00962013	-0.02501699
0.26123295	0.95213106	0.03574951	-0.00158367	-0.01053604	-0.02009127
0.26089865	0.95916943	0.03204251	-0.00207385	-0.00996577	-0.02408924
0.26014426	0.96337780	0.02998898	-0.00462551	-0.00975710	-0.01768687
0.25808415	0.96198201	0.02160681	-0.00837583	-0.00659189	-0.02203905
0.25878408	0.96100450	0.02771778	-0.00844402	-0.00229775	-0.01951557
0.25857527	0.95952681	0.03175600	-0.01500682	-0.00761276	-0.02351836
0.25802914	0.96340997	0.02801386	-0.01230931	-0.00695401	-0.01756093
0.25880794	0.96600349	0.03071607	-0.00816273	-0.00767337	-0.01252048
0.25956067	0.96821803	0.03199922	-0.00931241	-0.01009323	-0.00704590
0.25659704	0.96361677	0.02746043	-0.00744694	-0.01306687	-0.00072895
0.26048545	0.96287268	0.03417072	-0.00631443	-0.00524406	-0.00992667
0.26449923	0.96191210	0.04022541	-0.00893289	-0.00279238	-0.01076311
0.26040290	0.96308731	0.02593004	-0.00346586	-0.00163203	-0.01741290
0.26175310	0.96082362	0.02216804	-0.00439002	-0.00522632	-0.02394221
0.26041177	0.96090864	0.02501302	0.00520502	-0.00869634	-0.02198789
0.26123784	0.96170798	0.03359752	-0.00661715	-0.00959376	-0.01832547
0.25931261	0.96480374	0.02996681	-0.00876627	-0.00919911	-0.02078472
0.26096180	0.96407988	0.02966807	-0.01637841	-0.01026733	-0.01846930
0.26158544	0.96318252	0.03081217	-0.01684411	-0.01355117	-0.01643028
0.25702102	0.96492240	0.02836203	-0.01523872	-0.00721294	-0.01750098
0.25766836	0.96165732	0.03395899	-0.02485821	-0.01000893	-0.02099009
0.25817204	0.96270534	0.03456842	-0.01743827	-0.00919145	-0.01529226
0.26139264	0.95881494	0.03534738	-0.01670081	-0.00681970	-0.01348263
0.26179747	0.95964028	0.03401031	-0.02004948	-0.00962244	-0.01646453
0.26186262	0.95926894	0.03133966	-0.02109505	-0.00796629	-0.01564531
0.25884728	0.95689567	0.02375880	-0.01871925	-0.00146212	-0.02156043
0.26272374	0.96014028	0.02679978	-0.01722130	-0.00720493	-0.02121191
0.26113631	0.95886029	0.02636869	-0.02232303	-0.00730711	-0.01885291
0.26089239	0.96033275	0.03655621	-0.01542765	-0.00730460	-0.01962817
0.25792495	0.96046874	0.03362249	-0.01738388	-0.00548505	-0.02302914
0.26189297	0.96450424	0.03916146	-0.00872001	-0.00660426	-0.02458202
0.25716294	0.96300407	0.03237542	-0.01034105	-0.00992615	-0.02358235
0.25401592	0.96147693	0.04161278	-0.01612682	-0.01077460	-0.02244200
0.25370087	0.96315913	0.04022906	-0.01676550	-0.01122683	-0.01895070
0.25596516	0.96088130	0.02896001	-0.01856546	-0.01082913	-0.02042395
0.25658483	0.96024429	0.02992883	-0.01860946	-0.00748905	-0.02029112
0.25811778	0.96165762	0.03146479	-0.01725194	-0.00780150	-0.02105566
0.25938511	0.96063833	0.03428794	-0.01593449	-0.00699740	-0.01628923
0.26088785	0.96231273	0.03323629	-0.01650522	-0.01012812	-0.01524256
0.25931604	0.96287956	0.03894188	-0.01630373	-0.01039011	-0.02065490
0.25895500	0.95922205	0.03468806	-0.01889866	-0.00898556	-0.01564974
0.25537187	0.96123557	0.03259515	-0.01881012	-0.00644106	-0.01368112
0.25329451	0.96361932	0.03936072	-0.02218688	-0.01036402	-0.00695604
0.25574562	0.96371056	0.03997635	-0.02333082	-0.01322778	-0.01111147
0.25911930	0.96187461	0.03599938	-0.01716938	-0.01285497	-0.01185758
0.26012728	0.96490575	0.04255324	-0.01758171	-0.00859318	-0.01338147
0.25969118	0.96256166	0.03522858	-0.01147749	-0.00119016	-0.01639719
0.25906605	0.96724608	0.03903056	-0.01050248	-0.00657630	-0.01681524
0.25896710	0.96335276	0.03614507	-0.02024163	-0.00944253	-0.01750981
0.25558290	0.95973851	0.03502993	-0.01581057	-0.00713855	-0.01843735
0.25655997	0.96365906	0.03536202	-0.01464177	-0.00570996	-0.01921465
0.25646349	0.96476523	0.03910748	-0.01598763	-0.00816950	-0.01299626
0.25155749	0.96359921	0.03539264	-0.02095063	-0.00671218	-0.01498620
0.25621108	0.96262867	0.04229109	-0.01622790	-0.00772206	-0.01543927
0.25718557	0.96302072	0.03706117	-0.01478150	-0.00756163	-0.01503022
0.25660816	0.96244092	0.04600439	-0.00753988	-0.00358369	-0.00867975
0.25713853	0.96124754	0.04111852	-0.01157030	-0.00319238	-0.01149089
0.25482704	0.96311624	0.03822349	-0.01230190	-0.00303328	-0.01485751
0.25208011	0.96155732	0.03785417	-0.01240677	-0.00733707	-0.00963982
0.25448752	0.96159795	0.04322436	-0.01428364	-0.01544440	-0.01987757
0.25533222	0.96418565	0.04101107	-0.00599228	-0.00781839	-0.02146659
0.25308581	0.96280821	0.04689886	-0.01027891	-0.00721400	-0.02107160
0.25382202	0.95802944	0.04490722	-0.00182638	-0.00414981	-0.01671515
0.25432820	0.96314326	0.04246919	-0.00285068	-0.00408333	-0.01798447
0.25464439	0.96553966	0.03968332	-0.00614326	-0.00433064	-0.01199753
0.25560224	0.96418716	0.04571463	0.00459659	-0.00018091	-0.01365576
0.25581687	0.96061683	0.04464062	-0.00404999	-0.00310390	-0.00778711
0.25737389	0.96311161	0.04621597	-0.00258885	-0.00968943	-0.00476949
0.25620737	0.96250564	0.04034191	-0.00978294	-0.00682713	-0.00289831
0.25588876	0.96867315	0.03914347	-0.00639770	-0.00867435	-0.01338765
0.25862844	0.96623809	0.02528707	-0.00914015	-0.01113002	-0.00343686
0.26145603	0.96362751	0.03064297	-0.00568866	-0.01385834	-0.00401517
0.25867107	0.96426424	0.03789572	-0.01196459	-0.00965137	-0.00547702
0.25793425	0.95785710	0.03890703	-0.00867543	-0.01019397	-0.00791286
0.25746942	0.96009357	0.04504493	-0.00341505	-0.00516784	-0.00689145
0.25890818	0.95943824	0.04036818	-0.00051257	-0.00732464	-0.00830027
0.25663277	0.96132807	0.03865632	0.00035049	-0.00998306	-0.01122375
0.25981488	0.96216199	0.04022479	-0.00470436	-0.00700020	-0.00558618
0.25867455	0.96601836	0.03898717	0.00132242	-0.00700429	-0.00578435
0.26121352	0.96644989	0.04119366	0.00383988	-0.00666024	-0.00248091
0.25811495	0.96558165	0.03834339	0.00579536	-0.00493769	-0.01129384
0.25219590	0.96267734	0.03713235	0.00236288	-0.00521526	-0.00976837
0.25334004	0.96434577	0.03111505	0.00251978	-0.00408482	-0.00713711
0.25509122	0.96313357	0.03493333	-0.00232483	-0.00517952	-0.00092812
0.25866693	0.96209217	0.03574026	-0.00008052	-0.00692438	-0.00112199
0.25747590	0.96769006	0.03538934	-0.00647732	-0.00941496	-0.00217082
0.25808768	0.96670970	0.03714057	-0.00498831	-0.00787055	-0.00542322
0.26026788	0.96431425	0.04220371	-0.00393203	-0.00348381	-0.01282100
0.26393091	0.96348844	0.04071503	0.00068213	-0.00290168	-0.01544501
0.26023873	0.96173421	0.04380262	0.00052010	-0.00499786	-0.01266157
0.25516170	0.96259195	0.03476007	-0.00117674	-0.00878720	-0.01347108
0.25607585	0.96204674	0.02679651	0.00328922	-0.00366576	-0.00607982
0.25960773	0.96466093	0.02859498	-0.00086448	-0.00440394	-0.01388067
0.25976698	0.96411202	0.02656502	0.00229146	-0.00316228	-0.00881510
0.26253018	0.96265182	0.03520620	0.00406889	0.00091305	-0.01388655
0.26210384	0.95946020	0.03262829	-0.00192850	-0.00136586	-0.01041369
0.26195235	0.96220751	0.03168974	-0.00279490	-0.00275345	-0.00504383
0.26213027	0.95979918	0.03236026	-0.00391676	-0.00285078	-0.00455877
0.25767900	0.95892171	0.03420139	-0.00736196	-0.00817505	-0.00410660
0.25220771	0.96064768	0.03072990	-0.00421965	-0.00603226	-0.00875833
0.25966238	0.96087795	0.03173115	0.00088363	-0.00857787	-0.00647937
0.26135693	0.95895588	0.02185503	0.00636343	-0.00930297	-0.00916881
0.26251386	0.96064185	0.02333162	0.00710989	-0.00475307	-0.00768557
0.26146196	0.95880498	0.02943838	-0.00051595	-0.00524666	-0.00996495
0.26256023	0.96069612	0.03369615	0.00125058	-0.00717136	-0.01096332
0.25979986	0.95998739	0.03672387	0.00083705	-0.00461487	-0.00787152
0.26104075	0.96169954	0.03790447	0.00030013	-0.00709536	-0.01161928
0.26037306	0.96523559	0.03667246	0.00336506	-0.00842201	-0.00540898
