1.54284353	-0.23641940	0.12702024	0.25351601	0.15623519	0.07687305
1.18701858	-0.25825151	0.05138536	0.15408861	0.45221592	0.07651700
1.10203419	-0.43833277	0.15139993	-0.16601255	0.54444707	0.01502889
1.07733180	-0.46049658	0.19676051	0.35588928	0.39372879	0.06480293
0.81193341	-0.29384563	0.17309304	0.22794050	0.38294625	-0.05298607
0.89550378	-0.08932204	0.06229119	0.23973348	0.05164735	-0.09768025
0.69617162	-0.08095643	0.02719560	-0.01180079	-0.24372758	0.24188184
0.69330879	-0.37893141	0.01286446	-0.30778164	-0.06173582	0.48772461
0.82109572	-0.53086489	0.03754477	-0.09985957	-0.46665108	0.43739859
0.65895466	-0.31851891	0.00438701	0.10132541	-0.77036323	0.51583125
0.73961373	-0.65289046	0.08919943	0.46608396	-0.85763083	0.45860475
0.98529803	-0.21822126	0.00491802	0.48905465	-0.54844965	0.23108132
0.91702263	-0.31814384	0.04868026	0.59800870	-0.40381124	-0.15377412
0.80464098	-0.19610127	-0.10948561	1.05299378	-0.28497871	-0.16740518
0.86565209	-0.06664531	0.00131885	0.52182689	-0.28547936	0.08508297
0.92811198	-0.10091963	-0.06828280	0.89496550	-0.22894312	0.25458733
1.02719250	0.02129821	0.03827370	0.48509584	-0.04099516	0.24141218
1.02322135	0.02619907	-0.06992340	0.06006585	0.51168744	0.27493563
0.97899632	0.17395434	-0.05886385	-0.31302462	0.00358732	0.47080125
0.89161917	-0.09367435	0.06088909	-0.31675975	-0.15319937	0.47115520
0.86221172	-0.31020338	0.07506877	-0.07501077	0.39379291	0.45512359
1.17071511	-0.43235753	0.05459867	0.23548433	0.43114665	0.23853024
0.94580574	-0.11132851	0.09387442	0.36923376	-0.04221688	0.27477793
1.13938792	-0.08833750	0.16295624	-0.00405132	-0.24035416	0.07725190
1.08006359	-0.05360578	0.12796908	0.12516502	-0.40842691	0.21712612
1.20415752	-0.04633544	0.07074418	0.11108684	-0.16469036	-0.13630244
1.04880582	-0.10158693	0.05600043	0.35002663	-0.48759337	-0.10932092
1.14807699	-0.17154488	0.00527095	0.31543488	-0.12956670	0.05764725
1.20815585	-0.45736733	-0.03395500	0.59837486	-0.21102375	-0.27880374
1.23013128	-0.50906471	0.07481062	0.38733079	0.27478403	-0.55971429
1.16313198	-0.45135783	0.12349717	-0.15202466	-0.14759571	-1.01166671
0.81667595	-0.37837433	0.20863999	-0.66603814	-1.07253426	-0.75544571
1.09180475	-0.54199232	0.05959259	-0.09336480	-0.71458145	-0.73661140
1.34318882	-0.56017123	0.01250239	0.32757813	-0.27756842	-0.50686433
1.44879663	-0.54659764	-0.02617577	0.23304259	0.42341372	-0.68294232
1.48021619	-0.21121887	0.06741650	0.53274439	0.47425465	0.13740136
1.14860515	-0.01245362	0.14932503	-0.48027828	0.57626098	-0.10342632
0.71748495	0.06391836	0.13698501	-0.12967276	0.67311001	-0.08114676
0.72652312	0.01482466	0.13768588	-0.52029515	0.31029069	-0.16039296
0.91296381	-0.01500451	0.13773469	-0.66070393	0.64446292	-0.09238754
0.57856135	0.20539994	0.09021060	-0.91167307	0.98997909	0.12057016
0.77807846	-0.03535638	0.10124712	-0.69656214	0.70329734	0.08888067
0.89743025	0.05741851	0.18100672	-0.49312936	0.66941858	-0.03997393
0.73578590	-0.01823774	0.19333084	-0.09936365	0.63318183	0.25077151
0.67428107	-0.14156087	0.19694428	-0.44803514	0.10228183	0.13784812
0.71787401	-0.24597815	0.17519631	0.16745589	-0.44472224	0.25598297
0.83014858	-0.04833719	0.21178637	-0.17582404	-0.52964965	0.00720314
0.97811428	-0.12229915	0.23849764	-0.09908412	-0.14490276	0.12381444
0.85950329	-0.02892749	0.31549755	-0.10031083	-0.28756854	0.24603499
0.93993464	0.16076724	0.22826650	-0.01686426	-0.01797264	-0.16091816
1.14448163	-0.25451822	0.21742754	-0.40432556	-0.57088189	-0.12674194
1.18841394	-0.14578293	0.10147204	-0.40490824	-0.01435184	-0.03097341
1.41670466	-0.17622294	0.11172840	-0.34209640	0.17918384	-0.02126268
1.25534281	-0.21884401	0.13848265	0.25907608	0.29256361	-0.23834563
1.18771419	0.09353619	0.31693360	-0.27426406	-0.12349056	-0.02144110
1.35946702	0.04956153	0.36066342	-0.26474356	0.24685116	-0.11402590
1.52487374	-0.25692511	0.15326936	0.37768073	0.48076721	0.30214493
1.43221628	-0.36169230	-0.09485661	0.27896018	0.90157538	0.19673432
1.32529268	-0.52848033	-0.06807021	0.44278302	0.54873423	0.17909939
1.03062850	-0.48818992	0.08259799	0.31346024	0.74267521	0.05295993
0.73328657	-0.49940579	0.09761958	0.20452944	0.73108383	-0.04331691
0.76726458	-0.30604383	0.11133246	-0.11645937	0.38860204	-0.11484319
0.63169284	-0.21187441	0.13971385	-0.01726749	-0.09965724	-0.04647568
0.83348252	-0.24484665	0.04188759	-0.00888447	-0.56252059	0.60235525
1.02445630	-0.20585549	0.02165605	0.11700018	-0.57224799	0.68143652
0.75819668	-0.26009423	0.03066604	0.11984563	-0.81062321	0.38142481
1.03844167	-0.38699563	0.03447113	0.09959573	-0.33602692	0.28687587
0.99216483	-0.19386041	-0.02563821	0.55165440	-0.35314299	-0.16826399
0.83570989	-0.36267491	0.05128857	0.85483271	-0.39009283	0.39096025
1.02438749	-0.30785130	0.01679973	0.76751102	-0.14841699	0.03998071
0.92848894	-0.09821887	-0.02907942	0.77702217	0.25069815	0.27934194
0.97288795	-0.13303916	-0.04333976	0.35348422	-0.15116934	0.19004641
0.89967246	0.01657100	0.00508602	0.13772767	-0.27017682	0.03679276
0.90482885	0.03796147	-0.02208521	-0.11067685	-0.27499031	0.52769624
0.90711924	0.12340438	-0.04628852	-0.13398214	-0.00385367	0.66999925
1.08126108	0.05217284	0.07140642	-0.20088008	0.08973551	0.38442966
0.94741836	-0.15160123	-0.01617249	0.22237000	0.25459467	0.51879479
1.06966983	-0.08225200	0.02801834	0.27742482	0.35073482	0.46032605
1.13506539	-0.22645556	0.12767237	0.28643027	0.05999915	0.08145573
1.06380767	-0.21783099	0.08812106	0.33767681	0.20764362	-0.27671346
1.11161803	-0.09598003	0.07521303	0.19938760	0.04981029	-0.11598511
1.04890205	-0.12421144	0.09831584	-0.35784952	0.05840258	0.00515418
1.16482843	0.09703015	0.11531917	-0.19395304	-0.00637749	-0.04406964
1.31755579	0.05679655	0.05146718	0.46124345	-0.29382527	0.13010877
1.37250755	-0.45371106	-0.00090779	0.24643604	-0.26225946	-0.00483417
1.19751717	-0.50323818	0.02637574	0.12138010	0.01711621	-0.00743923
0.98964831	-0.47095323	0.06636014	-0.34479334	-0.36154438	-0.66507124
0.95422506	-0.50509384	0.10198695	-0.63406522	-0.36064531	-0.71886505
0.86566161	-0.54652392	0.06596930	-0.25206962	-0.70186803	-0.78258891
0.87086976	-0.76639024	0.03231556	0.10324886	-0.06042843	-0.50849634
1.20511852	-0.29172964	0.03841128	0.25102064	0.27965256	-0.31975734
1.30235282	-0.26394072	0.10250900	0.34267451	0.27796661	-0.21564018
1.06280333	-0.27341405	0.14685478	0.24536264	0.82309059	0.34191758
0.82408315	-0.02906109	0.10560705	-0.28643629	0.46483095	0.07731842
0.71300502	-0.10595131	0.10478212	-0.65655151	0.15919946	-0.04652571
0.78574715	-0.11494015	0.10538501	-0.65962457	0.44766531	-0.15717324
0.80710035	-0.27698258	0.13027502	-0.52817440	0.64216889	-0.10367441
0.84489560	-0.13608308	0.09176410	-0.80035435	0.71523172	-0.47286065
0.65944254	-0.08922300	0.20786413	-0.74714356	0.75043836	-0.03288648
0.82496970	-0.14664960	0.09556580	-0.57576563	0.22358633	-0.03552116
0.71906117	-0.13119107	0.21507499	-0.65881435	0.18303516	0.05460243
0.94881758	-0.21820910	0.20449847	-0.65333273	-0.09338602	0.19227068
0.78831783	-0.30254182	0.26734636	-0.26866910	-0.46449006	0.17368582
0.87493965	0.06074848	0.20337569	0.08241751	-0.33924666	0.14701753
0.99797915	0.05610741	0.24285074	-0.11020929	-0.78065035	-0.11724637
0.95617862	-0.19730441	0.17213636	0.05400366	-0.69237699	-0.39878142
0.96638777	-0.17226215	0.13537647	-0.62426514	-0.69260804	-0.07557898
1.34778662	-0.17259465	0.00810989	-0.29962117	-0.38362586	-0.24339983
1.43778279	-0.15033133	-0.00473601	-0.10568546	-0.19214183	0.00402160
1.42844991	-0.06776487	0.12896928	-0.22497717	0.17552941	0.07190516
1.21892721	-0.02284405	0.15370547	-0.14810157	0.20422763	0.02428569
1.12073142	-0.12441031	0.14417440	-0.28863459	0.50466625	-0.20558890
1.32663756	-0.23348606	0.18210702	-0.35452245	0.05725077	-0.23615992
0.96724892	-0.47555482	0.03548505	-0.06419416	0.60342156	-0.11149419
1.35679668	-0.85487101	-0.07294159	0.30017511	0.61219083	0.12688209
1.20438845	-0.73950628	0.07740788	0.48151249	0.68822600	-0.17681181
0.90069166	-0.38069561	0.13210883	0.27886789	0.69990605	-0.26323158
0.53954420	-0.23222139	0.16407214	0.14785396	0.30507539	-0.35609597
0.49125821	-0.08816049	0.17346656	-0.31967029	-0.26592390	-0.03747492
0.86868720	-0.16788504	0.08492851	-0.05208479	-0.56887290	0.39618563
0.90525192	-0.26906743	0.02505581	0.13005892	-1.18618689	0.46465385
1.07610791	-0.35634920	0.01708990	0.08028747	-0.77461556	0.11775459
1.19559928	-0.58825425	0.07831890	0.48913916	-0.71317892	0.03665863
0.91311427	-0.28815087	-0.05542391	0.49124477	-0.48934888	0.01592697
0.81509265	-0.26885622	0.02847351	0.69175494	-0.74334771	0.26271741
0.76909546	-0.28531908	-0.05505637	0.51556736	-0.26983606	0.08275027
0.80667614	0.00505459	-0.07620174	0.47289680	-0.17959283	0.17482296
0.94014185	-0.12371151	-0.03240917	0.37791715	-0.34525744	0.15468351
