0.76208970	-0.17438964	0.17251990	-0.38043170	-0.03518671	0.15171281
0.73004165	-0.18690648	0.21255992	-0.20846316	-0.33255356	0.06386842
0.77966277	-0.08021974	0.25915651	-0.05329650	-0.22580171	0.33019890
0.90690650	-0.05434204	0.28946683	0.16932509	-0.96429064	0.22109130
0.89230387	-0.18565805	0.20564214	0.13209247	-0.56080321	-0.01518737
0.91607312	-0.12724851	0.26489942	-0.00369931	-0.58792031	-0.03393467
1.10077411	-0.08586574	0.18144741	-0.14872769	-0.63659486	-0.18748482
1.16076997	-0.12842494	0.04917430	-0.54854344	-0.09656105	0.07135088
1.27321520	-0.12736516	0.04547396	-0.06008654	0.10853192	0.21136001
1.32625421	0.09410449	0.17994813	0.19939257	-0.02824717	-0.03190360
1.35582031	0.05144744	0.21219051	-0.26966073	0.04430459	-0.19940242
1.32336165	0.06371915	0.27534712	-0.21116467	0.41050494	-0.25901712
1.30048988	-0.21650250	0.14376300	-0.10874367	0.36982484	-0.07815854
1.15380036	-0.47839269	-0.00430093	0.22284171	0.76949413	0.16616683
1.25233508	-0.55051907	0.00309079	0.10464784	0.54745156	0.09931545
0.96433744	-0.45129891	0.11398280	0.45796925	0.86550055	0.09617890
0.81120153	-0.25549672	0.03952171	0.29632380	0.56644172	-0.04977152
0.90915885	-0.20457259	0.10779961	-0.05051599	0.79172070	-0.14981888
0.72940653	-0.21780557	0.10825149	-0.42412818	0.18788426	0.04707633
0.84869387	-0.22368561	0.13644383	-0.41880478	-0.10447772	0.46066182
0.89230520	-0.42649676	0.11780539	-0.24462681	-0.33513397	0.36082042
0.88716177	-0.40208511	0.07071682	0.14183966	-0.86794801	0.49048645
0.88535341	-0.48107490	-0.01791968	0.53879999	-0.91353774	0.13637589
0.84124622	-0.34573684	0.01819933	1.13621211	-0.47914779	0.17542537
0.83630586	-0.16702731	0.00751345	0.66360348	-0.70398493	0.07903740
0.86644036	-0.13758010	-0.08366188	1.11349224	-0.56513182	0.12726528
1.00326955	-0.01870478	-0.05455711	0.60307670	-0.13216816	0.35896314
0.86469705	0.06609096	0.01393316	0.53740163	-0.50431540	0.35846849
1.05136408	0.08803476	-0.05598888	0.62168768	-0.27542463	0.34536687
1.00316897	0.05701811	0.01574891	0.17484826	0.01142018	0.45227410
1.02847019	-0.08932533	0.04215096	-0.05859806	-0.34549159	0.46168004
0.96533798	0.13945900	-0.08104860	0.08410096	-0.16284122	0.75815116
1.02234677	-0.00507057	0.02736004	0.08322217	0.03406680	0.80734003
0.93528765	-0.04717740	0.02083144	0.16835589	-0.09802832	0.30119674
1.12642536	-0.23232580	0.10891019	0.33422353	0.30741492	0.33383409
1.01715995	-0.41455192	0.12186451	0.18441710	0.25188354	-0.03399938
0.98875101	-0.12361378	0.13409418	0.41717140	0.14837149	0.07451023
0.95281691	0.03790776	0.07274986	0.07836814	-0.03056961	0.23510047
0.95602583	-0.07303821	0.02776623	0.04138014	-0.11483836	0.30355368
1.08357525	-0.09673607	0.00635617	0.08697079	0.09090498	0.00359715
1.16817535	-0.10265778	-0.01669315	0.44929948	-0.14130129	0.08813249
1.20934764	-0.22254078	-0.02276639	0.20955693	-0.01457870	-0.05311603
1.34979766	-0.48380142	0.09692767	0.04421960	-0.22158825	-0.45337984
1.14067576	-0.46502515	0.07092201	-0.15470486	-0.42680646	-0.21022622
1.09615205	-0.36392603	0.02409219	-0.24009425	-0.45473426	-0.53519430
0.86451493	-0.52460085	0.00226875	-0.11993161	-0.61333604	-0.54943378
1.03979568	-0.49817860	0.08827270	0.24188322	-0.33317808	-0.76748821
1.11522892	-0.43470905	0.09962795	0.26009087	0.05351974	-0.59524276
1.28624161	-0.30480049	0.01949568	0.41894183	0.53844727	-0.18770812
1.26152038	-0.10354694	0.15596713	0.26541253	0.20277147	0.06578507
1.05793512	0.01734737	0.09254510	-0.18283241	0.45284579	0.17232908
0.98337683	-0.06465497	0.15552551	-0.51538855	0.10524985	-0.05316955
0.89269818	-0.12801419	0.20561902	-0.35402662	0.38640362	-0.12170506
0.82005164	-0.10285681	0.09615725	-0.48138396	0.54095456	-0.28936304
0.85388616	-0.05018435	0.13050473	-0.34109610	1.00234340	-0.35707276
0.66751189	-0.03528922	0.15912959	-0.88923120	0.74283897	0.09686929
0.72997123	0.02188922	0.11877246	-0.62614677	0.48566924	0.14840645
0.64183926	-0.11787970	0.11687312	-0.25186073	0.37834399	0.02034596
0.65688183	-0.06176320	0.18691977	-0.62498170	-0.17902778	0.06108947
0.70364390	-0.06711831	0.20154153	-0.48333633	-0.34515160	0.11847737
0.78921015	-0.09190543	0.13431600	-0.54584622	-0.45886089	-0.02567737
0.69212368	-0.17739483	0.17381499	-0.24021795	-0.20764483	0.17033002
1.01364030	-0.01291589	0.19555515	-0.59358581	-0.54065863	0.25077220
0.91475922	0.02610388	0.26350189	-0.54186815	-1.21424394	0.00388150
1.10023948	0.05863712	0.24282886	-0.51965961	-0.35978516	-0.03831224
1.07284524	-0.32383893	0.12844822	-0.43741325	-0.58078608	-0.12360404
1.19309883	-0.19330998	0.06574996	-0.61207786	-0.28526694	0.11305288
1.43035438	-0.18592358	0.05434927	-0.29057353	0.14240107	0.06196817
1.36621180	0.02785282	0.18980878	-0.11589102	0.18833888	-0.21689194
1.42306756	0.22839507	0.23292191	-0.44588292	0.55893157	-0.05275554
1.40403741	-0.12020108	0.25255676	-0.24839462	0.44576705	-0.17350259
1.28830097	-0.39412856	0.15035723	-0.33602174	0.58238330	-0.02344248
1.30769900	-0.59575567	0.06458041	0.13417090	0.53322170	0.24643880
1.37671129	-0.60056332	0.03619978	0.23398308	0.40409619	-0.15595974
0.99608431	-0.61761106	0.10318310	0.22032968	0.45919881	0.01543833
0.94094827	-0.34225088	0.16354686	0.09051658	0.23324211	-0.16000283
0.74432377	-0.18139297	0.14507531	-0.05923577	0.22412415	-0.37957718
0.52225126	-0.09401669	0.06157601	-0.41300647	0.21723127	0.20043883
0.89176506	-0.23933089	0.11611829	-0.38145726	-0.42904130	0.25331470
0.86701595	-0.45302878	0.03254782	-0.06884654	-0.74583446	0.41312816
0.94823616	-0.31965021	-0.02208511	0.28084912	-0.75659840	-0.09895377
0.85830296	-0.31402355	0.00372080	0.07174245	-0.44119663	0.03388000
0.93114517	-0.23202603	-0.01393211	0.75055379	-0.63748263	-0.04358641
0.96693353	-0.29408939	0.01163429	0.57476774	-0.40156958	0.16333913
0.84105141	-0.29006624	-0.04455481	0.55294969	-0.41165507	0.05488028
0.87687029	-0.08206774	-0.02133174	0.83078298	-0.32527833	0.12842794
1.05906804	0.00741505	-0.01647495	0.77727064	-0.09358557	0.04947627
0.91305972	-0.22481015	-0.03261264	1.09559254	0.20532198	0.41996279
0.99231339	-0.02027552	0.02584474	0.77942327	-0.10296695	0.39989188
0.96273723	-0.12685808	-0.00401508	0.70353585	-0.09124313	0.64388832
0.95115274	-0.09279533	0.00494880	0.31869392	-0.17812479	0.34012824
0.98338752	-0.13289196	0.04794436	0.20389750	0.06417486	0.43286885
0.99079358	-0.15902619	-0.00602100	0.13205758	0.04544298	0.18773414
1.03922264	-0.10379403	0.06364477	0.54292374	0.12756448	0.13543076
1.02355054	-0.11697336	0.12282765	0.26397306	-0.01259335	0.16562820
1.09914423	-0.04762110	0.09833252	0.31893955	-0.03554841	-0.23895125
1.03551067	-0.08302634	0.09096469	0.07562878	-0.20702795	0.14331021
0.97602262	0.01208843	0.09546481	0.35183554	-0.35235254	-0.07790186
1.29246248	-0.10336662	0.08147018	0.00939425	0.09395893	0.04701057
1.33771208	-0.36262424	0.07267056	0.48402180	-0.22774345	0.16119996
1.31894886	-0.41086775	0.01303964	0.00534558	-0.00933728	-0.21976271
1.22940983	-0.42814300	-0.01686385	-0.12577415	0.14347421	-0.42317040
0.97088058	-0.50907835	0.06278503	-0.25210415	-0.25280462	-0.44762830
0.83798476	-0.43869002	0.03788545	-0.15139646	-0.39302399	-0.82011922
0.94375819	-0.38698572	0.03158569	0.24924457	-0.69201387	-0.66295241
1.12350200	-0.50531338	-0.00160709	0.10153639	-0.16762820	-0.48550652
1.27116130	-0.43822904	0.00831189	0.51104590	0.21754684	-0.38117329
1.29921585	-0.25311810	0.09767749	0.17966265	0.03299160	-0.40222067
1.24826884	-0.15961490	0.06672265	-0.30101681	0.38192075	0.27666312
1.08625857	-0.10706224	0.16325901	-0.13982191	0.18518963	0.14206220
1.07899246	-0.06058174	0.11692285	-0.18311995	0.47140677	-0.32857972
0.89574337	-0.07422955	0.08587704	-0.68977566	0.58227127	-0.24351946
0.67532899	-0.05052907	0.09279865	-0.61588726	0.56314151	-0.02176939
0.73593789	0.01462711	0.09334898	-0.36513209	0.73023274	-0.06157848
0.81628736	-0.05500378	0.08479078	-0.62993296	0.40048442	-0.17622821
0.89121782	-0.03169125	0.19585679	-0.57644363	0.58860446	0.19778334
0.74139586	-0.03603912	0.16345446	-0.60339202	0.13070625	0.01256204
0.76621440	-0.00904813	0.12348864	-0.54025406	-0.02493467	0.13815138
0.82831723	0.04906591	0.14325700	-0.44503065	-0.09590740	0.14143390
0.66788388	-0.13041061	0.26989093	-0.36900710	-0.36259790	0.02852175
0.90647452	-0.05990700	0.26764176	-0.42338616	-0.78147757	0.29171073
1.10965649	-0.01202792	0.09876346	-0.13785032	-0.69523632	0.04483410
1.11592231	-0.18555510	0.13662960	-0.56132720	-0.63316080	-0.21216408
1.29935610	-0.11340617	0.14617405	-0.10972001	-0.16663828	-0.08846412
1.35580360	-0.15090443	0.06121475	0.18494581	0.19974638	-0.07705123
1.46655277	-0.02807566	0.11158848	0.03714634	-0.07144900	-0.02583151
1.29489701	-0.01629553	0.12835396	0.35963227	0.34966412	-0.16185033
1.22231951	0.16484556	0.24657617	-0.46549791	0.38890103	-0.17496319
