1.38617048	0.06238559	0.31735220	-0.15099627	0.71056547	-0.66126663
1.51034384	-0.03759378	0.21224518	-0.36839354	0.17551486	-0.27748543
1.46942061	-0.39897980	-0.02973598	-0.04011484	0.76206696	0.29815327
1.34969178	-0.60985994	-0.07662220	0.35258257	0.80863248	0.03383946
1.01841229	-0.60694197	-0.01704156	0.60295087	0.94928023	0.00616730
0.89953544	-0.51531021	0.11769549	0.20083271	0.57803800	-0.18208158
0.62947224	-0.27674033	0.15004830	0.01856736	0.44140927	-0.22443394
0.57156277	-0.25103926	0.20648771	-0.32099151	-0.26512484	0.08435540
0.73029325	-0.21266736	0.16685652	0.15727120	-0.34735155	0.20919568
0.87232850	-0.34520557	0.13651935	-0.00206055	-1.06277322	0.52473152
0.86842055	-0.40552994	-0.00074276	0.63319416	-0.67355943	0.47633340
0.84273714	-0.25273811	-0.02920583	0.81966412	-0.30186390	0.37452381
0.93747458	-0.37359161	-0.04833873	0.81155683	-0.51848341	0.15670163
0.90511562	-0.25325888	0.04726912	1.05451145	-0.27756239	0.31184672
0.80386751	-0.33861465	0.06344154	0.94522625	-0.21232991	0.37423517
0.82583700	-0.07070191	0.07348406	0.74916182	-0.32018086	0.19853367
0.84394557	0.08674732	-0.00177569	0.74192836	-0.18180509	0.24946217
0.98352279	-0.15505618	-0.00351729	0.45328708	-0.19495437	0.40048930
0.95665125	-0.06093943	0.01653031	0.05087407	-0.03051822	0.48989194
0.99704860	0.09535846	0.05746719	0.02863325	-0.17463563	0.35444583
0.95983555	-0.02519959	-0.00791028	-0.09778714	0.24223298	0.36587016
0.89422002	-0.02529616	0.01505081	0.17278603	-0.12345498	0.35007206
1.07855027	-0.16178493	0.01659862	0.01972809	-0.09738600	0.34539231
1.10852444	-0.16689443	0.00821322	-0.07053574	0.24118182	0.20969783
1.04704792	-0.24570158	0.03799804	0.04300531	0.12020396	0.00395200
1.21966864	0.06956354	0.03552944	0.23712921	0.10702425	-0.09013461
1.03584417	-0.11876901	-0.00384176	0.08890782	-0.06679210	-0.02382461
1.26053313	-0.06216065	0.05908025	0.22634381	-0.07102201	-0.23899818
1.18927522	0.03767359	0.03598564	-0.05011512	-0.09460353	-0.17097625
1.35456004	-0.15178137	0.10592344	0.18478416	0.11800373	-0.05336995
1.39812720	-0.51491725	0.11772306	0.03258158	-0.02125579	-0.51542255
1.28576559	-0.50535849	0.12622570	-0.61509081	-0.56720971	-0.52077870
1.09847203	-0.38216483	0.02352019	-0.38915538	-0.70558577	-0.77968422
0.97569553	-0.48521442	0.01647663	-0.05882651	-0.37940187	-0.76223655
0.90142710	-0.46843616	0.10196226	0.29639035	-0.61322946	-0.90754117
1.03186695	-0.30951072	0.05172240	0.75227942	0.89270033	-0.37897016
1.33026020	-0.30221736	0.01322922	0.53093855	0.32188657	-0.58168735
1.25599613	-0.02003775	0.09523384	0.02523062	0.23273883	-0.14939913
1.12760707	-0.03148357	0.12407303	-0.25707347	0.41365223	0.12697197
0.81890222	-0.09542825	0.10155677	-0.18479055	0.55370299	0.24756700
1.04349876	-0.18423423	0.10686826	-0.47362317	0.82437522	-0.34021808
0.83932156	-0.04905897	0.18052108	-0.37914672	0.50403541	-0.29630703
0.82062641	-0.18320418	0.09877815	-0.47781126	0.46180488	-0.20229554
0.59712592	0.02954321	0.15132161	-0.58714600	0.70742575	-0.25170534
0.81383726	0.05435628	0.07283091	-0.65329937	0.17573235	-0.00431773
0.68787728	0.01576274	0.20616572	-0.76912558	0.33490879	-0.22537641
0.67128472	-0.21509006	0.21035266	-0.67891642	0.16637959	0.04685663
0.77963607	-0.05493198	0.26706551	-0.69854034	-0.21145427	0.13935396
0.81721668	-0.01470601	0.20841920	-0.18293110	-0.20514845	0.13315031
0.88294442	0.20693106	0.23570432	-0.15796879	-0.44390250	0.27384809
1.00192336	-0.02565012	0.21344213	-0.28708999	-0.86960599	0.48254661
0.96840878	-0.04036237	0.25655229	-0.06431492	-0.77275230	0.13925099
1.25396484	-0.27605410	0.12304154	-0.20272033	-0.44356572	-0.07134219
1.44229173	-0.22227390	-0.01134900	-0.50409534	-0.30159580	-0.04535974
1.34551690	-0.11688067	0.05678513	0.09955229	-0.03163295	0.30864067
1.34802253	0.06320998	0.16449583	-0.05080892	0.36064057	0.04028956
1.08886645	0.04482158	0.21786027	0.00381971	0.19580229	-0.10350842
1.20453249	-0.07487022	0.28403426	-0.19815003	0.39717873	-0.13417131
1.19385518	-0.10528426	0.05194588	-0.35688255	0.71096471	-0.31867063
1.30919666	-0.49865833	-0.03482781	-0.21846179	0.32180844	0.18882766
1.44621643	-0.64209297	0.07638045	-0.18076977	0.40696608	0.35885524
1.03255630	-0.50752708	0.12495968	0.17808437	0.69749076	0.46901504
0.80406960	-0.30281904	0.02143927	0.26702622	0.60018422	-0.17585279
0.59705589	-0.17418297	0.12976395	0.13596450	0.52135827	0.02855020
0.65789017	-0.21835212	0.23730993	0.11218331	0.26370158	-0.02054799
0.83165905	-0.26410444	0.05674742	0.07251174	-0.23464047	0.11148466
0.75299019	-0.32321041	0.14390170	-0.05033165	-0.67255731	0.33491442
0.82155983	-0.28558132	0.10699816	0.03773496	-1.04865145	0.25174665
0.82009513	-0.26066184	0.04056965	0.38029009	-0.89185383	0.36972509
0.94979028	-0.43736014	-0.08644538	0.63338292	-0.74500489	0.19996178
0.88398546	-0.27140562	-0.04849366	0.34421866	-0.61963367	0.21152891
0.86329866	-0.15299281	-0.03248634	0.56828815	-0.13121363	0.29573921
0.92634739	-0.15070608	-0.04038616	0.96062089	-0.47762034	0.19959688
1.03928402	-0.09947201	-0.07838977	0.53027415	-0.23419979	0.41995108
0.98180930	0.04289162	0.06706697	0.70062397	0.11487561	0.41619303
0.90784668	-0.05634161	0.05783820	0.48833051	-0.22581156	0.54868148
1.00004010	-0.05208216	-0.01675958	-0.00133428	-0.21123142	0.57082750
1.03969133	-0.00530568	0.02936968	0.04458794	-0.12764659	0.67013988
1.00294772	0.01676531	-0.02199029	-0.17943347	-0.36177563	0.72569876
1.13031980	-0.27199221	0.03085228	0.02514711	-0.05174086	0.56989408
1.05301534	-0.21173270	0.03404001	0.37204358	0.44088461	0.26168873
1.02822416	-0.22366185	0.08269002	0.37999667	0.29006323	0.25023556
1.08503657	-0.06416195	0.12825107	0.48597176	0.13749076	-0.19305532
1.10262425	-0.14281320	0.09842337	0.01231944	0.14892112	-0.11502582
0.98115364	-0.05812260	0.02961353	0.09897240	-0.30808334	0.27300932
1.21011721	0.05832313	0.07689906	0.16185163	-0.15421387	-0.29520167
1.18248260	-0.15808124	-0.06363843	0.20216164	0.01743798	0.15661319
1.22224073	-0.34851377	0.01553817	0.07056893	0.06290753	0.00995280
1.41792786	-0.33557029	0.02279572	-0.01036763	-0.05656720	-0.39807472
1.12866709	-0.37744037	0.04723631	-0.44542659	-0.51762041	-0.22029216
0.74742224	-0.42659702	0.11011922	-0.38323793	-0.28332717	-0.49470453
0.67321818	-0.51926762	0.09738102	-0.29393878	-0.46336563	-0.82522670
1.10884389	-0.48660979	0.03017109	0.30920739	-0.41830598	-0.67332655
1.32055457	-0.50015029	0.09980155	0.44924535	0.31978026	-0.45621602
1.30623166	-0.12447042	0.09373604	0.24664873	0.35981337	-0.45205454
1.20451581	-0.02443502	0.14140655	-0.32309767	0.18415415	0.33768018
1.14960772	-0.03486555	0.04954126	-0.50908891	0.42949951	-0.16917033
0.89733509	-0.15386226	-0.00539931	-0.49780987	0.18208946	-0.40278964
0.98004350	-0.16388560	0.11066159	-0.61759749	0.43677974	-0.24512291
0.84411931	-0.05249796	0.07317336	-0.95268246	0.77270688	-0.28757282
0.91688285	0.03920653	0.13603130	-0.72201398	1.00820309	-0.17309595
0.79559835	-0.10170726	0.10744759	-0.59387884	0.66002379	-0.27829954
0.70126797	0.04603010	0.09966078	-0.75910967	0.59161808	0.05116655
0.66623288	-0.03031556	0.15205441	-0.50916813	0.60332735	0.14190113
0.73104824	-0.24923735	0.19858753	-0.66955528	0.03244564	0.18719621
0.72208517	-0.22010146	0.15899125	-0.48037251	-0.49386494	0.08681382
0.66880514	-0.29326582	0.20486857	-0.05684624	-0.29959619	0.14096104
0.82522174	-0.18231250	0.19338251	-0.13159168	-0.45734589	0.49730573
0.98066308	-0.07138629	0.24209264	-0.16808570	-0.37313376	0.25120436
1.02301822	-0.15634963	0.16177535	-0.40228922	-0.58366842	-0.09004363
1.09276882	-0.22910565	0.14807475	0.11044973	-0.42163408	0.00399868
1.27219866	-0.23056811	0.06990324	-0.44770890	-0.40726396	-0.16672141
1.29120297	-0.08538889	0.09165670	-0.20016294	-0.00908145	0.22772212
1.14199415	0.01400696	0.17058136	-0.02710083	-0.26045354	0.02529188
1.29021168	0.05634771	0.30440279	-0.06631956	0.20926584	-0.23340377
1.42839629	-0.09030360	0.23183440	-0.14961491	0.57274448	-0.26984189
1.43117200	-0.16150598	0.12305869	0.05370150	0.40551039	0.10669375
1.29605934	-0.34800799	-0.02259526	0.09750602	0.70618247	0.26675413
1.20060227	-0.45303608	0.07868548	0.42128849	0.66842179	0.27359862
0.98236130	-0.42965730	0.16578239	0.34117104	0.89297157	0.22651271
0.74297630	-0.10576711	0.19377971	0.27709365	0.51996688	-0.07241886
0.84028975	-0.22668764	0.11070850	0.00514573	0.38439046	-0.35830035
0.72509706	-0.30040622	0.07699587	-0.41558568	-0.18190509	-0.10233935
0.83217805	-0.24360221	-0.02866163	-0.31251155	-0.17920974	0.04012989
0.95680015	-0.47373847	0.05131943	-0.23863750	-0.79378653	0.48276140
1.08390400	-0.28668695	0.07396744	-0.02050119	-0.70121674	0.25583967
0.89094873	-0.23619862	0.04970444	0.27782429	-0.51395164	0.31571970
0.87187716	-0.53296791	0.07043844	0.14871674	-0.54377100	-0.05264331
