0.57930149	-0.06176812	-0.06040370	0.31712212	0.24613340	0.13638568
0.68292616	-0.06179298	-0.06203906	0.41963207	0.30027189	0.19601041
0.72183647	0.01772159	0.12055335	0.20593514	-0.06396828	0.24967915
0.90625886	-0.10839668	-0.00742179	0.36734645	-0.05097540	0.00585055
1.14213916	-0.09269216	-0.04390361	0.25364251	0.10105525	-0.35657500
0.90608466	-0.28771943	0.04428441	0.43013115	-0.03160369	-0.12020048
1.09291822	-0.39786220	0.13026018	0.60484851	-0.05842072	-0.14150790
1.05406961	-0.62342384	0.35071105	0.60512235	0.05985607	-0.91406803
1.44548638	-0.60186020	0.28883706	0.30419088	-0.18441313	-0.75029180
1.71103271	-0.29455449	0.36672377	0.03214040	-0.63286511	-0.71244063
2.03950383	-0.26219282	0.21996081	0.42261268	-0.49035894	0.04679859
1.84564289	-0.26642015	0.23231823	0.52894446	-0.07651549	-0.02286325
1.75007586	-0.43418148	0.21292481	0.48577576	0.33406822	0.32753294
1.44371330	-0.35706639	0.30796958	0.53227686	0.19836774	0.16773845
1.44648066	-0.29451507	0.29919776	0.23612343	0.02831167	0.15333581
1.24561748	-0.37697635	0.28315742	0.57972757	-0.15952972	0.19764395
0.67919741	-0.10740631	0.23496542	1.04671079	-0.16716302	0.65472762
0.83918268	-0.02551921	0.27800434	0.63916441	-0.37906502	0.41657456
0.94452822	0.04968269	0.30264660	0.77418044	-0.27148087	1.11599099
0.57130284	0.26344112	0.23889658	0.20413901	-0.42490034	0.56932339
0.51039268	-0.06508170	0.02440212	-0.15822321	-0.35862234	0.58799447
0.58387883	-0.00263498	0.08958266	0.45112415	-0.55929733	0.52942624
0.46788141	0.00157927	0.04556237	0.52708613	-0.77493602	0.37782250
0.25367998	-0.07409280	0.12529819	0.37176977	-0.95653685	0.03897161
0.42350103	-0.29587689	0.27391361	0.41275673	-0.61212382	-0.50500756
0.72291366	-0.15247532	0.22334611	0.17763848	-0.73297271	-0.16164690
0.67751541	-0.15703389	0.20912552	0.29758472	-0.40563651	-0.37107964
1.05695257	-0.12249453	-0.03098414	0.50956084	-0.24023480	-0.08369890
0.86346477	0.00055917	0.04334514	0.42642371	-0.19446428	0.06174889
0.92219541	0.04656534	0.05840383	0.39015264	0.04054854	-0.19757533
0.67298865	0.00310080	0.36736314	0.58194531	-0.06212055	-0.11459109
0.66087909	-0.12266277	0.06691991	0.70785695	0.13825546	-0.15768584
1.00618452	-0.18913327	0.18800939	0.34699219	-0.02754467	-0.11443928
1.48978600	-0.34366648	0.04295570	0.37779564	0.19222707	-0.01347122
1.52045198	-0.51430328	-0.16076473	0.45108704	0.48755529	0.18416950
1.88235607	-0.48367125	-0.16000524	0.53817604	0.24673115	0.01249311
1.59146551	-0.29843020	-0.13334466	0.48273261	0.06954491	-0.20259228
1.62975775	-0.33015612	0.10357391	0.55909938	0.17999958	-0.12335793
1.60636810	-0.32748383	0.07050197	0.53449538	-0.23857525	-0.33689595
1.46380722	-0.27521163	0.04138410	0.69279021	-0.38624439	-0.09797158
1.19408732	-0.07263415	0.00581260	0.55327084	-0.27469792	-0.28243818
1.35968580	-0.18193642	0.01913515	0.08763177	-0.36426059	-0.09781363
1.18390258	-0.07119063	0.01353177	0.09556378	0.01827908	0.42154053
1.12441148	-0.19874534	-0.15992513	0.46970259	-0.04759523	0.72458306
0.88806797	-0.10059391	-0.17556594	0.08453286	0.02558555	0.71246364
0.90937575	-0.21065391	-0.00687321	0.30743687	-0.05069798	0.84240659
0.76227165	-0.09793574	0.02404101	0.49950681	-0.00770023	0.65833895
0.42662512	-0.18346227	0.00742198	0.37227537	0.12213815	0.63456023
0.51216808	0.01055731	-0.04934381	0.56889982	-0.08415301	0.44199343
0.98541004	-0.13891381	0.00442309	0.13524898	0.52763844	0.05777747
0.58953256	-0.14008879	-0.02935699	0.73082641	0.22530208	0.14231513
0.84091605	-0.05588709	0.14877144	0.73141038	0.29112215	-0.23014190
0.91254111	-0.18611597	0.11227750	0.81680597	0.59405291	-0.31873116
1.02128730	-0.20445744	-0.11703685	0.73616426	0.61614493	0.14088650
1.14177302	-0.13790037	-0.04934016	0.46161861	0.78815644	0.22366822
0.51673277	-0.04245621	-0.06593826	0.67250420	0.12203064	-0.14058024
0.32460807	0.19381626	0.08113046	0.27979454	-0.32729387	-0.16108334
0.97362138	0.16613644	0.14197253	0.38831194	0.11592061	-0.57262344
1.00937477	-0.06799370	0.09638475	0.14508199	-0.15714334	-0.65002162
0.98062318	-0.38386139	0.17351865	0.37591780	-0.23585160	-0.40458328
1.42231912	-0.57771731	0.34257649	0.27043637	-0.05325687	-0.41579814
1.34274603	-0.64822183	0.28389247	0.30943720	-0.26598872	-0.72948350
1.88472312	-0.44869646	0.34180947	0.63504923	0.11408335	-0.19620837
1.35219524	-0.15496560	0.24809008	1.02773628	0.08980228	0.05111098
1.62796371	-0.26325851	0.40154783	0.86381011	-0.38891778	-0.03738005
1.68448726	-0.10534483	0.31668267	0.22256480	-0.30743804	-0.08464071
1.65340267	0.09406065	0.34272227	0.01190293	-0.24916882	0.11114440
1.54869595	-0.04629100	0.23426437	0.25968798	-0.01745963	0.41007610
1.41596017	-0.09849882	0.12108045	0.46805011	0.24899143	0.31006619
0.79753644	-0.18299367	0.24352537	0.37387564	0.12308079	0.42275961
0.70685314	-0.07525805	0.11221823	0.22101518	-0.61886147	0.33448657
0.69940327	-0.07782433	0.16906850	0.37744809	-0.55698696	0.45873674
0.86610573	-0.08877383	0.11625904	0.07736178	-0.68772167	0.43161358
0.34559939	0.13155020	0.27674477	0.01459039	-0.51476549	0.78660108
0.37728080	-0.04581671	0.11974529	0.36145087	-0.21812761	0.90057252
0.56639265	-0.08287805	0.13756187	0.51273598	-0.48586362	0.22433081
0.56161539	-0.06854103	0.11049755	0.41303560	-0.82758583	-0.13245682
0.61400383	-0.05419503	0.26135932	0.31008396	-0.63300891	-0.25472327
0.73497833	-0.20005650	0.19856924	0.33796262	-0.80366860	-0.26544102
0.97384556	-0.29099220	0.07739548	0.13283033	-0.74475414	-0.14776718
1.21441898	-0.01202756	-0.04726304	0.58003890	-0.31784196	-0.00890364
0.87438377	-0.17123695	0.06819364	0.59526172	-0.31832253	-0.17470607
0.92839620	-0.07897078	0.14758896	0.56045312	-0.16802377	-0.23780655
0.84767421	-0.12776337	0.12231865	0.35037083	0.30684273	-0.57992601
0.63549532	-0.15458669	0.13562041	0.32819381	-0.07675317	-0.11222081
0.84090147	-0.15486710	0.06596733	0.26886452	0.07959160	-0.23919101
0.85967732	-0.11951630	0.04582298	0.31758443	0.00567994	-0.22012679
1.21902119	-0.25869082	0.03136349	0.35646580	0.41278225	-0.43494159
1.40695515	-0.41941987	-0.18457195	0.05011501	0.38249593	-0.08804615
1.55062520	-0.33060037	0.03663894	0.33369349	0.54961761	-0.24237667
1.78714432	-0.46606767	0.00765745	0.84690828	0.03709677	0.03601412
1.35528258	-0.20379538	0.15949810	0.99367800	-0.29251664	-0.12570405
1.54283744	-0.06452614	0.06667400	0.37591542	-0.36586744	-0.12781186
1.81360034	0.02551571	0.02766896	0.47637780	-0.40901002	-0.24382807
1.20157119	0.01268424	0.09731607	-0.14610512	-0.05734061	0.24579835
1.18605592	0.01254680	0.00581024	-0.08396402	0.24183019	0.41604550
1.13955722	-0.14738671	-0.09681775	-0.68629425	0.10397439	0.45304309
1.01563681	-0.21017321	-0.05447520	-0.36536714	-0.04998204	0.64977264
0.70777033	-0.24189227	0.00194565	-0.01920878	0.11781119	0.92127863
0.59779712	-0.19093455	-0.06311669	-0.18519624	0.13299212	0.75924017
0.98858397	-0.22037641	0.08699167	0.38410570	-0.04400482	0.24935077
0.69625308	-0.10354633	-0.02758782	0.45918982	0.16751023	0.49039349
0.89036249	-0.20879805	0.02482895	0.59449469	0.75046314	0.25746350
0.46446377	-0.09791380	0.06641581	0.71234624	0.45608811	-0.05268758
0.76564148	-0.14275906	0.06160951	0.38870538	0.23270563	-0.08356301
0.51525482	-0.02916084	0.21566521	0.28731275	0.34200986	0.08332594
0.54917161	-0.10994748	-0.07984239	0.31381222	0.58058661	0.06446230
0.71223054	-0.06473489	-0.11439532	0.44084500	0.23287501	0.35537821
0.83932226	-0.14750085	-0.06117952	0.04399800	0.20376951	0.47953277
0.50656848	-0.17388685	-0.03826785	0.50236670	0.18302051	0.34606459
0.77287220	-0.18258062	-0.03961676	0.48436375	-0.14562889	-0.05424048
0.70454882	-0.19702968	0.03337540	0.78925668	-0.11346038	-0.13824169
0.97592151	-0.35666945	0.21552770	0.50684211	-0.32184520	-1.00107696
1.19597574	-0.40298680	0.45600557	0.18049573	-0.44371806	-0.86493453
1.52657183	-0.42274060	0.51262670	0.03310055	-1.01611827	-0.71240569
1.79844299	-0.37344764	0.35134735	0.02615255	-0.44593377	-0.48341331
2.00557258	-0.31912146	0.23545480	0.48003940	0.25098082	0.23550263
1.89186048	-0.35961264	0.38987662	0.91687621	0.37166402	0.25151593
1.76196684	-0.30114495	0.38293601	0.47440208	-0.02068055	-0.05801497
1.58716320	-0.07112854	0.28691345	0.17910557	0.08888426	0.18487142
1.32275983	-0.09487272	0.22946007	-0.33883555	0.34789440	-0.08326717
1.09809391	-0.18345153	0.08001037	-0.24778606	0.46735892	0.09889337
1.03424016	-0.09971833	0.10877888	-0.87321865	0.20182868	0.57389900
0.99956336	-0.03263267	0.05557254	-0.84440099	0.23426629	0.65928866
0.59043766	-0.22975708	0.16244127	-0.12222673	-0.02642573	0.39333584
0.76681069	-0.11375664	0.04042874	-0.49666507	0.36437479	0.81510395
0.29621928	-0.18986616	0.25129732	-0.34256105	-0.34686463	0.27038742
0.54122447	-0.28913021	0.20049222	0.17302726	-0.24041809	0.46715578
