1.26485394	-0.03110122	0.08479125	-0.03323875	-0.55154509	-0.06396483
1.09403934	0.02948515	0.06913846	-0.30904844	-0.22784643	-0.09613174
1.12033468	-0.00115581	0.01812461	-0.46598109	0.10970616	0.15773223
1.04499444	0.03381239	0.27184897	-0.51226605	0.04464345	0.09326704
0.65852843	-0.07215662	0.16532114	-0.60342376	0.30432153	0.08210312
0.82278547	-0.06994634	0.24284911	-0.22370141	-0.00929833	-0.37339626
1.24058853	-0.21392923	0.21500959	-0.44833439	0.11203291	-0.24058318
1.24622155	-0.68467636	-0.00715524	-0.66677753	0.49626222	-0.08308551
1.73423626	-0.44949271	-0.10514084	-0.15621216	0.89294844	-0.15506902
1.45695451	-0.50159044	-0.15418590	0.42057222	1.04609384	0.16995953
1.33848008	-0.21450284	0.14572588	0.01091263	0.42573008	0.12560168
1.04841645	-0.27095543	0.10413785	0.30360726	-0.53946584	0.08326411
1.26620669	-0.30199704	0.03974040	0.32565007	-0.63737835	-0.29026217
1.84908018	-0.26454041	-0.03800742	0.27076409	0.19323614	-0.08647905
1.70957498	-0.21504405	-0.02030558	0.23152858	0.28668790	-0.41928438
1.05039034	0.16286478	-0.02125998	-0.14687730	0.22568272	-0.11293342
0.94784611	0.14459934	0.05382098	-0.33599925	-0.22013305	0.33002395
0.85456232	0.12064791	0.03324562	-0.69707004	0.17082600	0.36700320
0.72374752	-0.04583161	0.08442227	-0.46540025	-0.24129872	0.09026079
0.82179660	-0.33200547	-0.05301077	-0.39262521	-0.05028004	0.38728101
0.72508204	0.02251595	-0.05955469	-0.34241305	0.18458857	0.42857737
0.79607833	-0.08037131	-0.18597600	0.18158440	0.05927578	0.24789762
0.70581788	-0.19446098	-0.03919317	0.29570762	0.34149987	0.67986918
0.93190642	-0.22110305	-0.10453582	0.03363056	0.48903206	0.13420333
0.88576887	-0.01504304	-0.00969013	0.40771574	0.64267906	-0.09951567
0.64674420	0.04152974	0.10804874	-0.18885806	0.85298290	-0.15157796
0.92026219	0.14577404	0.19243440	0.29736647	0.53862368	-0.35714207
0.84674994	-0.05118946	0.08186920	-0.28046907	0.40398116	-0.29545375
1.04085504	0.10484050	0.09964479	-0.30643892	0.49068429	0.13268777
0.93708113	-0.00525047	0.02470014	-0.59709769	0.49487978	0.07326070
0.96124638	0.03069587	0.05281469	-1.02824693	0.50298859	0.26717709
0.78263838	-0.17275711	0.12478527	-0.33768702	0.42737340	0.25476300
0.74991893	-0.24020752	0.09362436	-0.72725459	0.02609783	-0.14521491
0.75493676	-0.29523092	0.02804944	-0.44370461	0.15770315	-0.02354750
0.98553140	-0.31827097	0.00520653	-0.71043305	0.36423748	-0.03381068
1.05642396	-0.66711714	0.19219607	-0.07649540	0.27712151	-0.62851847
1.33241952	-0.57857035	0.29876615	-0.24597324	-0.04990093	-0.61961385
1.21450394	-0.44069735	0.31050247	-0.29858290	-0.26798174	-0.77672868
1.52712872	-0.26247353	0.34431532	-0.37781120	-0.59055862	-0.28481759
1.76710595	-0.28913256	0.27068974	-0.29058879	-0.27476182	-0.00387843
1.82681648	-0.14437475	0.31151407	-0.41811842	0.16495387	-0.04649779
1.56570390	-0.29208165	0.24657480	-0.24676235	-0.20931663	0.07002624
1.66798626	-0.04710103	0.26809345	0.00308628	0.37240783	-0.06649997
1.42292479	-0.29200210	0.20863310	-0.08415188	0.37240794	0.04643588
1.21820986	-0.21866672	0.35213699	-0.14393588	0.23440692	-0.03029783
0.97519027	-0.08415710	0.31432449	-0.25307102	0.07474666	0.24594538
0.85485627	-0.14282376	0.28640464	-0.32970829	-0.82595112	0.38686864
0.70659732	0.05459473	0.21411466	-0.10652312	-0.10092849	0.59263162
0.67899581	-0.02674807	0.12229867	0.00475928	-0.20924350	0.48984164
0.57075942	-0.00449811	0.13300201	-0.56598629	-0.22002776	0.60194238
0.80889950	-0.24560541	0.10074133	-0.51468657	-0.19572853	0.47347262
0.37003790	0.09623660	0.05146157	-0.63770689	-0.68277321	0.25433782
0.73463835	-0.28928237	0.12821524	-0.68344446	-0.24548727	0.04110625
0.75345417	-0.14416991	0.26073245	-0.28374970	-0.35042941	0.15617796
0.43944224	-0.27485257	0.17675146	-0.18121670	-0.55733417	-0.06657925
0.69549842	-0.16596641	0.19005384	0.03562535	-0.33642860	-0.35931882
0.99082948	-0.25162183	0.20860194	-0.26840416	-0.40122840	-0.10630681
1.01587628	-0.08875426	0.24695734	-0.57308672	-0.27114274	-0.21183067
1.10259050	-0.15081148	0.19823478	-0.50241087	-0.03051822	0.20824336
0.99228659	-0.17553038	0.14370570	-0.80313508	0.08802462	-0.17621634
1.29126298	-0.06073396	0.09290191	-0.44077014	0.13754218	0.03659716
0.85702326	-0.14191745	0.18933246	-0.78711177	-0.07773594	-0.30221214
0.59653160	-0.03379655	0.17120081	-0.62891831	0.19066223	-0.39910550
1.37613377	-0.22569492	0.15589698	-0.93790001	0.17525410	-0.30254568
1.33216409	-0.39752004	0.05761493	-1.04233284	0.65391052	-0.19048710
1.52539326	-0.36824755	-0.05921798	-0.63332041	0.62967739	-0.10103841
1.20606216	-0.44638490	-0.01302075	-0.60736661	0.45733406	-0.00051143
1.51484087	-0.27880919	0.08887346	-0.01006106	-0.14267876	-0.07850781
1.38488548	-0.45657491	0.07980119	-0.13043873	-0.46831873	-0.08887487
1.97907970	-0.32163940	0.10015103	0.28713039	0.12922931	-0.36857098
1.58609717	-0.06064159	0.00250015	-0.20124010	0.43290080	-0.39996373
1.35981796	0.08919797	-0.01299224	-0.67864999	0.19891023	-0.12636586
1.00298846	0.08220329	0.10007205	-1.24452471	-0.49509284	-0.14874866
1.17044417	-0.05622712	0.08726432	-0.92588389	-0.02184771	0.23710295
1.08653240	-0.05085499	0.02226659	-0.60509384	0.09419424	0.57950666
1.06720598	-0.10704261	0.03761007	-1.11379861	0.20067836	0.62158641
0.85919761	-0.11313406	-0.13293323	-1.46581607	0.19674043	0.75456888
0.69816578	-0.16569369	-0.06914518	-0.95928435	-0.06553025	0.31427224
1.04476531	-0.05696355	-0.01697343	-1.24566661	0.18282772	0.27367988
0.59800387	-0.11043575	-0.02741402	-0.91740067	0.44935820	-0.01403235
0.89691574	0.01027561	0.00417569	-0.97972894	1.04688579	0.16346581
0.72674880	-0.06529406	-0.08776263	-1.43389790	1.36016366	-0.17207084
0.93329282	-0.14096718	0.01148508	-1.25650856	0.94530827	-0.01588950
0.92724476	-0.10706763	0.02533782	-1.24612063	0.72425570	0.11754880
1.17603244	-0.07289131	-0.10714781	-0.99669064	0.67067267	-0.05359552
0.72937293	-0.10613226	0.03589319	-1.18869490	0.70948503	0.02960958
0.96221712	0.12006909	-0.00356682	-1.72431861	0.64488405	-0.04551661
0.51661035	-0.11198150	-0.04402877	-1.74392030	0.46160907	0.03537092
0.95438102	-0.02218899	-0.04020811	-1.67203718	0.44148080	-0.26437077
0.82007167	0.09563843	-0.01352312	-1.34045513	0.41429284	-0.24631436
1.10833726	-0.02899113	-0.03594139	-1.05602515	0.05966527	-0.04817097
0.79419920	-0.01889586	-0.01020551	-1.02705568	0.11961705	0.04216254
0.75503216	-0.09823710	0.06543121	-0.93848499	0.17689309	0.06370985
0.68726688	-0.20805280	-0.03459691	-1.11695967	0.10624516	0.37243943
0.94916651	-0.19798529	-0.03417259	-0.24695006	0.11327907	0.10252114
1.14976912	-0.59877744	0.08693618	-0.90345976	0.10604281	-0.07821042
1.35488615	-0.86882430	0.31064143	-1.11505152	0.34030299	-0.81055772
1.45066493	-0.78302021	0.17107669	-1.07891661	0.36914970	-0.91210932
1.30718122	-0.56646800	0.15928602	-1.19950549	0.21352668	-0.80608461
1.58697757	-0.56616445	0.26055235	-0.50596280	-0.10813837	-0.57069869
1.88722921	-0.35316727	0.28087782	-0.80984437	-0.03222476	-0.67585379
1.52631703	-0.21515663	0.19451490	-1.68284880	0.50097641	-0.51988236
1.27765390	-0.35057946	0.02542123	-1.70769134	-0.07212898	-0.26374272
1.74459247	-0.28910949	0.00288464	-1.47210123	0.54621068	-0.30550209
1.42960031	-0.19662659	0.08559106	-1.81877257	0.49708580	-0.14503474
1.22203696	-0.01339341	0.15854766	-1.25286446	0.62316858	-0.33433622
1.09246695	-0.11859603	0.23093421	-1.90232272	0.51845102	0.16885808
1.15458351	-0.19662378	0.08470198	-1.37675317	0.66249203	0.27599562
0.83403137	-0.28567672	0.16202225	-1.81679119	0.70554866	0.35671232
0.82062391	-0.15001045	0.07186668	-1.41097061	0.87395249	0.60017145
0.66457778	-0.26020677	0.19422069	-1.65519167	0.46822556	0.39459230
0.71261532	-0.12734137	0.12467266	-1.33062760	0.36630235	0.17291113
0.55988144	-0.22437165	0.14440168	-1.03069999	0.58064097	-0.15224558
0.41118674	-0.33633602	0.16926231	-1.22861321	0.02154127	-0.15401779
0.70243591	-0.18871924	0.16209421	-0.82374019	-0.28722842	-0.26484170
0.47705079	-0.20152221	0.17799489	-0.86872847	0.00826613	-0.47472840
0.67416167	-0.00110689	0.13195163	-0.53254710	-0.26416010	-0.30878877
0.95856942	0.02142133	0.09852343	-0.82794823	-0.36937503	-0.38921210
0.89294642	-0.09092091	0.10476729	-0.69258595	-0.36613509	-0.40965940
1.11592518	-0.01399663	0.09454260	-0.73294984	-0.55618598	-0.18831470
0.85520937	-0.01761250	0.09043715	-0.69218780	-0.28346568	-0.22301897
0.88628860	-0.03513295	0.10150769	-1.47571783	-0.59910957	-0.01164363
0.92734689	-0.00959360	0.13806247	-0.92257191	-0.17756368	-0.22976063
0.58453261	-0.01164232	0.18829311	-0.96011914	-0.45441513	-0.31264271
0.77058902	-0.32045668	0.19511641	-0.87040998	-0.19537918	-0.33443224
0.80978110	-0.31335375	0.05160903	-0.55294325	-0.29305320	-0.31262865
1.06044409	-0.19550127	0.07122986	-0.58487653	-0.06980798	-0.33087250
1.00358153	-0.07138093	0.03766692	-0.52385052	-0.33650796	-0.17776167
