0.75665490	-0.07764660	0.24055773	1.11686958	-0.02089098	0.17707570
0.92089773	-0.16886574	0.21409199	1.16138961	-0.25890572	0.14099874
0.72307844	-0.21525335	0.25265294	1.20344854	-0.35633308	0.31928762
0.75661441	-0.23769429	0.34770926	1.77176991	-0.40704936	0.15158550
0.81421692	-0.18497594	0.32093039	1.42944862	-0.70234076	-0.03208815
0.81013923	-0.10609405	0.38037724	1.19545247	-0.98661750	-0.01858693
1.08733927	-0.33540257	0.49039162	1.14997841	-0.72196080	0.02598697
1.08058225	-0.25100938	0.23674453	1.26483678	-0.67887458	0.09904370
1.15481533	-0.33118513	0.31403612	1.32889256	-1.01574437	0.30522171
1.35717345	-0.40098488	0.28577509	0.99553243	-0.84426309	0.25261343
1.23274010	-0.44512712	0.30020042	1.58670192	-0.66001733	0.36717635
1.54652222	-0.39958868	0.30164387	1.42227479	-0.79323721	0.21545932
1.52782615	-0.43341853	0.28831313	1.37534856	-0.49991955	0.10739634
1.35737530	-0.39649965	0.25258508	1.01091994	-0.54368082	0.15125330
1.10072705	-0.40677244	0.36358510	1.15873017	-0.55474974	0.25800662
1.00338199	-0.20409903	0.18933650	0.91514765	-0.23510025	0.22762138
0.81544298	-0.33146802	0.13540806	0.74234013	-0.85633422	0.20022853
1.00107002	-0.35781715	0.14243211	0.94481979	-0.92965936	0.23619366
0.97176546	-0.46382514	-0.02116905	0.89656071	-1.11291631	0.17493807
1.01321578	-0.52372124	0.09111036	0.75067054	-0.38787176	0.07258483
1.00797849	-0.45978823	0.16247325	0.93475442	-0.76981690	0.08397193
0.88200643	-0.34431861	0.06936617	0.71581721	-0.76084761	-0.07286674
0.79860214	-0.29424835	0.05820744	0.71443806	-0.71347959	0.11720894
0.82758487	-0.27497525	-0.02015991	0.63935947	-1.22683902	-0.05586533
0.90482357	-0.44182641	0.12457494	1.08402378	-1.19583465	-0.06133637
0.90746110	-0.41373087	0.00303844	1.17930243	-1.31346542	0.01398694
0.80355319	-0.37439555	-0.07626330	1.19282491	-0.87101870	0.00652031
0.70668723	-0.23737416	-0.07432625	0.65748377	-0.65815193	-0.02508871
0.64941658	-0.22584328	-0.11446145	0.63989817	-0.77406959	-0.03661585
0.59861499	-0.04117450	0.00401911	0.42349976	-0.60012743	0.10817327
0.63935484	-0.28390832	-0.13015803	0.26068360	-0.55022492	0.09153448
0.71009545	-0.08650013	-0.04263118	0.89899862	-0.51880494	0.04194621
0.80688627	-0.03047885	-0.07081659	0.29526653	-0.50736714	-0.05267404
0.94476752	-0.22116839	-0.08672157	-0.01141048	-0.01303186	-0.06219047
1.09541862	-0.20564874	0.00633238	0.14566165	0.04585023	0.01325698
1.00975803	0.01588851	-0.16785958	-0.09558232	0.20422709	-0.03433725
1.13696047	-0.13217083	0.02228562	-0.21262525	-0.20252166	0.01433753
1.06271231	-0.06274500	-0.01427491	-0.22054054	0.05449887	0.07135656
1.14654617	-0.18954036	0.14491632	-0.73164459	-0.03640055	-0.00497655
1.20785440	-0.23391808	0.00748392	-0.53560581	-0.00555060	0.05893551
1.17955933	-0.17465751	-0.06478293	0.05118056	0.22582540	-0.08455078
1.12012673	-0.19127861	-0.05091781	-0.41152486	0.19240423	0.03282564
1.20578078	-0.16139949	-0.14636208	0.34322975	0.10939077	0.09130976
1.41384812	-0.21130424	-0.09178895	0.30592585	0.26912747	0.15429604
1.56660396	-0.35226888	-0.03723416	-0.02232476	0.48226447	-0.07123616
1.46325639	-0.33820365	0.12034915	-0.11803967	0.01523451	-0.19276132
1.42774884	-0.30975564	0.07705375	-0.17832029	0.36948513	-0.12931726
1.51818431	-0.53457478	0.04802265	-0.47847806	-0.23280289	-0.06364866
1.41779239	-0.88147523	-0.00910722	-0.34088796	-0.09617768	0.10217361
1.25498509	-0.73664290	-0.08533458	0.22781753	0.51784085	0.03011351
1.04161615	-0.78872506	-0.03101468	0.47426533	0.46023857	-0.12715448
1.05058666	-0.67549698	0.09632110	0.02289860	0.63430128	-0.21756234
0.72283582	-0.46222708	0.09469102	0.13819210	0.51035916	-0.24019442
1.10782791	-0.37515446	0.08896334	-0.19842401	0.65471790	-0.22131712
0.93675370	-0.37658607	0.18744674	-0.22666691	0.65443325	-0.25964297
1.05130239	-0.37085088	0.08816428	-0.05019226	1.05363821	-0.24964998
0.88014974	-0.27793961	0.06334736	-0.07611268	1.13434180	-0.00703929
0.63800022	-0.19480671	0.10435960	0.02391102	0.71222596	-0.11353807
0.68741017	-0.36081161	0.08033498	0.00483468	0.86132081	-0.02491024
0.53288188	-0.22462914	0.12053887	-0.06758817	1.04119111	0.05195448
0.62567152	-0.32608039	0.15145259	0.10468902	0.82937270	-0.05123133
0.62802225	-0.17896325	0.10836362	0.35785042	1.18284502	-0.05641845
0.57708332	-0.10461146	0.16411773	0.30376198	1.00761982	-0.05913894
0.61275929	0.05552632	0.22482295	0.01110431	0.66255553	0.07601431
0.75095755	-0.13563946	0.18503600	0.04052479	0.56238070	0.03011068
0.78576423	-0.15844360	0.23281532	-0.18075373	0.48848236	0.17500777
0.79417697	-0.21109515	0.25015976	-0.43879680	0.20688528	0.13312333
1.01574702	-0.36756009	0.23432452	-0.03172718	0.00656013	0.13700553
1.00936495	-0.19240476	0.27666523	0.17187103	0.16746400	0.02662066
0.84632347	-0.09854186	0.34376362	0.01344476	-0.07872955	-0.00867841
1.04454083	-0.02403202	0.36439077	-0.22235495	0.47467520	0.00300853
0.85039806	-0.18648498	0.48953593	-0.21169168	0.22230713	0.14454533
1.02320159	-0.10313692	0.28477850	-0.02349830	-0.31036998	0.02511153
0.98579009	-0.16940607	0.37403412	-0.19211102	-0.20844048	0.23317655
1.38259607	-0.36704287	0.38142935	-0.43496924	-0.07246497	-0.01278049
1.33137868	-0.58649802	0.55939704	-0.11198405	0.05610904	-0.03558790
1.50922940	-0.48126400	0.34142196	0.02746639	-0.50751381	0.05721403
1.32001375	-0.38115490	0.30530859	0.11389991	-0.23507033	-0.07286585
1.51154359	-0.32729565	0.34902409	-0.34191081	-0.27773039	0.06284253
1.34326435	-0.34536644	0.27349579	-0.17317384	-0.48896571	0.00426417
1.12770487	-0.10603492	0.23159487	-0.49528946	-0.35918025	0.11145327
0.93348670	-0.27466860	0.13798108	-0.80499600	-0.26617805	0.11121050
0.68241200	-0.52093859	0.09390999	-0.94609742	-0.05008520	-0.07097703
0.85117264	-0.51416325	0.18244487	-0.67233873	-0.54514854	0.03000738
1.00281539	-0.65365494	0.10281775	-0.56759885	-0.13166053	0.06601478
1.05583919	-0.55064552	0.15806531	-0.78556674	-0.72600000	0.01196489
1.03121276	-0.48954333	0.09327738	-0.32460931	-0.53859794	-0.18100662
0.90334062	-0.36803869	0.03801373	-0.71684684	-0.42029598	-0.12430308
0.78358061	-0.31640036	0.08548698	-0.52165490	-0.19375776	-0.17509129
0.72566236	-0.20457782	0.04235882	-0.39511641	-0.57073790	-0.24808920
0.66517090	-0.30433045	0.09272328	-0.60434074	-0.56217862	-0.20501874
0.85211596	-0.25068168	-0.02210037	-0.25226870	-0.31640634	-0.05964401
0.49697424	-0.37682743	0.06844165	-0.47843091	-0.36739819	-0.09478386
0.54560299	-0.12577845	0.02110519	-0.99217404	-0.24947302	-0.03788038
0.52925245	-0.13847347	-0.03776413	-0.42983277	-0.35793992	-0.00020921
0.68568608	-0.22211437	-0.00231697	-0.60533508	-0.51920851	-0.08184543
0.65082634	-0.19512527	-0.10891771	-0.76460292	-0.45546958	-0.05640129
0.72929339	-0.22719564	0.05574125	-0.51602383	-0.05623999	0.03345286
0.99624394	-0.30357729	-0.07318561	-0.22110924	0.23777597	0.02630073
0.99751811	-0.23934269	-0.06394987	-0.33903090	-0.35510217	-0.19704801
1.05047951	-0.15061002	0.07027658	-0.32601440	0.06049683	0.09431895
1.10372150	0.08286226	-0.13022095	-0.43678507	0.02776427	0.12536687
1.12980395	-0.03135390	-0.06148219	-0.71079541	0.35594711	-0.05245250
1.17683791	-0.04392299	-0.09644889	-0.40770340	0.28379919	0.06201966
1.01488953	-0.27251328	-0.00343903	-1.01462553	0.31034756	0.02362700
1.19499152	-0.30968932	0.03394317	-0.79295008	-0.03859198	0.14161109
1.06436977	-0.35654988	-0.02965238	-0.68375691	0.00372459	0.01830233
1.15077493	-0.36252946	-0.04372583	0.17150913	-0.36445990	-0.01274007
1.20451615	-0.26426869	-0.07509821	-0.30575822	0.24300607	0.02373698
1.28881034	-0.22672720	0.04318361	-0.14972177	0.44492713	0.01647668
1.51930948	-0.25257826	0.01951678	-0.26861902	0.04714469	-0.21116423
1.24735919	-0.41982259	-0.03104006	-0.55957416	0.12553970	-0.04952821
1.26801732	-0.41355994	0.04144266	-1.13507084	0.13569296	0.07476879
1.32592702	-0.55030196	0.09483645	-0.63331989	-0.05059004	0.02706357
1.38990302	-0.88901467	0.05738224	-0.43284133	0.15117324	-0.10060142
1.07541575	-0.91866626	-0.09185272	0.15561771	0.49642703	-0.12957274
1.01796963	-0.62096465	0.04709852	0.62251730	0.67620188	-0.09326049
1.10081522	-0.71400639	-0.01139885	0.28285862	1.04102379	-0.01353624
0.77373130	-0.52137904	0.10476758	0.23376054	1.02341352	-0.08127192
1.07215240	-0.38773049	0.13219927	0.32542808	0.98592185	-0.15213463
0.78816709	-0.22444021	0.05440399	0.00909861	0.45463185	-0.02015921
0.88697377	-0.48930726	0.08436779	0.14476709	0.43788557	-0.20190054
0.73956647	-0.28479169	0.10378668	-0.12120668	0.79404855	0.00447994
0.80526974	-0.18898097	-0.02113310	0.19140441	0.78402780	-0.00267420
0.78998378	-0.27303872	0.16241910	-0.07729923	1.03461938	0.02985501
0.63299013	-0.19518493	0.11349792	-0.03455006	1.14505585	-0.15489629
0.63821359	-0.21986895	0.04401088	0.31149459	1.14095379	-0.18340532
0.55379443	-0.13175691	0.14774094	-0.04595101	0.60668067	-0.16294281
