0.91727998	-0.15404789	-0.13287834	0.11842968	0.40330402	-0.21580697
0.90518323	-0.16822309	-0.14058036	0.08621320	0.25419406	-0.20288586
0.89814761	-0.16291264	-0.16362006	0.17376114	0.30916011	-0.18902661
0.90447265	-0.16115382	-0.14348592	0.18359910	0.53720523	-0.25084848
0.91006740	-0.15505946	-0.13486959	0.18757090	0.37417334	-0.22882613
0.90514568	-0.15091141	-0.11395205	0.15752032	0.45430976	-0.30871309
0.90133889	-0.15336348	-0.16723896	0.15774296	0.33279847	-0.23438293
0.90680720	-0.14620531	-0.14588768	0.20279206	0.49028395	-0.23170243
0.91270224	-0.15136563	-0.14574685	0.16410315	0.38298004	-0.22021639
0.90890110	-0.14773447	-0.11756663	0.19146805	0.68895437	-0.11148310
0.88568068	-0.14768522	-0.09631962	0.06071739	0.54099846	-0.08148205
0.88985000	-0.15328994	-0.09889987	0.07652107	0.41373682	-0.11183879
0.91149005	-0.15017556	-0.09539555	0.10576261	0.25232045	-0.04243379
0.92845438	-0.15885384	-0.09496151	0.17460836	-0.01253120	-0.04923912
0.89235047	-0.15398025	-0.06580699	0.19654119	-0.45669805	-0.15523664
0.88382712	-0.16151033	-0.09419157	0.26820364	-0.50019287	-0.16355156
0.88261876	-0.14130945	-0.12940856	0.17404111	-0.02747022	-0.21909882
0.88452332	-0.15582052	-0.15926265	0.09199749	0.54093627	-0.13939157
0.89624382	-0.14459232	-0.12986385	0.04341017	0.27266669	-0.13113857
0.88710444	-0.15413117	-0.08537635	0.08566860	-0.03124907	-0.14171691
0.90312943	-0.14581179	-0.11758563	0.07272259	0.07706748	-0.09619475
0.88378682	-0.13493015	-0.12593499	0.12269278	0.26701355	-0.13690590
0.90722540	-0.15002622	-0.09245442	0.16587559	0.22891678	-0.15136266
0.89884968	-0.15333051	-0.15921262	0.06007472	0.32215953	-0.16919433
0.91886683	-0.15679259	-0.18014464	0.10796649	0.15806442	-0.13277612
0.91537809	-0.15883208	-0.16704911	0.09127259	0.07900397	-0.10162030
0.91101123	-0.16473577	-0.14028970	0.12497456	0.30015248	-0.10792806
0.91658796	-0.16998939	-0.17759511	0.08978042	0.21281533	-0.09991982
0.91635025	-0.16138995	-0.17972167	0.10805601	0.38153526	-0.16543793
0.90735001	-0.14689208	-0.16999417	0.14234420	0.17497866	-0.12909937
0.91139705	-0.15387725	-0.16162008	0.15575146	0.39442651	-0.12639546
0.89426490	-0.15248198	-0.15761632	0.11191637	0.23174481	-0.12236141
0.90511937	-0.15035155	-0.14113665	0.08493680	0.18433815	-0.11999524
0.91619799	-0.15208308	-0.15196139	0.05857750	0.28284874	-0.13541694
0.91032915	-0.16448472	-0.18173953	0.13619967	0.22555859	-0.17720994
0.93415210	-0.17035403	-0.16129395	0.07961088	0.29585466	-0.15268956
0.95823748	-0.16911770	-0.18545713	0.09772029	0.31640083	-0.16155014
0.94500117	-0.16275976	-0.18520601	0.17435274	0.10450159	-0.12818121
0.93460545	-0.17722643	-0.17998973	0.15612931	0.04798370	-0.04179413
0.90062186	-0.17314845	-0.16672693	0.08773075	0.43478440	-0.11503037
0.90311042	-0.16811298	-0.13661545	0.12607427	-0.06394100	-0.08549605
0.92369329	-0.17209752	-0.15381984	0.02447507	0.12215918	-0.08267694
0.91766653	-0.17971027	-0.16731045	0.09559915	0.10539087	-0.11770270
0.91690565	-0.17024240	-0.19747438	0.15524514	0.19721102	-0.18095578
0.92582647	-0.15978459	-0.17331392	0.18008443	0.36241288	-0.15641909
0.89720849	-0.14058154	-0.12796748	0.20605097	0.28298750	-0.14966353
0.90543472	-0.15019218	-0.14121900	0.14927941	0.13110293	-0.10883657
0.92454232	-0.15676111	-0.17417795	0.23827719	0.17188512	-0.10586864
0.89272950	-0.15215455	-0.16278515	0.18867660	0.04811797	-0.14407751
0.89975495	-0.15368993	-0.16458749	0.12730738	0.33930882	-0.07733771
0.90645254	-0.16234504	-0.16413691	0.16877928	0.13410079	-0.10758546
0.91679102	-0.15260834	-0.13190104	0.14850051	0.35551955	-0.13820249
0.91444782	-0.15676267	-0.19932525	0.13781715	0.36815016	-0.08894055
0.90998017	-0.15955647	-0.13286942	0.09629952	0.17676929	-0.06870820
0.88791432	-0.16437463	-0.13751921	0.09419209	0.57199246	-0.05501145
0.89226935	-0.14291434	-0.14377787	0.04461680	0.21694475	-0.10201727
0.90730199	-0.15650558	-0.13717953	0.04029371	0.10800620	-0.11579486
0.89247373	-0.16086441	-0.13361912	0.01970707	0.50824544	-0.07465376
0.89626472	-0.15733477	-0.15399684	0.14997291	0.19120373	-0.07910265
0.89944228	-0.15264823	-0.16009613	0.10174491	0.16522428	-0.06507560
0.90761639	-0.14778079	-0.15513536	0.08161822	0.03747224	-0.08663507
0.90756264	-0.15866714	-0.16713600	0.09232688	0.23218074	-0.08945703
0.89951178	-0.14877526	-0.12916425	0.16077400	0.30449408	-0.07026813
0.91050269	-0.16049132	-0.13355992	0.11553766	0.10101041	-0.04695850
0.90608798	-0.17059089	-0.14251465	0.08503840	0.14209132	-0.06775617
0.92108916	-0.16356112	-0.14633154	0.08002376	-0.00236753	-0.10580412
0.90911647	-0.17109502	-0.17062092	0.14304671	0.15062931	-0.04368655
0.90831612	-0.17903317	-0.16194140	0.13511191	-0.04530124	-0.00532597
0.90342319	-0.17797278	-0.16087697	0.23115121	0.32489519	-0.04396882
0.90127306	-0.17256126	-0.15379943	0.18851886	0.17958922	-0.05199330
0.90731690	-0.18333140	-0.15812602	0.11805141	0.40107694	-0.03831109
0.91378588	-0.17304931	-0.12591759	0.14241502	0.12390070	-0.00741187
0.91189216	-0.16010581	-0.17235887	0.17728827	0.20185831	-0.02747348
0.90950518	-0.15241943	-0.16154892	0.17773048	0.22523102	-0.07823390
0.89826822	-0.15573038	-0.16962211	0.22449220	0.15403464	-0.06022095
0.90939746	-0.15283065	-0.16056244	0.07077499	0.12120995	-0.05895459
0.91610346	-0.15496620	-0.16405125	0.17300893	0.18219924	-0.02684133
0.90980373	-0.14518104	-0.17325686	0.13537850	0.07114506	-0.01686876
0.92277590	-0.15273534	-0.19891862	0.00116974	0.05681419	-0.07521137
0.93310030	-0.15397956	-0.18322677	0.00210538	0.08504157	-0.05047595
0.92573058	-0.15057223	-0.19001433	-0.21306233	0.09850580	0.00087414
0.90564743	-0.14931953	-0.14415544	-0.02257044	0.13904968	0.01701648
0.88702463	-0.14571324	-0.16055498	0.09443631	0.11860227	0.00325206
0.87706103	-0.15364482	-0.11742575	0.16521476	0.19686335	0.08894647
0.88921468	-0.16859386	-0.13710092	0.03800053	-0.07830327	-0.04428478
0.88907983	-0.18637866	-0.17718039	0.01898470	0.07157564	-0.02618764
0.89857456	-0.19099210	-0.18344768	-0.06074648	-0.02094671	-0.08685843
0.91773459	-0.18640402	-0.21656387	0.01220092	0.30561929	-0.04684920
0.93616137	-0.17487889	-0.18320271	0.08965180	0.18909829	-0.09510706
0.93468124	-0.16947255	-0.17919866	0.19659562	0.35206025	-0.10651018
0.91008738	-0.17189714	-0.21267855	0.13353908	0.22318750	-0.10229600
0.91082968	-0.18318942	-0.17034640	0.14712399	0.38447969	-0.12185432
0.91031372	-0.16518900	-0.18014500	0.03785652	0.13971537	-0.05379599
0.90044453	-0.16995342	-0.15695302	0.05076806	0.26763174	-0.06063366
0.90163797	-0.15238294	-0.17493071	0.05787980	0.30841654	-0.04579486
0.89917722	-0.14405612	-0.17412295	0.00388994	0.22039533	-0.05004079
0.89811817	-0.14998262	-0.16227250	-0.02960010	0.10356253	-0.05845561
0.90363679	-0.14863793	-0.17833180	-0.02504905	0.17987061	-0.05994868
0.90432380	-0.14016500	-0.15964835	-0.08168944	0.13709855	-0.08467370
0.90238229	-0.14721826	-0.20556312	-0.08167589	0.24270525	-0.03471330
0.89747143	-0.15472586	-0.16975369	-0.03330442	-0.00600684	-0.02528888
0.89943015	-0.15648207	-0.16892791	-0.00923421	0.12828214	-0.06985440
0.90367607	-0.15892527	-0.16650629	-0.10212912	0.09425224	0.03343460
0.90571981	-0.16169352	-0.15898620	0.03215002	0.08049922	-0.06122920
0.90172253	-0.16286479	-0.19838541	-0.14892184	-0.07900246	-0.06753372
0.90800746	-0.16665636	-0.15557872	-0.07023080	-0.00727315	-0.05081598
0.89390281	-0.15916332	-0.17517899	-0.02211925	0.17964009	-0.05205592
0.91101376	-0.16026217	-0.14608139	0.00233785	0.10293158	-0.08718217
0.90558290	-0.15936410	-0.17712690	0.02085091	0.11693387	-0.08691559
0.89751197	-0.16480081	-0.15083037	0.04868910	0.24674026	-0.00777185
0.90275009	-0.14614507	-0.14879747	-0.05280146	0.22275075	-0.02704105
0.89674454	-0.15283245	-0.15855868	-0.03535924	0.07252133	-0.07213781
0.89422371	-0.15203276	-0.16794384	0.04175574	0.07133699	-0.08038754
0.88853802	-0.15945020	-0.17705171	0.01073958	-0.05412217	-0.06687851
0.90700791	-0.17306250	-0.13864708	-0.06314351	-0.00675200	-0.01526941
0.89491466	-0.17872986	-0.17701696	0.03659979	-0.01220720	-0.00594883
0.90119303	-0.18417145	-0.15880763	0.01295472	-0.17924393	-0.07030647
0.90852642	-0.17318851	-0.18968750	0.05725183	0.04496866	-0.05031528
0.91351164	-0.18031341	-0.17475169	0.03618206	-0.16032992	-0.06936697
0.90205344	-0.19216538	-0.16178154	0.05499130	-0.02432593	0.00523371
0.90885336	-0.18343272	-0.16438169	0.12299248	0.05964313	-0.05994069
0.90534825	-0.17184177	-0.19380495	0.18157461	0.42113088	-0.08898768
0.91781598	-0.14352374	-0.22230457	0.10204248	0.19748619	-0.12772147
0.90391047	-0.16162666	-0.21530979	0.08878831	-0.11885780	-0.05357242
0.90231490	-0.15461090	-0.18556144	0.07655746	-0.03229411	-0.08902789
0.90134703	-0.14310133	-0.16821531	0.05266542	0.17992238	-0.07801630
0.90646386	-0.12530699	-0.20816245	0.02945481	0.06935275	-0.06275837
0.89481111	-0.13354135	-0.20177582	-0.04225961	-0.07258322	-0.08424193
