0.85791823	-0.18588226	-0.31823446	0.00059392	0.00187044	-0.00492163
0.85875292	-0.18787501	-0.31721345	0.00682602	0.00785738	-0.00581353
0.85817295	-0.18852414	-0.31554779	-0.00000689	0.01720454	-0.00542534
0.85700749	-0.19073821	-0.31568090	0.00287460	0.01263262	0.00391516
0.85982028	-0.19268602	-0.31839215	0.00133507	0.00726347	-0.00793701
0.85496521	-0.19190384	-0.31821208	-0.00795362	0.00054047	-0.02176119
0.85547430	-0.18665080	-0.31341246	-0.00834573	0.00727509	-0.01343365
0.85542547	-0.19075624	-0.31518116	-0.00723994	0.00396450	-0.00236164
0.85786692	-0.19537058	-0.30730539	-0.00247050	0.00048022	-0.00313000
0.85848387	-0.19071557	-0.31096224	-0.00522656	0.00706902	0.00180683
0.85757110	-0.18578067	-0.30405858	-0.00527171	0.00235913	-0.00739804
0.85755275	-0.18861357	-0.31030481	-0.00667099	0.00361366	-0.00578018
0.86020399	-0.18831171	-0.30490357	-0.00035224	0.01064600	0.00118977
0.85799712	-0.19133589	-0.30731248	-0.00302691	0.00308334	-0.00019969
0.85575441	-0.19518285	-0.30709931	-0.00527453	0.00032080	0.00252431
0.85716703	-0.19513795	-0.30566301	-0.00051812	0.00009116	-0.00426033
0.85967585	-0.19223392	-0.30373740	0.00481448	-0.00147192	-0.00206827
0.86301021	-0.19293943	-0.30223078	0.00597865	0.00427146	-0.01280876
0.86393174	-0.19455279	-0.29996111	0.00673865	-0.00237359	-0.00012748
0.86566699	-0.19221723	-0.30341033	0.00577248	-0.00282562	0.00339883
0.86180390	-0.19144865	-0.30669575	0.01178808	-0.00047371	0.00118100
0.86325793	-0.19043826	-0.30903445	0.00342403	-0.00624949	-0.00086448
0.85958800	-0.18988265	-0.30698698	0.00491043	-0.00582252	0.00543590
0.86693980	-0.18617607	-0.30206749	0.00952856	-0.00458608	0.00285343
0.86058213	-0.19076770	-0.30504656	0.00683271	-0.00445672	-0.00513569
0.86062338	-0.18906949	-0.30270936	0.01122003	-0.00267120	-0.00158288
0.86304273	-0.19459433	-0.30164153	0.00813659	-0.00949946	0.00825816
0.85971328	-0.20037910	-0.31395051	0.00610578	-0.01146408	-0.00327079
0.86160622	-0.19591535	-0.31500297	0.01208427	-0.01065130	-0.00769453
0.85989580	-0.18854094	-0.31828306	0.01168147	-0.01194657	-0.01020856
0.86170623	-0.19324434	-0.31559312	0.01190741	-0.01170237	-0.00389952
0.86651116	-0.19023407	-0.31676032	0.02827784	-0.01485158	-0.00526272
0.86171255	-0.19039091	-0.31608179	0.01720926	-0.01673723	-0.00339300
0.86554513	-0.18740643	-0.30976420	0.01005798	-0.00835861	-0.00589596
0.86137976	-0.18479119	-0.30643598	0.00719884	-0.00166035	-0.00850202
0.86338795	-0.17975596	-0.31494303	0.00359977	0.00060868	-0.00321004
0.86174442	-0.17819393	-0.31320098	-0.00400509	-0.00477304	-0.00056186
0.86153445	-0.18206940	-0.30198879	0.00218006	-0.00178238	0.00017779
0.86652584	-0.18807068	-0.30474555	0.00139329	-0.00921396	-0.00659959
0.86192877	-0.19051604	-0.31029473	-0.00639409	0.00060742	0.00557010
0.85965084	-0.19017947	-0.31482739	-0.00289900	-0.00092050	-0.01041899
0.86312497	-0.19079752	-0.31524212	0.00042876	-0.01178343	0.00779406
0.86264251	-0.18928561	-0.30791938	-0.00488877	-0.00850989	0.00478837
0.85765501	-0.19101037	-0.30518692	0.00264524	-0.01119233	0.01222684
0.85695854	-0.18902406	-0.31108205	0.00700086	-0.00480901	0.00572495
0.85991742	-0.19119354	-0.31712280	0.00091013	-0.00572745	0.00059607
0.85958978	-0.19090899	-0.31183845	-0.00491066	-0.00286711	0.00054931
0.85881527	-0.18853965	-0.30289433	0.00337345	0.00143787	-0.00200587
0.86063201	-0.18509245	-0.30834453	-0.00276008	-0.00067241	-0.00798380
0.86125946	-0.18342631	-0.30877154	0.00598911	-0.00116316	-0.00069886
0.86393868	-0.18115491	-0.30947705	-0.00397345	-0.00702945	-0.00798275
0.86283292	-0.18414014	-0.30657034	-0.00394349	-0.00555981	-0.00119982
0.85861833	-0.18122976	-0.30481432	-0.00884198	-0.00503838	-0.00472840
0.85851930	-0.18441551	-0.30578862	-0.00678948	-0.01220290	0.00094753
0.85800905	-0.18682289	-0.30869516	-0.00745873	-0.00997131	0.01052241
0.86331619	-0.18509029	-0.30923463	-0.00967341	0.00254161	0.00899202
0.86207741	-0.18716394	-0.31322045	-0.00608868	-0.00588510	0.00708420
0.86231284	-0.18500304	-0.31010714	-0.00599900	-0.00550688	-0.00094426
0.86015476	-0.18799232	-0.31482590	-0.00947143	-0.00493596	0.00711426
0.86119152	-0.18964230	-0.30391022	-0.00390630	0.00494151	0.00449604
0.86013473	-0.19208659	-0.30585631	-0.01162084	-0.00479554	0.00111469
0.85862146	-0.19376598	-0.31846305	-0.01116658	0.00784751	0.00347936
0.86168082	-0.19122954	-0.30958540	-0.00686580	0.00189741	0.00055858
0.85538376	-0.18996757	-0.31014126	-0.01186709	-0.00048061	-0.00049227
0.86012516	-0.18926919	-0.31403324	-0.00805647	-0.00514706	0.01091852
0.86057711	-0.19724908	-0.31779057	-0.01365608	-0.00223353	-0.00353251
0.85792217	-0.19597413	-0.32248327	-0.00642130	-0.00753085	-0.00072560
0.85502533	-0.19105655	-0.31772264	-0.00717994	-0.00141774	0.00147856
0.85265327	-0.18871424	-0.31294973	-0.00136224	-0.00846995	0.00051239
0.85545570	-0.19377247	-0.31821211	-0.00108381	-0.00282107	-0.01032940
0.86001645	-0.18668033	-0.31118688	0.00048818	-0.00394938	0.00344090
0.86005529	-0.18876268	-0.31169956	-0.00889846	-0.00773658	0.00223373
0.86502695	-0.19142392	-0.31382407	0.00121857	-0.00132394	0.01038315
0.86426015	-0.18934214	-0.31097134	-0.00534402	-0.00532536	0.00479196
0.86305061	-0.18680113	-0.31273530	0.00051482	-0.00074105	0.00936331
0.86054838	-0.19070480	-0.31513781	0.00046446	-0.00320541	0.00445312
0.85920622	-0.19000198	-0.31436403	-0.00105157	-0.00767469	0.00089699
0.85490633	-0.19167073	-0.31462100	0.01262040	-0.00367744	0.00871618
0.85543833	-0.18991940	-0.31815772	-0.00077376	-0.00414604	0.00746616
0.85796058	-0.18585673	-0.31709134	0.00017378	0.00159131	0.01205611
0.86121370	-0.19109618	-0.32208507	0.00078449	-0.00542811	-0.00624953
0.85921979	-0.18507092	-0.32185340	-0.00415456	-0.00136991	-0.00210947
0.85614374	-0.18732631	-0.32456537	-0.00198351	-0.01000912	-0.00315062
0.85805362	-0.18868273	-0.32720771	-0.00421887	-0.01022593	0.00362529
0.85739956	-0.18772955	-0.31813199	-0.00690854	-0.00099148	0.00100427
0.86044954	-0.19020897	-0.31916154	-0.00821713	-0.00814561	0.00091909
0.86113385	-0.19113230	-0.32017849	0.00198382	0.00022721	0.00194507
0.86110774	-0.19197546	-0.32344093	-0.00581625	-0.00166748	-0.00145498
0.85735807	-0.19191596	-0.31258299	-0.00820930	-0.00346730	0.00012028
0.85807197	-0.18466180	-0.31024771	-0.00105492	-0.00114430	-0.00366491
0.86067819	-0.18322896	-0.31199580	-0.00113877	0.00061711	-0.00042021
0.86050418	-0.19007702	-0.31512549	0.00114620	-0.00164079	-0.01227298
0.86171155	-0.18743129	-0.32359406	0.00178205	-0.00279170	-0.01229601
0.85987016	-0.18703955	-0.32187518	0.00095412	0.00265786	-0.00051447
0.85958600	-0.18906720	-0.31441750	-0.00558360	0.00509984	-0.00145194
0.85842087	-0.18784413	-0.31581171	0.00537773	-0.00034540	-0.01150067
0.85687243	-0.18891161	-0.31737645	0.00626114	-0.00567770	-0.00444164
0.85706772	-0.19093236	-0.32330058	0.01013007	-0.00605709	-0.01017854
0.85495720	-0.18913836	-0.32153202	-0.00036057	-0.00312328	-0.00839093
0.85945779	-0.18591785	-0.32102750	-0.00416203	-0.01064505	-0.01782137
0.85702513	-0.18818507	-0.31723551	-0.00382167	-0.03034198	-0.01956663
0.85960462	-0.18994199	-0.31853077	0.00218806	-0.01296521	-0.02247367
0.85939676	-0.19445753	-0.32292498	-0.00185854	-0.00733988	-0.01189958
0.86359460	-0.19071745	-0.32247941	-0.00507677	-0.00560056	-0.02170850
0.86493739	-0.19129569	-0.32376232	-0.00033767	0.00598494	-0.02745418
0.86315803	-0.19365759	-0.32349362	0.00167059	0.00486517	-0.02402908
0.86413123	-0.18888530	-0.31647977	0.00302028	0.01661348	-0.01910626
0.86304104	-0.18849524	-0.31360596	0.00726307	0.02059705	-0.02469870
0.86578856	-0.18826566	-0.31885447	0.00064642	0.01253774	-0.03086424
0.85687401	-0.18514804	-0.31735230	-0.00770276	0.00915068	-0.04188902
0.85308553	-0.18633199	-0.31749038	-0.00591310	0.01124091	-0.03123017
0.85339226	-0.18961654	-0.32080142	-0.01515141	0.00278674	-0.01587779
0.85354559	-0.18758810	-0.31728144	-0.00734099	0.01119930	-0.02177331
0.85487251	-0.18772803	-0.32076529	-0.00998486	0.01750735	-0.00962668
0.86375967	-0.19153920	-0.31705217	-0.00409151	0.01379925	-0.00841446
0.85860065	-0.19007187	-0.31972499	-0.00347164	0.01914455	-0.01900843
0.85581981	-0.18558911	-0.32038027	-0.00915921	0.00426512	-0.02195315
0.85524519	-0.19481320	-0.31285358	-0.01128419	-0.00038308	-0.01974081
0.85882229	-0.19204095	-0.31079015	-0.01816197	0.00161621	-0.02323722
0.85996384	-0.19133295	-0.31322943	-0.01047897	0.01140622	-0.01270011
0.86448593	-0.19267076	-0.30822369	-0.00804755	0.00765984	-0.01758685
0.86733666	-0.18843113	-0.31506421	-0.00198716	0.01610381	-0.01038056
0.86619045	-0.18739196	-0.31308041	0.00434108	0.01590542	-0.01686223
0.86714318	-0.18243997	-0.30338591	-0.00377646	0.01620289	-0.01955160
0.86105116	-0.17920318	-0.30444767	0.00162282	0.01239974	-0.03468930
0.86524722	-0.18283017	-0.30478375	0.00371498	0.00551886	-0.03267183
0.86472953	-0.18189149	-0.30622903	0.00644799	-0.00047923	-0.03027038
0.86283739	-0.17978651	-0.30227532	0.01380280	0.00037468	-0.02784770
