0.92155357	0.02043283	0.06773543	-0.01024815	-0.00174360	0.00938000
0.91962093	0.01397929	0.06766897	-0.00698356	0.00172631	0.01382331
0.91554596	0.01424073	0.05504783	-0.00278715	0.00593313	0.00852054
0.92248582	0.00625633	0.06226400	0.00165735	-0.00080791	0.01069031
0.92335178	0.00314209	0.06680962	0.00550385	0.00596292	0.00381855
0.92349778	-0.00503968	0.07448543	0.00235042	0.01367067	-0.00769449
0.92497445	-0.01343405	0.07892066	0.00721744	0.01889088	-0.00408724
0.92303311	-0.01007134	0.07276315	0.01026391	0.03166125	-0.00448842
0.92224013	-0.00418399	0.07859391	0.01729248	0.01782986	-0.00082714
0.92123780	-0.00737169	0.07422603	0.01635562	0.02248945	-0.00083264
0.91868939	0.00203753	0.06890218	-0.00268836	0.01787372	-0.00447508
0.91679850	-0.00274375	0.07093101	0.00012560	0.01367501	-0.00261871
0.92042026	-0.00545181	0.06028250	-0.00055453	0.00985759	0.00022433
0.92438269	-0.00059282	0.07078554	-0.00390007	0.00966676	-0.00128139
0.92176688	-0.00851284	0.07435754	-0.00020003	0.01051471	0.00144901
0.92034431	-0.00337744	0.07754291	0.00297067	0.00419573	0.00744292
0.92030465	-0.00385535	0.08216293	-0.00485870	0.01161255	0.00233271
0.91938210	-0.00572494	0.08145201	-0.00746619	0.00713615	0.00037313
0.91809778	-0.00073401	0.08566348	-0.00622183	0.00222152	0.00165205
0.92008742	-0.00722770	0.08165393	-0.00597841	0.01283168	0.00366165
0.91950338	-0.00268578	0.07507491	-0.00782645	0.00378728	0.00033852
0.92076279	-0.00431961	0.07935490	-0.00522777	-0.00154672	-0.00017561
0.92473493	-0.00341454	0.07673500	0.00425037	0.00057672	-0.00052697
0.92181226	0.00236533	0.07010025	-0.00212155	-0.00693124	-0.00159171
0.91817195	0.00702637	0.07381134	-0.00476573	-0.00685348	0.00361023
0.92322909	0.00474203	0.07267052	0.00276817	-0.01312139	0.00328823
0.92057481	0.00440029	0.07199336	0.00031012	-0.00104696	-0.00521980
0.91899535	0.00384822	0.08175572	-0.00166836	-0.00274609	-0.00160942
0.91866340	-0.00131063	0.07614410	0.00007289	0.00054756	0.00030535
0.92142208	-0.00631516	0.08132565	0.00457930	0.00125164	0.00274854
0.92009089	0.00213990	0.07646024	0.00675213	-0.01064988	-0.00641725
0.91922331	-0.00391753	0.07257803	0.00162631	-0.00464186	-0.01159896
0.91873583	-0.00085588	0.07641066	0.00927955	-0.00889793	-0.00443921
0.91924251	0.00110355	0.07732965	0.00353808	-0.00656098	-0.00612996
0.91964857	0.00000039	0.07074252	-0.00083846	0.00842535	-0.00532193
0.92027706	-0.00134335	0.06896661	0.00093521	0.00145444	0.00155526
0.91874056	-0.00191613	0.07572306	-0.00048277	0.01462588	0.00457319
0.91941605	0.00534000	0.07356949	0.00026864	0.00620059	0.00576369
0.91836449	-0.00215815	0.07657806	-0.00006417	0.00364712	0.00521226
0.91947218	-0.00133049	0.07243126	-0.00221611	0.01068695	0.00367795
0.92153559	0.00428551	0.08351152	-0.00633331	0.00123280	0.00421329
0.92124291	-0.00016935	0.07027979	-0.00186508	0.01085736	-0.00341104
0.92260685	0.00077617	0.07479117	-0.00019274	0.01241598	0.00254574
0.92594625	-0.00059429	0.07825143	-0.00059266	0.00492447	-0.00025052
0.92561809	0.00186372	0.08055836	-0.00431951	0.00053770	0.00013076
0.92023868	-0.00512691	0.07682927	-0.00876454	-0.00336062	-0.00231905
0.92322209	-0.00743707	0.08613582	-0.00352957	0.00557572	0.00096654
0.92159261	-0.00946884	0.07490321	-0.00066789	0.00114670	0.00688428
0.92103558	-0.00557308	0.08030576	-0.00507208	-0.00309873	0.00366868
0.91877821	-0.00458217	0.07534241	-0.00666192	-0.00291646	0.00081191
0.92160415	-0.00563382	0.07579448	-0.00523928	-0.00166107	-0.00092332
0.92109744	-0.00500646	0.07962473	0.00369472	-0.00014667	-0.00316486
0.91949976	-0.00765698	0.07568073	0.00268060	0.00568032	-0.00210487
0.91987295	-0.00612741	0.07008721	0.00104735	0.00207119	-0.00295928
0.92302093	-0.00102844	0.07489309	-0.00170690	-0.00046761	-0.00161328
0.92049419	-0.00241157	0.07488110	-0.00026984	0.01567985	-0.00310353
0.92228888	-0.01109772	0.07421212	-0.00302740	0.02064795	0.00390346
0.91874844	-0.00910288	0.06564291	-0.00306790	0.00021938	0.00266535
0.92384489	-0.00476758	0.06661721	-0.00506874	0.00556249	0.00062489
0.92103135	0.00400690	0.07040829	-0.00889744	0.00572126	-0.00065062
0.92299803	0.00180201	0.06394697	-0.00813640	0.00469636	-0.00368556
0.92630428	-0.00072723	0.06299493	-0.01045183	0.00041159	-0.00406120
0.92303602	0.00506541	0.07853971	-0.00116120	-0.00466714	-0.00106614
0.92247244	0.00684589	0.08942579	-0.00322745	-0.00373913	-0.00670260
0.92103083	0.01144827	0.08995632	0.00812611	-0.01319960	-0.00745081
0.92308935	0.00314196	0.08187795	0.00866574	-0.01429725	-0.00625446
0.91565679	-0.01027764	0.07956641	0.00249896	-0.02000086	-0.00296620
0.92036432	-0.00340662	0.08230982	0.00389261	-0.01455986	-0.00511459
0.92059330	-0.00284992	0.07885182	0.00685130	-0.01918509	-0.00035308
0.92324908	-0.00344942	0.07808037	0.00925656	-0.01371136	0.00085735
0.92222485	-0.00578611	0.07779543	0.00287751	-0.00863431	-0.00122345
0.92116079	-0.00192188	0.07069461	0.00302382	-0.01545491	0.00026729
0.91851856	-0.00679399	0.06431441	0.00286970	-0.01867763	0.00070743
0.91863051	-0.00612598	0.06655322	0.00217224	-0.01436885	0.00146702
0.92194537	-0.00552994	0.07232692	0.00487105	-0.00792605	-0.00085765
0.92180862	-0.00346411	0.07166798	-0.00272718	-0.01939799	-0.00053410
0.91982367	0.00121082	0.07476177	-0.00371207	-0.01411351	-0.00589859
0.91912279	-0.00517274	0.07232389	-0.00349159	-0.01687630	-0.00697878
0.92096820	-0.00139325	0.06902842	-0.00060217	-0.00740302	-0.00468257
0.92098510	0.00623166	0.06866113	-0.00579879	-0.00381362	0.00194498
0.91933459	-0.00142062	0.05853023	-0.00599458	-0.01466616	0.00557937
0.91960875	0.00410951	0.06500751	-0.00225997	-0.00647348	0.00603523
0.92056824	-0.00160292	0.07072843	0.00402580	-0.01180840	0.00724959
0.92095843	0.00312473	0.06291931	-0.00289743	-0.02410205	0.00484154
0.92074526	0.00442172	0.06382158	-0.00161518	-0.00903474	0.00141806
0.91832126	-0.00501797	0.06738020	-0.00440838	-0.00519987	0.00788603
0.92146097	-0.00509356	0.05988787	-0.00872747	0.00351874	0.00429109
0.91905387	-0.00243280	0.05816294	-0.00675804	0.00293049	0.00443442
0.92088962	-0.01115407	0.06844378	-0.00185122	0.01106568	0.00637279
0.92104726	-0.00318594	0.06427923	-0.00487681	0.01053906	0.00244325
0.91866188	-0.00242622	0.06306322	-0.00457613	0.00445182	-0.00210373
0.92101690	-0.00555746	0.06506698	-0.00140578	0.00320304	0.00396876
0.91879461	-0.00649112	0.06129708	-0.00401578	0.01504531	-0.00142288
0.92269671	-0.00185663	0.06751444	-0.00666478	0.01081976	0.00024728
0.92280472	0.00317007	0.06316980	-0.00193862	0.00997750	0.00045936
0.92340921	-0.00238997	0.07085678	-0.00684890	0.00480247	0.00238833
0.92478180	-0.00301839	0.06317317	0.00526616	0.00491769	-0.00170791
0.92365558	-0.00118991	0.07064125	-0.00455646	0.00947308	-0.00328718
0.91922080	-0.00524808	0.06888719	0.00033141	0.01328849	-0.00134903
0.92074311	-0.00154697	0.06807569	0.00010473	0.01479144	0.00272224
0.92008675	-0.00133274	0.06265203	0.00744588	0.01132261	-0.00308064
0.91914982	0.00058886	0.07666097	0.00022088	0.00903471	-0.00124967
0.91713867	0.00195672	0.07313368	0.00300344	0.00538469	-0.00046583
0.91866995	-0.00397488	0.06678232	0.00069733	0.00333418	-0.00664182
0.91977250	-0.00445212	0.06912729	0.00058463	0.00913231	-0.00234367
0.92181668	-0.00273385	0.06625917	-0.00121738	0.00614521	0.00223802
0.92461166	-0.00051987	0.06608063	0.00130929	0.00563822	-0.00240469
0.92168149	-0.00393611	0.06701427	0.00336515	-0.00171651	0.00737431
0.92122204	-0.00356320	0.06260658	-0.00068441	0.00632015	0.00175264
0.92426030	0.00283672	0.07516666	-0.00236723	0.00024428	0.00138294
0.92339877	-0.00937018	0.07224478	0.00302295	-0.00568055	-0.00864165
0.91861069	-0.00001258	0.07796371	0.00468652	-0.01338219	-0.00726487
0.92014243	-0.00498408	0.07797745	0.00791763	-0.00324450	-0.00747642
0.91881254	-0.00898141	0.07672603	0.01142762	-0.01526914	-0.01118559
0.92242905	-0.00541541	0.07722499	0.00878554	-0.01326682	-0.00432589
0.92071321	-0.00477501	0.07387350	0.00557969	0.00279468	-0.00159970
0.91810939	-0.01029030	0.06827679	0.00404610	0.00345722	-0.00387091
0.92161223	-0.00485571	0.06468357	-0.00297834	0.00422396	0.00015912
0.92543223	-0.00550595	0.06330616	-0.00080042	0.00415316	0.00225343
0.92176698	0.00210981	0.06717111	0.00245465	-0.00164964	0.00216026
0.92115018	0.00019582	0.05861767	0.00232599	0.01261255	0.00250240
0.92107633	-0.00099049	0.06401564	-0.00122998	0.00705662	0.00220297
0.92304817	-0.00297233	0.06264322	0.00285418	0.00807607	-0.00240089
0.92110976	-0.00773359	0.06961839	0.00226806	0.00248405	-0.00588943
0.92441704	0.00088387	0.07583213	-0.00260429	0.02736878	-0.00331028
0.92307079	-0.00728156	0.07245435	-0.00404153	0.01091103	0.00262664
0.92609658	-0.00059644	0.07568341	-0.00640036	0.00748664	0.00383760
0.92935859	0.00719348	0.07821909	-0.01226908	0.01786666	0.00801204
