0.80658086	-0.39530510	-0.72011562	-0.49997372	1.38441648	-0.02346718
0.71710856	-0.37296525	-0.55003532	-0.30442965	1.72869387	0.04889076
0.75250438	-0.37420956	-0.33369066	-0.41018679	1.98272257	0.20155037
0.67035244	-0.20503057	-0.43463930	-0.11845389	2.04742919	0.19703710
0.80816486	-0.10725952	-0.23384933	-0.30377803	1.73293285	0.36226910
0.83800003	-0.23705174	-0.17369307	-0.16311296	1.05872101	0.65740953
0.84140227	-0.13603681	-0.35608425	-0.36948345	1.08602590	0.36633937
0.91240145	-0.03938009	-0.42436162	-0.81612543	0.19668054	0.12088301
0.64873558	-0.23198590	-0.33532400	-0.92629766	0.34778382	-0.15595679
0.76475287	-0.20952996	-0.10409754	-1.05368449	-0.02361833	0.03763656
0.64735784	-0.21319383	-0.27279379	-0.73391091	-0.04086107	0.47905580
0.55426158	-0.24503876	-0.28522962	-0.80899007	0.41679991	0.42069753
0.65016764	-0.38831711	-0.19918996	-0.55328225	0.49097001	0.36773576
0.68663750	-0.26907957	-0.16568501	-0.70636679	0.57065842	0.58740796
0.66606568	-0.25044318	-0.06630594	-0.45760056	0.39558464	0.63944026
0.71446695	-0.29532106	-0.07334689	-0.32932047	0.17746666	0.87097494
0.53985584	-0.40375059	-0.01443172	-0.17829307	0.04485694	0.66307520
0.57057749	-0.31014449	-0.03515448	-0.10430787	-0.69342794	0.03551599
0.67612351	-0.32444121	-0.00103862	0.11417491	-0.80630688	0.00099219
0.77764302	-0.42329321	0.02837646	0.00090618	-0.76365305	-0.11403807
0.89733677	-0.33870489	-0.27893314	-0.22693634	-0.42780241	-0.14990206
0.95429317	-0.28641016	-0.30928103	-0.15830430	-0.69617652	-0.02636631
1.11475509	-0.23880552	-0.41696305	0.09867129	-0.14630939	0.05807208
1.26444053	-0.21451351	-0.26305119	0.23375014	-0.40212599	-0.12648446
1.30578673	-0.29587769	-0.20564971	0.32084740	-0.29648221	-0.21671318
1.27262472	-0.34740844	-0.33223653	-0.00666357	0.01538295	-0.03598896
1.27662499	-0.43962761	-0.22990740	0.00016532	0.44417344	0.07610435
1.03207605	-0.41770496	-0.31105385	0.32937415	1.08028347	-0.23083215
0.82433844	-0.46851210	-0.22362285	0.30005790	0.46032333	0.03659169
0.86208487	-0.43143168	-0.27805734	0.00086063	-0.57055070	0.20080625
1.00259192	-0.49591137	-0.49531439	0.72323147	-0.64079228	-0.04390058
0.85971278	-0.35065244	-0.45773572	0.52443043	-0.65497813	0.03619961
0.80513353	-0.35532835	-0.42765205	0.44328264	-0.17232526	0.16417302
0.64071225	-0.16641880	-0.63515824	0.24858002	0.14438361	-0.11946527
0.62463591	-0.04684595	-0.46265976	0.12546438	-0.29738186	0.06948416
0.66114713	-0.07725225	-0.33772656	-0.20396757	-0.32382448	-0.31172250
0.61436884	-0.13866111	-0.39075223	-0.54749728	-1.25300256	-0.27894008
0.68220398	-0.23490289	-0.20690712	-0.29942141	-1.01199553	-0.46072336
0.82402706	-0.41446379	-0.36649756	-0.11694124	-0.72209565	-0.79935858
0.84150163	-0.36019012	-0.39307074	0.16448140	-0.61243679	-0.86302429
0.81586447	-0.27396387	-0.44943023	0.32116558	-0.48404258	-0.77239468
0.87753205	-0.27906064	-0.49777362	0.18667719	-0.63997606	-0.73698545
0.84933332	-0.13462809	-0.37546159	0.19158971	0.25835803	-0.20995843
0.79508637	-0.14381317	-0.40123785	0.50811573	-0.23741806	-0.49242621
0.75209594	-0.19378956	-0.39879029	0.76187848	-0.23427537	-0.18426834
0.74860127	-0.10434620	-0.32754903	0.44782366	-0.11861635	-0.13743342
0.62257615	-0.08025507	-0.31881853	0.61771862	-0.53073575	-0.30701763
0.77760879	-0.13175497	-0.34719184	0.69329526	-0.21197958	-0.06513353
0.67434480	0.12639526	-0.45014246	0.46087777	-0.69208792	-0.07439263
0.75950339	0.05854598	-0.39174137	0.30479988	-0.29095194	0.22733424
0.75997840	-0.03255219	-0.30427273	0.02618893	-0.22629400	-0.02921065
0.80526725	0.06716261	-0.32867858	0.19219126	-0.82855918	0.45066461
0.86859409	0.08196731	-0.39680085	0.06482868	-0.54782231	0.46720109
0.68225535	0.05098549	-0.38674651	-0.04978609	-0.50492923	0.37953161
0.89124044	-0.05627230	-0.40969601	0.37124524	0.06211125	0.38990004
0.90835529	-0.10002230	-0.53657460	-0.04189657	-0.50699867	0.14570099
1.00554183	0.08501918	-0.38054719	-0.06578814	-0.47523074	0.03618694
1.04859627	-0.16996479	-0.53899002	0.09094705	-0.04095507	-0.26008699
1.01485204	-0.24017831	-0.65929696	0.29071252	-0.18858163	-0.18234955
1.16222030	-0.17175318	-0.62575465	0.51906977	-0.16053760	0.14499069
1.17727146	-0.35221337	-0.56914652	0.29698773	0.28534365	-0.24886845
0.98928186	-0.24595821	-0.58138114	-0.08402657	0.91047549	-0.24172624
1.00353295	-0.33865359	-0.88732596	-0.02701827	1.52435092	-0.27173117
0.83826326	-0.26698555	-0.56644441	-0.17086435	1.39071913	-0.23256264
0.69345115	-0.41665933	-0.48268464	-0.08947528	0.75333795	-0.03456412
0.62558967	-0.51398838	-0.28938159	-0.04317988	1.45965892	-0.09866347
0.73298168	-0.26220990	-0.41213778	0.04432458	1.25465646	0.38357498
0.88002143	-0.27522825	-0.40930848	0.04975898	0.92645320	0.13826287
0.83625925	-0.13076008	-0.49463886	0.39391691	1.02013377	0.27577307
0.84559377	-0.14536198	-0.28102403	-0.16130281	0.85344997	0.16082836
0.77343321	-0.03406709	-0.41239023	-0.71526066	0.32055632	-0.07364099
0.65467902	-0.01458769	-0.31467517	-0.40139012	0.29332266	-0.03875775
0.64503226	-0.13176829	-0.31974715	-0.18882187	0.63446616	0.06031975
0.72267659	-0.21218130	-0.19626303	-0.34045621	0.21013491	0.19753107
0.63984356	-0.12469234	-0.16908224	-0.33111891	0.40256461	0.73320083
0.69277131	-0.30528590	-0.10312236	-0.27907066	0.78475406	0.60727584
0.67792352	-0.25211940	-0.14132156	-0.28388103	0.86499328	0.51359112
0.66680530	-0.24011459	-0.00158919	-0.37883442	0.15565175	0.52716583
0.81105933	-0.26610894	0.00074094	-0.29787104	0.49365383	0.46021777
0.66413214	-0.35770625	-0.22678489	-0.24247730	-0.18959458	0.51632510
0.66649116	-0.42320121	-0.08601217	-0.42866478	-0.14932725	-0.07953436
0.73004572	-0.32447816	-0.05550396	-0.34273648	-0.58771338	-0.17105314
0.79790687	-0.39464303	-0.06310196	-0.17687660	-0.41122303	-0.10763350
0.93731248	-0.31313697	-0.25504841	0.10986736	-0.53505710	-0.06905135
1.00570191	-0.29642260	-0.28437207	0.28580332	-0.24779720	-0.01286690
1.14302162	-0.29579500	-0.30573012	0.38260581	-0.20497153	-0.03868380
1.22713250	-0.25904686	-0.23710617	0.41908325	0.31412265	0.17639130
1.17562001	-0.31453467	-0.17850131	0.06538334	0.32030288	0.13207445
1.26605373	-0.29031258	-0.16757783	0.10279905	0.44153516	-0.05006704
1.14096266	-0.44660814	-0.28025647	-0.09592638	1.02855542	-0.29579180
0.94270618	-0.35154975	-0.15463292	0.22050253	0.19373618	-0.48636194
0.90314366	-0.33942652	-0.24833830	0.30152185	0.01598648	0.01358021
0.93099219	-0.46974448	-0.36932533	0.23720526	-0.16139917	0.16149370
0.87842301	-0.49412891	-0.45561545	0.44622015	-0.77190174	0.31090325
0.88725071	-0.39921441	-0.57966320	0.43349358	-0.65488616	0.02127526
0.60226266	-0.28299340	-0.53369327	-0.05088441	-0.84052858	0.17001616
0.56656691	-0.11476456	-0.44519897	-0.04802301	-0.08045873	0.08126238
0.58236684	-0.07660914	-0.39407152	-0.30736896	-0.12196670	-0.16384518
0.82898350	-0.06457591	-0.25237359	-0.23262377	-0.61543679	-0.49141531
0.77651000	-0.20669753	-0.26276553	-0.24815222	-1.15489807	-0.53883580
0.73887600	-0.34355157	-0.34994710	-0.53539954	-1.06688342	-0.43018298
0.85427389	-0.37495954	-0.42472984	0.09672009	-0.79152781	-1.04517150
0.69568250	-0.29185084	-0.41550395	0.09961279	-1.19514245	-0.91875289
0.67395689	-0.31304068	-0.53105178	0.21726145	-0.38081369	-0.42857355
0.76516502	-0.13959912	-0.42664539	0.16937718	0.08947626	-0.50190051
0.65201719	-0.15967846	-0.29733403	0.29915362	0.15350326	-0.59133167
0.71690758	-0.05499645	-0.31021702	0.51961371	0.05979798	-0.23463085
0.71670938	0.01160028	-0.29295370	0.58939360	-0.47417577	-0.24519592
0.73087352	-0.02717917	-0.46425271	0.45380377	-0.53097593	-0.12522190
0.74981813	0.01944909	-0.41761065	0.22773906	-0.74477741	0.06929115
0.80221549	0.10412481	-0.40630628	0.29987568	-0.19847338	0.01577112
0.90354262	-0.03412640	-0.28423472	-0.00845152	-0.00206086	-0.05438080
0.74449382	0.13924607	-0.36804769	0.19291391	-0.17071524	0.09640818
0.79029043	0.00527898	-0.49418682	0.33094886	-0.23665501	0.32897310
0.80107274	-0.02609605	-0.28106615	0.04487789	-0.81175910	0.62859457
0.99067174	-0.04919335	-0.38082264	0.21731307	-0.72513311	0.30941488
0.93757122	-0.01574498	-0.41105736	0.07854787	-0.92680200	0.12339731
0.89870050	-0.09561805	-0.58109845	0.08682427	-0.37379905	0.24043668
1.16634329	-0.18151231	-0.46319828	0.15235468	0.43199765	0.13388115
1.04257094	-0.01918927	-0.57798802	-0.25067935	0.14198397	0.14786338
1.29037912	-0.16088017	-0.61169608	0.16929730	-0.32522350	0.04040293
1.18588572	-0.17776080	-0.74856374	0.03995494	0.06709870	0.05154555
1.14132299	-0.18285548	-0.51537325	0.06955736	0.47988159	-0.13452225
0.89973211	-0.13437121	-0.57846643	0.00184245	0.89280492	-0.30962012
0.71981923	-0.27770454	-0.59539234	-0.09591746	0.38198054	-0.23071672
0.59666117	-0.41181279	-0.69628124	-0.41676374	0.88721808	0.06233650
0.79429604	-0.46065672	-0.31237526	-0.37091984	1.21305201	0.30080351
0.92945331	-0.39363557	-0.18872714	-0.51168471	1.50079963	0.29316105
