0.72233442	-0.45075043	-0.50297317	-0.28812554	1.91987963	0.38420791
0.79673309	-0.29513708	-0.32537457	-0.52580579	2.49523088	0.31692213
0.87838236	-0.27388613	-0.44139569	-0.29582890	1.34309973	0.16105920
0.95060660	-0.29100754	-0.40529789	-0.18760821	1.39028157	0.30313910
0.85191509	-0.18552087	-0.38454712	-0.49032430	1.14442479	0.09243411
0.82136618	-0.24181799	-0.42656643	-0.47866262	0.62266055	0.27537417
0.72132022	-0.26553013	-0.29762844	-0.48771583	0.10349612	-0.15494420
0.64304965	-0.12954666	-0.23268281	-0.64849006	0.74311166	0.41806954
0.70307919	-0.21842871	-0.29153846	-0.50236561	0.58648195	0.61353327
0.69742224	-0.26148053	-0.08753352	-0.51856787	0.19800505	0.43175126
0.72641444	-0.21194428	-0.21803677	-0.21626561	0.38217384	0.39861877
0.77067216	-0.32656068	-0.17561542	-0.09568442	-0.45545355	0.43290222
0.71646329	-0.18397246	-0.15033146	-0.41544198	0.28262812	0.58102404
0.70576757	-0.23947385	-0.09143003	-0.08478898	0.00212064	0.41438603
0.67356845	-0.18392229	-0.13218511	-0.20395301	0.53152276	0.07905346
0.60667070	-0.15949149	-0.08556494	-0.22256871	-0.54438216	-0.28575594
0.55675263	-0.23491076	-0.04298905	-0.23745641	-0.58443525	0.14207426
0.72396063	-0.16485974	-0.08421598	-0.12109205	-1.01878965	0.28974143
0.86416890	-0.14175328	-0.11865521	-0.13390392	-0.67163424	-0.03773941
0.84869990	-0.31676958	-0.36089924	-0.29763856	-0.73072804	-0.16817485
1.08353167	-0.30828969	-0.19721443	-0.16246240	-0.59619279	-0.07592983
0.93273638	-0.22806231	-0.36533014	0.28549170	-0.22300646	-0.08320016
1.15486890	-0.33311301	-0.20285420	0.01251761	-0.05861764	-0.13884383
1.23493496	-0.18207349	-0.21507291	-0.01167577	0.72087215	-0.40004622
1.11708424	-0.31996393	-0.07391045	-0.16343503	0.56730882	-0.00823050
1.00911374	-0.36118491	-0.29394655	0.01876695	0.55051580	-0.08709830
1.07204173	-0.40798333	-0.30026854	0.24694841	-0.10628774	0.16788272
0.85718349	-0.46301484	-0.30380813	0.26737889	0.08073773	0.08878839
0.84696707	-0.51844199	-0.40124090	0.37743894	-0.34296709	0.44783163
0.88379034	-0.49715746	-0.48504197	0.47276142	-0.49007025	0.04616248
0.86043957	-0.22830826	-0.49627936	0.69770744	0.64890601	0.04989126
0.67062251	-0.14640402	-0.55303620	0.33461585	-0.40366212	-0.08005670
0.66057773	-0.16367315	-0.34985546	0.40903607	0.41132017	-0.06622159
0.86877421	-0.14803755	-0.14765402	-0.48865765	0.17930100	-0.17749715
0.55576270	-0.23185376	-0.28899762	0.01042209	-0.85572183	-0.46364866
0.68725874	-0.28150094	-0.38678307	-0.05358775	-1.12494466	-0.85558403
0.79300599	-0.37009372	-0.57460604	-0.01024814	-1.64383395	-0.99582705
0.85573765	-0.33021796	-0.39172498	0.05003223	-1.23371736	-0.97371935
0.71012375	-0.27816493	-0.53362311	0.20021789	-0.96132249	-0.81764235
0.84384073	-0.17472698	-0.54077151	0.23145697	-0.04691567	-0.84653609
0.72194830	-0.24138748	-0.34196523	0.45414479	-0.05743238	-0.77594096
0.67258256	-0.23120451	-0.42271800	0.77952315	-0.71854328	-0.85478348
0.72861561	-0.16734890	-0.42221099	0.60187219	-0.20806238	-0.34498698
0.78466632	-0.12510201	-0.38174876	0.95176961	-0.24665660	-0.36671061
0.80686091	-0.09678488	-0.37333597	1.07637013	-0.39258316	-0.63399637
0.82938074	0.00746885	-0.56495041	0.76990779	-0.09627829	-0.61254814
0.75996028	0.01643621	-0.43040654	0.62498047	0.21915414	-0.45501118
0.79711473	-0.04925714	-0.44130903	0.64052993	-0.19765991	-0.15814439
0.61517880	0.12633382	-0.34179139	0.76626383	-0.13407716	-0.25304906
0.75098636	0.15529122	-0.25050343	0.20965119	-0.33927085	-0.10664627
0.73526635	-0.00740618	-0.29142721	0.62243984	-0.39254813	0.16020975
0.59478600	-0.08190158	-0.25746495	0.14180910	-0.71961964	-0.03313506
0.66021599	-0.03789604	-0.29870035	0.42492137	-0.60138624	0.10840707
0.84294688	-0.16277247	-0.35310780	0.28886839	-0.24526248	0.06684299
1.05113144	-0.12854704	-0.36597613	0.26001465	-0.90861316	0.20811451
1.06648742	0.01865363	-0.27072626	0.40831582	-0.87196189	0.01685603
0.97981494	-0.07861243	-0.43418569	0.43196788	-0.10799594	-0.03759658
1.16935078	-0.08810755	-0.47656023	0.49576512	-0.59821244	0.01502947
1.12271522	-0.07166726	-0.53615403	0.38068506	-0.33635103	-0.19353681
1.12447186	-0.09044050	-0.51619709	0.25013705	-0.28645986	0.05741037
1.06511605	-0.26962507	-0.48402227	0.52569913	0.70227808	-0.30087030
0.93232955	-0.25198210	-0.69623032	0.46437211	0.06182252	-0.00876527
0.76934577	-0.16089544	-0.73262632	0.05804397	1.11950999	-0.18813854
0.72150757	-0.30958159	-0.62423882	-0.38843906	0.40152255	-0.07283659
0.69943683	-0.45900951	-0.47199591	0.17612046	1.21049780	0.21917003
0.86070470	-0.40010750	-0.28183627	-0.04711041	1.81758111	0.11885663
0.95218323	-0.37483352	-0.36717642	0.26310841	1.75201362	0.17119298
0.83004555	-0.30726091	-0.30493600	-0.00579945	2.03808160	-0.03409316
0.77301490	-0.21074321	-0.33010993	0.21637436	1.08300625	-0.06485606
0.77236682	-0.13214777	-0.30477454	-0.17896582	0.79334838	0.12078134
0.86599199	-0.18703573	-0.35046604	-0.10989226	0.67582114	-0.20202843
0.68142889	-0.15013161	-0.42794267	-0.40775066	0.12780603	-0.17036089
0.69860789	-0.19990574	-0.25199914	-0.17140472	0.13825427	0.01330566
0.56043580	-0.31518908	-0.33772002	-0.27756530	0.38607422	0.57429768
0.64574218	-0.24952195	-0.24851248	0.01088009	0.12848163	0.47017852
0.62510913	-0.29687261	-0.14174061	0.01814531	0.04504214	0.69714864
0.66949295	-0.27098846	-0.08172569	0.05475444	0.81637878	0.61610748
0.72405295	-0.33205270	-0.11422872	-0.20196509	-0.16384918	0.33240412
0.70588623	-0.27443748	-0.03371721	0.19555849	0.31430070	0.05468361
0.71096059	-0.37257065	-0.08925320	-0.15526006	-0.12605339	-0.01143485
0.58364792	-0.44100031	-0.10726291	0.06578298	-0.51019853	0.09173834
0.60003836	-0.37778564	-0.05680756	0.12577119	-0.79594806	0.13367377
0.83274822	-0.33939942	-0.15155366	0.14875056	-0.14800914	-0.12502326
0.70503514	-0.34248010	-0.14242231	0.28297890	0.12973756	-0.20044567
1.01305987	-0.27693805	-0.17705107	-0.08131788	-0.15166625	0.01612520
1.03579911	-0.30977791	-0.12743758	0.21303551	-0.89055865	-0.11308410
1.22913310	-0.27412973	-0.22214862	0.37321063	-0.96383713	0.34604962
1.51921794	-0.19255861	-0.23895255	0.19973655	-0.13084920	-0.08339772
1.15578293	-0.25259672	-0.17681699	-0.51454786	0.24461152	-0.23111746
0.96380681	-0.21320092	-0.24125823	-0.09384790	0.97726226	-0.19207099
0.86430198	-0.23033685	-0.20913436	0.03257313	-0.10084336	0.13246350
0.84659397	-0.40733591	-0.25574612	0.12589360	-0.60319060	0.28546106
0.91945848	-0.49915250	-0.29863080	0.20030949	-0.74125744	0.54959405
0.95698021	-0.34343302	-0.43329768	0.25149900	-1.46143845	0.39154785
0.65005504	-0.38507844	-0.65125643	-0.04570849	-0.46331583	0.13541037
0.68559338	-0.13263193	-0.44598515	0.33020423	-0.07632475	-0.15486629
0.65267118	-0.14555605	-0.53717422	0.12528545	-0.63849037	0.07876808
0.81728852	-0.12404835	-0.43402951	-0.41485970	-0.30778637	-0.45018533
0.58039709	-0.17172146	-0.33020098	-0.36401569	-0.71985699	-0.47096008
0.79211283	-0.15478061	-0.18514606	-0.31630497	-0.98033269	-0.84544516
0.74164356	-0.26673938	-0.34794321	-0.00676064	-0.42214930	-0.52610832
0.82937083	-0.35280615	-0.18398364	0.27479682	-0.22718010	-0.73309229
0.76837211	-0.28911383	-0.42107627	0.08563002	-1.10009588	-0.84724248
0.83968521	-0.24152667	-0.60584138	0.13655258	0.17155767	-0.47667336
0.71381572	-0.16999545	-0.58293213	0.14631861	-0.23136929	-0.46437621
0.85328064	-0.07662173	-0.46372825	0.24942048	-0.17439219	-0.28153645
0.66801048	-0.06118151	-0.38405614	0.20669907	-0.38051903	-0.14561152
0.67799108	-0.04217887	-0.30268131	0.62232582	0.01676862	-0.09605131
0.96887012	-0.17557205	-0.36296268	0.24197042	-0.18046694	-0.10934460
0.86281855	-0.01318437	-0.42384253	0.52617059	-0.58986636	0.03035790
0.62295025	-0.00428043	-0.36731350	0.08687802	0.16854276	0.01052184
0.74529468	-0.01819814	-0.30617834	0.42695725	0.19236848	-0.09892139
0.80642227	-0.08906837	-0.23661730	0.32439045	-0.50175145	0.39468203
0.73912228	0.17313097	-0.38997022	0.09806951	0.01094917	0.46781074
0.90831090	-0.03126332	-0.49783775	0.25545579	0.03774621	0.56363101
0.81624238	-0.04399562	-0.18629320	-0.15149598	-0.02176556	0.52036917
0.91795440	0.04516416	-0.33993375	0.08834434	-0.40921806	0.35363121
0.84553830	-0.08720339	-0.50071069	-0.03439055	-0.59703887	0.31780641
1.14500362	-0.15463211	-0.45580596	-0.06132751	-0.50752926	0.03377899
1.13609238	-0.19304496	-0.60993666	-0.01055186	-0.22765068	0.00766191
1.15510526	-0.09976319	-0.52458231	-0.11934119	0.03532383	-0.19322429
1.21078006	-0.20066638	-0.74130823	0.00819823	0.30712852	-0.35972845
1.05989321	-0.21301520	-0.65853219	-0.18564574	0.59448710	-0.24331950
0.91490451	-0.15668583	-0.61837860	-0.62892375	0.63175677	-0.20359450
0.71774822	-0.47117558	-0.64595402	-0.49622334	1.14935286	-0.29459444
0.81762467	-0.35510621	-0.49000603	-0.23200210	1.22387277	0.01097032
0.76729798	-0.33322598	-0.34690132	-0.12697465	0.63292560	-0.14591568
0.84563039	-0.36646145	-0.57733781	-0.27981893	1.90388048	0.14518962
