0.83387964	-0.16801291	-0.11082108	0.23132763	0.42026189	0.35050118
0.61012204	-0.31599530	-0.31519716	0.46911062	0.46108808	0.48606717
0.76739602	-0.06757116	-0.20088604	0.26241755	0.58095250	0.00917471
0.69574720	-0.23487240	-0.13144256	0.42682699	0.74028793	0.30890185
0.63734859	0.01143329	-0.23907234	0.41850882	0.50863360	0.01616703
0.75658493	-0.17955456	-0.38606035	-0.06752343	0.04396810	-0.05251559
0.81936295	-0.13675720	-0.10117231	0.14056352	0.06264446	0.17482192
0.76659529	0.04493359	-0.31511748	0.09009083	0.34492842	0.10870942
1.02971458	-0.11096642	-0.33545290	-0.00129746	0.06697614	0.31897534
0.76091754	-0.27758996	-0.40135745	-0.13332669	0.06920765	0.19850818
0.92185926	-0.21860836	-0.49450626	-0.13254177	0.08048068	0.26174064
1.00336760	-0.41568582	-0.26183270	-0.05537118	0.55662381	0.09859079
0.89053515	-0.43850858	-0.33029641	-0.32768109	0.35946455	-0.01903349
1.17674504	-0.69514522	-0.57590145	0.09406483	0.42736782	-0.36895082
1.24710829	-0.98586152	-0.49570064	0.16015227	0.24270776	-0.61505266
1.34053773	-0.46878587	-0.46747616	0.19179266	0.08558023	-0.57061574
1.10482040	-0.25859900	-0.27106711	0.15496797	0.38045174	-1.09012463
1.12817937	-0.26906827	-0.23897430	0.12627130	0.74927268	-0.50094883
0.77118308	0.00100353	-0.15312522	0.07925408	0.27455540	-0.19535626
0.68140860	-0.05173852	-0.01292111	-0.06543197	-0.05335407	0.58863197
0.69888213	-0.23209302	-0.22283715	0.18931325	0.02271250	0.21123606
0.82467548	-0.29724408	-0.07169513	0.07948875	0.02782745	0.53428337
0.58720031	-0.20339996	-0.06642299	0.12628257	0.07061899	0.08889111
0.59049510	-0.15222021	-0.16059604	-0.00711181	-0.18082727	0.44176736
0.50160274	-0.04502654	0.03430531	0.19919706	-0.35971479	0.58237681
0.41472155	-0.31062602	-0.10227499	0.10670410	-0.70561607	0.28707462
0.54255178	-0.20757474	0.06292300	-0.00521958	-0.19678787	-0.31265974
0.66283541	-0.18626325	-0.07580924	0.13628298	-0.57760884	-0.37119577
0.72589464	-0.44853116	-0.05798712	-0.17965757	-0.44174532	-0.70779461
0.57799436	-0.27545337	-0.13767538	-0.38898024	-0.63610991	-1.21180383
0.71361193	-0.29300481	0.04793018	-0.49701905	-0.11815911	-1.04895918
0.57305610	0.00535623	-0.09079576	-0.20790684	-0.68506999	-1.10110705
0.67926172	-0.09791657	-0.18484215	0.14986284	-0.88209585	-0.57447692
0.70912159	-0.23285589	-0.22488881	0.04336984	-0.82384983	-0.72292632
1.04646370	-0.02819854	-0.32363961	-0.21798898	-0.07425844	-0.48454618
1.05454874	-0.27894415	-0.26552754	-0.23705914	0.17823418	-0.66179939
0.64090503	-0.05017420	-0.08383314	-0.42170559	0.10368408	-0.26920153
1.09160137	-0.30683967	-0.15091856	-0.30405411	-0.32070549	0.07839190
1.07813682	-0.29545962	-0.35369918	0.07143935	-1.07462606	0.33746441
0.99807579	-0.35172005	-0.89068966	0.05966147	-0.74155560	0.32491190
1.14110986	-0.17213659	-0.91430887	-0.11273149	-0.23071191	0.04358724
1.18122736	-0.35514562	-0.71606090	-0.01641104	-0.05828083	0.26391494
1.31051091	-0.33309183	-0.59351314	0.19881926	0.31988362	0.25944039
1.42511889	-0.28810206	-0.67772214	0.42494985	0.01487071	0.25043952
1.22224182	-0.21157470	-0.32254960	0.18035437	-0.14996751	-0.03282398
1.20390065	-0.15795440	-0.47139453	0.13641785	0.83456663	-0.28708490
1.10069151	-0.04044289	-0.38763776	0.26851487	0.91270080	0.07873048
0.59052333	-0.22834440	-0.30545160	0.26080891	0.45691459	-0.56784777
0.61755515	-0.06430556	-0.13138230	0.02202813	0.13064201	-0.25356309
0.53545383	0.01861803	-0.29401497	-0.05181824	0.08989133	-0.17934630
0.63120025	0.08818530	-0.21954200	0.13867213	-0.06830421	0.38215897
0.60005731	-0.04894952	-0.18178365	0.15155203	-0.51407355	0.21677226
0.55762182	0.02666771	-0.01496340	0.41081581	-0.24776944	0.34453199
0.64355616	-0.17155358	-0.13510451	0.31235204	-0.18339647	0.83024968
0.71975652	-0.16294589	-0.38233334	0.60606334	-0.56777898	0.47447262
0.57650342	-0.00697800	-0.42598312	0.64277822	-0.18146985	0.88782916
0.73088965	-0.09326543	-0.48206916	0.58394661	-0.00557561	0.70866832
0.83002515	-0.31606757	-0.36118428	0.57332346	0.33804434	0.54665108
0.86805742	-0.20220047	-0.03065323	0.66943482	0.71466786	0.66032849
0.87520864	-0.11117395	-0.21896984	0.42157779	0.85316494	0.12066394
0.90560059	-0.12339873	-0.29911411	0.34792096	0.72293538	-0.11455388
0.79873260	-0.13931599	-0.39641467	0.21184928	0.72941202	-0.01984298
0.94714204	-0.11597712	-0.18101915	0.22166159	0.02560915	-0.02131832
0.89886495	-0.18392201	-0.21726479	0.06066201	0.04366412	-0.23015007
0.92428617	-0.06515990	-0.43083894	-0.19990095	0.38114616	-0.22133037
1.07925948	-0.36535581	-0.36773580	-0.04396046	0.23755480	0.13542858
0.95837803	-0.49943423	-0.59667493	0.24517577	0.23437241	0.43693270
1.05167166	-0.54938392	-0.45527525	0.22118183	0.43594453	0.61948523
1.10805195	-0.61515875	-0.30777875	0.15487434	0.39095268	0.14176514
1.19560292	-0.60107801	-0.19554734	0.58622702	0.75780485	-0.22634368
1.28888791	-0.70932853	-0.11307165	0.21912383	0.34170872	-0.39015432
1.21348193	-0.65108358	-0.22654259	-0.11932010	-0.10829878	-0.94903218
1.12345548	-0.24909512	-0.22168714	0.12912548	-0.24162850	-1.24041964
0.83354651	-0.28742383	-0.08498256	-0.06263750	0.40317117	-1.16218486
0.86742648	-0.19896108	-0.18135375	0.09283550	0.08246654	-0.63044736
0.70466671	-0.12942817	-0.00614698	-0.06509378	-0.23410731	-0.06385463
0.70604004	-0.13879982	0.05613257	-0.17006267	0.10790120	-0.00895632
0.54567360	-0.23807729	-0.08662996	0.06607487	-0.18703211	-0.09907164
0.49006155	-0.36981962	-0.28643168	0.15412095	-0.48240579	0.11009966
0.44517043	-0.06328260	0.09956303	-0.08167123	-0.65904951	-0.24720572
0.56580779	-0.17176976	-0.18681752	-0.08243333	-0.30633784	0.11509579
0.56231260	0.19195490	-0.11055021	-0.29988925	-0.42144980	-0.20257838
0.38949094	-0.06539273	-0.12678964	-0.34314715	-1.05426915	-0.64577522
0.65726368	-0.09042078	-0.19933287	-0.45329000	-0.86281901	-0.81348154
0.70576286	-0.29911622	-0.23074012	-0.44120114	-0.64975396	-0.52561934
0.89053800	-0.19869489	-0.22771580	-0.04824312	-0.79673055	-0.60498359
0.94289109	-0.25182359	-0.43370144	-0.12819536	-0.37822010	-0.62236269
0.90467739	-0.06946464	-0.33876396	-0.17929752	0.20944888	-0.80158417
0.89648372	-0.23794460	-0.10264263	-0.19228653	0.14090150	-0.79153382
0.81241221	-0.04500053	-0.17920610	-0.15316950	0.09870391	-0.68224038
0.90747919	-0.23696053	-0.20280866	-0.45213789	-0.51894780	-0.09105647
1.11248337	-0.42956094	-0.33451549	-0.10499182	-0.84875867	0.47878004
0.91502493	-0.28744578	-0.91897356	0.09070617	-0.87567981	0.56417681
1.22714011	-0.25258709	-0.80307704	0.03536766	-0.67475355	0.57650325
1.21909151	-0.35080849	-0.72870621	-0.11842511	-0.19904428	0.89774529
1.21259835	-0.15314939	-0.49801417	-0.00569756	-0.37483717	0.21480788
1.54756064	-0.28730507	-0.71036531	0.19230846	0.02088269	0.45573136
1.29829075	-0.35988294	-0.59396483	0.25923117	0.02908349	0.12864031
1.12032574	-0.09046092	-0.59207226	0.05708242	0.63292026	-0.38427489
1.13256194	-0.11186406	-0.45312246	0.11560689	1.00202791	-0.56007167
0.92443442	-0.09103106	-0.30708412	0.26947895	0.65213329	-0.36440903
0.61919456	-0.17429661	-0.32149227	-0.05866759	0.32282982	-0.10903974
0.66963779	0.06315491	-0.22632612	0.20237067	0.36586508	-0.10755980
0.58706186	-0.15524609	-0.40042096	0.13717417	-0.24878060	0.04995334
0.75258359	0.08308382	-0.20818800	0.17491574	-0.41170331	0.47592213
0.65735798	0.04892014	0.03229178	0.02670312	-0.99143168	0.21369429
0.61468610	-0.27225908	-0.38640593	0.21774347	-0.31748344	0.43643291
0.79246053	-0.43777308	-0.36527396	0.13172217	-0.07025532	0.66541509
0.59888508	-0.25627350	-0.22909109	0.36473657	0.14844031	0.32328372
0.84476854	-0.26264869	-0.18734762	0.15382219	0.13624378	0.89089382
0.63729995	-0.08197311	-0.15315073	0.36207761	0.48921922	0.57824540
0.69886152	-0.33596639	-0.30623814	0.43182956	0.90016961	0.36538853
0.66371013	-0.13326680	-0.39133843	0.55977209	0.55764282	0.50306247
0.70833391	-0.00316721	-0.20763927	0.39273238	1.13883727	0.57726708
0.86535528	-0.05676031	-0.13017268	0.23385991	0.71557795	0.29755196
0.89984494	-0.25240883	-0.26529299	0.05103341	0.89004118	0.01364738
0.67909382	-0.11214927	-0.51084894	0.25291978	0.01250437	0.29908544
0.88187349	-0.09860589	-0.24685195	0.00915549	-0.16728004	0.02751636
0.48749202	-0.18265161	-0.27023217	-0.03133072	0.14360039	0.15126664
0.90713240	-0.32115464	-0.40103877	-0.18220758	-0.10297065	0.39035351
0.87739854	-0.01986976	-0.35086248	-0.00100537	0.04484638	0.09650379
1.01493254	-0.32825945	-0.45918000	-0.16841788	0.38376331	0.19091121
0.59746484	-0.24636865	-0.50172432	0.09410672	0.52789625	0.46278564
1.00878751	-0.52696320	-0.38323856	0.17589215	1.00791750	0.23492876
1.07992001	-0.65719107	-0.41658412	0.13097051	0.91610194	0.43598103
1.59089556	-0.77562100	-0.32835741	0.45449010	0.67041231	-0.44667506
1.31100362	-0.64950385	-0.24193800	0.27464033	0.19508525	-0.49877327
1.07491252	-0.36639516	-0.27190771	0.17592821	-0.07340129	-0.89459442
