0.41765088	-0.04635805	-0.34872290	-0.30176455	-1.08175175	-0.09167120
0.75930313	-0.08085788	-0.40887338	-0.27865193	0.29947924	0.04649678
0.70183726	0.11082992	-0.53657580	-0.70897490	0.02878924	0.33567544
0.99747250	0.01354460	-0.18647611	-0.43815960	0.58665214	0.11248833
0.90405279	0.12001809	-0.37907511	-0.64347841	-0.10765017	0.63855201
0.72445764	0.14499689	-0.88823569	-0.73572756	0.21289228	0.08916527
0.73741065	0.19492746	-0.52038303	-0.55826664	-0.46340713	-0.06164253
1.08844688	0.05782886	-0.76370432	-0.81948730	0.23715249	0.37337501
1.09128735	0.04251844	-0.96256571	-0.63270110	0.38109098	0.47941387
1.09858414	-0.28407527	-0.57698161	-0.63855704	-0.00146210	0.65707174
1.22143564	-0.43653947	-0.83254377	0.03397945	-0.39162776	0.30085713
1.18864040	-0.20217669	-1.05201883	-0.46001840	0.62843785	0.83557941
1.05389272	-0.24474250	-1.29920204	-0.39725233	-0.06830819	0.33769726
0.77589214	-0.20148159	-0.83260884	-0.26200378	1.74345532	0.88354874
0.67048226	-0.15588091	-0.75513837	-0.15445546	0.00701302	0.53982873
0.57291639	-0.39394829	-0.48166946	-0.32397241	1.42770034	1.28967448
0.75997382	-0.30320336	-0.57472006	0.38686702	1.69723095	0.97458136
0.70986089	-0.17435770	-0.37458762	0.28015506	2.42699021	1.48656438
0.97567045	-0.34755955	-0.41417699	0.14284562	2.82430290	1.05869360
0.95689285	-0.14907512	-0.61311434	0.31629211	3.38141054	0.92569665
0.91257954	-0.21577464	-0.17683505	-0.30601151	2.62848845	0.00147459
0.71792331	-0.22015718	-0.30929976	0.25677071	1.45940986	-0.12164504
0.60442945	-0.03766510	-0.19281827	-0.04704731	0.39966348	1.10196437
0.41888275	-0.01427123	-0.13357479	-0.36736726	0.23432660	0.39581296
0.40305363	0.03693902	-0.05195456	0.27028672	0.39209999	1.08076931
0.36243544	-0.25528628	-0.32550099	-0.16865702	1.07935611	1.58459244
0.60322282	-0.21142490	-0.09565436	-0.39408117	1.30928428	1.61267420
0.57801224	-0.29561287	-0.00120538	0.14875561	2.18614420	0.96424743
0.51798559	-0.43479194	-0.27220155	0.33569067	1.33738532	1.24183696
0.53583167	-0.42607855	-0.10797203	-0.05068949	0.77286021	0.45781321
0.62774474	-0.44183449	-0.05721920	0.08307995	0.31343719	0.23683540
0.61191792	-0.49755564	0.05744756	0.14949035	0.05778334	0.46558751
0.55953076	-0.62895276	-0.27528303	-0.21144622	-0.15230139	0.54363921
0.56770956	-0.52292685	0.01073709	-0.35873542	-0.24786153	0.54583515
0.56178061	-0.40794414	-0.00043112	-0.36123081	-0.15843695	0.34313424
0.76109723	-0.34070752	0.01739743	-0.13005790	-0.38927325	-0.47451776
0.85456051	-0.35703356	-0.12086351	-0.11895609	-0.78570238	-0.12713965
0.82324176	-0.40262992	-0.16961514	-0.06202038	-1.72501453	-0.31985634
0.90260151	-0.38033712	-0.26092608	-0.21555101	-0.65590487	-0.44868150
0.97147981	-0.50352293	-0.42773588	-0.08374056	-0.53198492	-0.23201823
1.02652289	-0.39474221	-0.16688369	0.21816103	-0.35246869	0.00181616
1.10493697	-0.71265574	-0.34324655	0.06817178	-0.42388190	-0.21854383
1.37541118	-0.50053736	-0.39890733	-0.09275185	-1.12082690	-0.22146370
1.37799919	-0.59630347	-0.56300865	0.26087883	-0.37359933	-0.11106268
0.89255715	-0.61513199	-0.60999845	0.24703732	-1.10980614	0.36911880
0.78349723	-0.50205345	-0.26636612	-0.16176029	-0.33100746	0.01997471
0.72998478	-0.62165195	-0.36409494	-0.06707898	-0.43384144	0.11518115
0.57899038	-0.39579395	-0.28834015	-0.44878040	-0.73259836	-0.64334384
0.70326344	-0.40148253	-0.37770668	-0.64347479	-0.64715670	-0.82289432
0.59595363	-0.40242284	-0.34817977	-0.82932343	-1.85764864	-0.53946705
0.62167353	-0.34793287	-0.50286239	-0.66886439	-0.70869795	-0.42150327
0.63244814	-0.29384436	-0.26898763	-0.41532379	-1.77054869	-0.62188058
0.83718480	-0.43084347	-0.51327287	-0.35104971	-1.54962982	-1.10683176
0.87424335	-0.10298454	-0.20943808	-0.33449448	-1.32840257	-1.42789510
0.63555693	-0.15553388	-0.31078351	-0.24342005	-1.30176063	-1.91187905
0.68898508	-0.30862660	-0.24021354	0.05758524	-0.70770984	-1.32676899
0.74447530	-0.27544374	-0.45535722	0.28206473	0.05910652	-0.62687610
0.55698001	-0.22403670	-0.65211310	0.13238112	-0.98607999	-1.07733933
0.35451697	-0.18601887	-0.48107395	0.40553750	-0.42775423	-1.15244318
0.66969438	-0.06361160	-0.34381104	0.25736565	0.14751755	-0.76797513
0.55706687	0.11092319	-0.30943722	0.17677723	0.61486260	-1.07459547
0.68743670	0.02101366	-0.40537093	0.31306946	-0.12322142	-0.93067329
0.70093457	0.10490417	-0.39826098	0.18462856	-0.68158365	-0.32243747
0.68589189	0.02750917	-0.20353605	-0.07296244	-0.51241158	-1.31005302
0.74478412	0.04330812	-0.74011775	0.05552933	-0.94695518	-0.34561357
0.81239837	0.14961466	-0.82583512	0.03464821	0.43848850	-0.24391427
0.67240263	-0.05460589	-0.58589431	-0.58588887	0.03830316	-0.10026671
0.67069523	0.01784871	-0.52808086	-0.17350342	0.14598600	0.16067392
0.88489276	0.09948489	-0.43787097	-0.29884271	0.11337645	-0.16339758
0.64015736	0.13055462	-0.55812943	-0.52288071	0.68451299	-0.09212606
0.69966013	0.00596181	-0.61985064	-0.68626107	0.24841498	0.37461642
0.72707797	-0.12000208	-0.46442915	-0.28712741	-0.55642144	0.19095497
0.94920513	-0.18247030	-0.49874994	-0.29665437	-1.14986166	0.39573461
1.10319409	-0.21146161	-0.47421386	0.06177574	-0.54288228	0.25579885
1.07721798	-0.10519399	-0.69567569	0.46795453	0.21931466	0.42981928
1.18085671	-0.14625073	-1.08110748	0.34971170	-0.18116997	0.44644261
1.29071276	-0.21462607	-1.20211732	0.31005576	-0.32210233	-0.64101604
1.12650505	-0.31150634	-0.99793847	0.28597547	0.61006716	-0.99454536
1.14126214	-0.16423446	-0.80855620	0.28398420	0.85210747	-0.42318306
0.95469879	-0.34849242	-0.73731942	0.42104298	0.61308217	-0.17611484
0.64870756	-0.22434654	-0.44167717	0.07587567	1.28337024	0.60977290
0.52241357	-0.35299593	-0.74793228	0.05708524	1.30228912	-0.09684850
0.66772226	-0.36618071	-0.67578527	0.70913676	1.29338938	0.24005551
0.61364968	-0.28814912	-0.70859208	0.52789052	1.80217788	0.61318274
0.65627055	-0.20693502	-0.69569032	0.72118021	1.91841626	0.09610785
0.85552275	-0.09087411	-0.67988931	0.46073302	2.16190883	0.50928438
0.69320880	-0.30909132	-0.47327280	0.61010667	2.12213401	0.26877371
0.56790011	-0.14537557	-0.35715325	0.55482684	1.35253053	0.32575820
0.61297117	-0.29673972	-0.36625767	0.59046684	0.69449511	0.36875849
0.55916650	-0.14278830	-0.27926769	0.53029742	0.65158548	0.67527759
0.32713815	-0.29393812	-0.43874355	0.99644942	0.75040741	0.25371179
0.90085016	-0.56058577	-0.15204075	0.98625768	-0.25299269	1.16442919
0.75318165	-0.38567514	-0.18566960	0.79094911	0.14834332	1.22315200
0.75584535	-0.49332679	-0.59704272	1.10541040	1.07799575	0.79364256
0.77901350	-0.17160188	-0.54392288	1.03588834	0.89521475	0.56298585
0.73715991	-0.19031318	-0.40836967	0.79608366	0.78850281	0.66414509
0.59038475	-0.30363347	-0.19807600	0.63689526	0.15000454	0.28971230
0.55556536	-0.20215282	-0.24172417	0.58589792	0.68596459	0.66292931
0.49929958	-0.12694193	-0.05091346	0.31080968	0.50373026	1.24627069
0.63663603	-0.03236824	-0.06753681	0.07055296	-0.10831305	0.30219879
0.43874607	-0.30174027	-0.06257920	0.48081711	0.38148078	0.33751165
0.59142387	-0.25304203	0.29781975	0.39269835	0.81477498	0.30062027
0.64570166	-0.47558867	-0.09344897	0.34594564	-0.01145029	0.35033714
0.57370804	-0.43937039	-0.04507281	0.17572490	0.20609113	0.39660901
0.63653008	-0.35856710	0.00705916	0.07223792	0.38535118	-0.20678819
0.68907871	-0.20265765	-0.09143551	0.29638790	-1.32380861	0.19974392
0.83253206	-0.30804987	-0.13233148	-0.12312107	-1.33332622	-0.19981528
0.90513091	-0.33025143	-0.04310498	0.05809106	-0.65905632	-0.02605078
1.18936832	-0.32871668	0.08631622	0.19592362	-1.10871812	-0.14923222
1.10792474	-0.50549166	-0.17443361	0.21443938	-0.21246318	0.06273593
1.20286358	-0.45760964	-0.34208193	0.63026110	-1.17947658	-0.11400680
1.30543234	-0.69359266	-0.14132720	0.50167368	-1.26002806	-0.13629637
0.97443838	-0.87064600	-0.41274787	0.73249351	-0.85157377	-0.07656507
0.86685299	-0.64602873	-0.24882556	0.70597531	-0.53479851	-0.21091796
0.76996563	-0.79114404	-0.41917674	0.84207223	-1.01826647	0.44561146
0.87833680	-0.67652749	-0.43626558	0.77084277	-1.30214967	0.29924000
0.93716584	-0.57280736	-0.27686276	0.36115119	-1.23913951	-0.19190576
0.76620014	-0.47643205	-0.34113268	0.30751170	-0.61985868	-0.36921462
0.56288341	-0.54588504	-0.31232116	-0.03101894	-1.08505945	-0.20346220
0.44144774	-0.44779323	-0.29224944	-0.15411153	-1.44182153	-0.42702581
0.53098896	-0.33609468	-0.39617402	0.14794547	-1.23904536	-0.38256062
0.72728716	-0.44986773	-0.62011611	-0.04358741	-1.64156603	-1.15556352
0.75354549	-0.24576118	-0.54595404	-0.31673350	-1.19792985	-0.59309916
0.64699975	-0.36706935	-0.47006292	-0.23158378	-1.07093945	-0.82189839
0.91846068	-0.21594402	-0.65232724	0.10509362	-1.18426614	-0.84978582
0.92425068	-0.00075982	-0.66090437	-0.53912551	-0.79742436	-1.26173590
0.62704744	-0.35634073	0.06860426	-0.07795629	-0.02112943	-1.56854449
0.71346753	-0.09110892	-0.34942555	-0.17391847	0.51254665	-1.41625652
