0.84932734	-0.22219032	-0.33653852	0.00081499	0.05198161	-0.03809013
0.85147274	-0.21725050	-0.32861579	-0.01681522	0.01879698	-0.03680312
0.85090506	-0.22199413	-0.31991438	-0.02883476	0.00702196	-0.04527079
0.85303347	-0.21454599	-0.32996417	0.00858074	0.01118368	-0.05819487
0.84879253	-0.21665580	-0.33455495	-0.00104466	0.02934623	-0.04630982
0.83340481	-0.21729423	-0.33718969	0.02172059	0.00625928	-0.03700053
0.81633528	-0.20892663	-0.30886885	0.01708013	-0.01427116	-0.00612415
0.82787761	-0.21301616	-0.31497683	0.00659808	0.01045070	0.01215730
0.83985022	-0.21906237	-0.31636505	0.02658750	-0.02271709	0.01153340
0.83759326	-0.20654656	-0.31957223	0.01235984	-0.03401943	0.01848448
0.85406588	-0.20965879	-0.33659955	0.05706065	-0.00271794	0.02381381
0.87698015	-0.21588643	-0.35020728	0.03200025	-0.00257881	-0.00422782
0.87128194	-0.22741710	-0.33910653	0.03493294	0.00077392	-0.01781364
0.86865030	-0.22707194	-0.34202981	0.03437821	0.08978713	-0.05648232
0.85950366	-0.20216172	-0.33043129	0.03353965	0.07589175	-0.06113634
0.84323654	-0.19270188	-0.30345584	-0.01946767	0.02156955	-0.04487768
0.85213036	-0.20711985	-0.31076832	0.00411265	0.00182909	-0.01972165
0.84993684	-0.19358787	-0.33384580	-0.02516546	-0.01964154	-0.00691612
0.85690254	-0.21418834	-0.33582653	-0.02846508	-0.01771191	0.01778929
0.84871465	-0.20367377	-0.34077546	-0.05807311	0.00575982	0.04277837
0.83580830	-0.21454604	-0.31648685	-0.06085792	0.04209943	0.00982823
0.84499606	-0.20226879	-0.33435426	-0.02770258	0.05549137	-0.00227338
0.84234551	-0.21075809	-0.33028824	-0.04128904	0.07400052	0.00157944
0.85464599	-0.21893993	-0.32253426	-0.05605286	0.04441503	0.00388035
0.84678816	-0.22197016	-0.33687761	-0.01356292	-0.01373992	-0.00158620
0.85006209	-0.21859088	-0.33933275	0.01228914	0.01675617	-0.03270960
0.84746420	-0.22917228	-0.33028294	0.01151711	0.01301450	-0.02586929
0.84157098	-0.23719110	-0.33205123	0.04475093	0.00755483	-0.03615494
0.82981407	-0.22093927	-0.31844824	0.07300077	0.01296417	-0.01032364
0.83992761	-0.20863274	-0.29645783	0.12750977	-0.01942164	0.00186851
0.84896331	-0.20322516	-0.30373150	0.06495093	-0.02159831	0.02286765
0.85273445	-0.22026874	-0.30892211	0.07948769	-0.05304142	0.00859326
0.84822613	-0.21328899	-0.30090804	0.03781472	-0.05863163	0.01068222
0.86377160	-0.21042656	-0.31548368	0.09212933	-0.02630669	0.03593846
0.88469556	-0.20539393	-0.33291334	0.04247934	0.07140374	0.02112218
0.87341514	-0.22863306	-0.33905431	0.00487313	0.05031181	-0.00045311
0.87663280	-0.22724144	-0.32070240	0.01982619	0.05367855	-0.02436242
0.87015598	-0.22461470	-0.32634352	-0.01133482	0.03743396	-0.03253413
0.85266603	-0.22158477	-0.30626376	0.01351853	0.05345864	-0.04102994
0.84662693	-0.21123222	-0.31601620	-0.01381345	0.05047159	-0.03928319
0.84434411	-0.21020606	-0.31152989	-0.01400655	0.00169088	-0.02222842
0.83020564	-0.21716493	-0.30832057	0.03359334	0.01236566	-0.00771300
0.85062950	-0.20643817	-0.30274114	-0.02083819	-0.00808453	-0.01697982
0.85032862	-0.21102880	-0.29673843	-0.00801181	0.01284142	-0.00829654
0.84218431	-0.21924735	-0.30254426	-0.02876972	0.01305092	0.01649170
0.84983829	-0.23142871	-0.31265815	-0.00566754	-0.02676567	0.00007115
0.83311713	-0.22364573	-0.30722006	-0.03016811	-0.01957122	-0.00960206
0.84286892	-0.22219095	-0.31281969	-0.03026077	-0.05344196	-0.00632246
0.84084693	-0.22327618	-0.31947831	0.01472682	-0.07064174	-0.00103173
0.87108586	-0.22041427	-0.32998388	0.05540811	-0.04627155	0.00158423
0.88102686	-0.22171940	-0.33227335	-0.01728735	0.00387090	-0.01765439
0.88036939	-0.21701798	-0.31663408	0.04156646	0.06188844	-0.01366927
0.86173173	-0.19033022	-0.30039273	-0.02830602	-0.01629887	0.00617654
0.86348764	-0.19832870	-0.30522076	-0.01315800	0.05220010	0.00222074
0.85668909	-0.20234276	-0.31123348	-0.05199776	0.04442219	0.01960307
0.84638371	-0.19379931	-0.31375336	-0.03277029	0.02669528	0.02114741
0.84731377	-0.21064195	-0.31362567	-0.04102992	0.00131139	0.01802889
0.85154392	-0.20323447	-0.33569529	-0.00406889	0.04738608	0.02362970
0.84593870	-0.20613291	-0.32381507	-0.03661626	0.08614433	0.02921063
0.86341692	-0.22702129	-0.32319095	-0.03305001	0.04892355	0.01446611
0.85968949	-0.23720224	-0.31701831	-0.01292483	0.04494314	0.00197835
0.85735189	-0.23282581	-0.30932413	0.02715179	0.05101990	-0.00409166
0.84970936	-0.23279148	-0.29322659	0.04938150	0.01581488	-0.03457861
0.85059028	-0.22286537	-0.29554761	0.04116572	-0.01500436	-0.04464088
0.84641683	-0.21227341	-0.28824905	0.07622811	-0.02807703	-0.01203092
0.86372106	-0.20871881	-0.30056320	0.06960452	-0.01897304	-0.01065911
0.86322753	-0.21568162	-0.31238048	0.07802961	-0.01885006	-0.03324615
0.86644419	-0.23668046	-0.31401092	0.05721345	0.00909594	-0.04793426
0.86256156	-0.23895868	-0.30829307	0.02116745	0.06570367	-0.05456309
0.86178544	-0.21215210	-0.31831704	0.03223412	0.08895283	-0.04548089
0.84646747	-0.20686999	-0.30924157	-0.04174382	0.04609436	-0.02968305
0.84337310	-0.19635622	-0.32396040	-0.05025260	-0.05452155	-0.01132481
0.84799644	-0.18803370	-0.31652840	-0.09936801	-0.04428050	0.03076069
0.83346740	-0.18400319	-0.31911399	-0.09984170	-0.02710985	0.04494051
0.87541548	-0.21148856	-0.31116494	-0.10165600	-0.01935916	0.04955295
0.86623585	-0.21305967	-0.31160442	-0.09089476	-0.01053238	0.03928141
0.85553592	-0.22850438	-0.30859740	-0.09657546	0.00247109	0.03452182
0.84793470	-0.22276667	-0.30287529	-0.08608614	-0.02038054	0.03694415
0.84273332	-0.23812199	-0.30893179	-0.03600681	-0.03919669	0.02010588
0.85448785	-0.23283319	-0.30350893	0.03109861	0.00394058	-0.00016516
0.86715691	-0.25718987	-0.30913648	-0.00819720	0.00171010	0.00877974
0.87156153	-0.23867281	-0.29759411	-0.00193580	-0.00144542	-0.03323706
0.86331511	-0.23857753	-0.30346543	0.04612703	-0.01475925	-0.04015885
0.86422362	-0.22628097	-0.30402383	0.01380241	0.02683601	-0.06621381
0.86001539	-0.22312287	-0.32076315	0.02538097	0.06923160	-0.06140815
0.85457175	-0.21651071	-0.30410606	0.05266387	0.06143239	-0.07690964
0.84252734	-0.22109250	-0.29922350	0.06877514	0.06205343	-0.05641637
0.83381432	-0.20266099	-0.30541283	0.03412135	0.03869270	-0.03967259
0.84021628	-0.21746561	-0.29909914	0.07895460	-0.02391912	-0.01524011
0.84298217	-0.21103756	-0.29550411	0.05238088	-0.02368063	0.00231575
0.85022472	-0.20452732	-0.28752571	0.01199818	-0.02912326	0.00335778
0.84362349	-0.21233998	-0.28630379	0.01962766	-0.06904551	-0.00675078
0.85161982	-0.20462856	-0.28820413	0.01086428	-0.07238287	0.02173897
0.85665539	-0.20343086	-0.28407983	-0.00825929	-0.07808652	0.04054997
0.86417737	-0.21357222	-0.28999728	-0.00114316	-0.04250965	0.03204045
0.85931094	-0.20669731	-0.29030577	0.02751499	-0.03386399	0.06394793
0.86768303	-0.22454675	-0.28984777	-0.01113487	-0.04918658	0.02976262
0.87092823	-0.21481743	-0.30997447	0.00395246	-0.04608298	0.02414826
0.85799013	-0.21870040	-0.31622362	0.02479718	-0.03255003	0.00003668
0.85837890	-0.22536284	-0.33306135	0.07502241	0.00525979	-0.00482718
0.84688023	-0.22133572	-0.33523591	0.02081264	0.01494463	0.01745798
0.85023487	-0.21849940	-0.31904598	0.02210937	0.04223339	-0.02935730
0.85627463	-0.21844972	-0.30033269	0.04129503	0.04216490	-0.04453054
0.84794795	-0.21216187	-0.30525807	0.03234430	0.00795848	-0.01974174
0.84655132	-0.20748561	-0.30213575	0.00047135	-0.01132308	-0.02769918
0.84927405	-0.19917294	-0.31459490	-0.01015053	-0.04752096	0.00207713
0.85002712	-0.21161464	-0.31896162	-0.01544880	-0.06404363	0.01578798
0.85627774	-0.22155273	-0.30848560	0.00821306	-0.03918520	0.03230945
0.85053664	-0.20520244	-0.30921884	-0.00041645	-0.04954986	0.04248862
0.87692842	-0.21525446	-0.30160808	-0.01624991	-0.06345965	0.03191187
0.86772306	-0.21477002	-0.30739748	-0.01020770	-0.03513224	0.02575044
0.86438024	-0.21903741	-0.30546367	-0.00334558	-0.03762546	0.01812350
0.85297823	-0.22060530	-0.31163637	-0.01474212	-0.01264241	0.01102362
0.86529343	-0.21679731	-0.31525789	-0.03870962	-0.03229342	0.00272211
0.85654566	-0.20535592	-0.32420444	-0.04061602	0.00088728	0.01396445
0.85500667	-0.21368983	-0.31274145	-0.02200493	-0.00177775	-0.00217798
0.85228783	-0.21201901	-0.30025931	-0.03069328	-0.00993759	0.01322220
0.85332632	-0.21459806	-0.32073871	-0.01235949	-0.00617645	0.01164779
0.84931903	-0.21566217	-0.30999088	-0.00636003	-0.00262204	0.01096484
0.85499535	-0.20832268	-0.31271323	-0.01782231	-0.04290014	-0.01107750
0.84495901	-0.21830678	-0.31605193	-0.03607748	-0.04359208	0.00432166
0.84188605	-0.22913620	-0.30223805	0.00570138	-0.02398853	0.01745879
0.84043023	-0.21809501	-0.31756521	-0.00584683	-0.04869381	0.01144469
0.84322255	-0.22957477	-0.32567099	0.00791240	-0.04322489	0.01569718
0.84334056	-0.21577532	-0.31833710	-0.00648235	-0.03013837	0.01495032
0.82826078	-0.22021615	-0.31989480	-0.00958449	-0.03042709	0.02442017
0.84303166	-0.22908362	-0.32382781	-0.03641467	-0.01181575	0.01047560
0.84660648	-0.22018217	-0.34304360	-0.02610424	-0.02616074	0.01741172
