0.85691780	-0.21451951	-0.32107599	-0.02332992	-0.01341858	0.00764411
0.85411246	-0.21825731	-0.31831881	-0.02953050	0.00382986	0.01112193
0.85326614	-0.21663550	-0.31659448	-0.01680906	-0.00512147	0.00943225
0.85184723	-0.21932469	-0.32093107	-0.01906185	-0.01986090	0.00742341
0.84954604	-0.21628936	-0.31508394	0.00114268	-0.01749705	0.00457317
0.85041070	-0.21759746	-0.32200600	0.00743496	-0.01786712	0.00598070
0.84920472	-0.22421802	-0.33087017	-0.00238047	0.00837240	0.01443848
0.85183841	-0.21895350	-0.32446794	0.01415233	-0.00147271	0.00608671
0.85437257	-0.21612669	-0.32737820	-0.00082421	-0.01054162	0.01274082
0.85021762	-0.21454257	-0.32291956	0.00683579	0.00572392	0.00285569
0.85042269	-0.21095279	-0.32836127	0.01354669	-0.00985118	-0.00102960
0.85152243	-0.21598617	-0.32391908	0.01462444	-0.01870141	0.00237780
0.84767371	-0.22193860	-0.32211934	0.02077902	-0.03447682	-0.00944190
0.84439851	-0.22060702	-0.32363389	0.01341569	-0.01643794	-0.00133235
0.85060814	-0.21316018	-0.32632937	0.01267812	-0.01928190	-0.00964922
0.85474174	-0.21582045	-0.32322867	0.00870610	-0.00247640	-0.00699585
0.85442528	-0.21652523	-0.32559837	0.02326526	-0.01994881	-0.01598629
0.85211183	-0.21610217	-0.32341407	0.01691097	-0.00296331	-0.01154907
0.85614887	-0.21518709	-0.32258474	0.00748307	0.01717152	-0.01083407
0.85511000	-0.21698974	-0.32391921	-0.00082123	0.03363003	0.00126370
0.85253623	-0.21557344	-0.32525775	-0.00116878	0.02003251	-0.00195800
0.85059154	-0.21800634	-0.33093127	0.00237204	-0.01378991	-0.00119709
0.84846908	-0.22052308	-0.33295019	-0.00260723	-0.00636309	-0.00323541
0.84905029	-0.21969532	-0.33147296	0.00028839	-0.00467746	0.00022281
0.84924734	-0.22546120	-0.31776398	-0.00586459	0.00265862	-0.00592112
0.85096842	-0.22140710	-0.32716020	0.00239085	-0.02331588	0.00170224
0.85183600	-0.21945289	-0.32812177	0.01140144	0.01179614	0.00408458
0.84819291	-0.21930722	-0.33079899	-0.00038616	-0.00532186	0.00255982
0.85078117	-0.21536467	-0.32874200	0.01313798	-0.01047055	-0.00483487
0.85177102	-0.22223070	-0.33452529	0.01044888	0.01265893	-0.00146820
0.85340423	-0.22530833	-0.32893229	0.01523354	0.00225017	-0.01120159
0.85446197	-0.22731170	-0.33238825	0.01326792	0.03125300	-0.01439971
0.85168188	-0.22368786	-0.32283447	0.01583209	0.04907471	-0.01120178
0.84868166	-0.21960776	-0.32635564	0.02425204	0.04010848	-0.01829078
0.84887595	-0.21399838	-0.31923283	0.01841001	0.01798819	-0.00758290
0.84891824	-0.21552011	-0.31090875	0.01346436	0.00324048	0.00098274
0.84826986	-0.20942115	-0.31136612	0.00396167	-0.01251238	-0.00372457
0.84842225	-0.21382892	-0.31127890	0.00125240	-0.01420641	-0.00890616
0.85279266	-0.21295789	-0.31811826	0.00172845	0.02075049	-0.01233642
0.85381463	-0.21369190	-0.31823270	0.00550647	0.01505478	-0.00866798
0.85557223	-0.21340521	-0.31442365	0.01104063	0.02151807	-0.01244770
0.85448528	-0.21528262	-0.31130530	0.01795158	0.02885876	-0.00949011
0.85208708	-0.21519114	-0.31376756	0.01311604	0.02667395	-0.00238143
0.85231232	-0.21330557	-0.30887679	0.01824503	0.02506769	-0.00491791
0.85691829	-0.21456690	-0.31077602	0.00205899	0.02401586	-0.00503750
0.85913500	-0.21018460	-0.31387236	-0.00335411	0.02563093	-0.00854011
0.85470690	-0.20828360	-0.30412347	0.00462109	0.01163070	-0.00537938
0.85082390	-0.20853629	-0.30027431	-0.01075940	0.01441400	0.01410017
0.85041547	-0.20487854	-0.30066700	-0.00814922	-0.01746605	0.01606793
0.84890486	-0.20671754	-0.30714022	-0.00989296	0.00458516	0.02258742
0.84980441	-0.20738911	-0.31422288	-0.02930719	-0.02389242	0.02601106
0.85591765	-0.20783888	-0.30722082	-0.01879165	-0.03040026	0.02837210
0.86035127	-0.21592483	-0.30638839	-0.01811192	-0.01993101	0.03505257
0.85918582	-0.21792167	-0.32206620	-0.02146990	-0.00674186	0.03053138
0.85573277	-0.21679256	-0.31822918	-0.02258742	-0.00619423	0.01188990
0.85473713	-0.22050699	-0.31757974	-0.02358345	0.01700638	0.01559403
0.85073426	-0.21730944	-0.31787558	-0.02196835	0.01912000	0.00855537
0.84777656	-0.21810308	-0.31275758	-0.00628493	0.00787779	-0.00449199
0.84543389	-0.21745397	-0.30391427	0.00286696	-0.00892728	-0.00015577
0.84744581	-0.22217597	-0.31366264	-0.01037176	-0.03224608	0.00921062
0.85014518	-0.22060576	-0.31628441	-0.00421155	-0.02739994	0.00333611
0.84933128	-0.22782007	-0.32458280	0.00541362	-0.02805831	0.00375998
0.84984055	-0.22028828	-0.31863032	0.01205745	-0.02181957	0.00280021
0.85160449	-0.21718690	-0.32139659	0.01207722	-0.00916129	0.00115894
0.84960137	-0.21616706	-0.32125931	-0.00285246	-0.00171127	0.00456889
0.85122857	-0.21505223	-0.32266421	0.00920395	-0.00176466	0.01093723
0.84956469	-0.21639236	-0.31864436	-0.00034417	-0.00506131	-0.00139708
0.85344843	-0.22024400	-0.31366191	-0.00461761	-0.00188293	0.00801925
0.85400373	-0.22157461	-0.31248917	-0.00479869	-0.00992003	0.00809531
0.85238076	-0.21926690	-0.32343716	-0.00591065	-0.00494357	-0.00487774
0.85091813	-0.21895090	-0.32608146	-0.00051492	0.00926332	-0.00512245
0.85424749	-0.21722993	-0.32418042	-0.00819515	-0.00396565	0.00092235
0.84933737	-0.21857920	-0.31709831	-0.00371415	-0.00652834	0.00439327
0.84636302	-0.21830819	-0.32268249	-0.00085396	0.00841134	-0.00558629
0.84764225	-0.22209929	-0.32312741	0.00015033	-0.00560450	-0.00451514
0.84494254	-0.21674308	-0.33611420	0.00786059	-0.00287337	0.00463374
0.84124188	-0.22233017	-0.32576785	0.01571062	-0.01158688	0.00626476
0.84585699	-0.22153393	-0.32575804	0.02386531	-0.00961445	-0.00363857
0.84966838	-0.22250161	-0.31860103	0.01808699	-0.01279736	-0.01112691
0.85210671	-0.22487166	-0.32269883	0.02237146	-0.01608969	-0.00523452
0.84966122	-0.22466760	-0.31642941	0.01719625	-0.01113501	-0.00059434
0.85045883	-0.21822259	-0.32578074	0.02444620	-0.01690989	0.00602927
0.85286465	-0.21051215	-0.32371209	0.02278238	-0.01480092	-0.00479946
0.85319637	-0.21179297	-0.31900314	0.00973742	-0.00641833	-0.00243642
0.85326778	-0.21890303	-0.31610205	0.00507951	-0.01065780	-0.00479528
0.85646599	-0.21485409	-0.32502714	0.01847412	0.00205920	-0.00737568
0.85574889	-0.21072498	-0.32755169	-0.00331079	0.00501599	0.00619186
0.85085249	-0.21063757	-0.31791244	-0.00633298	0.00896034	0.00234105
0.84877768	-0.21051131	-0.30918149	-0.00820330	-0.01452933	0.01240662
0.84343072	-0.21448575	-0.31412416	-0.01764454	-0.00498774	0.00666920
0.84530200	-0.21761491	-0.31768362	-0.01526521	-0.03238953	0.00011951
0.84968379	-0.21769542	-0.31686364	-0.00844051	-0.01263809	0.00814424
0.85023971	-0.21814917	-0.31898325	-0.00700651	-0.01719876	-0.00060588
0.84984074	-0.21343259	-0.31618019	-0.00947539	-0.02009877	0.00827930
0.84853611	-0.21207586	-0.33150676	0.00195490	-0.00775026	0.00041235
0.85038152	-0.22001003	-0.32307006	-0.00876556	-0.01444662	-0.00187677
0.84845192	-0.22131995	-0.31297290	-0.00586410	-0.00503346	0.00510809
0.84770386	-0.22534279	-0.31435922	-0.00864555	-0.00451646	0.01048870
0.85294798	-0.21771336	-0.31898891	-0.00492722	-0.01817947	0.00674503
0.85297727	-0.21704951	-0.32184584	0.00309901	0.00644434	0.00558151
0.85213258	-0.22273167	-0.31918849	-0.00598452	-0.00625380	-0.00017705
0.85352830	-0.22126995	-0.32730816	-0.00828732	-0.00678456	-0.00678534
0.84907669	-0.22138122	-0.32533866	-0.00556833	0.00837456	-0.00695083
0.84841859	-0.22201932	-0.32450394	0.00411038	0.00689063	0.00676827
0.84979809	-0.22203835	-0.32798439	-0.01140976	0.01562789	-0.00348963
0.84835580	-0.21822693	-0.32367503	-0.01240784	-0.02032206	-0.00270345
0.84637916	-0.21551863	-0.32556037	-0.02037080	0.00918812	-0.00213759
0.84973024	-0.21763108	-0.32698075	-0.00960028	-0.00837594	0.01619027
0.84793735	-0.21553044	-0.32299496	-0.01012284	-0.00809833	0.00641369
0.84632560	-0.22026728	-0.32285245	-0.00725622	-0.01048404	0.01563056
0.84639436	-0.22386130	-0.32504090	0.00235156	0.00754944	0.00557855
0.84386922	-0.22066758	-0.31982849	-0.01389244	-0.00070499	0.00947262
0.84207160	-0.22584035	-0.32710788	0.02089058	0.00684849	0.00394687
0.84745064	-0.22507985	-0.32090169	0.00530293	-0.01118034	0.00538621
0.84519986	-0.22302498	-0.32115232	0.00842429	-0.00865923	0.00127374
0.84493757	-0.21989339	-0.31661725	0.00645020	-0.02326739	0.01083053
0.84748378	-0.22037262	-0.31945257	0.01354636	-0.01061919	0.01498943
0.85027932	-0.21976661	-0.31752318	0.00988983	-0.01944324	0.00919846
0.85225108	-0.22049448	-0.32253391	0.00806111	0.00371572	0.00540508
0.85056903	-0.22165006	-0.32170827	0.00915695	0.00876654	0.01072193
0.85069224	-0.22096417	-0.32172504	0.01469306	0.00280058	0.01294757
0.84826476	-0.21580932	-0.32026565	0.01102631	0.00072883	0.00779120
0.84954551	-0.21718153	-0.32262654	0.00650624	-0.00601490	0.01566020
0.84706328	-0.21794146	-0.32074822	0.00194609	-0.02439032	-0.00075791
0.84827399	-0.21836910	-0.32531744	-0.00691544	0.00301715	0.00398636
0.84993614	-0.21799281	-0.32507764	-0.01115950	0.02066234	-0.00758442
0.85140974	-0.22269718	-0.32616197	0.00745327	0.01642512	-0.00242557
0.85317057	-0.22507585	-0.32278711	-0.00075331	-0.00154149	-0.00254095
