0.83230319	-0.16933806	-0.37144789	0.00818434	-0.02078316	-0.00214046
0.81696549	-0.17625881	-0.36965046	-0.00850043	-0.05273287	0.04667174
0.82579322	-0.18329595	-0.35211412	0.00273904	-0.05353623	0.07764669
0.83201474	-0.18863013	-0.35588300	-0.01509600	-0.10180873	0.08741901
0.84141672	-0.16357789	-0.35746330	0.00607014	-0.09830600	0.08261225
0.84432062	-0.16547524	-0.34697868	-0.00811496	-0.09876584	0.10957178
0.84840879	-0.15904256	-0.34342099	-0.03962001	-0.08668493	0.09582718
0.84593066	-0.18223355	-0.38069336	0.01376184	-0.06048838	0.05510539
0.85228282	-0.19780951	-0.37540034	0.00164633	-0.03425086	0.05674057
0.85063589	-0.19543060	-0.36983107	-0.05510451	-0.04636476	0.06735576
0.84900667	-0.20499242	-0.38275527	-0.00496785	-0.00925682	0.02031981
0.84482606	-0.19547484	-0.37918094	-0.00956607	0.03941487	-0.00994139
0.84862230	-0.21303290	-0.38885134	-0.02388381	0.05912138	-0.03763087
0.84520844	-0.20722477	-0.37223093	0.00127373	0.07873069	-0.03528051
0.83089105	-0.21488795	-0.37853894	-0.00840317	0.15173852	-0.06357235
0.82285024	-0.20068491	-0.38067872	0.09076218	0.05566755	-0.03679508
0.81114962	-0.19647135	-0.37846384	0.02487061	-0.02196439	-0.03832956
0.80356863	-0.20415886	-0.38161703	-0.00583524	-0.00068281	0.00458770
0.80957227	-0.19868526	-0.37151833	0.02212553	-0.01199868	-0.03088291
0.80342364	-0.21217489	-0.38290178	0.06142202	-0.01760662	0.02713915
0.80750444	-0.18226145	-0.37787909	0.01818414	-0.06549256	0.00848973
0.82044457	-0.18071919	-0.37168831	0.10856332	-0.11806098	0.01667621
0.82778937	-0.17893962	-0.34986339	0.07549349	-0.11367003	0.06625107
0.84475850	-0.17625047	-0.37717157	0.09458578	-0.10833516	0.07725897
0.85107385	-0.16904726	-0.38664547	0.03296458	-0.07654691	0.04484240
0.85370615	-0.18508496	-0.40046682	0.06505718	-0.05456452	0.07347308
0.85242322	-0.16988722	-0.39848775	0.07860649	-0.05607169	0.01592771
0.84131405	-0.17451476	-0.38969029	0.03825088	0.01425567	-0.03030579
0.84330046	-0.19928071	-0.40283679	0.03679403	-0.02343583	-0.01042625
0.84149250	-0.18145410	-0.38535775	0.00328926	0.03386613	-0.04922703
0.84359125	-0.19210980	-0.38378406	0.05109386	0.03145180	-0.01752233
0.82813759	-0.17513523	-0.37979183	0.01862753	0.03667250	-0.01565811
0.83313085	-0.16959970	-0.38391730	-0.03692272	0.04178412	0.01293380
0.83389273	-0.18795784	-0.38747402	-0.03837548	0.07076886	-0.01048604
0.82298198	-0.18182510	-0.38989749	-0.03911077	0.03210303	-0.02148782
0.82311073	-0.18151193	-0.37643397	-0.00649396	0.04079334	0.00630407
0.82317632	-0.19286020	-0.37136546	-0.04147259	-0.02932790	0.02386840
0.80967445	-0.18156835	-0.38003230	-0.10145609	-0.03048527	0.07896156
0.81051257	-0.17459992	-0.35522356	-0.06063736	-0.12375363	0.05907287
0.82075155	-0.19395113	-0.36717440	-0.10257677	-0.13853830	0.11617089
0.83537122	-0.19949874	-0.38713834	-0.09301074	-0.12900600	0.13890278
0.84678089	-0.20285816	-0.40821191	-0.10638767	-0.07739481	0.12873409
0.84728017	-0.19220155	-0.41010794	-0.03970370	-0.00597702	0.08446227
0.84923628	-0.21330840	-0.40985813	-0.09880345	0.03063045	0.04451205
0.84090627	-0.21962998	-0.42148258	-0.06547725	0.07332574	0.03040079
0.83640281	-0.21562887	-0.39582473	-0.12106752	0.04280733	0.00122871
0.82625567	-0.20064020	-0.39147312	-0.03635386	0.00839435	0.01194279
0.81828273	-0.21171300	-0.37964824	-0.07656724	-0.02138118	0.03831145
0.81595591	-0.20604094	-0.34925875	-0.02352182	-0.06204869	0.02561754
0.81379355	-0.21129506	-0.38508234	-0.05509988	-0.06237086	0.01059426
0.83233404	-0.19968747	-0.39519693	0.01133416	-0.01599836	0.01987078
0.82760738	-0.20706570	-0.37246282	-0.01455920	-0.02069409	0.03517876
0.83834240	-0.20068706	-0.37393674	-0.04653186	-0.01168210	0.01224732
0.83482115	-0.20429688	-0.36849742	-0.00968278	0.00187020	0.03318103
0.83698576	-0.20917021	-0.37264060	-0.01079628	-0.01755061	-0.00055130
0.82161956	-0.21166171	-0.37427735	-0.00233042	-0.01624758	0.01715923
0.82803224	-0.19960207	-0.37391822	-0.00912562	-0.00996288	0.01892929
0.81636660	-0.19567904	-0.37071659	-0.01716723	-0.05209250	0.05244499
0.81775420	-0.18801875	-0.38194367	-0.05833535	-0.02695533	0.05401958
0.82558861	-0.16820352	-0.39158036	-0.03786040	-0.00480965	0.05567504
0.83415969	-0.17080705	-0.40105751	-0.02288442	-0.01223806	0.07161566
0.83534301	-0.17333092	-0.39177723	-0.10903736	-0.00019896	0.09439959
0.83568209	-0.19419832	-0.39284217	-0.08902928	-0.04403562	0.07727645
0.83217732	-0.21292954	-0.38662264	-0.04146619	-0.02466601	0.02807505
0.82955322	-0.20977503	-0.38683150	-0.01368625	-0.05061996	0.08333772
0.83518554	-0.23205781	-0.38498940	0.06198131	-0.04476634	-0.00227019
0.82016835	-0.23265120	-0.37973813	0.09890320	-0.02155361	-0.02302580
0.82213941	-0.22925799	-0.37263184	0.08854870	-0.01558499	-0.06765973
0.82865652	-0.22236620	-0.37958619	0.13323207	0.01775903	-0.10367523
0.81912346	-0.22819976	-0.38703014	0.13478484	-0.02560031	-0.07398435
0.82234151	-0.19292391	-0.39294578	0.08000435	-0.00198868	-0.05513799
0.83395399	-0.19068656	-0.39344353	0.07061474	0.07266974	-0.05402288
0.82466136	-0.19013641	-0.38938917	0.05748321	0.06406762	-0.05305384
0.82610940	-0.18640013	-0.36025983	0.06208158	0.00443241	-0.04899154
0.82901407	-0.18234039	-0.33898798	0.04911199	-0.02857050	-0.07571771
0.82372129	-0.18349444	-0.35869260	0.00684826	-0.06628575	-0.02036313
0.82038494	-0.18025398	-0.37829354	0.06148532	-0.06684582	0.00491651
0.82172628	-0.15743464	-0.36303447	-0.00089441	-0.06757755	0.01619400
0.83076840	-0.14983568	-0.38534803	-0.07039494	-0.07471161	0.06876966
0.82565236	-0.13918821	-0.39278763	-0.03281716	-0.05633261	0.04179149
0.82543861	-0.16673190	-0.37613593	-0.09219364	-0.04242488	0.08275879
0.83662687	-0.16903313	-0.39751055	-0.15728885	-0.02544839	0.05792222
0.84943885	-0.16401496	-0.37391939	-0.06954451	0.01861758	0.03650500
0.84678132	-0.15592835	-0.39575571	-0.16924490	-0.01848834	0.05471542
0.84453859	-0.18474149	-0.39863840	-0.17654312	0.04164037	0.05105990
0.83515284	-0.17794284	-0.38243619	-0.16591033	-0.01812299	0.04818555
0.82918836	-0.19878485	-0.39408298	-0.15344431	-0.00899874	0.06133738
0.82914078	-0.19472909	-0.38540922	-0.16733590	0.01801172	0.08405260
0.81560223	-0.20715630	-0.38861934	-0.07912497	-0.02887541	0.05888295
0.80947248	-0.20891380	-0.40224928	-0.10743739	-0.06457154	0.05706876
0.80370969	-0.22270242	-0.38324657	-0.04618621	-0.04929441	0.02885034
0.80839252	-0.22127236	-0.39352240	0.02066466	-0.11204865	0.02129048
0.81104227	-0.21951456	-0.38715587	-0.01697535	-0.14982106	0.00945112
0.81629783	-0.20918545	-0.41393466	0.04100912	-0.07494068	0.01102073
0.81617196	-0.22166193	-0.42823264	0.05790915	-0.10481778	0.01281174
0.81823845	-0.22835989	-0.42905582	0.03541916	-0.05496926	-0.03155480
0.82993260	-0.21104848	-0.42380800	0.09417621	-0.02570834	-0.02530572
0.82085341	-0.22648507	-0.43694167	0.02463838	-0.02853234	-0.04643330
0.83126284	-0.21968136	-0.40844938	0.09362646	-0.05763613	-0.03701014
0.83044529	-0.21311874	-0.41881071	0.10051946	-0.01498687	-0.01997816
0.82629911	-0.19323954	-0.41645447	0.17293596	-0.04014294	-0.06614303
0.83323142	-0.20568595	-0.41522468	0.05903564	0.00557600	-0.04233748
0.82672617	-0.20789180	-0.40287282	0.08638447	0.01975155	-0.04018445
0.82054293	-0.17027074	-0.39350772	0.11484685	0.02043374	-0.01660290
0.82632440	-0.17593454	-0.38901452	0.10694622	0.07056510	-0.04049575
0.82933171	-0.15520144	-0.37254055	0.03672294	0.06247912	-0.04120097
0.82090656	-0.15463063	-0.39499945	0.06615748	-0.01376712	-0.05100079
0.81909562	-0.15276178	-0.37955289	-0.00067646	-0.04207203	-0.02554611
0.81873619	-0.16331132	-0.39494980	-0.05657336	0.02114144	0.01617441
0.82068369	-0.17324121	-0.39380037	-0.00733391	0.00605861	0.05517022
0.82504378	-0.16397743	-0.38628102	-0.03657822	0.02088586	0.03737359
0.82539538	-0.16825038	-0.39351650	-0.12644407	0.01765193	0.05544857
0.82539617	-0.16805993	-0.41199017	-0.10674849	0.02493113	0.04012779
0.82781728	-0.16760416	-0.39887186	-0.12275537	0.02437872	0.03045242
0.81996497	-0.17705137	-0.40390255	-0.07835789	0.03759317	0.05620203
0.81302277	-0.19687788	-0.39009720	-0.12984832	0.04611747	0.07495051
0.81811797	-0.19322492	-0.39234484	-0.09182615	-0.00320886	0.06832056
0.81945975	-0.19186213	-0.40562790	-0.12675398	-0.00753498	0.05873553
0.81142853	-0.17971169	-0.39756192	-0.10464304	0.01092482	0.03919847
0.82377004	-0.20291170	-0.38268186	-0.04602667	-0.01734420	0.03169837
0.81575132	-0.21816539	-0.39114151	-0.06645038	0.01811321	0.00291559
0.81034642	-0.20530561	-0.39947899	-0.04726340	-0.02727278	-0.00265172
0.81937831	-0.21251449	-0.37900043	0.01588367	0.00087813	0.04103574
0.82126132	-0.22801484	-0.40164598	-0.00776209	-0.01998527	0.01463217
0.82202677	-0.20066857	-0.40126683	-0.02090539	0.00593660	0.04149489
0.82237690	-0.20944169	-0.38965902	0.02508984	-0.02392410	-0.00955106
0.82311654	-0.21978187	-0.39043377	0.01989382	-0.02158411	0.00133280
0.82079763	-0.20435808	-0.40170136	-0.00438649	-0.00480428	-0.03859512
