0.91585139	0.06437351	0.08780969	0.00308045	-0.00180055	0.03164230
0.91266223	0.06814191	0.08094243	-0.00650157	-0.01147467	0.03991806
0.90867734	0.06958805	0.08232860	-0.00588683	-0.01725381	0.02895443
0.91202020	0.07118303	0.07851705	-0.00742664	-0.01695794	0.02410180
0.91318564	0.07496543	0.07663395	-0.01282179	-0.01731901	0.02264155
0.91327923	0.08004420	0.08037197	-0.00717245	-0.02145304	0.02941333
0.90835272	0.07886065	0.09364767	0.00318443	-0.01063959	0.03648274
0.91173049	0.07401469	0.10062243	0.00038335	-0.02257512	0.02631696
0.91408274	0.08104447	0.08589201	-0.00220247	-0.01986831	0.02513831
0.91522617	0.08064288	0.08350722	0.00100066	-0.02422252	0.03419186
0.91274956	0.07920643	0.08611093	-0.00113327	-0.02434497	0.02750698
0.91254680	0.07300961	0.08443492	0.00024494	-0.01116028	0.02481911
0.91003253	0.07793749	0.07950709	-0.00937479	-0.02060797	0.02646795
0.90904962	0.08001257	0.08470522	-0.00225569	-0.02771430	0.02615036
0.91250603	0.07667688	0.09492155	-0.00555181	-0.02154271	0.02009002
0.91002196	0.07731190	0.08366778	-0.00812215	-0.02761772	0.03607797
0.91323394	0.07639330	0.08528584	-0.01020183	-0.03006103	0.03171479
0.91610513	0.07697712	0.08328261	-0.00764081	-0.03032090	0.01815444
0.91732395	0.07627740	0.08353650	-0.01058937	-0.03314604	0.02220889
0.91788928	0.07873674	0.08450576	-0.00883076	-0.02691854	0.02729254
0.91362878	0.07022033	0.08914104	-0.00106949	-0.01502703	0.02072784
0.91305311	0.07318707	0.08749464	-0.00519926	-0.01042184	0.01682252
0.91234837	0.07942557	0.08797189	-0.00182060	-0.02813764	0.01987416
0.91294903	0.07081862	0.08023689	-0.00325993	-0.01931398	0.02037410
0.91160738	0.06824373	0.08498505	-0.00091887	-0.03518539	0.02434977
0.91490116	0.07211356	0.08637691	-0.00439329	-0.01263025	0.02383378
0.91248154	0.07289177	0.08665649	-0.00891847	-0.01895283	0.02579535
0.91251490	0.07066454	0.09468308	-0.00975700	-0.01276739	0.02522408
0.91696114	0.07144809	0.08777937	-0.00564745	-0.01046827	0.02766878
0.91584010	0.07597608	0.08855063	-0.00062921	-0.02828430	0.00949431
0.91335450	0.07713950	0.08450150	-0.00651937	-0.02188650	0.01159244
0.91579236	0.07542197	0.08831804	0.00052658	-0.01390814	0.01981843
0.91402042	0.08074427	0.08492711	0.00387155	-0.01459762	0.03056879
0.91339214	0.07940311	0.08471630	0.00998459	-0.01422072	0.02209153
0.91357897	0.07759273	0.08443079	0.00277573	-0.02152204	0.00782143
0.91035187	0.07625342	0.08245000	-0.00200393	-0.00768754	0.01656728
0.91188889	0.07500479	0.09054234	-0.00853146	-0.01636438	0.01436905
0.91150142	0.07562575	0.08482253	-0.01180976	-0.01140012	0.01323235
0.91524046	0.07690238	0.08919068	-0.00693067	-0.02053167	-0.00595984
0.91436998	0.07247967	0.09528553	-0.00873089	-0.01294277	0.01238001
0.91497142	0.07756445	0.09749823	-0.01230728	-0.02140630	0.00257926
0.91194367	0.07363232	0.09065445	-0.01004903	-0.03681263	0.00536913
0.91490489	0.07391339	0.08130999	-0.00798181	-0.02988194	0.01909857
0.91714138	0.07200611	0.07665238	-0.01317559	-0.02667061	0.01220672
0.91667242	0.07514285	0.08465249	-0.00548023	-0.00614624	0.02032342
0.91908412	0.07062571	0.07413292	0.00843040	-0.01656850	-0.00511997
0.91773818	0.06643180	0.07596608	0.01047359	0.00439620	-0.00227709
0.91583601	0.05655587	0.08316345	0.00920619	0.01629151	-0.00621872
0.91356677	0.06426342	0.08972433	0.00776655	0.01193471	-0.00684450
0.90477861	0.07540256	0.09654826	0.00431836	-0.00351768	-0.00575947
0.90105285	0.08173537	0.09506624	0.00668591	-0.00402812	-0.01278587
0.90475966	0.07811903	0.08985455	0.01111590	-0.02208959	0.00230088
0.90880134	0.08348626	0.08547356	-0.00236395	-0.03385354	0.00822894
0.91595516	0.08697991	0.08920271	0.00807149	-0.03812424	0.00152255
0.91936913	0.08463850	0.09057025	-0.00033934	-0.04095531	-0.00105594
0.92187942	0.07463248	0.07792228	-0.00045107	-0.05092619	-0.00122236
0.91938627	0.07783636	0.07127477	-0.01396932	-0.03218587	0.00053012
0.91965993	0.07261395	0.06693154	-0.01939127	-0.02674001	-0.00858663
0.91945957	0.07767579	0.07639735	-0.01711567	-0.01110779	-0.00821955
0.91393665	0.07927309	0.09071291	-0.00974595	-0.01742292	-0.00457737
0.91390785	0.08853621	0.10094259	-0.01477045	-0.02325058	-0.00457629
0.91023945	0.08934696	0.09789312	-0.00807287	-0.01575112	-0.01600945
0.91358770	0.08040991	0.08522170	-0.00977371	-0.03297547	-0.01197899
0.91703602	0.07791712	0.08411426	-0.00325657	-0.00623566	-0.00520444
0.91173973	0.08006303	0.08105189	0.00239136	-0.00434967	-0.00428443
0.91354975	0.08963991	0.08746334	0.00822605	-0.00865045	-0.01074626
0.90749240	0.09357065	0.09710035	0.00890590	-0.02153171	0.00486756
0.90268920	0.09289313	0.09397028	0.01336933	-0.02509282	0.01260660
0.91335675	0.08682571	0.08183305	0.01595638	-0.00798095	0.00840629
0.91686551	0.09027331	0.07471386	0.01216501	0.00411679	0.02079291
0.91576403	0.09130029	0.07126173	0.01021195	0.00796074	0.01935188
0.91670347	0.08845251	0.07276156	0.00756433	0.00394870	0.01164445
0.91444209	0.08663149	0.07339884	0.00093050	0.01117280	0.01693415
0.91338961	0.08689189	0.07891978	0.00281027	0.02417145	0.03069747
0.91028994	0.08518526	0.08824149	0.00122191	0.01833982	0.02919445
0.91449320	0.08887735	0.09069638	-0.00433887	0.01281488	0.04403954
0.91086081	0.08801477	0.09433152	0.00012762	0.00226549	0.03619859
0.90888389	0.08212009	0.08826358	0.00805846	-0.01701809	0.02945183
0.91297879	0.08720792	0.07948569	0.00529418	-0.00987994	0.01812094
0.91702734	0.08288442	0.08478207	-0.00097059	-0.00511320	0.01324292
0.91946049	0.07963044	0.08252046	0.00290662	-0.00729270	0.01290456
0.91619481	0.07759713	0.08695036	0.00064574	0.00407541	0.01933650
0.90967090	0.07623955	0.08570206	0.00076538	-0.01555911	0.01508019
0.91227270	0.07356511	0.09711131	0.00314869	-0.00288661	0.01804850
0.91278041	0.07454155	0.09510702	0.01114145	-0.00699268	0.00462069
0.91201038	0.07494667	0.09002420	0.00686816	-0.00471604	0.02242969
0.91900897	0.07349693	0.09149918	0.01233341	-0.00112600	0.01467736
0.91642697	0.06576676	0.07853182	0.01320533	-0.00126049	0.02158026
0.91427275	0.06819486	0.08192347	0.02338959	0.00996844	0.00758525
0.91214132	0.07114520	0.09032116	0.01465758	0.00935308	0.00478088
0.91385840	0.07582319	0.09286589	0.01537789	-0.00560138	-0.00190188
0.91077883	0.08196880	0.09203048	0.01795139	-0.00548238	0.00028677
0.91396860	0.08048282	0.08016769	0.01423235	-0.00697200	-0.00036414
0.91340387	0.07678818	0.07443808	0.01068848	-0.00475229	0.00153629
0.91532420	0.07630521	0.07980427	0.01054155	-0.00658769	0.00583397
0.91363566	0.07724627	0.07583226	0.00859055	-0.00157760	0.00268177
0.91119972	0.07793227	0.07825885	0.00672555	0.00525207	-0.00049183
0.91437334	0.07338300	0.07660678	0.01060470	-0.00754089	-0.00524447
0.91505180	0.07297006	0.07708848	0.01446656	-0.00773167	-0.00173622
0.91084738	0.07943307	0.08678199	0.00953443	-0.00572394	-0.00370402
0.91210845	0.08116068	0.08217157	0.00747469	-0.01150248	-0.00274918
0.91264152	0.07850150	0.08236850	0.00577929	-0.00780259	-0.00151171
0.91091938	0.07960740	0.07928003	-0.00207666	-0.00813571	-0.01123274
0.91068773	0.08599468	0.08260075	-0.00056017	0.00500885	0.00046568
0.91716416	0.07871727	0.08315272	0.00679483	0.01555456	-0.00680731
0.91257856	0.07704617	0.08653539	-0.00201338	0.00172393	-0.00595505
0.91184721	0.07967148	0.08042615	-0.00486142	-0.00107668	-0.00881430
0.91571002	0.07906412	0.08181400	-0.00919814	-0.00432207	-0.00305543
0.91599157	0.07600325	0.08051659	-0.00879573	0.00375319	0.00638832
0.91530369	0.07829504	0.08485644	-0.00411071	0.00954562	0.00020564
0.91745299	0.08065505	0.08359951	-0.01286022	0.00304832	0.00305754
0.91436925	0.08261713	0.07872969	-0.00719454	0.00943737	0.00291773
0.91266819	0.07717743	0.08125187	-0.00371084	0.00939357	-0.00419909
0.91799694	0.07836370	0.08593116	0.00010656	0.01523809	-0.00429748
0.91887844	0.08120234	0.08180443	0.00705905	0.01151870	-0.00047901
0.91547529	0.07996521	0.07829974	0.00565183	0.01223329	-0.00588249
0.91416304	0.07765834	0.08952071	0.00115262	0.00713643	-0.00883270
0.90899900	0.07932662	0.08620837	0.01370021	0.00320067	0.00717544
0.91337788	0.08128157	0.08584934	0.00400836	0.01103696	0.01538530
0.91420172	0.07861829	0.08912181	-0.00144303	0.00463806	0.00498446
0.91415520	0.08040508	0.08118794	-0.00820828	0.01181754	-0.00454948
0.91403802	0.07814440	0.07805748	-0.01127037	0.01188806	-0.00074213
0.91587953	0.07569772	0.07914821	-0.00243246	0.01044209	0.00768810
0.91778731	0.07608668	0.07821080	-0.00624501	0.02045758	0.00124881
0.91723231	0.07393203	0.08059747	-0.01065739	0.02033825	0.00569223
0.91653927	0.07560371	0.07908513	-0.01254587	0.02560653	-0.00313027
0.91663759	0.08437732	0.09192553	-0.00900519	0.01600226	-0.00843238
0.91585159	0.07289431	0.08221685	-0.00850555	0.02052393	-0.00197507
