0.83967966	-0.11029775	-0.38184229	0.01368650	0.00480427	0.00975213
0.83372578	-0.11320514	-0.37974747	0.01614035	0.02226290	0.01604288
0.83345030	-0.10937174	-0.37631398	0.02459731	0.00550950	0.01759350
0.83903260	-0.09286111	-0.37596598	0.03454896	0.00297946	0.01985790
0.83677991	-0.09165036	-0.37150984	0.01169386	-0.01472153	0.00949682
0.84339088	-0.08491054	-0.37044364	0.01297606	-0.03464931	0.01586150
0.84500392	-0.08834947	-0.37292401	-0.00205800	-0.02010915	0.02365201
0.85185059	-0.09087545	-0.36489794	0.00023778	-0.03385057	0.02682992
0.84995811	-0.09716041	-0.37598436	0.00449815	-0.03118004	0.01812123
0.85771828	-0.11381013	-0.39151301	0.00361490	-0.04480439	0.01096101
0.85345687	-0.10879124	-0.37538865	0.00745889	-0.02044500	0.01252139
0.85297943	-0.11837946	-0.36932562	-0.00029605	-0.02525328	0.00929253
0.84627320	-0.11324584	-0.37767860	0.00712498	-0.02399617	0.01207748
0.84874146	-0.11734047	-0.37903552	0.00164326	-0.01274212	0.00702755
0.83959146	-0.13195160	-0.37751327	0.00364739	-0.02072331	0.00937246
0.83472495	-0.12440859	-0.37925507	0.01554720	-0.01821969	0.01439801
0.83730017	-0.12042672	-0.37220558	0.00438574	-0.00929522	0.00803399
0.83610845	-0.13416966	-0.38116498	0.01560988	-0.01902568	0.00625789
0.83081376	-0.12827647	-0.37863853	0.02698217	0.02068597	0.00620876
0.84186469	-0.11979093	-0.38128819	0.02123143	0.01907352	0.00950378
0.83918102	-0.11573678	-0.38138546	0.01741413	0.00625423	0.00002174
0.83933608	-0.11463931	-0.37481280	0.02089283	0.00844068	0.00436157
0.84016655	-0.12438821	-0.37018283	0.00878939	-0.00056270	-0.00272018
0.84442179	-0.11062959	-0.36750375	0.00698128	0.00086016	0.00151342
0.84446701	-0.11785195	-0.37087913	0.00699298	0.02059184	-0.00218636
0.84400929	-0.10347817	-0.37153915	0.00804317	0.02188963	0.00283567
0.84570386	-0.10307084	-0.37802734	0.01571727	0.04037581	-0.00132849
0.84412515	-0.10260280	-0.37498173	0.01114065	0.00806653	0.01242576
0.84646375	-0.09570607	-0.37990947	0.01787233	0.03661144	0.00885416
0.83919347	-0.10133333	-0.37613953	0.01083056	0.02477292	0.00464959
0.83574759	-0.10310501	-0.36545396	0.01285510	0.02106804	-0.00256871
0.84503344	-0.10402498	-0.36788464	0.01383722	0.02407915	-0.00177074
0.84708901	-0.08929095	-0.36770419	0.00914697	0.01285016	0.00200905
0.84570324	-0.11276695	-0.37189379	0.01172656	0.01518825	0.00197507
0.84514358	-0.10565417	-0.36763874	0.00739023	0.01073894	0.00969082
0.85044659	-0.10753994	-0.36732564	-0.00518100	0.02045920	-0.00013544
0.85295472	-0.11041532	-0.37397431	0.00185741	0.01421873	0.01024579
0.85615202	-0.11103735	-0.37079577	0.00527896	0.02560889	0.01329462
0.85205748	-0.12048856	-0.37151778	0.00559235	0.02749374	0.00122066
0.85004662	-0.11793772	-0.36578440	0.00859423	0.02796535	0.00328159
0.84649273	-0.11439857	-0.35800697	0.00558435	-0.00410921	0.00921778
0.84516226	-0.11288649	-0.35123862	-0.00046050	-0.00025519	0.01336940
0.84999484	-0.11153653	-0.34576936	0.00019922	-0.01273087	0.00960386
0.85894881	-0.10618478	-0.36031232	-0.00666952	-0.03111671	0.00240183
0.84497587	-0.09914740	-0.36073177	-0.00957530	-0.02178384	0.01143069
0.84527165	-0.09905268	-0.36511902	-0.00248309	-0.01626040	0.01131508
0.84515687	-0.10327501	-0.37185084	0.01035292	0.00408541	-0.00083907
0.84285557	-0.11329065	-0.36908758	0.01919617	-0.02835906	-0.00424831
0.83969662	-0.12829876	-0.36962073	0.02017164	-0.00852661	-0.01278626
0.84470314	-0.12204116	-0.36938408	0.01127366	-0.03967305	-0.00656386
0.84918555	-0.11834217	-0.38091971	0.01096515	-0.04724470	-0.00752311
0.85664940	-0.11746453	-0.37548082	0.00408912	-0.03981375	-0.00869025
0.86190715	-0.11808110	-0.37531177	0.00878903	-0.02896382	-0.00239395
0.85988520	-0.10533841	-0.37303380	0.01767697	-0.01075279	-0.00009413
0.85471168	-0.10472924	-0.36757421	0.01000975	0.00771693	-0.00111653
0.85016531	-0.09860549	-0.36533713	0.00368634	-0.00751560	0.01873713
0.84515135	-0.09115168	-0.35029303	0.00357783	-0.01856652	0.01820473
0.84109814	-0.08361362	-0.34425963	0.01020081	-0.04064681	0.00579065
0.84601430	-0.09511110	-0.34649193	0.01615678	-0.02472074	0.00946553
0.84617162	-0.08839550	-0.36397399	0.01736751	-0.04061402	0.00325448
0.85329973	-0.08669207	-0.36579932	0.01426365	-0.04644111	0.00366736
0.85109974	-0.09531936	-0.37820112	0.00741813	-0.04925732	0.00280584
0.85344326	-0.08380550	-0.37573414	0.01859847	-0.06385496	0.00977660
0.85598631	-0.09067504	-0.38308969	0.00555466	-0.03803338	-0.00213745
0.86142818	-0.08704689	-0.38670651	0.01925967	-0.03332966	0.00429773
0.85923658	-0.11074144	-0.38075663	0.01058469	-0.03050603	0.01380862
0.85684880	-0.10748267	-0.37419448	0.01185420	-0.00716362	0.01581196
0.84872314	-0.12313406	-0.37869529	0.01648843	-0.01017286	0.00926530
0.84378820	-0.11049699	-0.38010237	0.00496606	-0.00462070	0.01942146
0.84506618	-0.11667948	-0.37089699	0.01474033	-0.00040493	0.02165095
0.84027275	-0.11914364	-0.38051127	0.01608246	0.01966693	0.01458212
0.83463017	-0.10656211	-0.36888031	0.01878182	0.03738239	0.02253135
0.83335927	-0.09790588	-0.37720894	0.02427051	0.03354523	0.01240128
0.83605094	-0.10625136	-0.37372821	0.01516219	0.00542211	-0.00074104
0.83839887	-0.10523104	-0.37330905	-0.00244329	0.01094580	0.00443982
0.83996020	-0.10166426	-0.37143501	0.00357921	0.01336830	-0.00577262
0.84739680	-0.10719440	-0.35233114	-0.00448378	0.00527497	-0.01028535
0.85832138	-0.09937097	-0.35726431	0.00340900	0.00892119	-0.00024174
0.86854182	-0.10682096	-0.36160947	-0.00154400	0.01230992	-0.00053974
0.86208731	-0.10151418	-0.34767301	0.00867688	0.00301615	-0.00472071
0.85383649	-0.10946074	-0.36099128	0.00934114	0.02139068	0.00085705
0.85386129	-0.10996931	-0.36483312	0.02662752	0.00493055	0.00059137
0.84242392	-0.10973829	-0.36734513	0.04122637	0.00904229	0.01156700
0.84761530	-0.10184921	-0.36774644	0.03166514	0.01462379	-0.00364516
0.84339470	-0.10252437	-0.36123235	0.02880307	0.01565061	-0.00305585
0.84651293	-0.09689395	-0.35478340	0.02016623	0.01991863	0.00071903
0.84945347	-0.08789818	-0.36459209	0.01105922	-0.02447816	0.00058072
0.84772470	-0.08306622	-0.35528295	0.01322583	-0.01705271	0.00823287
0.84198232	-0.08981823	-0.35093560	0.01174308	-0.03212815	0.01797789
0.84937968	-0.09148096	-0.34846913	0.01002500	-0.04495372	0.02222503
0.84720558	-0.08973353	-0.34832822	0.00230301	-0.03561891	0.03136441
0.85229596	-0.08987867	-0.35661323	-0.00496369	-0.05012810	0.02782994
0.85708038	-0.10730056	-0.35736339	-0.01270349	-0.07416760	0.03998898
0.87223162	-0.10121371	-0.36130213	-0.00463860	-0.07569332	0.02998334
0.86533391	-0.10858078	-0.35592078	0.00232020	-0.05639398	0.02873405
0.85360545	-0.11597050	-0.36175079	0.02785211	-0.01666145	0.01993855
0.83830602	-0.12232396	-0.36541411	0.02830669	-0.01343581	0.03052252
0.83338780	-0.11551484	-0.36759096	0.03436078	-0.03938565	0.01199805
0.83000757	-0.11496415	-0.36343328	0.02877932	-0.04233726	0.00392093
0.82821103	-0.10980885	-0.36082628	0.02284941	-0.03075359	0.00390572
0.84044009	-0.11128616	-0.36658572	0.03327508	-0.06583897	0.00610789
0.84472651	-0.10451906	-0.36447443	0.01173902	-0.04742097	0.00643393
0.84040428	-0.10016962	-0.36531311	0.01161788	-0.03563218	0.00942701
0.85289037	-0.09777031	-0.36653062	0.01488672	-0.02965013	0.01111933
0.85674329	-0.10772696	-0.36538682	0.00894080	-0.03010165	0.00971345
0.84332442	-0.09439710	-0.36948618	0.00489723	-0.02420894	0.02070544
0.85355916	-0.09848576	-0.36088822	0.00147548	-0.05875311	0.00778636
0.85672728	-0.09518456	-0.35917892	-0.00748494	-0.03539688	0.00436657
0.85158614	-0.09940913	-0.36749429	0.00266812	-0.03070216	0.00762867
0.84259505	-0.10174643	-0.37641259	0.00935175	-0.02910824	0.00102509
0.83816166	-0.11434859	-0.38114194	0.02090003	-0.02832349	0.01074767
0.83046419	-0.13307103	-0.37769632	0.02740105	-0.00907594	0.00328111
0.83545979	-0.13332714	-0.37187770	0.02110296	0.00120045	0.00018929
0.84958093	-0.12542206	-0.37104222	0.01566944	-0.01060759	-0.00072053
0.85109603	-0.13528846	-0.37383935	0.01551940	0.01259498	-0.00199862
0.85119321	-0.11192088	-0.36355289	0.00279638	0.00716980	-0.00784619
0.84490815	-0.12075502	-0.37291561	0.00890084	0.00605184	-0.00236020
0.84225509	-0.11767694	-0.36830851	0.00348296	0.00581937	-0.00572401
0.83814174	-0.11329646	-0.35254084	0.00671721	0.00544811	-0.00184359
0.84364852	-0.11478951	-0.35914071	0.00749432	0.01280620	-0.00756932
0.84378263	-0.11918310	-0.36007284	-0.00563603	0.01469385	0.00081413
0.84324620	-0.08725314	-0.35958982	-0.00519128	-0.01091847	-0.01322243
0.84534635	-0.09043788	-0.36565966	-0.00504814	-0.02284996	-0.00617714
0.84567270	-0.10270460	-0.36219681	-0.01734385	-0.02060997	-0.01484355
0.84644174	-0.09068571	-0.36564586	-0.01574769	-0.00112965	-0.01364128
0.85793922	-0.09073165	-0.36805565	-0.00473032	0.00235865	-0.00791499
0.85923332	-0.08686193	-0.36929254	-0.00130530	-0.00059702	-0.00130516
0.85169674	-0.09304091	-0.35965810	-0.00783326	0.01011566	0.00897948
