0.98727962	-0.63327659	-0.51026817	0.85003407	-0.34510117	0.00395875
0.71511946	-0.33317965	-0.61317249	0.54341596	-0.21252376	-0.17755159
0.72506419	-0.11060895	-0.61296125	0.31693223	-0.07473178	-0.09377946
0.55336232	-0.12579403	-0.36605011	0.04049126	-0.03535336	0.13349920
0.57531988	-0.21037209	-0.48821135	-0.33723488	-0.99963161	-0.51430340
0.59196078	-0.07258895	-0.30153033	-0.38417911	-0.79291047	-0.55763111
0.55387886	-0.14657147	-0.26875912	-0.32473131	-1.17339172	-0.96027789
0.64837093	-0.35314362	-0.36375110	-0.13856917	-1.54234966	-1.25955414
0.75026376	-0.27783700	-0.43744605	-0.19194061	-1.08872850	-1.06611124
0.76030812	-0.23899265	-0.34102724	0.07297548	-0.43425559	-0.84361866
0.65715804	-0.31392487	-0.64625938	0.06902834	-0.43124574	-1.03328607
0.74852754	-0.22694519	-0.53223421	0.42217473	0.04894327	-1.11803177
0.60242204	-0.24203524	-0.37951701	0.65565290	-0.08648429	-0.34559444
0.63792464	-0.21395265	-0.44042060	0.65904516	-0.19443327	-0.08487042
0.64241437	-0.20470228	-0.48097348	0.70265360	-0.82578161	-0.36515838
0.67524772	0.02213733	-0.41221851	0.54070265	-0.67632946	-0.05067267
0.68426720	-0.04179222	-0.55807303	0.61938234	-0.31333314	-0.29588511
0.81230300	0.14060332	-0.31159074	0.73037387	-0.19897294	-0.26545068
0.64529496	0.15007514	-0.53496420	0.48972248	0.65562794	-0.00568587
0.69886592	0.15021355	-0.38123858	0.09973819	-0.27901985	0.13815610
0.71239031	0.12542752	-0.29103773	-0.01203285	-0.35460202	0.09553443
0.79729067	0.07789708	-0.37853912	-0.16717159	-0.16043890	0.25068846
0.92059763	-0.07039939	-0.29241494	-0.07128928	-0.95077285	0.36440368
1.08980034	-0.01753529	-0.45136363	0.13647884	-0.50134851	-0.00050057
1.09788413	-0.00466540	-0.67280726	-0.58852139	-0.36498297	0.24896949
1.14898249	-0.12531528	-0.37775097	-0.03585107	-0.67966176	-0.06320999
1.18770361	-0.21273854	-0.85653989	-0.07900829	-0.75557148	0.01313808
1.15225791	-0.21549582	-0.67665110	0.12539763	0.03668211	-0.41084063
1.09399090	-0.22261149	-0.84868575	0.03840741	1.23225590	0.37353950
0.81017089	-0.27304324	-0.89651739	-0.01721425	1.20432323	-0.46607136
0.73593708	-0.46728235	-0.76596691	-0.56714336	1.63147111	0.06906916
0.49180469	-0.61465104	-0.52114903	-0.44109555	1.25245427	-0.14374899
0.76360508	-0.41825634	-0.32568799	-0.47491836	1.02477478	-0.09737808
0.67894835	-0.43406370	-0.48423678	-0.59458229	1.36663450	0.24970929
0.73123400	-0.18067259	-0.54013647	-0.57495341	1.59064835	0.35741155
0.92972868	-0.15023752	-0.61634433	-0.08991414	1.16598688	0.43050863
0.90841085	-0.08131332	-0.44593967	-0.19242251	1.56177888	0.63500086
0.61081142	-0.21719963	-0.27425335	-0.24917345	0.61205691	0.59015065
0.52100539	-0.19227085	-0.25844694	-0.56091709	0.73038175	0.90030583
0.69036808	-0.26397488	-0.20892731	-0.64022681	0.78536007	0.34995774
0.55639393	-0.24059010	-0.15444141	-0.36661471	0.88884012	0.88408456
0.60378247	-0.27911174	-0.06422705	-0.15186152	0.53240016	0.37697933
0.67712909	-0.23868443	-0.16790139	-0.36027532	0.61878274	0.88071923
0.64212394	-0.34511304	-0.16231122	-0.38219699	0.45054060	0.90949394
0.62063786	-0.27675763	-0.16945241	-0.09571703	0.50542413	0.80128543
0.50770065	-0.34737626	-0.00591737	0.04318559	-0.00983328	0.46835555
0.58740795	-0.27426184	0.06491078	-0.17293245	-0.38660387	0.01630460
0.74019870	-0.51212727	0.06473911	-0.23796351	-0.51526183	-0.12123907
0.73759196	-0.36175934	-0.10024532	-0.17442944	-0.54604021	0.16627094
0.96863842	-0.43585520	-0.27301765	-0.04693132	-0.62967952	-0.26661296
1.09821879	-0.42442985	-0.25457706	0.13713978	-0.25830516	0.15650187
0.90030017	-0.37158244	-0.25500586	0.21084771	-0.38613302	0.18090091
1.07993582	-0.39358515	-0.23159210	0.11280504	-0.56908501	-0.01472899
1.19628589	-0.23499382	-0.25093027	0.08507821	0.22729415	0.09585534
1.19182166	-0.35087261	-0.27674230	-0.00000195	0.75994097	0.17257878
1.04431724	-0.50451905	-0.56101879	0.01060917	0.97829045	-0.04508346
0.91328032	-0.58750759	-0.43514301	0.20584151	0.10589246	-0.06461631
0.81922281	-0.58942434	-0.54452837	0.38122215	0.19998365	0.39237136
0.77756942	-0.53693677	-0.64464062	0.54047820	-0.31333048	0.50956517
0.84689179	-0.23711856	-0.46504261	0.01742183	-0.61942815	0.46897723
0.67019177	-0.09916130	-0.49851256	-0.05401379	-0.44162918	0.33482802
0.60928165	-0.12856342	-0.57308259	-0.14970580	0.23281173	-0.08258708
0.64886196	-0.15134788	-0.32921325	-0.25478887	0.31394468	-0.50644099
0.69621381	-0.31417650	-0.31392917	-0.59128668	-1.15228790	-0.68964909
0.58452570	-0.33385605	-0.30489286	-0.26411589	-1.33069529	-1.16036024
0.69247352	-0.22594810	-0.46363418	-0.14181258	-1.45992243	-1.42845177
0.77838437	-0.21822418	-0.46231541	-0.01094018	-1.40749358	-1.06336343
0.73781558	-0.16511078	-0.42428216	0.16626992	-0.07414789	-0.63796517
0.54625889	-0.16109633	-0.42948346	0.38597299	-0.26924539	-0.80941745
0.70466533	-0.06436968	-0.23022304	0.31576266	0.52882789	-0.49303670
0.62254028	-0.09636983	-0.47122009	0.28416202	-0.17851423	0.01674141
0.56635310	-0.02341698	-0.16093657	0.52037354	-0.50951173	0.12850226
0.65334074	0.14443937	-0.36096060	0.45682283	-0.97367643	0.43138194
0.67788712	-0.01119380	-0.33002371	0.38395936	-0.89643512	0.18534242
0.70361550	-0.02034919	-0.37733648	0.54359232	-0.01489256	0.27998216
0.66544256	0.08570136	-0.50867131	0.42863835	-0.67211755	-0.02873363
0.80524342	0.04919481	-0.38679374	0.17782915	-0.51040450	0.15018012
0.71005976	0.14862531	-0.37835572	0.24642729	0.18610644	0.17665501
0.75823234	-0.25632745	-0.42330818	0.19413746	0.09818681	0.55600711
0.94083335	-0.09018139	-0.48839550	0.16581370	-0.34355636	0.25740433
0.90902656	-0.27545247	-0.30658038	0.38896980	-0.44207562	0.43853173
0.93984403	-0.01125946	-0.50997565	0.42000878	-0.32407937	0.00648773
1.05396151	-0.00393777	-0.33828076	0.12940191	-0.85976657	0.03440695
1.21950199	-0.16283912	-0.71542042	-0.08058350	-1.20806552	-0.14691465
1.03617200	-0.11032495	-0.85874986	0.02872256	-0.44687729	0.31295928
1.08256266	-0.19129560	-0.87717800	0.06345480	-0.32058123	-0.40551784
1.06674391	-0.35954273	-0.80539691	0.03947784	1.03514458	0.29879793
0.82295566	-0.21931306	-0.83508331	-0.42926976	1.80561560	0.14784008
0.69400719	-0.23377137	-0.63572330	-0.24719992	1.09516103	0.12524814
0.67392556	-0.45540065	-0.27109691	-0.43821418	1.62494985	-0.02579270
0.65416860	-0.37224581	-0.53149143	-0.49984916	0.78301933	0.58781660
0.90030549	-0.21655303	-0.56993853	-0.30300764	1.17866919	0.30205586
0.71230460	-0.29239846	-0.30428010	-0.41068848	1.79115977	0.34387429
0.96037088	-0.28713675	-0.29688894	0.14659375	1.66519909	0.51009097
0.85871216	-0.16355893	-0.48194143	-0.11942728	1.38040949	0.35725790
0.88517081	-0.26369926	-0.47683363	-0.27712751	1.29495353	0.58150608
0.66896914	-0.19171881	-0.48279121	-0.60266505	1.07531428	0.15923090
0.52155881	-0.33645243	-0.26411505	-0.98591751	0.79632356	0.38071959
0.49163351	-0.18506081	-0.02222886	-0.57706731	0.81073304	0.67201141
0.48628019	-0.24696172	-0.26935098	-0.31074371	-0.06101876	0.96494790
0.54422021	-0.22958617	-0.04969615	-0.37842001	0.49236262	0.59244283
0.64018782	-0.40749228	-0.20431942	-0.33737542	0.29343228	0.86420027
0.71270907	-0.29415217	-0.25946751	-0.15478049	0.29340135	0.68375217
0.63101817	-0.19959014	-0.14281426	-0.00754279	0.98949695	0.24316474
0.58923314	-0.34691829	-0.03049531	0.27472820	-0.07626835	-0.10563957
0.58315666	-0.24340651	-0.02349678	-0.29656163	-0.35055105	-0.31086098
0.73649843	-0.19838966	-0.01648181	-0.27542629	-0.70382848	-0.24832134
0.75929914	-0.18923730	-0.08263944	-0.06841210	-0.26905449	-0.50270071
0.82659482	-0.18751687	-0.14934424	-0.40905951	-0.07961497	0.26806685
1.08871434	-0.36345816	-0.13988257	-0.09969236	-0.79036220	-0.37443393
1.18607914	-0.21475346	-0.31348584	0.03812383	-0.89789449	-0.33069095
1.30444187	-0.21037646	-0.04192593	0.14440506	-0.07286048	-0.05793975
0.97503789	-0.34846664	-0.33720154	-0.07792292	0.41054347	0.12501393
1.27431320	-0.40448271	-0.31739973	-0.00538634	0.73911978	0.35593502
1.08874683	-0.57866959	-0.50856322	0.07549621	0.39216949	0.47605564
0.96653216	-0.60981680	-0.59793741	0.19085571	-0.21760060	0.68777153
0.85362476	-0.70095051	-0.34687980	0.51059284	-0.54916673	0.63282730
0.79046220	-0.49460105	-0.62031451	0.40721587	-0.55515183	0.37537304
0.78917628	-0.17995186	-0.48333807	0.19174287	-0.38946838	0.19069273
0.76765569	-0.22545645	-0.51858531	0.15303192	-0.19241060	0.03005032
0.80823119	-0.18716957	-0.43295786	0.05972594	-0.04679561	-0.63365534
0.75787247	-0.15237135	-0.37542680	-0.21991766	-1.17200120	-0.24804514
0.80411918	-0.20997704	-0.34053851	-0.22829204	-1.31945475	-0.87449835
0.69972156	-0.32892049	-0.32246367	-0.28108215	-0.70515571	-1.05475199
0.74357001	-0.22344750	-0.38691317	-0.35274941	-0.75932165	-1.23263882
0.74550779	-0.33959839	-0.42730270	-0.17058294	-0.93868961	-0.95039281
0.62102012	-0.30898088	-0.45700060	-0.21274895	-0.79714114	-1.10255647
0.71178524	-0.39196839	-0.36051771	0.08434398	-0.47882073	-0.97579883
