0.97865330	-0.23542078	-0.60214206	-0.06330195	-0.31752851	0.23620421
1.16960102	-0.30899221	-0.66804999	-0.24267030	-0.42961942	0.07225733
1.12669121	-0.26623812	-0.63402152	-0.01822277	-0.35057717	-0.14073131
1.00356238	-0.28029200	-0.72019358	-0.09210675	-0.02239617	-0.28972940
1.01538346	-0.24417693	-0.89896699	0.25582964	0.25262104	-0.21534620
0.99252915	-0.30458317	-0.81811986	0.22024217	0.81214086	-0.27402393
0.71328157	-0.13920572	-0.85018282	-0.12549715	0.59584712	-0.39199530
0.71673148	-0.36120410	-0.80807954	-0.51726599	0.86174312	0.07652372
0.57340922	-0.41838910	-0.60195981	-0.69801215	0.89199323	0.21863472
0.74126679	-0.38102978	-0.57945114	-0.37740934	1.88625805	0.28436115
0.79215736	-0.33841060	-0.49398382	-0.36296371	1.08122047	0.43695216
0.85892118	-0.39104729	-0.54270836	-0.08569234	1.51786828	0.59940489
0.96021657	-0.26992519	-0.73585034	0.14661035	1.82091883	0.21616447
0.72525311	-0.10051848	-0.52400869	-0.00370333	1.24271290	0.17322443
0.66350364	-0.02713888	-0.54657606	-0.54780704	0.67712113	0.22883046
0.51727277	-0.26324460	-0.47951014	-0.45580256	0.14558832	0.51625072
0.58970960	-0.23240693	-0.20045564	-0.21518867	0.65244381	0.67262594
0.41805395	-0.20616507	-0.44338479	-0.41517386	0.74416719	0.77983906
0.42084365	-0.30659288	-0.14463985	-0.49278302	0.03629201	0.77479107
0.44557428	-0.16806213	-0.03479576	-0.30661668	0.48970434	1.02117993
0.59453677	-0.28727851	-0.28399058	-0.10367304	0.67360523	0.66551993
0.61763075	-0.26683528	-0.14312484	-0.19662596	-0.65666165	0.84506987
0.79266572	-0.41241045	-0.13270553	-0.25235918	0.18277648	0.43900186
0.73107816	-0.23835672	-0.17042303	-0.34224497	-0.17043749	0.25099428
0.81677640	-0.26407130	-0.05351971	-0.03475963	-0.26722240	0.50183824
0.73572945	-0.25027111	0.01753638	-0.00630621	0.02159965	-0.34494013
0.69025171	-0.43518484	-0.22333930	-0.20795904	-0.06969645	-0.75110277
0.97887986	-0.38257499	-0.31893380	-0.24803908	-1.13000013	-0.04550056
0.94249313	-0.41162879	-0.32732588	-0.00128099	0.11292659	-0.27355444
1.04350660	-0.17282951	-0.34846104	0.28625136	-0.39824650	-0.33549988
1.08128712	-0.44442147	-0.36610487	0.28746456	-0.21742723	0.06788732
1.02627930	-0.34300800	-0.35526949	0.00472860	-0.31837604	-0.03254181
1.39479501	-0.57336040	-0.28001753	0.05533552	0.22433482	0.53258390
1.33073788	-0.31376709	-0.37084118	0.06952432	-0.03212868	0.30863664
1.01490657	-0.47720843	-0.61142132	0.33779695	0.00956547	-0.20249345
0.92098816	-0.52201957	-0.36243740	0.50216765	-0.08512850	0.07558625
0.97475614	-0.42387067	-0.49721939	0.61950006	-0.70776331	0.10180582
0.85767471	-0.33480987	-0.54337642	0.41550587	-0.74238353	-0.21808412
0.71869147	-0.09098196	-0.65711761	0.49838564	-0.68265775	0.23584528
0.54589303	-0.25666492	-0.60082449	0.30932977	-0.68302118	0.04236661
0.64624295	-0.00976941	-0.44736211	0.11530267	-0.75654807	-0.18328564
0.57520334	0.02915604	-0.35904171	-0.18971835	-0.99430806	-0.56512346
0.61533440	-0.17473673	-0.10051132	-0.17099884	-0.58309976	-0.71689253
0.71533573	-0.38565373	-0.24327983	-0.27404909	-1.36932326	-0.76965413
0.72795280	-0.36760797	-0.29682260	-0.04448320	-1.11310196	-0.87227531
0.79751065	-0.39941603	-0.43992741	0.55025265	-0.59472111	-1.09330714
0.64762322	-0.30673924	-0.59950573	0.53909633	-0.49780113	-0.75726265
0.68786330	-0.24264310	-0.34886591	0.52568762	-0.03473351	-0.80299752
0.68993867	-0.09017424	-0.47754624	0.73786462	-0.13376464	-0.14447833
0.72487658	-0.20396600	-0.40397608	0.86711596	0.01187405	-0.34235392
0.83559153	0.03095233	-0.38804519	0.62728810	-0.19693183	-0.28966642
0.64676493	-0.03393193	-0.46284349	0.78793954	0.04013182	-0.23127820
0.66034530	-0.02083547	-0.30730902	0.66261745	-0.42676464	-0.60421807
0.78301774	-0.01905025	-0.46251360	0.50448124	0.57240941	-0.45006772
0.74861058	0.01226023	-0.65352422	0.30151035	-0.02208550	-0.60028942
0.82630254	0.02674466	-0.38652451	0.21512144	-0.19705558	0.06892969
0.72298949	0.13675067	-0.41175256	0.33889267	-0.39124947	0.23271582
0.78561601	0.02520447	-0.36939823	0.02417796	-0.75417110	0.10381520
0.83190972	0.00427463	-0.61280085	-0.03815574	-0.88882568	0.24761707
0.96996389	-0.13811175	-0.49472631	0.20444130	-0.32190936	0.19917207
0.91494622	-0.12219654	-0.62075816	0.49424288	0.34027806	0.19088188
1.02942379	-0.16187891	-0.65611444	0.40851912	-0.19572481	0.04978279
1.07588456	-0.05187269	-0.57758752	-0.01415033	-0.08428548	-0.01030095
1.19850098	-0.19553016	-0.68134871	-0.06655924	-0.41592839	-0.12844399
1.09987933	-0.17628028	-0.87179153	0.18212161	-0.35416110	-0.39959113
0.98692882	-0.28727454	-0.72286926	0.02867373	0.41606567	-0.05895246
0.77824670	-0.23704517	-0.88543449	-0.00717118	0.85633612	-0.36867047
0.75574829	-0.39844443	-0.86849941	-0.06243166	1.59041466	0.08334170
0.66041556	-0.44998478	-0.29400508	-0.30701065	0.92262149	0.01103265
0.53087855	-0.46194779	-0.22519103	-0.12486104	1.34725885	0.07842763
0.65684066	-0.47598029	-0.44438001	0.16488176	0.88912034	0.04004913
0.76221099	-0.38058027	-0.45066019	0.05113472	1.17036515	0.18878448
0.88877661	-0.19697380	-0.56861566	0.31579864	1.37135289	0.62757649
0.87259371	-0.21854212	-0.40218089	0.17155017	1.69888733	0.42770786
0.75752261	-0.04784866	-0.36903904	-0.11206663	1.01503883	0.37725883
0.62913657	-0.17493524	-0.51046787	-0.29523439	0.22989548	0.18478896
0.55808696	-0.10090124	-0.29125812	-0.67110850	0.53787119	0.33630001
0.57122289	-0.27104544	-0.16914629	-0.42550698	0.24503149	0.20071644
0.51715299	-0.20872168	-0.11384142	-0.29822481	0.94587226	0.47645443
0.56249344	-0.24495105	-0.34553436	-0.24965820	0.96105737	0.61059482
0.60388770	-0.34996087	-0.19914007	-0.28822028	0.35276906	1.01040086
0.65656444	-0.22627643	-0.20237755	-0.18966080	-0.10494243	0.73657645
0.53551110	-0.30836195	-0.06793631	-0.08656535	0.30782883	0.72199217
0.63138205	-0.32898070	-0.25475566	-0.40796762	0.22066202	0.41205468
0.68559369	-0.36470530	-0.05572830	-0.26868298	0.22999678	-0.37368694
0.60458689	-0.30999970	0.11579329	-0.09619123	-0.55616295	-0.40793336
0.66179255	-0.37845391	0.07753013	-0.28630422	-0.56329538	-0.43916938
0.87028838	-0.31262789	-0.11273895	-0.07545115	-0.66737346	0.03080340
0.92285928	-0.35407622	-0.40498243	-0.14443342	-0.86140320	-0.06596757
1.13065938	-0.24016422	-0.31580175	-0.22263905	-0.04813446	0.28268794
1.07505658	-0.25689839	-0.32958288	-0.01615394	-0.38718537	-0.04888241
1.30138621	-0.28707181	-0.19546166	-0.00078116	-0.33722200	0.57016814
1.26661227	-0.37349058	-0.33765517	-0.08818299	0.66803997	0.29361648
1.22812995	-0.40833754	-0.32043132	0.02304571	1.13883691	0.00199981
0.92147758	-0.54623185	-0.48295630	0.05123192	-0.39021536	-0.18684292
0.85595349	-0.63157074	-0.44661798	0.53545323	-0.58286911	0.21909755
0.78944344	-0.54617950	-0.52721995	0.37394948	-0.06167371	0.06882246
0.78896596	-0.34194753	-0.52088292	0.42263831	0.35132629	-0.20485495
0.60830659	-0.28720348	-0.50723787	0.04292618	-0.38913387	-0.05993696
0.51530218	-0.12520571	-0.62795620	0.11775359	-0.35966690	0.02989819
0.47213273	-0.10955508	-0.36964546	-0.19919368	-0.43686186	-0.47925307
0.70897598	-0.15845113	-0.25436198	-0.15828778	-0.62377918	-0.46737451
0.69138229	-0.27845665	-0.21398089	-0.37620098	-1.14868395	-0.81467147
0.80904690	-0.43655436	-0.39582053	-0.18808271	-1.90436996	-1.27609515
0.75957453	-0.20234051	-0.28327382	-0.17624278	-2.15645083	-0.85410454
0.77911755	-0.20644842	-0.28149924	0.08983459	-0.91732982	-1.32300566
0.60228267	-0.24536538	-0.63914988	0.37027169	-0.12201385	-0.88088344
0.78593557	-0.11525741	-0.32640315	0.21394665	-0.25437334	-0.52243373
0.55353495	-0.06180399	-0.51059778	0.30111261	0.67927463	-0.68992704
0.57633856	-0.03025843	-0.44802477	0.31614108	0.32373781	-0.24865868
0.75439581	0.08724250	-0.39592108	0.30498916	-0.09330840	-0.32385834
0.76428739	-0.05529147	-0.35553719	0.46502797	-1.14490586	0.17649487
0.70291141	0.07091037	-0.46631153	0.11678640	0.15532987	-0.10434465
0.76753217	0.06348184	-0.46085660	0.51524493	-0.61167574	0.24372976
0.72078345	-0.01277449	-0.47176770	0.24675612	-0.44582116	0.10302917
0.81044997	-0.10336819	-0.49218217	0.20282696	-0.62360150	0.13710722
0.71057290	-0.01285219	-0.51944669	0.00653806	0.14443538	0.24295999
0.85317408	-0.11691760	-0.49679422	0.18567838	-1.14572878	0.58059377
0.98684677	-0.08415577	-0.48327993	0.03285219	-0.23943222	0.40691506
0.98000288	-0.07206622	-0.36700336	0.22612891	-0.68994196	0.16904716
1.12593168	-0.27594576	-0.69201053	-0.03950727	-0.22086527	0.05685738
1.04797316	-0.34209450	-0.72537632	0.04516533	-0.54113759	-0.00097376
1.04503624	-0.29252077	-0.69340579	-0.12518839	-0.06959308	-0.41880288
1.17345740	-0.27793434	-0.67393263	-0.12026192	-0.78369545	-0.30528891
1.02892062	-0.09178063	-0.80086013	-0.13126901	0.09517769	-0.46837515
1.01674989	-0.19852271	-0.87006184	0.00698724	0.72273136	-0.50095542
0.93212073	-0.29408895	-0.80658537	-0.12915111	1.18842992	-0.07671678
0.61450246	-0.42498381	-0.61099096	-0.35247657	1.53027489	-0.43663485
