0.60571268	-0.00867912	-0.56052837	0.29340445	-0.25017843	-1.00469120
1.06462246	-0.35512933	-0.27431446	-0.28587317	-0.07833859	-0.52611549
1.19709881	-0.42196123	-0.72872745	0.11895517	-0.73754674	-0.13967525
0.99496036	-0.44921615	-0.66092505	0.06329073	-0.89124465	0.26451033
1.38422368	-0.80793442	-0.52822431	0.70828813	-0.22899519	0.12471875
1.39770619	-0.93663241	-0.62543666	0.72493304	0.46680569	-0.15547653
1.07797778	-0.64302768	-0.38773927	0.50890366	0.41857204	-0.84931356
1.05974814	-0.81151892	-0.55955364	0.38739386	-0.09432916	-1.10810423
0.83635830	-0.41831453	-0.42460200	0.34875393	0.74012738	-0.98975924
0.80543306	0.26424841	-0.46396845	0.55930789	0.47767283	-1.06645816
0.57342622	0.11928724	-0.07629900	0.21797050	0.51835485	-0.68894360
0.42687891	-0.14055639	-0.14826601	0.05055173	-0.04559216	-1.23785109
0.54635855	0.05176262	-0.10840053	0.53757765	-0.54134584	-0.56134096
0.52433416	-0.07969722	0.07102330	0.94477988	-0.06831448	-0.72390428
0.37282130	-0.11373735	-0.08197150	0.66444045	-0.37975926	-0.95668108
0.37840394	-0.13789806	0.07530595	0.59291155	-0.24025009	-0.48379891
0.50704339	-0.02553297	-0.07806349	0.41006013	-0.40630443	-0.35406294
0.39656630	-0.23360668	-0.13400788	-0.24471807	-0.75756361	0.23093411
0.60038763	-0.11591623	0.02936664	-0.41478851	-0.31487483	-0.61822915
0.73676291	-0.10458060	-0.26964076	0.29518557	-1.09829144	-0.21172526
1.02809922	-0.13924927	-0.31757663	-0.38672080	-1.38319164	-0.03510033
0.89312396	-0.03120351	-0.42152027	-0.78363901	-1.18037332	-0.92958580
0.97690830	-0.42023786	-0.37425609	-0.22274560	-0.48260085	-0.59902138
1.15790803	-0.56682940	-0.81344795	-0.05468801	-0.18964914	0.29992200
1.16714972	-0.46390077	-0.65449849	-0.46337129	-0.41986107	0.41852491
0.85411100	-0.42740143	-0.65914685	0.18440933	-0.66486310	0.62946424
0.78214565	-0.14560348	-0.58454370	0.36471769	-1.30617646	0.45764316
1.36654153	-0.34860070	-0.63390509	0.45547642	-0.47407420	0.45545719
1.56955226	-0.34734398	-0.73786011	1.12875437	0.52523100	-0.04745030
1.46760509	-0.48915045	-1.11418420	0.48876736	1.05742935	-0.98452057
1.03424958	-0.08770466	-0.82849783	0.21477545	1.88373911	-0.75504705
0.91548406	-0.03620097	-0.41648423	0.43576277	0.55122731	-0.06791667
0.54622089	-0.04826969	-0.17548272	0.56723796	-0.36103324	-0.45994191
0.55436822	-0.20352369	-0.31286553	-0.00467827	-0.28533729	-0.49910889
0.54290758	-0.02983532	-0.13237260	0.58291147	-0.09638865	-0.10476267
0.55582844	0.01060948	-0.16440650	0.00183241	-0.08429081	0.54748086
0.70680573	0.16812739	-0.32521928	0.56338160	-0.89619611	0.47087594
0.06581433	-0.21560407	-0.14023295	0.77071344	-0.15750171	0.03496258
0.29218277	-0.10094720	-0.27318062	0.84364439	-0.96141472	0.44089619
0.32700097	-0.13033948	-0.21528292	0.80453127	0.01106966	0.55428271
0.66588766	0.05635227	-0.13480834	0.64515802	-0.27331822	0.24373542
0.60486375	-0.08489631	-0.16717281	0.71367662	-0.09697100	0.33577203
0.81462713	-0.10858282	-0.26652757	1.26744763	-0.02111218	0.61495554
0.81295417	-0.25013152	-0.49804689	0.95714731	0.30227611	0.14674147
0.80287114	-0.08431890	-0.21613049	1.21638642	0.49587030	-0.09800767
0.94523545	-0.22260167	-0.51687046	0.99454841	0.68935528	-0.56859417
0.83239007	-0.24205871	-0.29464384	0.17825367	0.76894956	-0.53282390
0.73411286	-0.01962834	-0.48999558	0.29675058	0.56657163	-0.53232304
0.90353968	0.18806381	-0.49751304	0.40248873	0.59015483	-0.28217787
0.77007382	-0.19546836	-0.62197586	0.48213625	0.15246489	-0.00582851
0.76491778	-0.35866842	-0.33088597	0.37551946	-0.24809662	0.71013091
0.86106681	-0.71435281	-0.53298423	0.41485093	-0.66586759	0.26933043
1.14526576	-0.56677491	-0.64938824	0.23692248	-0.25986312	0.05427589
1.64509725	-0.78755987	-0.44177103	0.60319819	0.21891260	-0.13345607
1.73787636	-0.89959505	-0.14025779	0.27155883	-0.20342001	-0.67984021
1.30094523	-0.63834533	-0.34953625	0.13852519	0.82357930	-1.46333067
1.08924001	-0.43130326	-0.28153374	0.62604621	1.09467396	-0.74720681
1.21014135	-0.36814101	-0.59448280	0.59256734	0.51314995	-1.11459086
0.52309075	-0.15811870	-0.39878781	0.74583766	0.57644820	-1.06185477
0.64998496	-0.12107315	0.05002234	0.27916348	-0.09758827	-0.23475797
0.54654506	-0.17181111	0.00656867	0.47807866	-0.62723159	-0.28468455
0.69881938	-0.31071406	-0.14962086	-0.00686033	-0.25496896	-0.04858871
0.57865861	-0.30135313	-0.03961025	0.43920839	-0.35927677	0.07691867
0.48714339	-0.20079575	-0.22554350	0.45978611	-0.34285535	0.24961758
0.69973514	-0.14831304	-0.03444656	0.02183320	-0.11075980	-0.38642990
0.67194211	-0.27035195	-0.29321989	-0.03775454	-0.10363235	-0.53569612
0.73718736	-0.17378228	0.05808068	-0.05923346	-0.56580449	-0.91096265
0.75019755	-0.19531823	-0.10472678	-0.35528525	-0.77785701	-1.14912959
0.70114976	-0.15651949	-0.17522055	-0.02047595	-1.00391816	-1.08735399
0.83864227	-0.10791921	-0.36418418	-0.44012174	-1.03488942	-0.70940507
0.74740539	-0.29002755	-0.32987167	-0.26894933	-0.73561033	-0.98423348
1.07215222	-0.23627302	-0.53013944	-0.63017961	0.51625930	-0.63474925
1.01937610	-0.05612532	-0.32304610	0.43553600	0.05946724	-0.62443925
0.96249241	-0.12293160	-0.35727518	0.22907149	0.14442443	-0.72000984
1.01763249	-0.27850494	-0.19179208	0.00826457	-0.35689416	0.11899457
0.79581172	-0.62065859	-0.30882451	0.06960518	-0.39299720	0.16854155
0.66512379	-0.23925543	-0.52348302	0.19057650	-0.12569613	0.78273908
0.86174493	-0.26548982	-0.66820621	0.40802084	-0.56159843	1.05872337
0.97590989	0.04888324	-1.07457557	0.25462936	-0.23804671	1.14966759
1.28116064	0.01522150	-0.97757663	-0.09327050	-0.84965231	1.43710130
1.49581399	-0.17654014	-0.86778304	-0.47796163	-2.65781582	0.93617503
1.38854992	-0.09552499	-1.13412847	-0.42304103	-1.45447604	1.02269858
1.05067055	-0.28871885	-1.01263954	-0.02037412	0.03792640	-0.29108248
1.25310113	-0.62008875	-0.66460690	-0.14401808	1.58152570	-0.50463420
1.07408907	-0.56445815	-0.57330336	-0.06875348	1.73759913	-0.49271255
0.51544201	-0.29878645	-0.23311555	-0.14211101	1.05428608	-0.33632175
0.73638655	-0.00080846	-0.35558344	-0.14504397	1.56125569	-0.55092617
0.25794236	-0.24158956	-0.35785611	-0.05648990	0.64732299	-0.21322823
0.49452446	0.13999202	-0.26424660	-0.29091743	0.04091386	-0.13172706
0.40374255	-0.17075835	0.08716200	-0.26850188	-1.15232325	0.49330433
0.27744793	0.18013797	-0.26709037	-0.09282719	-1.40703607	1.14252903
0.58272019	0.12280866	-0.26700696	-0.14450371	-0.20388870	1.13079949
0.52124488	0.20148900	-0.26811931	0.50634624	0.09434809	1.15604797
0.85024700	-0.05642679	-0.14628841	0.55807061	-0.54349492	1.06995569
1.08792190	-0.03200405	-0.22423061	0.37313000	0.70650848	1.46315293
0.97485317	-0.12904956	-0.34969525	0.25502982	0.84907309	1.24604560
0.96127664	-0.05467233	-0.46353604	0.00415516	0.99864229	1.01898290
0.82358976	-0.17693785	-0.36956996	0.23944366	1.53374996	0.72144024
0.82760000	-0.26129986	-0.40180358	-0.08991430	1.83820183	1.29042919
0.82849412	-0.01437785	-0.13287256	-0.23231552	2.07847647	0.86695614
0.90827744	0.13468652	-0.09631106	-0.29829738	1.12308801	0.20277294
0.95796060	-0.20392807	-0.21687818	-0.75901877	0.34664377	0.50563636
0.81468386	-0.09920932	-0.16012099	-0.99772401	0.08647457	0.59929696
0.66154383	-0.04430212	-0.75957239	-1.24105809	-0.61704063	0.74190229
0.55782267	-0.27939359	-0.80442753	-1.22847373	-0.69877018	0.89497676
0.68438197	-0.74900548	-1.10188255	-1.09061593	-0.79075539	1.41792089
1.02240112	-0.93939914	-1.17143701	-1.54954863	0.26689202	1.45506038
1.26559114	-1.16140768	-0.81295509	-1.00480588	1.22354975	0.86385590
1.42513302	-1.04134206	-0.12594653	-0.30273966	0.62887015	-0.25502803
1.33001810	-0.70465907	-0.29115675	-0.00591073	1.96122562	-1.59609108
0.79868865	-0.36338947	-0.33539468	0.08677042	1.26092603	-1.27802443
0.69150456	-0.09671163	-0.37807371	-0.60397820	1.51681149	-1.85489663
0.94930996	-0.03817921	-0.35721719	-0.90455223	1.20600201	-1.02690186
0.72312837	-0.08537113	-0.21934852	-1.23714853	0.87205920	-0.44603384
0.77796291	0.15388085	0.03004762	-0.94680661	0.71396640	0.49179602
0.77261314	-0.18787039	-0.23986285	-1.11979511	0.21801497	0.15426517
0.50174177	0.22288348	-0.43616083	-1.30783190	-0.35679000	0.28894861
0.86996039	-0.03015269	-0.40797877	-1.04717427	0.34238300	0.54409737
0.52189191	-0.19844903	-0.47826995	-0.89943266	-0.14729255	1.28020464
0.70707608	-0.15218340	-0.28436323	-1.40076289	-0.01652652	0.71135768
0.61170427	-0.37602149	-0.25009733	-1.04204490	0.12726994	0.63090160
0.55243501	-0.32023026	-0.27723297	-0.91119455	0.21405452	0.31451549
0.67770603	-0.16705436	0.11563964	-1.09140753	0.37167228	0.49489906
0.85098318	-0.38262397	-0.09778195	-1.16877314	0.44669553	0.11469633
0.74238933	-0.48121814	-0.30039630	-0.84514473	0.32286184	0.34238286
0.62503725	-0.19704905	-0.09156015	-0.61550695	-0.13082022	-0.03147859
0.53165318	-0.21078222	-0.21576385	-0.52286505	0.84004772	-0.06944512
0.40312494	-0.18639766	-0.24308485	-0.53165265	-0.09645489	0.10812368
