1.50495898	-0.29802524	-0.87625192	-0.33333126	-0.75179177	-0.11556992
1.27591383	-0.50984556	-0.91203557	0.28185118	0.07788759	-0.03325019
1.39856489	-0.07257519	-0.51549464	-0.41254897	1.42007140	-0.92562561
0.83034719	-0.39949270	-0.42568494	-0.12234966	2.23885486	-0.91791211
0.23940075	-0.39439787	-0.36301916	0.28846388	1.33720943	-1.11397900
0.55974305	-0.12322652	-0.06959175	0.29988797	0.53687507	-1.26533693
0.50864012	-0.08534878	0.19220075	0.00705707	0.81397749	-0.60710461
0.16224638	0.03961295	-0.09648206	0.32231255	0.05840192	0.00416978
0.31948388	0.31332485	0.02782715	0.44156209	-0.58476124	-0.19701889
0.17522431	0.01649483	-0.24083527	0.35171218	-1.41321808	0.88171869
0.21086691	0.01905385	-0.04570837	0.43617882	-0.95852600	1.28899064
0.44359905	-0.05251742	-0.26123392	0.82048851	-0.90924959	0.98288714
0.68873327	-0.13870848	-0.57895929	0.62739688	-0.29125066	1.38405290
0.85634287	-0.37061948	-0.35596079	1.25202812	-0.36357318	0.23275817
0.80241701	-0.46715119	-0.57775715	0.89276940	0.15319139	-0.05330840
0.92578850	-0.47064054	-0.30501582	0.36785022	-0.02496497	-0.05002915
1.05245008	-0.31323834	-0.50887361	0.93941005	0.70386240	0.07187027
0.70510601	-0.43704089	-0.75257746	0.79554858	2.08786962	0.01684919
0.75142649	-0.31935140	-0.31556260	-0.18073650	1.38483921	-1.00474028
0.51501067	-0.15699176	-0.59963669	0.46981155	0.86514259	-0.37643985
0.43470455	-0.06091062	-0.41145383	0.32396537	0.95673399	-0.13261918
0.71775989	-0.17986085	-0.51849706	0.21914484	-0.31458761	0.15559407
0.78403463	-0.20346769	-0.67017028	0.18434807	-0.44856922	0.00005586
1.55379671	-0.59232825	-0.43454930	0.59263042	-0.55673653	-0.48009428
1.71605779	-0.96375333	-0.20505988	0.39019883	-0.45196066	0.06210212
1.39237652	-0.67894613	-0.24230880	1.19685819	-0.26918900	0.10993046
1.55284015	-0.54857540	-0.54729905	0.70519633	-0.13575122	-1.43655718
0.96492061	-0.46902510	-0.51455422	0.35801518	-0.05939579	-1.50934079
0.68122873	-0.12171430	-0.16579520	0.38473655	1.07748669	-1.50222796
0.78116654	-0.05563347	-0.16989234	0.58468025	0.86169808	-1.00705153
0.49199213	0.04597773	-0.05744690	-0.04608158	0.56849170	-0.31592437
0.61384836	-0.07851618	0.11789973	0.11549358	0.27471973	-0.13099116
0.41520553	-0.03209526	0.16291163	0.57870315	-0.25425162	-0.00876255
0.46339014	-0.15411926	0.02472308	0.69660616	0.07237116	-0.09506548
0.47822759	-0.04141434	-0.03674949	-0.36076414	-0.14860925	-0.74025058
0.49195340	0.01798547	-0.06491824	-0.33941787	-0.18765612	-0.15662204
0.56597015	-0.06006424	-0.07422788	-0.16249225	0.70840594	-0.18676508
0.39114362	0.14439153	-0.26450158	-0.60644498	-0.83012332	-0.05267102
0.63440518	0.05009095	-0.21902602	-1.06741169	-1.78463886	-0.16639891
0.53507119	-0.04473240	-0.39531964	-0.55726676	-2.80250703	-0.40161829
0.69789868	-0.02652848	-0.26698753	-1.23882128	-1.17156420	0.08905064
0.93077518	-0.05640271	-0.46181685	-1.37418737	-0.53617285	0.01358698
1.14436188	-0.40330771	-0.44815255	-0.08258513	-0.23295791	-0.45788303
0.83829614	-0.51753817	-0.21026494	-0.33423657	-0.36205442	0.87551964
0.69484574	-0.66398857	-0.48066323	0.05655035	-1.99643347	0.52624149
0.87551539	-0.60702252	-0.79047529	0.29057938	-0.55892666	1.16808379
1.24748287	-0.44819764	-0.60815447	0.34923778	-1.26518385	1.44742387
1.80028055	-0.24767815	-0.94066079	0.10532172	-0.98016784	1.11839301
1.70503069	-0.12661288	-1.69513387	0.08004939	0.08705432	0.41705919
1.67040556	-0.01166780	-1.01196296	0.13723656	2.04369332	-0.18975077
1.08712407	-0.21459830	-0.46684881	-0.27197204	1.47942819	-0.73992953
0.86997791	-0.24761067	-0.08083240	-0.38258494	1.57296917	-0.47178844
0.61467575	-0.09925375	-0.07417977	-0.15718342	0.89075464	-0.09570227
0.61883231	-0.07342571	-0.28161101	-0.07466416	0.89304353	0.55139440
0.42223152	0.19181817	-0.28576801	-0.83681070	-0.62082229	0.26761161
0.59406978	0.12936384	0.06734055	-0.58731747	-0.59676130	0.35450075
0.63042916	0.02485167	-0.18828079	-0.62430073	-0.10415455	0.16815021
0.46004901	0.05791716	-0.19205641	-0.25128151	-0.53564275	0.19670807
0.44723381	0.08969593	-0.58814497	-0.23522018	-0.74032654	0.80687856
0.57468322	-0.19688895	-0.22078604	-0.66858613	-0.23509431	0.97282291
0.60154331	-0.14195146	-0.35638062	-0.26588858	-0.16078965	0.74824106
0.56324413	-0.18581354	-0.26808002	-0.27327650	-0.10285730	0.76566091
0.72327927	-0.03015576	-0.35687850	-0.25246189	0.83405738	0.50889732
0.70564212	0.02550090	-0.26579426	-0.24751184	0.93465970	0.50380854
0.84784024	-0.24380374	-0.68480244	0.21161113	0.88781502	0.93930896
0.96274396	-0.13277981	-0.47212096	0.49101177	1.45098657	0.25858859
1.00984054	-0.11742118	-0.22599729	-0.20753767	1.28524488	0.68963992
0.85144834	-0.17986721	-0.29776716	-0.21775857	0.86896489	0.06553305
0.85485205	0.02697196	-0.47081020	-0.53459383	0.93945082	0.03196442
0.50059384	0.00311938	-0.19108787	-0.45175025	0.69141848	0.04191317
0.71276199	0.19187708	-0.17539636	-1.13537487	-1.01506298	0.03977605
0.91452830	0.20716041	-0.58711598	-1.15927298	-0.91985588	1.15359017
1.12936762	-0.11935364	-1.01103304	-1.95065086	-0.91872818	0.69792964
1.07797765	-0.45268919	-1.39803577	-1.87429661	0.11494660	0.11936269
1.41552798	-0.77419846	-0.63618873	-1.08234948	0.74676718	0.16480562
1.19036134	-0.63622054	-0.77221298	-1.21345935	1.12334095	-0.78622570
1.47077567	-0.41564166	-0.90984848	-1.16843196	1.15931774	-0.32427083
1.02493793	-0.42337236	-0.54629237	-1.60542166	2.88672183	-0.18537932
1.00922701	-0.31925243	-0.27148288	-0.84539734	1.81852373	0.47554276
0.67466329	-0.52479625	0.01579030	-0.63711599	0.29939671	0.06047456
0.67337709	-0.45631994	-0.43920657	-0.81045883	1.34572157	0.38580168
0.37827896	0.00213831	-0.42818513	-0.45579885	1.03726642	0.25353998
0.77677922	-0.35251034	-0.38338939	-0.68812327	1.41905231	0.34629515
0.69108952	-0.37770561	-0.09833703	-0.25719255	1.24934096	0.14602680
0.61143603	-0.14331446	-0.21861272	-1.55909895	1.59680138	0.06574043
0.60535184	-0.06452997	-0.13479269	-0.99212062	1.00134475	0.63121346
0.96403563	0.00053096	-0.30339939	-1.24198384	0.80100002	-0.05090189
0.64823377	-0.13291396	-0.23736731	-1.35448083	0.29292726	-0.00948307
0.50410140	-0.08713975	-0.18075330	-0.46029702	0.77327584	0.35853880
0.88638051	-0.24612677	-0.12244995	-0.81622623	0.35625254	-0.23462384
0.58920896	-0.30462729	0.14936695	-1.02102582	-0.17555918	0.32044386
0.41907070	-0.17115065	-0.12354579	-0.91673342	-0.48526693	-0.15502650
0.34440611	-0.10011356	0.08892769	-0.48730787	-0.31002121	-0.17275499
0.40460202	-0.25406961	0.03239481	-1.12262323	-0.27927463	-0.50108106
0.59591247	-0.09664225	0.02880317	-0.85042267	0.34874383	-0.11395815
0.74860193	-0.08591570	0.25765577	-0.12302845	-0.93916374	-0.72451112
0.42660574	-0.17665583	-0.12946044	-0.84784845	-1.44539691	-0.65483419
0.67662975	-0.08221837	-0.24368810	-0.83047706	-1.42099919	-0.58761114
0.80063768	0.12894615	-0.30934166	-0.97616238	-1.37001748	-1.01106865
1.01991628	-0.00463412	-0.17641606	-1.30585880	-0.81679645	-0.44146858
0.98451274	-0.08231236	-0.14923786	-0.81158362	-0.31106695	-0.26485723
0.90811264	-0.06641637	-0.45279982	-0.89822892	-0.06087973	0.21577471
0.86429703	-0.04930601	-0.60417645	-0.18471592	-1.38368622	0.38171625
0.97892697	-0.07214924	-0.90949098	-0.42174800	-1.48665085	1.86943832
0.88592672	-0.21629507	-1.38873250	-0.83540045	-1.50802989	1.29717937
0.83772857	-0.40788375	-1.04744014	-0.35688581	-0.39316916	1.52359426
1.07228108	-0.50303199	-0.79991345	-0.68405112	0.46560532	1.02262090
1.33632907	-0.53000206	-1.25024396	-0.44550661	0.65659181	0.86463247
1.45894004	-0.51889200	-0.86547691	-0.00325628	0.75623145	0.67722846
1.36386875	-0.65061780	-0.60506099	-0.20110644	0.80352224	-0.53330864
1.00868577	-0.33775774	-0.69521129	-0.28664933	1.41590245	-0.68615771
0.49231151	-0.24191779	-0.43340270	-0.95730840	-0.12669937	-0.61315494
0.40615438	-0.30093173	-0.13264037	-0.03125148	-0.51087729	-0.75228430
0.33951979	-0.25333672	-0.37235368	0.43213568	-0.77448916	-0.16806354
0.35545767	0.01190295	-0.25015574	0.67130201	-0.52408006	-0.13775452
0.36094831	-0.37596216	-0.00805486	0.51278254	-1.13829688	-0.08627362
0.53383177	0.07884116	-0.22488659	0.78603327	-0.07886580	0.39002790
0.25222469	0.00615131	-0.14698117	0.67246268	-0.30822849	0.54664584
0.48734203	0.02800770	-0.18369443	1.05572144	-0.48903451	0.34833875
0.44230494	-0.00697549	-0.24204440	0.87958205	-0.43761164	0.57718790
0.39979826	-0.00500948	-0.21540089	1.14793843	0.18734269	0.61993194
0.66150341	-0.13222050	-0.25568523	1.18733733	-0.15311674	1.04466169
0.70175139	-0.22002140	-0.18326346	1.25791780	-0.38497139	0.68074868
0.76822101	-0.19472792	-0.56041452	1.30864846	0.66447635	0.39426269
0.88798611	-0.44404118	-0.08178686	1.13780493	0.34281771	0.10249851
1.12595244	-0.36999648	-0.46316342	1.27213840	0.21199868	0.06595757
0.79182523	-0.18382612	-0.49930277	0.93172036	0.27425358	-0.45209423
0.75946638	-0.37714719	-0.57353027	0.65795014	-0.16715961	-1.11053556
