0.63025110	-0.07986061	-0.25165247	0.01462094	0.59627060	0.52210212
0.61276284	-0.32150393	-0.42145601	0.21408918	0.96321982	0.28781677
0.76624850	-0.16416210	-0.24555646	0.31515342	0.50651027	1.19271794
0.80851934	-0.24409204	-0.19418821	-0.77495559	1.28805398	0.14073755
0.92554973	-0.08250992	-0.27769875	-0.64795236	1.47957859	0.03408193
0.82336588	0.03767283	-0.30014424	-0.31914346	-0.09422719	0.01785531
0.75368719	0.15278609	-0.31656533	-1.00471857	-1.22096000	0.87173417
0.66214263	0.06571302	-0.38369879	-1.51607363	-1.74892304	0.99331706
0.96741836	-0.15178853	-0.99316187	-2.20944312	-0.61409628	0.85590985
1.59513275	-0.67179594	-1.24997002	-1.73641258	-0.51554554	0.85945458
1.67873744	-0.69997760	-1.09580164	-0.71357666	1.18696114	0.16688897
1.58761074	-0.56502245	-0.71142194	-1.01200451	1.58711257	0.18118474
1.01015493	-0.43240291	-0.80683331	-0.63234498	2.19702468	-0.51477297
0.92846894	-0.59383469	-0.42814299	-0.70907790	2.53672233	-0.11033691
0.93593399	-0.34898359	-0.23426736	-0.17067115	1.79924530	0.13599532
0.55368894	-0.46189765	-0.53296209	-0.68330635	0.63430073	0.47515047
0.80856890	-0.50821198	-0.41207710	-0.44708473	-0.02839182	0.90864490
0.81406187	-0.32068410	-0.05098600	-0.29585800	0.42259649	0.51121993
0.85707041	-0.31797294	-0.21750369	-0.22832911	1.14218929	0.41619565
0.90519631	-0.02869022	-0.42871413	-0.97811634	0.47470419	1.00395332
0.64940467	-0.17262814	-0.30259285	-1.08701045	0.28862014	0.55395972
0.68460204	-0.15922214	-0.42674494	-0.59779496	0.35271263	0.57146789
0.87978236	-0.01982473	-0.35180133	-0.76105884	0.48535341	0.70074397
0.65638261	-0.02965542	-0.18765657	-0.86562024	0.14460275	-0.15821219
0.68727213	-0.27158154	-0.00138845	-1.32199897	0.58237264	0.24438599
0.56534728	-0.34049877	-0.15927091	-1.19596067	-0.18302650	0.00738379
0.23782170	-0.24081637	-0.17306411	-0.83825143	-0.68956379	0.18985515
0.26941356	0.05042117	0.03386422	-0.52297005	-0.28615363	-0.23385231
0.40718765	0.01221536	-0.22041232	-0.92174633	0.41483200	-0.32874933
0.67842914	0.10918163	-0.00709007	-0.56059921	-0.14576669	0.27615239
0.47343683	-0.24626137	-0.01591338	-0.92402675	-0.20944093	-0.30603508
0.57702616	-0.12548933	-0.02497560	-0.99328437	-0.57777423	-0.76421501
0.69619614	-0.28730771	-0.22368863	-0.95999430	-1.17206669	-1.09634306
1.04528632	-0.16921436	-0.58882907	-0.95425120	-1.12917063	-0.38806717
1.09605217	0.03862259	-0.47630014	-0.85354817	-1.60077793	-0.17518200
0.90283236	-0.11718282	-0.32762476	-1.10387375	-1.16782750	-0.45489391
1.03102669	-0.04128895	-0.33183377	-0.41486582	-0.62765835	-1.21633457
0.79055420	-0.11529221	-0.47307771	-1.01137442	-0.44404527	-0.40021020
1.18294475	-0.08794046	-0.54759714	-1.15589328	-0.70037448	0.39097765
0.93832314	-0.32708570	-0.71310656	-0.37025752	-1.62826821	1.48528814
0.89660929	-0.07184370	-0.97791322	-0.82324241	-1.75120164	2.20330178
0.80775244	-0.36910082	-0.93293092	-0.75040347	-0.37481573	1.98564616
1.19808019	-0.47693009	-0.76336520	-0.76685250	0.16193178	1.64722675
1.38063143	-0.52590554	-1.06523756	-0.51967612	0.90696622	0.53001608
1.37494559	-0.34672992	-0.94157786	0.02840339	0.93084181	0.26289429
1.36784530	-0.53285327	-0.74284208	0.01844213	0.83087657	-0.59634637
0.95567420	-0.45466998	-0.67998231	-0.18940227	1.67813939	-0.58197113
0.51343744	-0.12389811	-0.28178664	-0.02551689	-0.43880182	-0.91380820
0.55248140	-0.18713884	-0.14271699	-0.03161778	-0.84843588	-0.54117770
0.53287783	-0.32076586	-0.15922415	0.18607205	-1.21070658	-0.88517049
0.49726623	-0.23623447	-0.24815483	0.80846469	-0.83107383	0.13678107
0.27161214	-0.14741741	-0.01504226	0.39796723	-0.39412921	0.38819117
0.59063680	0.00107338	-0.40786947	0.73076302	-0.45874081	-0.00635058
0.35762388	-0.00423958	-0.16257621	1.08027675	-0.71934300	0.01618453
0.33977318	-0.01481679	-0.36211249	0.96269142	-0.83518707	0.61461624
0.70115388	-0.05020798	-0.42111336	0.79176859	-0.53311547	0.89415375
0.54553082	0.16218082	-0.28367276	1.19063427	-0.17377772	0.43022766
0.56828697	-0.02390211	-0.27991657	1.51938046	-0.12662022	0.82190088
0.57675451	-0.19474853	-0.31277921	1.48595225	0.26135634	0.46195277
0.82140544	-0.15304445	-0.28863420	1.48892292	0.92925602	0.47852574
0.93481684	-0.40003956	-0.31269681	0.57186105	0.47688063	0.53035027
0.77029419	-0.66949098	-0.13612735	1.50182214	1.15279495	0.08419643
0.90054250	-0.45943312	-0.59808285	0.69548141	0.52551844	-0.54121427
0.65393846	-0.29979372	-0.79453874	0.87780756	0.72976011	-0.70749432
0.95909122	-0.14348395	-0.83148508	0.73228031	0.01304472	-0.34475270
1.18401479	-0.29268213	-0.52288044	1.00812547	0.04522263	-0.36177376
1.26656550	-0.33085134	-0.39337379	-0.06589378	0.60782592	-0.34074192
1.34907662	-0.71740926	-0.80280859	0.21356267	0.20252184	-0.27632571
1.68461874	-0.88089085	-0.44859523	0.13127362	0.02455516	-0.70417874
1.18827889	-0.76913283	-0.47086864	0.95175663	-0.49905851	-0.89318464
1.04921303	-0.64824022	-0.35451469	0.69754009	0.01093242	-1.36049731
0.66188968	-0.30104495	-0.47818195	0.62877200	0.47396299	-0.28695766
0.57377303	0.01894316	-0.26274124	0.29596505	0.20899336	-0.17107596
0.55731503	0.00003215	-0.12980506	0.14896491	0.80302653	-0.50995275
0.54362609	0.04103371	0.32951006	0.42121189	0.54278406	-0.65554632
0.58689114	-0.33466383	0.12499117	0.18508280	-0.07204525	-0.59072005
0.73907389	-0.16444225	0.05408389	0.51117762	-0.42813729	0.08363810
0.40155590	-0.32114552	-0.03830643	0.37591351	-0.70734908	-0.97351197
0.60366359	-0.23146102	-0.21907379	0.18705382	-0.28340382	-1.10726622
0.68175706	-0.13873398	0.16090302	-0.41081828	0.04941271	-0.90436159
0.63646252	-0.05486675	-0.25005311	0.50567596	-0.24842329	-1.18459232
0.36871924	0.02461048	-0.20884300	0.04257282	-0.31229910	-1.05928842
0.66463555	0.02611535	-0.12284109	0.07612841	-0.30404214	-1.09745031
0.64957972	-0.00368183	-0.09783463	-0.33161602	-0.90108457	-1.00237982
0.88640556	-0.03168018	-0.41626905	-0.11496918	0.11766328	-0.80687258
1.08648854	-0.10316973	-0.34221611	-0.30753749	-0.41798071	-0.79774292
1.01911266	-0.36511227	-0.38607630	-0.12915397	0.32555747	-0.71834281
0.92101700	-0.25746290	-0.51323925	0.37459067	-0.12600937	0.70692135
0.86432788	-0.41414019	-0.56613707	0.15428243	-1.67077965	0.52867579
1.06031588	-0.08720660	-0.79557110	0.61894708	-1.17027908	0.56539408
1.25407635	-0.23145031	-0.68684288	0.06244307	-1.39513060	0.83061425
1.57513159	-0.24539681	-0.78497521	-0.02712620	-0.62404456	1.62737736
1.72230308	-0.31227885	-0.89713117	0.70916903	0.32476881	-0.10521078
1.46100830	-0.42912671	-1.10128130	0.44635134	1.07584189	-0.81553073
0.97067187	-0.26365171	-0.56572722	-0.10605238	0.75199519	-1.55048877
0.68595139	-0.09104922	-0.28836313	0.52456560	0.63504175	-0.35733595
0.44872048	-0.32778953	-0.19109148	0.07653930	1.09698291	-0.53421181
0.60794943	-0.20782059	-0.31012676	0.56406059	-0.00461532	-0.93202901
0.45802190	-0.04835200	-0.18280915	0.87545132	-0.03259072	-0.14271774
0.30037425	0.08806902	-0.17105159	0.92104624	-0.45319741	0.21396786
0.50686825	0.13127450	-0.03111099	0.29853700	-0.34474917	0.41552684
0.23597454	-0.00343391	-0.21654332	0.73179779	-1.13835694	0.17523907
0.55589948	-0.03021375	-0.37544113	0.61595137	-1.37688170	0.44777860
0.68011407	-0.11228242	-0.23609658	0.70765279	-1.28845575	0.90762371
0.62554603	-0.12806634	-0.29151305	1.32294418	0.22135789	0.77939925
0.71258262	-0.05148448	-0.22178730	0.77861306	-0.29888397	0.80422734
0.78685097	-0.41705032	-0.31981949	0.93105697	0.04448512	0.57646793
0.86244365	-0.39377066	-0.58922254	1.58894296	0.25681206	0.96205426
1.05063454	-0.37416932	-0.54775922	1.14099104	0.83299527	0.95285033
0.96104490	-0.27641063	-0.49700259	0.98645456	0.56875615	0.19353884
0.81288820	-0.06557290	-0.51166514	0.48615804	1.29289809	-0.39869828
0.72772266	-0.07586512	-0.31854911	-0.35839628	1.15233500	-0.28471674
0.53697034	-0.11855471	-0.04151991	0.34502613	-0.34166201	-0.48261233
1.06406349	-0.30463841	-0.28063836	-0.02363800	-0.11588436	-0.10593437
0.76733563	-0.33408110	-0.27817657	0.70042540	0.35454738	0.07694715
0.84192755	-0.33425472	-0.64981296	0.36180724	-1.08596869	0.18183097
1.03658055	-0.36428239	-0.38805477	0.79071822	-0.65407263	-0.06535359
1.17559603	-0.88080486	-0.38730190	0.65055648	-0.29913716	-0.03713030
1.33658335	-0.85509596	-0.38576912	1.15510632	0.23352424	-0.66013751
1.15391686	-0.53834517	-0.34618106	0.64681172	0.29925676	-1.83240490
1.04375772	-0.39172767	-0.47265960	0.94120308	0.91720128	-1.15029622
0.89571407	-0.25073218	-0.41923644	0.97784114	0.79001708	-1.08033765
0.73104748	0.17757013	-0.26616249	0.84222632	-0.36919008	-0.81477347
0.59386725	-0.16342359	-0.13136871	-0.00816102	0.14633255	-0.18346742
0.49636838	-0.23462492	-0.12394961	-0.03650538	-0.50317096	-0.06174060
0.70432841	-0.27218176	0.01911014	0.24163895	-0.15256504	0.21509112
0.44607696	-0.23415821	0.00490461	0.46491663	-0.10802355	0.20910353
0.19263374	-0.38816093	-0.05770666	0.56267553	-0.24724708	-0.34975512
