0.65421171	0.07866427	-0.38579448	0.48170530	-0.53499370	-0.79125537
0.66048136	-0.10073715	-0.44588398	0.21864372	-1.81003875	-0.77055579
0.83165991	-0.07672857	-0.72543513	0.34606566	-0.89174716	-0.52608927
0.75847750	-0.11177155	-0.53283971	0.27584353	-0.84982594	-0.37393374
0.78489820	-0.22690109	-0.51793988	0.30547452	-0.45155644	-0.53582413
0.86922390	-0.13028825	-0.66228577	0.49234747	-0.31411669	-0.41967176
0.71874619	-0.08586608	-0.51180198	0.61223320	0.09756010	-0.38530489
0.74283924	0.03737605	-0.48353488	0.22669702	-0.89831118	-0.27800665
0.63657505	0.10043186	-0.59099038	0.21543144	-0.19870650	-0.42107700
0.86264212	0.15872739	-0.59131593	0.12185053	-0.09813559	-0.42927471
0.72217987	-0.03262948	-0.43153681	0.08733380	-0.14224955	-0.59834469
0.90864930	-0.01195829	-0.61765655	0.69541569	0.56017004	-0.13790959
0.83049133	-0.02505111	-0.61521649	0.57790568	-0.04157477	-0.07302491
0.91034738	-0.10484447	-0.62094506	0.63236190	0.22516260	0.21423151
0.73889959	-0.06194517	-0.61531742	0.49852279	0.29344271	-0.07386400
0.76988980	-0.28679746	-0.55968601	0.53213769	0.49121730	0.33799483
1.06362212	-0.22823905	-0.77975256	0.44989778	-0.23040116	-0.30195194
1.05627200	-0.10764516	-1.14280580	0.57949008	-0.01687192	-0.48077851
1.22000167	-0.38116313	-1.13270958	0.25796121	1.06565384	-0.16919986
0.97807726	-0.26357545	-1.11282887	0.56239251	0.69956037	-0.49951367
0.81881664	-0.34984083	-0.93837789	0.64437251	0.28928431	-0.12660644
0.94465388	-0.53821891	-1.09144497	0.78958257	0.57442441	-0.26080537
0.79075073	-0.24525960	-0.69927595	1.29791275	1.96551592	0.02457704
0.73650198	-0.24330358	-0.56777208	0.85746492	0.42108990	0.43319940
0.63354611	-0.14277533	-0.61570078	1.41693209	1.13669772	0.55175522
0.72289629	-0.37206584	-0.50583885	1.10299569	1.20800443	0.04134446
0.69958213	-0.15615025	-0.48850631	0.85472261	1.04689649	0.47637991
0.78440297	-0.03200453	-0.54582644	1.05115178	3.42614350	0.32501113
0.79231408	-0.26306599	-0.47117984	0.93888430	2.37723989	0.18382476
0.80189675	-0.33228009	-0.61637520	0.92991043	1.79559977	0.91906871
0.58740424	-0.36954727	-0.17740427	0.85018915	0.82049821	0.52741425
0.49843569	-0.00499233	-0.06446050	0.88873511	0.19839814	0.53312324
0.37496337	-0.21453102	-0.33552317	0.69510115	0.46795877	0.47692825
0.34576051	-0.07752449	-0.32090659	1.13447175	0.81024830	0.54155248
0.52697389	-0.28460855	-0.37027449	1.10697197	0.61023485	0.58431998
0.64588955	-0.26279013	-0.07193113	0.97772029	0.37305137	0.52672689
0.58444197	-0.23874330	-0.02894364	1.12220304	1.28990208	0.34257629
0.34921191	-0.37108392	-0.12730037	0.83326396	1.18936219	0.47173375
0.28293284	-0.22552203	0.12205576	0.54087154	-0.32741512	0.74123510
0.26225981	-0.36921250	-0.03338264	0.78116418	0.05350220	0.46157034
0.46457993	-0.37766361	-0.31484541	0.51508664	0.67788818	0.84323434
0.59147975	-0.45814124	-0.11924324	0.68946922	0.68956967	-0.52335430
0.72434228	-0.45779968	0.33907193	0.14187344	0.15456001	-0.50815458
0.60175890	-0.49329225	-0.07992204	-0.07806483	-1.43767174	-0.72456236
0.84062568	-0.30379483	-0.08336838	0.14275723	-1.22704694	-1.22918709
0.83768294	-0.07686518	-0.13353808	-0.00038648	-0.94762426	-1.06543048
1.17872757	-0.19583614	-0.19929534	-0.00705510	-0.85518314	-0.77090826
1.16710073	-0.45159003	-0.42389092	0.35391559	-0.89643182	-0.12793541
1.10670172	-0.46939209	-0.35900848	0.38297847	-1.03086293	-0.63284480
1.27948768	-0.78660207	-0.65446307	0.84245935	-0.57491030	-0.35935568
0.92919649	-0.52398244	-0.58805039	1.25135946	-1.09936649	0.16910984
0.90330924	-0.63632407	-0.56414550	0.14030692	-0.77543033	-0.58216400
0.90219554	-0.45782116	-0.52604190	0.43906135	-0.18965421	-0.10236784
0.70844774	-0.67639818	-0.13123943	0.08477991	1.09670870	0.06359954
0.75527858	-0.56613553	-0.27917989	-0.26218329	-0.42445241	-0.76947033
0.82273544	-0.63584971	-0.20663604	-0.36347210	-0.86960193	-1.34271526
0.55833790	-0.46127092	-0.40660580	-0.56616502	-1.36873995	-1.44572228
0.75177701	-0.59414166	-0.46257245	-0.59933024	-1.08009829	-1.58513068
0.77999238	-0.42891740	-0.37387014	-0.44366457	-1.65014241	-1.00499342
0.80099733	-0.36514693	-0.80583768	-0.49941610	-1.18143942	-1.23680576
0.87967908	-0.16191123	-0.50902930	-0.34723240	-1.52629724	-1.39781852
0.64547183	-0.14251140	-0.65005966	0.10190528	-1.12529759	-1.31067751
0.67465092	-0.19277243	-0.59060825	0.01680334	-1.27171773	-0.85125355
0.58686198	-0.34031467	-0.68114170	0.27704311	-1.36581210	-1.28443121
0.56485790	-0.09185761	-0.65592601	0.65740639	-0.35986438	-0.91368126
0.58466699	-0.20128335	-0.59767397	0.28691219	-0.09805255	-0.18623626
0.52615708	-0.12819973	-0.61528327	0.26394884	-0.16799302	-0.99897214
0.54322212	-0.21728821	-0.37016761	0.60097551	-0.27165353	-0.93022138
0.39925517	0.01809560	-0.35327021	0.23137375	-0.03240446	-0.95557582
0.20897362	-0.01609174	-0.38183623	0.15233412	-1.14360996	-0.66550236
0.46662342	0.11704428	-0.12657103	0.02222535	-2.46940934	-0.57446966
0.55863162	0.12194909	-0.58472383	-0.19470350	-1.05100701	-0.65794236
0.76997888	0.24678889	-0.55793636	-0.20148734	-0.83213800	-0.48763801
1.01444928	0.01413306	-0.58642014	-0.11576531	-1.00271994	0.22457623
0.91058698	0.05452387	-0.93306342	-0.17415497	0.44334386	0.02198145
0.89781359	-0.04117762	-0.75233487	0.42970654	0.45109767	-0.27126287
0.92328071	-0.10194409	-0.85371358	0.03950399	0.04583295	-0.28615090
0.88544986	-0.14780911	-0.93958900	-0.00155311	-0.20910541	-0.17047922
0.99580351	-0.30243638	-1.17338583	0.05132302	-0.28692828	0.34350531
0.96382031	-0.25825519	-1.46425225	-0.00015562	-0.14306938	0.31060250
1.10770866	-0.34356255	-1.00815891	0.18528964	-0.14596836	0.06095236
0.82387324	-0.39801465	-1.03803342	-0.13467155	0.60109065	0.43179042
0.54540035	-0.38861308	-0.87237134	0.29641003	0.51022779	0.13636388
0.62960781	-0.30301752	-0.85041318	0.71812793	1.18648524	0.73373962
0.70807306	-0.26721527	-0.86147753	0.82492373	2.11122273	0.66474159
0.58352004	-0.47096694	-0.71625146	0.78168680	1.63738083	0.97482555
0.62416400	-0.17329807	-0.49887000	1.17299522	2.69928537	0.85230905
0.88115122	-0.40809184	-0.71933711	1.21594396	2.75452944	0.90243134
0.94146083	-0.25461119	-0.55554115	0.81062915	2.41399489	1.15504070
0.53499157	-0.21554815	-0.37073034	0.94761538	1.94335116	0.34559270
0.48182031	-0.09822602	-0.30627924	0.68294410	1.13376464	0.00292848
0.16405859	-0.06386191	-0.03990379	0.75410008	0.30584558	0.25535134
0.24118361	-0.09971581	-0.33254640	0.47907708	1.30807110	0.64966759
0.42937091	0.06880930	-0.25087625	0.55003877	0.37808832	0.31156523
0.48566508	-0.21273599	-0.39971080	0.64498500	1.17417757	0.41229264
0.35632724	-0.32535187	-0.14359088	0.64589394	1.83145399	1.48654934
0.57783377	-0.37955365	-0.35056570	0.39301499	1.94833387	1.03207095
0.68163009	-0.19273739	-0.02433124	0.34231810	1.40024634	1.04426782
0.35393625	-0.12823164	-0.19391636	0.40034958	0.37508286	0.85728116
0.41513413	-0.40574277	-0.02615242	0.21377241	0.92726651	0.55047021
0.69637291	-0.46026417	-0.12280075	0.36078625	0.23682059	0.20303167
0.52368332	-0.58854655	0.02750193	0.29383376	-0.31619408	-0.66270376
0.91517680	-0.71604368	-0.00078993	0.55553291	-0.43398247	-0.77845068
0.81549649	-0.51622173	0.10420889	0.13218667	-2.08635322	-1.03637299
1.01870848	-0.72330294	-0.27388833	0.19094678	-0.14475888	-1.31171392
1.25601702	-0.39795266	-0.20711959	0.17200631	-0.75314583	-1.04127414
0.95781406	-0.49919042	-0.17303980	0.35285488	-0.92315131	-0.55432467
1.12589782	-0.59893409	-0.56685785	0.46106083	-1.75426856	-0.44926872
1.05946609	-0.86397042	-0.96933831	0.52937910	-1.02494189	0.02934930
0.78957950	-0.71954452	-0.64011830	0.62145605	-1.46186971	-0.17388099
0.87322222	-0.46073111	-0.35973065	0.37599498	-1.06416954	-0.51521969
0.78965429	-0.51192880	-0.66346971	0.12254752	0.01669341	-0.61674832
0.81664420	-0.29038646	-0.57398535	-0.04525307	-0.45144666	-0.98138485
0.61081344	-0.43920673	-0.40207198	-0.24054909	-0.69496993	-0.76231680
0.75910763	-0.21538484	-0.49277664	-0.30219957	-1.02847408	-0.99077818
0.47612580	-0.39657719	-0.32733430	-0.40015411	-1.55542442	-1.34016712
0.53510427	-0.16692381	-0.37728641	-0.58854344	-1.93153439	-1.40640245
0.59701712	-0.32826456	-0.53530490	-0.54488519	-1.20300456	-1.39721596
0.43838796	-0.27919715	-0.51142356	-0.26120772	-1.97243312	-1.51359115
0.49136840	-0.22865837	-0.19791022	-0.03290751	-0.62723223	-1.19717901
0.34757048	-0.02537872	-0.34520445	0.04623742	-1.46171819	-1.31365354
0.44066642	-0.36350441	-0.23963532	-0.06676961	-0.78099113	-1.29878892
0.56589068	-0.24725448	-0.49561195	0.24718344	-0.09090563	-0.72348360
0.58234130	-0.15253442	-0.16937035	0.08141845	-0.61511536	-0.69495625
0.43152481	-0.13758678	-0.32469655	0.30876710	0.54233920	-0.28673090
0.30859409	-0.08029762	-0.35119098	-0.08118126	-0.29401376	-0.35812209
0.36803216	0.13989551	-0.49895354	-0.18359727	-0.80766666	-0.17259566
0.65518267	-0.05284903	-0.42290669	-0.37855261	-1.11023443	-0.11473428
