0.94490748	-0.62930910	-1.05148433	1.46323307	-2.24325641	-0.31585042
0.78674477	-0.71957115	-0.67114170	1.25784923	-2.35924226	0.61128763
0.80552982	-0.51628427	-0.51582373	1.08282695	0.21516555	0.09589532
0.68052505	-0.58638323	-0.65541737	0.82767450	0.07220517	0.14561621
0.75183429	-0.58117921	-0.48107974	0.84399627	-0.46609970	-0.34352324
0.72656706	-0.64891059	-0.55554350	0.08565370	-0.87914022	-0.60399718
0.80063336	-0.58917223	-0.33480441	0.25592819	-1.39572121	-1.35753812
0.82063376	-0.27299311	-0.62259528	-0.42470837	-2.45558587	-0.94428827
0.73062182	-0.10226802	-0.48566846	-0.29903626	-1.00650886	-1.17112967
0.72914940	-0.31074391	-0.57333534	-0.04854834	-0.95679510	-1.69460120
0.68246042	0.04374009	-0.91799720	-0.22500269	-0.19890796	-1.91000007
0.67195690	0.07163949	-0.31036507	-0.74777239	0.26588256	-1.51861783
0.45047834	-0.05447251	-0.48470431	-0.43461846	0.09675022	-1.93173604
0.51997901	-0.00631607	-0.39946360	-0.60737138	-0.74068943	-0.62415559
0.39076162	0.13318022	-0.18703447	-0.61146523	-0.44289403	-1.14045848
0.31648780	0.08291460	-0.49307649	-0.31875644	-1.15320988	-0.17956256
0.41938121	-0.32608233	-0.39744968	-0.56446667	-1.52982204	-0.72675628
0.35608393	-0.09127191	-0.50203984	-0.37252709	-1.12704758	-0.70439099
0.65879680	-0.18225561	-0.40565532	-0.22946138	-0.73932927	-0.44164391
0.61600459	-0.02323254	-0.41764656	0.38172364	-0.62276817	-0.47470034
0.67456862	0.04128251	-0.66891502	-0.49267896	-1.75739402	-0.51648698
0.85359038	-0.09583901	-0.48351972	-0.19964483	-1.49398027	-0.32526619
0.79419120	0.04662508	-0.40931964	0.02973746	-0.37934178	-0.38789969
0.72364856	0.09022655	-0.68992182	0.18438094	0.87324999	-0.56044386
0.79465401	-0.04503091	-0.89377400	0.19194116	0.54551306	0.09222243
0.80450533	0.01029364	-0.70999147	-0.28344901	0.20161089	0.08515865
0.98767514	-0.17256360	-0.88699799	0.07183768	-0.06908164	-0.24657361
0.83057507	-0.08852466	-0.82875695	0.12706511	-0.88933613	0.47637078
0.87132949	-0.18797467	-0.92538139	0.53951185	-0.93826782	0.33270247
1.05974365	-0.28237496	-0.99379299	0.45201302	-1.17339486	-0.32198755
1.10594768	-0.35229301	-1.10471953	0.68215176	-0.32900178	-0.17910449
0.87868538	-0.28274168	-1.03860394	0.44759883	0.02361214	0.17054205
0.71306985	-0.18831344	-0.90775022	0.69013777	0.73502477	0.34152514
0.71390142	-0.42486269	-0.84749321	1.03334155	1.48368525	0.83829804
0.75101325	-0.49948015	-0.75101296	0.79503713	0.70161753	0.64838658
0.79939158	-0.42263460	-0.70896856	0.82392948	1.64384918	0.75115096
0.52499355	-0.30465413	-0.89524972	1.05806518	1.45333187	0.38158424
0.89597614	-0.43470622	-0.79957334	1.03870529	3.26727611	0.73096486
0.83787869	-0.35178570	-0.57664342	1.23682237	2.93384023	0.72020634
0.91191765	-0.37181869	-0.35150127	1.05733478	1.61702014	0.68748228
0.78287705	-0.29725181	-0.39771373	1.07302150	2.45969768	0.26416574
0.31317807	-0.09145196	-0.65881660	0.74272570	0.79457784	-0.38389170
0.46266146	-0.10784355	-0.17119637	0.48789018	0.47126196	-0.28926554
0.18706786	-0.03912869	-0.48983507	0.45670136	0.74658121	0.51615788
0.20094230	-0.08866087	-0.17561200	0.58335234	0.18620718	0.31375478
0.46436760	-0.05507003	-0.02072660	0.99893962	-0.30857659	0.73703904
0.45941556	-0.34411575	-0.23969577	0.46922559	0.85928081	0.85337809
0.55102484	-0.36666559	-0.23766485	0.83116723	0.42298071	0.93260029
0.41435545	-0.34191551	0.05977356	0.20797815	0.92170823	1.41551580
0.71995230	-0.64857016	-0.17850208	0.48803855	0.35763652	0.83493413
0.43587717	-0.52768168	-0.17110137	0.39842287	-0.17958389	0.91639225
0.35945844	-0.54921322	0.03955338	0.62162702	-0.13711143	0.63405660
0.55316283	-0.52646474	0.03607207	0.34099405	-0.62467487	-0.31174494
0.66725117	-0.52713327	-0.09412246	0.31549016	-1.23327948	-0.65089087
0.95390276	-0.54034206	0.24747558	0.45332389	-1.87612112	-0.61188383
0.90568671	-0.44624320	-0.20683570	0.28612071	-1.24480083	-1.33003940
0.92715094	-0.42900407	0.01494367	0.11764961	-0.98703946	-0.97200806
0.92941177	-0.45824724	-0.08281599	0.27383774	-1.61500930	-1.04699806
1.07307964	-0.40143502	-0.41473812	0.38265643	-0.78466650	-0.41048927
1.09187490	-0.44013408	-0.56795841	0.54131480	-1.55500716	-0.44593660
1.13318553	-0.56858325	-0.79759447	0.39399402	-1.82243304	-0.34587902
1.02344653	-0.54956077	-0.68763072	0.71700732	-1.26914166	-0.07004901
0.71058399	-0.46649236	-0.47026664	0.33952747	-0.73766179	-0.50026147
0.81712047	-0.77308950	-0.33664838	-0.01556744	-0.23827971	-0.37383112
0.66032453	-0.54141023	-0.39269909	0.14314531	0.16022148	-0.63985668
0.53028011	-0.40988922	-0.22900213	-0.18360981	-0.68021148	-0.60256582
0.61834194	-0.38405690	-0.33523765	-0.26320625	-0.88468284	-0.67877342
0.45750172	-0.37968457	-0.35247983	-0.26346546	-1.54887211	-0.46413632
0.62727721	-0.27896499	-0.38851135	0.12002782	-1.66279300	-0.95884901
0.84484862	-0.26425803	-0.58667021	-0.09346988	-2.19999840	-1.48329966
0.78916821	-0.20358452	-0.42884653	-0.01075807	-1.15994866	-1.75271753
0.70498488	-0.28323512	-0.69728602	-0.03548815	-1.25969048	-1.71160769
0.63348652	-0.18923506	-0.45832385	-0.02790352	0.05341485	-1.54710407
0.55950622	-0.22099462	-0.39369755	-0.23782632	-0.63261888	-1.78571294
0.49485934	-0.36268737	-0.51785902	0.02089152	-1.12859333	-1.49794089
0.63528247	-0.23259617	-0.21648838	0.50347126	-0.51978893	-1.62975740
0.63341697	-0.26499769	-0.42372387	0.04513847	-0.38107711	-1.77099222
0.61602718	-0.14272695	-0.30147619	0.42432928	0.45774543	-1.88052086
0.51973244	-0.00684787	-0.52826308	0.43533545	-0.77130565	-0.69028975
0.61149327	-0.09068191	-0.62410848	0.61080416	-0.59411761	-1.20475217
0.48007184	0.05793064	-0.59430207	-0.21199492	-0.55651085	-1.12588917
0.65761685	0.19276570	-0.55927025	0.30816815	-0.70846944	-0.70073112
0.60215959	0.05237501	-0.44384373	0.22908746	-0.34782466	-0.89301142
0.73441647	0.23392311	-0.40749353	0.07590371	0.39613505	-0.91819234
0.79662675	-0.04216977	-0.40648848	0.08499979	-0.40659590	-1.00871860
1.00244137	0.09890583	-0.51445972	-0.18777133	0.82923830	-0.61893556
1.04560494	0.26578501	-0.71737084	0.26189908	-0.23104587	-0.75834720
1.19532069	-0.33795179	-0.55905446	0.08187706	0.55745641	-0.43086997
1.08611032	-0.39713227	-0.71170463	0.45795193	-0.69552140	-0.33260982
0.96268657	-0.47225421	-0.83683177	0.37502298	0.43794201	-0.36843574
1.17862944	-0.19856004	-1.08143862	0.40734434	-0.59151761	-0.52627711
1.12564872	-0.38631097	-1.11258381	0.92864249	0.03742058	-0.20075539
1.02194054	-0.26486912	-1.18528607	0.58447532	-0.07237908	0.27799005
0.94919481	-0.13220482	-0.98619513	0.80701946	0.22620508	-0.01690118
0.74991737	-0.05495050	-0.64529130	0.47028704	0.91847149	-0.25321471
0.78944120	-0.26425875	-0.60280366	0.28152642	1.74407000	-0.04373584
0.40618407	-0.04115197	-0.62144344	0.51970297	1.97318150	0.17405082
0.58597728	-0.31635620	-0.89898902	0.67330697	2.51574794	0.75552309
0.60546127	-0.17207226	-0.69616555	0.71318939	2.14027573	0.06835685
0.86816489	-0.41407559	-0.73234689	0.72618107	2.01311679	0.30551064
0.60899894	-0.26857883	-0.70781561	0.69445093	1.48077871	0.63614401
0.49791807	-0.41412896	-0.40754492	0.97228848	1.38551764	0.16006003
0.46659373	-0.49688745	-0.34037074	0.91016947	0.17121552	0.22596770
0.36602549	-0.36852631	-0.31559328	1.55920111	0.54633305	0.53510853
0.49331085	-0.36822282	-0.37000482	1.17321157	0.19884963	0.43678706
0.56799242	-0.18940192	-0.24280732	1.49283497	0.83662095	1.04480763
0.66232320	-0.22778626	-0.36005814	1.33921292	1.92871503	0.82728737
0.59074037	-0.19786075	-0.33050706	1.56019815	2.05706220	0.76488719
0.81115630	-0.43208471	-0.47414492	1.87308645	1.38575255	0.84130599
0.50630952	-0.23590631	-0.11116577	1.22458175	0.93639582	0.55098336
0.47896078	-0.02167853	0.01115596	0.74779831	-0.40439788	0.30511104
0.58291875	-0.14775736	-0.03614586	0.60444915	0.33920433	0.57897360
0.34410312	-0.27413059	0.05719586	1.26053275	-0.14680717	1.06873037
0.34787642	-0.24368280	0.36670287	0.79474354	-0.20615109	0.12167860
0.61681205	-0.44087737	0.15400693	0.67423881	-0.96324818	-0.33038067
0.52842409	-0.55076223	0.16791543	0.61488337	-0.56935471	-0.12822087
0.78294486	-0.43318240	0.30731148	0.37060295	-1.06418333	-0.13559750
0.68692178	-0.46099707	-0.26830209	0.12620867	-1.58072309	-0.24702699
1.00568702	-0.37178725	-0.01579501	0.23312977	-2.02509136	-0.66659413
0.78212676	-0.29916877	0.08889641	0.40391625	-2.00456194	-0.67442788
1.10103082	-0.61650739	-0.41703448	0.92034149	-2.10422171	-0.55144521
1.02357354	-0.49255877	-0.40285264	0.99945668	-1.08651270	-0.28863024
0.90723053	-0.62804639	-0.31302999	0.90470526	-1.00415675	-0.17848607
1.15094223	-0.70617464	-0.31474306	0.80486290	-0.41109064	0.34258486
1.02481223	-0.80054206	-0.50451547	0.99675657	-0.13002535	-0.21901078
0.89579763	-0.70032455	-0.44680007	1.01342566	-1.11399109	-0.83133942
0.97017512	-0.75884087	-0.09894795	0.60172088	-1.17084193	-0.09830016
0.70420297	-0.51694633	-0.47808580	0.47963446	-1.27734849	-0.89133602
