0.87121935	0.45184871	0.21762454	0.00263598	0.01083816	-0.00427568
0.87219098	0.44853783	0.21373013	0.00631021	0.00740882	-0.00593804
0.87133980	0.44716058	0.20689843	0.00504306	0.00374314	-0.01096907
0.87055470	0.44469030	0.20781272	0.00253922	0.00084921	-0.00801818
0.87347994	0.44789264	0.20252941	0.00278158	0.00254199	-0.00740090
0.87184265	0.44937610	0.20763748	0.00130977	0.00420958	-0.01187306
0.87075263	0.44720795	0.21114804	0.00131838	0.00063918	-0.00589157
0.87361114	0.44904983	0.20847736	-0.00047498	-0.00149673	-0.00906666
0.87187377	0.44974133	0.20849873	-0.00027638	0.00121934	-0.00618938
0.87044262	0.45124043	0.21090128	0.00358774	-0.00189140	-0.00859874
0.87497517	0.44817643	0.20702320	0.00156591	0.00268063	-0.01273832
0.87677029	0.44440091	0.21379318	-0.00032548	0.00003706	-0.01464532
0.87627039	0.44805615	0.21156056	-0.00188361	0.00786427	-0.01968529
0.87118920	0.44781365	0.20785138	-0.00334095	0.00240914	-0.01542669
0.86689179	0.45450435	0.20165033	-0.00300645	0.00790986	-0.02097409
0.87232642	0.45370051	0.19924318	0.00041677	0.00966305	-0.01049888
0.87610931	0.45234142	0.20577162	0.00156155	0.01079132	-0.01498479
0.87382675	0.44736339	0.21069325	0.00175296	0.01145842	-0.01379277
0.87309950	0.44860778	0.20954955	0.00107751	0.01277711	-0.01344542
0.87258012	0.44470156	0.21011375	0.00008761	0.01003717	-0.01612814
0.87209244	0.44755186	0.21455788	-0.00318200	0.00232137	-0.01564885
0.87248427	0.44810932	0.22235489	-0.00171915	-0.00016688	-0.00502572
0.87427873	0.45525474	0.20909286	-0.00124260	-0.00140138	-0.00594985
0.87047934	0.44959413	0.19897473	-0.00003841	0.00311962	-0.00470199
0.87152184	0.44726121	0.20850059	-0.00290244	0.00514659	-0.00158363
0.86991226	0.45195292	0.21557450	0.00275768	0.01067219	-0.00331909
0.87068173	0.45178844	0.21177038	0.00196927	0.00726293	-0.00289358
0.87219245	0.44977091	0.20592614	0.00269188	0.00178019	-0.00618309
0.87282911	0.44921261	0.20124691	0.00315196	-0.00013147	-0.00399561
0.87241129	0.44822463	0.20057849	0.00236998	0.00111251	-0.00933599
0.87623171	0.44917279	0.22143426	0.00015944	-0.00184170	-0.00241823
0.87534989	0.45117897	0.22435024	0.00079456	0.00161018	-0.01278450
0.87476496	0.45109445	0.22011276	-0.00122916	0.00363089	-0.00900761
0.87684823	0.45161865	0.20535826	0.00171937	0.00862390	-0.00994009
0.87551120	0.45352374	0.21576835	-0.00008896	0.01123990	-0.00904680
0.87202245	0.44838044	0.21216885	0.00159065	0.00697121	-0.00438985
0.87320044	0.45147916	0.21509359	0.00224967	0.00687912	-0.00444775
0.86917881	0.45247803	0.21683530	0.00102942	0.00364713	-0.00616556
0.87107541	0.45431803	0.21285500	-0.00043956	0.00224671	-0.01117156
0.87246518	0.45573785	0.21607869	0.00298180	0.00118880	-0.00618040
0.87393253	0.44824546	0.21313538	-0.00089724	-0.00555390	-0.00466613
0.87148902	0.44792154	0.20439617	-0.00029903	-0.00143254	-0.00501476
0.87369660	0.45567681	0.21061450	-0.00082175	0.00229451	-0.00502668
0.87537262	0.45848127	0.21847120	-0.00426478	0.00235248	-0.01101825
0.87269704	0.45269787	0.21241569	0.00153777	0.00187879	-0.01143056
0.87135049	0.44853984	0.21352234	0.00487580	0.00125553	-0.00508235
0.86843610	0.45254480	0.21272394	0.00107999	-0.00366429	-0.00297985
0.86965318	0.45304297	0.21205454	-0.00100962	-0.00053822	-0.00193201
0.87672938	0.44835473	0.21096622	0.00009848	0.00798579	-0.00712318
0.87951186	0.45260296	0.21440807	-0.00691134	0.00437276	-0.01165847
0.87853651	0.44840834	0.21261378	0.00024326	0.00481597	-0.01249709
0.87818900	0.44841909	0.21206245	0.00636836	0.00513468	-0.00882101
0.87942680	0.45440691	0.21215594	-0.00290387	0.01344108	-0.00783551
0.87819654	0.45116804	0.21351079	-0.00492214	0.00847477	-0.00007049
0.87144639	0.44830527	0.21419553	-0.00214919	0.00045414	-0.00499923
0.87063279	0.44985441	0.21298156	0.00290930	0.00460642	-0.00254731
0.86817821	0.44917730	0.20581683	0.00481097	0.01125250	-0.00570743
0.87139528	0.44953867	0.20567626	0.00365479	0.01143454	-0.00830452
0.87075991	0.45315523	0.21303351	0.00461893	0.00805225	-0.01325455
0.86882376	0.45678883	0.22265401	0.00462444	0.00628213	-0.01138575
0.87256438	0.44937456	0.21727277	0.00028827	0.00705038	-0.00568477
0.87126089	0.44925602	0.21077653	-0.00377733	0.00626388	-0.00995803
0.87372548	0.45027434	0.21563735	-0.00614215	0.00292407	-0.00569379
0.87198578	0.45322314	0.20947600	-0.00270961	-0.00064050	0.00156156
0.87172806	0.45430667	0.21272781	0.00204702	0.00201349	-0.00000581
0.87364002	0.44886735	0.20968381	-0.00258685	0.00486652	-0.00161675
0.87267820	0.44581575	0.21522701	-0.00197381	-0.00223044	0.00087955
0.87046352	0.44775568	0.21559711	-0.00353014	0.00060322	0.00517911
0.87248743	0.44832600	0.21041494	0.00394901	0.00421006	-0.00477796
0.87062880	0.44862902	0.20727517	0.00450292	-0.00035092	-0.00429011
0.87424206	0.44963738	0.21008684	0.00263311	0.00137980	-0.00354057
0.87659352	0.45003654	0.20671060	0.00043185	0.00247142	-0.00518341
0.87630262	0.44673011	0.21410470	0.00149491	-0.00365305	-0.00303041
0.87001645	0.44818675	0.21488684	0.00490643	-0.00051080	-0.00477307
0.87202649	0.45174483	0.21596787	0.00473900	0.00519275	-0.00389094
0.87148419	0.45209553	0.21190141	0.00087946	-0.00443960	0.00101863
0.87230932	0.45153614	0.21676613	-0.00359447	0.00261227	-0.00486940
0.87351336	0.45065346	0.21939980	-0.00545177	0.00000509	-0.00777168
0.87185168	0.44599370	0.21836649	0.00053534	0.00123103	-0.00629104
0.87124086	0.44702108	0.21688501	-0.00221621	-0.00041836	-0.00006555
0.87347558	0.44460226	0.21801476	-0.00403192	0.00021927	-0.00596447
0.87219601	0.45086346	0.22106559	-0.00161055	0.00466840	-0.00770570
0.86857041	0.45241095	0.21934215	-0.00142797	-0.00064561	-0.00154493
0.86702034	0.45023468	0.21732764	0.00032132	-0.00452658	-0.00563183
0.87185236	0.45249352	0.21099606	0.00088201	-0.01321574	0.00060154
0.87183884	0.45330311	0.21032240	-0.00063319	-0.01005052	0.00185257
0.87328471	0.44970757	0.21548393	-0.00287477	0.00167990	-0.00837253
0.87188199	0.44895932	0.21667194	-0.00532521	0.00924184	-0.01661685
0.87115199	0.44779964	0.22501946	-0.00227303	0.01056543	-0.01410240
0.86790308	0.44918703	0.21877195	-0.00290662	0.00201338	-0.00850243
0.86745897	0.44989405	0.21652627	0.00246758	0.00455334	0.00008728
0.86937496	0.45004014	0.20910506	0.00248909	0.00770930	-0.00060414
0.87100234	0.45245182	0.20906414	0.00041293	-0.00213324	-0.00406621
0.87311126	0.45100708	0.21078759	-0.00110813	0.00284405	-0.00302864
0.87463747	0.44778290	0.20811379	0.00257750	0.00250427	0.00161209
0.87367850	0.45017832	0.20736327	0.00266685	0.00278505	-0.00256285
0.87328043	0.44919527	0.20975174	0.00641699	-0.00171392	-0.00203021
0.87333280	0.44700723	0.20944612	0.01070864	-0.00180361	0.00407491
0.87062488	0.44986487	0.20982429	0.00766142	0.00407018	-0.00224697
0.86812579	0.45031551	0.20996021	0.00291875	0.00126497	0.00112645
0.86998888	0.45135757	0.21103534	0.00416265	-0.00028109	-0.00200450
0.87034216	0.45122636	0.20741003	0.00226346	-0.00014832	-0.00130124
0.87664955	0.45472631	0.20809641	0.00016021	-0.00464268	0.00618586
0.87512985	0.45531374	0.21601946	0.00356361	-0.00399099	0.00496227
0.87190483	0.44889092	0.21579561	0.00048431	-0.00545313	0.00172092
0.87398330	0.44912266	0.21153417	0.00039277	-0.00115853	-0.00401712
0.87304713	0.44690842	0.21573488	0.00213272	-0.00199868	0.00293823
0.87242878	0.45183467	0.21515150	0.00573775	-0.00247131	0.00924445
0.87192861	0.44966555	0.21381672	0.00321990	-0.00087271	-0.00201532
0.87304124	0.45027377	0.20418188	0.00306485	-0.00300184	-0.00138784
0.87298612	0.45266778	0.20760708	0.00576416	-0.00368293	-0.00327456
0.87687642	0.45107215	0.20452261	0.00162263	-0.00276131	-0.00457593
0.87420135	0.45060772	0.21419519	0.00006810	-0.00813277	-0.00292101
0.87495343	0.44751615	0.20699862	0.00020076	-0.00774224	0.00098787
0.87078886	0.45062548	0.20577727	0.00069133	-0.00899039	0.00616688
0.87237181	0.44944897	0.21489366	0.00207335	-0.00562515	0.00622709
0.87294962	0.45169351	0.21570249	0.00418276	-0.00009312	0.00112524
0.87289840	0.45182656	0.20683586	0.00481771	-0.00670614	0.00017761
0.86946393	0.45086721	0.20329279	0.00294396	-0.00377022	0.00025626
0.87052397	0.44707680	0.20851247	-0.00229050	-0.00304831	0.00021857
0.87403557	0.44724156	0.21040677	-0.00006084	-0.00672473	0.00413963
0.87201780	0.44562140	0.20706085	0.00165551	0.00250431	0.00355398
0.87075579	0.44912137	0.20872614	0.00177028	-0.00151398	0.00079179
0.87134118	0.45032489	0.20910119	0.00202884	-0.00793123	-0.00559986
0.86959040	0.44900480	0.21157627	0.00301104	-0.01021858	0.00005705
0.87251645	0.44647309	0.21426566	-0.00221223	-0.00611972	-0.00086627
0.87481659	0.44480756	0.21315748	-0.00014228	0.00152018	-0.00360540
0.87172555	0.44098208	0.21731324	0.00091902	0.00587785	-0.00549132
