0.14996920	0.90588539	0.39123803	-0.00000972	-0.03308436	-0.01423576
0.14854319	0.91051077	0.39150880	0.00370664	0.00839404	-0.02630904
0.15897029	0.90703283	0.39017642	-0.02240252	-0.00257850	-0.01714389
0.15703882	0.90901546	0.40063066	0.00992402	0.00710751	-0.02295769
0.14823217	0.91088820	0.40105880	-0.00242162	-0.01109022	-0.02901702
0.15113035	0.91190857	0.39808454	0.02546409	-0.02478467	-0.00995146
0.14517658	0.90121738	0.39166720	-0.00778000	-0.01161431	-0.01046325
0.15450991	0.90395058	0.39152227	-0.01502631	0.00716698	-0.01211836
0.15046646	0.90707522	0.39213985	-0.00664891	-0.01489895	-0.03783060
0.15281348	0.90914866	0.39166024	0.01956277	0.04569375	-0.01791172
0.16623533	0.90405851	0.38447589	-0.01108840	-0.00114021	-0.02750120
0.14576303	0.90556362	0.39839823	0.00438158	-0.04778223	-0.03349754
0.14624336	0.90813615	0.39207285	0.00517155	0.02431352	-0.01572773
0.13789533	0.91349275	0.39820320	-0.01220920	0.02568548	-0.02353595
0.14992091	0.90774289	0.38922071	-0.01902125	-0.02315678	-0.01960008
0.14711376	0.91115721	0.39006337	-0.02449631	0.04488092	-0.00871159
0.15878240	0.90999091	0.38361453	-0.02581860	-0.06272343	-0.00281012
0.14158818	0.90797197	0.39846701	-0.03020920	-0.02813269	-0.00724708
0.15716964	0.90971205	0.38844892	0.00747893	-0.00226943	-0.02702679
0.14819515	0.89908852	0.39027234	0.00146904	-0.03776223	-0.02234585
0.14444240	0.89778718	0.38827529	-0.00691200	-0.02257706	-0.01441400
0.13796378	0.90565603	0.38997887	0.00620185	0.03408843	-0.02371864
0.14313958	0.91412704	0.39162995	-0.00148635	-0.02529505	-0.00791282
0.13684423	0.91218925	0.39721545	0.00645955	0.00434923	-0.02175441
0.14242064	0.91084053	0.40985488	-0.00169583	-0.01294551	-0.02093687
0.14121206	0.90668351	0.38912725	-0.01885915	0.04798868	-0.01056299
0.15449844	0.90540036	0.38527020	0.01601294	0.04442685	-0.02626272
0.15871044	0.89974180	0.38954333	-0.00480723	-0.00669772	-0.01422948
0.15382975	0.90407604	0.39310459	0.00283925	-0.00306674	-0.01311954
0.16077579	0.90329729	0.39446119	0.01516616	0.00309256	-0.00392984
0.14228672	0.91799583	0.38392322	0.00448181	0.02114847	-0.02169847
0.14501232	0.91486660	0.37869692	-0.00669766	0.00741871	-0.01209167
0.14283862	0.91122993	0.39358238	0.00521655	0.00840250	0.00416388
0.14436220	0.91626248	0.38279284	-0.01334938	0.01255109	-0.01690635
0.16106840	0.90995004	0.39462016	0.00408296	0.06452463	0.00637853
0.15234837	0.90837069	0.39155051	0.00241912	-0.00980462	-0.00810808
0.14166032	0.90294382	0.39332144	-0.00411308	0.07184777	-0.03713693
0.15814905	0.90760837	0.39224332	0.01690359	-0.04594562	-0.00545890
0.15406865	0.91529954	0.39167295	-0.01350678	0.04121991	-0.01889467
0.15233464	0.92374995	0.39542244	0.00354554	-0.00815554	0.00308567
0.15246861	0.91249805	0.38689093	-0.01893307	0.03987083	-0.00981171
0.14097631	0.91017243	0.39447782	-0.00298791	-0.00897375	-0.00910234
0.15214767	0.90036042	0.38173510	-0.00272289	0.04737973	-0.01913358
0.14352640	0.89787716	0.39746702	-0.02267678	-0.00849498	-0.00589652
0.15631947	0.90527829	0.39551262	-0.01289080	0.01000130	-0.01236755
0.14389072	0.90737397	0.38558965	-0.02618555	0.03191527	-0.02393246
0.15777178	0.90906716	0.37769605	-0.00671293	-0.03397510	-0.01789529
0.16026756	0.90964312	0.38711268	0.01333612	0.01725905	-0.01300343
0.15604439	0.91163713	0.39878394	-0.00503855	-0.01018168	-0.01026713
0.15023507	0.90568671	0.39283872	0.01096349	-0.02759084	-0.01328397
0.15087511	0.90448130	0.38925793	0.01064306	-0.01303991	-0.01093384
0.14932719	0.90456974	0.39067448	-0.02414616	0.02651406	-0.02428677
0.16107511	0.91109616	0.39387698	-0.00244208	-0.02286137	-0.00187275
0.13589152	0.90373055	0.38867229	-0.00983404	-0.01505217	-0.01371788
0.14354314	0.90903158	0.39616195	-0.00719190	-0.06973290	-0.00204629
0.14398869	0.90850372	0.39263861	-0.02403059	-0.05512178	-0.01017327
0.15126705	0.90578991	0.39989654	-0.00700484	-0.03033058	0.00885424
0.15750847	0.90426550	0.40222273	-0.03223041	0.03182410	-0.00170936
0.15384776	0.90591327	0.39947052	-0.00375126	0.00234258	-0.01818501
0.15135770	0.90360325	0.40315597	-0.00239641	0.00062332	-0.00614321
0.15491372	0.91020371	0.40835209	-0.02498706	-0.06815223	-0.01375573
0.14156495	0.90669319	0.39633703	-0.00036025	-0.00118996	-0.00099816
0.15954293	0.90638637	0.39570816	-0.01019133	-0.00815034	-0.00657130
0.16478916	0.90588478	0.38657490	-0.02870205	0.01943670	-0.03031763
0.14375176	0.90409845	0.38778465	0.01800245	0.01565052	-0.01010704
0.14417595	0.90205785	0.38111622	-0.00447890	-0.00057733	-0.00132888
0.14587280	0.90944457	0.38390775	0.00775040	-0.00148489	-0.02321048
0.15071038	0.90037803	0.39358030	0.00384843	0.01008540	-0.00621524
0.16043919	0.90822162	0.38719861	0.04140472	-0.00263085	-0.00006885
0.14678123	0.90080632	0.39395608	-0.01389810	-0.02723346	-0.00607482
0.15094776	0.90687073	0.40402379	0.00628232	0.03129119	-0.00414507
0.15884831	0.90452985	0.40429983	0.03595147	0.03180538	-0.00843070
0.14533553	0.90489175	0.40032124	0.03207517	0.06115422	-0.02273110
0.15134462	0.91372514	0.38967917	0.06903368	0.05547472	-0.01760765
0.16675530	0.91022921	0.36733906	0.02387659	0.00185237	-0.01537242
0.15450086	0.91143902	0.35579452	0.03882516	0.04886751	-0.02352651
0.14715067	0.91423576	0.37006870	-0.02472042	0.08530283	-0.03318847
0.13498633	0.91854983	0.38256134	-0.03827423	0.08156001	-0.01823633
0.14342575	0.92306521	0.38030392	-0.03066474	0.03868187	-0.01601039
0.14981916	0.91925595	0.37550492	-0.03219065	0.04161667	0.02691269
0.14698062	0.91856338	0.38590964	-0.03732772	0.01658063	-0.00465727
0.14906264	0.91219719	0.38564050	-0.03039654	0.00006343	0.00930610
0.14725368	0.89953174	0.39738912	-0.02352956	0.03467994	0.01165883
0.14974204	0.90160678	0.40286019	0.00626606	0.01206981	0.01382112
0.14841923	0.90078813	0.39888701	-0.00827293	0.04499560	-0.01278061
0.14820059	0.90266124	0.40154978	0.00245884	0.01860043	0.00526479
0.14497959	0.90299622	0.39294255	-0.02054996	0.02067622	-0.00283105
0.15826736	0.90095365	0.39874071	0.01736383	-0.02227063	0.00298480
0.15647292	0.90318507	0.39204316	0.03984637	0.03682498	0.00128748
0.13982494	0.90710774	0.39148302	0.02519009	0.04062833	0.02486515
0.14414447	0.91115960	0.39161921	-0.00111226	0.01946227	0.00141670
0.14633898	0.90555561	0.39220692	0.02940025	0.00259063	0.01160614
0.14405933	0.91269371	0.37586138	0.02545709	0.00641020	0.01407426
0.14528474	0.91038398	0.38121921	-0.00131347	0.00706107	-0.00618833
0.14048163	0.92195997	0.38023308	0.02427074	-0.01561158	0.01193258
0.15560382	0.91836563	0.38945160	-0.01980203	0.05664315	0.00663859
0.14742055	0.91216638	0.38495263	0.00103320	0.11174255	0.04146456
0.14887369	0.91639784	0.38983645	-0.02771738	0.00181606	0.05331392
0.14824483	0.91552398	0.40327460	0.01173585	0.00407810	0.03636551
0.13862332	0.90760704	0.39153209	-0.00688889	-0.06730755	0.05234696
0.16989408	0.91015026	0.38162737	0.01016373	0.07995461	0.05532308
0.17866245	0.92256889	0.37328251	0.00767106	0.20927944	0.04597823
0.18838843	0.92135020	0.35559733	-0.06539964	0.20822207	0.02029746
0.16086911	0.91016844	0.37282712	-0.09417922	0.20585140	-0.00881139
0.12185793	0.89436206	0.40575133	-0.10927387	0.18760921	-0.01705408
0.11121412	0.90229952	0.40181159	-0.07305209	0.01902511	-0.01755041
0.12049437	0.90276513	0.39951333	-0.01984864	0.02379426	-0.00283247
0.15351056	0.89978237	0.39857034	-0.02788002	0.08359911	-0.00460263
0.14751595	0.90459315	0.41055598	-0.00487364	0.06289628	0.00871616
0.13648425	0.91382031	0.40844923	-0.04478337	0.02702945	-0.02230812
0.14926222	0.90307400	0.42436247	0.00196864	-0.04607724	-0.02692878
0.15725933	0.89783517	0.42585312	-0.00974809	-0.02358353	-0.00502208
0.14972928	0.88720524	0.42271855	-0.01220390	-0.05373116	-0.03875476
0.15875245	0.89483952	0.40849152	0.02267481	-0.01029281	-0.01603207
0.15714298	0.90423180	0.40894126	0.04380444	-0.02732346	-0.04297636
0.14648589	0.89762340	0.40846489	0.04065524	0.00379809	-0.03874769
0.14094881	0.91228894	0.40434475	0.02881795	-0.03730407	-0.04473453
0.13954888	0.91597754	0.39750258	0.03357244	-0.07110892	-0.03131071
0.13119210	0.90691145	0.39200481	-0.00182629	-0.08404630	-0.03827785
0.15886696	0.90586564	0.38186455	-0.03313245	0.00414159	-0.02973768
0.15975783	0.90905190	0.37854817	-0.02267718	0.06190515	-0.02036197
0.15379491	0.90514443	0.40059260	-0.05840221	0.05227288	-0.04196690
0.14448888	0.91430837	0.39517331	-0.02983925	-0.03361180	-0.04492512
0.15026651	0.90435695	0.40337404	0.00899975	-0.02059990	-0.03589624
0.14499457	0.90060431	0.38690662	-0.01116117	-0.06034492	-0.01048408
0.13479164	0.89498221	0.39819496	0.03802486	-0.06755170	-0.00586913
0.13351418	0.88783749	0.39028489	0.02582690	-0.09216766	-0.02429743
0.13891518	0.89590985	0.40600140	0.01609425	-0.08285936	0.00983275
