1.13720566	0.03446658	0.14812630	0.53404451	0.33508958	0.15122716
1.08688074	0.18995031	0.01309601	-0.09500678	0.45468960	0.04436338
0.85127398	-0.09751569	0.04946306	-0.71739637	0.22690179	0.41896520
0.53513369	0.06377075	0.03182292	-0.96675124	0.39392752	0.33351278
0.55616888	-0.16832156	0.12742442	-1.56863195	0.45112111	0.30297745
0.38273624	-0.24399067	0.15600796	-1.20148779	0.26810549	0.36871193
0.59370179	-0.25672814	0.10086609	-1.03326526	0.10129621	0.52598119
0.75079461	-0.26554019	0.13139697	-1.19399229	0.10762442	0.27554605
0.86326588	-0.19317801	0.20146571	-0.61642831	0.01824899	0.06777677
0.85383310	-0.15365863	0.23256389	-0.48737877	-0.01473287	-0.16030223
1.03074561	-0.09848232	0.17885244	-0.56662476	0.02889524	0.09928636
0.76704726	-0.07096506	0.18239060	-0.70342963	-0.07317125	0.03464057
0.97580688	0.06410896	0.16483549	-0.55737180	-0.09387831	0.03010748
0.83295626	-0.10448540	0.11628815	-1.15621902	-0.01005934	-0.34318475
0.89938233	-0.13826643	0.12677755	-0.45877149	0.22828739	-0.25749604
1.31268711	0.13486807	0.07553703	-1.09643215	0.20500512	-0.36912415
1.28170726	-0.36121424	0.11085314	-0.77151291	0.13395022	-0.06998875
1.25960461	-0.19465738	0.06773466	-0.12672777	-0.33575324	-0.01469013
1.56920374	-0.00791274	0.15539209	-0.96074691	-0.02767684	0.17848276
1.53894103	-0.22857000	0.18269637	-0.90144226	0.16061459	0.31100824
1.39523884	-0.37280022	0.16967812	0.09918646	0.65316585	0.52980229
1.06741168	-0.63762584	0.00805198	0.42774718	0.11124884	0.32135295
1.14437411	-0.79329907	0.01326647	0.84946017	0.16142607	0.37658774
1.00157476	-0.75289586	-0.03007180	1.51080878	-0.09298255	0.40306800
1.02551957	-0.47495367	0.00657337	0.90467193	0.46782175	0.14037696
0.89469159	-0.42857859	-0.15423179	0.20911188	0.34203829	0.02126300
0.86548115	-0.33541063	-0.18576850	-0.44010263	0.57118939	-0.17099052
0.84749048	-0.42037166	-0.04713042	-0.35801627	0.11114702	-0.01020792
1.02557947	-0.37450794	0.03482649	-0.54508864	-0.21406844	-0.14946995
0.84808065	-0.38640234	-0.07250977	-0.13964106	-0.43959795	0.03536107
0.86460141	-0.43147587	0.04265926	0.38908981	-0.51855999	-0.32414391
0.79259656	-0.41546529	-0.03385281	0.83036469	-0.43574527	-0.33365638
0.61487232	-0.36539538	-0.00041007	0.99981698	-0.45879874	-0.31824534
0.91708959	-0.12257334	-0.09658093	0.78975280	-0.08761539	-0.24006398
0.77538549	-0.07433693	0.04316434	0.80552703	-0.43271870	-0.03173008
0.78847586	-0.20269187	-0.05318103	1.02065430	-0.53629349	0.26595931
0.96549484	0.02461695	0.00112923	0.79963465	-0.34564032	0.29871409
0.70912678	-0.25546379	-0.03388484	0.75347861	-0.17206997	0.07839402
0.94057818	-0.04804015	-0.11802527	0.57590638	-0.06793919	-0.02738762
0.96546847	-0.10318294	-0.00127656	0.28312596	-0.04791686	0.46297647
1.03404325	-0.23180320	0.09682330	0.52850900	-0.10076178	0.44433294
1.01735406	-0.23178665	0.11504481	1.12919858	-0.00687468	0.46444745
0.92749066	-0.24799911	0.05899787	0.75281143	0.13767343	0.44607014
1.11962909	-0.32660062	0.08822100	0.91313149	-0.00623272	0.18735782
1.13758388	-0.03182789	0.13958503	0.68938337	0.20831160	0.16543373
1.28530775	0.07934081	0.20971357	0.31243469	0.09927501	-0.20562918
1.09191525	-0.11688258	0.17636055	0.31139873	-0.59119249	-0.48335313
1.00427267	-0.06315948	0.13896020	0.90087269	-0.67036800	-0.32310892
1.17151943	-0.22565662	0.12484586	0.59595175	-0.56858392	-0.08596056
1.21150288	-0.18723503	-0.04825953	0.96768054	-0.44615284	-0.24002525
1.12019181	-0.40077531	-0.07799824	-0.50925940	-0.38192799	-0.87501840
1.12471426	-0.26335076	-0.10052391	-0.88818939	-0.56470218	-0.65704915
0.98480651	-0.45699854	-0.05000998	-1.05196587	-0.17361157	-0.94637742
1.23360413	-0.61847567	-0.03317461	-0.76528170	0.06920154	-1.18457976
1.23959044	-0.51656470	0.07179508	0.47467204	0.49434099	-0.69877000
1.22279970	-0.30185444	0.05707404	-0.11656884	0.46325566	-0.04455684
1.37318813	-0.46641953	0.05816891	0.29545620	0.42523794	-0.29484707
1.35540939	-0.04662778	0.24226398	0.13773438	0.44707855	-0.10667838
1.25050956	-0.01318539	0.19316274	-0.32146199	0.44497422	0.37116160
0.76344728	0.01912069	-0.00784883	-0.96321033	0.60075406	-0.00428905
0.75894344	0.03097300	0.13458649	-1.01557958	0.81451161	0.06888244
0.66815051	-0.04956463	0.03589492	-1.39567858	0.69063274	0.17345350
0.52016486	-0.24388603	0.05501214	-1.37964010	0.40440447	0.27008141
0.72266146	-0.21552913	0.16472056	-1.36974422	0.46908437	0.21907012
0.77651257	-0.29944421	0.09232851	-0.86856327	0.34684375	0.33060259
0.62020982	-0.09089193	0.09599498	-1.03837323	0.33468522	0.35724731
0.88888868	-0.47707066	0.18961799	-0.60654728	-0.03711232	0.19868637
1.09626260	-0.37401382	0.23701880	-0.41023328	0.10415901	-0.21870317
0.82075981	-0.23237963	0.22122174	-0.31431810	0.10738546	-0.00180633
0.86650984	0.00357067	0.27878417	-0.47233879	-0.26685676	-0.09104005
0.89809581	-0.05136793	0.17660885	-0.28333667	-0.45743136	-0.12347192
1.00560978	-0.01987598	0.14155632	-0.30385313	-0.27557223	0.11113072
1.06917680	0.03745456	0.29202197	-0.97676786	0.06022046	-0.10617137
1.00547452	-0.22699496	0.19538013	-1.18055870	0.26292887	0.08949237
1.13578234	-0.05451098	0.29587040	-1.00882291	0.06534649	0.07418186
0.96092605	0.24821786	0.42059560	-0.56198708	-0.13191521	0.25779237
1.02262574	0.03386363	0.30173788	-0.80980485	-0.18983295	0.30138116
1.30618156	-0.14564577	0.28892307	-0.62045360	0.18414662	0.33874223
1.39281141	-0.31249031	0.11361471	-0.87398753	0.62159930	0.39499504
1.32454800	-0.59253889	-0.00230254	-0.17072764	0.24940867	0.49106418
1.31727685	-0.65565171	-0.03035605	0.51947498	0.17167864	0.62667045
1.32623780	-0.77057101	0.06192755	0.67768963	0.49725491	0.40363876
1.10490522	-0.61171713	0.00022007	0.72258904	0.22890984	-0.02338371
0.90696575	-0.16506899	0.07805417	0.08897460	0.35183838	-0.06992585
1.25922413	-0.32199036	-0.01874583	0.03582597	0.47331782	0.15495625
0.84362802	-0.27130406	-0.07096174	-0.31492380	-0.12651757	0.01237377
1.02084957	-0.22507399	0.01419780	-0.38885699	-0.37978766	-0.03146237
0.85113008	-0.64344730	0.04158415	-0.18934136	-0.43427564	0.02545805
0.81373099	-0.46149502	-0.02321106	-0.00124981	-0.43054122	-0.83893317
0.79986057	-0.52083245	-0.03500562	0.74657061	-0.26358300	-0.23795026
0.73056501	-0.29751083	0.03829841	0.90647928	-0.09900930	-0.13806734
0.70998451	-0.19689559	-0.00418405	0.96472720	-0.31859754	-0.03740580
0.86860384	-0.29649339	-0.02961343	0.74052709	0.07388410	-0.01959524
0.79558371	-0.11048558	-0.00636100	0.58234493	0.10164110	-0.09908876
0.75560686	-0.30960465	-0.03187200	0.76831348	0.00231377	-0.06219894
1.06127334	-0.04284581	-0.00695306	0.11765127	-0.13276345	0.44747091
1.11568186	0.00077663	-0.03524895	-0.27473236	-0.30560805	0.10308917
0.93546141	0.06069129	0.03839066	0.52391269	0.05866103	0.13310127
1.04043417	-0.13092028	0.02459515	-0.05431251	0.25896660	0.38446262
0.83690976	-0.25529435	0.05974251	0.19418895	-0.03077058	0.42738407
1.25839172	-0.23026455	0.03932535	0.16049153	-0.03911676	0.45839375
0.91267387	-0.00484139	0.09057923	0.41945922	-0.04376298	0.24464833
0.93497032	-0.20966787	0.17036482	0.31431783	0.21937482	0.17647136
1.09784723	-0.33810007	0.08966444	0.56294951	0.04588296	0.31457115
0.99326379	0.00831572	0.07688152	0.79052700	-0.24956228	-0.27976134
0.96260871	0.09155732	0.05865350	0.59931717	-0.25445500	-0.20171516
1.04501034	0.08378699	0.24822157	0.55775085	-0.68685176	-0.14462623
1.12972665	-0.38198522	0.20640210	0.33488790	-0.63106516	-0.13217465
1.24690532	-0.30027210	0.16182377	0.95410790	-0.66203273	-0.42674099
1.16564345	-0.38608403	-0.02143357	0.24564823	-0.80589909	-0.35667529
1.12835165	-0.31554527	-0.24191644	-0.57871164	-0.47738168	-0.86322293
1.31007935	-0.33639063	-0.16868538	-0.15670404	-0.34544480	-0.79467214
1.11672704	-0.46374533	0.04686655	0.47234077	-0.33684872	-0.55278880
1.44771358	-0.57073323	0.00908095	0.17656940	0.24022262	-0.59215622
1.35409520	-0.68368371	0.06226984	0.93271761	0.62643118	-0.45986000
1.32214392	-0.47438370	0.20091062	0.90044694	0.58314681	-0.03371193
1.38890888	-0.43715412	0.09451357	0.32018415	0.50596246	-0.27338162
1.05451600	-0.05969766	0.12445584	0.11667194	0.73685204	-0.01746937
0.96778759	0.09597755	0.05917092	-0.39704864	0.82768403	0.34082071
0.94263157	-0.02869149	-0.01625844	-0.92971620	0.68409817	0.51407485
0.96174832	-0.18455764	0.09632201	-0.96712553	0.43468350	0.26176004
0.85133584	-0.09953400	0.05379225	-1.41881864	0.05748258	0.50900107
0.76935138	-0.23639536	0.12032285	-1.06873747	0.21080771	0.13457071
0.92510183	-0.36394226	0.12777199	-1.14474964	-0.12883451	0.34033304
0.82018354	-0.29352455	0.13483305	-0.47241110	0.37922316	0.42842216
0.75802548	-0.41329888	0.15617246	-0.37237078	-0.01514832	-0.05920154
0.99642813	-0.34296046	0.09393956	-0.13252453	-0.29230202	-0.09223793
0.85818868	-0.16450846	0.18591454	-0.08017505	-0.17852787	0.06198594
