1.07768885	-0.34152375	-0.05584721	0.47022184	-0.65151953	-0.26267123
1.03961401	-0.33621601	-0.15955559	-0.19999345	-0.61726084	-0.51114662
1.08545126	-0.34060838	0.00173456	-0.29772413	-0.46983531	-0.58643142
1.04187670	-0.50356595	-0.15136292	-0.37225707	-0.36532140	-0.66852364
1.23760687	-0.49521815	0.00261077	-0.64732694	-0.18896377	-0.74309008
1.17580866	-0.62682351	0.01036863	0.13219871	0.27921511	-0.84914560
1.47314881	-0.59794052	0.17814560	0.03002631	0.31777493	-0.24021914
1.25717041	-0.25080198	0.10198556	0.42932451	0.62515900	-0.01699436
1.26999348	-0.17115909	0.17231853	0.59545387	0.59979437	-0.03413761
1.10313775	-0.22087917	0.13748077	0.09597897	0.43871253	0.28409262
1.03268682	0.12054455	0.22126914	-0.40179834	0.68206701	0.38413634
0.79837167	-0.09225969	0.06411258	-0.85558043	0.45813841	0.53408317
0.58816564	-0.08676593	0.11840150	-0.53316881	0.20508689	0.40670028
0.80266633	-0.03900594	0.02224009	-0.60405263	0.39107684	0.22583843
0.58533635	-0.16378090	0.02357716	-1.36785817	0.10215556	0.26162178
0.72406988	-0.34675214	0.04790377	-0.52485855	0.09273945	0.03249672
0.71137708	-0.29236281	0.18274506	-0.67496263	0.28040196	0.21174580
0.87124605	-0.33469434	0.28081331	-0.45327050	0.33135154	0.03814904
0.68651612	-0.30096830	0.22511202	-0.14708955	0.17601731	-0.04386939
0.88123331	-0.30944142	0.35782692	0.04705411	0.23786354	-0.03615019
0.80586757	-0.23818894	0.20360252	0.10367247	-0.25279138	0.02880686
0.95225293	-0.06202915	0.21536529	-0.40757081	0.18887177	-0.01455132
1.04906348	-0.01427684	0.24264321	-0.56360770	0.08038895	-0.36682143
1.06604778	0.10533600	0.15839766	-1.06099962	-0.23936180	-0.35331137
1.24751042	0.01125429	0.15948369	-0.90525340	-0.13378888	-0.24890709
1.14905306	-0.21009798	0.28880087	-0.77101243	-0.00594998	0.05226092
1.29735561	0.01157498	0.32060099	-0.63906858	-0.19245887	0.11962316
1.46770677	-0.09664299	0.40952882	-0.27043123	-0.09316139	0.34323853
1.51300112	-0.12878549	0.34938766	-0.01182456	0.04034967	0.15938674
1.37585934	-0.18785280	0.24935346	-0.72586690	0.16394074	0.38357948
1.28786571	-0.51541132	0.16869528	0.17626234	0.05748468	0.08863335
1.24171025	-0.56903016	0.05634640	0.50769488	0.15560229	0.59966685
0.91424995	-0.63747523	0.08628702	1.49754156	0.18941376	0.26389487
0.75838821	-0.43572638	-0.03151035	0.72313002	0.49704932	0.13873686
0.91347005	-0.25750211	-0.15507630	-0.18958190	0.14301757	0.03336377
0.87233290	-0.32159050	0.00845589	-0.12091708	-0.37149173	0.04332355
0.87632046	-0.30342386	0.06633296	-0.21191724	-0.27211180	-0.08416376
0.91168714	-0.34810288	-0.04504505	-0.28536287	-0.28351476	-0.18037443
0.95720025	-0.32532871	0.12245629	0.27844480	-0.51782882	-0.27075074
1.02038448	-0.54883863	0.05316534	0.24887425	-0.54734562	-0.27516598
0.96085733	-0.44091141	0.12253359	0.93056094	-0.34503942	-0.16190204
0.66054911	-0.41915776	-0.00097908	0.98048316	-0.42536002	-0.13559327
0.76135413	-0.44316584	0.00775304	1.69393283	-0.54148653	-0.03656551
0.88949586	-0.22235508	-0.03647516	0.64329506	-0.49506302	0.21373348
0.93378101	0.10500060	0.02654274	1.12447542	-0.11999713	-0.01456257
0.85253941	-0.09514851	-0.10451242	0.49023275	-0.03752008	0.35700798
0.96139750	-0.10699839	0.16273637	-0.00686073	-0.17043154	0.44936406
1.02306310	0.12229231	0.00882554	0.34088924	0.01711127	0.15782799
0.94894275	-0.09832445	0.11384317	0.31663302	0.05043746	0.25727686
0.94881064	-0.20100566	0.06350390	0.18469082	0.04640237	0.36659384
0.90205974	-0.19712726	0.03523542	-0.28207946	0.25791489	0.41420946
1.14831390	-0.18490586	0.12064044	0.50594847	0.23090831	0.25593980
0.97286800	-0.31681914	0.18809227	0.83096239	0.06243735	0.08345449
1.17234664	-0.21258195	0.12323234	0.11011714	0.20536374	0.19506462
0.95129258	-0.04886587	0.19346307	0.02074926	0.01457249	-0.30209386
0.99433965	-0.20446294	0.17295303	0.24586223	-0.54375902	-0.26020719
1.20632601	-0.28000880	0.15661039	0.55433707	-0.63818079	-0.40284566
1.64092986	-0.47809730	0.14967432	0.71379595	-0.41928423	-0.12055076
1.15608648	-0.40649906	-0.00309894	0.11743778	-0.65690055	-0.55029770
1.02508223	-0.23797024	-0.14687282	-0.32009380	-0.57185911	-0.87742791
1.08295263	-0.16133154	-0.18618125	-1.03559264	-0.48130788	-0.90885576
1.21194417	-0.66314049	-0.07499444	-0.34902104	-0.01231639	-0.81517740
1.38338121	-0.37951875	0.00663803	0.51476215	0.19347800	-0.78958065
1.21171706	-0.38091737	0.16533031	-0.26449138	0.32461173	-0.03106049
1.41003226	-0.51920856	0.17641923	-0.07044083	0.30260882	0.13602349
1.26183750	-0.18527530	-0.02895747	-0.09635392	0.60463153	-0.02799152
1.25497240	-0.08196483	-0.01852168	-0.27248096	0.55407110	0.14768531
1.02464636	-0.16041710	0.03274242	-0.95363136	0.47025543	0.19379572
0.90477642	-0.27221579	-0.04338127	-0.61997455	0.58513635	0.32056379
0.79306896	0.04361723	0.05120526	-0.78849738	0.39921820	0.39238242
0.47211737	-0.03039879	0.00331346	-0.61892896	0.25410114	0.73496212
0.60889917	-0.25532877	0.08837595	-0.82039462	0.17699860	0.74826044
0.67846458	-0.58752281	0.17053223	-0.69551958	0.12650307	0.35527066
0.66556354	-0.41754413	0.13085626	-0.59439395	-0.12522180	0.31357606
0.90045959	-0.31271919	0.16302185	0.17472199	0.11365822	0.08196090
0.73164008	-0.38260057	0.20424793	-0.32164960	-0.02972337	0.12058903
0.82638264	-0.28158052	0.22818926	0.05527683	0.07112831	0.14036596
0.96690363	-0.10680261	0.13817018	0.00294866	-0.25039969	-0.43176164
0.72004272	-0.08217872	0.24294082	-0.28588513	-0.22455579	-0.23926539
0.92735851	0.04890203	0.16999936	-0.71854057	0.02566930	-0.55332855
1.23657363	-0.30448114	0.17807289	-0.20633936	0.39015647	-0.59516354
1.08693761	0.10090667	0.24067180	-0.78211128	0.33146496	-0.32089784
1.12401394	-0.12994440	0.28465715	-0.65173286	-0.06284696	-0.23371698
1.04301834	0.15076534	0.35973122	-0.48297052	-0.02821528	0.05938364
1.30488833	0.05397615	0.39030255	-0.71791611	-0.37373418	0.43317052
1.38009813	-0.13962504	0.21059319	-0.58535590	-0.40371006	0.63480229
1.52994134	-0.13133109	0.19016603	-0.01995193	0.09252554	0.42609335
1.43790001	-0.70563660	-0.02785091	0.37150132	0.21338800	0.30660361
1.16432642	-0.78758716	-0.00175711	0.57132972	0.32486754	0.79481174
1.09029546	-0.62969729	-0.01152777	1.08301019	0.53300667	0.06626344
0.80408095	-0.36285725	-0.02107000	0.63098894	0.52196290	-0.01716684
0.89924650	-0.06608513	-0.14156338	0.04254149	0.32202529	-0.34082004
1.04016640	-0.32989436	-0.11939924	-0.06925063	0.33345962	-0.13189594
0.85681239	-0.22244346	-0.09854062	-0.01223643	-0.17711153	-0.10775170
0.90822756	-0.24316059	-0.00363624	0.11339787	-0.02381000	-0.07651308
1.16537121	-0.42274471	0.00181007	0.02593792	-0.24625125	-0.13254087
0.84864834	-0.25716556	0.02955273	0.55960971	-0.47890428	-0.28287937
0.85580192	-0.38644360	0.00221606	0.41468875	-0.11210942	-0.36459646
0.84987609	-0.21040403	0.00921588	0.98532642	-0.45477445	-0.50178690
0.74853386	-0.10564088	0.06524070	0.94152832	-0.17566814	0.02062975
0.75217381	-0.11230662	-0.06499326	1.38576982	-0.08229807	-0.09526011
0.72182067	-0.06926297	-0.01429773	0.47543266	-0.31243571	0.12920597
0.80406263	0.02105885	-0.07183147	0.74061599	0.01025294	0.21939602
0.92527540	-0.05872901	0.02478691	0.61428050	-0.41575250	0.20187437
0.75234789	-0.05256993	-0.01961066	-0.19299551	0.06616907	0.31538423
0.86503568	0.08566704	0.06009686	0.22320527	-0.02545758	0.25756746
0.93444052	-0.05066388	0.07355768	0.27179451	-0.08833498	0.23704406
0.95224557	-0.05877057	0.01504204	0.43718582	-0.10199960	0.10023970
1.00727293	-0.14859870	0.12051268	0.61918259	-0.08370645	0.11276372
0.98868726	-0.19768728	0.02996398	0.33017028	-0.15183098	0.25435843
1.22078439	-0.10114202	0.03035887	0.85591542	-0.00350463	0.13292198
1.13320895	0.10532355	0.14753021	0.86885313	-0.16871655	-0.08463579
1.17217862	0.25933763	0.22948379	0.71070143	-0.42080337	-0.09980145
1.10847026	0.12103830	0.16175002	0.32229529	-0.47823131	0.01876260
1.15330095	-0.29802091	0.13954847	0.74651788	-0.35373655	0.18371338
1.23628134	-0.33888509	-0.03245570	0.29623802	-0.20081967	-0.00115636
1.21511795	-0.27500631	-0.04940981	-0.50108541	-0.42475925	-0.67405273
1.06256223	-0.34376077	-0.10384597	-1.16230836	-0.32169755	-0.80379858
1.04744783	-0.61128615	-0.14209984	-1.17462316	-0.28352556	-0.55958460
1.25368132	-0.42467776	0.02222058	-0.74177209	-0.03508402	-0.80861855
1.32919759	-0.40252361	0.03938810	-0.31050101	0.42647884	-0.61106099
1.24161967	-0.52037607	0.04483113	-0.07514877	0.53113544	-0.37121402
1.31099597	-0.55911226	0.08688361	-0.05332225	0.42178098	-0.15486907
1.30645228	-0.13678638	0.06731798	-0.06752506	0.60534925	0.05694694
0.98461563	-0.25561148	0.12914750	-0.36867245	0.81059008	0.25919597
0.87619108	-0.05372243	0.11950517	-0.90671119	0.74024038	0.35811115
0.84528952	0.04298439	0.04874094	-1.36559363	0.60799674	0.20992538
0.59229629	-0.16514274	0.01404646	-1.00904116	0.26815712	0.25491501
