0.93729585	-0.25324218	0.05083610	0.47745852	0.90873586	0.02123580
1.05135159	-0.33721876	0.03295203	0.70163252	1.10827575	0.09737225
0.91505687	-0.28461539	0.04622569	-0.69399592	0.63514639	0.03054595
0.97498529	-0.14366635	0.07795626	-0.81453053	0.73369203	0.00765874
1.01043889	-0.17308694	0.06689734	-0.21332802	0.46799841	0.12434368
1.16759684	-0.13413320	0.02750860	-0.32850926	0.62842824	0.21029694
0.76070045	-0.30442464	0.06155584	-1.04394341	0.17623344	0.33787882
0.68753015	-0.37054288	0.08193858	-0.24318473	0.73291270	0.34756532
0.74950921	-0.34759461	0.07875736	0.17710962	0.13020886	0.32932164
0.65725027	-0.20096304	0.02430199	-0.09914695	0.29335419	0.45631505
0.55536942	-0.16311812	-0.01348486	-0.10665838	0.09409137	0.31544992
0.61885601	-0.41320711	0.05689022	0.02543343	0.23385400	0.44153114
0.51238883	-0.12009164	0.05848716	-0.31816750	0.42221030	0.53841218
0.73660810	-0.14378891	0.08794239	-0.94286923	0.14857322	0.54184007
0.87067154	-0.46732898	0.09253966	-0.59597839	-0.37380830	0.27440404
0.66141643	-0.29406203	0.14156233	-0.06716444	0.31970866	0.44557451
0.79671630	-0.24687098	0.16187168	0.23653861	0.06151753	0.10629707
0.98972249	-0.12712462	0.21266479	-0.30828509	-0.19816571	-0.12569346
1.15017201	-0.39232242	0.25492810	0.09239282	-0.29333327	-0.16620881
1.22167179	-0.43549718	0.24017675	0.38878513	-0.23603295	0.02982515
1.33900270	-0.33178232	0.25656057	0.15194503	-0.24798963	0.16922194
1.44906743	-0.43957299	0.19192862	0.24010224	-0.14450027	-0.00433133
1.09706239	-0.52499994	0.08341297	0.06500341	-0.52252971	0.07686558
1.38840152	-0.55500551	0.11568374	0.49078898	-0.48105521	0.32032152
1.13950777	-0.69073211	0.04764919	0.32215185	-0.59082555	0.20777459
1.11079352	-0.59312856	0.03198504	0.14833446	-0.44207149	-0.05462573
0.96410306	-0.64180322	-0.03541726	0.23224449	-0.45628931	-0.18284080
0.64645442	-0.75543860	-0.03012301	0.24057540	0.01201583	-0.45240689
0.91935704	-0.61725674	0.00544505	0.57178980	-0.95249025	-0.70980029
1.10717889	-0.55451240	0.00603429	0.64485359	-0.76778254	-0.42275231
1.05241539	-0.43119409	-0.06159022	0.81534944	-0.49310855	-0.39507562
1.12590687	-0.48723580	-0.11017069	0.80546739	-0.38318456	-0.41992982
0.78088529	-0.52245195	-0.15747991	1.02781585	-0.60791052	-0.62786326
1.03870721	-0.19070081	-0.02249777	0.06174086	-0.68416092	-0.65516759
0.88035447	-0.19614241	-0.06083080	1.30432802	-0.68613327	-0.34669707
0.65051774	-0.20220228	-0.03293222	1.15701337	-0.38710329	-0.66112453
0.57000316	-0.23249700	-0.03187150	1.03749039	-0.43179194	-0.26648250
0.83300710	-0.25641444	-0.07910387	0.54048289	-0.03886633	-0.36802358
0.68918013	-0.12194487	-0.10082194	0.47575179	-0.57985163	-0.20368274
0.82491471	-0.20340840	-0.02537562	0.58948718	-0.52392067	-0.17600367
0.71236812	-0.17016283	-0.07962766	0.99234163	-0.45792939	-0.04369586
0.77827666	-0.31131556	-0.03317002	0.54006803	0.05253116	-0.36232660
0.94262570	-0.14434147	0.03974064	0.49625763	0.00832412	-0.03321746
0.79234732	-0.16395489	-0.00270319	1.07739157	-0.15390568	-0.18389481
0.92143083	-0.03452913	-0.02232122	0.61112839	0.57711858	-0.10202190
0.91674033	-0.05906953	0.01276266	0.45776625	-0.26402855	0.20081843
0.99506220	0.03348482	0.02789877	0.58448564	0.04855864	-0.05354626
1.04283457	-0.05947634	0.04356609	-0.17994143	0.07469666	-0.20002808
1.37554746	-0.07532352	0.04863749	-0.64174323	0.30996813	-0.12806095
1.47778918	-0.20799934	0.04930905	-0.03210114	-0.11136377	-0.21194958
1.53296595	-0.58971654	0.06342734	0.41348499	-0.14232579	0.04530329
1.40801062	-0.66422179	-0.00846806	0.08305604	0.08962665	0.17201143
1.21209321	-0.36115543	-0.02933543	-0.02442023	-0.04057364	0.17170296
1.28638971	-0.64611706	0.03774945	0.26525763	0.17091991	0.28727486
1.24886160	-0.55223613	-0.07886599	0.61603726	0.39333318	0.14407813
1.11282921	-0.58883260	0.04059797	0.00611777	0.43920293	0.35906398
1.18112996	-0.22773111	0.06551224	-0.20656615	0.52573652	0.35202598
1.05836612	-0.27529083	0.11060722	0.16998397	0.31948866	0.18990871
1.03799311	-0.25877544	0.10759872	-0.02381582	0.33181722	0.16151676
1.09928636	-0.26601746	0.08687980	-0.04475072	0.40719261	-0.18267140
1.06659965	-0.35559424	0.16028003	-0.82562576	0.29904254	0.13348488
0.77947295	-0.55741795	0.06931386	0.22438052	0.08595170	0.24478694
0.81473194	-0.49846629	0.06317585	-0.08834468	0.36617683	0.33232566
0.71207558	-0.61467070	0.07073785	0.97148103	0.29005419	0.29689601
0.86162745	-0.34720608	0.08405783	0.48005583	0.34908301	0.26920343
0.63617784	-0.27068783	0.08659234	0.26370608	0.20952227	0.16393952
0.73631857	-0.07445883	0.05455987	0.71122903	-0.01374887	0.10639280
0.52349647	-0.11441217	0.07631895	0.12376178	0.08737603	0.35694944
0.57578586	-0.25234638	0.10890247	-0.26960984	-0.46695575	0.32246323
0.52566755	-0.14020889	0.09266201	-0.53983613	-0.35745299	0.40328909
0.74388945	-0.39011149	0.13595431	0.55130055	-0.52938595	0.24019866
0.75427053	-0.16576652	0.11532297	0.42844177	-0.15316420	0.14148467
0.43507680	-0.40426147	0.10053648	0.34148079	-0.10106469	0.33017062
0.72164507	-0.45341317	0.15466501	0.36753060	-0.13228181	0.11545983
0.80989024	-0.37147796	0.21800588	0.72702700	0.00277740	0.51651177
0.84952076	-0.17977309	0.08522767	0.44229656	-0.16473947	0.31889305
0.80319402	-0.10286823	0.17528871	0.62021102	0.00167795	0.36738252
1.05683688	-0.14813760	0.16612558	0.90620657	-0.29078662	0.23280080
1.15816614	-0.38323824	0.21592279	0.87686308	-0.77952689	0.00461800
1.21080109	-0.44301269	0.22474648	0.89001426	-0.85838148	-0.06177399
1.35283260	-0.46013374	0.24885421	0.91477435	-0.91602025	0.23620247
1.18275911	-0.43607133	0.14882417	0.51594979	-0.62333649	0.28484717
1.23675320	-0.50457228	0.02579145	1.43503047	-0.45762841	0.18897964
1.12313850	-0.45865804	-0.02922244	1.15372210	-0.64456634	0.07503934
0.90437524	-0.51281428	-0.04754885	0.21775409	-0.49971258	-0.21386901
0.82658182	-0.64342218	0.05631446	0.54092789	-0.51614578	-0.19538965
0.85730881	-0.76380474	0.09947571	1.09998280	-0.83309996	-0.69147061
0.97757303	-0.65131377	0.06340641	0.20262601	-1.32204967	-0.60991806
0.91848790	-0.72736854	-0.00361417	1.79448060	-1.23342813	-0.67392073
1.03082987	-0.48858985	-0.06122108	1.46098069	-1.09595934	-0.49478360
0.81142061	-0.45201033	-0.13021064	1.19720059	-0.70795796	-0.51779091
0.83197807	-0.54561471	-0.07665043	1.96079836	-0.53936752	-0.58007701
1.05916737	-0.28446493	-0.03594389	1.81044761	-0.50726503	-0.62842497
0.94014510	-0.22755098	-0.01792244	1.51223760	-0.54627137	-0.55217643
1.09300488	-0.33306491	-0.08462028	1.58592410	-0.43163232	-0.44011284
1.01539386	-0.37483217	-0.09749978	1.87237162	-0.42310226	-0.40404072
0.71104441	-0.44278273	-0.11816578	1.71557026	-0.48265633	-0.66945463
0.65307013	-0.43265440	-0.17230090	1.67638312	-0.21835446	-0.86626913
0.62886987	-0.33940531	-0.08483379	1.30159539	-0.00601162	-0.57204887
0.62331849	-0.28019106	-0.05914296	1.72112361	0.18223875	-0.71893239
0.65156090	-0.29698925	-0.06228807	2.23424321	0.09750634	-0.57588894
0.85137478	-0.28674019	-0.00804825	2.52866340	0.04365358	-0.37995256
0.85098747	-0.14762888	-0.01539124	1.79803187	0.03387278	-0.58657392
0.91703875	0.00527948	-0.06516793	1.56294745	0.14455581	-0.27516615
0.99564772	0.08599487	-0.11856490	1.11484255	-0.20999001	0.08750330
1.04629022	0.03677235	-0.04371857	1.45237175	-0.17074525	0.42007542
1.24442085	0.14914074	-0.03296469	1.42466155	-0.08591209	-0.19033242
1.13381180	-0.00521611	-0.02559589	0.73168821	0.32590193	0.06349399
1.01454689	-0.11752551	0.04921309	0.39832283	0.37518603	-0.10371844
0.97596447	0.17287467	0.07064455	-0.03664714	0.34727951	-0.10409941
0.92551049	0.17583494	0.10206784	0.76398735	0.17314538	0.12370829
1.19487845	-0.02135635	0.12901398	0.51686398	0.30123540	-0.13442906
1.25754953	0.02693989	0.07905194	0.05702372	0.25954345	0.11831493
1.42435427	-0.11877839	0.12292497	0.02671150	-0.09200367	0.23680090
1.43708273	-0.41874449	0.12523145	0.34073992	-0.09473369	0.25873168
1.57687194	-0.45099043	0.08119397	-0.07010870	-0.32520576	0.18554743
1.51725007	-0.28465601	0.09917357	0.49039119	-0.70470631	0.23465696
1.39856424	-0.71392563	0.08662479	-0.35637014	-0.05991604	0.25298318
1.32185305	-0.56693942	0.02006750	0.10931189	0.22012959	0.23960646
0.95337650	-0.61557068	-0.04414786	0.11893977	0.29020990	0.40028436
1.32691473	-0.49712363	-0.06870174	0.01300101	0.67315285	0.25313209
1.30501743	-0.50335283	0.03878091	0.07591523	0.50512084	0.34492391
1.14754031	-0.39929797	0.00325338	0.51129802	0.53042266	0.06777093
1.05109651	-0.32185236	-0.01369837	-0.03612533	0.47629377	0.30840544
0.79131022	-0.30149782	0.09128818	-0.28984575	0.50395321	0.20280505
0.82593533	-0.16710097	0.00464994	0.20640716	0.39491701	0.13868107
0.64266041	-0.22626773	0.14288782	0.19908905	0.03408494	0.19258351
0.63816516	-0.24349741	0.08120234	0.63709490	0.18994555	0.54100117
