1.04146440	-0.17330381	0.01500870	0.25365308	-0.00592256	0.01796015
1.00973165	-0.17307293	0.02648729	0.24036704	-0.11967904	-0.05832192
1.01213469	-0.15333570	0.00724330	0.22773470	-0.04655409	-0.07987436
1.03342950	-0.12974297	0.02512054	0.19231254	-0.07918215	-0.06018070
1.03061813	-0.13079459	0.01582104	0.17660251	-0.04658002	-0.06187899
1.01352026	-0.15824255	0.02732971	0.09370553	0.02015396	-0.01569089
1.01623745	-0.15154708	0.00448328	0.17080863	-0.02140723	0.01434510
0.99428949	-0.17060750	0.01482201	0.07809373	0.05377388	-0.04955754
1.00067307	-0.15183726	0.03789767	0.17543327	-0.00852053	-0.01969041
1.01554284	-0.17947541	0.01195224	0.16345888	-0.07031165	-0.00003154
1.00932729	-0.16831688	0.03164203	0.16988786	-0.04412045	-0.02717517
1.00571389	-0.16657451	0.01319072	0.08290634	0.01661323	0.02245410
1.03088548	-0.15915665	0.01271088	0.09497018	-0.03046402	-0.01307472
1.02896128	-0.16504121	0.02530734	0.11887560	-0.02358219	-0.01329018
1.03148994	-0.17841583	0.05255027	0.08421898	0.03250186	0.04183127
1.00798188	-0.19222146	0.05629606	0.18058089	-0.05955524	0.05116958
1.02664885	-0.19127525	0.03763431	0.12198252	-0.03424605	-0.00105185
1.02400997	-0.20295198	0.04927196	0.20692095	-0.01405221	0.04836032
1.02641745	-0.19398949	0.01749390	0.21690729	0.05542573	0.07610388
1.03998355	-0.18174284	0.02701451	0.25723730	0.04458276	0.07310494
1.06267991	-0.17716894	0.04718360	0.14709274	0.07631465	0.13260506
1.07081953	-0.16390386	0.03781397	0.19521083	0.09972384	0.24974769
1.02096802	-0.15561528	0.04519444	0.16515399	0.20071807	0.17203756
1.06076978	-0.15937612	0.04835906	0.04114415	0.23727936	0.13836404
1.00222345	-0.15697999	0.07759422	0.03057844	0.23815521	0.14760831
0.95740205	-0.16022181	0.12172808	0.13085298	0.12833507	0.07833285
0.94859544	-0.18961293	0.12438038	0.02094871	0.10516013	0.00661966
0.93824284	-0.18403372	0.13712834	-0.02501498	0.03396290	0.04793412
0.94749665	-0.20217954	0.09781843	0.14199793	-0.08095137	-0.01051480
0.95166896	-0.21115023	0.09959565	0.19869958	-0.02294746	-0.10703084
1.02094649	-0.20704810	0.08690857	0.17507063	-0.02006245	-0.04949281
1.00148947	-0.19477843	0.09576431	0.29314835	-0.02648932	-0.06941395
0.98521587	-0.16487095	0.08402726	0.21694265	-0.03652085	-0.08717912
0.98918511	-0.17577920	0.10689315	0.30349620	-0.14789846	-0.01024220
1.03453189	-0.18494550	0.10206281	0.24383587	-0.08211153	-0.02528466
1.05136948	-0.18652106	0.09905827	0.23550473	-0.09246968	-0.06024336
1.04753171	-0.17951481	0.10896478	0.28313957	-0.02296559	-0.01544093
1.02082515	-0.18453432	0.10773038	0.17396165	-0.09069847	0.00486875
0.99072547	-0.19737811	0.08220217	0.17599624	-0.06108425	-0.01507273
1.00808727	-0.18747237	0.08761624	0.22458716	-0.08520818	0.06457253
1.03763376	-0.16125024	0.07935878	0.17698120	-0.11294524	-0.03981755
1.00854288	-0.14066728	0.08215710	0.13894180	-0.06968536	-0.02816257
1.02447352	-0.14267439	0.06516316	0.03419821	-0.07468847	-0.03945969
1.00446117	-0.16611787	0.08213116	0.03331153	-0.12658371	0.02674315
1.04385214	-0.18109324	0.07188358	0.01507419	-0.06012441	-0.04477453
1.03417095	-0.18242131	0.07298746	0.07131903	-0.10180225	-0.07352708
1.01531777	-0.19232572	0.05266281	-0.00815160	-0.05722556	0.02170573
1.00086932	-0.18974161	0.05436843	0.09788225	-0.02776121	-0.01014199
0.99501344	-0.19564132	0.06747771	0.11278252	-0.03258982	-0.04950415
1.02040033	-0.18137071	0.06544499	-0.00541670	-0.13028687	-0.02860830
1.01710806	-0.16354040	0.07324446	0.16122245	-0.02506241	-0.05753876
1.01938122	-0.17629795	0.06806219	0.06544612	0.00886136	0.03046861
1.03984239	-0.17137116	0.05010619	0.08499589	-0.03589420	-0.03112144
1.05149160	-0.16812122	0.05940342	0.02135792	-0.04534095	-0.02536030
1.00242357	-0.16136311	0.05814882	-0.04245191	-0.00774669	-0.01997580
1.01231342	-0.17441842	0.06733005	0.00036243	-0.04088759	-0.03807779
0.99388543	-0.17612784	0.03765209	0.02808517	-0.02323074	-0.01401629
1.02297404	-0.19783961	0.04919591	0.03176277	-0.12240342	0.00829315
1.01164079	-0.19692531	0.06748256	0.02600183	-0.03850620	-0.07347818
1.03406995	-0.19845067	0.05724776	-0.00977237	0.00567015	-0.08174944
1.01513174	-0.16942326	0.05101122	-0.00274695	-0.03309906	0.02258974
0.99948178	-0.16023597	0.07699470	0.04502481	-0.03323203	-0.09256445
1.03676452	-0.18145959	0.03705171	-0.06082312	-0.06044516	-0.04034327
1.03794945	-0.18342096	0.02394309	-0.08356371	0.00801391	-0.13101032
1.02561054	-0.18864485	0.04878018	-0.08945861	0.03421786	-0.04999443
1.02246288	-0.19483873	0.05374048	-0.05281824	0.03701245	-0.02993561
1.00983804	-0.19947507	0.05203930	-0.01307871	-0.02069420	-0.02797143
1.01224330	-0.20430903	0.03639659	0.01222967	0.02195738	-0.02051080
1.02320045	-0.19567213	0.05795212	0.01767945	-0.01640750	-0.07695251
1.02234391	-0.20451936	0.03584357	0.00208216	-0.01758938	-0.06617744
1.00106142	-0.17325976	0.02565602	-0.01739204	-0.08071404	-0.00217073
1.01220182	-0.19472081	0.04181262	-0.02198245	-0.04162446	-0.04344694
1.04232138	-0.19682479	0.03587580	-0.00502865	-0.03893082	-0.05528522
1.00574829	-0.19126527	0.04053816	0.00993859	-0.02868259	-0.02854114
1.02152525	-0.18128235	0.03752143	-0.00688433	-0.01819138	0.01126318
1.03752702	-0.18844922	0.01848160	0.06890330	-0.01174367	-0.08779694
1.01262023	-0.17439387	0.03002255	0.14332490	-0.02618440	-0.12475858
1.01252153	-0.16274529	0.03439165	0.00895247	-0.01199032	-0.04985797
1.00563502	-0.17141854	0.01651956	0.05419199	-0.09700720	-0.01509528
1.01937836	-0.17671812	0.02734637	0.07590673	-0.07527003	-0.02862271
1.05474450	-0.16288067	0.01277126	0.00092691	0.02645304	-0.02277502
1.03238455	-0.16965791	0.00878525	0.01312436	-0.02062591	-0.03942287
1.04171262	-0.17739017	0.04469152	-0.01684096	-0.00073064	-0.02974017
1.01308892	-0.15652627	0.04381137	-0.05357578	-0.01376161	-0.04384378
1.01675426	-0.16007636	0.02801715	-0.09531327	0.09108757	0.00274806
1.01777443	-0.17421639	0.03226345	-0.06135331	0.11528470	0.10311267
1.01175448	-0.17104960	0.04186844	-0.09423040	-0.01773692	0.05621987
1.02714112	-0.16077804	0.05563819	-0.05247153	0.03356656	0.00729723
1.01998974	-0.15937617	0.07234461	-0.11800625	-0.00051160	0.07899583
1.04017384	-0.17938521	0.03432165	-0.04479065	-0.05674570	0.03726214
1.01943829	-0.17527987	0.02778514	-0.13957159	0.03190994	0.03524988
1.02113651	-0.17279766	0.02803241	-0.08996896	0.00200134	0.08370032
1.03262248	-0.18778815	0.03458450	-0.09897794	-0.00790383	0.03761289
1.04293232	-0.18149828	0.06582543	-0.04379076	0.01941836	-0.01099256
1.03266956	-0.17940806	0.04325760	-0.07366676	-0.00170696	0.00439014
1.00933398	-0.18783207	0.04814022	0.01838878	-0.02448218	0.03670284
1.02900853	-0.19551420	0.04130683	-0.16260780	0.02608566	0.00896340
1.03437856	-0.18857964	0.04766324	-0.05171809	-0.03480016	0.01808666
0.98710685	-0.17605454	0.05818103	-0.08704659	-0.03979384	0.03436790
1.02716542	-0.19079073	0.04179344	-0.02409733	0.07674016	-0.03687075
1.03531909	-0.17086203	0.03674487	-0.01177065	0.03332796	-0.00094183
1.01159855	-0.17394892	0.02141718	-0.05330725	0.06833412	-0.02467169
1.01002300	-0.16007269	0.04046363	-0.04231275	0.01374232	0.04227394
1.02686059	-0.18012814	0.02763183	-0.00156853	-0.01095385	-0.00804408
1.01397781	-0.18313425	0.02296578	-0.02223311	0.04643793	0.00506321
1.00288944	-0.19237027	0.02072222	-0.06264108	-0.00790121	-0.01519221
1.00674754	-0.18934469	0.02488197	0.04747668	-0.01104006	-0.02028023
1.01456310	-0.19898405	0.00753559	-0.03460576	0.00372697	0.05236045
1.03038943	-0.19677692	0.03875195	0.07922188	-0.02288976	0.02670679
1.02608117	-0.18181964	0.04826024	-0.04262951	-0.00390292	0.00627777
1.02771461	-0.19676125	0.04724989	-0.00570414	0.00938588	0.09080021
1.00720221	-0.18994722	0.02518620	0.00993432	0.07843268	-0.01792721
1.02709479	-0.18950551	0.01885895	-0.03523099	0.01848826	-0.04573811
1.02411497	-0.18203232	0.05626451	-0.04579200	-0.02787925	0.03601037
1.03908419	-0.17443655	0.03772913	0.01757721	0.03141455	-0.02440427
1.02529344	-0.18624756	0.03780512	0.01018317	0.01929149	-0.05122554
1.00954319	-0.19646285	0.02989554	0.07995895	-0.02835570	0.02159916
1.03927052	-0.16529807	0.05012820	0.02245294	0.03352216	-0.00616937
0.99429290	-0.18616363	0.03696082	0.00836971	-0.02219403	-0.04164647
1.01940153	-0.20430390	0.03831773	-0.04223050	-0.04014837	-0.05803220
1.05266120	-0.18881025	0.03354386	0.09254993	0.02865243	0.04400506
0.99415367	-0.18748498	0.01941490	0.04741615	-0.02081540	0.00983775
1.02338886	-0.17182248	0.04964655	0.03721409	-0.00378371	-0.05165287
1.03754612	-0.18987096	0.04611382	-0.00474066	-0.00587291	0.02739776
1.04086795	-0.16890566	0.04115680	0.05456356	-0.02495479	0.02568563
1.01386904	-0.16865106	0.04256874	0.00906888	-0.01014083	-0.00098202
1.02655214	-0.17920024	0.04345661	0.06931145	-0.11489869	-0.04702651
1.01310199	-0.17252673	0.00834584	0.08378899	-0.01413460	0.04703249
