1.01852062	0.12526272	0.03424636	0.11369491	-0.02206193	0.07765517
1.02859091	0.11594541	0.01117965	0.14930936	-0.01980971	0.02780142
1.02600608	0.13962224	-0.01952212	0.14120014	-0.04489171	0.00743839
1.01718941	0.15208986	-0.03005301	0.16691589	-0.06982261	0.01433587
0.99821016	0.17572818	-0.03945568	0.12616712	-0.08190042	0.03264534
1.00322657	0.20711867	-0.03140801	0.07079860	-0.15288495	0.05060151
1.01618490	0.18046872	-0.04329983	0.03048258	-0.14173396	0.05032018
1.02654614	0.15733252	-0.03321864	0.04519073	-0.09909042	0.02755656
1.02226625	0.14234335	-0.02989489	0.02625402	-0.14318976	0.03860624
1.00266091	0.15222942	-0.02110838	-0.00227949	-0.12491534	0.04206259
1.00225193	0.17618610	-0.01541964	0.02711295	-0.15507259	0.04480228
1.00372801	0.15119072	-0.01583913	-0.00750544	-0.17011720	0.04287200
1.01329016	0.14755155	-0.02252032	0.00146087	-0.07007853	0.05757173
1.02049866	0.14933361	-0.03415158	0.01540514	-0.08066313	0.05411300
1.01640223	0.14945354	-0.04710620	-0.01041097	-0.11903122	0.02883231
1.01396182	0.15598855	-0.05494612	-0.01197550	-0.07133582	0.03696089
1.00894119	0.14514749	-0.04469720	-0.03290468	-0.06678024	0.03388417
1.00757568	0.13581033	-0.04408743	-0.00514614	-0.01604192	0.03149851
1.01807192	0.12649697	-0.04712693	-0.01968535	-0.04847101	0.02904656
1.00064751	0.13462268	-0.04946390	-0.02080978	-0.03156284	0.02856241
1.00953143	0.14323865	-0.04280473	0.00027393	-0.02240002	0.01349565
1.01849861	0.15121820	-0.03318688	-0.00055842	-0.03548889	0.01302283
1.00968129	0.14056904	-0.03625638	-0.00317183	-0.00163325	0.00610049
1.01282659	0.14405337	-0.03982499	-0.00697778	0.02101659	0.00819111
1.01605571	0.13820116	-0.04986673	-0.00860428	0.04124127	0.01709134
1.01277662	0.13261873	-0.03642600	-0.00104829	0.02153208	0.00072556
1.01736053	0.14165016	-0.06602097	0.00935362	0.01787031	-0.00968604
1.01780118	0.14025568	-0.06594719	0.02851025	0.01911238	0.00640870
1.00349474	0.15251716	-0.06142861	0.00686471	0.05639769	0.00169005
1.00686747	0.14860490	-0.04905800	-0.01122525	0.00539336	0.00572452
1.01891828	0.14742162	-0.04494724	-0.00343539	0.02268817	0.00952132
1.01709815	0.14489315	-0.05406373	0.05274525	-0.01932702	0.03116780
1.01602646	0.16000958	-0.05452330	0.02534757	-0.00074146	0.01732104
1.02382142	0.15733362	-0.06135999	-0.00650222	0.03951081	0.01766541
1.00641671	0.16176994	-0.04992481	0.00193805	0.05517388	0.03062510
1.00414376	0.15938108	-0.04564912	-0.02385509	0.03741220	0.02712290
1.01586611	0.16398939	-0.04765012	-0.01258501	0.04159009	0.02488902
1.01234762	0.15445866	-0.06408161	-0.02679535	0.02336872	0.03252332
1.00461452	0.14829874	-0.04919847	0.01734380	0.03156454	0.04057230
1.00374423	0.15092765	-0.03683644	-0.02564906	0.06094172	0.03082901
1.00489498	0.14692315	-0.04989178	-0.06772725	0.03869361	0.04017811
1.00802547	0.14743317	-0.05007105	-0.03252985	0.01406938	0.03076093
1.01390831	0.15471719	-0.05135723	-0.01086373	0.05547344	0.01924264
1.01203492	0.13259614	-0.03673311	-0.05656022	0.04647657	0.03285840
1.00745292	0.15386551	-0.02973660	-0.00370873	0.03654266	0.02863311
1.00809517	0.16356032	-0.04417774	-0.00261739	0.02046598	0.02919507
1.00885382	0.14807967	-0.03785178	-0.00563398	0.06082945	0.03219888
1.01100349	0.14284575	-0.04373746	0.01555905	0.02219180	0.03241515
1.00445776	0.13012422	-0.04081917	0.00658873	0.06451645	0.03162291
1.00773155	0.14275922	-0.04171839	0.01293686	0.02718520	0.03454465
1.01956199	0.14686721	-0.03648943	-0.02286589	0.07685351	0.03059763
1.01189672	0.13553682	-0.04941848	0.03045900	0.07347287	0.00676138
1.00913518	0.14204507	-0.03301132	0.01465284	0.08475084	0.00998426
1.00986640	0.14540476	-0.04131372	0.01162539	0.02800841	0.00588968
1.01092195	0.14287492	-0.03881033	-0.00368729	0.03400142	0.01516338
1.00652912	0.13339139	-0.03336183	-0.00014537	0.06163024	0.00095342
1.00912476	0.13824198	-0.03708973	0.02830836	0.03443559	0.01001705
1.00532152	0.13361071	-0.02462719	0.00999393	0.04328284	0.01930985
1.01613356	0.14232088	-0.02378815	0.05070981	0.03358490	0.00935287
1.01045716	0.14250609	-0.03685316	0.00427906	0.04124004	0.00887086
1.02070980	0.15495669	-0.03073225	-0.00711946	0.04428216	0.02405388
1.01035224	0.13234923	-0.02898535	-0.00107077	0.02415348	0.02050961
1.00538436	0.14345273	-0.02688665	0.00373184	0.01840973	-0.00490467
1.00411682	0.13297562	-0.04661970	0.00960482	0.04804717	0.01867007
1.00134960	0.14624504	-0.04040342	-0.00228433	-0.00811064	0.01214278
1.00595615	0.13779655	-0.04404810	0.01736173	-0.01263648	0.02296960
1.01211928	0.14409555	-0.04162038	0.03452021	0.00143184	0.01177546
1.00980971	0.14153494	-0.03580612	0.02462604	-0.01083704	-0.00111214
1.00466631	0.15148153	-0.02517778	0.01502723	-0.00880266	-0.00479049
1.00756830	0.15927338	-0.03167092	-0.03662516	0.01523234	0.01604191
1.01067543	0.14178667	-0.03671046	0.04564384	-0.02290291	0.02236429
1.01051412	0.15148990	-0.05190965	0.03431747	0.01682780	0.01578259
1.01550618	0.15180277	-0.02880020	0.01152396	0.03731618	0.01982485
1.00668759	0.14726829	-0.02708289	0.00329908	0.05961471	0.01386779
1.00808494	0.14453647	-0.03129962	0.01061688	0.05509777	-0.00382895
1.00904656	0.14858011	-0.02839203	-0.02675189	0.04168808	0.02166807
1.01358467	0.13162052	-0.04078459	0.00383632	0.02925032	0.01027484
1.01499231	0.15831811	-0.03954879	0.00417477	0.01469723	0.01535676
1.02199182	0.15207879	-0.03228622	-0.01372502	0.02657717	0.02238533
1.01206905	0.14068864	-0.03088184	0.04006147	0.04438337	0.02277988
1.00735977	0.14170074	-0.02208842	0.03158311	0.00885732	0.01375450
1.01212783	0.13460049	-0.02078479	0.00454338	0.00429081	0.02139621
1.00935682	0.15258150	-0.03238939	0.01882787	0.00667450	0.02016360
1.01355055	0.15104870	-0.03625455	0.04081225	-0.02238017	0.00606496
1.01000789	0.15079009	-0.03022670	-0.00136331	0.02013179	0.02085710
1.00225823	0.14701791	-0.01327523	0.00914474	0.01193615	0.02804036
1.00537249	0.16184370	-0.05374498	-0.01288372	0.06094765	0.03438599
1.01327233	0.14530659	-0.03212970	0.01473555	-0.01033484	-0.00400843
1.01957202	0.14778026	-0.03865844	0.04162736	0.08154722	0.00977021
1.01668130	0.13161539	-0.04464724	0.01608896	0.03378958	0.01416187
1.01018903	0.14304292	-0.03186937	-0.00864218	0.05639131	0.00564408
1.01354914	0.13427039	-0.05058270	-0.01644038	-0.00208110	0.00660814
1.01715637	0.13205756	-0.04022307	0.01182201	0.03368280	0.00537202
1.00931606	0.15124425	-0.04112700	0.01789833	0.03531717	0.00788594
1.01582908	0.15282719	-0.03788075	-0.01838908	-0.00828648	0.01120549
1.01261612	0.13855444	-0.03106817	0.00234963	0.05317160	0.01651285
1.02350022	0.15923176	-0.04298223	0.03807379	0.01614864	0.01528535
1.01142317	0.14885297	-0.03717386	0.03112226	0.01110424	0.01431335
1.01425317	0.13368568	-0.00870163	0.01861218	0.01158444	0.01226269
1.01092274	0.13611869	-0.02629686	0.02411246	0.06802722	-0.00134092
1.01398107	0.12472542	-0.03720075	0.02810742	0.05365655	-0.01484703
1.01317562	0.15214808	-0.05119209	0.04595558	0.07719990	0.01545528
1.01390708	0.16858960	-0.04502153	0.05805314	0.08840311	0.03582416
0.99514102	0.15137950	-0.02154524	0.04792517	0.09966523	0.04577352
0.99187214	0.15695316	-0.03204044	0.03075116	0.02195191	0.05719085
1.00589211	0.15038665	-0.01437258	0.01473803	0.04481245	0.02763193
1.01581176	0.13700464	-0.01356003	0.01458679	0.01947034	0.02649915
1.00252907	0.14171496	-0.00601559	0.02957185	0.04505556	0.00395394
1.00938547	0.14846468	-0.01807619	0.01364762	0.04894521	0.00275511
1.01277925	0.14654645	-0.02942434	0.02212169	0.00420515	0.00223222
1.01793781	0.14703040	-0.01700777	0.03106915	0.07346407	-0.02290125
1.01843775	0.14785354	-0.02160598	0.01470644	0.08171410	-0.00087466
1.01067490	0.14869946	-0.02535999	0.01674686	0.07383880	0.00312052
1.00263601	0.15890206	-0.01926901	0.02073776	0.05601364	0.00862084
1.00532877	0.16965142	-0.01135639	0.01098662	0.03278157	0.03949313
1.00241649	0.15532088	-0.02302285	-0.01714008	0.03475690	0.03328533
1.00293659	0.16103121	-0.01166800	-0.01370156	0.02432707	0.03185295
1.00447279	0.14957507	-0.03129448	0.00147176	-0.04287686	0.04482870
1.00465336	0.14446449	-0.03827535	-0.00161935	-0.01319341	0.06036824
1.00800754	0.14907937	-0.02197723	0.01411358	-0.03137475	0.05276979
1.01784631	0.14540859	-0.02573046	-0.00955380	-0.00397918	0.02948566
1.01622225	0.13726619	-0.03382487	0.01150965	-0.00534074	0.03922472
1.00969611	0.14389228	-0.02935895	-0.00734461	0.01001540	0.03369522
0.99746433	0.13453344	-0.02922456	-0.01659384	0.04366444	0.03619097
0.98489857	0.14152874	-0.02862184	-0.01035950	-0.06336038	0.03094941
1.00837427	0.15445613	-0.02641339	-0.00627302	-0.01495813	0.04302915
1.03891488	0.13546847	-0.01732894	0.02298024	0.01037625	0.06695244
1.02717907	0.14951720	-0.01184500	0.03449868	0.02278283	0.04170749
