0.19519964	0.92531986	-0.33075227	0.02461984	0.01638471	-0.00107453
0.19786552	0.92420822	-0.33761767	0.03486795	0.00664742	0.00477358
0.19682125	0.92451063	-0.33370343	0.02994419	0.01367202	0.00239532
0.19700190	0.92216331	-0.33417666	0.01699987	0.00225894	0.00222833
0.19825807	0.91946882	-0.34103416	0.02113833	0.00629848	0.00248268
0.19732058	0.91792798	-0.34218984	0.02087224	0.01338914	0.00749741
0.19782644	0.92444684	-0.33788679	0.01476781	0.01035260	0.00151361
0.19735088	0.92403227	-0.34606766	0.02596369	0.00420636	0.00523972
0.19653374	0.91989168	-0.33814861	0.02656061	0.00503006	-0.00504076
0.19822848	0.92569333	-0.33250045	0.02097687	0.00633649	-0.00649369
0.19734147	0.92000216	-0.33258139	0.01806313	0.00567514	-0.00698949
0.19498066	0.92246018	-0.32867781	0.00434787	0.00395357	-0.00934832
0.19514379	0.92609975	-0.33155167	0.01295370	0.00147230	-0.01541977
0.19461479	0.92125811	-0.32313557	0.01274980	0.00310340	-0.01091981
0.19317822	0.92174447	-0.32974254	0.01126742	0.00658518	-0.01816013
0.19923889	0.92462110	-0.33890920	0.01045481	-0.00174470	-0.01374165
0.19898977	0.92487278	-0.33232796	0.00660127	-0.00219821	-0.01456162
0.19551521	0.92633138	-0.32837722	0.01896787	0.00011260	-0.01255509
0.19482694	0.92305401	-0.33249852	0.01833051	-0.01728615	-0.00868785
0.19194610	0.92398446	-0.32788092	0.01925524	-0.00105709	-0.00841701
0.19157757	0.92392110	-0.33685073	0.01873261	-0.00152935	-0.01479883
0.19758598	0.92681193	-0.32929806	0.01674565	0.00248640	-0.01464258
0.19629778	0.92583897	-0.33085187	0.00677097	-0.00093187	-0.01167877
0.18995332	0.92067720	-0.33681763	0.00031683	0.00086505	-0.01353899
0.19385936	0.92284404	-0.34718445	-0.00250129	0.00580669	-0.01365035
0.19211006	0.92442578	-0.33946070	-0.00517087	0.00952741	-0.00624377
0.19093306	0.92457132	-0.33514928	0.00067488	-0.00806083	-0.00965792
0.19165944	0.91839640	-0.32679763	-0.00424784	0.00919519	-0.00986977
0.19267311	0.92356626	-0.32974653	-0.00401904	-0.00345318	-0.01823160
0.19222022	0.92337328	-0.33791436	0.00939529	-0.00121633	-0.01453143
0.19227654	0.92290726	-0.33506793	0.00647632	0.00184049	-0.01255351
0.19150645	0.92749988	-0.33608871	-0.00615072	-0.00243396	-0.01784051
0.19082711	0.92656842	-0.32634598	0.00088273	0.00235055	-0.01796217
0.19052697	0.93063841	-0.33202372	-0.00096839	0.00899578	-0.01633003
0.19326854	0.92688177	-0.33857380	-0.00134484	0.00407364	-0.01215085
0.19088505	0.91922003	-0.32760603	-0.00251928	0.01087694	-0.01438799
0.19392488	0.92320406	-0.32404732	-0.00460377	0.00432534	-0.02207972
0.19701494	0.92738825	-0.33044406	-0.00520978	0.00932899	-0.01252364
0.19308672	0.92999099	-0.32480634	-0.00295268	-0.00676637	-0.01193655
0.19389580	0.92452016	-0.32955372	-0.00958637	-0.01378397	-0.01421598
0.19866440	0.92571904	-0.32556202	0.00057804	0.00009033	-0.00675064
0.19746791	0.92538906	-0.32218747	-0.00891428	-0.00763153	-0.01313218
0.20061984	0.91966856	-0.32384392	-0.00295493	-0.00403758	-0.01159774
0.20215964	0.92450333	-0.32802372	-0.00312292	0.00202674	-0.00741249
0.19502075	0.92891788	-0.32955852	-0.01442315	-0.00551152	-0.00501937
0.19115466	0.92754143	-0.32966437	0.00537359	0.00311202	-0.01252189
0.19441689	0.92532759	-0.32837094	-0.01036623	0.00119290	-0.01025710
0.19525821	0.92674455	-0.31532596	-0.01914904	0.00632652	-0.00899148
0.18918249	0.92305511	-0.32580536	-0.01464705	-0.00956329	-0.00503709
0.19180969	0.92605646	-0.33216279	-0.00751770	0.00376791	-0.01388639
0.19340450	0.92768443	-0.32233592	-0.02050094	-0.00075854	-0.02331527
0.19043473	0.92719080	-0.33127343	-0.01553074	0.00070539	-0.01162891
0.18655050	0.93071341	-0.32034071	-0.01396598	-0.00517297	-0.00316568
0.18836793	0.93088663	-0.32491719	-0.02182057	-0.01427554	-0.00931394
0.18957393	0.92824484	-0.32720080	-0.01934077	0.00297217	-0.01272427
0.19504233	0.92765141	-0.31862873	-0.00679574	0.00581141	-0.00945411
0.19585839	0.92594490	-0.32276654	-0.01770852	0.00264636	-0.01950045
0.19614940	0.92345996	-0.32060683	-0.00782869	-0.00352028	-0.01813746
0.19496748	0.92566801	-0.32059862	-0.02346882	-0.00085133	-0.01823766
0.19392337	0.92485256	-0.32627783	-0.01985750	-0.00464524	-0.02087902
0.19225031	0.93216333	-0.33270184	-0.01548292	-0.00680279	-0.01550595
0.19206017	0.93208052	-0.33855657	-0.01055150	-0.01476210	-0.01579471
0.19500675	0.92672647	-0.32878323	-0.00103816	-0.01076841	-0.01190079
0.19003292	0.92777732	-0.32563868	-0.00372068	-0.00499392	-0.00719453
0.18770004	0.91921073	-0.32418556	0.01100536	-0.01003274	-0.01227100
0.19075384	0.92188703	-0.31832416	0.00647738	-0.01672939	-0.01244775
0.19458587	0.92159327	-0.33386006	-0.00053392	-0.01523400	-0.00997388
0.19021955	0.92891595	-0.32852851	-0.00570530	-0.01451875	-0.00697090
0.18532306	0.93073671	-0.33204201	0.00029859	-0.01306517	0.00160067
0.18864623	0.93172307	-0.32448076	-0.00573362	-0.01900152	-0.00042209
0.19205487	0.92760385	-0.31194230	-0.00448987	-0.01156615	-0.00296966
0.19176059	0.92417134	-0.31914881	0.00945435	-0.01346220	-0.00699686
0.19365835	0.92462461	-0.32107163	0.00453226	-0.01741164	-0.00534774
0.19269766	0.92662983	-0.32543449	0.00614654	-0.02638883	-0.00942418
0.19381330	0.92652297	-0.32897575	0.00768481	-0.01146994	-0.00662183
0.19122719	0.92883723	-0.32479806	0.00508794	-0.01018806	-0.00143714
0.19257333	0.92849536	-0.32307799	0.00932201	-0.01419151	-0.01104753
0.19409811	0.92704795	-0.32649466	0.00756362	-0.01726224	-0.00275687
0.19080476	0.92278361	-0.32852906	0.01884113	-0.00995010	-0.01180152
0.19003129	0.92512127	-0.32783003	0.01641530	-0.01773274	-0.01467274
0.18919340	0.92684089	-0.33080167	0.02138126	-0.02661758	-0.01423722
0.19310104	0.92859163	-0.33071561	0.02677585	-0.02145577	-0.00929311
0.19153153	0.92614065	-0.33222253	0.01595459	-0.02923486	0.00182286
0.19277963	0.92404043	-0.33069815	0.01718801	-0.01814206	0.00158010
0.19141317	0.92301988	-0.32979800	0.01123108	-0.01778442	-0.00687151
0.19142385	0.92570874	-0.33354666	0.00747312	-0.01971305	-0.00395836
0.19487650	0.92878340	-0.33281254	0.01259858	-0.01660430	-0.00828658
0.19454698	0.92409986	-0.33193795	0.00870246	-0.01998232	-0.01523710
0.19058659	0.92462258	-0.32830897	0.01567060	-0.01552224	-0.01287945
0.19350812	0.92519365	-0.32251088	0.01173553	-0.02461576	-0.00226484
0.19551099	0.91863491	-0.32131300	0.01768978	-0.02830511	-0.01326555
0.19313191	0.91971038	-0.32938366	0.00907187	-0.02263461	-0.01713708
0.19099906	0.91601326	-0.33370918	0.00527148	-0.03350317	-0.01731974
0.19463734	0.91286877	-0.33762546	0.00788451	-0.02253121	-0.01256777
0.19062585	0.92139495	-0.32786928	0.00703574	-0.03071141	-0.01771175
0.19028411	0.92304224	-0.33129656	0.00377954	-0.03349491	-0.01274920
0.19262580	0.92283085	-0.32814308	0.00913645	-0.02781191	-0.01154956
0.19269617	0.92140880	-0.33781260	0.01170284	-0.02628642	-0.01253208
0.18726850	0.92706633	-0.34650365	0.01759669	-0.02428524	-0.01026853
0.18549079	0.92869450	-0.34176557	0.01996548	-0.02943038	-0.01200398
0.18639979	0.92479006	-0.33954650	0.01622251	-0.03267444	-0.01480212
0.19217292	0.92027534	-0.33751934	0.01645458	-0.02784290	-0.01459409
0.19582552	0.92500679	-0.34371751	0.01136293	-0.02477707	-0.01104765
0.19417372	0.92318048	-0.33529337	0.01467439	-0.03214319	-0.01680104
0.19480619	0.92570946	-0.34020497	0.00144777	-0.03842222	-0.01086630
0.19377628	0.93128576	-0.34644405	0.00656067	-0.03596744	-0.01508159
0.19537908	0.93348740	-0.34220775	0.00516245	-0.03181475	-0.01359491
0.19420779	0.92907045	-0.34335421	0.00776189	-0.02125874	-0.00522661
0.19304700	0.92335185	-0.33809002	0.00556829	-0.01617086	-0.01619906
0.19179903	0.92123917	-0.34134016	0.00176374	-0.01850035	-0.02084656
0.18953857	0.92177114	-0.33873442	-0.00738043	-0.03281282	-0.01107943
0.19145379	0.92286471	-0.34483079	-0.00398167	-0.03699005	-0.00987864
0.19303324	0.92304929	-0.33965788	-0.01129374	-0.03285535	-0.01123410
0.18971014	0.92204242	-0.34126321	-0.00208444	-0.02205757	-0.01816897
0.18959477	0.92156976	-0.34434987	0.00572146	-0.02233264	-0.02459039
0.18997686	0.92263375	-0.33951130	-0.00194581	-0.01981925	-0.01758842
0.18636648	0.91913204	-0.34540424	-0.00191157	-0.01480621	-0.03189473
0.18319522	0.92512379	-0.34831894	0.00355043	-0.01273755	-0.01518506
0.18722158	0.92651645	-0.34101760	0.00205170	-0.02950805	-0.01538269
0.18676551	0.92552397	-0.33674904	0.00370411	-0.02412520	-0.01586494
0.19005599	0.92151521	-0.33602266	-0.00117592	-0.01992194	-0.01435518
0.19262220	0.92156759	-0.33918744	-0.01393480	-0.00896216	-0.02209730
0.18735601	0.91693953	-0.33929070	-0.00258740	-0.01112648	-0.01762533
0.18692723	0.91792517	-0.33705048	0.00193504	-0.01526703	-0.01593106
0.18788398	0.91872287	-0.34081659	-0.00646139	-0.01728266	-0.00956577
0.18654192	0.92189422	-0.33896625	-0.01506225	-0.01609902	-0.00395574
0.18956123	0.92270057	-0.34223436	-0.01351874	-0.01891788	-0.00602934
0.19166685	0.92631806	-0.33641458	-0.01272776	-0.01764480	-0.01489637
