0.23711064	0.90456687	-0.37415147	-0.02323331	-0.00059277	-0.00338165
0.23982777	0.89948830	-0.37088600	-0.02342265	-0.00536129	0.00090896
0.23747057	0.89893263	-0.37254522	-0.01749645	0.00152470	-0.00118710
0.23544441	0.89583358	-0.37220930	-0.01690362	0.00318949	0.00084966
0.23464044	0.89113761	-0.36526693	-0.01313126	-0.01050485	0.00337281
0.23555197	0.89717585	-0.36439996	-0.01003521	-0.00749337	-0.00870190
0.23387179	0.90535151	-0.36037785	-0.01155344	-0.00562550	-0.02010279
0.22818205	0.90382043	-0.36845345	-0.00003838	-0.00683399	-0.01723858
0.23431989	0.90075788	-0.37020598	0.00219991	-0.00613386	-0.01150710
0.23566715	0.89948759	-0.36491074	-0.00672455	0.00084772	-0.00801702
0.23314994	0.89992392	-0.37142753	-0.00189728	-0.00604393	0.00071590
0.23921018	0.89915998	-0.37211838	-0.01410174	-0.01647282	-0.01023018
0.23627862	0.89959431	-0.36983235	-0.01307140	-0.00913390	-0.00366412
0.23696256	0.89582358	-0.36893778	-0.00779681	-0.01066306	-0.00685722
0.23669143	0.89851676	-0.36803267	-0.00338800	-0.00766402	-0.00213252
0.23619196	0.89624854	-0.36450768	-0.01400582	-0.00422303	-0.01315809
0.23525396	0.89645939	-0.35915579	0.00030406	-0.00443351	-0.01034781
0.23475921	0.89601483	-0.35660920	-0.00633577	-0.00968443	0.00016485
0.23051547	0.89082719	-0.35466635	0.00048850	0.00223706	0.00482009
0.23243711	0.89007196	-0.36207909	0.00134978	-0.00529555	-0.00392760
0.23539562	0.89397804	-0.36697904	-0.00727871	-0.00517566	-0.00468783
0.23717148	0.89834893	-0.36835511	0.00000368	-0.00565943	-0.00977912
0.23186351	0.90090237	-0.36883289	-0.00204588	-0.00864385	-0.00139040
0.23245470	0.89720564	-0.36651912	-0.00492084	-0.00698090	-0.00422454
0.23255473	0.90261319	-0.36552340	-0.00664800	-0.00644251	-0.00436080
0.23250943	0.89718712	-0.37347554	-0.01320517	-0.00383800	0.00668465
0.23189657	0.89952964	-0.37727352	-0.00914387	-0.00790101	-0.00393636
0.23325886	0.89783987	-0.37753389	-0.00273760	-0.01704616	0.00339911
0.23400340	0.89492335	-0.36724281	-0.00395355	-0.01547499	-0.00639979
0.23422803	0.89964984	-0.36587111	-0.00412036	-0.01513956	-0.00016732
0.23544615	0.89768163	-0.36524407	-0.00467537	-0.01243107	-0.00527051
0.23439923	0.90065626	-0.35995419	-0.00810525	-0.00401707	-0.00810781
0.22901802	0.90350921	-0.36680468	-0.00585270	-0.01031959	-0.00831297
0.23519028	0.90562059	-0.37230751	-0.00368397	-0.00421732	-0.00729209
0.23261634	0.90080921	-0.37718594	-0.00671322	-0.00375731	-0.01118626
0.23232329	0.90048601	-0.37180842	-0.01570555	-0.00501036	-0.00542452
0.23251142	0.89955977	-0.36788771	-0.01536564	-0.00202866	0.00953687
0.23287576	0.89979571	-0.36530470	-0.00664297	-0.00050964	0.00572170
0.23619316	0.89785430	-0.36770938	-0.00336387	-0.00235285	-0.00107733
0.23392311	0.90249235	-0.37146128	-0.00292387	-0.00530586	-0.00358168
0.23442044	0.89841344	-0.36861361	-0.00320545	-0.00416088	0.00363048
0.23432853	0.90114388	-0.37238983	-0.01219663	-0.00993186	-0.00369212
0.23607987	0.89780632	-0.37897402	-0.00230163	-0.00509126	0.00095216
0.23740833	0.88953142	-0.36978703	-0.00607159	0.00033313	-0.01378299
0.23654047	0.90036338	-0.36548981	-0.00716025	-0.00356634	-0.01313445
0.23760483	0.89700481	-0.36641838	-0.00215105	-0.00993988	-0.01842108
0.23557621	0.89797457	-0.36389187	0.00287002	-0.01321854	-0.00977922
0.23080626	0.89910922	-0.36869176	0.00114183	-0.00768336	-0.00577387
0.22868219	0.89525400	-0.37312710	0.00105794	-0.00497383	0.00284633
0.22948281	0.89598551	-0.37803554	-0.00630062	-0.00199617	-0.00584585
0.22899116	0.89840781	-0.38211716	-0.01250996	-0.00054634	0.00333024
0.23327242	0.89323290	-0.38193550	-0.00626688	-0.01408243	0.00518584
0.23638609	0.89644007	-0.37501069	-0.01443083	0.00129582	-0.00050837
0.23758567	0.89990322	-0.37711266	-0.01488306	-0.00087139	0.00843125
0.23694659	0.89895527	-0.36998823	-0.01103923	0.00413046	-0.00534302
0.23352655	0.90403421	-0.37178931	-0.02030397	-0.00366763	0.00199725
0.23767031	0.90334853	-0.36462842	-0.01561981	-0.00081994	-0.00055801
0.23689498	0.89519139	-0.37027237	-0.01868518	-0.00700757	-0.00311937
0.23490495	0.89603881	-0.36974513	-0.00234384	-0.00607510	-0.00474050
0.23892031	0.89761718	-0.37172504	-0.00159298	-0.00857714	-0.00275748
0.23519840	0.89520851	-0.36294063	-0.01024050	-0.00212666	-0.00925837
0.23535129	0.89460425	-0.36931724	-0.00522410	-0.00388459	-0.00695058
0.23303780	0.89711443	-0.37150904	-0.00491511	-0.00852327	-0.00478956
0.23489552	0.89805262	-0.37118654	-0.00214091	-0.00419815	-0.00092075
0.23530310	0.90647013	-0.37476613	-0.00044950	-0.00163242	-0.00070481
0.23472370	0.89923200	-0.38005309	-0.00132336	0.00462082	-0.00451929
0.23155370	0.90539456	-0.38801340	-0.01769814	0.01181656	0.00366729
0.22666357	0.90390151	-0.38058337	-0.02171983	0.00539038	0.00010161
0.23345994	0.89993914	-0.38048144	-0.02068574	0.00257489	0.00411926
0.23644775	0.89774098	-0.37312393	-0.02006546	-0.00742947	-0.00730272
0.23518851	0.89795171	-0.37260122	-0.01186808	-0.00012185	-0.00372769
0.23456966	0.89848399	-0.36964555	-0.01170008	-0.00313665	-0.00079071
0.23999894	0.89954063	-0.36188992	-0.00451177	-0.00462135	-0.00403448
0.23695927	0.89472306	-0.36613401	-0.00493513	0.00039059	-0.00613768
0.23773883	0.89521901	-0.36407730	-0.01551607	0.00006228	-0.00597498
0.23695039	0.89793719	-0.36631763	-0.01450674	0.00430820	-0.00213851
0.23528157	0.89901033	-0.37144493	-0.00866336	-0.00195701	-0.00149067
0.23769259	0.90066361	-0.37211805	-0.01968750	0.00431245	-0.00576057
0.23302050	0.89959094	-0.37546270	-0.01257686	0.00332957	-0.00174590
0.23110973	0.90322004	-0.36439163	-0.01345676	0.00951823	0.00263796
0.23369873	0.90262788	-0.36408036	-0.01142494	-0.00103015	0.00286289
0.23282931	0.89889871	-0.35982695	-0.01127942	-0.00020435	0.00036606
0.23260785	0.90170505	-0.36312081	-0.02374115	0.00797037	-0.00410246
0.23495602	0.89881627	-0.36343720	-0.01760097	0.00306426	-0.00821551
0.22862299	0.90225703	-0.36278887	-0.02030374	0.00172492	0.00061967
0.23334866	0.89885110	-0.36603337	-0.01655048	0.00503005	-0.00932481
0.23132076	0.89974951	-0.36537135	-0.01058489	0.00229775	-0.00624697
0.23192972	0.90193049	-0.36729859	-0.01051188	0.00411889	-0.00460770
0.23583728	0.90019781	-0.36642884	-0.01281262	0.00417899	-0.00074118
0.23578996	0.89683036	-0.37327986	-0.00858515	-0.00216721	-0.00351577
0.23843256	0.89767647	-0.36416615	-0.01234540	-0.00358492	-0.00628353
0.23267541	0.90057755	-0.37012417	-0.01073129	-0.00285894	-0.01277766
0.23412005	0.90344340	-0.36545607	-0.01218172	-0.00395698	0.00209149
0.23396462	0.90616605	-0.37056541	-0.02525960	0.00356108	0.00401384
0.23559536	0.90191155	-0.36721803	-0.01651537	0.00078753	0.00062294
0.23962950	0.89835969	-0.37117217	-0.01400897	-0.00289318	-0.00613807
0.23915935	0.89797958	-0.36920071	-0.01236374	-0.00506222	-0.00608194
0.23408706	0.89704531	-0.36253046	-0.02218154	-0.00551729	-0.00147441
0.23829908	0.89485733	-0.35716519	-0.01163105	-0.00774850	0.00074243
0.23606682	0.89861193	-0.36815776	-0.01031847	-0.00919303	-0.00054348
0.23554397	0.90090077	-0.36532700	0.00455105	-0.01210841	-0.00232345
0.23523168	0.90254674	-0.35923502	-0.00360974	-0.00668800	-0.00042416
0.24090306	0.90370596	-0.35113434	0.00107451	-0.00464434	-0.00461156
0.24142073	0.90700119	-0.34924059	0.00203387	-0.00941754	-0.00209846
0.23639484	0.89935727	-0.35385822	0.00672857	-0.00754965	0.00082974
0.23568795	0.89779238	-0.36856131	0.00511503	-0.00786793	0.00823477
0.23930380	0.89990668	-0.37028410	0.00891012	0.00500605	-0.00252007
0.23533612	0.90690640	-0.36667584	0.00977292	0.00708138	-0.01032469
0.22934519	0.90217726	-0.35977020	0.00257648	-0.00084223	0.00902912
0.22926105	0.90493336	-0.35917559	-0.00001160	-0.02111224	-0.00871071
0.23233086	0.90456006	-0.35015614	0.00189598	-0.00875484	-0.00889111
0.23700519	0.89738052	-0.36061001	0.01546010	-0.01100147	0.00355579
0.23694185	0.89871331	-0.35835233	0.01162711	-0.01247748	0.00038074
0.23497336	0.90385003	-0.36691304	0.00886921	-0.01077127	-0.00484208
0.23701980	0.90486840	-0.36697746	0.00994934	-0.01365025	0.00480080
0.23249061	0.90603737	-0.36399251	0.00310184	-0.01184087	0.01697171
0.23547655	0.91075627	-0.36459569	-0.00917625	-0.01650896	0.01265747
0.23092280	0.90414513	-0.36258940	-0.01707537	-0.01627501	0.01812736
0.23146381	0.90608319	-0.36441876	-0.01572301	-0.02311577	0.01889022
0.23800277	0.90461184	-0.35041568	-0.00740818	-0.02454865	0.02136567
0.23519982	0.90689855	-0.34989064	-0.00143862	-0.02764526	0.02564114
0.23620229	0.90701921	-0.35629222	-0.00461302	-0.02606966	0.02298829
0.23666185	0.90679854	-0.35717858	-0.00464711	-0.02185952	0.01921076
0.23980950	0.90608207	-0.36066397	-0.01208968	-0.02174649	0.00644188
0.24099878	0.90097055	-0.36238077	-0.02182326	-0.01528315	0.00387611
0.24224843	0.89410812	-0.37011028	-0.00786898	-0.00931502	0.00523890
0.24339967	0.88743485	-0.35895016	0.01225030	-0.00240556	-0.00817357
0.23932389	0.88906262	-0.35626574	0.00498529	0.00373126	-0.00884046
