0.27970526	0.88247056	-0.37586436	-0.00466975	0.00919733	0.00065437
0.28111904	0.88179153	-0.37782493	-0.00591923	0.00740275	0.00006273
0.28018176	0.87984109	-0.37784015	0.00135250	0.00759767	-0.00481826
0.27969182	0.88492052	-0.37898458	0.00253874	0.00591886	-0.00296045
0.27853304	0.88762084	-0.37616209	-0.00712489	0.00543751	-0.00099973
0.28042957	0.88460489	-0.37483703	-0.01149612	0.00725411	-0.00167639
0.27853454	0.88531679	-0.36818112	-0.01792141	0.00066643	0.00166231
0.27551328	0.88579218	-0.36807710	-0.01067582	-0.00220550	0.00300369
0.27774929	0.88361073	-0.37107979	0.00147148	-0.00798447	0.00102025
0.28031415	0.88054634	-0.36623933	-0.01072115	-0.00340358	0.00080747
0.27884543	0.87822239	-0.36727722	-0.00079700	0.00525531	-0.00020353
0.28025546	0.87636992	-0.37037468	-0.00427157	0.00508931	0.00274120
0.27816102	0.87827793	-0.37369530	-0.00210090	0.00324725	0.00181525
0.27812287	0.87939715	-0.37916982	-0.00581306	0.00464911	0.00206531
0.27543974	0.88521368	-0.37598433	-0.01410680	0.00842386	0.00116339
0.28095390	0.88273154	-0.37473223	-0.01307944	0.00730029	0.00237421
0.28209235	0.88304858	-0.37516474	-0.01098132	0.00249321	0.00663784
0.28086893	0.88001236	-0.37837742	-0.01156570	0.00562436	0.00422018
0.27953803	0.88553966	-0.37999952	-0.00711299	0.00360914	-0.00328372
0.27763773	0.88966565	-0.37326360	-0.00761916	0.00122154	0.00470504
0.27749932	0.88695490	-0.37903383	-0.01167322	0.00648910	-0.00077865
0.27796617	0.88632294	-0.37514089	-0.00252042	-0.00013351	-0.00088813
0.27666464	0.88508170	-0.37253563	-0.00947384	0.00214479	-0.00425359
0.27738317	0.88285475	-0.37193578	-0.00586141	0.00021227	-0.00101317
0.28060373	0.88301546	-0.36991124	-0.00691125	0.00251376	0.00383716
0.27793725	0.88288829	-0.37669910	-0.00203386	0.00515330	-0.00130207
0.27836472	0.88322242	-0.37560029	-0.00255574	0.00506397	-0.00157981
0.28122873	0.88439618	-0.37669677	-0.00355460	0.00647631	0.00071769
0.27741847	0.88594003	-0.37554888	-0.00500487	0.00564450	0.00061134
0.28030491	0.88275019	-0.36789230	-0.00113462	0.00446950	0.00308802
0.27733377	0.88590087	-0.36861347	-0.00684965	0.00263649	0.00091071
0.27730428	0.88476475	-0.35977027	-0.00660226	0.00492404	0.00627672
0.27617038	0.88524828	-0.36867138	-0.00245919	-0.00275388	0.00371777
0.27562049	0.88942607	-0.37485326	-0.00708093	-0.00395504	0.00474256
0.28023958	0.88995770	-0.37287673	0.00063192	0.00894495	-0.00075854
0.28052419	0.88774914	-0.37410456	-0.00884739	0.00596838	-0.00432195
0.27743167	0.88424427	-0.37127881	-0.00199435	-0.00100873	-0.00604044
0.27704826	0.88285351	-0.37499123	0.00108410	-0.00074730	0.00499311
0.27865129	0.88276026	-0.36773876	0.00993772	0.00356745	-0.00050837
0.28057979	0.87959044	-0.37615158	0.00641598	0.00127737	0.00028460
0.27853962	0.88040010	-0.37908419	0.00152950	0.00504785	-0.00415792
0.27736644	0.88019404	-0.37938423	0.00660137	0.00687653	-0.00584889
0.27765298	0.88293274	-0.38273530	0.00447657	0.00184653	-0.00468762
0.27755245	0.88505526	-0.38001644	0.00434571	0.00688070	-0.00134537
0.27699452	0.88804884	-0.37727640	0.00037349	0.00476206	-0.00504467
0.27782036	0.88675600	-0.37829835	0.00266997	-0.00516070	-0.00281817
0.28105707	0.88121395	-0.37610980	0.00364374	-0.00066713	0.00134646
0.28053920	0.88045267	-0.37096356	0.00227956	0.00079779	-0.00839709
0.27617703	0.88091611	-0.36212240	0.00545364	-0.00225275	-0.00469781
0.27575029	0.88184709	-0.36727733	0.01260067	-0.00042551	-0.00156191
0.27585395	0.88852762	-0.37582633	0.00557403	-0.00101122	0.00066212
0.27540478	0.88732152	-0.36592773	-0.00028097	-0.00247133	0.00035434
0.27616828	0.88392988	-0.36713286	0.00223338	0.00495929	-0.00511126
0.27526071	0.88278255	-0.36984122	0.00104806	0.00564904	0.00419694
0.27692454	0.88025653	-0.37215802	-0.00224347	0.00475321	0.00892225
0.27763147	0.88191519	-0.37884720	-0.00492404	0.00339290	0.00203662
0.27985068	0.88469500	-0.37702670	0.00557437	0.00436726	0.00017089
0.28073150	0.88535459	-0.37634266	0.00300423	0.00421417	-0.00104070
0.27836314	0.88338657	-0.37389022	0.00404479	-0.00148928	-0.00152565
0.27952667	0.88257666	-0.37233366	0.00485012	-0.00058859	-0.00250318
0.27840654	0.88436570	-0.37256602	0.00459557	-0.00083627	-0.00000521
0.27741828	0.88515714	-0.36658129	0.01320312	0.00307024	-0.00309129
0.27687676	0.88732046	-0.37697011	0.00623723	0.00412524	-0.00693555
0.27765846	0.88701597	-0.37316382	0.01479900	0.00688682	-0.01101735
0.27342033	0.88520970	-0.37900156	0.00986034	0.00781274	-0.00346871
0.27313332	0.88567011	-0.37933100	0.00392675	-0.00351869	-0.00072478
0.27700153	0.88700143	-0.38206925	0.00673459	0.00168140	-0.00311120
0.27676274	0.88602511	-0.37869929	0.01232043	0.00258853	-0.00383310
0.27720842	0.88537150	-0.37879707	0.00133060	-0.00376007	-0.00235103
0.27712581	0.88356403	-0.37560871	-0.00057641	0.00103272	-0.00458328
0.27574152	0.88513314	-0.37569651	0.00192764	0.00554746	0.00088650
0.27669043	0.88286688	-0.37496874	0.00097932	0.00491883	0.00482498
0.27782380	0.88599975	-0.36956520	0.00040410	0.00537913	0.00159997
0.28277903	0.88621067	-0.37577991	-0.00635222	0.00244855	0.00035910
0.28180134	0.88193229	-0.36815638	-0.00195523	0.00274746	-0.00703161
0.27888198	0.87965728	-0.37242379	-0.00397991	-0.00076987	-0.00559301
0.27505887	0.88010521	-0.37618308	0.00172339	-0.00206212	-0.00691768
0.27621383	0.88707514	-0.37126579	0.00526431	-0.00036089	-0.00108665
0.27638109	0.88396149	-0.37428974	0.00703519	0.00342091	-0.00017405
0.27392507	0.88511977	-0.36992181	0.00295195	0.00328968	0.00107327
0.27449492	0.88281362	-0.37716984	0.00569129	-0.00075773	0.00493489
0.27518919	0.88490446	-0.37513834	0.00396324	-0.00163251	0.00981740
0.27448061	0.88403234	-0.38052868	0.00806233	0.00602454	0.00411222
0.27412795	0.88213167	-0.37441386	0.00025173	0.00800766	-0.00223495
0.27644461	0.88061011	-0.38328543	-0.00040823	0.00918981	0.00183335
0.27847434	0.88094838	-0.39094818	-0.00721826	0.00033670	0.00359310
0.27885601	0.88107199	-0.38154846	-0.00216082	-0.00809350	-0.00310221
0.28221496	0.88222667	-0.37748788	-0.00107672	-0.00363739	-0.00687233
0.27787600	0.88199483	-0.37901745	0.00730203	0.00280699	-0.00800175
0.27495278	0.88504666	-0.38228903	-0.00065234	0.00265037	-0.00469319
0.27458888	0.88707258	-0.38239456	0.00087707	0.00174009	-0.00577982
0.27601332	0.88913724	-0.38074068	0.00115105	0.00266137	-0.00237705
0.27812386	0.88823805	-0.37462560	0.00023227	0.00576050	-0.00451808
0.27762825	0.88124928	-0.37303128	-0.00552148	0.00942239	-0.00001273
0.27834120	0.88308593	-0.37803230	-0.00495683	0.00915584	-0.00005818
0.27897749	0.87978859	-0.37584799	-0.00075276	0.00054481	0.00211586
0.27834940	0.88041799	-0.37618320	-0.00397452	0.00354281	-0.00152865
0.27619471	0.88135362	-0.37759562	-0.00281406	0.00079910	-0.00025652
0.28101776	0.88293284	-0.38187457	-0.00000545	-0.00364405	0.00154019
0.27866968	0.88415538	-0.37617666	-0.00253386	0.00000736	0.00215842
0.27894906	0.88706514	-0.37777559	0.00557041	-0.00043645	-0.00005540
0.27638372	0.88435870	-0.37272285	-0.00090437	-0.00169519	-0.00270229
0.27332937	0.88687996	-0.37429036	0.00046755	-0.00034827	-0.00303910
0.27307550	0.88470993	-0.38165284	-0.00255918	0.00436638	0.00052225
0.27832451	0.88373575	-0.37954047	0.00047471	0.00594773	0.00363690
0.28060235	0.88603615	-0.37735652	-0.00012124	0.00736527	0.00584020
0.28375809	0.88503090	-0.37481727	-0.00413119	0.00361911	0.00395391
0.27916951	0.88613587	-0.37379703	0.00054429	0.00210181	0.00740103
0.27630796	0.88543836	-0.38172926	-0.00392837	-0.00033323	0.00736827
0.28078923	0.87968558	-0.38077370	-0.00581646	-0.00106533	0.01192319
0.28024715	0.88178956	-0.37868240	-0.00815722	0.00167503	0.00647518
0.27867843	0.88597183	-0.37681336	-0.00763864	-0.00294074	0.00298478
0.28053966	0.88784903	-0.37392707	-0.01216604	0.00143006	0.00338713
0.27756625	0.88652460	-0.37703675	-0.01087871	0.00073707	0.00117611
0.27814723	0.88594322	-0.37779382	-0.01460286	0.00219645	-0.00312690
0.27885264	0.88605514	-0.37458631	-0.01532096	0.00246178	-0.00307583
0.28102777	0.88441198	-0.38126769	-0.00637047	0.00275842	0.00317867
0.27513350	0.88291622	-0.37395962	-0.00477563	-0.00080306	0.00169068
0.27458359	0.88233393	-0.37125136	-0.00885526	-0.00870213	0.00438212
0.27539995	0.87772763	-0.36522603	-0.00426951	-0.00194930	0.00077045
0.27923460	0.88143990	-0.37178908	-0.00014618	-0.00390065	0.00051003
0.28222309	0.88472560	-0.37744655	0.00120164	-0.00259032	-0.00288745
0.28004287	0.88425242	-0.37842649	-0.00197662	-0.00497039	-0.00068364
0.27648743	0.88466800	-0.37690596	-0.00934392	0.00037739	-0.00272649
0.27963092	0.88301828	-0.37486209	-0.01850728	0.00893105	-0.00015446
0.27546734	0.88434261	-0.37653615	-0.01404427	-0.00226321	0.00510108
0.27638549	0.88308544	-0.37596038	-0.01663461	-0.01490573	0.00667386
0.28244556	0.88250390	-0.37473206	-0.00447637	-0.00600105	0.00008155
