1.55851258	-0.53633159	0.07979578	-0.26170700	0.46264361	0.17561298
1.50481310	-0.41835038	0.17331528	0.28446741	0.85209251	-0.08630422
1.18533605	-0.87072718	0.16974378	0.63677983	0.65477944	-0.23287961
1.31117477	-0.87425623	0.19189759	1.08330077	0.27110112	-0.06311616
0.96815858	-0.26539890	0.24363695	0.61336304	0.59213628	0.03627541
0.77606619	-0.47379051	0.19594346	-0.19282099	-0.10130195	-0.06476027
1.03254053	-0.17877388	0.10651585	-0.10222733	-0.12713032	0.29871866
0.75908616	-0.17874692	0.07898614	-0.09005535	-0.14581767	0.35116078
0.86966159	-0.26846048	0.11031894	-0.58906680	-0.47192403	0.14968549
0.97876396	-0.38700393	0.04588078	-0.10137447	-0.85675683	-0.08399947
0.78971120	-0.20791891	0.01227251	0.32162986	-0.30099824	0.15385817
0.72720448	-0.34295094	0.08103751	0.84293378	-0.60550859	-0.00862083
0.76083572	-0.36253176	0.06306248	0.73396752	-0.75386806	0.16247154
0.76650559	-0.40942184	-0.04962348	1.17679101	-0.55254388	0.18573636
0.67320520	-0.42312779	-0.01347806	1.01747821	-0.48784364	0.18787808
0.94797830	-0.13104923	-0.12105915	1.19479742	-0.22894969	0.13065660
1.04131318	-0.04387974	-0.01956376	0.33737965	-0.23839983	0.32036965
0.95457247	-0.05036635	-0.12302103	0.81683817	0.20127797	0.37956931
0.71915619	0.09242725	-0.08450293	0.51743506	0.44706286	0.37655339
0.91882577	0.22466240	-0.05638614	0.46262638	0.51177522	0.25968667
0.94441944	-0.08812334	0.00016511	0.16241482	0.46989411	0.23479278
1.09072852	-0.25854402	-0.05140910	0.68920218	0.35856175	0.01653798
1.09127843	-0.13173126	-0.00561329	0.70611514	0.71838204	-0.01518398
1.28601147	-0.15247021	-0.00374593	0.41495383	0.53277106	-0.05052256
0.88787794	-0.34140510	-0.01026209	-0.16875884	-0.35588035	-0.17737368
1.00432207	0.05780418	0.00763708	-0.00597669	-0.63374953	-0.22547507
0.91648891	-0.02107305	-0.00859626	0.43813614	-0.71533801	-0.00722386
1.14255702	0.09053554	0.11851422	0.42308544	-0.95013028	0.10153513
1.17385173	0.10424526	0.12799149	0.33949071	-1.48179043	0.20976255
1.20388148	-0.24728333	0.11741228	0.10149178	-0.51467785	0.15838242
0.97582149	-0.12272969	0.13986437	-0.66724106	-0.75071428	0.04562382
1.04076858	-0.55929778	0.11818800	-0.87236800	-0.68696346	-0.24491760
1.16073303	-0.50215247	0.08716455	-0.05216978	-0.95801799	-0.49089071
1.27374614	-0.56746025	0.12573962	0.22209357	-0.80459683	-0.18842267
1.56091652	-0.73781844	0.03768247	0.58247022	-0.41386025	-0.16908850
1.48645630	-0.54295094	-0.08518099	0.72760214	0.49791512	-0.32223631
1.43326949	-0.03844702	0.01274930	0.26966054	1.00519627	-0.33697792
1.19558485	0.12181788	-0.02057856	-0.19449863	1.04140534	-0.44755660
0.81416087	0.08978235	0.00392875	-1.02515951	1.48608761	-0.14008214
0.40959566	0.03975068	0.06109782	-1.09324917	1.11032700	0.04304412
0.49300478	-0.05168963	0.09738953	-0.90129493	1.20401627	0.12193238
0.55775440	-0.11811035	0.19346739	-0.97573879	0.69160589	0.09945466
0.60149109	-0.24220344	0.08124666	-0.86419077	0.64033446	0.35191997
0.71514079	-0.05931217	0.15102823	-0.67450430	0.16243085	0.24156866
0.71319930	-0.22497382	0.17150718	-0.23006971	0.42076333	0.17289608
0.93901604	0.05235854	0.14994793	-0.86033179	0.10190936	0.10486768
0.77176336	-0.15553563	0.09492864	-0.69876873	0.12344782	-0.21825999
0.72702927	0.06954547	0.05235373	-0.27927919	-0.38042232	-0.01400934
0.92482253	0.08450825	0.01997876	0.03311554	-0.20087853	-0.01604907
0.93967637	0.19693357	0.06811778	-0.18726349	-0.57166112	-0.30525641
1.29261430	0.17450677	0.14035608	-0.81452562	-0.33353888	-0.32899836
1.18533892	0.19866507	0.00635239	-0.77082484	0.01928088	-0.17353805
1.30973962	-0.06900431	0.06708976	-0.82472384	0.29695059	-0.09997289
1.23078406	0.17350974	-0.02888141	-0.62890194	0.69947757	0.24348728
1.21130672	-0.18147486	-0.02306965	-0.89048429	0.99820083	0.10766547
1.33224827	-0.13616158	0.02703882	-0.62975029	1.00296618	0.02011572
1.20117427	-0.44449947	0.07620481	-0.25911922	0.48610849	0.17597896
1.04758651	-0.71643343	0.18592879	0.05075891	1.11128523	0.12110871
1.03594141	-0.83241740	0.10083560	0.63244212	0.57079313	-0.17966530
1.12271712	-0.55953118	0.17265610	0.95761952	0.59887791	-0.21156416
1.11638299	-0.50110701	0.20164401	0.49591100	0.09339992	-0.37408332
0.98141479	-0.20549496	0.19196314	0.56380113	-0.49912849	0.10611077
0.93235935	-0.08437611	0.17162857	-0.18314330	-0.33351316	0.19958723
1.02531240	-0.22621226	0.06748818	-0.27064694	-0.71868113	0.31924163
0.72588293	-0.25228352	0.00497418	-0.04558605	-0.57534423	0.29563798
0.86750273	-0.50812303	-0.00536910	0.46594263	-0.70565381	-0.03525741
0.79231925	-0.47998387	-0.02909545	0.36243165	-0.31397518	0.02770570
0.99098661	-0.63542042	0.06943990	0.79109538	-0.28306933	0.09086516
0.54547339	-0.37043920	0.01973805	0.80531278	-0.49787906	0.04060259
0.73269419	-0.24210933	-0.03874766	0.98067519	-0.57930704	0.05776074
0.81038946	-0.05587243	-0.05211227	1.03201894	-0.71022931	0.17195689
0.85008346	-0.40880247	-0.03432327	0.72021630	-0.18437589	0.20799338
0.96571397	-0.02343276	-0.06365514	0.66796446	-0.16313284	0.17764612
0.78947001	-0.23321945	0.02597650	0.61745115	0.59112675	-0.04409015
1.22960215	-0.07224588	-0.05343001	0.71815652	0.28335707	0.18039959
0.83811109	-0.30306053	0.01511133	0.08692288	0.61694472	0.13210158
1.09594144	-0.17372339	-0.03284852	0.32579610	0.61857189	0.04319287
1.06350228	-0.10436110	-0.02928190	0.21939611	0.98672343	0.21774771
1.04079284	-0.05847503	0.06938446	0.59959336	0.64402200	0.02172398
1.06737583	-0.20880653	-0.02802751	0.68562896	0.16998257	-0.10169112
1.00313617	0.05229413	0.00089445	0.63737152	-0.48662373	-0.25166759
1.08376436	-0.05909206	-0.01541849	0.75135918	-1.14145757	-0.00264713
1.14444228	-0.22384020	-0.04051685	0.61609867	-1.07275583	-0.02917341
1.37410321	-0.28253170	0.13860483	1.06422205	-1.26082935	-0.05626059
1.34330550	-0.14326155	0.18452467	0.33342988	-0.44684686	0.03540138
0.97082727	-0.01775681	0.20949983	-0.19612492	-0.72660422	-0.03728052
0.86232823	-0.29729316	0.03125528	-1.44692252	-0.93858630	-0.24012606
1.03447338	-0.37073497	0.02874732	-0.66078884	-1.36974313	-0.37757254
1.06658016	-0.65214892	0.00561626	-0.45376290	-1.03025097	-0.16981211
1.36425140	-0.73695820	-0.02113948	0.10606158	-1.14555495	-0.12710986
1.52298159	-0.28580331	-0.06128068	0.07256220	-0.07810469	-0.32454715
1.27728831	-0.26617952	-0.06413305	0.14355954	0.98190027	-0.44588291
1.55925443	0.20474726	-0.02614368	-0.03671580	0.51934898	-0.25079902
1.06492880	-0.18995462	-0.01156797	-0.43883968	0.78830162	-0.26820960
0.51015533	-0.12539958	0.02290905	-0.75555469	1.18039826	-0.18561406
0.73530138	-0.07967350	0.13106466	-1.12896079	0.69530383	0.10683301
0.58890772	0.01273549	0.11063025	-1.27696780	0.89003874	0.04625189
0.78860529	-0.21536595	0.02264242	-0.81223680	0.73547298	0.30493892
0.65294391	-0.13517365	0.06887282	-0.53472920	0.71268973	0.08250857
0.76469996	-0.13854969	0.17728597	-0.62004557	0.24019717	0.23864460
0.69611339	-0.19630540	0.12222517	-0.61352319	0.30593078	0.14550544
0.72893306	-0.16730898	0.10623321	0.20391888	0.32474078	0.07007922
0.58297195	-0.20798825	0.07370184	0.02800917	0.21469031	0.11990608
0.90512142	-0.05773243	0.11867200	0.05950826	0.23102816	-0.02945603
0.89668667	-0.14052019	0.13551264	-0.32226820	-0.26775536	-0.09181311
1.10768681	0.22324752	0.21171224	-0.63301487	0.16745096	-0.14650800
0.99662481	0.07429099	0.14396924	-0.71530412	0.00062991	-0.07694829
1.39477341	0.26611747	0.11980580	-1.17303514	-0.31555877	0.13013960
1.64652258	-0.30776393	-0.05183925	-0.79918826	0.39803284	0.27891505
1.48905744	-0.11534451	-0.05061640	-0.54340438	0.50812878	0.07480786
1.60322230	-0.51201246	-0.00688484	-0.46549579	0.78543364	0.10885123
1.21512452	-0.65862734	0.08891080	-0.11309991	0.69801919	0.09081339
1.34226826	-1.04931443	0.21578507	0.37084710	0.81148168	0.02600727
1.35376150	-0.95836204	0.30043880	1.01051955	0.68156747	-0.19701294
1.24922495	-0.78867249	0.19890860	1.18282732	0.60350496	-0.42781014
0.81213599	-0.27532679	0.19733470	0.33563555	0.77794078	-0.32202967
0.79076852	-0.32667698	0.21002054	0.34158194	0.05887379	-0.10349438
0.69630527	-0.04733967	0.07519130	0.20478274	0.15604131	0.13117382
0.79714406	-0.16841250	0.07531470	0.23639000	-0.02204951	0.20915627
0.85453152	-0.34471110	0.01474070	0.17265629	-0.64335794	0.13187583
0.81614903	-0.44913663	-0.05056448	0.52106125	-0.85547889	0.22241963
0.73183373	-0.46074771	0.07756573	0.36837970	0.09210988	0.04298766
0.83577363	-0.57800523	0.00261334	1.06746048	-0.75256489	0.04639767
1.03117325	-0.30200897	0.02989610	1.11303877	-0.37861962	-0.07609306
0.50254849	-0.15922250	0.02055671	0.47484079	-0.05569596	-0.16623979
0.72225700	-0.03263182	-0.04988184	0.59938850	-0.66975020	-0.01092804
0.84146366	-0.07638924	-0.04438748	0.70810305	-0.00763283	-0.02607389
1.04453226	0.16926749	-0.12033623	0.80271836	0.35722275	0.18344403
