1.20984838	0.00014152	-0.12512047	0.33578395	-0.46612255	-0.60027869
1.73316057	-0.20051566	0.01619466	0.27582417	-0.27919037	-0.38425616
1.76238109	-0.27698770	-0.10666535	0.19113959	0.29245165	-0.12923218
1.74379870	-0.43830173	-0.00080905	-0.22368445	0.56643060	0.06413520
1.54124069	-0.38602963	0.10010979	-0.56884179	0.50915631	0.27915930
1.19706653	-0.46597090	0.17498434	-0.38252378	0.33955557	0.32486207
1.29476865	-0.54745176	0.06962438	-0.36173280	0.51539933	0.21908339
0.91444557	-0.47715583	0.13888986	0.04408813	0.37399835	-0.06574134
1.03779696	-0.55616186	0.02253591	0.29263839	0.27922995	-0.57783557
1.26258003	-0.38183410	0.00252701	-0.03551585	0.18055094	-0.23904754
1.13202803	-0.14073268	-0.04027257	-0.13544920	0.95660890	-0.48417364
1.02740240	-0.19085413	0.00144673	-0.88721554	0.82060976	-0.29042498
0.96507015	-0.23821986	0.03785765	-1.02325377	1.29249272	-0.09171419
0.85528190	-0.10758511	-0.08298080	-1.10213796	1.41241304	0.01071742
0.41117302	-0.35115190	-0.00630917	-0.62979466	0.95827528	0.06443394
0.52768178	-0.41967669	0.07498175	-0.67354534	1.69497482	0.03288233
0.56945704	-0.33139457	0.09443793	0.28633560	1.60188595	-0.34124442
0.44326846	-0.30433577	0.10839096	-0.08163293	1.19593372	0.10431400
0.50175058	-0.17531155	0.15838828	-0.10066708	0.87398173	0.08728368
0.56115163	0.06222286	0.20311193	-0.68003025	1.07361792	0.24692360
0.20184951	0.03565535	0.15949522	-0.88509643	0.79565974	0.36207193
0.54498193	0.11158134	0.17302724	-0.88630813	-0.12488744	0.23627017
0.36043217	-0.12633864	0.20613436	-0.54308946	0.50849735	0.49599998
0.83977665	-0.28671726	0.24167032	-1.01438616	0.27206459	0.59211919
1.03482712	-0.32179718	0.25706350	-0.61234254	0.30909960	-0.10962328
1.39686729	-0.30127813	0.26512599	-0.10114064	0.55432152	0.09586000
1.23329940	-0.29645017	0.39572512	0.39454786	0.05347400	-0.13609440
1.48555720	-0.40601002	0.20089628	0.09220956	0.21024486	-0.07565301
1.47850448	-0.28746842	0.35533803	0.33856134	-0.05357486	0.00118384
1.55490307	-0.28735135	0.20447170	-0.01250763	-0.31665465	0.08009173
1.77062777	-0.42476564	0.35444384	-0.49836824	0.01000971	0.22698742
1.46807714	-0.58308896	0.21630365	-0.50151308	0.34087722	0.35814475
1.54001471	-0.45399085	0.27666088	-0.46208677	0.53384144	0.31045872
1.04527274	-0.51320697	0.30782329	-0.24752047	-0.00350170	0.39901657
0.62792924	-0.40590950	0.28086129	-0.19492314	-0.11566050	0.06572593
0.74133548	-0.55945615	0.36111762	-0.11955940	-0.75780549	0.04257395
0.74609856	-0.44990886	0.23303735	0.30758307	-0.72471512	-0.03657429
1.04652520	-0.67755194	0.09555673	0.34967539	-1.38049325	0.06104522
1.09140656	-0.53573366	0.04514466	0.12557550	-0.58092033	-0.11493698
0.77179778	-0.42856304	0.11260002	0.36370453	-0.71496863	-0.25416789
0.95058323	-0.33863428	0.00335209	0.29848233	-0.37982583	-0.03195925
0.29889309	-0.17710826	-0.03401576	0.19687188	-1.07162760	-0.11941304
0.59538136	-0.07604719	-0.00470607	-0.01349902	-1.17298544	-0.14215676
0.75304916	-0.19670384	0.02983681	-0.14757588	-0.75996830	-0.10702891
0.62473473	-0.11208181	0.08456313	-0.12399347	-1.11323443	-0.07368535
0.71618565	-0.15945038	0.05421648	-0.07030795	-0.65087106	0.04061116
0.57251761	-0.25060319	-0.02256123	-0.11079661	-0.62612403	0.03078117
0.52973961	-0.28904409	0.04337564	-0.18568654	0.05025060	-0.07154210
0.51851583	-0.44944370	-0.10327050	0.01215009	-0.12635454	0.09617934
0.90699348	-0.38544537	0.01584892	0.35200425	-0.31186332	-0.28384054
0.87068559	-0.22394055	-0.01820032	0.42052854	0.10016036	-0.12403202
1.00201972	-0.11516506	-0.11239791	0.11048704	-0.08063528	-0.03790762
1.01409401	-0.16231340	-0.12124370	-0.21032520	-0.10679411	-0.19528191
1.02319479	-0.15480739	-0.08150806	-0.58211599	-0.39743926	-0.07813608
1.04443630	-0.13399058	-0.11117595	-0.29983096	0.33853248	0.04949692
1.49458847	-0.20208935	0.03186092	-0.47745648	-0.27600660	-0.30227600
1.38384467	-0.26857372	-0.08811896	-0.26856222	0.11487769	-0.10752835
1.74582059	-0.46575476	-0.06743298	-0.24633804	0.05274904	-0.09196989
1.90036006	-0.50869699	-0.01942792	-0.94188207	0.22736466	-0.20846653
1.41485503	-0.56484865	0.12633663	-1.31136038	0.43619080	0.05918441
1.29811489	-0.52153013	0.17517066	-0.76170483	0.25972111	-0.24897761
1.03415619	-0.52323218	0.06716973	-0.27166611	0.24916826	-0.14643818
1.36512535	-0.54811792	-0.04474855	-0.20175986	0.48560377	-0.27945882
1.14818775	-0.38989700	0.10691063	-0.16137566	1.08815041	-0.47852692
0.93461035	-0.45103806	0.02593514	-0.21126897	0.83463815	-0.93772929
1.37341195	-0.05519573	0.19529754	-0.94081731	1.13182675	-0.48386355
1.07100575	-0.07655813	0.05909848	-1.50469391	1.10898689	-0.34155169
1.11140775	-0.05595008	0.02259945	-1.51401946	1.27546819	-0.39516738
0.97179034	-0.09977548	-0.00097633	-1.45794568	1.14549393	-0.31347204
1.03569339	-0.33685751	0.07899051	-1.34644584	1.45181265	-0.20271939
0.65190137	-0.40145204	0.11311790	-1.23346137	1.79647273	0.01383975
0.77377744	-0.35191528	0.09033403	-0.63795810	1.47561019	-0.08110230
0.44125072	-0.29687710	0.14641690	-0.62370608	1.54674598	-0.12737939
0.34791497	-0.25161116	0.19986823	-0.53157650	0.99671523	-0.15689325
0.40640471	-0.17196439	0.13514891	-0.94510844	0.75187496	0.09921486
0.50025065	-0.08590788	0.19979261	-1.08303767	0.68368672	0.38991276
0.54543051	-0.14138078	0.28461719	-0.88556725	0.58374034	0.11793905
0.68861565	-0.23030592	0.20548073	-0.82069177	0.61539864	0.16160458
0.98177912	-0.17361817	0.22287316	-0.91101210	0.72582786	0.42179859
1.03549040	-0.30250914	0.31335955	-0.77222081	0.96973630	0.10860934
1.31888342	-0.18824905	0.32873612	-0.47504525	0.35103434	-0.12251689
1.29235349	-0.31282223	0.22901844	-0.11796900	0.00332844	-0.02729463
1.59219601	-0.16535374	0.24100531	-0.18382435	0.60661129	-0.12859922
1.65699393	-0.16061989	0.32281900	-0.77267612	0.51384998	0.08453083
1.44116383	-0.23988615	0.19318393	-0.80661098	0.64907087	0.22740574
1.56787988	-0.44547573	0.18277239	-0.63658076	0.08338648	0.42111762
0.97739608	-0.55009934	0.36066150	-0.56508276	0.31902114	0.08711172
0.72395758	-0.26667696	0.28930208	-0.45818709	0.46861873	-0.19908750
0.65924031	-0.57153196	0.25728329	-0.65623301	-0.22612672	-0.11991395
0.75085613	-0.47388288	0.22548204	-0.56108296	-0.27758812	-0.17370487
0.88279285	-0.44745221	0.19049871	-0.37518723	-1.10796078	0.01727279
0.86114525	-0.48509458	0.18814490	-0.09092568	-0.74566033	-0.02914119
1.29901113	-0.42513385	0.12391486	0.11990378	-0.39248016	-0.08716327
1.26086520	-0.40427214	-0.00077989	0.44526077	-0.70160662	-0.04648993
0.45751963	-0.29014122	0.03157310	-0.05721224	-0.50385116	-0.18972998
0.66470275	-0.16290467	0.06369856	0.01019239	-1.14433625	0.10633907
0.77455164	-0.21279263	0.09841352	-0.08967211	-0.95573734	0.00165945
1.08576539	-0.29162404	0.11602031	-0.15986242	-0.75184358	-0.02118278
0.76291733	-0.11634944	0.02378882	-0.14199345	-0.91912884	-0.00639066
0.54454610	-0.10243500	-0.04035029	-0.40047579	-1.00657952	0.15588525
0.64124911	-0.21183844	0.02146878	0.05349292	-0.36372776	0.23704935
0.70128728	-0.19972772	0.05200523	0.03197411	-0.26929646	-0.05725501
0.93219860	-0.25699026	-0.10960407	0.06412901	-0.37960522	0.08188685
0.94176937	-0.20436734	-0.07550357	0.14889346	-0.76625950	0.01512815
0.80984353	-0.23557345	-0.11921241	0.21148993	-0.10247135	-0.07960126
1.10151535	-0.20313057	-0.04522428	0.25999056	0.18600537	-0.14224233
1.10636502	-0.06167911	-0.09045051	0.11972604	0.06552162	-0.18052805
0.93978945	-0.15392705	-0.14114636	-0.41585276	0.06867020	-0.04466748
1.36393655	-0.18816848	-0.16447102	-0.27406871	-0.03920691	-0.13166061
1.30674207	-0.14538564	-0.25207083	-0.58340586	-0.32275140	-0.05458787
1.54850673	-0.25359094	-0.09118802	-0.70615997	0.11534399	0.01988708
1.69319427	-0.37169061	-0.13858511	-1.08886234	0.02767382	0.01914012
1.83204426	-0.50790485	-0.05210183	-0.76007431	0.64473954	-0.01834449
1.58008025	-0.40867096	-0.03037053	-1.18562863	0.42112714	-0.03892225
1.19121988	-0.52470509	0.12935193	-1.13626650	0.24897074	0.12783540
1.07658268	-0.61477611	0.02257597	-1.12126705	0.33696983	-0.20313989
1.18228761	-0.53401808	0.09644310	-0.28383744	0.55785365	-0.16025730
1.05035436	-0.59091099	-0.00077228	0.24439898	0.44890747	-0.38106181
0.87906641	-0.40107309	0.04954658	-0.27324463	0.24854626	-0.85379341
1.36503314	-0.25500097	0.05582429	-0.48671965	0.98728077	-0.58297597
1.04966438	-0.11908625	0.09498888	-0.90796450	0.87532915	-0.52783220
1.06235762	-0.00409827	0.08535972	-1.27476713	1.30715802	-0.43390251
0.78567219	-0.10187098	-0.06203949	-1.43630337	1.21644609	-0.24757894
0.94774758	-0.13550350	0.13032913	-1.06413234	1.55036674	-0.10738379
0.71379269	-0.34266025	0.05093259	-1.19130582	1.99816504	-0.18436630
0.31086105	-0.26874203	0.03975082	-1.17040649	1.22353714	-0.25696131
0.73950159	-0.38324845	0.15078301	-0.88261336	1.20424575	-0.22135906
0.61765795	-0.19857755	0.17248228	-1.10812756	0.76020252	-0.24856252
