1.00538207	-0.16751461	-0.15185051	-0.01595329	-0.01627780	-0.00860508
1.00232071	-0.16407251	-0.14760339	-0.01183598	-0.02076274	-0.00429210
1.00361283	-0.16426158	-0.15649025	-0.01415674	-0.02081625	-0.00600232
1.00303923	-0.16789720	-0.16914004	-0.01019765	-0.01718160	-0.00639796
1.00330218	-0.16555948	-0.16792167	-0.01108118	-0.02446153	-0.00410360
1.00261729	-0.15921394	-0.15845525	-0.01452845	-0.01630348	0.00185582
1.00447824	-0.16038399	-0.15973985	-0.01144101	-0.01964925	-0.00190415
1.00231588	-0.16203266	-0.15546174	-0.01803173	-0.01134507	0.00306268
1.00673142	-0.16017804	-0.15446539	-0.01339482	-0.01840072	0.00378353
1.01008287	-0.16358585	-0.14991933	-0.01165276	-0.02012510	0.00956894
1.01195791	-0.16230569	-0.14916933	-0.01493613	-0.02212627	0.00177483
1.00921328	-0.16374772	-0.15192671	-0.01367681	-0.01652964	0.00114968
1.00675315	-0.16343742	-0.15673259	-0.01318184	-0.02071834	-0.00140690
1.00836954	-0.16560833	-0.15863403	-0.02103471	-0.02599316	-0.00654899
1.00816201	-0.16167612	-0.16269407	-0.02234741	-0.01168349	-0.00808479
1.00718037	-0.16473495	-0.16328021	-0.00972549	-0.00385610	-0.00818045
1.00482761	-0.16305938	-0.15718475	-0.02186976	-0.01168135	-0.00518525
1.00222426	-0.16288287	-0.15679728	-0.02342677	-0.01582830	-0.00436869
1.00228922	-0.16967233	-0.15718523	-0.02940021	-0.00861855	-0.00461018
1.00483978	-0.17090589	-0.15915552	-0.01372888	-0.01211594	-0.00366448
1.00472275	-0.16718159	-0.15778258	-0.01274023	-0.00919169	-0.00385161
1.00346220	-0.16612470	-0.16351312	-0.01609826	-0.01280728	-0.00539506
1.00057343	-0.16892219	-0.16605743	-0.02991018	-0.01698094	0.00083016
1.00289278	-0.16979641	-0.16493504	-0.02124972	-0.01923495	0.00587677
1.00684784	-0.16818464	-0.16314291	-0.02834636	-0.02784676	0.00439320
1.00638361	-0.16713002	-0.15993963	-0.02129288	-0.02098110	0.00759877
1.00975334	-0.16841968	-0.16411330	-0.00587144	-0.01963014	0.00303467
1.00745854	-0.17024846	-0.16341270	-0.01187374	-0.02102754	0.00678221
1.00487599	-0.17117546	-0.17020248	-0.00593099	-0.02652564	0.00448951
1.00223501	-0.16927607	-0.17560439	-0.00222803	-0.02393808	0.00308127
1.00291052	-0.16703091	-0.17295574	0.00054174	-0.02780378	-0.00002435
0.99998379	-0.16547888	-0.17710835	0.00148927	-0.02843731	-0.00233165
1.00371713	-0.16500901	-0.17693546	-0.00352832	-0.01983326	-0.00311357
1.00359415	-0.16599002	-0.18020939	-0.00463029	-0.01410679	0.00022221
1.00862557	-0.16280222	-0.17904905	-0.01573644	-0.00863892	0.00069763
1.01074515	-0.16200037	-0.17267369	-0.00724125	-0.00945884	0.00630960
1.00499438	-0.16684765	-0.17613602	-0.01696064	-0.00169586	0.00217949
0.99974987	-0.16736273	-0.17223087	-0.01700862	-0.00688348	-0.00479002
1.00186940	-0.16611373	-0.17715017	-0.02380701	-0.00195013	0.00028597
1.00691626	-0.17107845	-0.16759622	-0.00659399	-0.00848575	-0.00014703
1.00412823	-0.17431235	-0.16704803	-0.01515731	-0.00743848	0.00038278
1.00387808	-0.17216451	-0.16215785	-0.00881071	-0.00613953	0.00191316
1.00562819	-0.16746806	-0.16736959	-0.00992661	-0.00237634	0.00717200
1.00408767	-0.16879345	-0.16847634	-0.01196094	0.00398177	-0.00087144
1.00680381	-0.17101695	-0.15817049	-0.00634041	-0.00135067	-0.00135061
1.00284401	-0.17178800	-0.16069012	-0.01358508	-0.00197528	-0.00220883
1.00373278	-0.17451858	-0.15942826	-0.00667289	-0.00198817	-0.00435067
1.00239285	-0.17363799	-0.16805545	-0.00182249	-0.00508203	-0.00316622
1.00191395	-0.17130049	-0.17102838	-0.00341886	-0.00176260	-0.00402182
1.00431013	-0.17149777	-0.16932710	0.00182139	-0.00326432	0.00222252
1.00262326	-0.16972738	-0.16144689	-0.01364415	0.00446553	0.00235620
1.00452524	-0.17196651	-0.16354295	-0.00827245	-0.00556840	0.00422215
1.00602111	-0.17304865	-0.17269189	-0.00372293	-0.00417005	-0.00112812
1.00288061	-0.16963525	-0.17006613	-0.00898504	-0.00268149	-0.00012455
1.00217736	-0.17130091	-0.16672216	-0.00643243	-0.00848471	-0.00145741
1.00151907	-0.17221118	-0.16815744	0.00133131	0.00317987	-0.00342679
1.00034824	-0.17466115	-0.17518754	-0.00564409	-0.00546377	-0.00218108
0.99967708	-0.17435632	-0.17182267	-0.00767755	-0.00366855	-0.00666502
1.00328406	-0.17357826	-0.17416302	-0.00676212	-0.00960337	-0.01309202
1.00565085	-0.17316845	-0.16935999	0.00482873	-0.00307009	-0.01450755
1.00686920	-0.16853741	-0.17512891	0.00293887	0.00498804	-0.01129240
1.00347591	-0.16933315	-0.17352153	-0.00639393	-0.00529449	-0.00586323
1.00148917	-0.16809723	-0.16839537	-0.00522768	-0.00564961	-0.01086641
1.00319771	-0.16676009	-0.16284148	-0.00579555	0.00511827	-0.01402031
1.00159558	-0.16343424	-0.16153176	-0.00251675	0.00545313	-0.01240344
1.00376860	-0.17161584	-0.16161474	0.00308774	0.01023197	-0.00947084
1.00395040	-0.17537277	-0.17810462	0.00503576	0.00401829	-0.00603422
1.00366484	-0.17126634	-0.18050241	0.00076954	0.00272497	-0.00564891
1.00508340	-0.17168554	-0.17412680	0.00270109	-0.00335729	-0.00628411
1.00388611	-0.17319541	-0.17262041	0.00914057	-0.00236064	-0.00296141
1.00278190	-0.17042878	-0.17215042	0.00765313	-0.00371906	-0.01053114
1.00389972	-0.17146801	-0.17438674	0.01127247	-0.00539094	-0.01591755
1.00269345	-0.17356457	-0.16860152	0.00448630	-0.00631694	-0.00934444
1.00366160	-0.17306513	-0.16722229	0.00702689	-0.00778662	-0.00979215
1.00263670	-0.17608026	-0.17636142	0.01446729	0.00660520	-0.00168704
1.00300379	-0.17412113	-0.16979366	0.00249743	0.00444529	-0.00735341
1.00305726	-0.17239929	-0.17338342	0.00498077	0.00142702	-0.00722895
1.00387195	-0.17377038	-0.17485565	0.00320423	-0.00313703	-0.00785179
1.00747163	-0.16735335	-0.18073354	0.00267349	0.00546178	-0.00416714
1.00907344	-0.16259207	-0.18112666	-0.00144742	0.00342030	-0.00171765
1.00586653	-0.16667546	-0.16676024	-0.00809309	0.00422042	-0.00538291
1.00526263	-0.16488870	-0.16389073	-0.00226427	0.00149898	-0.00251964
1.00327868	-0.16898825	-0.17858250	0.00068839	-0.00298105	-0.01128885
1.00496878	-0.17230377	-0.17292802	0.00242356	0.01439357	-0.00784280
1.00518755	-0.16871617	-0.17529119	-0.00383331	0.00938967	-0.00765517
1.00327010	-0.16795271	-0.17134697	-0.00999430	0.01015825	-0.01441163
1.00499734	-0.16914671	-0.17084901	-0.00855488	0.01263480	-0.01583817
1.00450471	-0.16602290	-0.16175520	-0.00518507	0.01209486	-0.00764915
1.00160772	-0.16831016	-0.15842250	-0.01176106	0.00876281	-0.00337935
1.00090325	-0.16809410	-0.16532278	-0.01765224	0.00179715	-0.00420785
1.00440317	-0.16728867	-0.16682735	-0.01087633	-0.00129549	-0.00707518
1.00878426	-0.16986907	-0.16291258	-0.00575329	0.00493922	-0.00519295
1.00682530	-0.16712877	-0.15813152	0.00316581	-0.00153057	-0.00482233
1.00308527	-0.17257931	-0.16177146	0.00402915	-0.00228096	-0.00245312
1.00522333	-0.17642501	-0.16639317	0.00047469	0.00366931	-0.00367685
1.00303246	-0.17167010	-0.16589592	0.00068764	0.00706322	-0.00708781
1.00083272	-0.16845333	-0.17480018	0.00598267	0.00709224	-0.01063889
1.00362768	-0.17129470	-0.17046057	0.00384255	-0.00431368	-0.01277543
1.00449913	-0.17343222	-0.16622955	0.00270706	0.00467620	-0.01031594
1.00862239	-0.17236799	-0.16922584	0.01164687	0.00784506	-0.00972562
1.01067287	-0.17034770	-0.17216086	0.01215515	0.00911892	-0.01061058
1.00442998	-0.16782436	-0.16903264	0.00986277	0.00557277	-0.01326081
1.00083289	-0.16806370	-0.16510099	0.00363110	0.00262346	-0.00789970
0.99868809	-0.17301589	-0.16146023	-0.00392316	0.00466157	-0.00900836
1.00309592	-0.16671818	-0.16470340	0.00294639	0.00483427	-0.00733736
1.00419561	-0.16568855	-0.17982964	-0.00391004	0.00007874	-0.00441166
1.00494278	-0.16623998	-0.16711137	-0.01038820	0.00620700	-0.00670927
1.00735829	-0.16923137	-0.16695092	-0.00133176	0.00079798	-0.00385234
1.00867149	-0.16968781	-0.16514044	-0.00016097	0.00187041	-0.00181831
1.00751455	-0.17070704	-0.17198378	0.00288351	0.00318175	-0.00412383
1.00368231	-0.17466716	-0.17865816	-0.00553975	0.00509737	-0.00776756
0.99991513	-0.16790560	-0.17588770	0.01078632	0.01512187	-0.00203980
1.00290097	-0.16736940	-0.16864761	0.01469697	0.01199365	-0.00450112
1.00761896	-0.16457868	-0.17193611	0.01222684	-0.00209148	-0.00576577
1.01158855	-0.16838078	-0.16895064	0.01874427	-0.00148892	-0.00659215
1.01125897	-0.16596745	-0.16817451	0.00999342	0.00218516	-0.01170388
1.00731483	-0.16667217	-0.17109660	0.00872104	0.00047274	-0.00806480
1.01019388	-0.16961651	-0.16786465	0.01544526	-0.00114879	-0.00695570
1.00605848	-0.17197863	-0.16434056	0.01919246	0.00195161	-0.00518158
1.00625154	-0.17201348	-0.18327205	0.01790874	-0.00336124	-0.00601309
1.00672016	-0.17217165	-0.17433298	0.01025044	0.00969852	-0.00674464
1.00507461	-0.16794058	-0.17263925	0.01007737	0.00872452	-0.00981724
1.00561499	-0.16993168	-0.16672812	0.00808512	-0.00003512	-0.00920355
1.00367916	-0.16750759	-0.16672539	0.00319430	0.00131452	-0.00516589
1.00558456	-0.16815852	-0.17107783	0.00304052	0.00039747	-0.00635158
1.00822216	-0.17105142	-0.16570373	0.00089889	-0.00112406	-0.00589979
1.00629262	-0.17435769	-0.17787367	-0.00549958	0.01189397	-0.00644950
1.00457323	-0.17318120	-0.17556989	0.00180513	0.00534109	-0.00517050
