1.00336097	-0.17460957	-0.16962512	-0.00668112	-0.00002893	-0.00383722
1.00847107	-0.16735039	-0.16101220	-0.00057942	-0.00605797	0.00089511
1.00741098	-0.16937452	-0.16444859	0.00139682	-0.01168025	-0.00066902
1.00767277	-0.17372166	-0.16811996	0.00179880	-0.00434741	0.00108823
1.00444898	-0.16755441	-0.17114047	0.00097142	-0.00170578	0.00188944
1.00613701	-0.17537006	-0.17124548	0.00654685	-0.00396677	0.00396768
1.00586283	-0.17843644	-0.16587758	-0.00124781	-0.00139908	0.00446712
1.00539790	-0.17697323	-0.17134485	-0.00517452	0.00014230	-0.00117135
1.00416434	-0.16899116	-0.17919881	-0.00697061	-0.00024745	0.00088017
1.00362260	-0.16604289	-0.16990689	0.00027429	0.00393378	-0.00075118
1.00226393	-0.16894174	-0.16644450	-0.01345626	-0.00291051	-0.00165258
1.00409642	-0.17011558	-0.16789970	-0.01095740	0.00000626	-0.00251366
1.00639419	-0.17041962	-0.16588374	-0.00088427	-0.00238763	0.00089670
1.00674308	-0.17506670	-0.16374430	-0.00058718	-0.00454265	-0.00162553
1.00525280	-0.17733705	-0.16324742	-0.00179478	-0.00439881	0.00001624
1.00328699	-0.17055591	-0.16937390	0.01849823	-0.00561920	0.00849958
1.00027049	-0.17373285	-0.17226907	0.00328626	-0.00213903	0.00160551
1.00571502	-0.16864457	-0.17609675	0.00264589	-0.01194975	0.00756700
1.00470188	-0.16613675	-0.17222510	-0.00139415	-0.01518124	0.00598867
1.00338692	-0.16603998	-0.16771192	0.00371226	-0.01300943	0.00344724
1.00166932	-0.16665238	-0.17149948	-0.00081187	-0.01358147	0.00612261
1.00343639	-0.17124292	-0.17336158	0.00689370	-0.01318500	0.00978937
1.00292332	-0.17330729	-0.17443575	-0.00653474	-0.01010867	0.01055082
1.00312506	-0.17029474	-0.17286147	0.00482893	-0.00332203	0.01013138
1.00302572	-0.17036661	-0.17813131	0.00223818	-0.00839760	0.00573948
1.00109416	-0.16927782	-0.17771054	0.00699568	-0.00338980	0.00430825
1.00164181	-0.17009612	-0.17967351	0.00160902	-0.01039780	0.00003315
1.00203042	-0.17322427	-0.17890222	0.00297262	-0.01048683	0.00193563
1.00452554	-0.17184681	-0.17336354	0.00412167	-0.00244848	0.00424113
1.00638871	-0.17414351	-0.17266846	-0.00086678	-0.00664322	0.00485107
1.00236362	-0.17402756	-0.16289549	-0.00080938	-0.00101512	0.00212208
0.99870368	-0.17405928	-0.16724755	0.00054510	-0.00222693	-0.00182286
0.99995437	-0.17145031	-0.17802978	-0.00235766	0.00729255	-0.00253549
1.00163716	-0.17101663	-0.17009484	0.00077623	-0.00579524	0.00477976
0.99732368	-0.17554272	-0.17027553	-0.00665526	-0.00346158	0.00309681
0.99853351	-0.17442803	-0.16833181	0.01410785	-0.00523341	0.00237193
1.00000403	-0.17143873	-0.16654614	0.00342814	0.00124858	0.00826637
1.00201234	-0.16755507	-0.17210587	0.00682773	0.00141427	0.01075640
1.00400677	-0.17263152	-0.18294273	0.00098874	0.00031071	0.00557034
1.00362739	-0.17410627	-0.17943429	0.01069781	-0.00713370	0.00147666
1.00133703	-0.16988123	-0.17962398	-0.00280934	0.00097675	-0.00347642
1.00336555	-0.16965233	-0.18101257	0.00033763	-0.00658857	-0.00061847
1.00373914	-0.17186213	-0.17783507	-0.00375521	-0.00142661	0.00263560
1.00289979	-0.17182416	-0.17902771	-0.01048966	-0.00240044	-0.00257818
1.00383997	-0.17226761	-0.17756531	0.01082874	-0.00174800	-0.00256464
1.00279304	-0.17288952	-0.17854822	0.00932237	0.00860484	0.00527940
1.00145701	-0.17032720	-0.17869264	-0.00417660	0.00394271	0.00207525
1.00092497	-0.17120355	-0.17718502	0.00639826	-0.00200643	0.00069324
1.00003547	-0.17333352	-0.17745219	0.00300580	-0.00500558	0.00548655
1.00128741	-0.17443932	-0.17717777	0.00587577	-0.00628250	0.01273631
1.00466005	-0.17939323	-0.17420472	0.00454723	-0.00909124	0.00269183
1.00432029	-0.17902003	-0.17034516	0.00764960	-0.00318620	0.00142191
1.00115582	-0.17809686	-0.16794893	-0.01045998	-0.00691805	0.00137257
1.00343309	-0.17733982	-0.17167485	-0.01535997	-0.00237019	0.00389393
1.00384372	-0.17379920	-0.17237376	-0.00746898	-0.00396377	0.00112608
1.00027624	-0.17212287	-0.17956311	-0.00052613	-0.00032902	0.00153610
1.00458011	-0.17318154	-0.17807762	-0.00762617	0.00037568	0.00314743
1.00329008	-0.16903639	-0.18243952	-0.00099790	0.00449078	0.00393367
1.00146031	-0.16954956	-0.17739726	-0.00852076	0.00510107	0.00299636
1.00025822	-0.17619561	-0.17067880	0.00411989	0.00196417	0.00086014
1.00349268	-0.17537276	-0.16567556	-0.00930159	0.00313222	0.00205225
0.99949972	-0.17527844	-0.17341641	-0.01295487	0.00097460	0.00206099
1.00116446	-0.17605621	-0.17169314	0.00015259	-0.00305411	-0.00036769
1.00377162	-0.17426238	-0.17282745	-0.01883181	0.00368756	0.00230003
1.00424736	-0.17497531	-0.17015196	-0.00967724	0.00309232	0.00295134
1.00248950	-0.17178297	-0.16948709	-0.00099889	0.00526070	0.00592154
1.00229075	-0.17534615	-0.17272155	0.00831529	0.00357534	0.00179445
1.00536067	-0.17385583	-0.17297083	0.00096857	0.00427588	-0.00105049
1.00411594	-0.17339731	-0.17568135	-0.00287052	0.00211240	0.00156824
1.00279356	-0.17754340	-0.17314533	0.00494113	-0.00521115	-0.00017710
1.00659173	-0.17064212	-0.17532282	-0.00808360	-0.00765028	0.00608069
1.00759730	-0.17270259	-0.17316362	0.00829796	0.00169167	0.00787018
1.00646727	-0.17399879	-0.17474423	-0.00722718	0.00209294	-0.00679581
1.00437301	-0.17324818	-0.17660573	0.00792600	-0.00270639	-0.00967129
1.00617227	-0.17379357	-0.18111692	0.01080621	-0.00200833	-0.00794137
1.00561377	-0.17252620	-0.17259316	0.00737556	0.00139416	-0.00483553
1.00414153	-0.16929936	-0.17418105	0.00298835	-0.00668271	-0.00583981
1.00620516	-0.17180792	-0.17571015	0.00520696	-0.00563895	-0.00331116
1.00664081	-0.17047954	-0.17994854	0.00463143	-0.00349159	-0.00290712
1.00399825	-0.17106243	-0.16871008	-0.00825895	-0.00166613	-0.00807527
1.00211426	-0.17065088	-0.17893365	0.01044786	0.00018174	-0.01022052
1.00357390	-0.17078167	-0.18178294	-0.00955357	0.00918992	-0.01141511
1.00481825	-0.17927135	-0.18187877	-0.02235475	0.01094303	-0.01398790
1.00367954	-0.17298897	-0.18196310	-0.03608730	0.00962319	-0.01144431
1.00491731	-0.17080791	-0.17328931	-0.02010563	0.01084510	-0.01046023
1.00657064	-0.16870199	-0.17020711	-0.00281601	0.00876871	-0.01220887
1.00573926	-0.16566421	-0.16555851	0.01069485	0.01200970	-0.01104585
1.00651673	-0.16744608	-0.16084662	0.00939043	0.00847600	-0.01013295
1.00541872	-0.17101571	-0.16112705	0.01273587	0.00409335	-0.00355983
1.00394156	-0.16462159	-0.16140841	0.01099449	0.01336747	-0.00571575
1.00492243	-0.16743346	-0.16797763	0.02491628	0.01092689	-0.00823799
1.00697617	-0.16648734	-0.17228679	0.01760690	0.01586366	-0.00892876
1.00774497	-0.16659874	-0.16586874	0.02110998	0.01187951	-0.00514528
1.00236402	-0.16569444	-0.17039472	0.02220870	0.00117334	-0.00731575
1.00340000	-0.16885501	-0.17407204	0.01316125	0.01018957	-0.00648224
1.00190709	-0.16475961	-0.17984086	0.01056407	0.00732652	-0.00356327
1.00352545	-0.16370216	-0.17800083	0.01070356	0.00204215	-0.00642504
1.00301859	-0.16498441	-0.17341368	0.00166975	0.00690628	-0.00876192
1.00055744	-0.16626731	-0.17890657	0.01491751	-0.00153070	-0.00850246
1.00327644	-0.16968368	-0.17634867	0.01086860	0.00122087	-0.00338459
1.00482057	-0.16945307	-0.18141440	-0.00010748	-0.00117628	-0.00287454
1.00620289	-0.16301751	-0.18106626	0.00018434	-0.00990131	-0.00094227
1.00364199	-0.16761980	-0.17858875	-0.00844973	-0.00131028	0.00145877
1.00340352	-0.16731428	-0.17089182	0.00403411	-0.00385067	0.00343642
1.00437604	-0.16915671	-0.17262723	0.00912802	0.00307875	0.00290852
1.00493898	-0.16834792	-0.17965652	-0.01179666	-0.00260064	0.00612753
1.00425882	-0.16931709	-0.18108631	-0.01063019	0.00583977	0.00258037
1.00434554	-0.17146008	-0.17788286	-0.00703585	-0.00537912	0.00040654
1.00547703	-0.16967978	-0.17750241	-0.00634257	0.00145956	0.00601267
1.00272440	-0.17115728	-0.17595471	0.00100125	-0.00402769	0.00510399
1.00341661	-0.16953732	-0.17036721	-0.00519350	0.00233311	0.00078680
1.00637659	-0.16908732	-0.16936246	-0.00565725	0.00293534	-0.00242469
1.00464945	-0.17201005	-0.17080103	-0.00378296	0.00652426	-0.00145383
1.00413528	-0.16783336	-0.17224140	-0.01073793	-0.00300223	-0.00342319
1.00527068	-0.16536347	-0.17915538	-0.00872307	-0.00050297	0.00150065
1.00593140	-0.16753272	-0.17179725	-0.01719348	0.00320529	0.00266377
1.00516756	-0.16903139	-0.16755955	0.00492066	-0.00634232	0.00203430
1.00172694	-0.17223752	-0.16926039	-0.00557328	0.00356641	0.00060122
1.00075198	-0.17109208	-0.16661905	-0.00718973	-0.00158493	0.00086443
1.00320520	-0.17118306	-0.17905243	0.00434262	-0.00055776	-0.00167555
1.00368681	-0.17479087	-0.17380846	-0.00330349	0.00758443	0.00057882
1.00626960	-0.17382114	-0.17876473	-0.00392791	-0.00087155	0.00374207
1.00712519	-0.17867923	-0.17884640	-0.00180254	0.00578377	0.00803626
1.00377373	-0.17035433	-0.17597462	-0.01025444	0.00480260	0.00546116
1.00524310	-0.16490565	-0.17253496	0.00598442	-0.00009164	0.00158515
1.00745736	-0.16416599	-0.17342888	0.01165623	-0.01114116	0.00604166
1.00656911	-0.16811096	-0.17694298	0.00537777	-0.00857321	0.00462194
1.00490929	-0.16775536	-0.17256342	0.00570641	-0.00538457	-0.00324205
