1.00200331	-0.17185505	-0.17853598	0.01217197	-0.00662919	0.00613885
1.00355459	-0.17739918	-0.18030494	0.00912818	-0.00911954	0.00797584
1.00392744	-0.17206929	-0.18059881	0.00899398	0.00016051	0.00305999
1.00374999	-0.16751419	-0.17242117	-0.00042840	-0.00462189	-0.00100504
1.00214774	-0.16949392	-0.17375288	0.00603960	-0.00001540	0.00149689
1.00636694	-0.17162442	-0.16337397	-0.00236479	0.00186095	-0.00168896
1.00098850	-0.16819500	-0.16810306	0.00103564	0.00203258	-0.00037824
0.99911187	-0.16850977	-0.17251635	0.00137751	-0.00230403	0.00157198
1.00160991	-0.16948879	-0.17599909	-0.00786764	-0.00433556	0.00589471
1.00503176	-0.17089332	-0.18987648	-0.00615283	0.00060726	0.00068608
1.00160983	-0.17626737	-0.18469741	-0.01034332	0.00149641	-0.00141213
1.00019529	-0.17602022	-0.17446144	0.00024693	0.00732048	0.00161114
1.00103403	-0.17659893	-0.17287593	0.00494316	0.00034324	0.00375264
1.00184598	-0.17504569	-0.17863854	0.00374585	-0.00101393	0.00154745
1.00191035	-0.17209185	-0.17782704	0.00739932	0.00480987	-0.00080362
1.00148280	-0.16866242	-0.17881647	0.00472635	0.00160896	-0.00216652
1.00398112	-0.17155260	-0.17317529	0.00106754	0.00103437	-0.00261108
1.00215359	-0.17274189	-0.16878991	-0.00571788	-0.00094284	-0.00166239
1.00123298	-0.17266333	-0.17127881	0.00007440	0.00123929	-0.00092127
1.00201480	-0.16952757	-0.17538490	-0.00438382	0.00497584	0.00209496
1.00022040	-0.16900092	-0.17570531	-0.00772554	0.00133795	0.00085798
1.00204033	-0.17208077	-0.17578830	-0.00154015	0.00151599	0.00463930
1.00139929	-0.17178025	-0.17161538	0.00147480	-0.00196340	0.00517416
1.00130885	-0.17384744	-0.17439136	0.00053973	-0.00285560	0.01066552
1.00044850	-0.17516071	-0.17591068	-0.00439299	-0.00312072	0.00592110
0.99976384	-0.17366654	-0.17621145	-0.00756759	-0.00537787	0.00470247
1.00438048	-0.17258554	-0.17598743	-0.00361097	-0.00636490	0.00211412
1.00260093	-0.16902873	-0.17566982	0.00008337	-0.00731754	0.00094710
1.00171593	-0.17193380	-0.17564735	-0.00194723	-0.00132103	0.00308571
1.00559814	-0.17358453	-0.17207442	0.00000486	-0.00146050	0.00172661
1.00463994	-0.17341213	-0.17574233	-0.00689138	0.00277576	-0.00036992
1.00400903	-0.17374159	-0.17414018	-0.00421474	0.00611883	0.00458380
1.00551348	-0.17436788	-0.17317145	-0.00722165	0.00556233	0.00335525
1.00682655	-0.16858213	-0.17706876	-0.01486542	-0.00071576	-0.00278816
1.00653907	-0.16648451	-0.17492032	-0.00828668	-0.00291330	-0.00495978
1.00881497	-0.16746563	-0.17390061	-0.00594493	-0.00026107	-0.00016912
1.00810656	-0.17774581	-0.17450860	-0.00104840	0.00352756	0.00672364
1.00595989	-0.17539202	-0.17637295	-0.00016760	0.00022846	0.00067758
1.00345880	-0.17549562	-0.17968094	-0.00209062	-0.00137110	-0.00069878
1.00328921	-0.17699927	-0.17801426	0.01202164	-0.00286767	-0.00455649
1.00366180	-0.17896565	-0.17654819	-0.00006362	-0.00098581	-0.00542242
1.00118438	-0.17284326	-0.17071353	0.00089578	-0.00318555	0.00507192
1.00022485	-0.17191259	-0.17516125	0.00316976	0.00084924	0.00055343
1.00435914	-0.16814629	-0.17713081	-0.00194429	0.00157159	0.00189716
1.00500115	-0.16924536	-0.17177340	0.00519854	-0.00004265	-0.00121015
1.00331482	-0.16796703	-0.17112337	0.00073804	0.00463133	0.00321470
0.99993945	-0.17308493	-0.16925075	0.00517174	0.00149904	-0.00079419
1.00183192	-0.17488431	-0.17161398	0.00420216	-0.00284926	-0.00141004
1.00330267	-0.17113752	-0.17550272	-0.00154563	0.00153321	0.00108084
1.00338112	-0.16801463	-0.17720383	-0.00285879	0.00124133	-0.00024242
1.00458986	-0.17208914	-0.17832734	0.00160629	-0.00091369	-0.00292625
1.00282079	-0.17176616	-0.17070594	-0.00013148	0.00018754	-0.00060356
0.99971315	-0.17178788	-0.16694250	-0.00578359	-0.00487680	-0.00275051
1.00416254	-0.17000372	-0.16931279	-0.00138423	-0.00141631	-0.00052596
1.00669067	-0.17320817	-0.17043609	-0.00649599	-0.00044756	0.00161450
1.00446613	-0.17350143	-0.16754903	-0.00400885	0.00392755	0.00002078
1.00540147	-0.17324943	-0.16928077	-0.00393552	0.00358055	-0.00161667
1.00518306	-0.17217505	-0.17310107	-0.00498895	0.00185231	0.00098507
1.00192271	-0.16813524	-0.18031210	-0.00335101	-0.00182895	0.00308557
1.00589862	-0.16578102	-0.18237533	-0.00288608	-0.00217484	-0.00083062
1.00451500	-0.16833762	-0.17507146	-0.00588804	0.00209578	-0.00133987
1.00169886	-0.17109524	-0.17655720	-0.00087774	0.00615122	-0.00873917
1.00249611	-0.16679677	-0.17258177	0.00284807	0.00265102	-0.00536419
1.00488876	-0.16434977	-0.17187182	0.00702501	-0.00072519	0.00203199
1.00306660	-0.16690963	-0.17233611	0.01152077	-0.00944188	0.00360221
1.00610897	-0.17248893	-0.17237861	0.00432226	-0.00514204	0.00121831
1.00547974	-0.17188314	-0.17667481	0.00437222	-0.00063585	0.00041550
1.00530082	-0.17061449	-0.17644398	-0.00698421	0.00705365	0.00367148
1.00676107	-0.17261256	-0.17532506	0.00079846	0.00857828	0.00451742
1.00348769	-0.17439621	-0.17040589	-0.00976135	0.00156566	0.00652123
1.00320555	-0.17161216	-0.17574250	-0.00181488	-0.00057647	0.00082464
1.00293134	-0.16834470	-0.17734052	0.00114965	-0.00647390	0.00096321
1.00588871	-0.17110613	-0.17828353	0.00504888	-0.00775413	0.00084546
1.00620241	-0.16975390	-0.18305384	0.00097484	0.00609967	0.00256972
1.00561318	-0.17022403	-0.17945007	0.00140922	0.00755995	0.00293411
1.00698262	-0.16975682	-0.17560935	-0.00374872	0.00325079	-0.00162023
1.00645415	-0.17026513	-0.17673463	0.00405120	0.00994649	-0.00992025
1.00451493	-0.17103520	-0.17670105	-0.00422889	0.00570194	-0.00265569
1.00655903	-0.16869960	-0.17765622	0.00136452	0.00894527	-0.00334903
1.00458811	-0.16671711	-0.17402696	-0.01085969	0.00362814	0.00206870
1.00440637	-0.16572545	-0.17163173	-0.00244156	-0.00145974	-0.00070874
1.00268365	-0.17162422	-0.16773044	0.00175444	-0.00282778	0.00009488
1.00422655	-0.17511317	-0.17143740	-0.00394328	0.00185258	-0.00041433
1.00536307	-0.17262579	-0.17362625	-0.00785354	0.00530057	-0.00303221
1.00359307	-0.17415133	-0.17632202	0.00117253	0.00543419	-0.00548893
1.00617796	-0.17313891	-0.17298516	0.00577979	0.00821955	-0.00767326
1.00608578	-0.17489478	-0.17311035	0.00429434	0.00977962	-0.00183028
1.00414421	-0.17348581	-0.16791856	0.00607342	0.00480655	-0.00429691
1.00196304	-0.17342235	-0.16612765	0.00468657	0.00275278	-0.00303347
1.00363012	-0.17103702	-0.17102509	0.00151749	0.00216211	-0.00322498
1.00261009	-0.16880936	-0.17277030	0.00276132	-0.00130513	-0.00189278
1.00103555	-0.17380113	-0.17219381	0.00601028	-0.00021385	0.00295573
1.00419439	-0.17302066	-0.17279354	0.00099792	0.00235233	-0.00105283
1.00356613	-0.17427188	-0.17569777	0.00780996	0.00171071	0.00353812
1.00625909	-0.17422537	-0.17824103	0.00227449	0.00094002	0.00086278
1.00542921	-0.17428589	-0.18182469	0.00654667	-0.00563048	0.00214049
1.00507444	-0.17119514	-0.17810255	0.00356034	-0.00742847	-0.00325571
1.00535216	-0.17245833	-0.17993764	0.00283249	-0.00218664	-0.00742147
1.00617802	-0.16949345	-0.17414666	0.00118936	0.00343663	-0.00379556
1.00508702	-0.17291971	-0.17130592	0.00268320	-0.00200009	0.00260202
1.00451571	-0.17278727	-0.16576436	0.00247416	-0.00087905	-0.00140283
1.00215754	-0.17295248	-0.16863971	-0.00131876	-0.00569860	0.00189990
1.00267844	-0.16903598	-0.16656082	0.00498237	-0.00783421	-0.00039211
1.00295558	-0.17061856	-0.17682302	0.00618488	-0.00067448	-0.00220910
1.00169169	-0.17183386	-0.18291677	0.00474842	0.00150921	-0.00131813
1.00608833	-0.17577739	-0.17288391	-0.00367220	-0.00013054	0.00924537
1.00246768	-0.17527869	-0.17681066	-0.01118785	-0.00710157	-0.00182079
1.00059439	-0.17048202	-0.17501199	-0.01632836	-0.00099705	-0.00554206
0.99930734	-0.17033521	-0.17530984	0.00524815	-0.00235605	-0.00295695
1.00317636	-0.17010054	-0.17748868	0.00538194	-0.00967368	-0.00721535
1.00087426	-0.17155982	-0.17448587	0.00590105	-0.00314387	-0.01069287
1.00252381	-0.17192288	-0.17472631	0.00834367	0.00144588	-0.00658606
1.00230622	-0.17069200	-0.17214029	0.00190566	-0.00234480	-0.00513574
0.99737944	-0.17008899	-0.17287880	0.00458610	-0.01145453	-0.00659546
0.99855714	-0.16949126	-0.17345700	0.00424112	-0.01227585	-0.00463318
0.99908286	-0.16763896	-0.17183503	0.01772279	-0.00161460	-0.01060672
1.00175886	-0.16590240	-0.17232450	0.01807187	-0.00078877	-0.00630612
1.00201999	-0.17203494	-0.17332399	0.00753012	-0.00214644	-0.00944217
1.00394768	-0.17430610	-0.17015291	0.01360913	-0.00138336	-0.00860215
1.00640097	-0.16948261	-0.17647536	0.00487702	0.00243443	-0.00362723
1.00626199	-0.16768204	-0.17250637	0.00293708	-0.00201163	-0.00245062
1.00650804	-0.16432307	-0.17619009	0.00401682	-0.00310060	-0.00170437
1.00308961	-0.16901177	-0.17580065	-0.00057621	0.00129594	0.00361770
1.00241532	-0.17550528	-0.17195846	0.00187041	0.00565005	-0.00256344
1.00019891	-0.17398734	-0.17748057	0.00172060	0.00782872	-0.00407414
1.00201886	-0.17020937	-0.18286845	-0.00538225	0.00593194	-0.00374624
1.00306158	-0.17047415	-0.18169079	-0.00656476	0.00076222	-0.00257516
1.00535898	-0.16995659	-0.18081686	-0.00656779	0.00366274	-0.00320055
