1.00365797	-0.17500909	-0.16956376	0.00269084	-0.01214261	-0.00108082
1.00450560	-0.17277769	-0.16964121	0.00108362	-0.01025920	-0.00589642
1.00588975	-0.17152491	-0.17148495	0.00595371	-0.01308881	-0.00319666
1.00343537	-0.16932981	-0.17195784	0.00966091	-0.01159216	0.00208670
1.00302935	-0.17344297	-0.17188262	0.00053695	-0.01667458	-0.00016823
1.00701219	-0.17524941	-0.17332438	-0.00385187	-0.00783892	-0.00152213
1.00729603	-0.17608153	-0.17214112	-0.01018980	-0.00518623	-0.00187082
1.00445787	-0.17369277	-0.16931249	-0.00890278	0.00843867	-0.00142856
1.00112094	-0.16999489	-0.16773844	-0.00018158	0.00163808	0.00403756
1.00226564	-0.16823871	-0.17054448	-0.01046052	-0.00941872	-0.00327140
1.00337460	-0.16800370	-0.16964869	-0.00570662	-0.01184674	0.00464714
1.00068280	-0.16804952	-0.16776889	-0.01152839	-0.00474621	0.01259159
1.00512453	-0.16669011	-0.16860633	0.00004073	-0.00592209	0.00674605
1.00604363	-0.16796077	-0.17039560	-0.00955515	-0.00771571	-0.00592281
1.00514142	-0.17025118	-0.16833837	-0.00367227	-0.01184265	0.00374476
1.00283901	-0.17113422	-0.17460560	0.00080416	-0.01821242	0.00653479
1.00472005	-0.17165958	-0.17060021	-0.00402620	-0.00780028	-0.00731331
1.00660857	-0.17184905	-0.17445030	-0.00330037	-0.01361897	0.00019278
1.00773311	-0.17412725	-0.17640325	0.00764502	-0.00885083	-0.00046099
1.00856852	-0.17454142	-0.17425458	0.00523501	-0.01126880	-0.00305057
1.00626424	-0.17307041	-0.17694838	0.00112689	0.00272850	-0.00077067
1.00476224	-0.17531300	-0.17832446	0.00092474	0.00869436	0.00333903
1.00593631	-0.17692971	-0.17349660	-0.00353198	0.00216958	-0.00584771
1.00439966	-0.17241478	-0.16489593	-0.00438380	0.00013201	0.00187477
1.00347438	-0.16895705	-0.17154761	-0.01149202	0.00178056	-0.00534194
1.00611802	-0.16627288	-0.16909239	-0.00517671	-0.00460823	0.00267817
1.00502570	-0.17150462	-0.17524437	-0.00026942	0.00393689	-0.00690526
1.00371080	-0.16963179	-0.17244217	-0.00199105	-0.00067927	-0.00400644
1.00291200	-0.17222954	-0.17549210	-0.00423415	0.00464196	-0.00406674
1.00252379	-0.17193423	-0.17404776	0.00020922	0.00220737	-0.01434572
1.00215604	-0.17027020	-0.17530219	0.00333424	0.00222512	-0.00531938
0.99974486	-0.16631634	-0.17943146	-0.00252252	-0.00301534	-0.00617427
1.00029285	-0.16763370	-0.17817777	-0.00675817	-0.00942198	-0.00197289
1.00374159	-0.16338620	-0.17877194	-0.00520686	-0.01063474	-0.00274635
1.00626715	-0.16283877	-0.17406345	0.00570794	-0.01188711	-0.00291599
1.00494481	-0.16729846	-0.17057685	0.00222608	-0.01277812	0.00293722
1.00507036	-0.17028498	-0.16384947	0.00483169	-0.01210870	0.00596805
1.00573383	-0.17112997	-0.16670876	0.00494955	0.00233850	-0.00052183
1.00347371	-0.17018763	-0.17306640	0.00557580	-0.00383442	-0.00360106
1.00278722	-0.17100729	-0.17002340	0.00569291	-0.00982721	-0.00157239
1.00489621	-0.17290974	-0.17092684	-0.00185192	0.00461927	-0.00038622
1.00474765	-0.16953929	-0.17264237	0.00533677	0.00404620	0.00627409
1.00513005	-0.17032175	-0.17387307	0.00283820	0.00149345	0.00176225
1.00493479	-0.17028359	-0.17937629	-0.00694367	0.00187168	-0.00520417
1.00334240	-0.16829452	-0.17854356	-0.00096544	0.00164050	0.00023222
1.00323335	-0.16922508	-0.17357526	-0.00000346	-0.00284974	0.00007160
1.00280294	-0.16756798	-0.17414497	-0.00395166	-0.00175928	0.00934682
1.00527823	-0.17135690	-0.17286079	-0.00550494	-0.00022544	0.00216992
1.00826938	-0.17417016	-0.17002150	-0.00342444	0.00599605	0.00156153
1.00643904	-0.17556652	-0.17445502	-0.00309999	-0.01193206	0.00492594
1.00046193	-0.17416217	-0.17463929	0.00131772	-0.00165016	0.00443127
1.00298379	-0.17593134	-0.17508360	0.00188359	-0.00114642	0.00204995
1.00112901	-0.17346009	-0.17773254	0.00242157	-0.01047507	0.00389036
1.00180101	-0.16984584	-0.17095222	0.00323661	-0.00999819	-0.00436610
1.00493065	-0.17055905	-0.16565112	-0.00537948	-0.02162908	0.00572489
1.00640281	-0.17023856	-0.16632396	0.00467551	-0.01065492	0.00285310
1.00623667	-0.17045590	-0.16992207	0.00295490	-0.00736763	0.00128417
1.00362385	-0.16673616	-0.17295968	0.00243767	-0.00511858	0.00219720
1.00519544	-0.17134453	-0.17410822	-0.00219772	0.00195402	-0.00073682
1.00389048	-0.17561900	-0.17317897	-0.00649849	-0.00151512	0.00428873
1.00195939	-0.16848228	-0.16759594	-0.00371925	-0.00415282	0.00490788
1.00445323	-0.16634918	-0.16807897	-0.00267093	-0.00347516	0.00147941
1.00300556	-0.17073053	-0.17159594	-0.00091772	-0.00747375	0.00121590
1.00529189	-0.17218043	-0.17189327	-0.00003393	0.00548518	0.00210479
1.00528493	-0.17521911	-0.17709765	0.00457392	-0.00714717	0.01233747
1.00254675	-0.17149793	-0.17232392	0.00720619	-0.00020686	0.00156243
1.00344283	-0.16918008	-0.17539228	0.01043852	-0.00026018	-0.00165857
1.00371837	-0.17070916	-0.17210299	0.00059403	-0.00377009	-0.00758768
1.00265192	-0.17096188	-0.17656939	-0.00278823	-0.00113665	-0.01473626
1.00393852	-0.16996405	-0.17439490	-0.00300069	0.00503538	-0.01934641
1.00158654	-0.17103832	-0.17962637	-0.01363519	0.01329669	-0.01521312
1.00369589	-0.17149676	-0.17985732	-0.01931797	0.01988123	-0.02400599
1.00443011	-0.17076274	-0.18331354	-0.02955820	0.01945739	-0.01703951
1.00462918	-0.16984056	-0.17752690	-0.01476490	0.00723539	-0.01260530
1.00623855	-0.16649480	-0.16870832	-0.00419913	0.01229343	-0.00692760
1.00629145	-0.16426257	-0.17095486	0.00667740	0.00282136	-0.00813614
1.00518762	-0.16948728	-0.17216545	0.00499194	0.00370261	-0.00165846
1.00567970	-0.16976897	-0.16579231	0.00426609	0.00273800	0.00717342
1.00568273	-0.17096173	-0.16895175	0.01345971	-0.00773960	0.00850052
1.00718623	-0.16636843	-0.17032433	0.01098822	-0.00745389	-0.00251579
1.00679642	-0.16198983	-0.17857584	0.01226110	-0.00747985	0.00179827
1.00635562	-0.16672900	-0.17650340	0.01183456	-0.00243914	-0.00766721
1.00515743	-0.16473214	-0.18071369	0.00933950	-0.00251108	-0.00333660
1.00441123	-0.16635225	-0.17898272	0.00311112	-0.00206846	0.00020379
1.00317647	-0.16922084	-0.17505796	0.00820379	-0.01022712	-0.00087207
1.00315590	-0.16282364	-0.17199858	0.00050428	-0.00319679	0.00723978
1.00191676	-0.16300923	-0.17255965	-0.00371171	-0.01097764	0.00378971
1.00241858	-0.16769065	-0.17546448	-0.00115140	-0.01171668	-0.00356415
1.00458175	-0.17003542	-0.18063453	0.00471986	-0.00470904	0.00030118
1.00534464	-0.17153242	-0.17403391	0.00040539	-0.00184466	-0.00590042
1.00429127	-0.17207084	-0.16620459	0.00221203	-0.00149213	-0.00066180
1.00232004	-0.16994265	-0.16270287	0.00090312	-0.00777748	-0.00219050
1.00262398	-0.16957064	-0.16521464	0.00503054	-0.01058506	0.00338659
1.00375370	-0.16785976	-0.17387476	0.00388007	0.00111831	0.00560635
1.00670359	-0.16640258	-0.17642705	0.00105425	0.00733938	0.00145858
1.00491209	-0.16835460	-0.17256526	-0.00864370	0.00622696	0.00079097
1.00363942	-0.17319195	-0.17537656	-0.00413770	-0.00307051	0.00167169
1.00273701	-0.17126736	-0.17340641	-0.00455079	-0.00004361	0.00078930
1.00286001	-0.16951959	-0.17211515	0.00357088	-0.00698169	-0.00130755
1.00459658	-0.16800730	-0.17149813	-0.00801115	0.00399131	-0.00982544
1.00570113	-0.17254849	-0.17465384	0.00064164	0.00090532	-0.00280564
1.00457605	-0.16779349	-0.17631569	-0.00423903	0.00277892	-0.00266089
1.00727756	-0.16883990	-0.17509845	0.00533745	-0.00240406	-0.00078181
1.00510895	-0.16952951	-0.17236938	-0.00243969	-0.00031923	0.00137377
1.00364815	-0.17648198	-0.17028985	0.00973188	-0.00656539	0.00061166
1.00381244	-0.17233430	-0.17359776	0.01088351	0.00130756	0.00031536
1.00445403	-0.16969687	-0.17580019	0.00197652	0.00279199	-0.00189404
1.00472796	-0.16397073	-0.17609502	0.00568223	0.00747376	0.00588209
1.00470153	-0.16763293	-0.17775358	0.00345033	0.00314599	-0.00407498
1.00767267	-0.16661233	-0.16931683	-0.00291693	0.00050053	0.00723135
1.00955802	-0.16953163	-0.16249173	-0.00092413	-0.00219893	0.00356510
1.00811791	-0.17057611	-0.16836112	-0.00741954	-0.00607173	0.00367416
1.00359085	-0.17414452	-0.16627505	-0.00925534	-0.01396448	0.00284661
1.00546156	-0.17091162	-0.17163850	-0.01029210	0.00245375	0.00172495
1.00587262	-0.16961744	-0.17747178	-0.01141122	0.00160569	0.00292549
1.00643201	-0.16778404	-0.17537079	-0.00505736	0.00313179	-0.00098613
1.00297978	-0.16402332	-0.17343878	-0.00922481	0.00324335	-0.00057271
1.00239466	-0.16713520	-0.17423822	0.00850676	-0.00644726	0.00653346
1.00247648	-0.16869200	-0.17251964	0.00819312	0.00850008	0.00135041
1.00339404	-0.16800772	-0.16965054	0.00176535	0.00408418	0.00338432
1.00103086	-0.16746244	-0.17816718	0.00529959	0.00699732	-0.00126539
1.00532639	-0.16527147	-0.17696399	0.00171668	0.00208092	0.00091336
1.00355533	-0.16579855	-0.17707185	0.00120184	0.00869853	-0.00082563
1.00259968	-0.16683580	-0.17665864	0.00673709	0.00767567	0.00023789
1.00238743	-0.16595855	-0.17294253	-0.01235262	0.00056691	0.00030690
1.00277150	-0.17110154	-0.17458838	-0.00700305	0.00484154	0.00385086
1.00431709	-0.16478182	-0.17073548	0.00231245	0.00076552	0.00095200
1.00324336	-0.16507336	-0.17150843	0.00757056	0.00579273	-0.00079771
