0.98036196	-0.20824015	-0.27834685	0.00525614	0.00150422	0.00037209
0.97907616	-0.20718375	-0.27838803	0.00774537	0.01837053	0.00334542
0.97585229	-0.20254643	-0.28191933	0.00931211	0.01037751	0.00092175
0.97335744	-0.20422864	-0.27458866	0.01015264	-0.00347735	0.00019145
0.97560174	-0.20776074	-0.27612323	0.00547947	0.00028247	0.00192659
0.97654736	-0.21293950	-0.27045560	0.00383265	0.00336380	-0.00318373
0.97435546	-0.20906480	-0.26897696	0.01770765	-0.00068514	-0.00801588
0.97632561	-0.20526800	-0.26530127	0.01480712	0.01101910	-0.00206682
0.97479854	-0.20438083	-0.26955418	0.01300151	0.01350830	-0.00324682
0.97416235	-0.20319374	-0.27477827	0.00424707	0.01896193	-0.00031806
0.97357308	-0.20504389	-0.27235373	0.00711928	0.02655438	0.00292613
0.96925772	-0.20844783	-0.27184041	-0.00079472	0.01430081	-0.00279275
0.96786562	-0.20765344	-0.27017449	-0.00224790	0.00552666	-0.00611345
0.97556421	-0.20898238	-0.26806215	0.00025356	0.00185890	-0.00589659
0.97705495	-0.20511069	-0.26480265	-0.00509298	-0.00536550	-0.00792693
0.97674530	-0.20639954	-0.26935726	0.00273652	0.00436605	-0.00860235
0.97505329	-0.20364650	-0.27157698	0.00074804	-0.00621507	-0.00591133
0.97658086	-0.20465267	-0.26256568	0.01075515	-0.00277370	-0.00566846
0.97751732	-0.21009031	-0.26599897	0.00647710	-0.00356395	-0.00311068
0.97308996	-0.21268073	-0.26642299	0.00721092	-0.00171445	-0.00375329
0.97810741	-0.20494722	-0.26815870	0.00390946	-0.00408275	-0.01081825
0.97773427	-0.20187925	-0.27104765	0.00827229	-0.01115665	-0.00513081
0.97944295	-0.20651195	-0.27452270	0.00699434	-0.01211508	-0.00713801
0.98181224	-0.21140797	-0.27089846	0.00794663	-0.00538533	-0.00352958
0.97794469	-0.20755409	-0.27210836	0.00139593	0.00413927	-0.01020408
0.97540559	-0.20450692	-0.27139989	0.00543380	0.00581695	-0.00884363
0.97398094	-0.20431580	-0.27073732	0.00380533	0.00206741	-0.00433856
0.97458082	-0.20145953	-0.26904514	0.00237303	-0.00248221	-0.00087708
0.97815900	-0.20627553	-0.27483871	-0.00512198	-0.00033674	-0.00346670
0.97644871	-0.20846502	-0.27276858	0.00382171	0.01046049	0.00009026
0.97937604	-0.21150506	-0.27465836	-0.00175150	0.00520436	0.00145491
0.98039660	-0.20976145	-0.27250343	0.00641245	0.00370322	0.00330053
0.97362066	-0.20988135	-0.27865070	0.00173181	0.00321244	0.00432144
0.97156240	-0.20974532	-0.28319486	0.00006269	0.00279001	-0.00292202
0.97182971	-0.20949534	-0.28449239	0.00355581	-0.00467662	-0.00147512
0.97236644	-0.20583910	-0.27068225	0.00578181	-0.00045526	-0.00488443
0.97660183	-0.20697312	-0.25679439	-0.00077243	-0.00363749	0.00015756
0.97961131	-0.20471796	-0.26121102	-0.00411376	-0.00318763	0.00034962
0.97935132	-0.20576528	-0.26995785	-0.00463881	-0.00732560	0.00015755
0.97601307	-0.20621752	-0.27699228	-0.00202156	-0.00048114	0.00357042
0.97860422	-0.20531062	-0.28207128	-0.00674569	0.00283771	0.00281524
0.97834304	-0.20670901	-0.27253706	-0.00915929	0.00095786	0.00091244
0.97393543	-0.20599659	-0.26090815	-0.00659018	-0.00688287	-0.00305349
0.97724233	-0.20796995	-0.25918516	-0.00655159	-0.00039315	-0.00139067
0.97639967	-0.20835732	-0.26605666	-0.00784975	-0.00429310	-0.00647115
0.97760323	-0.20897884	-0.27611652	-0.00708533	-0.00054105	-0.00654867
0.97933700	-0.21170203	-0.27197600	-0.00115201	0.00787574	-0.00203669
0.97753149	-0.20841351	-0.27304433	-0.00290142	0.00885107	-0.00501686
0.97477011	-0.20386809	-0.27323979	-0.00293960	0.00092988	-0.00131558
0.97289098	-0.20559033	-0.26773390	-0.00692713	-0.00482072	0.00060862
0.97552496	-0.20798766	-0.27401695	-0.00838065	-0.00962310	0.00343104
0.97809282	-0.20778960	-0.27674194	-0.00991502	0.00379527	0.00574432
0.97485870	-0.20865584	-0.27075874	-0.01302285	0.00414976	-0.00057512
0.97466816	-0.20790948	-0.26959798	-0.01049095	0.00124422	-0.00306248
0.97531087	-0.20734779	-0.26404975	-0.00112970	0.00317945	-0.00025508
0.97761098	-0.21018215	-0.25967462	-0.00343898	0.00667437	0.00427382
0.97719440	-0.20955469	-0.26005486	-0.00330315	-0.00272028	-0.00067924
0.97599247	-0.21012465	-0.25797211	-0.00677058	0.00495473	-0.00428395
0.97495400	-0.21019141	-0.26693578	-0.00174014	0.00247122	-0.00360663
0.97502235	-0.20784084	-0.26354230	-0.00052425	0.00417197	-0.00441716
0.97733979	-0.20401731	-0.26704329	0.00146361	0.00108687	-0.00368304
0.97785267	-0.20279911	-0.26053000	0.00056381	0.00231140	0.00215055
0.97743539	-0.20189533	-0.26980839	-0.00099051	0.00029469	0.00857163
0.97558431	-0.20137523	-0.27372101	-0.00477104	0.00143341	0.00775903
0.97785600	-0.20242273	-0.27716724	-0.00758114	-0.00196407	0.00140626
0.97742426	-0.20317724	-0.27751312	-0.00547360	0.00108214	-0.00323829
0.97822878	-0.20396512	-0.28198414	-0.00737335	0.00268017	0.00172727
0.98039692	-0.20499023	-0.27302485	-0.00041939	0.00871310	0.00442564
0.98079223	-0.20588055	-0.27729190	-0.01022133	0.01689672	0.00564848
0.97541562	-0.20750176	-0.27569031	-0.00456418	0.00303115	-0.00067131
0.97539925	-0.20693624	-0.27301695	-0.00771278	-0.00189859	-0.00034073
0.97221758	-0.20817345	-0.27370464	-0.00272667	-0.00062820	0.00067623
0.97331655	-0.20602648	-0.27788028	0.00041846	-0.00717715	-0.00243883
0.97592775	-0.20454585	-0.27429856	0.00025428	0.00158866	-0.00132452
0.97721166	-0.20636389	-0.27164460	-0.00079648	0.00190282	0.00409817
0.97888609	-0.20634688	-0.27054103	-0.00898461	0.00523155	0.00538309
0.97817234	-0.20664714	-0.27293656	-0.00218021	0.00544043	0.00043150
0.97812860	-0.21007255	-0.26934920	-0.00413429	0.00329711	0.00189546
0.97629571	-0.21243187	-0.27172324	0.00136994	0.00653058	0.00053001
0.97464920	-0.20846929	-0.27311747	0.00631973	0.00151943	-0.00232106
0.97905373	-0.20832971	-0.26701690	-0.00281612	0.00480892	-0.00647102
0.97587185	-0.20754069	-0.26846320	-0.00870210	0.00415306	-0.00287798
0.97564249	-0.20704740	-0.26478460	-0.00356909	0.00820829	-0.00040770
0.97374436	-0.20413043	-0.27023473	0.00462964	0.01066971	-0.00783712
0.97067855	-0.20086100	-0.27432410	0.00166290	0.01136227	-0.00643567
0.97651160	-0.20162364	-0.26907593	0.00276983	0.00980949	-0.00644409
0.97171905	-0.20264956	-0.26683781	-0.00072683	0.00535855	-0.00678607
0.97430262	-0.20055501	-0.27061330	-0.00428296	0.00654635	-0.00654421
0.97841326	-0.20534971	-0.27228870	-0.00222515	-0.00011988	-0.00439712
0.98203000	-0.20641515	-0.26516732	0.00167755	-0.00308496	0.00029525
0.98151783	-0.20673890	-0.26846533	-0.00032132	-0.01127231	-0.00277533
0.97865485	-0.20708498	-0.27283526	0.00213417	-0.00256859	-0.00629609
0.97533875	-0.20501915	-0.28014968	-0.00686592	0.00229786	-0.00192595
0.97660079	-0.21007067	-0.27754819	-0.00703593	0.00252292	-0.00386148
0.97450375	-0.20825249	-0.26692422	0.00058472	-0.00380560	0.00079505
0.97310427	-0.21236933	-0.26830180	-0.00385809	-0.00249455	-0.00091482
0.97324685	-0.20994326	-0.26031239	0.00261820	-0.01373296	-0.00320118
0.97737531	-0.21051114	-0.26705408	0.00320818	0.00429080	-0.00057387
0.97656279	-0.20872027	-0.27364158	-0.00257819	0.00197997	-0.00316019
0.97751771	-0.20875457	-0.27153059	-0.00847904	0.00266558	0.00064696
0.97603477	-0.20780486	-0.27796401	-0.01386201	0.00713259	0.00498752
0.97601629	-0.20538865	-0.27497555	-0.01280030	0.00233749	0.00186723
0.97979567	-0.20597905	-0.26855434	-0.00585900	0.00034753	-0.00426396
0.98142091	-0.20653119	-0.26701976	-0.00435476	0.00206941	-0.00663011
0.97685049	-0.20820354	-0.26703755	0.00042784	0.00726001	-0.00518923
0.97726220	-0.20538013	-0.25934671	-0.00723269	0.00886030	-0.00526977
0.97737004	-0.20564175	-0.25681706	-0.00182667	0.00140821	-0.00227941
0.97936672	-0.20646521	-0.26660447	-0.00197733	0.01243186	-0.00053496
0.97580163	-0.20758849	-0.26552192	-0.00371511	0.00147990	0.00265525
0.97414458	-0.20836188	-0.26385326	-0.00841663	-0.00194611	-0.00053755
0.97539546	-0.20682485	-0.26621815	-0.00056016	0.00158478	0.00140995
0.97536458	-0.20886453	-0.27047073	-0.00478169	-0.00348544	0.00183515
0.97586148	-0.20780610	-0.27974384	0.00012687	-0.00059841	0.00090013
0.97548889	-0.20815213	-0.26960093	0.00131551	-0.00489681	0.00011159
0.97672389	-0.20527617	-0.26570901	-0.00227698	-0.01122616	-0.00061462
0.97604824	-0.20642260	-0.27423466	0.00122201	0.00286493	-0.00207487
0.97652263	-0.20544781	-0.28074989	-0.00317332	-0.00191949	-0.00097350
0.97583359	-0.20130293	-0.27662832	-0.00182394	0.00016789	-0.00139843
0.97717170	-0.20461849	-0.27718194	-0.00566711	0.00582277	-0.00051602
0.97518021	-0.20677340	-0.27721180	-0.00300445	0.00473538	0.00439784
0.97604200	-0.21385298	-0.26907104	-0.00738287	0.00357849	0.00314067
0.97383262	-0.21146388	-0.27128658	-0.00666201	-0.00263104	0.00389798
0.97798300	-0.20683475	-0.27680852	-0.00495088	0.00311622	0.00164293
0.98144958	-0.20963000	-0.27485263	-0.00464763	-0.00237133	-0.00057042
0.97838638	-0.21072751	-0.28042318	-0.00428533	0.00074345	-0.00123634
0.97655653	-0.20906619	-0.28093095	-0.00605688	-0.00212774	0.00116132
0.97587298	-0.20847680	-0.27472266	-0.00261320	-0.00271435	-0.00041067
0.97669562	-0.20838869	-0.27782173	-0.00179849	0.00079203	-0.00256723
