1.01821405	0.07970833	0.06242091	-0.00060164	0.00773079	-0.00032463
1.02051634	0.08025260	0.06419251	-0.00254799	0.00859096	0.00151466
1.02001418	0.08253986	0.07280216	-0.00106410	0.00246656	0.00075819
1.01673623	0.08051843	0.06540871	-0.00278434	0.00477345	-0.00180673
1.01619204	0.07847737	0.05556786	0.00015748	-0.00324114	-0.00190543
1.01738267	0.08061421	0.05509179	0.00081959	-0.00227907	0.00390326
1.01848942	0.07750396	0.05364764	-0.00016875	-0.00057415	-0.00020036
1.01942842	0.07808414	0.05920655	0.00357673	-0.00247502	-0.00199738
1.01760992	0.07868023	0.06536279	-0.00078267	0.00132185	-0.00251055
1.01845722	0.07587158	0.06496990	-0.00030559	0.00255320	0.00002254
1.01888949	0.07793700	0.06447712	0.00442609	0.00383039	-0.00004477
1.01644661	0.07806248	0.06342858	-0.00022291	0.00347729	0.00295241
1.01795787	0.07819727	0.06258559	-0.00437053	0.00647719	0.00555716
1.01725585	0.07640130	0.06001972	-0.00497983	-0.00488947	0.00389330
1.01956164	0.07731642	0.05930145	-0.00550262	-0.00275895	-0.00055905
1.01972762	0.07772942	0.06256225	-0.00196543	-0.00309968	-0.00140988
1.02001177	0.07654031	0.06322544	0.00036227	0.00338254	-0.00357252
1.01945493	0.07994273	0.07162134	0.00486076	-0.00248615	-0.00598081
1.01864856	0.07862732	0.06713923	0.00964720	-0.00070236	-0.00486042
1.02107835	0.07730171	0.05753868	0.00459554	0.00422790	-0.00760177
1.02390276	0.07838177	0.06297623	-0.00230276	-0.00160693	-0.00563549
1.01955323	0.07719976	0.06088325	0.00137036	-0.00509371	-0.00309508
1.01643332	0.07846471	0.05387472	-0.00200402	-0.00651860	-0.00137652
1.01528123	0.08084585	0.05335324	-0.00193353	-0.00346258	0.00087752
1.01628652	0.08196558	0.05341067	-0.00804250	-0.00046872	0.00070964
1.01688673	0.07931520	0.06300537	0.00143915	0.00564135	0.00246849
1.02081575	0.07484408	0.07137876	-0.00467297	0.00682527	0.00166254
1.01729074	0.07437869	0.07003560	-0.00511331	0.00401229	-0.00182620
1.01362340	0.07419717	0.06152572	-0.00596478	0.00147957	0.00200672
1.01628503	0.07296390	0.06204169	-0.00608409	-0.00003844	0.00400684
1.01759734	0.08025259	0.06067339	-0.00282354	-0.00065761	0.00336588
1.02047459	0.08024109	0.05585320	-0.00251939	0.00487008	0.00192288
1.02065480	0.08245846	0.05855283	0.00585379	-0.00073059	-0.00114814
1.01760078	0.07762428	0.06026113	0.00319378	-0.00113390	-0.00232203
1.01720078	0.07576280	0.05890962	-0.00427426	-0.00076684	-0.00700756
1.01540279	0.07790524	0.05662788	-0.00452292	-0.00837374	-0.00703578
1.01415701	0.07930487	0.06112653	-0.00221318	0.00036352	-0.00455997
1.01767999	0.07526009	0.06838870	-0.00220954	-0.00996949	0.00272389
1.01911439	0.07668239	0.06961374	-0.00049006	-0.00314068	-0.00186731
1.02172153	0.07800565	0.06857090	-0.00107277	-0.00507363	0.00110541
1.01976344	0.07988621	0.06095652	0.00307928	-0.00614446	0.00193189
1.01891061	0.07955094	0.06813978	-0.00152520	-0.00198313	0.00461171
1.01997845	0.07830860	0.06753787	-0.00353188	-0.00115538	0.00235365
1.02090754	0.07985041	0.06455181	0.00191723	0.00306665	0.00312305
1.02082016	0.07757028	0.06470898	0.00084867	-0.00027004	-0.00021849
1.02105551	0.07661411	0.06397750	0.00025351	0.00436649	0.00176858
1.02226818	0.07869182	0.06245871	-0.00152993	0.00171932	-0.00316620
1.02308101	0.07629615	0.06409443	-0.00150648	-0.00092501	0.00002896
1.01868924	0.07881488	0.06520182	-0.00287729	0.00294391	-0.00421010
1.01797111	0.07820435	0.06892259	0.00057086	-0.00070625	-0.00538475
1.02010804	0.07743130	0.06366192	-0.00109992	-0.00633327	-0.00327366
1.01962468	0.07815687	0.06036617	0.00069149	-0.00178349	0.00009309
1.01831825	0.07472705	0.06216762	-0.00301325	-0.00106214	0.00176548
1.01918710	0.07598274	0.06222241	-0.00000702	-0.00195293	0.00825235
1.02010097	0.07784102	0.06024322	0.00055612	-0.00205766	0.00254327
1.01937610	0.08040630	0.06128074	0.00714814	0.00144854	0.00130685
1.01964427	0.08173290	0.06417963	-0.00037594	-0.00019176	0.00178011
1.02209605	0.08067241	0.06761816	-0.00062922	-0.00391350	-0.00035620
1.02156141	0.07684467	0.06197289	0.00100379	0.00193913	-0.00159997
1.01932827	0.07613913	0.06264941	-0.00441215	-0.00037788	-0.00066487
1.01699473	0.07704847	0.06134802	-0.00234358	-0.01055447	0.00102739
1.01522782	0.07590953	0.05931424	0.00338147	-0.00713036	0.00178229
1.02076649	0.07700274	0.06508010	0.00216370	-0.00256584	0.00111619
1.02248555	0.07791826	0.06568046	0.00607320	-0.00169352	0.00238803
1.01824563	0.07762568	0.05910098	0.00513679	0.00515906	0.00430612
1.01635342	0.07617718	0.05886539	-0.00015051	0.00265183	0.00224089
1.01853304	0.07614669	0.05747783	-0.00396339	-0.00229587	0.00254620
1.02086730	0.07305560	0.06458615	-0.00467215	0.00315850	0.00250094
1.01873661	0.07747701	0.05988208	-0.00336081	0.00269028	-0.00263625
1.02054640	0.07632902	0.06455508	0.00232281	-0.00002690	-0.00495426
1.01834346	0.07793756	0.06408114	0.00520586	-0.00274944	-0.00289159
1.01981870	0.07528301	0.05285969	-0.00057040	-0.00626683	-0.00211516
1.02028082	0.07232009	0.06122548	-0.00100901	-0.00306638	-0.00190253
1.02148293	0.07217800	0.07039942	-0.00445948	-0.01006825	-0.00122705
1.01878606	0.07208493	0.06816572	-0.00267720	-0.00700150	0.00070836
1.02105839	0.07196368	0.07369166	0.00208115	-0.01030466	-0.00276367
1.02192135	0.07734538	0.06688920	0.00504037	-0.01017344	-0.00012513
1.02108057	0.07610214	0.06360094	0.00678731	-0.00323694	0.00214463
1.01699883	0.07349253	0.05677555	-0.00206422	-0.00301837	-0.00013091
1.01965835	0.07404873	0.06517186	0.00009245	-0.00006020	-0.00290353
1.01762132	0.07929331	0.05533293	0.00441638	-0.00447697	-0.00146701
1.01861430	0.07739463	0.05917208	0.00755414	-0.00396141	0.00059287
1.01676165	0.08016469	0.05712757	0.00503757	-0.00178382	0.00277382
1.01760655	0.07911718	0.05681530	0.00267868	0.00713831	-0.00166907
1.01864592	0.07865611	0.06086067	-0.00043114	0.00187298	-0.00286259
1.01692745	0.07409316	0.05498243	0.00134193	-0.00251627	-0.00251582
1.01696922	0.07506249	0.05822261	-0.00137550	0.00843372	-0.00105093
1.01935564	0.07726183	0.05915324	0.00079494	0.00974788	-0.00124871
1.01709510	0.07907423	0.05790452	-0.00018289	0.00983562	0.00007757
1.01698934	0.07913474	0.06019260	0.00346509	0.00740812	-0.00257632
1.01805216	0.08050499	0.05462819	0.00067952	0.01246458	-0.00376267
1.01788234	0.07735878	0.06044632	0.00186055	0.00534577	-0.00315999
1.01951270	0.07253679	0.06095403	0.00137309	0.00673407	0.00051716
1.02015243	0.07474264	0.06615944	0.00006463	0.01088756	0.00287075
1.01864182	0.07354154	0.06417516	0.00402601	0.00248795	0.00339108
1.01961556	0.07340765	0.06269881	-0.00231484	0.00504547	0.00302110
1.01925593	0.07501610	0.06295573	0.00618339	0.00459514	0.00227630
1.02052651	0.07409457	0.06602966	0.00977503	0.00492393	-0.00195123
1.01761140	0.07772973	0.06829325	0.00615247	0.00033013	-0.00100671
1.01434978	0.08204405	0.06957455	-0.00138874	0.00392873	-0.00326591
1.01650869	0.08314805	0.06166143	0.00067611	0.00101792	-0.00355469
1.01928559	0.07978162	0.05423621	0.00190153	0.00918171	-0.00337599
1.02095142	0.08204358	0.06253074	0.00056644	0.00879398	-0.00291404
1.01855170	0.08073298	0.06715234	-0.00024931	0.01590466	-0.00092609
1.01827112	0.07710841	0.06716833	-0.00824327	0.01849530	-0.00299421
1.01818960	0.07925573	0.06233413	-0.00990584	0.01043771	-0.00266984
1.01670345	0.07661581	0.06705409	-0.00123982	0.01079540	-0.00889925
1.01826597	0.07584193	0.06890443	0.00139230	0.00428457	-0.00575810
1.01870204	0.07550911	0.06633500	0.00353648	0.00103165	-0.00233242
1.02057599	0.07619656	0.06239551	-0.00000186	0.00515545	-0.00610728
1.01994909	0.07820020	0.06515128	-0.00348742	0.00605193	0.00162296
1.01526391	0.07718117	0.06264063	0.00186568	0.00823664	0.00690660
1.01369803	0.08107548	0.06398904	-0.00078618	0.00666575	0.00491590
1.01470087	0.08091239	0.06095718	-0.00198406	0.00292001	0.00356577
1.01793854	0.08403659	0.06111779	-0.00030324	-0.00115578	0.00217685
1.01789015	0.08208355	0.05840663	0.00154039	0.00266187	0.00071884
1.01764342	0.08125435	0.05856787	0.00284563	0.00895817	-0.00090220
1.02253434	0.07877180	0.06524173	-0.00055817	0.00089564	0.00465239
1.01988721	0.07591340	0.06117590	-0.00095011	0.00301920	0.00030710
1.02035524	0.07470044	0.06128962	-0.00123827	0.00220913	0.00077908
1.01852909	0.08063587	0.05825018	0.00095885	-0.00046242	0.00176749
1.01599554	0.07741698	0.06137994	0.00023047	0.00120088	0.00543186
1.01694322	0.07866655	0.06524089	0.00222985	-0.00083126	0.00101013
1.01880195	0.07616924	0.06592793	-0.00278279	-0.00000577	-0.00298279
1.01635907	0.07658011	0.06568410	-0.00001024	-0.00108129	0.00142353
1.01604351	0.07772842	0.06862100	-0.00182296	-0.00199164	0.00536468
1.01735280	0.07633768	0.06889741	-0.00141851	-0.00541784	0.00694714
1.01730455	0.07643506	0.06765428	-0.00455658	-0.00708117	0.00807530
