1.02248806	-0.03082884	-0.12811775	0.01202306	-0.01562286	0.00711084
1.02156434	-0.03314542	-0.13319930	0.00879744	-0.01226834	0.00946013
1.02308567	-0.03017094	-0.12724566	0.01149281	-0.01481834	0.01376070
1.02066475	-0.03195021	-0.12782179	0.01624639	-0.02203980	0.00751841
1.01760466	-0.03463835	-0.12364185	0.01620712	-0.02000538	0.00533469
1.01997276	-0.03441545	-0.11385095	0.01599524	-0.01228165	0.00474930
1.02091684	-0.03262783	-0.12330360	0.01656483	-0.01728697	-0.00000771
1.01887765	-0.03120975	-0.12765706	0.01328801	-0.00881859	0.00038747
1.02189986	-0.02731851	-0.12751171	0.01050029	-0.00471232	0.00370834
1.01976627	-0.03477910	-0.13093088	0.00906122	-0.01910768	0.00944754
1.01941533	-0.03602436	-0.12895124	0.01083650	-0.02144460	0.01230009
1.01737236	-0.03153059	-0.12920205	0.01036661	-0.02293557	0.01071274
1.01526215	-0.03061686	-0.11883367	0.01293192	-0.01371060	0.00598194
1.01534836	-0.03252615	-0.12462345	0.01908632	-0.00472710	0.01022924
1.01682672	-0.03171885	-0.11789602	0.02019829	-0.01330492	0.01157342
1.01699464	-0.03215727	-0.12336153	0.01748066	-0.01227992	0.01002750
1.01835336	-0.03263911	-0.12630953	0.01502603	-0.02093055	0.01160995
1.01965983	-0.02850656	-0.12060277	0.01087629	-0.01714181	0.01115208
1.01872425	-0.02763857	-0.12056328	0.01170366	-0.00784858	0.00642704
1.02127362	-0.02823325	-0.12582781	0.00411778	-0.01185341	0.00630463
1.02007516	-0.02730449	-0.12265017	0.01028938	-0.01004477	0.00921007
1.02078879	-0.02767948	-0.12618971	0.01151163	-0.01445726	0.01806738
1.02001746	-0.02995778	-0.11726026	0.01057914	-0.01584721	0.01777585
1.01994935	-0.03581293	-0.11555808	0.01425279	-0.01670995	0.00951467
1.02079349	-0.03517473	-0.11572433	0.01632559	-0.01266417	0.01118803
1.02028970	-0.03179596	-0.12193480	0.01630249	-0.01690913	0.01209902
1.01973616	-0.03272121	-0.11903295	0.01349087	-0.01559566	0.00988332
1.01894488	-0.03487185	-0.11940156	0.00971566	-0.02434603	0.00606439
1.02043640	-0.03199613	-0.12236715	0.00926458	-0.01830800	0.01351202
1.02001306	-0.03206219	-0.12414776	0.01503765	-0.01491639	0.01297711
1.02307296	-0.03078098	-0.12831409	0.01495511	-0.01396212	0.01366192
1.02341783	-0.03016928	-0.12373161	0.01274986	-0.01027205	0.01218388
1.02270972	-0.03264291	-0.12781250	0.01291692	-0.01351475	0.01582681
1.02440196	-0.03004641	-0.12257788	0.01439785	-0.01543037	0.01330231
1.02274466	-0.03024316	-0.12930631	0.01312167	-0.01409203	0.01218030
1.02114102	-0.02768295	-0.13139250	0.01228529	-0.00724482	0.01322844
1.01946111	-0.02804778	-0.12838720	0.01682951	-0.01267623	0.01442055
1.01647821	-0.02795149	-0.12520154	0.01108726	-0.00430100	0.01469849
1.01812016	-0.03277711	-0.12296216	0.01030738	-0.00907057	0.00664749
1.02023491	-0.03325429	-0.12157284	0.00513849	-0.00349106	0.00603788
1.01595838	-0.03513263	-0.12859079	0.01020147	-0.00066655	0.01224293
1.01303838	-0.03319789	-0.12611255	0.00929482	-0.00823766	0.01474575
1.01866902	-0.03612112	-0.12845415	0.00541772	-0.02084200	0.00726677
1.01988529	-0.03377684	-0.12531956	0.00569599	-0.02536181	0.00253854
1.02407951	-0.03202557	-0.12663122	0.00301172	-0.00952227	0.00661098
1.02045513	-0.02739057	-0.13215799	0.00790639	-0.00322942	0.00508727
1.01670524	-0.03150188	-0.12479903	0.00816091	-0.01596334	0.00871606
1.01913831	-0.03397434	-0.12921240	0.00482575	-0.01547961	0.01454672
1.01954470	-0.03438756	-0.12221492	0.00638998	-0.00901314	0.00895208
1.02089661	-0.03571443	-0.12400056	0.00435727	-0.00799509	0.00920521
1.02212350	-0.03066150	-0.13192482	0.01473356	-0.01202196	0.00233286
1.01937052	-0.03219561	-0.12574688	0.01413910	-0.00557771	0.00322208
1.02151101	-0.03306038	-0.12693206	0.01304435	-0.00689632	0.00127330
1.02067159	-0.03254359	-0.12181872	0.01416304	-0.01078091	0.00417740
1.01993452	-0.03517804	-0.11873201	0.00999391	-0.00917353	0.01092675
1.02326815	-0.03236186	-0.12558134	0.01036890	-0.00787057	0.01040260
1.01765484	-0.03146966	-0.12592603	0.01317023	-0.00421908	0.00812863
1.02060406	-0.03288169	-0.12437362	0.00912569	-0.00174791	0.00826109
1.02001236	-0.03061147	-0.11783354	0.00961747	-0.00719782	0.00330422
1.01869891	-0.03163591	-0.12125478	0.00682139	-0.01436250	0.00799999
1.01932923	-0.03055500	-0.12452259	0.01377790	-0.01584511	0.00430274
1.01921879	-0.03114061	-0.13680567	0.00991912	-0.01257177	0.00302415
1.01940043	-0.03231334	-0.13129644	0.00615431	-0.00932995	0.00492950
1.01712204	-0.03296629	-0.12704159	0.00187386	0.00089540	0.01024004
1.01515983	-0.03212941	-0.12185080	0.00337392	-0.00390400	0.01274819
1.01663344	-0.03286910	-0.12244037	0.00302709	-0.01713357	0.00523850
1.02171744	-0.03394622	-0.12364780	0.01304174	-0.01565815	0.00340901
1.02243490	-0.03197965	-0.11917715	0.01243062	-0.01089893	-0.00313986
1.02071545	-0.02990588	-0.13339817	0.00794335	-0.00621460	0.00289667
1.01971018	-0.02964556	-0.12658956	0.00840564	-0.01071494	0.00286892
1.02107408	-0.02847934	-0.12111309	0.00887385	-0.00847873	-0.00241860
1.02497266	-0.02936786	-0.12562217	0.00816917	-0.00131203	-0.00057806
1.02074018	-0.03019671	-0.12157352	0.00984980	0.00316301	0.00128937
1.02014502	-0.02876422	-0.12631844	0.01069387	0.00344925	0.00006896
1.02087359	-0.02842322	-0.11746091	0.01287525	-0.00879478	0.00014177
1.01764952	-0.02940933	-0.11904998	0.00795316	-0.01352272	0.00579818
1.01980016	-0.03135651	-0.12088504	0.00492925	-0.01073129	0.01056512
1.02160493	-0.02978224	-0.12217304	0.01253075	-0.00283384	0.01383727
1.01848416	-0.03137384	-0.12236724	0.01621467	-0.00221468	0.01083857
1.01676756	-0.02989672	-0.12317259	0.01066058	-0.00561526	0.01326820
1.01766291	-0.03326936	-0.12254314	0.00183983	-0.00317700	0.00884128
1.02082712	-0.03475736	-0.12085271	0.00610930	-0.00008869	0.00438573
1.02181495	-0.03608588	-0.11770707	0.00320163	0.00201689	0.00711492
1.02007116	-0.03552100	-0.12186414	0.00413710	-0.00135261	0.00410693
1.01874715	-0.03541043	-0.12107267	0.01062779	-0.00537559	0.00575204
1.02030337	-0.03608802	-0.11853172	0.00808279	-0.00315938	0.00678727
1.02087627	-0.03333588	-0.12610553	0.01020101	-0.00765037	0.00763043
1.01884282	-0.03208219	-0.11989302	0.00706269	-0.01244608	0.00748800
1.01963880	-0.03221270	-0.11969959	0.01233318	-0.01416941	0.00648450
1.01938812	-0.03117764	-0.11968284	0.01086343	-0.00347303	0.00513374
1.01924302	-0.02954362	-0.11955738	0.00321946	-0.00859030	0.00526265
1.02290125	-0.03036849	-0.12004514	0.00625907	-0.00732097	0.01012312
1.02070800	-0.03551405	-0.11497321	0.00246031	-0.00680518	0.00153271
1.02086595	-0.03315764	-0.11867806	0.00144737	-0.00798092	0.00639223
1.01949808	-0.03109003	-0.11390567	0.00935803	-0.01116282	0.00420657
1.01845793	-0.03364070	-0.11299382	0.00838757	-0.00698523	0.00045427
1.01789806	-0.03416402	-0.11737380	0.00937245	-0.00184037	-0.00332477
1.02117672	-0.03070428	-0.12144349	0.01183744	-0.00384652	0.00325741
1.02038293	-0.03026585	-0.12246228	0.00911399	-0.00095542	0.00782360
1.01929307	-0.03093491	-0.12143085	0.00348560	-0.00917710	0.00629569
1.02010333	-0.02958719	-0.12174328	0.00265592	-0.00478198	0.00595554
1.01668800	-0.03013163	-0.12128964	0.00505045	-0.00647790	0.00174539
1.01933965	-0.03356003	-0.12787715	0.00610933	0.00129881	-0.00044533
1.01788419	-0.03212546	-0.11952117	0.00867620	-0.00100723	0.00007248
1.01740137	-0.03031091	-0.11567729	0.00796661	-0.00783212	-0.00027197
1.01974926	-0.02993794	-0.10994018	0.00966339	0.00346868	-0.00295683
1.02176852	-0.03291882	-0.11226543	0.01351374	0.00693354	-0.00608793
1.02179434	-0.03535014	-0.12161412	0.00718202	0.00619443	-0.00680813
1.02194523	-0.03466735	-0.11296312	0.00085196	-0.00588815	0.00122541
1.02080243	-0.03585608	-0.10630141	-0.00282153	-0.01127513	0.00666949
1.02071082	-0.02926976	-0.11079947	0.00105306	-0.01272555	0.00214083
1.01888785	-0.02401075	-0.12072062	0.00599438	-0.00692119	-0.00110076
1.01597315	-0.02223298	-0.11722707	0.01021028	-0.00482459	-0.00193494
1.01853035	-0.02789553	-0.11805822	0.00854572	-0.01046499	-0.00035008
1.02138174	-0.02830621	-0.12336931	0.00428589	-0.00511919	0.00370101
1.02294127	-0.02741231	-0.12732741	0.00402915	-0.01350631	0.00665870
1.02274989	-0.03068906	-0.11372617	0.00432651	-0.00373299	0.00751374
1.02422698	-0.03201809	-0.12037798	0.00779306	-0.00041393	0.00835142
1.02468255	-0.03141735	-0.12012524	0.01459337	0.00217227	0.01193299
1.02206232	-0.02852600	-0.12056945	0.00926394	0.00164469	-0.00178621
1.01943514	-0.03252715	-0.11694083	0.01017804	0.00076352	-0.00289124
1.02457568	-0.02736720	-0.11803658	0.00573893	0.00073686	-0.00412698
1.02170988	-0.02889787	-0.11937463	0.01005164	0.00631055	0.00385954
1.02198163	-0.03319723	-0.11488145	0.00877851	0.00520678	0.00876998
1.02106875	-0.02631474	-0.11383123	0.00803460	-0.00531870	-0.00197085
1.01897338	-0.02579475	-0.11308799	0.00568820	-0.00560706	0.00166800
1.01720033	-0.02832581	-0.11319531	0.00306418	-0.01519156	-0.00129279
1.01884088	-0.02859923	-0.12068739	0.00454281	-0.00881351	-0.00160131
