1.01974705	-0.03062042	-0.12228420	0.00152424	0.00019758	0.00065448
1.01994555	-0.02968041	-0.12294921	0.00593441	-0.00639922	-0.00098000
1.02150095	-0.03004016	-0.12333889	0.00620236	0.00022825	0.00013004
1.02300268	-0.03065212	-0.11982197	0.00617171	-0.00829347	0.00117367
1.02245811	-0.02872008	-0.12058321	0.00037112	-0.00832925	0.00113121
1.01766598	-0.03282413	-0.11788737	0.00255049	-0.00552526	0.00687539
1.01911830	-0.03551091	-0.11515265	0.00134691	-0.01371361	-0.00284138
1.02520667	-0.03534660	-0.11713997	0.00400019	-0.01441015	-0.00147838
1.02217229	-0.03189543	-0.11314328	0.01255285	-0.01233038	0.00318398
1.01961821	-0.03224326	-0.11590556	0.00827283	-0.00937839	0.00733365
1.02685631	-0.03184613	-0.12134676	0.00692444	-0.01192665	0.00917627
1.02506541	-0.03265371	-0.12264740	0.00582836	-0.01241751	0.00351716
1.01971718	-0.02813326	-0.12526501	0.00428689	0.00324414	-0.00771114
1.02200567	-0.03161531	-0.12149852	0.00112194	0.01034987	-0.00625358
1.02068752	-0.03099453	-0.12099802	0.00440586	-0.00059652	-0.00212277
1.02184997	-0.03200930	-0.11790052	-0.00493224	-0.01014024	0.00216678
1.02226473	-0.03068497	-0.11379059	-0.00620133	-0.00358513	-0.00022887
1.02053158	-0.02928685	-0.11729924	-0.00079788	-0.01184804	-0.00541311
1.01761806	-0.03045797	-0.11720402	0.00818950	-0.01089849	-0.01023187
1.02202962	-0.03206068	-0.11391803	0.01003767	-0.00683479	-0.00946345
1.01810499	-0.03073828	-0.11226545	0.00772138	-0.01092980	0.00055095
1.01711776	-0.02793924	-0.10694566	0.00864445	-0.01176872	-0.00414038
1.01810801	-0.02781949	-0.11882453	0.00284750	-0.00131964	-0.00069846
1.02384247	-0.02612662	-0.12208537	0.00183607	0.00035118	0.00095387
1.01870908	-0.02530027	-0.12451069	0.00377098	-0.00818272	-0.00789180
1.02318101	-0.02583401	-0.11730792	0.00462605	-0.00812034	-0.00836335
1.02273780	-0.03072366	-0.11708133	0.00440490	-0.00728653	-0.01157513
1.02123797	-0.02984256	-0.11940532	-0.00259130	-0.00971242	-0.00692495
1.01649416	-0.02816127	-0.12317075	-0.00268154	-0.01138854	-0.00183963
1.02106068	-0.02828157	-0.12212207	-0.00079808	-0.00734091	0.00292112
1.02028788	-0.02776199	-0.11608353	0.00122529	-0.00517937	0.00090405
1.01570730	-0.02343938	-0.11496344	0.00317108	-0.00412796	-0.00280387
1.01755036	-0.02342289	-0.11279405	0.00836007	-0.01174863	-0.00324551
1.01938483	-0.02506304	-0.11474341	0.00643124	-0.01060639	-0.00293375
1.01679498	-0.02721292	-0.11696993	0.01011055	-0.01178218	0.00045798
1.01727423	-0.02739306	-0.11929610	0.00658314	-0.00719863	-0.00425159
1.01831737	-0.02951008	-0.12747728	0.00526482	-0.01031308	-0.00292235
1.02204214	-0.02901064	-0.12383037	0.00319247	-0.01917177	-0.00097213
1.01759426	-0.02938756	-0.12437455	0.00547873	-0.00674089	0.00627120
1.02033146	-0.03048319	-0.12245070	0.00557511	-0.00487825	-0.00088385
1.01579913	-0.02808439	-0.12000520	0.00621686	-0.00541687	-0.00239138
1.01607720	-0.02944887	-0.11920567	0.00390428	-0.00798742	-0.00107077
1.01890178	-0.02657734	-0.12068671	0.00531928	-0.00682722	0.00012964
1.01854731	-0.02899913	-0.11895850	0.00587828	-0.00520299	-0.00493124
1.01961137	-0.02621320	-0.12748239	0.00391747	-0.00295110	-0.00668777
1.01977370	-0.02773309	-0.12743661	0.00203605	-0.00760816	-0.00388784
1.01766379	-0.02856768	-0.12058688	-0.00101652	-0.00541101	0.00173753
1.02093410	-0.02615289	-0.12617154	0.00080779	-0.00316048	0.00527627
1.01981271	-0.02354637	-0.12417570	0.00299802	-0.00151093	-0.00087049
1.02101401	-0.02668089	-0.12762215	0.00006246	-0.00478627	-0.00516487
1.01801810	-0.02523191	-0.11691574	-0.00281370	-0.00625297	0.00407032
1.01869602	-0.02619931	-0.11530441	-0.00759972	-0.01061353	0.00362732
1.02049925	-0.02786066	-0.11381126	-0.01184160	-0.01017925	-0.01082908
1.01990419	-0.03009188	-0.11916751	-0.00484423	-0.00904677	-0.01273025
1.01928219	-0.03292542	-0.12777804	0.00630800	-0.00755022	-0.00557746
1.01491054	-0.03205347	-0.12585645	-0.00169298	-0.01271769	0.00377013
1.01487356	-0.03167140	-0.12206314	-0.00125262	-0.01193647	0.00053093
1.01140273	-0.02904759	-0.11447461	0.00068585	-0.00987326	-0.00849779
1.02291981	-0.03073870	-0.11522299	-0.00059706	-0.00879854	-0.00714182
1.02395868	-0.02656942	-0.11914800	0.00103667	-0.00919286	-0.01078403
1.02305152	-0.02271403	-0.12507519	0.00064812	0.00262018	-0.00676734
1.02653204	-0.02169841	-0.13211262	0.00039464	0.00121228	-0.00750362
1.02145031	-0.01965520	-0.12492878	-0.00729011	-0.00127034	-0.01035704
1.02180532	-0.02254720	-0.12004627	-0.00490831	0.00429589	-0.00727035
1.02156198	-0.02657637	-0.12149032	-0.00648560	-0.00298475	-0.00076815
1.02043829	-0.02566763	-0.12442254	0.00126197	0.00901944	-0.00105182
1.01733458	-0.02788688	-0.12487276	0.00408469	0.00610923	-0.00147500
1.01931381	-0.02755080	-0.12991294	0.00600837	0.00839887	-0.00530323
1.01880900	-0.02756591	-0.12144035	0.00362826	-0.00455063	0.00676343
1.01924917	-0.02171769	-0.11862525	0.00355285	0.00294402	0.00378523
1.01947738	-0.02398478	-0.12282100	0.00581687	0.00099977	-0.00120285
1.01911913	-0.02620821	-0.12135941	0.00252817	-0.00162139	0.00206303
1.02283560	-0.02711996	-0.12426394	0.00409081	0.00481229	-0.00195282
1.02420354	-0.02792288	-0.12555076	0.00295030	0.00570012	0.00118141
1.02379826	-0.02593090	-0.12819747	0.00113962	-0.00495549	-0.00015692
1.02085502	-0.02245205	-0.11381752	0.00192923	-0.00212102	0.00170449
1.02046458	-0.02514861	-0.11453406	-0.00159799	-0.00359550	0.00790054
1.02181265	-0.02638430	-0.12050739	0.00005675	-0.00064912	0.00707788
1.02020706	-0.02471568	-0.12132792	0.00749711	-0.00729505	0.00455524
1.01803994	-0.02865516	-0.12466643	0.00800161	-0.00631130	0.00295619
1.01941144	-0.02986296	-0.11720219	0.00124574	-0.00466132	0.00253487
1.01993706	-0.02788382	-0.11616454	0.00029387	-0.00215565	0.00217020
1.02629343	-0.03114059	-0.12224442	0.00202456	0.00192075	-0.00298842
1.02303310	-0.03015581	-0.11253395	0.00094067	-0.00026342	0.00299546
1.01992272	-0.02701800	-0.11666934	0.00699738	-0.00255759	0.00123029
1.01911164	-0.02379877	-0.12041536	0.00084007	-0.00708535	0.01213415
1.02073557	-0.02277952	-0.12114539	-0.00455211	-0.00496331	0.01180864
1.02162312	-0.02906117	-0.12063304	-0.00343177	0.00203340	-0.00206032
1.01976726	-0.02499263	-0.11555893	0.00508573	0.00176910	-0.00436400
1.02327547	-0.02370323	-0.11189415	0.00240616	0.00324875	-0.00226631
1.02243595	-0.02642913	-0.11584648	0.00213975	0.00254277	0.00326941
1.01934841	-0.02571356	-0.11740936	-0.00263419	-0.00237908	0.00494070
1.01873528	-0.02493514	-0.12047189	-0.00252791	0.00144390	0.00613983
1.02354994	-0.02690963	-0.12386225	0.00282284	0.00026359	0.00897103
1.02763388	-0.02605464	-0.12746607	0.00315302	-0.00003436	0.00465829
1.02679537	-0.02566803	-0.12786340	-0.00265803	0.00934714	-0.00158360
1.02161070	-0.02830695	-0.13367270	0.00165136	0.01383020	-0.00142726
1.02108639	-0.03047777	-0.12034303	-0.00492902	0.00839747	-0.00021651
1.01942854	-0.02848516	-0.11646945	-0.00299594	0.00416876	0.00193626
1.02047424	-0.03076553	-0.10651336	-0.00383233	0.00324088	0.00853766
1.01733514	-0.02953108	-0.10444239	-0.00092389	0.00216821	0.00415588
1.01588824	-0.02839285	-0.11744085	0.00188342	0.00309816	0.00271004
1.01752184	-0.02885026	-0.11884719	0.00176328	0.00153701	0.00310879
1.01895414	-0.02462939	-0.10377701	0.00356164	0.00921581	0.00557424
1.01682771	-0.02264834	-0.12027875	-0.00092212	-0.00036932	0.00119465
1.02062518	-0.02318314	-0.12020738	0.00081548	0.00448972	0.00327838
1.02269339	-0.02820150	-0.12880499	0.00391798	0.01079511	0.00419395
1.02082576	-0.02827957	-0.12921702	-0.00081421	0.00891234	0.00065745
1.02111973	-0.02583509	-0.11640067	-0.00071668	0.00899474	0.00297332
1.02386017	-0.02487374	-0.10995071	0.00512646	0.00544541	-0.00103952
1.01641216	-0.02385312	-0.11692801	0.00252824	0.00668973	0.00625795
1.01589533	-0.02579246	-0.11433357	0.00438304	0.00709611	0.00272006
1.01814774	-0.02281651	-0.11537966	0.00325609	0.00397341	-0.00639413
1.01742050	-0.02567542	-0.12153867	0.00285150	0.01147564	-0.00261046
1.01826907	-0.02649808	-0.12095430	0.00164919	0.00558708	-0.00437552
1.01797620	-0.02301767	-0.11075016	0.00441114	0.00125864	-0.00509935
1.02028569	-0.02859335	-0.11392908	0.00886117	0.00748978	-0.00801964
1.02336710	-0.02894647	-0.11803320	0.00962982	0.01711157	-0.00723078
1.02253993	-0.03284611	-0.12583718	0.00465150	0.01556896	-0.01271732
1.02164314	-0.03229665	-0.11944756	0.00419841	0.01360265	-0.00895441
1.01542120	-0.02955908	-0.11130649	-0.00148076	-0.00111939	-0.00397860
1.00925665	-0.02548795	-0.10764250	-0.01071967	-0.00019177	-0.00339745
1.01344284	-0.02681637	-0.10567862	-0.00970939	0.00005918	0.00365022
1.01641411	-0.02479749	-0.10621723	-0.00547329	-0.00352747	0.00513335
1.01456334	-0.02345165	-0.12492368	-0.00833555	-0.00678199	0.00470165
1.02064148	-0.02690169	-0.12531941	-0.00765296	-0.00929363	-0.00189807
1.02682350	-0.02463131	-0.11773915	-0.00860715	-0.00833751	-0.00538608
1.02592175	-0.02505479	-0.12158211	-0.00181556	0.00005157	0.00197859
