1.02074078	-0.02489257	-0.11673997	-0.00736921	-0.00806419	0.00783870
1.01782704	-0.02449989	-0.11776875	-0.00510842	-0.00983797	0.00195766
1.01699621	-0.02294107	-0.12078187	0.00283256	-0.01076361	-0.00759463
1.02151167	-0.02781216	-0.12346108	0.00287236	-0.00123217	-0.00579774
1.01932311	-0.02170950	-0.12296809	0.00400903	0.00057307	-0.00044781
1.01822547	-0.02713913	-0.12492512	0.00316916	-0.00425738	-0.00464727
1.01810905	-0.02553760	-0.12140578	0.00191085	-0.00190920	0.00234458
1.01712930	-0.02542670	-0.11415631	-0.00031832	-0.00183829	0.00136274
1.01853079	-0.02582701	-0.11157114	-0.00090254	-0.00527625	-0.00563002
1.02177628	-0.02742384	-0.11578944	0.00059388	-0.00396822	-0.00192568
1.02478946	-0.02899256	-0.12121127	0.00083423	0.00127046	-0.01185364
1.02272983	-0.02540849	-0.11582739	0.00108939	-0.00036594	-0.00740911
1.02108726	-0.02274655	-0.10998585	0.00014354	-0.00626580	0.00798557
1.02067592	-0.02793875	-0.10912879	-0.00166890	-0.00113701	0.00767016
1.01988680	-0.02666153	-0.11614632	0.00517605	-0.00165392	0.00044011
1.01983356	-0.02508977	-0.11567434	0.00740099	-0.00422959	-0.00546187
1.01953103	-0.02699151	-0.12930877	-0.00030337	-0.00743446	-0.00247206
1.01961970	-0.02404581	-0.12531603	0.00374167	-0.01115678	0.00108166
1.01830588	-0.02431709	-0.12324487	0.00117540	-0.00410431	-0.00427109
1.01834082	-0.02553669	-0.11980913	0.00114941	-0.00443831	0.00049348
1.02392862	-0.02501821	-0.12306118	0.00321766	0.00058093	0.00193851
1.02160777	-0.02751622	-0.12497067	0.00257215	0.00299716	0.00204912
1.02318871	-0.02703347	-0.12235451	0.00228691	0.00155446	-0.00192843
1.01975611	-0.02623454	-0.12576929	0.00139148	0.00857204	-0.00095349
1.02127999	-0.02575432	-0.12349783	0.00455296	0.00995806	-0.00003525
1.01976736	-0.02677744	-0.12139976	0.00439278	0.00451765	-0.00370749
1.02061767	-0.02543511	-0.11598116	0.00075023	0.00561234	-0.00526774
1.02180284	-0.02232098	-0.11236579	0.00140334	0.00555746	-0.00674861
1.01739607	-0.02175023	-0.11043283	-0.00174895	0.00370274	-0.00520549
1.01907704	-0.02355781	-0.11073263	-0.00019301	0.00670437	-0.00710874
1.01917466	-0.02597428	-0.10844217	-0.00080687	-0.00048735	-0.00803269
1.01830765	-0.02709820	-0.11642444	0.00094045	-0.00154572	-0.00737923
1.01885323	-0.02904283	-0.11892343	-0.00351692	-0.00103981	-0.00128256
1.01830828	-0.02853376	-0.11904706	0.00238477	0.01171652	-0.00345269
1.02367185	-0.02965613	-0.10890102	0.00025302	0.00168634	-0.00130251
1.02249053	-0.02615623	-0.10998227	0.00417361	0.00000681	-0.00254588
1.02130645	-0.02569067	-0.11116684	-0.00028913	-0.00876719	-0.00733859
1.01995285	-0.02785683	-0.11243788	-0.00988380	-0.01185596	-0.00376121
1.01996809	-0.02308850	-0.11699733	-0.00332923	-0.00452868	-0.00567046
1.02030448	-0.02162535	-0.11868782	-0.00259874	-0.00618974	-0.01057172
1.02228097	-0.02181582	-0.12272006	-0.00513281	-0.00382102	-0.00981309
1.01762583	-0.02403095	-0.12247090	-0.00334675	-0.00191372	-0.00445601
1.01487707	-0.02386221	-0.13022763	-0.00044294	-0.00069192	-0.00177914
1.01838830	-0.02242488	-0.13100572	-0.00399158	0.00513148	-0.00229172
1.02072424	-0.02541516	-0.12594298	-0.00221114	0.00182187	-0.00426627
1.02219065	-0.02280530	-0.12331831	0.00201165	0.01091473	0.00013649
1.02205354	-0.02150196	-0.12742328	-0.00304600	0.01709802	0.00402936
1.02206928	-0.01590267	-0.11967350	-0.00053496	0.01017007	-0.00158740
1.02077373	-0.02033613	-0.11882736	0.00461360	0.01118513	0.00440420
1.02079544	-0.02170921	-0.11826947	-0.00012954	0.00740389	0.00186253
1.01920866	-0.02477507	-0.10965345	0.00261522	0.00230822	0.00354333
1.01943788	-0.02126260	-0.11443333	-0.00021186	0.00894018	0.00457061
1.02102067	-0.02751001	-0.10872316	0.00272899	0.00397828	0.00344818
1.01999650	-0.02981748	-0.10730535	0.00566743	-0.00266368	-0.00025892
1.01835211	-0.02824200	-0.11440741	0.00505732	-0.00511123	0.00670894
1.02048851	-0.02708112	-0.11289119	-0.00472903	-0.00028539	0.00108415
1.02255216	-0.02597607	-0.11715891	0.00117052	0.00073151	0.00366410
1.02406028	-0.03055509	-0.11496738	0.00172012	0.00012240	0.00213293
1.02271067	-0.02719428	-0.11457118	-0.00243776	0.00933662	0.00423770
1.02161652	-0.02599171	-0.12075629	-0.00398117	0.00302936	0.00318354
1.02315953	-0.02808694	-0.12407128	-0.00122056	0.00424117	0.00202677
1.02286241	-0.02627113	-0.12021151	-0.00406652	0.00702549	0.00343287
1.01952678	-0.02682718	-0.11752146	0.00251470	0.00061207	0.00048174
1.01673658	-0.02259116	-0.11582258	0.00029437	-0.00125430	0.00373064
1.01924883	-0.02143044	-0.11513012	0.00304676	0.00434330	-0.00294598
1.02074498	-0.02449547	-0.11600965	0.00381078	0.00557101	0.00318690
1.01906664	-0.02536137	-0.11606461	-0.00093646	0.00718663	0.00340002
1.02162597	-0.02836951	-0.11301574	-0.00248671	0.00200955	0.00722821
1.01993481	-0.02869719	-0.11306798	-0.00333473	-0.00065317	0.00775655
1.01824110	-0.02921438	-0.11638752	-0.00726959	0.00056113	0.00470047
1.02050941	-0.02968319	-0.11711069	-0.00144672	0.00494586	0.00320804
1.02003451	-0.02892835	-0.10991438	0.00228622	-0.00113970	-0.00028504
1.02023492	-0.02658422	-0.10704621	-0.00186530	-0.00060415	-0.00094565
1.02059498	-0.02663905	-0.11196267	-0.01203493	-0.00655025	0.00347698
1.01855955	-0.02389846	-0.12180675	-0.01163748	-0.00410679	0.00456807
1.01985825	-0.02357944	-0.12079143	-0.01003238	-0.00218873	0.00000133
1.02089836	-0.02419081	-0.11492644	-0.00492737	0.00503192	-0.00431878
1.01682697	-0.02650862	-0.11552772	-0.00317194	0.00366532	-0.00007154
1.01810801	-0.02535693	-0.10861670	-0.00688527	0.00106863	0.00223036
1.01832849	-0.02693490	-0.11148795	-0.00915528	-0.00093331	-0.00088357
1.02048301	-0.02685706	-0.10859933	-0.01030861	0.00835169	0.00085786
1.02416113	-0.02232257	-0.11081358	-0.00531567	0.01083068	0.00295522
1.02367928	-0.02152946	-0.10978795	-0.00034558	0.00699576	-0.00185196
1.02291710	-0.02251547	-0.11627302	0.00020804	-0.00278136	-0.00372579
1.02103895	-0.02503662	-0.11700470	-0.00044017	0.00148869	-0.00332244
1.01954390	-0.02583401	-0.11338376	0.00045585	0.00411601	-0.00193171
1.01915202	-0.02765625	-0.10953602	-0.00485286	0.00130262	-0.00088240
1.02114304	-0.02892177	-0.11285164	-0.00085186	0.00145990	0.00105202
1.02241409	-0.02956181	-0.11107098	-0.00320336	0.00302034	-0.00349043
1.02147362	-0.03032969	-0.11130487	-0.00280706	0.00196137	-0.00138537
1.02022141	-0.03089705	-0.10772049	-0.00097036	0.00173547	0.00164962
1.02008072	-0.02661953	-0.11000269	0.00124889	-0.00214814	0.00427767
1.02156327	-0.02602852	-0.11105381	0.00382380	-0.00472478	0.00232624
1.02052890	-0.02186433	-0.11541102	0.00184458	-0.00279590	0.00542692
1.02234894	-0.01875064	-0.12474443	-0.00390273	-0.00682396	0.00283961
1.01798606	-0.02168998	-0.11938053	-0.00151324	-0.00098087	0.00494223
1.02144295	-0.02368836	-0.11209961	-0.00240205	0.00255920	0.00531531
1.02026547	-0.02297198	-0.10875461	-0.00387371	0.00682827	-0.00187483
1.02054763	-0.02547393	-0.11303948	-0.00330640	-0.00029234	-0.00421143
1.02466694	-0.02629095	-0.11109767	-0.00188782	0.00299641	-0.00136618
1.02342089	-0.02824924	-0.11023064	-0.00035807	-0.00362639	0.00573491
1.02296887	-0.02591623	-0.11284675	-0.00114195	-0.00122238	0.00186218
1.02242264	-0.02210868	-0.11867721	0.00320479	-0.00262808	0.00397475
1.02197090	-0.02155189	-0.12240457	0.00066990	-0.00233351	0.00636984
1.02285155	-0.02454005	-0.12385777	-0.00347243	-0.00282577	0.01068191
1.01972062	-0.02544520	-0.11665695	-0.00585357	-0.00046248	0.01248909
1.02136819	-0.02477829	-0.11840943	0.00281335	0.00121887	0.00484132
1.02033820	-0.02788684	-0.11939368	-0.00039708	0.01011571	-0.00443239
1.02056471	-0.02966161	-0.11670381	-0.00082489	0.00670160	0.00034807
1.02277991	-0.02629361	-0.11857977	-0.00416972	0.00162782	0.00406249
1.02205883	-0.02629146	-0.11619321	-0.00226444	-0.00091006	0.00204354
1.01988544	-0.02189351	-0.11372183	-0.00455360	-0.00689539	0.00404806
1.02054224	-0.02229767	-0.11190869	-0.00562807	-0.00537874	0.00383673
1.01865617	-0.02328224	-0.11157036	-0.00535019	0.00946349	-0.00615940
1.01930054	-0.02578218	-0.11553695	-0.00131803	-0.00054157	-0.00488099
1.01836230	-0.02429308	-0.12011655	0.00213608	-0.00233380	0.00727547
1.01927242	-0.02509918	-0.11794050	-0.00275812	0.00600491	0.00554151
1.02001395	-0.02249537	-0.11231877	0.00250704	0.00346305	0.00816664
1.02183559	-0.02705684	-0.11688479	0.00655470	0.00556613	0.00574933
1.02423344	-0.02704821	-0.11710583	0.00320995	0.00762842	0.00887463
1.02384615	-0.02292923	-0.11856066	0.00465049	0.00302225	0.00459261
1.02331902	-0.02543633	-0.12011487	-0.00405010	0.00198617	0.00681882
1.02333200	-0.02469963	-0.11855241	-0.00180089	-0.00524740	0.01086455
1.02150313	-0.02477801	-0.11892234	0.00387218	-0.00604354	0.00920042
1.02050012	-0.02002353	-0.11913037	0.00189253	-0.00329587	0.00957943
1.01912935	-0.02336612	-0.12190164	0.00300432	-0.00809330	0.00715560
1.01911263	-0.02771262	-0.12411622	0.00770009	-0.00860167	-0.00018830
1.02080476	-0.02428441	-0.11634245	0.00303097	-0.00475617	0.00351283
