0.27175666	0.42268961	0.87536808	0.02031912	-0.01101392	-0.00003206
0.26489869	0.42197214	0.87941408	0.02548847	-0.00465393	-0.00263327
0.26716361	0.42218893	0.87492448	0.03518874	-0.01420081	-0.00388506
0.26955751	0.43082333	0.87003190	0.03339812	-0.03141500	-0.01051720
0.26214287	0.43084468	0.86828410	0.02512800	-0.02696107	-0.00824476
0.26506495	0.42986454	0.87057568	0.03778569	-0.00152230	-0.00754154
0.26380489	0.42507040	0.86986435	0.02186817	-0.01857882	-0.01304327
0.26657746	0.42592593	0.86883491	0.03010746	-0.02432434	-0.00622294
0.27533922	0.42783692	0.86524291	0.02586452	-0.00913017	-0.00872895
0.27657265	0.42493593	0.85356710	0.04623762	-0.00634935	-0.00404267
0.27232408	0.43051606	0.85239117	0.03967563	0.00281314	-0.00253527
0.26708105	0.42848674	0.86817460	0.01829437	-0.00648309	-0.01058142
0.26590248	0.43065021	0.86117708	0.02940810	-0.01942484	-0.01090508
0.26716082	0.43405199	0.86035954	0.01885902	-0.02673367	-0.00661061
0.26855731	0.43518702	0.85710921	0.02687140	-0.00992469	-0.00437866
0.27102954	0.43331129	0.86281230	0.03193988	-0.00391733	-0.00863477
0.27106486	0.43348042	0.86677439	0.02413532	-0.01992405	-0.00560373
0.27095717	0.42999153	0.86248574	0.02241324	-0.02139054	-0.00714203
0.26682373	0.43127284	0.86091387	0.03241292	-0.02183859	-0.00135034
0.27684991	0.43214625	0.86582203	0.02978471	-0.02874341	-0.00647368
0.27427952	0.42452390	0.85678203	0.02318907	-0.01672206	-0.00756291
0.27235410	0.43183247	0.85479917	0.03166875	-0.02796477	-0.01479025
0.27357075	0.43280363	0.86768737	0.03936069	-0.04328943	-0.01750559
0.27623309	0.43220375	0.85549853	0.04428004	-0.03909693	-0.01391105
0.27323729	0.42858709	0.86011766	0.04579995	-0.03310311	-0.01217554
0.27353701	0.42449478	0.85891983	0.04216858	-0.01824017	-0.01619179
0.27303479	0.43243933	0.85687843	0.03845513	-0.01314667	-0.01672299
0.27504191	0.43259818	0.86310967	0.02772340	-0.01545156	-0.00684022
0.27324314	0.43758301	0.86028378	0.02051870	-0.02915383	-0.00934325
0.27216566	0.43330752	0.85856305	0.01719887	-0.02166282	-0.01128356
0.27541971	0.44124653	0.85245069	0.02474555	-0.02848220	-0.00744836
0.27205804	0.44611527	0.85663137	0.04517983	-0.03674594	-0.00298155
0.27229103	0.44475493	0.85907942	0.03762242	-0.04768563	0.00173767
0.27384796	0.44466071	0.85939757	0.03669317	-0.04290042	0.00354737
0.27895723	0.44073983	0.86227858	0.02484856	-0.02421237	0.00505408
0.27920897	0.43888020	0.85612483	0.00379399	-0.01455481	-0.00316087
0.27826712	0.43527062	0.86372542	0.02346907	-0.01718411	-0.00207906
0.28081218	0.43838944	0.85706090	0.01012312	-0.01066883	-0.00274238
0.27692266	0.44222703	0.85697000	0.02361196	-0.01000978	-0.00044588
0.28009697	0.44553494	0.84934494	0.00302592	-0.01035363	-0.00533446
0.27572264	0.43964616	0.84620870	0.00710311	-0.00513853	-0.00014050
0.28053546	0.44302573	0.85663763	0.00576866	-0.01325751	0.00263346
0.27622179	0.44308320	0.84936557	0.00393794	-0.00843715	0.00444982
0.28172311	0.44684910	0.85512084	0.01116480	-0.01054662	-0.00035952
0.27685097	0.44369734	0.85427582	0.02047469	-0.00913714	-0.00113650
0.27760846	0.44812928	0.85016450	0.00896234	-0.00232831	0.00329958
0.27360073	0.44082584	0.84843443	0.01544220	-0.00734215	-0.01148087
0.28488642	0.44111136	0.84322354	0.01054850	0.01027340	-0.01293553
0.28965901	0.43869590	0.84978117	0.02178165	0.00697002	-0.01406372
0.28366834	0.43668597	0.85318428	0.02997479	0.01068459	-0.00932113
0.27583903	0.44332674	0.84714365	0.01045474	0.00627930	-0.00879003
0.27509093	0.44333478	0.85717505	0.01080020	-0.00387440	-0.01136212
0.28073218	0.44805661	0.85442876	0.00456992	-0.01461237	-0.01130662
0.28414158	0.44801691	0.86052339	0.00483422	0.00433655	-0.00496197
0.28048515	0.44690941	0.85681752	-0.00613966	0.00801076	-0.00115448
0.27657294	0.44728973	0.86428386	0.00999498	-0.01178560	0.00628863
0.27692291	0.44883692	0.85957082	0.00834650	-0.00738377	0.00393069
0.28290939	0.44586690	0.85065565	0.01677386	0.00400612	0.00485427
0.27857966	0.45034376	0.85997811	-0.02073347	0.00629620	0.01567642
0.28287158	0.45472250	0.84413156	-0.01203525	0.00264779	0.01167555
0.28452985	0.44343067	0.84505996	0.00235116	0.00901923	0.00492916
0.28081211	0.44310842	0.84340626	-0.00111464	0.01210981	0.00111016
0.28407522	0.44292582	0.85217015	0.00063870	0.00874164	-0.00035256
0.28349048	0.43973896	0.84200299	-0.00568883	0.00173087	-0.00675582
0.27937114	0.44326661	0.85045449	-0.02032417	0.01574336	0.00105751
0.27686254	0.44734533	0.84962746	-0.00071867	-0.00316291	-0.00382640
0.27737662	0.44125246	0.85224313	-0.02021833	0.02563992	0.00232012
0.27393114	0.44397463	0.85150335	-0.01903675	-0.00529379	0.01093724
0.27810617	0.44522726	0.85195370	-0.00490112	-0.00861807	-0.00138957
0.27502739	0.44588465	0.85378355	-0.01780245	-0.00144456	-0.00267634
0.27152567	0.44693370	0.85254166	-0.01707900	0.02716506	0.01004803
0.27376487	0.44681176	0.86108532	-0.02273518	0.00285872	0.01485694
0.27395524	0.44363862	0.86079473	-0.01894213	0.01028967	0.00900812
0.27734796	0.45332949	0.85301921	-0.02375681	0.00236683	0.00301326
0.28366303	0.44676124	0.85296442	-0.01650005	0.00586800	0.00804091
0.28730600	0.44384558	0.85329428	-0.01414150	0.01503171	0.00924039
0.27961187	0.44411392	0.84960192	-0.02688369	0.01102687	0.00656273
0.27720599	0.44476391	0.84794783	-0.02652630	0.01811346	0.00038183
0.28066475	0.44248065	0.84998218	-0.03575943	0.01094304	0.00397467
0.27975895	0.44071244	0.85427175	-0.02763604	0.00139429	0.00607892
0.27944248	0.44152917	0.85758909	-0.02720305	0.02162714	0.01006171
0.28035535	0.44307844	0.86080971	-0.02005117	0.01632089	0.01127844
0.27605686	0.44767325	0.85815678	-0.01807109	0.00525933	0.01040290
0.27192829	0.44361615	0.86087761	-0.00779687	0.01538750	0.00478522
0.27418207	0.44161475	0.85783732	-0.00508178	-0.00211587	0.00873506
0.27351529	0.43366111	0.86301223	-0.01770370	-0.00267948	0.00787216
0.27507569	0.43950575	0.85971773	-0.00792301	-0.00229682	-0.00057583
0.28203533	0.43733553	0.86793448	0.00171940	-0.02461792	0.00115443
0.28883290	0.43565143	0.86419278	-0.00187080	0.00843857	0.00922585
0.28825986	0.43577908	0.85460358	0.00413308	0.01239378	0.01265365
0.28508884	0.43513845	0.84368642	-0.01970804	0.02079473	0.01257011
0.27951375	0.44093552	0.85595276	-0.04273435	-0.00440002	0.00839395
0.27972970	0.43268302	0.85815180	-0.02946561	0.00364390	0.00007031
0.27580878	0.43890179	0.85873160	-0.03140917	0.01303121	0.00161660
0.27420355	0.44114559	0.85148089	-0.02688552	0.00861130	-0.00192366
0.27593338	0.43581999	0.85197544	-0.01671364	0.00380303	0.00315041
0.28211797	0.44227091	0.85042932	-0.03167595	-0.00679169	-0.00155555
0.27841574	0.43989164	0.85077313	-0.02094449	-0.00000754	0.00653025
0.28071067	0.44245004	0.85284052	-0.00792670	0.00183590	0.00200546
0.28219563	0.43964228	0.85150617	0.00259279	0.00473266	0.00720521
0.27922074	0.43991175	0.84784496	-0.03763190	-0.00040418	0.00529595
0.28151784	0.43306988	0.85009985	-0.02146979	0.01021203	0.00278484
0.28079084	0.43685207	0.86034987	-0.00611575	0.00223861	0.00422809
0.28069866	0.43664696	0.86765092	-0.02029091	0.00328088	0.00933617
0.28448054	0.42971329	0.86437507	-0.00953959	0.00502039	0.00553920
0.28220975	0.42528506	0.87454873	-0.01847014	0.01675482	0.00572356
0.28039766	0.42779625	0.86763973	-0.02622981	0.02351466	0.00268042
0.27971554	0.43639159	0.86035251	-0.02032083	0.02633659	0.00219774
0.27176990	0.43698049	0.86202270	-0.02079379	0.02720226	0.00736562
0.27209113	0.43433215	0.85640891	-0.01481652	0.00961544	0.01521889
0.27303544	0.43740730	0.85490096	-0.00950863	0.00488362	0.00770441
0.28784414	0.43127316	0.85308135	-0.01635616	0.01455741	0.00662213
0.28049837	0.43834805	0.85176078	-0.00424516	0.00855675	0.00710241
0.27815100	0.43327909	0.86359515	-0.02278940	0.01956200	0.00942754
0.27849980	0.43692389	0.86229958	-0.00155140	0.01743122	0.00607293
0.27508503	0.44104331	0.85982139	-0.01006581	0.02375166	0.01323553
0.28483253	0.43284842	0.86209210	-0.01885252	0.01288526	0.01080751
0.28640581	0.43493260	0.85520934	-0.01461754	-0.00075523	0.01050414
0.28058869	0.43675561	0.86011504	-0.02308164	0.01012417	0.01182664
0.28052160	0.43229661	0.86356427	-0.03610428	0.02634985	0.00892758
0.27715293	0.43323348	0.86294043	-0.04430801	0.01689108	0.00490521
0.27755044	0.42889665	0.86267725	-0.02290821	0.02698978	0.00157634
0.27933530	0.42707397	0.87529294	-0.02635046	0.02913626	0.00177950
0.27734854	0.42241047	0.87751148	-0.03227171	0.00490288	0.00584701
0.27557966	0.42598573	0.88085791	-0.03367604	0.02319602	0.00397779
0.27204898	0.42571937	0.86597447	-0.02316589	0.01666882	0.01412417
0.27138480	0.42729849	0.86828207	-0.02846201	0.01068078	0.00836363
0.27736277	0.42120977	0.87166637	-0.02712605	0.01226474	0.00856176
