0.99890561	-0.22684082	-0.39903832	-0.12782272	0.32270597	0.31716030
0.81775245	-0.15576491	-0.37503909	0.08279079	0.32927387	0.39297859
0.93500170	-0.13055933	-0.21711947	0.10425860	0.39908862	0.52780319
1.01368638	-0.21592189	-0.30835267	-0.09987348	0.32400341	0.36776197
0.84137254	-0.31236496	-0.33314602	-0.02394629	0.03949225	0.41643424
0.88752922	-0.20099989	-0.33115425	-0.11837514	0.18533295	0.32874050
0.85476744	-0.19186329	-0.21110271	-0.27270566	0.12839035	0.27676484
0.95122854	-0.23797530	-0.20472148	-0.20709172	0.12407314	0.14132959
0.77444301	-0.27790900	-0.08493474	-0.30911174	0.46504977	0.03578706
0.94219417	-0.28415399	-0.19754777	-0.46316798	0.00572787	-0.03314512
0.87450169	-0.30084948	-0.15732110	-0.24218633	0.09418931	0.03272166
0.90084825	-0.26806975	-0.25257469	-0.24897704	0.18610202	0.08438667
1.08459482	-0.19618879	-0.06001501	-0.41858315	0.16483590	0.04979857
0.88506158	-0.18569099	-0.25666206	-0.25611161	0.59784908	-0.18875387
0.98141676	-0.13739559	-0.10556083	-0.63511377	0.19589399	-0.03415700
0.96231043	-0.09718650	-0.09691893	-0.56750099	0.35648186	0.25665567
1.10074804	-0.22800602	-0.16836934	-0.71526253	0.23567302	0.08569027
1.13914685	-0.10645313	-0.16850741	-0.44941295	-0.02997833	0.11780838
1.11411893	-0.06930930	-0.05403620	-0.45162422	0.19262560	-0.01690403
1.17525894	-0.08067106	-0.10513678	-0.36061952	0.34607342	0.11074855
1.32454724	-0.22798459	-0.24288092	-0.32816545	0.16245498	0.21579537
1.17482326	-0.26986844	-0.19749136	-0.13918264	0.26062585	0.31511525
1.41314398	-0.50191905	-0.36409835	-0.22990307	0.32572897	0.51106871
1.21571464	-0.50895660	-0.14567869	0.03175518	0.31818636	0.33201332
0.88749893	-0.30073649	-0.28236258	0.04282147	0.31002258	0.29870315
0.86922986	-0.59000623	-0.26069198	-0.13674071	0.36339782	0.07921793
0.68914108	-0.35592367	-0.30637723	0.25865482	0.17550416	0.19582499
0.74491002	-0.27190335	-0.38709039	-0.34669257	-0.33169753	0.12320430
0.77668148	-0.31637793	-0.58867685	-0.13561401	-0.30434599	0.04691501
0.99329800	-0.21541776	-0.43896932	-0.28476062	-0.14678139	0.03558314
1.11083065	-0.20317747	-0.44686350	0.04622557	0.01957840	-0.14758973
0.95952142	-0.22707039	-0.41401695	-0.31185018	0.11690553	-0.23136583
0.92029353	-0.19908384	-0.25957353	-0.29694732	0.13580450	-0.41381271
0.89646065	-0.26397933	-0.20302948	-0.39834381	-0.14379179	-0.06289122
0.72593902	-0.24730985	-0.22593375	-0.36063493	-0.57873315	-0.58171777
0.83278823	-0.24003522	-0.33199941	-0.04924351	-0.48222482	-0.39487298
0.81162226	-0.16643851	-0.26146702	-0.13430523	-0.56177605	-0.36822642
0.92702176	-0.24309067	-0.24960755	0.08869853	-0.12810355	-0.37984986
0.93283012	-0.02038081	-0.38202531	0.38781469	-0.21269100	-0.18642428
0.87227284	-0.18091983	-0.08235425	0.18401874	0.04696867	-0.11578185
0.85293159	0.03201899	-0.21084164	0.15474491	0.06534162	-0.24536064
0.90030555	-0.09416555	-0.22362711	0.10628823	-0.05646670	-0.23826220
0.89749857	0.00239587	-0.04566167	0.24256364	-0.05359746	-0.10825699
0.83269131	-0.14832165	-0.26447454	0.36552626	-0.05787166	-0.10896805
0.81126106	0.05549811	-0.22121119	0.40849264	0.31071310	0.04497232
0.94093908	-0.01549392	-0.29404233	0.25981533	0.06744282	0.13436472
1.04900668	-0.16652429	-0.29035033	0.35178999	-0.07188642	-0.00295188
1.04385786	-0.17896876	-0.31366727	0.37979967	0.14644840	-0.03446978
1.06830424	-0.26812623	-0.15204727	0.40688021	-0.16580559	-0.00832998
1.07117529	-0.19564843	-0.05179563	0.90338360	0.13282003	-0.18238256
1.20751756	-0.03862097	-0.21718819	0.34480458	0.15172909	-0.56602183
1.23926592	-0.06682086	-0.18775507	0.11323570	0.19810929	-0.64929834
1.21786315	-0.03957850	-0.40126476	0.00530047	-0.21888901	-0.61041008
1.37894845	-0.31247860	-0.50875173	-0.40295291	-0.23787795	-0.32528727
1.19005129	-0.33352977	-0.68211646	-0.33837821	-0.21850523	-0.44608649
0.93250088	-0.26939030	-0.57425963	0.10075770	0.04586404	-0.55933401
0.73812854	-0.20273616	-0.64114549	-0.12889960	-0.11098898	-0.35616929
0.96925400	-0.34607610	-0.44255821	-0.19292474	-0.14397236	-0.35680354
0.87357801	-0.47250750	-0.42435918	0.12147553	0.05006239	-0.17872060
1.07280505	-0.32579091	-0.28030625	0.42666684	0.14553600	-0.07662820
1.01944046	-0.21815865	-0.20121281	0.52272757	0.16267077	0.19940491
1.07870632	-0.18187300	-0.19223017	0.52938593	0.18573801	0.43920284
1.08643588	-0.15716956	-0.37532852	0.48907814	0.08339500	0.32014461
0.89293336	-0.18518591	-0.25423043	0.28301084	0.29828498	0.03395201
0.82858828	-0.22087780	-0.27552505	0.20286113	0.03861231	0.43597517
0.67045773	-0.03666888	-0.21146836	-0.11837870	-0.06424501	0.36336081
0.72215347	-0.08707509	-0.08959940	-0.20393533	0.02842368	0.34424521
0.79327016	-0.19251847	-0.18683598	-0.42794875	0.12042406	0.66382478
0.79357970	-0.13364949	-0.26292051	-0.26089494	0.31441483	0.50014554
0.79214576	-0.17710843	-0.25051387	-0.22659839	0.04975499	0.46190737
0.92259571	-0.18957077	-0.24703667	-0.44763402	0.11710025	0.13819243
0.78241639	-0.31617719	-0.12242520	-0.63522857	-0.03854483	-0.08092275
0.88512919	-0.24295630	-0.02381749	-0.50809904	0.21914519	0.08996343
0.81975151	-0.27589200	-0.00159456	-0.17715664	0.09193945	-0.01583443
0.93103442	-0.23901174	-0.08193854	-0.43198383	-0.06174258	0.11985090
1.11551049	-0.06617595	-0.21251508	-0.20816719	-0.07721682	0.15563379
1.25626502	-0.19016388	-0.22058050	-0.48439433	0.53826598	-0.05280946
1.27026541	-0.10043453	-0.22648369	-0.37882443	0.58638173	0.30595511
1.11707996	-0.13184383	-0.07335415	-0.40064945	0.23860157	0.03869646
1.10046356	-0.14713110	-0.08319581	-0.48490648	0.30472790	0.17422886
1.10233316	-0.09268762	-0.02812468	-0.50984343	0.18375670	0.39190203
0.97259115	-0.29439234	-0.01833619	-0.10094293	-0.13070532	0.62063908
1.31639321	-0.46261758	-0.20369150	-0.03873765	0.05284091	0.65238358
1.23655583	-0.37972914	-0.54269625	0.28348152	0.12554235	0.58317200
1.19331840	-0.49018086	-0.66356604	0.10929717	0.71243401	0.62619079
0.93792180	-0.52645922	-0.51125572	-0.11928614	0.92949768	0.53235641
0.65396420	-0.35362950	-0.02790135	-0.32321678	0.29553286	0.34335537
0.88312346	-0.22410872	-0.54790058	-0.69551683	-0.35853860	-0.10718762
1.00109329	-0.18894807	-0.44780974	-0.66910134	-0.12244721	0.10925021
1.17968106	-0.11458997	-0.53046086	-0.21747003	-0.16431868	-0.12910241
1.06138431	-0.27989676	-0.37911125	0.01771026	-0.05468411	-0.14918239
0.92978553	-0.27529397	-0.20241155	0.04864775	0.17762470	-0.27599575
0.88699629	-0.31433355	-0.21326383	0.02037632	-0.15207598	-0.50049093
0.83554829	-0.18666134	-0.08990800	0.08608912	-0.74441315	-0.47624609
0.53356710	-0.14546455	-0.16638501	0.24496830	-0.61089211	-0.42600213
0.67437729	-0.09648542	-0.21606926	0.00695976	-0.76043036	-0.24334585
0.61739351	-0.05580001	-0.33312562	-0.00636978	-0.60722504	-0.14090711
0.94101871	-0.11412192	-0.32789024	0.22606365	-0.19746786	-0.08717599
0.78018536	-0.14748121	-0.20357709	0.13829865	-0.05846024	-0.12807859
0.88574326	-0.21549944	-0.28852338	-0.09937077	-0.04530114	0.07805448
0.87610203	-0.00176991	-0.36891945	-0.10048944	-0.06312557	-0.32031530
0.74481164	-0.08488227	-0.03265965	0.34105191	0.19530794	-0.00375354
0.94153333	-0.15475168	-0.26624705	0.46116168	-0.16982996	0.06909713
0.89744130	0.04172002	-0.11998886	0.39212259	-0.34555774	0.19463144
0.93626942	-0.08448224	-0.16166647	0.24617191	-0.05365631	0.04134648
0.98852786	-0.06332182	-0.26775819	0.23275668	0.43871796	-0.02673894
0.97910374	-0.12951512	-0.13780706	0.10969528	0.06479586	-0.11344722
1.10310424	-0.16664620	-0.10971889	0.06889464	0.27967448	0.05327831
1.16967561	-0.06381101	-0.14832746	0.25244366	0.12356791	-0.41340514
1.28773536	0.05799965	-0.11356035	0.02115081	-0.06885707	-0.65625869
1.16872617	0.13760190	-0.26099589	-0.19375102	0.17577118	-0.51975385
1.08763888	0.06387748	-0.23108966	-0.33309484	0.07820816	-0.27175240
1.10549224	-0.28685199	-0.45762503	-0.36921193	-0.44789885	-0.20902643
1.02791276	-0.37188124	-0.68448812	-0.35338443	-0.22683947	-0.39023368
0.87895169	-0.44399824	-0.47682501	-0.30373804	0.25748590	-0.36163941
0.77999043	-0.31674368	-0.54846618	-0.49186667	0.03670093	-0.65167450
1.18129758	-0.38998516	-0.46331953	-0.53729356	-0.34727938	-0.76573959
1.07208532	-0.22067328	-0.55529036	-0.17997912	-0.09794463	-0.32250862
1.15569746	-0.19075375	-0.49592625	0.00345192	0.25935685	0.11201560
1.33783516	-0.17811536	-0.30115190	0.26286786	0.36576918	0.59083362
1.12260620	-0.14722072	-0.29472802	0.18027595	0.73662772	0.23986085
1.03108131	-0.07741835	-0.37596042	0.07274649	0.53114996	0.40638631
1.02255154	-0.22165144	-0.21891277	-0.05153156	0.16497926	0.70480778
0.80883231	-0.24854086	-0.21247877	-0.37262730	0.17628537	0.59937258
0.49999904	-0.14002138	-0.21998760	-0.22972940	-0.16839924	0.29196556
0.80148744	-0.13095333	-0.32042948	-0.35773253	-0.15656995	0.43314469
0.75776856	-0.01292992	-0.15656508	-0.53884206	-0.03942838	0.68500166
0.87500460	-0.09542092	-0.22255725	-0.52862581	0.06996887	0.34259810
