1.05749322	-0.17546479	-0.18922561	-0.25541342	0.33572463	0.01500911
1.07044503	-0.20511705	-0.07129129	-0.09435740	0.04884141	-0.07081824
1.12954628	-0.13127433	-0.08610450	0.16616018	0.01997526	-0.27800059
1.37621797	-0.24636313	0.00323027	0.05440195	0.22841128	0.06888684
1.42502416	-0.35348297	-0.12809605	0.53029522	0.24726209	0.39363015
1.42600720	-0.51574639	-0.58760443	0.81785562	0.14468936	0.59500717
1.37801621	-0.51304438	-0.69237673	0.40954535	0.32818750	0.42407409
0.85891211	-0.46703266	-0.42125824	0.18491160	1.01755190	0.32568484
0.68913823	-0.44895921	-0.45177263	0.21203028	0.57085718	-0.14494218
0.61188981	-0.38445480	-0.36145150	0.00857163	-0.24420721	0.16641456
0.84333258	-0.24865416	-0.43494535	-0.03334018	-0.27713459	-0.13106881
1.13157132	-0.05889784	-0.53769766	-0.04503429	-0.33693511	0.40285403
1.18653696	-0.29500318	-0.40185500	0.14813873	-0.22771672	-0.15575433
1.14901144	-0.22765429	-0.41184563	0.26099848	0.02414864	-0.04382851
0.98818880	-0.42877409	-0.27275516	0.22354645	-0.00775971	-0.36670972
0.78128448	-0.13422316	-0.15918323	0.01246702	-0.02156136	-0.42009704
0.68141328	-0.11340726	-0.10502087	0.34828080	-0.12318333	-0.23665225
0.72304893	-0.21327969	-0.25837643	0.17304553	-0.75103456	-0.13107650
0.72313630	-0.20520343	-0.26195502	0.51188166	-0.36367354	-0.22890648
0.77577374	-0.08132122	-0.36398180	0.67089775	-0.61767619	-0.31042395
0.96421503	-0.15438940	-0.09097264	0.34340720	-0.09926750	0.09584916
0.95461432	-0.09891069	-0.24536176	0.34010820	-0.34853525	0.05558613
0.86381035	0.03209932	-0.20999876	0.50953749	-0.35794818	-0.11551198
0.66530614	-0.14737173	-0.20506521	0.44845191	0.11120426	0.09221221
0.80230666	-0.01378691	-0.10329496	0.73826693	-0.19229640	0.02791810
0.78319601	-0.09836258	-0.24538102	0.33558286	-0.21345710	0.37367104
0.94501715	0.01452997	-0.17576335	0.36671628	-0.16085948	0.13051284
1.00959013	-0.12929312	-0.24257833	0.13256888	-0.20356993	0.34683651
1.14219398	-0.25036205	-0.28336840	0.19768344	0.11120213	-0.24834572
1.17691353	-0.06241841	-0.18759048	0.12528965	-0.24807288	-0.26884422
1.18172569	0.01691215	-0.06585754	0.09092840	0.07301061	-0.38986279
1.31466675	0.07644976	-0.15553368	0.10196088	-0.09394329	-0.32260847
1.21752143	-0.06916699	-0.21503252	-0.21818001	-0.17715360	-0.47409238
1.31390529	-0.37045564	-0.40116292	-0.49802167	-0.09906990	-0.38768416
1.13361849	-0.29523503	-0.50345266	-0.27892055	-0.10082054	-0.17158563
0.96104319	-0.30981264	-0.57873450	-0.32468397	-0.16561793	-0.60354687
0.90028549	-0.33826948	-0.42493998	-0.07037443	0.22371257	-0.74661458
0.87268512	-0.20506725	-0.48374042	-0.34135919	0.14013745	-0.57367470
0.88177492	-0.48077551	-0.55135282	-0.30909918	-0.27911767	-0.47135642
1.17906842	-0.39867018	-0.47931076	-0.17701315	-0.42718314	-0.07364572
1.10673177	-0.29126066	-0.40264209	0.21606039	0.01795842	-0.23455043
1.11662281	-0.22159560	-0.39089646	0.23001311	-0.09113669	0.29696620
0.94590871	-0.16949861	-0.42390798	0.15302287	-0.26599470	0.22185833
0.84755443	-0.07334553	-0.19139558	-0.16996209	0.02172423	0.36422127
0.77722795	-0.16536194	-0.26002665	0.14620626	0.05462809	0.50770314
0.58001697	-0.25196919	-0.30591775	-0.20812216	-0.17138799	0.37878407
0.65459224	-0.13894725	-0.19077215	-0.20309715	-0.11617956	0.56757569
0.80286576	-0.07641995	-0.15394899	-0.16300903	-0.10317323	0.48324002
0.67067609	-0.23257826	-0.24874163	-0.24166829	0.01043487	0.31144644
0.65199324	-0.19145197	-0.10786082	-0.40280294	0.17157976	0.36327176
0.76146469	-0.18722607	-0.19164010	-0.28208671	0.35033765	0.14493250
0.87954757	-0.21623794	-0.02303102	-0.35067436	0.15462519	0.19159764
0.84349099	-0.22809415	-0.07185924	-0.50566192	-0.12618728	-0.15158385
0.76570428	-0.20240579	0.00016047	-0.46732796	-0.19277885	0.02043989
1.06561721	-0.10781442	-0.21250655	-0.46119450	-0.11312458	-0.13037276
1.24315307	-0.05626690	-0.22540729	-0.68978991	0.46123200	0.07154292
1.30719814	-0.18333816	-0.26616328	-0.09847550	0.55911913	0.20890024
1.32417676	-0.19125142	-0.30742643	-0.28162199	0.55926476	-0.03799911
1.18663776	-0.17349516	-0.06975305	-0.03160336	0.47379866	0.11113570
1.14046597	-0.27640204	0.04470431	-0.22666038	0.40016109	0.29577639
1.18441180	-0.40888334	-0.25876974	0.18500344	0.07376922	0.39888413
1.33464595	-0.50809433	-0.50992134	0.79726178	-0.13683376	0.59361260
0.99493270	-0.56934163	-0.74860725	0.42653657	0.35352794	0.50059870
0.85133375	-0.53252900	-0.36795676	0.30261471	0.50030083	0.56396316
0.79953959	-0.39913172	-0.22585063	0.16472052	0.58283587	0.23033970
0.81512587	-0.19419884	-0.40227181	-0.05059350	0.30818409	0.22008482
0.75554903	-0.13687985	-0.43433098	-0.10651027	0.24235040	-0.02307578
1.11131049	0.05461102	-0.43517035	-0.07317741	-0.04844145	-0.14850455
1.06394618	-0.09926980	-0.34007498	-0.30674542	-0.44725557	-0.04995070
0.83469273	-0.16371904	-0.33665821	-0.04760798	-0.32942060	-0.17170212
0.78531683	-0.37058771	-0.09949470	-0.08038707	-0.36691776	-0.28520400
0.80024809	-0.41949058	-0.34763298	0.30230689	-0.30302240	-0.31329450
0.83559871	-0.18950489	-0.26425648	0.18082829	-0.31170692	-0.38462658
0.70917220	-0.12953885	-0.31589883	0.45471410	-0.59170103	-0.24282045
0.57975961	-0.22440830	-0.27107105	0.14881013	-0.48856200	-0.04406973
0.78894146	-0.10243513	-0.25283859	0.66854905	-0.27441870	-0.06292462
0.92043680	-0.17642002	-0.29085697	0.59481646	-0.13353420	-0.22823702
0.78613606	-0.09756423	-0.38486980	0.21905404	-0.29972048	-0.25880581
0.93841546	-0.04241407	-0.16037498	0.52942424	-0.05848526	-0.25668840
0.78152579	0.03583946	-0.28753350	0.61758416	-0.48536232	0.04138697
0.89061905	-0.02468031	-0.22227336	0.21467247	-0.10854132	0.33027117
0.84123155	0.03393523	-0.26101326	0.31482601	-0.21634565	0.04657723
0.94984594	-0.01579109	-0.13220921	0.24081959	-0.10051409	0.19690396
1.03675336	-0.11045997	-0.05361024	0.21947531	0.34235466	0.08896077
1.05908997	-0.08195461	-0.25167257	0.36636031	-0.16030214	-0.19345407
1.16473811	-0.35117991	-0.09790286	0.39267510	0.33288126	-0.40026672
1.16223025	-0.23285913	0.01682346	0.36380715	0.02486717	-0.53365585
1.13027688	-0.01399725	-0.10706807	0.05209737	0.00805162	-0.44648172
1.03731053	0.09419034	-0.18208947	0.10380126	-0.15852204	-0.39127378
1.11104707	-0.04798602	-0.29532381	-0.28299412	-0.07125589	-0.61372455
1.24863488	-0.16289187	-0.45036065	-0.41071036	-0.20975257	-0.30849070
1.10775517	-0.41473017	-0.64805441	-0.22125207	-0.31767873	-0.58200285
1.05752962	-0.39129352	-0.54971686	-0.19029569	-0.22593433	-0.74822074
0.99763127	-0.29273655	-0.52737875	-0.39400271	-0.17757211	-1.00145834
0.87072081	-0.41393880	-0.56902132	-0.47205629	-0.45329800	-0.38617955
1.24204209	-0.40775499	-0.48950421	0.26172437	0.16478797	0.09225040
1.26877654	-0.38277789	-0.44921445	0.05206947	0.47121348	0.41993001
1.25061379	-0.29393082	-0.59718249	0.50577108	0.70520772	0.48188538
1.07535998	-0.15573415	-0.24797168	0.32419336	0.53724632	0.30503919
0.79968926	-0.17919238	-0.15805031	0.09947206	0.59409167	0.44582002
0.74068286	-0.13750341	-0.09479233	0.05336304	0.40970209	0.59953498
0.59489580	-0.05941983	-0.15501322	-0.55838377	-0.28317144	0.45324286
0.68167808	-0.09720465	-0.30745264	-0.67774031	-0.28713238	0.54460203
0.68143789	-0.08161785	-0.19067143	-0.43457724	-0.11873472	0.20800457
0.71054889	-0.16572740	-0.27670586	-0.38757125	0.18355941	0.43147481
0.88963260	-0.01608843	-0.16493487	-0.61549212	0.21379473	0.49691512
0.79646500	-0.14147266	-0.14494737	-0.47621556	0.19234329	0.61872634
0.79851003	-0.32151476	-0.09328410	-0.49900258	0.41510903	0.13215979
0.80929035	-0.19618720	-0.06228590	-0.47726161	0.09258028	-0.06109105
0.74507391	-0.27979388	-0.03075978	-0.37028827	0.41585579	-0.22322274
1.03284255	-0.34138600	-0.05314262	-0.62894011	0.29453710	-0.35574824
1.05711160	-0.32893764	-0.17519323	-0.31514550	0.29461679	-0.04340033
1.08756460	-0.10588441	-0.17256044	-0.26819434	0.32529142	0.02498233
1.35875299	-0.21500640	-0.09997626	-0.27030280	0.40959839	-0.03576625
1.37073485	-0.21731943	-0.16987028	-0.08411008	0.32112154	-0.02117868
1.19167926	-0.18937764	-0.01194318	0.19498127	0.36213757	0.36633944
1.25676403	-0.22084305	-0.11355227	0.19452078	0.48070335	0.56421841
1.30461117	-0.35202891	-0.25349137	0.88587853	-0.00597652	0.53944293
1.24170682	-0.52027568	-0.61576131	0.72962549	0.25688666	0.52068091
0.85735590	-0.50940838	-0.39566061	0.52783110	0.56895704	0.80381438
0.81639749	-0.43327202	-0.33038309	0.08687248	0.46616407	0.47876894
0.83251985	-0.25245127	-0.32307433	-0.05766172	0.13894763	0.02501234
0.85344292	-0.26884626	-0.41344197	-0.06646471	-0.24534297	0.14926975
1.16969926	-0.09828872	-0.70055465	0.02810034	-0.43600799	-0.16501297
1.05091259	-0.29882268	-0.31850267	0.25275172	0.03767599	-0.36533353
0.97299857	-0.27543623	-0.31414847	0.29674728	-0.21291612	-0.55950464
0.90785949	-0.27916607	-0.21035027	0.20518290	-0.56458610	-0.34041625
0.79348852	-0.34328967	-0.24149536	0.23722233	-0.74634356	-0.56446123
