0.70179609	-0.20332238	-0.26270143	0.27988072	-0.51668915	-0.56027859
0.55469660	-0.10118026	-0.22838360	0.34554723	-0.61185896	-0.21343011
0.77270190	-0.14778496	-0.25904092	0.12781050	-0.49438395	-0.00367820
0.93582226	-0.08407598	-0.24237952	0.21987060	-0.26898303	0.15406277
0.88187617	-0.20117377	-0.22691496	0.14512712	-0.25432473	-0.02700256
0.96804478	-0.19204242	-0.21333443	0.34881881	-0.17717677	0.01645716
0.88625323	-0.01007260	-0.14576579	0.40836927	-0.41277538	-0.08118468
0.85244581	-0.08465351	-0.26439679	0.53319254	0.09802044	0.32726084
0.83002235	-0.05239977	-0.17797456	0.40611762	-0.14984717	0.23635286
0.97941479	0.06410643	-0.12619525	0.41696260	-0.13457905	0.17063784
0.96087346	0.02652183	-0.20248481	0.10294940	-0.12482152	0.07297928
1.23250629	-0.16954906	-0.18836937	0.11680438	0.23098583	-0.07649905
1.25927342	-0.07678019	-0.24416684	0.20823728	0.14342560	-0.25462752
1.28680631	-0.06983060	-0.09932959	-0.03631324	0.38631071	-0.34012553
1.32634411	-0.03760942	-0.21070258	0.03961347	0.33180879	-0.20827538
1.23624592	0.13049158	-0.19089997	-0.16880719	-0.04178261	-0.22848600
1.22695744	-0.21543601	-0.25850603	-0.50054450	-0.18894532	-0.59967656
1.29048516	-0.20698044	-0.49571815	-0.48861838	-0.19462291	-0.53618006
1.06194837	-0.19256658	-0.56944545	-0.75086298	-0.29821630	-0.43229318
0.89320709	-0.42685611	-0.58912950	-0.67711557	-0.00902073	-0.72390151
1.15810810	-0.21057803	-0.43043981	-0.58186633	-0.14095617	-0.43624128
1.27119589	-0.34338308	-0.56836306	-0.30399459	0.01128676	-0.43018422
1.16704270	-0.35573579	-0.50433291	-0.21238462	0.31757597	0.06095630
1.22819378	-0.34144225	-0.49720891	0.12555139	0.57440384	0.24882125
1.08448826	-0.22835006	-0.39787872	0.32320159	0.78861821	0.53556099
1.04885201	-0.21336080	-0.36850749	-0.26073854	0.33709811	0.78698639
0.78981006	-0.11711455	-0.20965773	0.07386552	0.51601647	0.36699468
0.67032208	-0.03193346	-0.20534797	0.01968667	0.06224974	0.17441693
0.64527213	-0.22019482	-0.16363765	0.05195044	0.07976208	0.34771068
0.67674000	-0.05766792	-0.18059378	-0.39745319	0.01187063	0.34395818
0.87549261	-0.14551787	-0.13637545	-0.28722461	-0.21836726	0.24829841
0.74200958	-0.08153493	-0.10835295	-0.25629224	-0.18165546	0.37448611
0.73729447	-0.18154343	-0.18958349	-0.28307594	0.06535905	0.19582475
0.65564190	-0.08172086	-0.05733553	-0.55371708	0.03819822	-0.02700901
0.77093879	-0.18964326	-0.01587371	-0.22665581	-0.07945945	0.23338893
0.73084244	-0.27719165	-0.06060647	-0.35804644	0.02738106	-0.12729712
0.99799971	-0.19817705	-0.10283132	-0.28547716	-0.32329846	0.24188575
1.17462940	-0.34807111	-0.17746292	-0.09258173	0.18693032	0.12534791
1.35783766	-0.21162102	-0.29193531	-0.12124046	0.51289508	0.02960517
1.26836727	-0.12729989	-0.13398038	-0.25987496	0.51247429	0.05759334
1.26960551	-0.18055157	-0.21117223	-0.09017575	0.56177119	-0.22480261
1.33478162	-0.12387080	-0.25364348	-0.08786188	0.39464891	0.21042958
1.30663729	-0.15676096	0.03203454	0.22823699	0.61869902	-0.00244335
1.07436519	0.03971023	-0.00872746	0.28699402	0.24598128	0.23458509
1.14355675	-0.14090516	0.02406111	0.46000867	-0.17960310	0.26892917
1.19322798	-0.33832792	-0.41979199	0.55177350	0.07415384	0.69493029
1.04780734	-0.32596889	-0.63425885	0.57628466	0.12244089	0.71265407
0.98900107	-0.32826782	-0.50912406	0.64544738	0.46275931	0.33808859
0.94976713	-0.49014116	-0.54099869	0.27715432	0.32217122	0.26009545
0.95142126	-0.34303353	-0.33927064	0.09968960	-0.12447799	-0.37918819
0.90200801	-0.21353405	-0.27125374	-0.11516042	-0.23712465	-0.53956067
1.11163080	-0.08955551	-0.33407189	-0.04609843	-0.48512184	-0.39011595
0.95761579	-0.21189454	-0.30456392	0.11107144	-0.79391348	-0.25334157
1.12392505	-0.28368813	-0.36211710	0.27179064	-0.84873755	-0.40383109
0.83943350	-0.16411324	-0.40353174	-0.01400381	-0.46177440	-0.31982371
0.78493250	-0.12971635	-0.45160613	-0.00534896	-0.47844355	-0.08968496
0.84072982	-0.16654685	-0.30434125	0.14377873	-0.51807433	-0.32244415
0.43685013	-0.20081888	-0.20742793	-0.11743217	-0.49266424	-0.09343945
0.58709838	-0.11324255	-0.36549796	0.13420828	-0.42884749	-0.23661362
0.87531246	-0.24521406	-0.16453107	0.25589968	-0.67375572	-0.21756862
0.85047095	-0.00078580	-0.32786914	0.36126766	-0.29207235	-0.16942624
0.79540515	-0.05227842	-0.09767949	0.48462269	-0.08565719	0.20125878
0.80567944	-0.03842991	-0.15129009	0.49800016	-0.10013262	0.06342886
0.99803660	-0.02053407	-0.09371460	0.30557643	0.05322542	0.27214806
0.98414250	-0.02518064	-0.26774939	0.34733499	-0.11576384	0.18621540
1.19288248	-0.07497911	-0.14175236	0.45580180	0.18899697	-0.00943735
1.06330334	-0.14018520	-0.33110356	0.21077306	0.15667880	-0.02592701
1.03384365	-0.06363931	-0.23931885	0.38418683	0.16901158	-0.39836597
1.22087993	-0.15997770	-0.18638352	0.38537957	0.23834636	-0.57854428
1.04530817	0.09345661	-0.20005855	0.08286548	0.20539756	-0.60185827
1.21118479	0.14555862	-0.08810864	0.04541000	0.10904821	-0.71923442
1.08264972	-0.09115275	-0.36587197	-0.24752430	-0.36997884	-0.50527456
0.99389676	-0.27034474	-0.44286072	-0.37512195	-0.36265946	-0.35876653
1.07779264	-0.52730923	-0.69261239	-0.79156801	-0.32930704	-0.50056776
1.02396438	-0.41446176	-0.45664155	-0.48286510	0.12500056	-0.45711127
0.87666885	-0.35007647	-0.36895401	-0.28114503	-0.44371686	-0.57371518
1.06955205	-0.29897874	-0.64093675	-0.37675804	-0.51458262	-0.82109255
1.34207860	-0.36720986	-0.54416188	-0.26925818	0.12045410	-0.30076472
1.20905601	-0.24721538	-0.53233778	0.09972602	0.15070423	0.23237012
1.37060701	-0.23075768	-0.37173761	0.40907773	0.09647221	0.54609225
1.15250892	-0.21351972	-0.29509747	0.34194380	0.66520225	0.54090756
0.86701133	-0.32568816	-0.42687269	0.25779265	0.75596923	0.50712548
0.56339538	-0.06111080	-0.02229739	0.40862054	0.12111587	0.50653085
0.54145830	-0.11540478	-0.08110015	0.13518429	-0.04598337	0.14720424
0.47523426	-0.09993758	-0.08975456	-0.04476058	-0.46764124	0.42915420
0.63898941	-0.07951051	-0.12437931	0.19644107	-0.50826304	0.69319428
0.86741948	-0.19245470	-0.30072491	-0.05790463	-0.43445354	0.58309969
0.71420981	-0.16405166	-0.27323147	-0.26479093	0.07346881	0.36519360
0.87465878	-0.19431694	-0.03895675	-0.32891805	0.25945237	0.11331554
0.86063914	-0.26630199	-0.00996043	-0.15887110	0.45609457	0.00726089
0.76937323	-0.11454467	-0.13866709	-0.12287540	0.49825706	-0.33339929
0.90327968	-0.22303921	-0.14021958	-0.09996039	0.26759419	-0.15294366
0.99551597	-0.24100191	-0.05399805	-0.00931674	0.04389358	-0.11377717
1.18445414	-0.26663039	-0.10975861	-0.33802335	0.05633846	-0.05484229
1.13184998	-0.09719685	-0.24800108	-0.30607106	0.21647044	-0.02546258
1.30428983	-0.13858813	-0.17608009	-0.05261953	0.11651891	0.06832893
1.34132255	-0.11900577	-0.11138431	-0.35385001	0.25101607	-0.15998090
1.21599819	-0.17622527	-0.04718891	-0.15872589	0.32260839	0.29473746
1.19352799	-0.32441236	-0.08023234	-0.03318973	-0.22473947	0.45762531
1.26772287	-0.34785524	-0.14840477	0.38616402	-0.16582390	0.49212927
1.37805236	-0.50075471	-0.39769579	0.31389908	0.10046958	0.66341282
1.03027798	-0.71990303	-0.75463004	0.19392212	0.26302829	0.74016650
0.99016776	-0.50388972	-0.43959150	0.34836310	0.44858207	0.64771834
0.77492000	-0.46557634	-0.36680669	-0.06854346	0.29551880	0.35714339
0.67122516	-0.16632449	-0.46655227	-0.25406912	0.36981132	0.11557744
0.79898958	-0.01390168	-0.30173207	-0.22473581	-0.11949885	-0.08029913
1.07893602	-0.21330103	-0.28821669	-0.13516199	-0.24603302	-0.11227013
1.05114027	-0.16790973	-0.23937595	-0.29865109	-0.14817253	-0.25940316
1.00730471	-0.33563219	-0.27263535	-0.07535531	-0.19273928	-0.17054341
0.92012984	-0.20773764	-0.35822204	-0.09884635	-0.16337241	-0.19463864
0.83175105	-0.30564582	-0.24702481	-0.00317043	-0.38228406	-0.06847486
0.68002810	-0.16563750	-0.24554886	0.13331474	-0.48019438	-0.11541907
0.69244490	-0.06231009	-0.33372435	0.09372300	-0.33440043	0.25408611
0.66778531	-0.12722679	-0.28398182	0.20817199	-0.44524627	-0.10387667
0.91263864	-0.16789992	-0.21361771	0.18540576	-0.41277432	-0.02674495
0.81361974	-0.04504223	-0.18310027	0.31873479	-0.22178848	-0.11452126
0.79573991	-0.02327781	-0.12749588	0.21542955	0.16648369	0.15363999
0.88522311	-0.00588581	-0.27200694	0.30413560	-0.14445882	-0.01440895
0.97732383	-0.02014433	-0.13283199	0.28966193	-0.28300138	-0.15182460
0.77776655	0.01091071	0.00132514	0.12263339	-0.09757778	0.14730997
0.90771831	-0.02500137	-0.11121344	0.22507155	0.03992008	0.37533807
0.96370594	-0.05832864	-0.11788677	0.18810193	0.11665300	0.26325436
1.07119958	-0.27514262	-0.13722954	0.06320898	-0.12787245	-0.23804710
1.25112149	-0.20996247	-0.15361358	0.14586876	0.12408723	-0.48553995
1.06767090	-0.10821594	-0.19553020	0.28640835	0.24732406	-0.61334773
1.25705930	0.02633119	-0.12442979	0.05164379	0.37609275	-0.38681072
1.11499837	0.19920389	-0.27436218	-0.16780287	-0.02144255	-0.48673946
1.02071561	0.09073454	-0.18708962	-0.15789937	0.24219064	-0.48784962
