1.13832201	-0.24096775	-0.47092498	-0.21615003	0.20450254	-0.33466747
1.08404479	-0.49375507	-0.73002006	-0.38563880	0.14799378	-0.47038014
1.04523030	-0.45607853	-0.50045618	-0.57160284	0.11150563	-0.55973146
1.11260454	-0.21628385	-0.51552162	-0.19867600	-0.35653778	-0.64826540
1.16143869	-0.25559401	-0.56224498	-0.53641396	-0.30195497	-0.13752009
1.24473502	-0.35188310	-0.54931798	-0.07190385	-0.04910954	0.15251073
1.26185408	-0.27357589	-0.32675746	-0.07462758	0.28264276	0.33960060
1.28123662	-0.39250193	-0.51172501	0.22246056	0.83096749	0.48927496
1.01108545	-0.17916286	-0.45065375	0.06861916	0.66163931	0.55740173
0.95426931	-0.14197686	-0.12499926	0.03643749	0.27480076	0.46764525
0.57939399	-0.16564986	-0.23977029	-0.24436346	-0.02771772	0.14297489
0.61182532	-0.15702578	-0.15406505	-0.21824536	-0.30496018	0.35481925
0.61643742	-0.06804623	-0.20675966	-0.60931308	-0.21177893	0.44530680
0.70517997	-0.20590131	-0.25619108	-0.41672081	0.00396622	0.30071125
0.92337389	-0.04429841	-0.17684630	-0.17302488	0.09619209	0.47420321
0.98999244	-0.06969372	-0.28042900	-0.63896386	0.36221451	0.27763756
0.89267651	-0.19424537	-0.18474704	-0.87607592	0.44796337	-0.15508764
0.66565570	-0.38810990	-0.07914823	-0.55131367	-0.10585152	0.29658092
0.90588309	-0.28029060	0.04911416	-0.48393600	0.21611994	-0.03981728
1.00181578	-0.37716704	-0.26041692	-0.44348824	-0.19606445	-0.06775495
0.96455210	-0.34572107	-0.16873691	-0.04049625	0.10105001	-0.13576789
1.30741003	-0.14092661	-0.27841021	-0.18455222	0.30821200	0.00449670
1.37300174	-0.15789659	-0.38710550	0.13633957	0.13659188	-0.18903149
1.48422370	-0.23147292	-0.14420927	0.04449320	0.27620799	-0.11793840
1.41025405	-0.10429111	-0.08984535	-0.05747305	0.37003975	0.14016263
1.38531529	-0.22805631	0.03736195	0.32692618	0.30875229	0.71662190
1.24521179	-0.37109839	-0.30090394	0.31145543	-0.03258981	0.55702545
1.10305766	-0.40676477	-0.47778077	0.68122284	0.01710365	0.59831702
1.01975393	-0.47826458	-0.59699611	0.54791667	0.20921044	0.48701463
0.93951041	-0.43915713	-0.50193339	0.06243899	0.41366134	0.59595462
0.57121151	-0.40456308	-0.44988640	0.11930002	0.42549395	0.32017284
0.94389477	-0.30395323	-0.45262851	-0.04640194	0.01600718	0.13725208
0.73057124	-0.31746853	-0.27761513	-0.07336377	-0.04582590	-0.25512001
1.00385807	-0.24495940	-0.28724244	-0.04729987	-0.09466317	-0.40893522
0.92725723	-0.20880169	-0.25673625	0.04447854	-0.10603202	-0.31721276
0.76117174	-0.19983591	-0.24000793	0.27999157	-0.28747835	-0.35705917
0.73641875	-0.09730410	-0.24258017	0.16629229	-0.13286436	-0.65648016
0.80741289	-0.16128078	-0.18901169	0.53269256	-0.17442739	-0.42536730
0.55654371	-0.10261227	-0.15800476	-0.01296432	-0.21260956	-0.20705090
0.52701738	-0.12944866	-0.24156888	0.36725155	-0.28088099	-0.12078018
0.78623522	-0.08452152	-0.25397801	0.14474598	-0.39873927	-0.24482998
0.92995932	-0.07475144	-0.10257400	0.25158739	-0.27644270	-0.04158545
0.82974648	-0.09775405	-0.23557971	0.22149641	-0.28954572	-0.17276493
0.91458906	-0.12283518	-0.25285906	0.30051597	-0.09936053	-0.02427476
0.83588468	-0.09662327	-0.23745341	0.35309857	-0.09125104	-0.03917238
0.92973346	-0.03575826	-0.14986733	0.39022937	0.00795882	0.04557134
0.78544113	0.04019180	-0.11182156	0.52236226	-0.16535179	0.11356885
0.80087352	-0.19922522	-0.17483158	0.20361843	-0.16574481	0.08658715
0.97716879	-0.09222048	-0.11032391	0.40082056	0.00316933	0.32814012
1.27307543	-0.19765472	-0.10455458	0.55674742	0.10583295	-0.14705853
1.39260918	-0.09171112	-0.00060341	0.15064375	0.23401353	-0.43707952
1.20837350	0.01070967	-0.11227557	-0.41139675	0.23503865	-0.37055748
1.22338312	0.05768923	-0.24773312	0.07708775	0.08050863	-0.75129026
1.15134446	-0.05803735	-0.25187987	-0.33642357	-0.16288900	-0.42980316
1.12278816	-0.16376410	-0.47225006	-0.18572320	-0.55652555	-0.37394332
1.14214346	-0.25187860	-0.35857917	-0.55337634	-0.34884999	-0.33397514
0.87980364	-0.41598730	-0.47593533	-0.38763296	-0.07994761	-0.37875723
0.90836591	-0.53143526	-0.51182350	-0.48647816	-0.01522074	-0.65579872
1.11418645	-0.34522415	-0.47256055	-0.20869991	-0.08346105	-0.54110915
1.29463574	-0.25934204	-0.54060159	-0.26523024	0.09976519	-0.61028947
1.31756062	-0.38951431	-0.48835652	-0.14499722	0.10353399	-0.06930693
1.15823081	-0.05405254	-0.48268746	0.27019066	0.21137001	0.43823011
1.25046521	-0.35149821	-0.44977508	0.30875048	0.58010009	0.45092076
1.03081316	-0.25694802	-0.37336872	0.29870619	0.31349030	0.32058996
0.86717508	-0.24416047	-0.38637028	0.27211412	0.48320600	0.29119623
0.54763934	-0.18991268	-0.30041264	0.20016084	0.16757363	0.29867871
0.44596667	-0.21190380	0.05128280	-0.18582334	-0.07085091	0.59763149
0.58002808	-0.11896854	-0.07415941	-0.23160941	0.07877568	0.56971805
0.68342948	0.04513534	-0.27685547	-0.32261475	-0.15451670	0.59906550
0.84209378	-0.00128039	-0.08872268	-0.69265037	0.00464859	0.17633146
0.88550556	-0.06900790	-0.26185995	-0.50216412	-0.19681255	0.42427536
0.65771254	-0.27241338	-0.26737704	-0.48678897	0.07876808	0.27618794
0.73353626	-0.17446689	0.02513602	-0.43864941	0.17492022	0.06379855
0.71243473	-0.22488839	-0.15054467	-0.50203802	-0.03299665	-0.01401958
0.76210606	-0.13099319	-0.19817468	-0.57190893	0.14631621	0.30923470
1.04185372	-0.23494533	-0.25722596	-0.22560121	0.15011434	0.05484405
1.24293340	-0.30953733	-0.16679670	-0.41620953	0.44281276	-0.02737152
1.17382789	-0.13294370	-0.21132190	-0.05322029	0.16709964	-0.03685310
1.17691596	-0.03561761	-0.09897680	-0.21661525	0.07600166	0.33111618
1.22792243	-0.10264667	0.02769480	-0.13191538	0.09942524	0.27141263
1.16394545	-0.25123368	0.06719473	0.22715808	-0.02661636	0.37121270
1.33140238	-0.33983806	-0.19134452	0.10319204	-0.08335694	0.44271690
1.18489641	-0.39137520	-0.31210524	0.69234711	-0.22450058	0.50665902
1.20500995	-0.59392085	-0.59014538	0.87039913	-0.02593623	0.44232426
0.92745419	-0.50819255	-0.71390495	0.68647638	0.27734182	0.39247720
0.80589337	-0.32726049	-0.52848564	-0.17986702	0.56393155	0.45518908
0.82950643	-0.37376199	-0.51789199	-0.10363101	0.35337790	0.37125109
0.93839011	-0.34509319	-0.31936355	-0.15607010	0.20773808	0.03084707
0.88899280	-0.24699334	-0.31711652	-0.44537647	-0.07098031	-0.45499677
0.99801685	-0.15343970	-0.35843397	-0.18838554	-0.34318783	-0.45425164
1.15621347	-0.21514360	-0.25078340	-0.15784754	-0.69375194	-0.92414798
0.78268411	-0.19554026	-0.29082312	0.05997022	-0.36322960	-0.45259945
0.74965885	-0.18286653	-0.08833897	0.51172080	-0.36581373	-0.49559145
0.64923701	-0.08942590	-0.14241969	0.34051473	-0.54761557	-0.38568969
0.76397598	-0.14995749	-0.26599885	0.41390333	-0.55057077	-0.42370843
0.72812793	-0.16471574	-0.37100256	0.26879223	-0.63672967	-0.44293536
0.64548487	-0.23956495	-0.21465366	0.40053614	-0.46017649	0.09354734
0.98944154	-0.21815935	-0.27292741	0.35867412	-0.36724805	0.18111761
0.97435635	-0.16731869	-0.24309021	0.70590092	0.25231611	-0.16402632
0.65361545	-0.01897483	-0.19814008	0.44733064	0.06848121	-0.02266876
0.86489387	0.16448727	-0.12159105	0.66423696	-0.03326377	-0.09522012
0.90531858	0.14042568	-0.26831906	0.71119832	0.25619915	0.23039003
0.95653162	-0.03138777	-0.24003250	0.15223220	0.06720249	0.22287182
1.01996164	-0.16994725	-0.09912587	0.32754875	0.10579510	0.15478479
1.19833911	-0.15300119	-0.29043438	0.03201157	0.23030108	0.12346446
1.28401747	-0.11212766	-0.18092040	0.17004125	0.21823569	-0.53759352
1.14084466	-0.10370336	-0.05852074	-0.15219256	0.02023079	-0.55361769
1.21388771	0.00252386	0.10445012	0.32207671	-0.20037049	-0.66050076
1.19240023	0.09441883	-0.04780602	0.07635209	-0.34544172	-0.43237624
1.30767682	-0.26946422	-0.50933501	-0.42013796	-0.42811747	-0.19932267
1.28047378	-0.31122842	-0.61882364	-0.16645761	-0.33508611	-0.44535405
1.07837849	-0.28474901	-0.50733221	0.04387581	-0.06480858	-0.52713241
0.97281865	-0.38030240	-0.56242844	-0.07171845	-0.04835793	-0.77720059
0.83394730	-0.31119439	-0.55301045	-0.11807894	-0.27791948	-0.68330653
0.92127562	-0.50274962	-0.46201531	0.00483910	-0.25687368	-0.42852214
1.11006597	-0.46156477	-0.54148138	0.24515935	-0.02895753	-0.11641041
1.17147167	-0.27089742	-0.35456975	0.86173532	0.08046910	0.19311868
1.23369243	-0.02946813	-0.45137100	0.44643588	0.14241093	0.37413019
1.13736575	-0.24968058	-0.26883028	0.43653747	0.13120707	0.30124367
1.06720413	-0.21771421	-0.29998051	0.43138648	0.06933770	0.17721142
0.63313169	-0.02255684	-0.20707816	0.15290627	0.41525808	0.24316392
0.68026152	-0.07161922	-0.07651956	-0.10487702	0.13298623	0.08185322
0.60751245	-0.19577273	-0.16239009	-0.09876249	-0.19810464	0.49707034
0.79859745	-0.17652530	-0.03666249	-0.17846911	-0.31161991	0.35542024
0.83278904	-0.14671216	-0.22837082	-0.32339778	-0.06887503	0.54387153
0.83011678	-0.17779001	-0.15738429	-0.10439869	0.08906011	0.23810912
0.78939181	-0.21588591	-0.14832676	-0.57811915	0.00925366	0.09333480
0.68589582	-0.25539031	-0.00543083	-0.54757648	-0.02891799	0.03655024
