0.82221165	-0.13410183	0.04442827	-0.45653151	0.09585388	0.04882713
0.89175827	-0.13145693	-0.06203634	-0.42119817	-0.03936004	0.00771400
0.90262443	-0.28322305	-0.15034420	-0.34947522	-0.05831427	0.19740198
0.97636250	-0.17082832	-0.18040702	-0.30249403	0.10583380	-0.15991956
1.18511611	-0.24813694	-0.12863320	-0.32153182	0.26321552	0.21531178
1.34101982	-0.10280261	-0.21002931	-0.39080305	0.06827263	0.04737772
1.30561627	-0.11484495	-0.26103986	-0.51170236	0.21662617	-0.01400066
1.33154603	-0.10832112	-0.02004743	-0.19512919	0.43779790	0.09751261
1.38691456	-0.19662670	-0.02741310	-0.20293816	0.23285488	0.50479977
1.16896412	-0.29841116	-0.06500920	0.17261446	-0.18061764	0.80232291
1.39449543	-0.44456643	-0.27041487	0.16546593	-0.03789127	0.64573892
1.04767606	-0.44038201	-0.67198442	0.20358147	0.39053203	0.50068609
1.04533865	-0.41924393	-0.59688048	-0.01455077	0.54235927	0.33132335
0.87907617	-0.47522390	-0.51548412	-0.08503483	0.45887591	0.28458315
0.75288139	-0.25710390	-0.27733943	-0.57065303	-0.08745026	0.11083226
0.88650024	-0.28445666	-0.34147249	-0.32278172	-0.24101867	-0.16303176
0.96252602	-0.27413498	-0.30722230	-0.22843728	-0.32106420	-0.08517306
0.97531739	-0.30689748	-0.33159165	0.04447626	-0.32854231	-0.15527131
1.14823691	-0.22572191	-0.26162399	-0.23026756	-0.19530062	-0.37251307
1.04062211	-0.34631600	-0.29547342	0.14550667	-0.30774555	-0.49625726
0.87047777	-0.19665755	-0.32378234	0.26613217	-0.26870928	-0.27993470
0.63880061	-0.21271471	-0.23031404	0.11945854	-0.37533623	-0.22765626
0.63350452	-0.12494987	-0.28873042	0.14548704	-0.60250201	-0.39331759
0.81743530	-0.17234305	-0.25236079	0.20429453	-0.41743483	-0.21811511
0.88101104	-0.13498181	-0.14452479	0.43271116	-0.25663205	-0.21609401
0.87903198	-0.10143831	-0.25840352	0.36502502	0.00821793	-0.13620120
0.90532807	0.01181683	-0.25418370	0.43323350	-0.16279461	-0.14496930
0.82416951	-0.06889487	-0.23126895	0.46687869	-0.04795758	-0.15617906
0.95566558	0.01480969	-0.20984000	0.40456670	-0.02551959	0.18066952
0.85871512	0.12089185	-0.19351656	0.41188560	-0.00806735	-0.07227751
0.90430939	0.00054850	-0.28524536	0.21250519	0.22122894	-0.03626527
1.02547408	-0.00671849	-0.24304209	0.36602770	-0.06264205	0.08025703
1.02051725	-0.13497401	-0.15484270	0.26666213	0.10453049	0.01110364
1.15625155	-0.13382672	-0.00302035	0.24886978	0.12968726	-0.50252335
1.25139437	-0.12921137	-0.04582331	0.43393352	0.31461440	-0.42889176
1.17546050	0.09361380	-0.07096787	0.38207185	0.04715065	-0.07166869
1.22441200	-0.04358759	-0.26165317	0.11444675	0.04567109	-0.26815270
1.22789398	-0.10560621	-0.47677476	-0.24756013	-0.23603862	-0.41781764
1.31377187	-0.30750036	-0.55863724	-0.48438824	-0.18726705	-0.60128075
1.08359730	-0.37708942	-0.71973641	-0.14826399	-0.00572023	-0.55357478
0.79018047	-0.40104201	-0.50479808	0.00699934	-0.07788813	-0.68837851
0.77922673	-0.50497593	-0.49607347	-0.09100569	-0.19453165	-0.53802971
0.90543473	-0.41556364	-0.45871138	-0.17278889	-0.26162524	-0.22428401
1.14664682	-0.38180037	-0.42812706	-0.23161949	0.02601713	0.03708260
1.18236262	-0.28070518	-0.37128253	0.10892220	0.50966037	0.11905173
1.27311428	-0.09195240	-0.43844337	0.27561463	0.39804773	0.31554296
1.30057611	-0.01485943	-0.37254781	0.45389526	0.25431528	0.34714787
0.90055330	-0.14095568	-0.25926245	0.11343127	0.30915934	0.58987383
0.79493672	-0.17734942	-0.15451323	-0.11045603	0.19031468	0.26098702
0.72059873	-0.28279643	-0.11095360	-0.31029579	0.14870710	0.30537310
0.81275908	-0.19839652	-0.20658815	-0.29831377	0.22541564	0.42436537
0.71950167	-0.20113272	-0.13988076	-0.33087141	0.20488432	0.61020083
0.82973000	-0.10821726	-0.18524687	-0.17902390	-0.15983280	0.40644907
0.87855288	-0.16676461	-0.22299642	-0.49434053	0.03559279	0.23993678
0.74415730	-0.19836095	0.01680114	-0.44223782	0.15919953	0.24516546
0.64066763	-0.15110067	-0.12451124	-0.32052405	-0.15668843	-0.04693046
0.74960201	-0.09313877	0.02192645	-0.26285355	-0.02907260	0.15081912
0.84214190	-0.16646303	-0.10784465	-0.42185886	-0.40948881	-0.00549049
0.91239204	-0.24431656	-0.27028142	-0.27866745	-0.06802903	0.16742074
1.19541741	-0.11578581	-0.10862558	-0.22002535	-0.07046831	0.03555966
1.33268573	-0.11212549	-0.09730339	-0.04912519	0.21222069	-0.20420675
1.36651554	-0.09916787	-0.22911062	-0.16263571	0.22126653	0.06704047
1.23612539	-0.10010013	0.00001949	-0.18349422	-0.14213569	0.16295739
1.19688842	-0.29673204	0.08202163	0.26239528	0.05511476	0.40656515
1.31590731	-0.22598525	-0.11327058	0.72134244	-0.07690863	0.52742404
1.28929891	-0.48393822	-0.49140740	0.61079164	-0.59861942	0.64690589
1.20936393	-0.53997865	-0.57592274	1.01084809	0.01913918	0.37880434
0.86363269	-0.40601004	-0.58449013	0.47616502	0.37598674	0.45288878
0.79908435	-0.47695545	-0.49069361	0.06559532	1.08328831	0.46421796
0.94779887	-0.16556968	-0.20228808	0.08660593	0.39031019	-0.16423860
1.07720696	-0.16153310	-0.26633002	-0.02901023	-0.10615617	-0.20264201
1.07697811	-0.12821961	-0.36638484	-0.06316534	-0.20703679	-0.12851723
0.89211060	-0.17459556	-0.40124301	-0.24151559	-0.39222520	-0.20740883
0.95117066	-0.18068575	-0.40815430	0.00188086	-0.32043230	-0.27281671
0.93530202	-0.28385798	-0.33826855	-0.00563825	-0.36719880	-0.29695183
0.74243331	-0.27801375	-0.38922832	-0.09205980	-0.13738130	-0.37884384
0.74804750	-0.19660516	-0.23553028	-0.05088641	-0.17105924	-0.20875370
0.67025470	-0.18930311	-0.20844999	0.28604375	-0.50395111	-0.38844439
0.68460886	-0.12276376	-0.34008566	-0.10934051	-0.72334392	-0.11335939
0.69753501	-0.16299781	-0.26385805	-0.18239326	-0.26594144	0.04177567
0.74105739	-0.10721906	-0.14002447	0.38685336	-0.24007940	-0.15822918
0.90074896	-0.07829378	-0.10152339	-0.00309949	-0.06183440	-0.08068168
0.93274761	-0.03695954	-0.19094316	0.24299974	-0.04306191	-0.02653416
0.87280136	-0.07732478	-0.14745963	0.54237085	-0.31702218	-0.14023856
0.87677957	0.13122479	-0.03139655	0.39239049	-0.04327779	-0.03147928
0.87258336	-0.00048939	-0.21450455	0.25047366	-0.17223273	0.08093458
1.07390559	-0.07162458	-0.19248127	0.20296049	-0.19174300	0.31551109
0.99157662	-0.02347262	-0.14406542	0.39739736	-0.10149238	0.11460619
1.23258426	-0.18361997	-0.17449614	0.53294354	-0.06500581	0.00522908
1.32332899	-0.12573526	-0.15607884	0.14981181	-0.13025780	-0.28471098
1.25040760	-0.10504887	-0.24265380	0.51048469	0.01229930	-0.56003022
1.03439818	-0.05044254	-0.16193585	-0.01239035	-0.06841241	-0.39307169
1.09783140	-0.03050739	-0.33701419	0.13955729	-0.03257048	-0.26034819
1.12255000	-0.27764208	-0.54769862	-0.17435410	0.06883368	-0.39139394
1.08032081	-0.32106065	-0.58336155	-0.33627894	-0.03266260	-0.54630157
0.99532939	-0.22155737	-0.69056795	-0.15162785	0.25874702	-0.70454184
0.90634185	-0.18352125	-0.42456690	-0.28413652	-0.47913637	-0.59150176
0.87712293	-0.29296442	-0.45592000	-0.36354089	-0.51713532	-0.57426096
1.08528027	-0.29159184	-0.52497575	0.05132179	-0.14205225	-0.03321397
1.19029804	-0.23940495	-0.46264100	0.18331719	0.23615179	0.44899807
1.35852102	-0.23146542	-0.45885648	0.27616684	0.48241901	0.37504354
1.20997691	-0.18117959	-0.32577365	0.19925267	0.36527515	0.31508554
0.87551969	-0.30754312	-0.18861015	0.08221744	0.17781205	0.07830213
0.81271007	-0.17041557	-0.20663779	0.08320334	0.12491827	0.18985300
0.69383370	-0.13349205	-0.24370121	0.07887529	0.21415821	0.33045208
0.76162238	-0.16443823	-0.20092594	-0.36902208	-0.19394926	0.56029331
0.64471694	-0.14439595	-0.23441134	-0.21386351	-0.11507295	0.29214269
0.74214723	-0.16681988	-0.06465050	-0.61527013	0.18951528	0.44120633
0.81226319	-0.22441861	-0.13315818	-0.40217629	-0.13114577	0.26816249
0.91538668	-0.09568638	-0.22401892	-0.75922569	-0.07907587	0.31848019
0.64825556	-0.11503116	-0.14109738	-0.25279311	-0.04816260	0.14993280
0.65084363	-0.21278821	-0.02585816	-0.17875867	0.02420864	0.07114875
0.83906702	-0.26436175	-0.02817221	-0.27009902	0.14419519	0.16515272
0.93208671	-0.27960438	-0.13356596	-0.03954994	0.42604294	0.13377072
1.07806987	-0.24050637	-0.22654332	-0.27830440	0.20488899	0.08254856
1.10906754	-0.07629221	-0.23183915	-0.36857518	0.00471053	0.16298855
1.21814279	-0.16270649	-0.28396820	-0.14622302	0.13410508	0.17141705
1.27230258	-0.06630342	-0.04819182	-0.19696292	0.14261683	0.06634406
1.28936047	-0.13478936	-0.14055335	0.04029236	0.01371569	0.36127876
1.27606137	-0.27514244	-0.28439159	0.34747136	0.08339885	0.52924986
1.28698963	-0.40647865	-0.48074700	0.38769855	-0.10103819	0.71025686
1.33649516	-0.56418526	-0.52710526	0.34859032	0.34301407	0.66606679
0.87526918	-0.56933421	-0.51420215	0.18011228	0.72336177	0.33531594
0.80311739	-0.44707895	-0.36042963	-0.15973845	0.59202217	0.48722802
0.78388434	-0.22750299	-0.44450205	-0.11199513	0.03284032	0.21167536
0.88019424	-0.17156976	-0.34190856	-0.21881578	-0.58477624	0.13699336
1.09480694	-0.30779701	-0.44587572	-0.01852818	-0.30622629	-0.02018958
1.18767412	-0.19130793	-0.56508845	0.20248319	-0.04550277	-0.18892928
