0.69327382	0.00760664	-0.12878588	0.90553384	0.28496860	-0.23621895
0.89182063	-0.03275818	-0.15554888	0.88748331	0.48067504	-0.24988668
0.55598200	0.01442978	-0.17755567	0.96220543	0.42246234	-0.47819232
0.66718535	-0.04006296	-0.15923666	0.78322063	0.20801666	-0.33034993
0.69798360	-0.00433650	-0.11279800	0.91904397	0.23261000	-0.23792906
0.93476492	0.11445741	-0.07648826	0.85885315	0.25195530	-0.22277081
0.90716320	-0.04655814	-0.29323402	0.81606901	0.92007781	-0.30480909
0.97009222	-0.08839225	-0.18370965	0.44402607	0.20162680	-0.03384038
0.87090699	-0.01208400	-0.31218543	0.37718500	0.45409692	-0.46928746
1.34596451	-0.34013415	-0.33095275	0.23604573	0.18541990	-0.52304746
1.44993625	-0.49817596	-0.42536323	0.15698484	0.42204488	-0.61013158
1.30622646	-0.38051083	-0.30502301	0.19093226	-0.05502266	-0.50475229
1.21041189	-0.36211398	-0.30193560	0.31336328	-0.31818012	-0.39272749
1.64545299	-0.42021161	-0.22954189	0.51406812	-0.09613633	-0.20655353
1.86548768	-0.38138425	-0.28271151	0.56215132	-0.45970939	-0.15771850
1.62635943	-0.25900165	-0.28408239	0.88233004	-0.39029027	-0.08592745
1.58414658	-0.31364490	-0.36128285	0.90086871	-0.62044570	0.10537346
1.34852649	-0.23052517	-0.32741459	0.86709603	0.02143651	0.23678145
1.08060251	-0.17266356	-0.13314702	0.88999380	-0.25700155	0.23448789
0.89329036	-0.20145749	-0.13080656	0.69958918	-0.48227252	0.13109513
0.72019612	-0.18780707	-0.14270875	0.69286349	-0.55698074	-0.15475111
1.11178494	-0.27232878	-0.35059259	0.40577640	-0.54733700	0.00530178
0.88039483	-0.27031822	-0.07807805	0.41400373	-0.13876031	0.11812387
0.82081459	-0.22364618	-0.14141379	0.58891242	-0.46705351	-0.40691744
0.70435945	-0.20069260	-0.22029820	0.47534806	-0.29707835	-0.29562165
0.46773327	-0.08900773	-0.10430790	0.38554486	-0.05484551	-0.46887270
0.32809459	-0.20054149	-0.01695126	0.39109799	-0.20306020	-0.43922792
0.52813513	-0.14578219	-0.19506632	0.37672028	-0.35534437	-0.19106133
0.79079142	-0.19551892	0.02113271	0.28537543	0.20582335	-0.14613615
0.25220302	-0.07985318	-0.03582275	0.39535311	-0.27278533	-0.13576740
0.72420748	-0.15592908	-0.05598894	0.49406482	-0.15921574	-0.42486635
0.58493728	-0.04081461	-0.02372658	0.49352922	-0.21438808	-0.65476022
0.70734056	-0.27771182	-0.18494625	0.46125639	-0.16074550	-0.73297965
0.71193601	-0.12140875	-0.09017773	0.30698466	-0.45362729	-0.49289404
0.60722236	-0.24544315	0.08146061	0.14749033	-0.17032466	-0.36284400
0.92836401	-0.21429325	-0.13160894	0.46282612	-0.16964346	-0.35535932
1.09594451	-0.22345681	-0.15645666	0.79737664	-0.85924296	-0.08411245
1.43807618	-0.51234299	-0.68001858	0.76838670	-1.16576903	-0.00474755
1.59363437	-0.51492002	-0.76211505	1.07054953	-0.28355046	0.27873983
1.47838983	-0.37950729	-0.95211864	0.90960414	0.82697512	-0.00042147
1.59751797	-0.23124636	-0.68222475	0.72124197	0.90075846	-0.24597361
1.96657377	-0.22562727	-0.29228775	0.87025487	0.54744643	-0.78318308
1.58351037	-0.10297290	-0.09413182	0.87750536	0.29752375	-0.76522179
1.33596493	-0.11759623	-0.10026386	0.83746160	-0.23158314	-0.92831972
1.49192933	-0.15064311	-0.45864503	0.60318219	-1.03643355	-0.55982563
1.37515895	-0.15152602	-0.25863777	0.60493211	-0.87695139	-0.21771773
1.19692129	-0.11092585	-0.29860770	0.54334482	-0.81762622	0.13278564
0.99745295	-0.10545205	-0.27178764	0.77803699	-0.38967671	-0.04167449
0.87446042	-0.08335229	-0.17755277	0.66781763	-0.40078227	-0.16785383
0.70892201	-0.08704308	-0.29622697	0.70486355	-0.12046851	-0.11605892
0.57662663	-0.12769657	-0.02627370	0.56880693	-0.74074602	-0.12200979
0.40462945	-0.11856674	-0.16115529	0.60193157	-0.51978804	-0.18947190
0.69767325	-0.18089127	-0.19500642	0.87675197	-0.21517871	-0.25673120
0.57496539	-0.11107844	-0.22857847	1.02858546	-0.42696478	-0.15659881
0.67502822	-0.00858170	-0.03528464	1.00144232	-0.28323914	-0.18418883
0.77246767	-0.18008750	-0.16084576	0.91382597	-0.02630388	-0.11621936
0.79677071	0.03611246	-0.02492519	0.93756629	0.07612238	-0.25081926
0.52478070	0.09936234	-0.15293634	1.11276997	0.03684320	-0.31611814
0.46561320	-0.00607811	-0.13307566	0.84439667	0.19615827	-0.13323040
0.78522438	-0.04669520	-0.04603040	0.66327762	0.41333864	-0.20458098
0.65941827	0.01286782	-0.10726352	0.50078077	0.37924643	-0.25772452
0.97006309	0.11761222	-0.26850294	0.61762871	0.23287585	-0.33089738
0.63584542	0.13783770	-0.30140990	0.43822023	-0.14462303	-0.34531165
0.55568538	0.08197032	-0.40687935	0.41481369	0.29567521	-0.12793927
0.85674870	-0.13705208	-0.33066133	0.30623078	0.80094808	-0.25253808
1.15498833	-0.39153987	-0.36755357	0.21015289	0.28910653	-0.64190207
1.23609252	-0.39049917	-0.29338408	0.05177030	0.03178476	-0.57544816
1.41906239	-0.36469132	-0.33272472	-0.05365931	0.25847096	-0.57675626
1.67583544	-0.45643820	-0.20837957	0.14659792	0.00494015	-0.24097525
1.57425385	-0.33772051	-0.32281034	0.11919654	0.07818453	-0.20054196
1.84853118	-0.35005371	-0.25951185	0.54736191	0.18327498	-0.20193590
1.61332335	-0.43927598	-0.22710484	0.58883290	-0.16723251	-0.30050980
1.69341945	-0.48453701	-0.33685490	0.86424536	-0.67745947	-0.07911265
1.10158639	-0.24978299	-0.07927201	1.02536448	-0.38229813	-0.01580213
1.14449660	-0.18807612	-0.19254187	0.76751047	-0.43770509	0.19865650
0.82112600	-0.10018065	-0.26462911	0.80411105	-1.00332033	0.16488435
0.65765381	-0.14097695	-0.10830622	0.70116093	-0.88261133	0.21940970
0.69128350	-0.11943408	-0.15871139	0.55479705	-0.48345165	0.53672576
0.89062618	-0.09481040	-0.20424418	0.38130629	-0.63508816	0.12616800
0.56562601	-0.13052358	-0.20192714	0.45733468	-0.61364597	0.07066988
0.77610362	-0.27563803	-0.17904269	0.30622737	-0.41388840	0.25761157
0.71122369	-0.06783186	-0.09237270	0.15997891	-0.31487607	-0.22440942
0.59871403	-0.06149732	-0.20279837	0.31854199	-0.18068684	-0.09262409
0.63428023	-0.11127283	-0.06217353	0.30727687	-0.25295444	-0.26930352
0.56797176	0.06177219	-0.01111655	0.06117036	0.52033137	-0.40985591
0.68755113	-0.13987926	-0.02272681	0.11954292	-0.05881112	-0.62409196
0.71952219	-0.03423712	-0.14630825	-0.00552171	-0.07906065	-0.41629542
0.57955244	-0.00235088	0.02367698	0.23811102	-0.00085867	-0.37877036
0.66735524	-0.13233382	-0.09848956	0.05905679	0.08042859	-0.41245194
0.87076006	-0.23765497	-0.07828080	0.11777867	-0.21534159	-0.22911530
1.07642078	-0.27909857	-0.17024518	0.38347777	-0.27139979	0.04379517
0.91986769	-0.32701842	-0.35948332	0.85785724	-1.17801319	0.05340321
0.94971828	-0.49107152	-0.72047973	0.79889118	-0.77545475	0.31098977
1.42907907	-0.45161058	-0.88821778	0.62089447	0.22866117	0.25567696
1.60366594	-0.43485713	-0.56652099	0.63293749	0.65550622	-0.04486520
1.47831591	-0.45974285	-0.27826673	0.59561730	0.23538206	-0.44716563
1.65151235	-0.10439716	-0.40471290	0.54221872	-0.28084659	-0.44503030
1.95807376	0.03084614	-0.28466073	0.34027959	0.16047916	-0.49460947
1.46142319	0.09876477	-0.30402342	0.01648765	0.13790959	-0.18562346
1.59170236	0.00268105	-0.28054754	0.10571836	-0.00665978	0.02534053
1.34603051	-0.07791634	-0.17832852	0.03859411	0.11886661	-0.11481285
1.12007484	-0.25227831	-0.35434357	0.27678717	-0.16788664	-0.15038809
0.93740127	-0.18016283	-0.24698504	0.16722477	-0.20722115	-0.22261204
0.77324238	-0.16612062	-0.08384707	0.34252529	-0.15580971	-0.01235633
0.36335640	-0.18106346	-0.28229995	0.30574013	-0.35181494	0.11048308
0.73843754	-0.20233937	-0.30509068	0.32253369	-0.39785852	0.14356973
0.63579615	-0.13873399	-0.28711495	0.46235563	-0.64024096	-0.03988683
0.70841494	-0.06440628	-0.16146221	0.38587902	-0.44818937	0.06824636
0.59709683	-0.11122392	-0.24394893	0.75115833	-0.45240401	0.04917901
0.62351566	-0.11762407	-0.07547189	0.67808714	-0.09376392	-0.07214131
0.67965043	-0.11096980	-0.25383177	0.63387336	-0.00307757	-0.23740366
0.60171853	-0.12304012	0.02197834	0.62667355	-0.10023262	-0.11537419
0.47998947	-0.12656612	-0.15548467	0.71240076	0.48982705	-0.17926435
0.56240012	-0.08952219	-0.08247590	0.28734399	0.29965362	-0.23504624
0.73304889	-0.06115161	-0.10981404	0.55296865	0.40884280	-0.15367209
0.90420349	-0.00408857	-0.22510885	0.55754227	0.38661404	-0.38965974
0.90190428	0.05967449	-0.10498893	0.52437903	0.39048572	-0.16885078
0.97353571	-0.01297211	-0.05047957	0.52377298	0.03695068	-0.16609410
0.96876265	-0.15758272	-0.35474581	0.04001665	0.10766452	-0.15364993
1.02391944	-0.30577003	-0.47045898	-0.19594566	-0.26204079	-0.16821357
1.14207410	-0.28698615	-0.44875911	-0.58105821	-0.31321069	-0.71934977
1.57585536	-0.28202119	-0.45037330	-0.24847925	0.15421447	-0.42792256
1.44973081	-0.37959209	-0.37162926	-0.17415664	0.16927163	-0.26009742
1.85690611	-0.65456135	-0.46773893	-0.00957448	-0.27946555	-0.12455872
1.78599314	-0.46782272	-0.23088200	0.20784642	0.08190576	-0.24222609
1.73392573	-0.52301774	-0.34112015	0.29498243	-0.41371360	-0.07866495
1.28135767	-0.35608192	-0.21838582	0.67807813	0.30861948	0.08540551
1.45020408	-0.35605987	-0.26014740	0.74923083	0.20341262	-0.13337152
