1.01817180	0.08065972	-0.07978989	-0.03068827	-0.01599127	-0.01731896
1.01644603	0.08433349	-0.07515526	-0.06118652	0.00098265	-0.01145317
1.02490724	0.07693201	-0.07803773	-0.05641825	-0.01122890	0.00072115
1.02063472	0.07812690	-0.08497193	-0.05109014	-0.01504610	-0.00712904
1.01869775	0.08012011	-0.07784486	-0.03625329	0.02278324	-0.00188832
1.01567117	0.08152146	-0.07443390	-0.02955564	-0.00707283	-0.00611880
1.01584147	0.07967706	-0.06982837	-0.02081379	0.02619078	-0.00117380
1.01608500	0.08347485	-0.06647595	-0.06041400	0.00912585	-0.01351521
1.01463707	0.07744305	-0.07501114	-0.03727540	-0.00413516	-0.01016704
1.01890223	0.08220896	-0.07310673	-0.02411479	0.00983977	0.01146865
1.02321777	0.08141751	-0.07734573	-0.03848281	-0.00763114	0.00176999
1.02583909	0.08281668	-0.08259429	-0.02697789	0.01455295	0.01974800
1.02306593	0.07850573	-0.08865726	-0.00969613	0.04162813	-0.00506206
1.01707107	0.08007573	-0.07579053	-0.00214006	0.06228608	0.00057594
1.01442312	0.07734684	-0.07339816	-0.03346172	0.00608303	0.00046452
1.01869166	0.08255263	-0.07042047	-0.05747826	0.02949099	0.00949252
1.02143357	0.08220271	-0.06494186	-0.02271651	0.04847409	0.02330721
1.02491434	0.08129055	-0.06907565	-0.01521806	0.05369400	0.00263466
1.02306750	0.08065815	-0.07052851	-0.02507219	0.03788244	0.01228416
1.01860324	0.08156789	-0.06814531	-0.04683120	0.03992289	0.02827216
1.01719543	0.07523348	-0.06475975	-0.05246070	0.05828274	0.02394274
1.01142825	0.08204099	-0.07359811	-0.02156783	0.01567298	0.01591058
1.01512473	0.08431118	-0.07568091	-0.03434599	0.03493795	0.03271095
1.02516441	0.08224183	-0.06939802	-0.02053318	0.04406186	0.02156125
1.02357680	0.08259441	-0.06148524	-0.03789403	0.04419663	0.04557376
1.01908396	0.07924376	-0.05230252	-0.01685740	0.02820826	0.01368079
1.01609562	0.07497043	-0.06634718	-0.04653388	0.02538892	0.01953450
1.01033043	0.07968109	-0.05805708	-0.02055257	0.01090495	0.00593251
1.01139452	0.07573854	-0.05090666	-0.01791526	-0.02721279	0.00418177
1.01423194	0.08064839	-0.06177316	0.00471331	-0.00263275	-0.00542339
1.01884503	0.07895165	-0.05716679	-0.03277633	-0.02932805	0.00596044
1.01996316	0.07277424	-0.04844484	-0.00658445	-0.06848087	-0.01608797
1.01638844	0.07281921	-0.05822659	0.00738946	-0.05976103	-0.02728053
1.01606667	0.06965266	-0.05221220	0.00862279	-0.11253277	-0.03273969
1.01389659	0.08008111	-0.06685842	-0.01432032	-0.06845250	-0.03938470
1.01634599	0.08499971	-0.06333172	0.03202608	-0.08724922	-0.04786276
1.01602004	0.08144973	-0.05790822	0.04081303	-0.08332022	-0.04736326
1.01468548	0.08349632	-0.06124556	0.03913914	-0.10029166	-0.05325220
1.01425063	0.08314160	-0.06042066	0.04148283	-0.10422068	-0.04215642
1.01214094	0.08280243	-0.06315125	0.05402524	-0.14743514	-0.06158745
1.00780279	0.08504386	-0.06010375	0.05839669	-0.12511190	-0.04639277
1.00767082	0.07860678	-0.06969415	0.05769596	-0.10421992	-0.04373061
1.01515111	0.08072718	-0.06367781	0.06975181	-0.15483676	-0.05648183
1.01177188	0.07936608	-0.06556659	0.07211765	-0.15120729	-0.04328082
1.01847901	0.08463166	-0.06503913	0.05939293	-0.14528276	-0.05131571
1.01198588	0.08295767	-0.08011527	0.05733766	-0.10759685	-0.06284742
1.01380715	0.09149057	-0.08570529	0.07089298	-0.15880952	-0.04079733
1.01428640	0.09375098	-0.07846400	0.05892275	-0.11931958	-0.04437890
1.02224039	0.08523588	-0.08678100	0.07907820	-0.09537983	-0.04572733
1.02488447	0.08860748	-0.09641553	0.06399218	-0.13484582	-0.02771161
1.02380570	0.08479735	-0.10094818	0.05213376	-0.05559298	-0.03190045
1.02195285	0.08463488	-0.09596406	0.04498969	-0.06024008	-0.02897228
1.02786609	0.08545826	-0.09500390	0.05835557	-0.05283966	-0.00341673
1.02567622	0.07642312	-0.08123189	0.03725334	-0.01436300	-0.02494114
1.02022293	0.07583562	-0.08105430	0.07963743	-0.01841200	-0.00367432
1.01495787	0.07668037	-0.07673779	0.08639474	-0.00321069	-0.01422156
1.01625414	0.07301805	-0.07892771	0.08371312	-0.02414371	-0.02902961
1.01829292	0.07211368	-0.07726474	0.09941508	-0.01242160	-0.00872459
1.01673141	0.07733980	-0.08081290	0.08264063	-0.01727956	-0.02166344
1.01879039	0.08023272	-0.06449772	0.10955609	-0.00282478	-0.01771035
1.01816979	0.08275878	-0.08273207	0.08558899	-0.00987319	0.00409158
1.02018550	0.08452718	-0.07354441	0.08455724	0.01596004	0.00635077
1.01484796	0.08146477	-0.06560265	0.06593036	0.00540026	0.01972985
1.01852710	0.08745691	-0.08330651	0.03895359	0.03171891	0.02043717
1.01556271	0.08354706	-0.07686469	0.04930969	0.00030858	0.02059192
1.01476993	0.08355525	-0.08512791	0.03278658	0.02221762	0.03311167
1.01320445	0.08548311	-0.07961937	0.04218390	0.00660991	0.00531460
1.01418549	0.08556267	-0.08586005	0.02075465	0.00598482	0.00087631
1.01751027	0.08095063	-0.08041052	0.03443713	-0.00747904	-0.00681779
1.01400029	0.08091599	-0.08824635	0.04586053	-0.01328513	-0.01143951
1.01666718	0.07699281	-0.08014415	0.06585032	0.02351144	-0.00022364
1.01386464	0.07399015	-0.08722608	0.08071116	-0.02091840	-0.00137225
1.01600361	0.07741455	-0.08346488	0.03494798	0.00498144	-0.01922195
1.01201225	0.07501215	-0.07676490	0.06521415	-0.01375998	-0.00967791
1.01682298	0.07939819	-0.08499144	0.06681017	0.00723958	-0.02167312
1.01674500	0.08086453	-0.09801853	0.06076962	-0.05730577	-0.02295636
1.01588923	0.08744481	-0.09523774	0.03891650	-0.02688193	-0.02758488
1.01416479	0.08790734	-0.08900890	0.06558176	-0.02506580	-0.00838808
1.00853874	0.08455791	-0.08968398	0.02801272	-0.01377789	-0.01254185
1.01415214	0.08039571	-0.08954512	0.00825394	-0.01854460	-0.01046545
1.01824095	0.08341169	-0.08865959	0.03597985	-0.00819942	-0.02312640
1.01568281	0.08379216	-0.07996847	0.03592922	0.00191376	-0.01900946
1.01612444	0.08245892	-0.08929326	0.00434271	-0.03266428	0.01573508
1.02123149	0.07676585	-0.07882087	0.04679929	-0.02231558	0.00089850
1.01674996	0.07042628	-0.08358559	0.03572030	-0.02303220	-0.01414880
1.01710087	0.07339180	-0.08602958	-0.00794921	-0.04529339	0.00145623
1.01828608	0.07730058	-0.07837915	0.01157298	-0.01303953	-0.01101978
1.02318422	0.07733811	-0.07710289	0.02641218	-0.01386689	-0.00688704
1.02062238	0.07038847	-0.08800567	0.00466492	0.01116522	0.01402787
1.01954008	0.07078827	-0.09132701	0.02304501	-0.03252174	-0.02424030
1.01891521	0.07744436	-0.08777775	0.03353972	0.01002726	-0.00418429
1.01824916	0.08045798	-0.09078331	0.04614455	-0.00354616	-0.00918501
1.02076961	0.08038356	-0.08621228	0.02165689	-0.01445927	0.00579625
1.01835137	0.08527803	-0.08450782	0.03998528	0.03113199	-0.01209929
1.01324216	0.08729124	-0.08493875	0.03721028	0.04644914	0.01618290
1.01439122	0.08670617	-0.09100184	0.04974048	-0.01236675	0.01948791
1.01650547	0.08851247	-0.08962202	0.02550030	-0.00118352	0.01606052
1.00962913	0.08682368	-0.08538030	0.02062784	0.00522241	0.00879495
1.01395417	0.07983017	-0.09545696	0.00758572	0.05709307	0.00911460
1.01368248	0.07916267	-0.09338557	0.02212829	0.01266207	0.00430077
1.01213474	0.08264148	-0.09415036	0.05467126	-0.03466322	0.00767956
1.01273070	0.07687652	-0.08845971	0.05654122	-0.02679869	0.01255045
1.01358086	0.07380497	-0.08561586	0.01305691	-0.00992743	0.01846816
1.01577112	0.07656739	-0.08498522	-0.00914186	0.00847642	-0.02400500
1.01625577	0.07527534	-0.07573875	-0.01201564	-0.01685341	-0.00059171
1.01422143	0.07994835	-0.07550194	-0.00473945	-0.01138579	0.01486555
1.01311903	0.07584134	-0.06685163	-0.02370939	-0.03740796	-0.00765209
1.01661352	0.07487804	-0.07624709	-0.03323593	-0.00138885	-0.01323035
1.01782468	0.07450127	-0.08026668	-0.01836965	-0.00306990	-0.01569771
1.02203565	0.07753843	-0.08960592	0.00165884	-0.03216944	-0.01525255
1.02375557	0.08065889	-0.08155572	0.01273615	0.01114319	0.00208755
1.02140533	0.08066082	-0.09074375	0.00867696	-0.00551756	-0.00050695
1.02100394	0.08195644	-0.08959083	0.03704853	0.02178194	0.00341305
1.01983038	0.08120122	-0.08820931	0.03161798	0.02525983	-0.01116618
1.01548071	0.08458038	-0.09102848	0.03693056	0.03175400	0.00007353
1.01699500	0.08198734	-0.08684231	0.03121827	0.01794472	0.00711908
1.02071066	0.07737580	-0.08760888	0.01807350	-0.00495618	0.00027297
1.01365125	0.08022963	-0.08810717	0.02499102	0.01123331	-0.00538941
1.01158480	0.08133690	-0.08924611	0.03948228	0.01837693	-0.00111260
1.01636876	0.08654143	-0.09473522	0.03277169	0.00493191	-0.00864276
1.01702646	0.08481961	-0.08978973	0.02088508	0.01426929	-0.00157546
1.02135678	0.08446119	-0.07908893	0.01646293	-0.01328321	0.00481546
1.01866859	0.08524775	-0.09217118	0.02188417	0.01845085	-0.00962269
1.01287397	0.08549150	-0.10121627	-0.00537740	-0.02484661	0.00969233
1.01543556	0.09176673	-0.09435381	0.00150886	0.01437651	-0.02109455
1.01353863	0.08777527	-0.09480048	0.00205865	0.01476045	0.00368210
1.01231859	0.09222652	-0.09938760	0.01596743	-0.00746019	0.00269840
1.01740840	0.09362045	-0.10064045	-0.00888265	0.02277490	0.00878171
