1.01770899	-0.06056771	0.13296963	0.00893566	-0.01517611	0.00609124
1.01766951	-0.05683039	0.13898182	0.00830978	-0.02944192	0.00280113
1.01754448	-0.06075156	0.13928380	0.01449180	-0.01758653	0.01141254
1.01301267	-0.05770346	0.13433683	0.01223913	-0.02989041	0.00732710
1.01611297	-0.06193137	0.14024355	0.00857917	-0.02201110	0.00794626
1.01364429	-0.05924091	0.14251199	0.00951277	-0.02140202	0.00306669
1.01622138	-0.05702696	0.14481821	0.00562497	-0.01644913	-0.00161720
1.01928560	-0.05691519	0.13533125	0.00355612	-0.02982430	-0.00556208
1.01916621	-0.05339693	0.13331410	-0.00106315	-0.02276571	-0.00110335
1.01653468	-0.05739327	0.12969245	0.00731673	-0.01760594	-0.00028501
1.01227572	-0.05237751	0.12940579	0.00449703	-0.01577463	-0.00159520
1.01305724	-0.05603392	0.13303252	0.00856783	-0.01856134	-0.00455019
1.01779817	-0.05495713	0.12498170	0.01562111	-0.01147167	0.00041624
1.00858657	-0.05956502	0.13279910	0.01356146	-0.01045546	0.00343933
1.01741601	-0.05479357	0.13393312	0.00908521	-0.00286309	0.00775782
1.01972696	-0.05539118	0.13910881	0.01395130	0.00368009	0.01127556
1.01911446	-0.05477996	0.13519066	0.01163094	0.00801438	0.00124936
1.01659727	-0.05589506	0.13885555	0.00558727	0.00405966	0.01211179
1.01523151	-0.05802928	0.13786378	0.00766048	0.01368630	0.01414878
1.01252035	-0.05902484	0.14352697	0.00893829	0.01857334	0.01040932
1.01472339	-0.06339703	0.14052903	0.00361620	0.00687901	0.00912004
1.01723479	-0.06713556	0.14397097	0.00804790	0.01677236	0.01080124
1.01668811	-0.06115106	0.14959690	0.00037664	-0.00511995	0.01493848
1.01302192	-0.05955523	0.14811765	0.00344751	-0.01654839	0.01460877
1.01279848	-0.05865914	0.14178726	0.01197738	-0.01615930	0.01449111
1.01617796	-0.06606839	0.13806913	0.00839829	-0.01543743	0.01462040
1.02013491	-0.06502392	0.13644535	0.00272406	-0.02536427	0.00469857
1.01284814	-0.06447714	0.15114544	0.00813158	-0.01914713	0.00019137
1.01254206	-0.06108008	0.16015622	0.01431230	-0.01973334	-0.00144453
1.01342284	-0.06213831	0.14667593	0.00764077	-0.01218138	-0.00560855
1.01716639	-0.06733822	0.13272449	0.00255007	-0.01957143	-0.01172417
1.01919655	-0.06552140	0.13509599	0.00533465	-0.02598500	-0.00638054
1.01361761	-0.06103084	0.14628875	0.00820302	-0.02792646	0.00011644
1.01724909	-0.05859903	0.14896323	0.01127433	-0.04019081	-0.00231415
1.01357006	-0.05793618	0.15075833	0.01086485	-0.02731151	-0.00122985
1.01435130	-0.05319654	0.13102304	0.01688237	-0.02121731	-0.00616056
1.00793738	-0.05237118	0.13995735	0.01829527	-0.00994486	-0.00821500
1.01181374	-0.05493181	0.14412678	0.01992414	-0.00946748	-0.01308609
1.00894162	-0.06251741	0.14679444	0.01426794	-0.00530091	-0.00059449
1.00856101	-0.06513827	0.14700466	0.01206580	-0.04096304	-0.00305698
1.00813698	-0.06349042	0.14034652	0.00320566	-0.03489837	-0.00529326
1.02146311	-0.06377134	0.14054897	-0.00780141	-0.03591024	-0.00040735
1.02567457	-0.05969589	0.14798860	-0.00967872	-0.03328371	0.00518705
1.01927240	-0.06280777	0.14343622	-0.00285740	-0.02976474	-0.00382038
1.01371795	-0.06102417	0.14626967	0.00577361	-0.03197088	0.00253280
1.00828782	-0.05809638	0.14446813	0.01182121	-0.03515857	-0.00066670
1.01155256	-0.05909092	0.15293278	0.00990655	-0.02929488	-0.00194408
1.01517503	-0.06469122	0.13881136	0.00181086	-0.03862629	-0.00926166
1.01660616	-0.06367822	0.13377164	0.00991004	-0.03023160	-0.00960135
1.01480445	-0.06215468	0.13474072	0.00583614	-0.03118334	-0.00438337
1.01356124	-0.06278360	0.13615915	0.00762234	-0.04216418	-0.00334675
1.01894399	-0.06474223	0.13631495	0.00744097	-0.03699144	-0.01046758
1.01739881	-0.05762623	0.14091956	0.00501579	-0.03566344	-0.01066348
1.02231569	-0.06570007	0.13711710	0.00778858	-0.02660485	-0.01037586
1.01963192	-0.06155628	0.13555779	0.00994601	-0.01745463	-0.00707017
1.01833150	-0.05735244	0.13593422	0.00523524	-0.02180462	-0.00482770
1.02077168	-0.05429237	0.13387157	0.00417703	-0.01423121	-0.00181147
1.01426223	-0.05201684	0.13528700	0.00889426	-0.00739446	-0.00704530
1.01425021	-0.05491513	0.13478444	0.01253582	-0.01216200	-0.00607389
1.01309707	-0.05730908	0.12166008	0.01121922	-0.01510712	-0.00828181
1.01597474	-0.05866214	0.14083035	0.00927224	-0.03325193	0.00291166
1.01868638	-0.05939913	0.14499526	0.00597805	-0.02137377	0.00166023
1.01655371	-0.06091754	0.14317774	0.01248993	-0.01331489	-0.00991756
1.01540822	-0.06196223	0.14797320	0.01506077	-0.01558806	-0.01597037
1.01382856	-0.05841296	0.13485553	0.01529816	-0.00773487	-0.00845464
1.01290298	-0.05467356	0.13755289	0.01807243	-0.00379552	0.00073483
1.01612101	-0.05481254	0.13985969	0.01802718	-0.00271364	0.00008944
1.01681983	-0.06197949	0.14493745	0.01251452	0.00444464	0.00261741
1.01894219	-0.06416731	0.13530273	0.01837309	-0.00144566	-0.00125428
1.01693994	-0.05829916	0.14076566	0.01137122	-0.01830561	-0.00402916
1.01457868	-0.06103507	0.13881474	0.01577277	-0.01015637	-0.00033260
1.01431565	-0.05487775	0.14227850	0.01653068	-0.00834297	0.00428512
1.01919543	-0.05588319	0.12959762	0.00661153	-0.00589605	-0.00170076
1.01640109	-0.05212235	0.12558578	0.00574914	-0.01363203	-0.00105011
1.01745385	-0.06278934	0.13820880	0.01138274	-0.01309409	-0.00656057
1.01577459	-0.06547278	0.12703669	0.01391541	-0.00740367	-0.00574878
1.01544993	-0.06088351	0.13091833	0.01416270	-0.00643842	-0.01177348
1.01593007	-0.06128445	0.12579328	0.01309629	-0.00157602	-0.00729339
1.01798361	-0.05875121	0.13417976	0.01253230	-0.00481469	-0.00096087
1.01428863	-0.05914281	0.14010561	0.01070257	-0.00674435	-0.00437632
1.01247064	-0.06194095	0.13574159	0.00791649	-0.01718538	-0.00411337
1.01513091	-0.06760673	0.13468636	0.01516559	-0.02133085	-0.00357558
1.01619836	-0.06387123	0.11848380	0.01374398	-0.02090791	-0.00223990
1.01865621	-0.06310951	0.13088108	0.01327356	-0.00200686	-0.00195327
1.01436613	-0.05994004	0.14080232	0.01419074	-0.00516430	0.00465652
1.01771916	-0.05189842	0.14535847	0.01443443	-0.00949553	0.00398096
1.01940830	-0.05039390	0.13880516	0.02009302	-0.01920664	-0.00175381
1.01874743	-0.05642059	0.14169880	0.01350055	-0.00498548	-0.00453000
1.01794168	-0.05586473	0.14347445	0.01074633	0.00198983	-0.00174573
1.01101355	-0.06258774	0.13837017	0.01299610	0.00535013	-0.00100289
1.01525974	-0.05926574	0.14187843	0.00256301	0.00583381	0.00125583
1.01007305	-0.05901953	0.14111193	0.00720537	-0.00522621	-0.00456766
1.01126640	-0.05953472	0.14188687	0.00840405	-0.00438569	0.00242946
1.01616432	-0.06407033	0.13428948	0.01198700	-0.00536732	0.00732848
1.01974475	-0.05978720	0.13414258	0.00997379	-0.00481219	0.00385195
1.01999371	-0.06414177	0.13601787	0.01408372	-0.00612752	0.00106998
1.01649378	-0.06405328	0.13188850	0.01526637	-0.00183877	0.00125015
1.01628695	-0.05836938	0.12682395	0.01042521	-0.00238098	-0.00150878
1.01397169	-0.05628595	0.12979595	0.01040792	-0.00234690	0.00059035
1.01031289	-0.06185952	0.12661490	0.00792476	-0.00416592	-0.00336923
1.01362378	-0.05719127	0.13302784	0.00830485	0.00622802	-0.00360821
1.01108824	-0.05938526	0.13421199	0.01454837	0.00220365	-0.00168114
1.01299789	-0.06071153	0.13739111	0.01591777	0.00889520	-0.00095953
1.01663111	-0.06484358	0.14102151	0.01663242	0.00956763	-0.00652697
1.01938225	-0.06444373	0.13887015	0.01435214	0.00015369	-0.00703380
1.01700569	-0.06401334	0.14273210	0.00561577	-0.00276299	-0.00264631
1.02011794	-0.05829860	0.14398064	0.00642849	0.00338239	0.00187131
1.02167979	-0.06152378	0.14099847	0.00731036	0.00664818	-0.00495075
1.01544471	-0.06141513	0.14381180	0.00654546	-0.00087024	-0.00860155
1.01423845	-0.06320745	0.14246330	0.00651754	0.00027293	-0.00659457
1.01784076	-0.06230941	0.13740792	0.00765290	0.00279633	-0.00607234
1.02113611	-0.06064971	0.13676113	0.00850694	-0.00274633	-0.00329807
1.01874856	-0.06453463	0.14156304	0.01139703	-0.00255361	-0.00040906
1.01925556	-0.06674726	0.13805300	0.01152578	0.00513628	-0.00732495
1.01930989	-0.06290386	0.13751651	0.01104806	-0.00300070	-0.00031615
1.01920096	-0.05799631	0.13841509	0.00495439	0.00440050	-0.00546205
1.01796663	-0.05945892	0.14143414	0.00616786	-0.00601117	-0.01072025
1.01689287	-0.05567915	0.13578702	0.00099775	-0.00485255	-0.00286279
1.01616983	-0.05468964	0.13559271	0.00148408	0.00147928	-0.00240917
1.01826643	-0.05822263	0.13842137	0.00634304	0.00306378	0.00031705
1.01457915	-0.05836076	0.13425629	0.01144440	0.00676604	-0.00221291
1.01648712	-0.05974232	0.14150105	0.01717860	0.00958877	-0.01163685
1.01542645	-0.06083291	0.13568422	0.01172390	-0.00289631	-0.00317273
1.01627475	-0.06220678	0.14307384	0.00638708	-0.00336352	0.00067820
1.01549025	-0.05940591	0.14150483	-0.00156613	-0.00877110	-0.00016368
1.01873386	-0.05864414	0.13680853	0.00122412	-0.00444430	-0.00408174
1.02024426	-0.05460066	0.13975855	0.00360331	-0.00632685	0.00049179
1.02121858	-0.05435573	0.14228661	0.00798555	0.00214907	0.00613957
