0.10037791	-0.45273135	0.88220224	-0.04770881	-0.15534773	-0.04643967
0.10937706	-0.45285137	0.87794575	-0.05248552	-0.14288406	-0.04907675
0.10708419	-0.45226240	0.87916960	-0.03595566	-0.12409943	-0.04381472
0.10907913	-0.45526017	0.87899253	-0.03370951	-0.09964547	-0.03920971
0.10451721	-0.45705761	0.88187173	-0.02433622	-0.08168313	-0.03774100
0.10440223	-0.46188199	0.88450801	-0.01448625	-0.10642457	-0.04960446
0.10809452	-0.45769582	0.87849551	-0.01891601	-0.09056575	-0.04944804
0.12505429	-0.46073695	0.88148926	-0.02868050	-0.06869691	-0.04244896
0.11213877	-0.45547339	0.88294895	-0.02461953	-0.05347870	-0.03719144
0.10700907	-0.45421736	0.87996804	-0.01734797	-0.05009966	-0.03978164
0.11274658	-0.45028782	0.88098627	-0.00483869	-0.08084360	-0.03948422
0.11002514	-0.45600051	0.87674480	-0.02261414	-0.03706029	-0.03718356
0.10276501	-0.45431865	0.87883869	0.00134369	-0.08962233	-0.03422074
0.11092851	-0.45060095	0.88184601	-0.01228603	-0.08169054	-0.04252078
0.10572000	-0.44846989	0.88475351	-0.00119794	-0.07907634	-0.03592826
0.10229474	-0.45200576	0.88954195	-0.01968423	-0.07799690	-0.03654126
0.10572243	-0.45849110	0.88840280	-0.01439385	-0.06015159	-0.03643870
0.09523034	-0.45610390	0.88943929	-0.02656796	-0.06053967	-0.03625373
0.09926412	-0.45445845	0.88216083	-0.02103647	-0.05974544	-0.02889804
0.10506852	-0.45614373	0.87876748	-0.01517379	-0.08368411	-0.02727173
0.10466277	-0.44935552	0.88159181	-0.02776447	-0.05295001	-0.02574912
0.09311835	-0.44931469	0.88660004	-0.02293919	-0.05567281	-0.03080348
0.10432055	-0.44640571	0.88453757	-0.02520460	-0.07432450	-0.02684386
0.10888284	-0.45778407	0.88516529	-0.00989960	-0.10788905	-0.02964461
0.11001093	-0.46001225	0.87980258	-0.01695676	-0.07492735	-0.02623478
0.10983573	-0.45174916	0.87500375	-0.02017755	-0.04487417	-0.01817563
0.10295351	-0.45613542	0.87951415	-0.01955240	-0.07133970	-0.02509406
0.10718201	-0.45836050	0.87862278	-0.01603374	-0.07081866	-0.02214712
0.10519923	-0.46255112	0.88039629	-0.00774178	-0.03757544	-0.02006947
0.09415082	-0.46164065	0.88322356	-0.01409213	-0.06726312	-0.01854672
0.09748011	-0.45534983	0.88049771	-0.01093199	-0.01548679	-0.01884558
0.10478712	-0.45964681	0.87679967	-0.00168434	-0.05174760	-0.01647433
0.09638115	-0.45774268	0.88071479	-0.02914036	-0.05118038	-0.01745268
0.10212381	-0.45866870	0.87640296	-0.01498613	-0.04780277	-0.02910400
0.10148133	-0.45591089	0.87769115	-0.01397235	-0.07606549	-0.03218424
0.10524518	-0.45093523	0.88290260	-0.01552076	-0.00036619	-0.01966509
0.10775484	-0.45504105	0.88830353	-0.01678615	-0.04323764	-0.02881205
0.10898549	-0.45800214	0.89555070	-0.00708421	-0.04875355	-0.01418455
0.10699241	-0.45341510	0.88456600	-0.00397535	-0.04695205	-0.02510262
0.11027114	-0.45337487	0.87038212	-0.01356459	-0.03331793	-0.02135492
0.10405446	-0.45847939	0.87260960	-0.01844079	-0.03847862	-0.00670603
0.10730140	-0.45715178	0.87954725	-0.00900692	-0.01242046	-0.01304055
0.10748388	-0.45215784	0.87626387	0.00328055	-0.01579979	-0.01968943
0.09728480	-0.45092723	0.87637683	0.00783545	-0.00295075	-0.00533518
0.10159705	-0.45032333	0.87645054	-0.00117050	-0.00586089	-0.00277923
0.10183728	-0.45092341	0.88228927	-0.00195900	0.03156358	-0.01319445
0.09910484	-0.44809100	0.87876426	-0.00757948	-0.00341297	-0.01463273
0.08943851	-0.45440630	0.87764729	0.00144430	0.01258281	-0.01281612
0.09060827	-0.45635614	0.88880358	-0.00300431	-0.00138804	-0.00569345
0.09386399	-0.45388964	0.88802734	-0.00649357	0.00026741	-0.01876264
0.09766610	-0.45468174	0.88816764	-0.00409441	-0.01841156	-0.01804851
0.09674559	-0.44650970	0.88681262	-0.01493762	-0.02082832	-0.01448965
0.09204969	-0.45251710	0.88525872	-0.02283526	-0.02851426	-0.02119351
0.09795016	-0.44905812	0.88371330	-0.00817579	-0.02292567	-0.02261821
0.09952289	-0.45607989	0.88142912	-0.00750374	0.00006580	-0.01679555
0.09323052	-0.45185253	0.87887743	0.00158091	-0.00773937	-0.01584116
0.09953130	-0.44853027	0.87934444	-0.00714621	0.00532693	-0.00788019
0.10083555	-0.45172901	0.88319691	-0.00434794	0.02539459	-0.00634561
0.08992818	-0.45140429	0.88076208	-0.00559333	-0.00501213	-0.01391243
0.09179817	-0.44999197	0.87940108	-0.00385158	0.00359892	-0.01538208
0.09234484	-0.45110186	0.88156331	-0.02149225	0.03327347	-0.00919724
0.08180830	-0.45398764	0.88663255	-0.00580422	0.00823571	-0.01542994
0.08566050	-0.44898028	0.88206971	0.00613671	-0.02791789	-0.00956521
0.08919920	-0.44470467	0.88424154	-0.01553932	0.01909401	-0.01791684
0.09453301	-0.44789696	0.89250522	-0.00835027	-0.01504904	-0.01462661
0.09495103	-0.45132694	0.89159832	-0.01987921	-0.02021023	-0.01740015
0.08350814	-0.44658197	0.88562126	-0.00409793	-0.04439106	-0.00386995
0.09413629	-0.44455153	0.88314171	-0.00973540	-0.01559680	-0.00789359
0.09215575	-0.44902033	0.87999695	-0.01189986	-0.00087307	-0.02003920
0.09399381	-0.44825145	0.87969256	-0.00811219	0.00950224	-0.00756841
0.08668406	-0.44325660	0.89062448	-0.01478714	-0.01843744	-0.00654569
0.08801521	-0.44602011	0.89160247	-0.01277506	-0.01633708	-0.01123420
0.09003658	-0.44978349	0.88978323	-0.00907738	0.00182512	-0.01446417
0.08158202	-0.44717185	0.88849628	-0.01616164	0.01321670	-0.02125368
0.09346177	-0.45275001	0.88423500	-0.01820241	-0.00655098	-0.01850516
0.08582918	-0.44669495	0.89008178	-0.01037411	-0.00110943	-0.00809541
0.08923935	-0.44706662	0.88490483	-0.02321774	-0.01205396	0.00212779
0.08856383	-0.45210631	0.88490484	-0.01201627	-0.02851237	0.00548243
0.07720988	-0.44729848	0.88375314	-0.00866298	-0.04477115	-0.00485698
0.08762307	-0.45324717	0.89097377	-0.00678482	-0.04394977	0.00047613
0.08974247	-0.45188325	0.88486116	-0.02086474	-0.05530631	-0.00488863
0.08588235	-0.44769516	0.88767862	-0.01433362	-0.02191889	-0.00698983
0.08659295	-0.44608454	0.88705895	-0.02691350	-0.02172791	-0.00788424
0.08089994	-0.44842369	0.89335534	-0.02009476	-0.00908591	-0.00066786
0.08853953	-0.44901722	0.88903558	-0.01683050	-0.00621515	-0.00032689
0.08781195	-0.44586619	0.88525590	-0.01236605	0.00983754	-0.00900840
0.08566600	-0.44581482	0.88745868	-0.01907535	-0.02084936	-0.00262577
0.09133585	-0.44484767	0.89017268	-0.02439703	0.01002903	-0.00102828
0.08316503	-0.44852967	0.88601649	-0.04096500	-0.02717135	0.00121567
0.09017549	-0.45412879	0.88597651	-0.01113923	-0.00947715	0.01018081
0.07947684	-0.44586147	0.88627389	-0.00962102	0.01754629	0.00295390
0.07234383	-0.44975029	0.89442136	-0.00065418	0.03539939	0.01033337
0.07882509	-0.44348914	0.89792731	-0.00127194	-0.00078128	0.00889003
0.08131079	-0.44123922	0.89441011	-0.00609675	-0.00267897	0.00322176
0.07562106	-0.43986929	0.89216462	-0.02980298	-0.02862068	-0.00422068
0.08389076	-0.44394085	0.89154430	-0.02200868	0.00550400	-0.00945959
0.07769860	-0.45391235	0.89192625	-0.00954876	0.02642883	0.00035823
0.08012480	-0.44810339	0.88963751	-0.00728281	0.02102378	-0.01014172
0.07972378	-0.44320844	0.89311248	-0.01194366	-0.02116261	-0.00347474
0.09307332	-0.44725380	0.88948090	-0.01868978	0.00616960	-0.00192289
0.08964406	-0.44007891	0.88275992	-0.00849430	-0.00911946	0.00097541
0.08995287	-0.44615723	0.89019969	-0.01715885	-0.01781104	-0.00186111
0.08448822	-0.44365392	0.89176185	-0.01115604	0.01760030	-0.00822336
0.08898377	-0.44565821	0.89749380	-0.01536662	-0.00612115	0.01583721
0.07873114	-0.44285487	0.88583114	0.00178709	0.00455429	0.01244257
0.08625906	-0.44601712	0.88156488	-0.00611724	0.00560252	0.00430324
0.08109560	-0.44775639	0.87849883	-0.00056450	0.01189600	0.00777744
0.07368943	-0.44870034	0.87475558	-0.02526057	-0.02925704	-0.00100063
0.07985181	-0.45045559	0.88798888	-0.00938564	0.00653396	-0.00061750
0.08584165	-0.44611995	0.89452911	0.00102713	-0.00828253	0.00498288
0.08211348	-0.44991914	0.89401367	-0.00398927	0.00387301	-0.00412623
0.08314287	-0.44639132	0.89281051	0.00216900	-0.01480830	-0.00016574
0.07988326	-0.44055519	0.89435991	-0.00454780	0.00014930	-0.00024907
0.07833972	-0.43810844	0.89223058	-0.00927658	-0.02516381	-0.00803834
0.08447560	-0.44122077	0.88948693	-0.03251400	0.00161862	-0.00395476
0.08967849	-0.44546881	0.88343808	-0.01124863	-0.01665821	0.00119339
0.08694946	-0.44420694	0.88835187	-0.02057503	-0.01116824	-0.00474682
0.08710021	-0.44739620	0.88657537	-0.01702263	-0.03048037	0.01005062
0.08828013	-0.44649857	0.89080358	-0.01682792	0.00498732	0.01049663
0.08791345	-0.44197902	0.89367402	-0.01157869	0.01379696	0.00153341
0.08873518	-0.44879983	0.89052209	-0.01065073	0.02389018	0.00804144
0.08570500	-0.44969308	0.88572152	-0.00717660	0.01039977	0.00084296
0.08487603	-0.45257563	0.88989281	-0.01174093	0.00684612	-0.00845876
0.08297026	-0.45187199	0.88568940	-0.01294049	-0.00387449	-0.00513403
0.07788139	-0.44565812	0.88378837	-0.00992948	0.00566277	0.00779425
0.08368664	-0.45197467	0.88171987	-0.02687475	-0.00138173	0.00096747
0.08859357	-0.44910858	0.88566386	-0.01347885	-0.01982037	0.00075737
0.08423220	-0.44624597	0.88008742	-0.01636778	-0.02382426	0.00553572
