0.08139615	-0.44346561	0.88785623	-0.02819000	-0.02881275	0.00071326
0.08051577	-0.44247942	0.88218892	-0.01451698	-0.01482549	0.00375913
0.08307896	-0.43855277	0.88730672	-0.01258435	-0.02291748	0.00219384
0.08423890	-0.43955110	0.88460387	-0.01776605	-0.00825445	0.00457344
0.08559926	-0.43461109	0.88775921	-0.02983631	-0.01790299	0.00693477
0.08247152	-0.43571819	0.88650406	-0.01962493	0.00609750	0.01141691
0.08196255	-0.44580398	0.88530445	-0.02773821	0.00784746	0.01346483
0.08335147	-0.44682001	0.88133010	-0.02353883	-0.00425183	0.01364719
0.08399557	-0.44815335	0.88060226	-0.03449104	-0.01022621	0.00864695
0.07870249	-0.44622339	0.88182547	-0.02565066	-0.01116401	0.00770830
0.08446300	-0.44899922	0.87967469	-0.02594489	0.02257505	0.01027016
0.07931811	-0.45097060	0.88592334	-0.01000732	0.01774422	0.01009536
0.08356417	-0.44759718	0.89626772	0.00265381	-0.00839040	0.01137946
0.07930661	-0.44787564	0.88511183	-0.02345963	-0.01606576	0.00783188
0.07626445	-0.45221885	0.88466668	-0.01592116	-0.01079197	0.00816503
0.08308044	-0.44390149	0.88799270	-0.01821587	-0.02072252	0.00831827
0.08197155	-0.44838716	0.88158102	-0.01975908	-0.02369522	0.00390866
0.08052022	-0.44607603	0.88531772	-0.00961701	-0.03116508	0.00298375
0.08026044	-0.45150492	0.88967948	-0.00972827	-0.02828618	0.00293227
0.08660329	-0.44558994	0.89063502	-0.01688057	-0.02119962	0.00184405
0.08331253	-0.44767551	0.88405230	-0.01695225	0.00030944	0.00527660
0.08661804	-0.44998820	0.88060365	-0.02921611	-0.02447917	0.00499347
0.08523092	-0.45000482	0.88241225	-0.01721896	-0.00390236	0.00704752
0.08580698	-0.44467126	0.88846513	-0.01605769	0.00053867	0.00989774
0.09154316	-0.44985086	0.88864289	-0.01768191	0.01253395	0.01532720
0.08609868	-0.44588945	0.88453433	-0.01578174	-0.00343741	0.01099444
0.08416008	-0.43969183	0.88117222	-0.02431522	0.01262291	0.00918954
0.08164879	-0.44082293	0.88164615	-0.02235113	-0.00632894	0.00620251
0.08675103	-0.44827844	0.88551852	-0.04322440	-0.02301097	0.00324325
0.08030622	-0.45572774	0.88531125	-0.02602893	-0.01491406	0.00220582
0.08484033	-0.45181870	0.88409065	-0.04042585	-0.03177898	-0.00224881
0.08078762	-0.45057210	0.88825277	-0.02823524	-0.01186894	0.00053772
0.08312318	-0.45583338	0.88890623	-0.01825473	-0.01954290	0.00537349
0.08454328	-0.45522404	0.88512185	-0.02044654	-0.03298562	0.01048246
0.08945470	-0.45400048	0.87833396	-0.01255022	-0.02163022	0.00788493
0.09563677	-0.45420173	0.88135166	-0.01646957	-0.03325208	0.00355171
0.09081579	-0.45955326	0.87747685	-0.02542626	-0.03609145	0.00406943
0.08541633	-0.45670515	0.88029290	-0.02170778	-0.03433161	0.00252602
0.09431736	-0.45442661	0.88571498	-0.01221739	-0.02697805	0.00191004
0.09380051	-0.45842443	0.88751564	0.00086324	0.00240926	0.00448705
0.09513519	-0.45689110	0.89091736	-0.00461726	0.00922456	0.00812586
0.08982383	-0.45101308	0.88266405	-0.00324782	0.00025846	0.00888639
0.09364271	-0.44838791	0.87849758	-0.00182533	0.00328357	0.01086935
0.09399131	-0.44200357	0.88522610	0.01515135	0.03678704	-0.00067839
0.09364888	-0.44603798	0.88046459	0.00711998	0.03615779	-0.00247003
0.09160859	-0.45048173	0.88210330	0.01385456	0.04652056	-0.00147911
0.08781255	-0.44891658	0.87939855	0.00605635	0.04153034	0.00703401
0.08911298	-0.45129467	0.88602211	0.00805247	0.02839106	0.00370779
0.09882181	-0.45210212	0.88913224	0.01779613	0.05017222	-0.00017116
0.09140612	-0.45218269	0.88809270	0.01167344	0.04361912	0.00076756
0.10106106	-0.45390953	0.88876373	-0.00033697	0.04703056	0.00180603
0.09064748	-0.45521743	0.88175118	-0.01134209	0.01548549	-0.00016158
0.09545771	-0.45343268	0.88511061	0.00203869	0.04123178	0.00227309
0.09572244	-0.45537750	0.88024883	0.01352095	0.01949536	0.00418836
0.09020291	-0.45678508	0.87753846	0.00032678	0.03214899	0.00333381
0.08676924	-0.45732665	0.86991158	0.01892336	0.04839078	0.00115859
0.08950638	-0.45871939	0.87620253	0.01288361	0.03885358	0.00876658
0.08937553	-0.45480310	0.88477343	0.02211248	0.05150299	0.00767024
0.08720045	-0.45575291	0.88849864	0.02336143	0.02254335	0.00927292
0.08356466	-0.45366461	0.88839187	0.03159321	0.05394248	0.00216677
0.08295400	-0.45124872	0.88498077	0.02646356	0.02535179	-0.00083991
0.08647467	-0.45212784	0.88798174	0.02898641	0.01866291	0.00720138
0.08015637	-0.45294619	0.88997407	0.01649345	0.02366935	0.00438437
0.08307548	-0.44820245	0.88518862	0.01793115	0.01268874	0.00435336
0.08169058	-0.45392592	0.89071838	0.00413671	0.02803168	0.00525242
0.08219775	-0.44919225	0.88813760	-0.00233908	0.02270241	0.00627181
0.08840412	-0.44599303	0.88719247	-0.00127379	0.03998150	0.00421788
0.07876764	-0.44663278	0.88481936	0.00336894	0.03184104	0.00440252
0.08056152	-0.44471656	0.88542644	-0.00272498	0.00504720	0.01105480
0.08108524	-0.44587441	0.88859873	0.00235816	0.03415703	0.00966556
0.08641199	-0.44659672	0.88697449	-0.00344466	0.03799214	0.00536335
0.08712853	-0.44395602	0.88511106	-0.00721156	0.00687493	-0.00228556
0.08336268	-0.44069269	0.88425918	-0.00802861	0.05182016	0.00224534
0.08008884	-0.44921297	0.89025396	-0.00776127	0.01635280	-0.00230654
0.07527386	-0.45318225	0.90208152	-0.00075981	-0.00345416	-0.00295192
0.07972383	-0.45177973	0.89446324	-0.00849907	0.02168142	-0.00013811
0.08160526	-0.44872822	0.88577998	0.02173461	0.04129071	0.00018054
0.07951399	-0.45188551	0.88560884	0.02167506	0.04259245	0.00334202
0.07755974	-0.45017836	0.87757931	0.02544497	0.03232052	0.00678197
0.07788338	-0.45296860	0.88068788	0.02871478	0.04839106	0.00364656
0.07501716	-0.44890815	0.88884686	0.01417043	0.02241040	0.00678175
0.08329758	-0.44845681	0.89020607	0.00625554	0.01931029	0.00232064
0.08415137	-0.44749551	0.89047845	0.02370468	0.04058212	-0.00444825
0.08379220	-0.44994409	0.88779434	0.01393951	0.01975065	0.00063902
0.08295324	-0.45051647	0.88386096	0.00826267	0.03124052	0.00485235
0.08076514	-0.44523855	0.89050230	0.01796458	0.02559152	0.00843215
0.08007212	-0.44333618	0.88877866	0.03271446	0.03868236	0.01541215
0.07483800	-0.44096431	0.88551503	0.03660790	0.05138621	0.01117566
0.06834725	-0.44336231	0.89006591	0.02354155	0.03134997	0.01219301
0.06834833	-0.44631765	0.89555140	0.01208894	0.04590571	0.00671827
0.07009145	-0.44250691	0.89353519	0.00946257	0.00846406	0.00594086
0.07552786	-0.44171234	0.89741238	0.00664246	0.00306917	0.00789502
0.07577806	-0.43937740	0.89542495	0.00125634	0.02565884	-0.00458786
0.07187535	-0.44097783	0.89477627	-0.00331131	0.03341569	0.00048838
0.07433786	-0.44333204	0.89054957	-0.00456566	0.00734848	0.00068119
0.07397309	-0.44218671	0.89215179	-0.01096636	0.00242084	-0.00552871
0.08100215	-0.44386982	0.89091990	0.00180969	0.01762072	-0.00478012
0.06884948	-0.44219296	0.89085328	0.01641142	-0.00279862	0.00037957
0.08146109	-0.44199742	0.89030885	0.00572257	0.03429128	-0.00000729
0.08132807	-0.44194718	0.88945517	-0.01019425	0.03507805	0.00220721
0.06932281	-0.44240886	0.88397781	0.00554503	0.03432242	0.00031839
0.07662453	-0.44384751	0.89050798	0.01274521	0.02223640	0.00277946
0.06812474	-0.44147234	0.89213644	0.01847941	0.02106263	0.00712106
0.06519308	-0.44281847	0.89740229	0.01269068	0.00312456	0.00204988
0.06824514	-0.44273146	0.89606041	0.01192141	0.04089717	-0.00139198
0.06700528	-0.44217073	0.89383340	0.00891388	0.01275328	0.00573006
0.06151995	-0.44391825	0.89003002	0.02495965	0.01447357	0.00607459
0.07057780	-0.44876409	0.89021647	0.00969878	0.01201645	0.00445400
0.07352682	-0.44559662	0.89291548	0.00986707	0.00395905	0.00368788
0.06882682	-0.44560027	0.89330369	-0.00825553	0.00261444	0.00088912
0.07064504	-0.44107892	0.89046921	-0.00152274	-0.00019219	0.00166972
0.07418482	-0.44133513	0.88659209	0.01068693	0.00595609	0.00656963
0.06479847	-0.44370556	0.89100431	-0.00191792	0.01960950	0.00583107
0.06897889	-0.44436576	0.89501178	0.00923122	0.01045062	0.00320112
0.06777070	-0.43532029	0.89008350	0.01218724	0.00764934	0.00357429
0.07050297	-0.43518575	0.89350933	0.01168536	0.01184845	0.00224083
0.06763405	-0.43972533	0.89268349	-0.00002369	0.00016383	0.00398093
0.07236342	-0.43694021	0.89262831	0.00680420	0.01956057	0.00683464
0.06930241	-0.44010787	0.89397625	0.00799239	0.01272232	0.00851514
0.06699640	-0.43819738	0.89279142	0.01337947	0.01124773	0.01101452
0.06492434	-0.44197887	0.88754233	0.00027368	0.02306005	0.00452677
0.06766539	-0.44179100	0.89927918	0.00360033	0.02310690	0.00206169
0.06636477	-0.44102629	0.89826957	0.00541440	0.01169968	-0.00061864
0.06333513	-0.44102604	0.89698808	-0.00361931	0.00809678	0.00019394
0.07023914	-0.44244200	0.89574075	-0.00124527	-0.01625531	0.00310386
0.06735467	-0.44263869	0.89250497	-0.00797778	-0.00200804	0.00322739
0.06573917	-0.43963723	0.88891456	-0.02341903	-0.01053615	0.00211254
0.07575207	-0.44041367	0.89046404	-0.01406804	-0.01161511	0.00402823
