0.14278168	-0.44729644	0.93177531	0.06472522	0.12639359	0.00691521
0.12818274	-0.51174525	0.95451894	0.10173142	0.00297705	-0.00474477
0.13221279	-0.50469008	0.93936796	0.09929887	0.05449937	-0.02042870
0.13026305	-0.47273479	0.92050946	0.07500867	-0.01183822	-0.02738927
0.12934494	-0.41555081	0.88162348	0.02489476	-0.04189869	-0.00783179
0.14092755	-0.38340123	0.90512608	-0.00131887	-0.07023915	0.05393182
0.13799052	-0.41060480	0.88949161	-0.02206489	-0.03150361	0.10369309
0.15778066	-0.41744800	0.90169338	0.01688802	0.06008729	0.07340743
0.16623070	-0.45725393	0.87546993	0.07769552	0.10489859	0.01710767
0.14741124	-0.42178356	0.84983271	0.09689618	0.17371478	0.00922060
0.13835893	-0.42797325	0.85080279	0.04781391	0.11649482	-0.01751679
0.14508296	-0.40087422	0.86544871	0.09452569	0.17509605	-0.00766414
0.14798198	-0.38616925	0.87752886	0.10863998	0.20923071	0.04275430
0.12753683	-0.40507066	0.89253611	0.06767353	0.22325867	0.02501357
0.12114598	-0.41699074	0.87126430	0.11901918	0.19699967	0.02384687
0.10779296	-0.42370223	0.88686240	0.09932918	0.11420676	0.00339078
0.11131484	-0.42668028	0.91078850	0.04681671	0.07914654	-0.00619503
0.11096877	-0.41867368	0.90061422	0.02532933	0.02653303	0.02745548
0.10857712	-0.42416585	0.88288237	0.00923331	0.03528550	0.00906387
0.10864677	-0.42358081	0.90980887	-0.01812650	0.03962425	0.01573144
0.11818773	-0.40195681	0.90058231	-0.02250442	0.01716569	0.05409547
0.10631086	-0.41753417	0.91758000	-0.03522207	-0.04326688	0.02916968
0.10310659	-0.42678202	0.94349451	-0.00056760	-0.05746583	0.02222808
0.09986176	-0.44357734	0.92484509	-0.02799496	-0.09445549	-0.00551240
0.10230678	-0.42538129	0.90749572	-0.00122586	-0.12344858	-0.00007511
0.12303827	-0.39739951	0.89707656	-0.00937216	-0.08090439	-0.02038926
0.13476545	-0.38536069	0.90332530	-0.02727122	-0.05729737	-0.00599375
0.13680696	-0.39049543	0.88901445	-0.07971461	-0.02143401	0.00353276
0.11831076	-0.42626169	0.89122667	-0.02930194	-0.03387743	-0.00631963
0.11126046	-0.41269556	0.87132765	-0.01076859	-0.06040636	-0.00624960
0.12209270	-0.43937867	0.89801015	-0.00923722	-0.08246750	-0.00337418
0.13242192	-0.41076973	0.90306480	-0.01081232	-0.00004057	-0.00804377
0.12358345	-0.41846034	0.89179807	-0.02158374	0.01507183	0.00408056
0.11760145	-0.42524167	0.89050435	0.01738710	0.01790266	0.01866512
0.12069606	-0.42084881	0.91436598	-0.00282272	-0.01780078	-0.00062593
0.13879740	-0.40877827	0.90158676	-0.00150350	-0.05228468	-0.00011299
0.12607215	-0.42108644	0.89710494	-0.01417155	0.02096052	-0.00719616
0.10606767	-0.41517277	0.89105700	-0.00370710	-0.01995767	-0.00284027
0.12648758	-0.42375499	0.89925058	-0.03441188	-0.03124574	0.00957770
0.13050365	-0.41882559	0.89426578	-0.03648379	-0.01287773	-0.01118409
0.13485398	-0.42309125	0.88685605	-0.01336802	-0.00782924	-0.01245378
0.11197074	-0.44213032	0.91980734	0.02236578	-0.02301463	-0.00048347
0.11666509	-0.42434627	0.90552384	-0.00622071	-0.02686244	-0.01275162
0.12138970	-0.41755126	0.90105497	0.00143009	-0.05619096	-0.01358298
0.12842220	-0.41908957	0.88944132	-0.02627969	-0.07754516	0.00078969
0.12320014	-0.41863424	0.92171769	-0.00237306	-0.02380783	-0.00367626
0.12901725	-0.44231672	0.88852179	-0.02715881	0.01520523	-0.01193761
0.12347883	-0.41759387	0.90946367	0.01134897	0.02068018	0.00912075
0.13301638	-0.41421444	0.87475313	-0.01937209	-0.04790977	-0.01286705
0.13003519	-0.42119158	0.88598863	0.00970103	0.03834417	0.00946057
0.12215236	-0.43170483	0.90264800	-0.00269058	0.02702654	0.00791143
0.13068470	-0.41251573	0.88569955	-0.00621345	0.00127464	-0.00691299
0.12600053	-0.41308861	0.88165500	-0.02199062	-0.04188329	-0.03684811
0.12941213	-0.41231389	0.88940940	-0.00207535	0.05241237	-0.00202674
0.13016689	-0.42557665	0.88784109	0.00605354	-0.02773571	0.00525406
0.13015181	-0.42157536	0.90118753	0.01412615	0.01572911	-0.00880320
0.13331262	-0.43198379	0.89788549	-0.00920558	-0.00740890	0.00187898
0.12938231	-0.42638982	0.89116767	0.02623409	-0.00790668	0.00195071
0.13250415	-0.40971865	0.90368746	-0.00744618	0.05763951	0.01151289
0.12553511	-0.42992147	0.90418770	0.00553156	0.04826590	0.00309216
0.10449390	-0.41202919	0.91199459	-0.00389689	-0.00844712	-0.01028363
0.12329189	-0.42088593	0.90483971	-0.00568255	0.00926749	-0.02075466
0.12406140	-0.43260292	0.90096447	-0.00026175	-0.00108299	-0.03256393
0.13315472	-0.41429323	0.90827449	0.01296924	-0.00468254	0.01832050
0.14023872	-0.41696010	0.89083515	0.01874312	0.04806007	0.00345584
0.12848044	-0.44270797	0.88560780	0.01794225	0.03376338	-0.03466292
0.12215773	-0.43793334	0.91481074	0.01020069	0.04263433	0.01406394
0.12935812	-0.40888630	0.89079057	0.03660557	0.03303187	-0.01652048
0.12479166	-0.41968782	0.88488830	0.05199051	0.10683276	-0.00555987
0.13442681	-0.42187918	0.89395433	-0.00172909	0.07223297	-0.01700975
0.12556213	-0.40068767	0.89207868	0.05661770	0.02502955	-0.02674760
0.11681363	-0.42339702	0.90645363	0.03526662	0.06547097	0.00431726
0.11202384	-0.39595235	0.87460121	0.02641622	0.04268767	-0.01025295
0.11926807	-0.42624959	0.90902411	0.02889586	0.07459747	0.00265480
0.10692218	-0.43690389	0.90960352	0.02438365	0.02561641	-0.01207079
0.10197360	-0.43651489	0.90748595	0.02698864	0.12578063	-0.03356762
0.11721948	-0.40536943	0.88034551	0.02830017	0.04322098	0.00594362
0.11418290	-0.40044205	0.90487180	0.03355902	0.04418190	-0.00581171
0.13660815	-0.42774657	0.90438578	-0.00433917	0.04015551	-0.01623844
0.12059333	-0.41760136	0.89659927	0.04972755	0.02877995	-0.00609768
0.11326239	-0.41683128	0.90509950	0.01274428	0.04039936	-0.01388104
0.11434382	-0.41100878	0.90191509	0.05962322	0.10642613	0.00077865
0.11261655	-0.38759428	0.92131389	0.05237004	0.05046193	-0.00247014
0.10579812	-0.39617270	0.91283677	0.01828070	0.05683720	0.02060381
0.09372384	-0.38602872	0.90814029	0.05666864	0.10456789	-0.01882484
0.08679402	-0.40393305	0.91562815	0.03088909	0.07559115	-0.01236440
0.09890254	-0.40451774	0.90723965	0.05540171	0.02359481	0.00866425
0.09753084	-0.40728913	0.88384246	0.01529340	0.02618098	0.00842500
0.09769380	-0.40690728	0.91031998	0.00429317	0.04655540	-0.01936342
0.09468797	-0.40533565	0.90641402	-0.00439838	0.07103487	-0.01697964
0.10632147	-0.40635435	0.90259622	0.01089214	0.04838072	0.00033618
0.09643248	-0.40807905	0.89575027	0.04205862	0.01616249	0.00195503
0.10698525	-0.42080249	0.91214537	-0.00258653	0.06984101	-0.00958586
0.09635355	-0.39083754	0.91804885	0.01533643	-0.04529573	-0.00271752
0.09687093	-0.39055363	0.90126039	0.00898376	0.03570463	0.02304053
0.08803207	-0.39507196	0.90888293	-0.03984961	-0.06044401	-0.01343640
0.10041369	-0.41566357	0.93366701	-0.01731217	-0.00382616	-0.01830334
0.09871939	-0.40295812	0.92134064	-0.02692132	-0.05453133	-0.00488266
0.09281475	-0.42129503	0.89320915	-0.04558161	-0.09179228	-0.01569914
0.08231637	-0.41856949	0.90487927	-0.05586583	-0.12720392	-0.00935133
0.09886667	-0.41225269	0.91426985	-0.08036847	-0.12003608	-0.00296821
0.09845006	-0.40019432	0.90479675	-0.08331577	-0.09088457	-0.00997473
0.09037680	-0.40353663	0.91429602	-0.08677014	-0.13115581	-0.00663604
0.10853296	-0.39068793	0.91012194	-0.05397052	-0.13297371	-0.00205908
0.11517201	-0.42486407	0.90029389	-0.07431923	-0.09192525	0.01549156
0.12706497	-0.39182249	0.90409304	-0.05202134	-0.10035730	0.00113358
0.10906919	-0.41473784	0.90601505	-0.06234057	-0.09382715	0.02249900
0.12730474	-0.42137587	0.91335744	-0.09548813	-0.07781836	0.01294092
0.12789859	-0.40495542	0.92215420	-0.03432414	-0.10559555	0.00853305
0.11411054	-0.44346024	0.88479371	-0.08321055	-0.08702953	0.00272697
0.11753301	-0.43149966	0.91102169	-0.06603738	-0.12408423	0.00144427
0.12268726	-0.42241654	0.89508516	-0.05970084	-0.07275186	0.00650010
0.11998076	-0.39910595	0.91203569	-0.04968486	-0.06388651	0.01031678
0.11281841	-0.41087519	0.92800675	-0.03530102	-0.08709233	0.00006399
0.11604487	-0.42587101	0.90420729	-0.02345793	-0.11054775	-0.01240976
0.12572396	-0.44330692	0.88746744	-0.03922142	-0.07942163	-0.00754521
0.13595027	-0.44373905	0.87031844	0.01707332	-0.05870147	-0.00271009
0.11705662	-0.43969179	0.90421738	-0.01062614	-0.08443130	0.00169213
0.12613822	-0.41510708	0.89658981	0.01507037	0.01105723	-0.01788532
0.12582723	-0.40691200	0.90311796	0.01947001	0.07465717	0.00736617
0.12871814	-0.43720974	0.87931023	0.00005276	0.05904455	-0.02285057
0.13915466	-0.44646916	0.88139766	0.05940060	0.04551833	-0.00478451
0.13420350	-0.41911269	0.90012263	0.06526570	0.09512376	0.00396980
0.11983056	-0.42221284	0.88612203	0.02441191	0.07971028	-0.03720335
0.13163866	-0.41269464	0.91258495	0.03996337	-0.01591226	-0.01218702
0.12263880	-0.42827116	0.89912621	0.03333066	0.00000995	-0.00837620
0.13176088	-0.43877894	0.89923724	-0.02129153	-0.01612340	0.01932364
0.11840746	-0.43484910	0.91497785	-0.01097890	0.01954185	-0.00798457
