1.46201881	0.17202273	0.09738237	-0.25666499	0.65514683	-0.43316634
1.33457653	0.22364297	-0.21797868	0.13713276	0.49530735	-0.11614376
1.35005912	0.26533278	-0.23075688	-0.25035652	-0.14920120	-0.47423312
1.38455796	0.31342459	-0.41975533	-0.13170054	0.35409183	-0.59230659
0.99616537	0.21580315	-0.50798455	0.08012522	0.49253461	-0.69714244
0.90136029	0.13777400	-0.28025436	0.53297269	0.63641707	-0.12794135
0.75486072	0.24405536	-0.30058926	0.49992576	0.21618161	-0.22730144
0.82964503	0.15203222	-0.25028676	0.09270086	-0.31653693	0.17113540
0.98710203	0.09876570	-0.19875627	0.13708965	-0.49217399	0.00060822
0.89977415	0.20373088	-0.18800721	-0.00670382	-0.49070969	0.39276875
0.92143959	0.24032818	-0.33443563	-0.11291948	-0.42253116	0.19641092
0.94423139	0.14920907	-0.19292232	-0.18638432	-0.18533965	0.57916924
0.84723733	0.30751296	-0.30998422	-0.61727696	-0.00463855	0.31481761
0.68505746	0.06574209	-0.15952489	-0.60902671	-0.69416932	0.60219256
0.78209141	-0.03137943	-0.08639554	-0.70413266	-0.21634627	0.25395577
0.68657630	0.01341295	-0.15345675	-0.58930103	-0.33515702	0.27091662
0.82595627	0.02148789	-0.23948712	-0.51061576	-0.68479304	0.03982909
0.90741716	-0.01489200	-0.16916534	-0.57090017	-0.16252001	-0.18397219
0.85313373	-0.12291081	-0.11062362	-0.38519510	-0.30962436	-0.22314910
0.84701650	-0.06261805	-0.24696895	-0.18480903	0.02548485	-0.15350933
0.87468175	-0.12463453	0.00484749	-0.19532206	-0.35256145	-0.33213316
0.97874045	-0.17738527	-0.12548610	-0.15216500	-0.11483221	-0.47809545
0.97185967	0.02670213	-0.20292827	-0.45754006	0.03494149	-0.30421327
1.21006658	0.06242599	0.04109691	-0.04452305	0.04327728	-0.03768941
1.08662631	0.09092056	-0.02102428	0.14586075	0.41771553	0.31946021
1.17871886	0.02737137	0.03048203	-0.13600862	-0.04011143	0.54055319
1.17045073	-0.09351228	0.06446022	-0.22372034	-0.21275838	0.50362461
1.32348205	-0.02892620	-0.23739233	0.21623742	-0.76637726	0.53195034
1.25438652	-0.07049564	-0.22665344	0.52249866	-0.71788645	0.56928792
1.21351807	0.25705593	-0.51604198	0.42459876	-0.49085452	0.50344146
1.06183695	0.23226581	-0.59757703	0.41323608	-0.77727947	0.41539308
1.10985440	0.05472969	-0.41976864	0.60703984	-0.02973847	0.30321827
1.12086688	0.36719251	-0.47607690	0.34418069	0.24804022	0.11179335
1.29673664	0.29863746	-0.48723964	0.27252662	-0.14049528	-0.15081301
1.15591099	0.31519346	-0.35894906	-0.01355879	0.63096876	-0.04544415
1.09481624	0.18839758	-0.37062934	-0.07440082	0.67235185	-0.23213834
1.12568176	0.14806869	-0.18716663	-0.15763619	0.40794686	-0.30819149
0.81774238	0.16407183	-0.28804588	-0.12425577	0.79056281	-0.57351527
0.64916231	0.16338004	-0.10349078	0.03692816	0.63309752	-0.37627887
0.65695120	0.19447804	-0.05074290	0.08441900	0.12560096	-0.35833592
0.60530488	0.08773057	-0.16358898	0.08468019	0.13689568	-0.49678371
0.76135216	0.06297008	0.01637121	0.34192225	0.12791238	-0.50711349
0.74827595	0.14257001	-0.15698445	0.26265129	-0.06673678	-0.33539572
0.83391846	-0.02704876	-0.16402979	0.10549044	-0.22511305	-0.19855043
0.78810338	-0.02927529	-0.01918031	0.31930811	0.00674721	-0.10091872
0.87451696	-0.02720184	-0.18318998	0.33550995	0.32352613	-0.00250382
0.77253119	0.11036106	0.07012663	0.47043052	0.01112437	0.08460411
0.93875739	0.11585585	0.00960032	0.32678509	-0.30707944	0.01396070
0.90208476	0.12981982	-0.02132533	0.37456833	-0.38664899	0.10432604
1.23348350	0.08746185	-0.04253572	0.29997078	-0.00794825	-0.08605912
1.28350801	0.08806547	-0.16283448	-0.00246927	0.04674968	-0.25358198
1.32815868	0.17601214	-0.11935316	0.24877149	0.14264164	0.00588560
1.40073167	0.22205797	-0.16018468	0.03940524	0.65713417	0.20280291
1.31344989	0.17604356	-0.02552306	-0.11939995	0.78831259	-0.04393426
1.30069548	0.20143795	-0.14339499	-0.24940321	0.17552189	0.01237839
1.33025177	0.26101770	-0.50199511	-0.66309237	0.05847369	-0.44431590
1.24239601	0.29811884	-0.48006362	-0.17704735	0.39545212	-0.64828805
1.00604427	0.19687590	-0.34347671	-0.34630512	0.69666950	-0.55971572
0.81252247	0.21295420	-0.35994991	-0.09024728	0.60623125	-0.56210454
0.86288838	0.13962970	-0.27255653	0.58574277	0.20770720	-0.14698183
0.92943751	0.09491994	-0.26657518	0.32853243	0.06485112	0.10279037
0.95839741	0.12228000	-0.23321516	0.33994883	-0.58095683	0.16251860
0.97176553	0.15296245	-0.16900840	0.10248121	-0.84016145	0.23895498
0.96868322	0.23575515	-0.21059433	-0.07002544	-0.21141215	0.51444293
0.81401811	0.21948571	-0.21816090	-0.21253603	-0.30944318	0.24934976
0.81853804	0.16227525	-0.26692669	-0.49767065	-0.37372997	0.61945950
0.71253729	0.17061951	-0.09444126	-0.23235341	-0.44728059	0.31841186
0.85498056	0.11704730	-0.12612578	-0.56600783	-0.33564615	0.26609220
0.78416494	0.01653563	-0.17025050	-0.58054691	-0.19765861	0.22138011
0.72580644	-0.00605582	-0.20011875	-0.46343529	-0.04553497	-0.00474077
0.74293559	-0.08987072	-0.13759698	-0.57912552	-0.34390544	-0.00528959
0.84980471	-0.07291199	-0.03052432	-0.62747412	-0.34873734	-0.13348044
0.80069139	-0.01434645	-0.16184785	-0.50331956	-0.52460702	-0.23941634
0.78713578	-0.13090594	-0.06379458	-0.56958679	-0.21899406	-0.21889854
0.89584662	0.01778697	-0.13268428	-0.46793379	-0.47155915	-0.25748871
1.01853236	0.05830784	-0.22756954	-0.36705307	0.03951548	-0.13145156
1.08386744	0.00566924	-0.08591991	-0.17250024	-0.01019505	0.13452683
1.38404864	0.12742912	-0.08001514	-0.07466359	0.19974354	0.30630504
1.51518719	0.08299046	-0.02692231	-0.04954080	0.21449688	0.54968473
1.14931191	-0.09189669	0.09047121	-0.05931602	-0.21925944	0.39351288
1.13042442	-0.28624536	0.02412407	-0.10902061	-0.22984279	0.38921569
1.05051537	-0.10278286	-0.09207845	0.34402193	-0.47052766	0.20300375
1.05877096	-0.02601899	-0.16864178	0.29994372	-0.30130667	0.36885731
1.30577819	0.27236454	-0.47572331	0.33058697	-0.45365510	0.58900250
1.11644620	0.21849524	-0.53419343	0.37797822	-0.30808502	0.34196869
1.09664628	0.30657932	-0.54504882	0.36785457	-0.00570661	0.34470590
1.08569881	0.40188875	-0.46690824	0.14196068	0.39026036	0.12332663
1.33582982	0.20172274	-0.38748742	0.00272366	0.53375540	-0.15316802
1.17253265	0.30824034	-0.51044946	-0.08164745	0.64987604	-0.10019014
1.17093723	0.16257269	-0.12378732	-0.19561794	0.38996726	-0.16842677
1.06536944	0.07211334	-0.27800693	-0.19171795	0.76844969	-0.12372160
0.91167487	0.13883983	-0.19466182	-0.08230342	0.37403887	-0.38326177
0.72020933	0.05486385	-0.30200303	0.07276015	0.43764792	-0.23182310
0.79627540	-0.04466791	0.01296765	0.14375708	-0.13563176	-0.40610332
0.93013230	0.10884449	-0.08579731	0.23611438	0.11779752	-0.11324772
0.77201119	-0.01263039	-0.15292498	0.51771988	0.49247138	-0.14626733
0.81682798	0.10327107	-0.32968585	0.55991430	0.15440592	-0.26508161
0.79148661	0.00743432	-0.04017469	0.35123399	-0.12416676	-0.24292655
0.66139890	0.07172774	0.00979635	0.30760289	0.17185569	0.00084480
0.79123026	0.04783241	-0.02884882	0.46430428	-0.11247511	0.08698911
0.70431767	0.02764405	0.05883408	0.57271747	-0.19550563	-0.01716911
0.84161831	0.22253897	0.01720179	0.37114632	-0.04395271	-0.08443948
0.92530016	0.08420473	0.01966785	0.42233669	-0.24491085	0.12316745
1.18530676	0.08500268	0.01537963	0.54775486	-0.09828641	0.05517779
1.22176936	-0.02307464	-0.06708349	0.16633611	-0.26165912	-0.11331410
1.41996493	0.13113164	-0.15337288	0.18727657	0.19719748	-0.06273317
1.25663781	0.25844526	0.03000305	-0.19544690	0.57242655	-0.22824756
1.31717942	0.16635929	0.12458878	-0.11396419	0.57038479	-0.23758063
1.25107673	0.18827522	0.03688799	-0.39737080	0.21895124	-0.14804382
1.14970593	0.27060677	-0.38180754	-0.43972315	-0.20341037	-0.20904336
1.27293120	0.34580294	-0.30224408	-0.27294648	0.44927288	-0.44232592
1.04643930	0.29136043	-0.51311735	-0.18337340	0.73668779	-0.45553078
0.85686332	0.16040495	-0.30442494	-0.04007653	0.22343377	-0.27518302
1.00554805	0.25992081	-0.35821816	-0.20168927	0.37555544	-0.12419386
1.12296214	0.12891538	-0.33153210	-0.00706602	-0.03360544	-0.13340396
0.97215635	0.07968627	-0.16438510	0.33489596	-0.14096191	0.11023045
0.94849859	0.21775670	-0.23750371	0.04612776	-0.31856174	0.42033727
1.01565650	0.11906050	-0.20648001	-0.03606283	-0.43054950	0.46278662
0.88683542	0.25388369	-0.24519252	-0.32690708	-0.37102856	0.14969343
0.72468731	0.20319466	-0.08277425	-0.36609782	-0.40509354	0.58867810
0.69709114	0.11755100	-0.22409998	-0.54326104	-0.35401471	0.27420907
0.74898669	0.09848100	-0.17026445	-0.65242171	-0.35838783	0.13523133
0.71624707	0.07335028	-0.16547473	-0.54615679	-0.30499683	-0.16228675
0.77268927	0.00259848	-0.08116885	-0.72239812	-0.56583723	0.02380199
0.90602789	-0.00092938	-0.18457602	-0.66634958	-0.39181625	0.22810850
0.80053519	-0.04734801	-0.17507621	-0.60289524	-0.47311837	0.25707160
0.79370563	-0.07474603	-0.01710699	-0.30135588	-0.04618952	-0.15641974
0.83080738	-0.18116698	0.03460039	-0.53117647	-0.14651087	-0.18003425
