1.13472822	0.00950062	-0.03438205	-0.18644648	-0.14653476	-0.14288774
1.22246386	0.11140885	0.00312462	-0.04120068	-0.09432855	0.15112155
1.17530651	0.02022738	-0.03693171	-0.33263694	0.10005828	0.19610129
1.19663065	-0.07397499	-0.08185154	-0.33188071	0.10498928	0.42635425
1.04699214	-0.17881280	-0.12169393	-0.11347080	-0.15838542	0.57691912
1.12585519	-0.06799552	-0.11703059	-0.02171039	-0.30643552	0.52343767
1.11037322	-0.10731167	-0.30323060	0.28622709	-0.43493709	0.65247017
1.09365693	0.01509809	-0.35655952	0.31735286	-0.60278673	0.50119811
1.06716749	0.22669199	-0.56335568	0.50711500	-0.33880145	0.63586487
1.14023392	0.41744006	-0.39763174	0.15365862	-0.54501743	0.64173037
1.18465324	0.24052701	-0.33766190	0.23306679	-0.04646510	0.47444077
1.42992966	0.26753324	-0.43963270	0.07288792	-0.14469107	0.10729933
1.53163861	0.26094557	-0.29800448	-0.13635448	0.45224698	-0.04212134
1.34181571	0.06886152	-0.19658877	0.03064825	0.88540731	-0.12020789
1.24643645	-0.00115920	-0.21297889	-0.11290046	0.78849887	-0.08062144
1.09395431	0.08059389	-0.07766486	0.00203271	0.79005388	-0.44556547
0.87309741	0.04402342	0.19162462	0.10037072	0.19644451	-0.34578411
0.69174427	0.02250289	-0.12965880	-0.00329258	0.19344030	-0.13291695
0.57201830	0.09454919	0.08493176	0.42021354	-0.00528230	-0.34888366
0.66299196	0.06560745	-0.03253599	0.13860412	0.29690226	-0.48116718
0.71918206	0.09625041	-0.01823253	0.37780750	-0.06301118	-0.66225179
0.71541501	-0.02713816	-0.00712546	0.41863561	-0.00686067	-0.50947138
0.60233335	0.12244128	-0.02549508	0.56552757	-0.01799973	-0.04221211
0.65266423	0.20488726	-0.00360757	0.44272322	0.15998255	0.00498024
0.69127991	0.12851031	0.05180049	0.31990043	-0.04615219	-0.16868228
0.75689590	0.20686050	-0.04180409	0.57202598	-0.18939587	0.04091300
0.98339024	0.19303418	0.01853669	0.22561431	-0.13994462	0.24354661
1.11001729	0.08940837	-0.06914048	0.43155842	-0.20400257	-0.03755809
1.32291293	0.11987017	-0.04332567	0.22574649	-0.14298661	0.05732381
1.37812661	0.07855851	-0.15832017	0.11555847	-0.38531058	-0.04931811
1.37288516	0.08211046	-0.00904984	0.20932917	0.13405131	0.03477341
1.22724449	0.11336288	0.24207862	0.00596388	0.65897885	0.10011137
1.19144589	0.14656156	0.23400741	0.01588306	0.39344089	0.22208124
1.17050607	0.18564730	-0.03295738	0.06335019	0.23380811	-0.36702863
1.12702573	0.17797072	-0.33139650	-0.01839050	-0.53236436	-0.42005746
1.23275564	0.21782040	-0.36400974	-0.22731120	-0.19712630	-0.50092697
1.15458893	0.32484697	-0.57770590	-0.09852234	0.17834838	-0.62857918
1.03693970	0.36202721	-0.34847155	-0.02094472	0.45977856	-0.67992163
0.90408071	0.28128611	-0.26255153	0.10869705	0.46653910	-0.46788572
0.75970698	0.19380170	-0.15283647	0.26336278	0.24351639	-0.00289437
0.99704308	0.11642898	-0.14505055	0.57544941	-0.40308792	0.38676099
0.99932278	0.07200694	-0.29450934	0.24309456	-0.30057767	0.33169089
0.95684094	0.19026929	-0.29639278	0.16647733	-0.50520400	0.33177763
0.95078053	0.27396583	-0.24006939	-0.00128747	-0.25139569	0.46461007
0.81633981	0.23000618	-0.17274360	-0.30700019	-0.36046005	0.49169283
0.92470539	0.05485693	-0.19122837	-0.32747297	-0.59758024	0.25801595
0.73112725	0.05114196	-0.01330103	-0.32332797	-0.28489752	0.12560629
0.74422178	0.20205937	-0.19201871	-0.53762798	-0.25245700	-0.25215677
0.71127469	-0.05349465	-0.07684610	-0.48874731	-0.53037777	0.01110028
0.84907799	-0.03167069	-0.11903337	-0.65473149	-0.27191050	0.23792110
0.99615132	-0.01613611	-0.08169577	-0.68020776	-0.16497658	-0.17168207
0.88069779	-0.16712978	-0.10667106	-0.50119893	-0.33552629	-0.16398113
0.92585175	-0.01026649	-0.04788165	-0.69777768	0.06126918	-0.39686301
1.00476790	-0.05375570	0.03288903	-0.33521620	-0.19322315	-0.16340596
1.07232458	-0.10381961	-0.14105138	-0.24556007	0.19735317	-0.24111603
1.36332295	-0.04154467	-0.06910103	-0.29728571	0.06652835	-0.19301322
1.26093657	0.09185263	0.02345845	-0.29726232	-0.32639805	0.25558455
1.19002305	0.07631927	0.17284646	-0.04321786	-0.09447792	0.30653029
1.16392471	0.06290486	-0.10597761	-0.06476528	0.11147526	0.47207255
1.12357800	-0.10402914	-0.14479659	0.02959395	-0.15487468	0.04119894
1.14740593	-0.21413846	-0.17432099	0.29492714	-0.56862257	0.22987602
1.21510991	-0.07367000	-0.12473474	0.07978969	-0.45099881	0.60332787
1.20265711	0.01030201	-0.30806987	0.36517263	-0.37305351	0.72467605
1.02481116	0.28843163	-0.50610146	0.46715123	-0.46390588	0.57333018
0.97290739	0.30520108	-0.49639827	0.23803202	-0.19200339	0.35374906
1.00213484	0.22953496	-0.23037231	0.55859491	-0.32062020	0.39664343
1.11101826	0.38256355	-0.43255434	0.15702041	-0.11191895	0.43680133
1.25503438	0.45113309	-0.28070031	0.12158038	0.09476819	0.03775965
1.38958358	0.35206120	-0.45575973	0.07402904	0.42159156	-0.18046821
1.32438705	0.11359310	-0.32420931	-0.18297367	0.78690887	-0.27197268
1.26109462	0.19519513	-0.28082709	-0.18089439	0.72418199	-0.12943662
1.10294199	0.13388545	-0.30795999	-0.06745774	0.59515526	-0.33837763
0.94070104	0.05293600	-0.31163638	-0.00732360	0.85658466	-0.30856249
0.68989692	0.12503658	-0.03566669	0.18566672	0.34949321	-0.55610055
0.50458830	0.12482939	-0.16192900	0.07045424	0.26478730	-0.66810368
0.72367184	0.14053103	-0.20674531	0.11829075	-0.09827703	-0.39936707
0.66373517	0.08168282	-0.13560958	0.26304211	0.25552805	-0.54522368
0.78441509	0.10684966	-0.18356528	0.39415143	0.14069438	-0.20650133
0.83313406	0.00356104	-0.08232995	0.39223755	0.29166160	-0.01795775
0.77663369	0.09627877	0.07750702	0.34079567	0.15206121	0.01404759
0.68595730	0.17109165	0.07831402	0.40530095	0.05677109	0.14150938
0.91517245	0.05354519	0.00729884	0.56933133	0.06060384	0.29759613
0.95867550	0.01213301	0.00088955	0.56627309	-0.07251883	0.07235169
1.07401763	0.10061672	-0.17349003	0.36967059	-0.17709549	-0.12814501
1.16511038	0.06934690	-0.17606587	0.23904461	-0.31265439	0.10237577
1.43231829	0.09451774	-0.02768148	0.06950664	0.11988186	0.01021262
1.44240675	0.20047181	0.20154599	0.18874502	0.52693148	-0.19295921
1.25741081	0.17029631	-0.03944496	0.30285390	0.59505433	0.03364280
1.45242313	0.28736650	-0.12523110	-0.04305741	0.42309769	-0.22574233
1.37601146	0.39981254	-0.29263149	-0.35391139	0.11562219	-0.43256088
1.21953708	0.30264322	-0.38495947	-0.27841837	0.11847242	-0.57336059
1.11601653	0.42422848	-0.45157997	-0.24379544	0.41226717	-0.44040634
0.99627340	0.20475080	-0.31689501	0.10221607	0.40812811	-0.33259871
0.82318630	0.16492744	-0.22770209	0.21671749	0.08040309	-0.38604178
0.77787993	0.22100389	-0.39156094	0.26827879	-0.01728766	0.07842555
0.93931113	0.03856955	-0.14467671	0.52922576	-0.31404133	0.05769376
1.04745351	0.10765965	-0.35100755	0.22875323	-0.14983937	0.24324949
0.94675142	0.10899693	-0.32644614	0.25949044	-0.35727072	0.25862642
0.88043830	0.13132706	-0.11632299	-0.04019683	-0.30045422	0.34031458
0.96315819	0.12239288	-0.32067559	-0.09621741	-0.22894278	0.52792724
0.99951366	0.14721892	-0.09886255	-0.36239194	-0.17399758	0.64103556
0.66921584	0.13836152	-0.10116314	-0.39726677	-0.23381498	0.41877293
0.66431841	0.14575721	-0.07201789	-0.52008714	-0.61964626	0.05874434
0.89013633	0.10638625	-0.25695881	-0.72716854	-0.50546402	0.22733871
0.80221871	0.03515710	-0.14904474	-0.47559491	-0.18673597	0.08447070
1.15011906	-0.10694643	-0.08862026	-0.63278278	-0.05636733	0.16497572
0.77613829	-0.17876859	-0.11184006	-0.57396914	-0.24720612	0.16696310
0.92701967	-0.05225414	-0.04975734	-0.39173014	0.11719216	-0.30067879
0.98931084	0.00999197	-0.01896803	-0.45112788	-0.07559321	-0.16150675
1.03370145	-0.12796013	-0.06831309	-0.32610457	0.06469081	0.13959600
0.98847816	-0.00628845	-0.02809331	-0.24226504	-0.16643219	-0.05029078
1.08148789	0.01172068	0.05615589	-0.11593362	-0.18029910	-0.10859601
1.38406224	0.17483765	-0.27193165	-0.16083532	-0.01891485	0.11848653
1.16586956	0.05390332	0.09980035	-0.18548102	0.07978137	0.29288269
1.32692785	0.01764197	-0.03181254	-0.23147920	0.09593117	0.35992613
1.13773939	0.05355932	-0.07785147	-0.24298143	-0.48779832	0.27508324
1.10614679	-0.04351658	-0.17220029	0.05263283	-0.25877809	0.54354029
1.19234404	0.01812730	-0.17014055	0.29136502	-0.32915516	0.59436698
1.15972973	0.07837927	-0.55425197	0.25871909	-0.61981630	0.44905763
0.98436712	0.13584450	-0.62927705	0.29676498	-0.18354635	0.57868130
0.96496617	0.17639458	-0.57595839	0.62370404	0.15084530	0.34117364
1.00984703	0.26963454	-0.50266010	0.11163958	0.48006694	0.17361047
1.15176196	0.27642958	-0.39304944	0.16562117	0.49011005	0.12427979
1.30931190	0.20125547	-0.31228268	-0.40329352	0.54992967	-0.01095878
1.17296010	0.02082351	-0.23131534	-0.25243268	0.79571002	-0.05623388
1.05128692	0.17216051	-0.07818179	-0.11575926	0.42310357	-0.31558389
1.07474264	0.11953280	-0.07273345	-0.04227360	0.56845527	-0.06584128
0.90813092	-0.04427494	-0.01901817	0.14399800	0.31617079	-0.20343837
