0.95735904	-0.07595567	-0.27227843	0.42423656	0.18428092	-0.05542410
0.96648597	0.04303047	-0.33281236	0.62951990	0.23362690	-0.05094974
0.90132289	-0.10155201	-0.24152869	0.55447053	-0.06988835	-0.22359703
1.03216220	-0.12853490	-0.32338898	0.58546243	-0.22015944	-0.18615327
0.79788193	-0.01313002	-0.21625016	0.51473958	-0.34628247	-0.23512557
0.90488604	0.04618173	-0.39509020	0.45390090	0.11067825	-0.09474226
0.78971782	0.07745413	-0.27816493	0.55233659	0.10326209	-0.34489911
0.97729498	-0.15183049	-0.28456071	0.48771039	0.04791307	-0.35162860
0.99782541	0.02052047	-0.17190849	0.31182114	0.08103764	-0.57188301
0.90239165	0.00791589	-0.23099830	0.24303685	-0.13972770	-0.40538278
0.99468428	0.05511700	-0.29818350	0.22157858	0.01881551	-0.25739524
0.92357770	-0.00479814	-0.35476476	0.38717204	-0.15743365	-0.42697269
0.91283319	-0.01982773	-0.30959438	0.53524885	-0.07216359	-0.56136006
0.88254066	-0.06368814	-0.24971973	0.51793288	-0.10056221	-0.44926205
1.08843046	0.07932929	-0.32736812	0.37506662	-0.55999679	-0.59735314
1.10357494	0.02418354	-0.38117352	-0.04454604	-0.24997316	-0.91337971
1.12491597	-0.07149188	-0.44409268	0.34911636	-0.52761127	-0.53013345
1.29353015	0.07315488	-0.31662185	0.27669435	-0.24819484	-0.44177532
1.30302175	-0.09495163	-0.61497371	0.36859228	-0.53622796	-0.56320288
1.41478266	-0.20536924	-0.51503343	0.73576269	-0.40246030	-0.23332342
1.27442515	0.06445545	-0.59047893	0.98736686	-0.05037905	-0.31303650
1.11269168	0.03169316	-0.60847569	0.99960013	-0.05712633	-0.09403811
1.10513938	0.30578915	-0.82863845	0.57379926	0.23575637	-0.39565844
0.82550193	0.35538984	-0.64597249	0.66699117	0.13133923	-0.39681938
1.11225941	0.42481768	-0.55743455	0.45883820	0.17116782	-0.42892309
0.95286596	0.36371832	-0.49442800	0.51456149	0.29456364	-0.52825534
0.98178083	0.25147090	-0.62033281	0.51347807	0.29221062	-0.84497240
0.95321995	0.31780563	-0.50891527	0.46610311	0.66780371	-0.53170165
0.91858156	0.11627200	-0.28878775	0.42574653	0.60628539	-0.78785926
1.04095407	0.22520970	-0.23547119	0.30812978	0.71225761	-0.47974224
0.61055993	0.21694545	-0.32247253	0.23875775	0.72357842	-0.49972352
0.75969954	0.35920816	-0.28403756	0.29683547	1.10083033	-0.78712641
0.66385631	0.23438370	-0.30866067	0.01422348	0.81870331	-0.45956488
0.75405653	0.18955511	-0.26231992	0.23510620	0.47570524	-0.52029837
0.70274291	0.17012851	-0.18637839	0.44338661	0.34945416	-0.23216148
0.66291984	0.27256210	-0.33647638	0.25860730	0.00573334	-0.49397385
0.76494416	0.15869245	-0.29100881	0.42470204	0.26978562	-0.90972067
0.80639128	0.11957194	-0.32935254	0.36278097	0.09821758	-0.44219411
0.98023842	0.14106123	-0.25922201	0.27161223	0.17217796	-0.64914421
0.93036693	0.19781756	-0.16237795	0.50359871	0.10186890	-0.77083663
0.79065113	0.23335009	-0.24072810	0.42946466	0.46938677	-0.59710585
0.95938291	0.12155084	-0.09910775	0.46810389	0.52331032	-0.28311806
0.73075097	0.14891081	-0.22176787	0.55165823	0.59593747	-0.35086389
0.79497687	0.24887457	-0.21787425	0.40788040	0.31696425	-0.32092561
0.83009808	0.32593366	-0.08331479	0.66289829	0.42753386	-0.09259917
0.76111274	0.15296835	-0.10774617	0.18721748	0.80385498	-0.12842892
0.91861629	0.31330109	-0.07529381	0.31347351	0.77050237	-0.03569541
1.04104686	0.14315837	-0.06698212	0.65923727	0.36549194	-0.04394013
1.13194171	0.13916816	-0.11153922	0.45718245	0.26718375	-0.22437829
1.25515744	0.35033860	-0.16731427	0.40157838	0.12534794	-0.09797221
1.41729649	0.36821726	-0.57442151	0.53938271	-0.10022449	-0.11170628
1.47710483	0.67934345	-0.55666443	0.32910099	0.10117206	0.01993678
1.50632908	0.34343148	-0.53118012	0.31905175	0.24432506	-0.19268788
1.41736882	0.31428810	-0.39581521	0.11980004	0.44681567	0.02664482
1.20328235	0.30599658	-0.38093641	0.45618638	0.81436603	-0.11182135
0.92903422	0.07543293	-0.40059703	0.70881950	-0.23229666	-0.10458746
0.95893321	0.14736973	-0.56292532	0.96668206	-0.11107930	-0.09548991
1.05659715	0.26869546	-0.49133661	1.03865838	-0.17127205	-0.30177582
1.03944038	0.18929172	-0.37190635	0.92112151	-0.16475727	-0.07863022
0.86530286	0.26314197	-0.46826040	0.97809033	-0.14242615	0.06011389
0.80464206	0.24897778	-0.50002396	1.08347684	-0.59693019	0.14339785
0.99970904	0.16083863	-0.45153592	0.92161641	-0.21833246	0.14952214
0.79438243	0.27706755	-0.14177354	0.67319832	-0.18975441	0.36670213
0.78893302	0.12344160	-0.18678492	0.62543494	-0.44622805	0.31314700
0.81895054	0.12828540	-0.26568997	0.88148338	-0.16672816	0.27177544
0.75009559	0.20160348	-0.23990226	0.58074995	-0.17610844	0.20658311
0.61505296	0.07969358	-0.35932142	0.58881550	-0.46690319	0.40985845
0.64222176	0.30610083	-0.22110755	0.48842771	-0.32857857	0.18919880
0.55910787	0.09488416	-0.35754285	0.15482274	-0.45459243	0.00089157
0.87097048	0.14005938	-0.16433428	0.19560484	-0.01095194	0.11154404
0.93772085	0.02766995	-0.30270381	0.23070364	0.09561700	0.16716608
0.73964116	-0.03760158	-0.23181104	0.20732964	0.46922183	0.17210828
0.55026541	-0.03356124	-0.21469694	0.45136536	0.19089488	0.20707562
0.48795428	0.06400120	-0.16939758	0.38257112	-0.13069565	0.19774051
0.52513886	0.01657398	-0.14790416	0.54427234	-0.41301340	0.38206699
0.70535228	-0.01412759	-0.18885310	0.58220714	-0.38791807	0.03320255
0.93102152	-0.12819606	-0.19351921	0.47566723	-0.07997902	-0.05987128
1.26629321	0.08417924	-0.38075317	0.53104303	-0.11299160	0.06938334
1.17112489	-0.06183151	-0.37753433	0.43616739	0.03141200	-0.02321577
1.25377704	0.00928584	-0.30590670	0.51173238	0.14739887	-0.14041398
1.40018658	0.00171180	-0.52354919	0.20386756	-0.09564533	-0.30576733
1.13502460	0.14466841	-0.42876580	0.14332743	-0.11700285	-0.38587002
1.30555068	0.07676657	-0.45035923	0.41455124	-0.03340120	-0.28755714
1.43769389	-0.05191443	-0.66460941	0.44752277	-0.29639366	-0.35714762
1.16176397	0.22318460	-0.70094357	0.25692180	-0.43833727	-0.09869165
1.12723249	0.20197672	-0.78225696	0.26126092	0.30486549	-0.07538598
1.16680972	0.35828527	-0.70553553	0.06161044	0.39388360	-0.21815432
0.86436027	0.34727903	-0.63871716	0.14740558	0.51813615	-0.02644313
1.10179636	0.33301072	-0.52967923	-0.01259914	0.53344116	-0.03783736
1.17218990	0.20209808	-0.68157221	-0.02631750	0.50357360	-0.40848075
1.00144327	0.15897894	-0.46463804	-0.02274065	0.49115993	-0.17340488
0.83525120	0.02833929	-0.43943451	0.20085705	0.33558520	-0.06869902
0.85511934	0.30088796	-0.26693608	0.25233294	0.44223116	-0.26661031
0.96660341	0.13797368	-0.35170838	0.15383659	0.64352175	-0.29045869
0.83691831	0.18552454	-0.37967269	0.08835166	0.49643894	-0.47115224
0.72696182	0.28904712	-0.30203401	-0.06403891	0.76574909	-0.55176531
0.60330931	0.16839026	-0.32999743	-0.29690386	0.41265553	-0.51598304
0.50378232	0.23067709	-0.16162657	0.20059295	0.21633509	-0.33803821
0.66163847	0.19362118	-0.20518056	0.05855886	0.04575789	-0.35946272
0.52579169	0.18162826	-0.21815798	-0.12688507	-0.05359964	-0.28672937
0.74270735	0.09953748	-0.04909369	0.26031407	-0.37495417	-0.39346029
0.85048277	0.07220337	-0.29010049	0.09819565	-0.27085223	-0.49055041
0.95456452	0.21812724	-0.19906384	0.44970895	0.10955036	-0.49204874
0.91352493	0.18226860	-0.17591548	0.43874198	0.12131673	-0.32349619
0.71148983	0.21476712	-0.18271906	0.43794625	0.41152874	-0.49060889
1.03251635	0.37664168	-0.07208062	0.29584724	0.10042776	-0.30675112
0.96439752	0.29432667	-0.11937962	0.27953117	0.32063513	-0.29028509
1.11982511	0.35770079	-0.05817093	0.28463798	0.65639070	-0.41337380
1.08527174	0.33245021	0.06219979	0.10451343	0.53551761	0.10494499
0.97389310	0.14730632	-0.12286022	0.29094912	0.61814379	-0.11730628
1.17424259	0.24638345	-0.03411076	0.18565562	0.86874921	-0.09709228
1.16567196	0.46680332	-0.18243413	0.40703016	0.45657282	0.01366154
1.35511939	0.44016256	-0.36549446	0.09680780	0.11522206	-0.02044847
1.33299490	0.72387071	-0.48248099	0.01446453	-0.09430661	0.10379395
1.22962489	0.69453426	-0.53601248	-0.14889628	-0.04898620	-0.03030168
1.21286781	0.45944530	-0.43594385	0.18921548	0.25997712	0.04511306
0.91700686	0.29052548	-0.37965592	0.12484664	0.25771523	0.27600425
0.90475224	0.18620716	-0.33814166	0.25191665	0.19443777	0.20405534
0.97078263	0.11366235	-0.34693814	0.72082737	-0.38673744	0.27263094
0.81901387	0.28396823	-0.44974007	0.96608221	-0.40767435	0.19720034
0.80103582	0.29648181	-0.39926888	0.94799655	-0.63242855	0.14216341
0.76905525	0.08500520	-0.34909034	0.82741508	-0.48401254	0.29018280
0.99640891	0.28669297	-0.35907792	0.50845084	-0.50609334	0.31259063
0.89268486	0.12549043	-0.53379359	0.38138887	-0.31338605	0.43088586
1.00697575	0.06721208	-0.40132009	0.36047694	-0.20033874	0.53741288
0.76196476	-0.00825997	-0.38554767	0.23825435	-0.08425958	0.42419249
0.79854801	0.19591286	-0.24528789	0.28038148	0.17555528	0.40859466
0.62582562	0.15636548	-0.09609450	0.30284969	-0.10028261	0.28001972
