0.97873289	-0.18644105	-0.28590651	0.00076880	0.00327175	-0.00422337
0.97742074	-0.18319166	-0.29209119	-0.00268499	0.00695623	0.00513701
0.97402599	-0.18359370	-0.29061407	-0.00202455	-0.00404789	0.00621043
0.97506174	-0.18163409	-0.29259217	0.00044592	-0.00310894	0.00137132
0.97194547	-0.17887478	-0.29296952	0.00391531	0.00508948	-0.00225207
0.97422397	-0.18003941	-0.29320490	0.00461212	-0.00546538	0.00184687
0.97702770	-0.18229106	-0.29185788	-0.00103563	0.00316028	0.00082333
0.97583043	-0.18309190	-0.28547679	-0.00232769	0.00321059	-0.00041022
0.97328352	-0.18063063	-0.29101899	-0.00405481	-0.00276021	-0.00116270
0.96950082	-0.18173186	-0.28823153	0.00130009	0.00098612	0.00072425
0.97352483	-0.18180881	-0.28351659	0.00617043	-0.00242377	-0.00286959
0.97797426	-0.18533957	-0.28142710	0.00877452	-0.00478191	-0.00554179
0.97622244	-0.18889182	-0.28340793	0.00810346	-0.00408733	0.00101081
0.97427731	-0.18813152	-0.28205603	0.01142796	-0.01593817	0.00568126
0.97303878	-0.18679303	-0.28535308	0.01750973	-0.01131711	0.01213774
0.97864781	-0.19446934	-0.28208021	0.01899309	-0.01040439	0.00241275
0.97876284	-0.18886318	-0.28792412	0.01779543	0.00673339	-0.00033500
0.98068478	-0.18613155	-0.29128876	0.01431494	0.00567438	0.00760837
0.97913599	-0.18637394	-0.28132583	0.02014001	-0.00153848	0.00409089
0.97796628	-0.17986221	-0.29141480	0.00678313	0.00428981	0.01104794
0.97573826	-0.17474756	-0.29039226	0.00125200	0.00086307	0.00331126
0.97573980	-0.17684749	-0.28755902	0.00391450	-0.00165500	0.00910334
0.97716123	-0.17544653	-0.28573472	-0.00164877	0.00761899	0.01199422
0.97603208	-0.18220659	-0.28238067	0.00051811	0.00863231	0.01619604
0.97620604	-0.18355553	-0.28902007	-0.00228818	-0.00612464	0.00614511
0.97541655	-0.18388396	-0.28696143	0.00783786	0.00010519	0.01351333
0.97227452	-0.19009234	-0.28775747	-0.00033417	0.00269090	-0.00119136
0.97283650	-0.19137521	-0.28021526	0.00108927	0.00385668	-0.00302234
0.97723788	-0.18879637	-0.28385610	-0.00339696	0.00900537	0.00284931
0.97838591	-0.18209980	-0.28605047	-0.00625917	0.00732218	-0.00231413
0.97685768	-0.18275196	-0.28501089	0.00175922	0.01193227	-0.00596995
0.97351499	-0.17971230	-0.28817845	-0.00165785	0.00348645	-0.00595872
0.96961268	-0.17635736	-0.29342356	-0.00599226	0.00121225	-0.00135943
0.96934283	-0.18017684	-0.28645237	-0.00093656	-0.00290910	0.00110507
0.97093934	-0.18479852	-0.28833567	0.00047551	-0.00723258	0.00511612
0.96838460	-0.19098549	-0.29675601	0.01316796	-0.00695765	0.00410655
0.97328880	-0.18865196	-0.29974904	0.00982190	-0.00223888	0.00465408
0.97788064	-0.18457446	-0.29486481	0.00190507	-0.00430690	0.00782093
0.97508959	-0.18952002	-0.29653814	0.01220787	-0.00867912	0.00374898
0.97326199	-0.19257294	-0.29767297	0.01162860	-0.00245928	-0.00063186
0.97558868	-0.18781446	-0.29656092	-0.00108348	-0.00454152	0.00154299
0.97405689	-0.19123397	-0.29393582	0.00526760	0.00313528	-0.00567909
0.97301478	-0.18785838	-0.29205357	-0.00081584	0.00378784	-0.00533976
0.97429970	-0.18208867	-0.29400152	0.00246680	0.00014382	0.00272515
0.97371363	-0.18912069	-0.29019224	0.00724904	0.00526454	-0.00357813
0.97464418	-0.19309783	-0.28084160	0.00361081	0.00311466	-0.00258453
0.97383526	-0.19197135	-0.28250492	0.00698118	0.01146809	-0.00490244
0.97073411	-0.19261902	-0.28667725	0.00659949	0.01428237	-0.01054509
0.97124409	-0.18961579	-0.28397527	0.00150364	0.00686312	-0.00429402
0.97411452	-0.19174107	-0.28091467	0.00516007	-0.00056341	-0.00775470
0.97382406	-0.18638608	-0.28449556	0.00252210	-0.00943796	0.00138085
0.97496947	-0.18472931	-0.28190095	0.00461114	-0.00884701	0.00740807
0.97388001	-0.18630320	-0.28659223	-0.00327014	-0.01250807	0.00700032
0.97333035	-0.18533655	-0.28857016	0.00243444	-0.00169912	-0.00233916
0.97301527	-0.18952641	-0.29229044	0.00131768	0.00015861	0.00401117
0.97221261	-0.18749601	-0.28827944	0.00045917	0.00351687	-0.00219764
0.97553965	-0.19023131	-0.28823888	0.00143879	0.00402417	0.00392925
0.97343266	-0.19412105	-0.27733326	-0.00002689	-0.00246918	-0.00202617
0.97804942	-0.19324981	-0.28395186	-0.00237553	-0.00324403	-0.00071943
0.97559314	-0.19145039	-0.28306171	0.00355256	-0.00176233	0.00009323
0.97713307	-0.18771795	-0.28538037	-0.00367153	0.00466495	0.00218675
0.97388952	-0.18626382	-0.29190959	-0.00873260	0.00603455	-0.00151363
0.97354437	-0.19086725	-0.29833824	-0.00439085	0.00760729	0.01114764
0.97142308	-0.18641879	-0.28933013	-0.00397174	0.00089700	-0.00300821
0.97313254	-0.18682353	-0.29108575	0.00497007	0.00765582	-0.00336849
0.97503507	-0.18543067	-0.29548694	0.01264206	0.00500785	-0.00772852
0.97537078	-0.18872200	-0.29202570	0.00889673	0.00436532	0.00037196
0.97777842	-0.19116183	-0.29020294	0.01250812	0.00355190	-0.00305951
0.97670283	-0.19225117	-0.28531257	0.00843032	0.00206930	-0.00501231
0.97641007	-0.18985684	-0.29182022	0.00531310	0.00320824	-0.00353757
0.97806813	-0.18829083	-0.29232699	0.01400616	-0.00198218	-0.00526578
0.97357048	-0.18653890	-0.28883141	0.01127050	0.00414872	0.00195766
0.97221541	-0.18697570	-0.29095753	0.00929780	0.00072661	-0.00508079
0.97295460	-0.18759642	-0.27892948	0.00591622	0.00283808	-0.00159866
0.97621172	-0.18873294	-0.27481686	0.00379041	0.00458675	-0.00176279
0.97742692	-0.18959546	-0.27491728	-0.00050471	0.00321916	-0.00289038
0.98058843	-0.18759747	-0.27929095	0.00706923	0.00689968	-0.00367309
0.98033106	-0.18935812	-0.28495089	0.00355415	-0.00557130	-0.00403288
0.97578991	-0.18367227	-0.28831608	0.00908831	0.01252624	-0.00486694
0.97259977	-0.18483829	-0.28691397	0.00687403	0.01106874	-0.01169788
0.97534127	-0.18877904	-0.28320214	-0.00066488	0.01281259	-0.01352170
0.97714495	-0.18525142	-0.28763453	-0.00055995	0.02169641	-0.00951440
0.98127942	-0.18646225	-0.28744796	-0.00271483	0.02254522	-0.01026630
0.98051811	-0.18265315	-0.28865284	-0.00930392	0.01734082	-0.00609473
0.97650528	-0.18142502	-0.28749416	-0.00697669	0.02309059	-0.01498868
0.98053896	-0.18268274	-0.28945129	-0.00688743	0.02889930	-0.00801733
0.97617819	-0.19072118	-0.28880863	-0.00841356	0.02356847	-0.01433763
0.97623527	-0.18473998	-0.28306523	-0.01219936	0.02487458	-0.01971132
0.97843996	-0.17731153	-0.28191780	-0.01568613	0.01929046	-0.01650717
0.97375818	-0.18016998	-0.28470691	-0.01318950	0.01469322	-0.01119902
0.97440106	-0.18316667	-0.28155583	-0.01888745	0.01853125	-0.00724501
0.97451769	-0.18262721	-0.28001362	-0.01803703	0.01563461	-0.00806203
0.97788048	-0.18122569	-0.27563164	-0.01021816	0.01037758	-0.00412882
0.97616627	-0.18094732	-0.28153684	-0.01030092	0.00570266	-0.00686437
0.97199959	-0.18054394	-0.27994186	-0.01005787	0.00923814	-0.01420227
0.97010478	-0.18402247	-0.28497128	-0.00600815	0.00447702	-0.01085509
0.97440867	-0.18452236	-0.28573122	-0.00877080	0.00382254	-0.01112613
0.97641276	-0.18739922	-0.29054248	-0.00871498	-0.00428001	-0.00906610
0.97885279	-0.18285579	-0.28548012	-0.00440034	0.00831749	-0.01330346
0.98278760	-0.18610836	-0.28307422	-0.00754287	0.00649447	-0.01061253
0.97816604	-0.18332184	-0.28607666	-0.00103716	0.00553254	-0.00233702
0.97427097	-0.18384575	-0.28666757	-0.00433039	0.00717392	-0.00577682
0.97605452	-0.18667673	-0.28770277	-0.00217341	0.00095586	0.00059079
0.97668006	-0.18580606	-0.28136382	-0.00787633	0.00301881	-0.00507828
0.97697496	-0.18955667	-0.27806529	0.00310282	0.00364049	-0.00229774
0.97940555	-0.18566676	-0.27732354	-0.00430928	0.00456243	-0.00749554
0.97980168	-0.18125465	-0.28544843	-0.00545060	0.00300274	-0.00866085
0.97755464	-0.18230577	-0.29036023	-0.00207082	-0.00311151	0.00257439
0.97618794	-0.18289054	-0.28623597	0.00314635	0.00055813	-0.00288227
0.97353378	-0.18294008	-0.28514735	0.00722301	-0.00321567	0.00085580
0.97409148	-0.17998449	-0.28158122	-0.00043445	0.00233121	0.00380715
0.97761137	-0.18033276	-0.28365731	0.00538602	0.00840182	-0.00330043
0.97631544	-0.18143071	-0.28662033	0.00284269	-0.00268360	-0.00106988
0.97858104	-0.18400651	-0.28732930	-0.00231232	0.01025525	-0.00438895
0.97522208	-0.18769116	-0.28305636	-0.00742844	-0.00116132	-0.00218075
0.97577650	-0.18268621	-0.28542009	-0.00102722	-0.00706715	-0.00396040
0.97611893	-0.17820341	-0.28001681	0.00236781	0.00347441	0.00155211
0.97683477	-0.18092697	-0.28435351	-0.00252785	-0.00996465	0.00082872
0.97495778	-0.17916057	-0.28224027	-0.00921102	0.00560362	-0.00732679
0.97745436	-0.17998272	-0.28014089	-0.00551471	0.00473245	-0.00262499
0.97389193	-0.18421658	-0.28301028	-0.01268574	0.00578134	0.00058568
0.97750968	-0.18346026	-0.27842467	-0.00099924	-0.00190350	0.00433018
0.97727575	-0.18405098	-0.27906653	-0.00724304	0.00239698	0.01160382
0.97509001	-0.18151822	-0.27956112	-0.00315880	0.01165187	0.00047014
0.97765830	-0.18155415	-0.27722416	0.00026668	0.01048918	-0.00241669
0.97759150	-0.18353497	-0.27672718	0.00304371	0.00194027	-0.00578850
0.97638532	-0.18481688	-0.27891291	-0.00347980	0.00686552	-0.00189781
0.97638416	-0.18436200	-0.28162848	0.00452021	-0.00815251	-0.00139697
