0.95201725	-0.18612658	-0.36610730	-0.00636183	-0.00787320	0.00386851
0.95106718	-0.18626388	-0.36306471	0.00504234	-0.01189141	0.00245097
0.95001031	-0.18954136	-0.36453433	0.01563010	-0.01005004	-0.00367537
0.94907496	-0.18701883	-0.36200234	0.02902528	-0.00571474	0.00178462
0.94710538	-0.19039591	-0.36677636	0.01784004	0.00722358	0.00396682
0.94735709	-0.19102562	-0.36642670	0.01070103	0.00665755	-0.00003613
0.95144207	-0.18634329	-0.36195218	0.00444423	-0.00419359	0.00026881
0.94689879	-0.18804768	-0.35887069	0.00191955	-0.00234991	-0.00504457
0.94454027	-0.18410303	-0.35660708	0.01310513	0.00483456	0.00155361
0.94344032	-0.18358394	-0.35839078	0.01357314	0.00600336	0.00227473
0.94382757	-0.18542637	-0.35399473	0.00195192	0.00477324	0.00430254
0.94743935	-0.18824651	-0.36055301	-0.00388246	0.00077060	0.00052762
0.95045137	-0.18584185	-0.35858306	0.00432759	0.00267451	0.00028263
0.94954126	-0.18521768	-0.35503469	0.00131935	0.01198398	0.00553696
0.94823800	-0.18674478	-0.35843126	0.01684844	-0.00733417	0.00906389
0.94973487	-0.18989316	-0.35360358	-0.00568029	-0.00003553	0.00902976
0.94558507	-0.18707134	-0.35897595	0.00148430	0.00212658	0.00288164
0.94754995	-0.19374564	-0.36110434	-0.00505567	-0.00677949	0.00573984
0.95080661	-0.19739464	-0.36468684	0.01634547	-0.01327595	0.00188094
0.95048545	-0.19793135	-0.36341205	0.00640798	0.00047195	0.00401283
0.95015756	-0.19302776	-0.35805280	-0.00239650	-0.00067429	0.00309208
0.94983710	-0.18884175	-0.36127162	-0.00294834	-0.01486029	0.00914357
0.94678258	-0.18969393	-0.36151007	-0.00877555	-0.01000584	0.00831877
0.94814723	-0.19224773	-0.36645069	-0.01278711	0.01009094	0.00088811
0.94739245	-0.18376641	-0.35877750	-0.01083213	0.00651684	0.00271534
0.94599597	-0.19442963	-0.35236164	-0.00638358	-0.00949839	0.00915154
0.94618189	-0.18994128	-0.35865314	-0.00237538	-0.01479542	0.00755394
0.94711204	-0.19125278	-0.35989877	0.00915202	-0.00188742	0.00086331
0.94530862	-0.19508205	-0.35656288	-0.00306658	0.02216496	-0.00807153
0.95062395	-0.19700832	-0.35954146	0.00409166	0.00454780	-0.00401026
0.95124234	-0.18844971	-0.35553603	-0.00262673	0.01405844	0.00023110
0.94954656	-0.19233983	-0.36009609	-0.00648295	-0.00193769	-0.00423983
0.94748400	-0.19261405	-0.35372880	0.00530443	-0.01515435	-0.00273902
0.94627658	-0.18979367	-0.35701567	0.01061010	-0.00503930	0.00113008
0.94938349	-0.18795924	-0.35890103	0.00905420	-0.00403918	0.00299256
0.94784537	-0.19164846	-0.35236321	0.00334498	-0.00170722	0.00444448
0.94743000	-0.19421874	-0.36026576	-0.00844020	0.00167572	0.00254300
0.94620821	-0.19399877	-0.36378182	-0.00690061	0.00016627	0.00345634
0.94713768	-0.19370174	-0.36620565	0.01142814	-0.01032006	0.00319354
0.94964517	-0.18643015	-0.36566772	0.00665994	-0.00619224	0.00507243
0.94862354	-0.19620264	-0.36378488	0.01183373	-0.00341480	0.00592200
0.94588790	-0.19086596	-0.36091753	0.00081325	-0.00182312	0.00713532
0.94841372	-0.18808807	-0.36282493	-0.00837175	-0.00000447	0.00686830
0.94629812	-0.19004606	-0.36361817	-0.00087561	-0.00631100	0.00596566
0.94826172	-0.19150648	-0.36543929	-0.00494646	-0.00591670	0.00857368
0.94754318	-0.19246570	-0.36994513	-0.00394385	-0.00332856	0.00656036
0.95137828	-0.19638150	-0.37086247	-0.00459958	-0.00260956	0.01024779
0.94871553	-0.19801340	-0.36371798	-0.00112121	-0.00701768	0.00650084
0.94136445	-0.19232555	-0.35952206	-0.01823196	-0.00465939	0.00467895
0.94048146	-0.19805912	-0.35816982	-0.01194196	0.00006448	0.00126573
0.94653506	-0.19429957	-0.35175815	-0.01489271	-0.00704732	0.00163775
0.94407310	-0.18485913	-0.35393318	-0.01649964	0.00153386	-0.00092813
0.94635188	-0.19257990	-0.35925912	-0.01208971	0.00152785	0.00556336
0.94862141	-0.19000323	-0.36078798	-0.01284346	-0.00989861	0.00500984
0.95024765	-0.18641511	-0.36160295	-0.00675582	-0.00668650	0.00035692
0.94896695	-0.19063616	-0.35861644	-0.00485090	-0.01400655	0.00115522
0.95008388	-0.19088195	-0.36385599	-0.00011516	-0.00168782	-0.00876969
0.94638815	-0.19460986	-0.35873801	-0.00732760	-0.00713661	-0.00917991
0.94443276	-0.18855813	-0.35806523	0.00147679	-0.00872703	-0.00569665
0.94450470	-0.18742408	-0.35834927	-0.00340516	-0.00740220	-0.00916050
0.94296205	-0.18957267	-0.35911162	-0.00108209	-0.00880303	-0.00988747
0.94526954	-0.18802543	-0.36590035	-0.00687669	0.00410042	-0.00363911
0.94377977	-0.18924633	-0.36737543	-0.00324681	0.00535135	-0.00163650
0.94378401	-0.19020228	-0.36511731	0.00108898	-0.00233204	0.00106921
0.94538801	-0.18399745	-0.36569843	-0.00992074	-0.00449354	-0.00225384
0.94419563	-0.18707507	-0.36468111	-0.01182547	-0.00507038	-0.00948432
0.94521844	-0.19218907	-0.36287607	-0.01339871	0.00424594	-0.00674933
0.94475401	-0.18914825	-0.35840422	-0.03088544	0.00949737	-0.01285942
0.94387761	-0.18485545	-0.35398499	-0.03682642	0.01108809	-0.00768908
0.94364361	-0.18800339	-0.35484709	-0.03741300	0.01685202	-0.00664251
0.94557314	-0.18532247	-0.35394525	-0.04135415	0.01107648	-0.01181818
0.94660521	-0.18645918	-0.35715096	-0.03957183	0.01018871	-0.01181416
0.94757690	-0.18516054	-0.35924699	-0.03728176	0.01166552	-0.01305868
0.94944634	-0.18664072	-0.36286651	-0.03223296	0.01628620	-0.01214269
0.94719071	-0.19091224	-0.36982292	-0.03716989	0.02296600	-0.01420312
0.94305693	-0.18696395	-0.37021842	-0.03075210	0.01910986	-0.01156801
0.94310772	-0.18679071	-0.36606697	-0.04307536	0.02700737	-0.01023436
0.94237918	-0.18929825	-0.36455501	-0.03612348	0.01940669	-0.01485148
0.94363558	-0.18611398	-0.36772687	-0.02871025	0.03328688	-0.01241916
0.94324653	-0.19093999	-0.36676845	-0.02114431	0.01905223	-0.00965677
0.94434375	-0.18486197	-0.36876254	-0.03355812	0.01487272	-0.00823587
0.94895765	-0.18557050	-0.36950836	-0.03029794	0.00554329	-0.00938921
0.94992646	-0.18353343	-0.36389477	-0.02422769	0.01099138	-0.00892479
0.95023594	-0.18146603	-0.37007586	-0.02672557	0.00477815	-0.00297639
0.94805996	-0.18142895	-0.37173223	-0.03469337	-0.00095582	0.00003824
0.94326306	-0.18321527	-0.36865567	-0.03111836	-0.00777413	-0.00087778
0.93929209	-0.17912362	-0.36992140	-0.03133928	-0.00396152	0.00804063
0.94087467	-0.17502793	-0.36381162	-0.02509313	-0.00439945	0.00135688
0.94913153	-0.18200991	-0.35883718	-0.02480081	-0.01365222	0.00173369
0.94690409	-0.17445225	-0.36591719	-0.03580853	-0.01138914	-0.00149773
0.94575913	-0.18186045	-0.37346578	-0.03061388	-0.01791807	-0.00051348
0.94871054	-0.17817214	-0.37695033	-0.02451722	-0.01618511	0.00253837
0.94628281	-0.18276184	-0.36996231	-0.02691853	-0.01278596	0.01182129
0.94661523	-0.18553383	-0.36899107	-0.01184554	-0.02075284	0.01225506
0.95069575	-0.19025600	-0.36881623	-0.01696969	-0.02555754	0.00897442
0.95040224	-0.18801578	-0.36669150	0.00144989	-0.02052742	0.01114907
0.95416248	-0.18576458	-0.36959059	-0.00138149	-0.03026762	0.00868952
0.94875974	-0.18474531	-0.37141956	-0.00039978	-0.02291849	0.00554160
0.94652597	-0.18516805	-0.37257474	0.00291983	-0.02173307	0.00109734
0.94865597	-0.18169128	-0.37700249	-0.00840184	-0.02052897	0.00419819
0.94924184	-0.18448056	-0.37594243	0.00371323	0.00397951	0.00049670
0.94880382	-0.17973242	-0.37260436	-0.00717385	0.00172685	-0.00190201
0.94817194	-0.17657282	-0.36581193	-0.01400986	0.01767537	0.00017997
0.94506537	-0.18004527	-0.36108153	0.00342971	0.00317256	-0.00052231
0.94858800	-0.17652121	-0.35946081	0.00276229	-0.00334561	-0.00336033
0.94752947	-0.17599301	-0.35994887	0.02124300	-0.00671144	-0.00279522
0.95119573	-0.18137338	-0.36170847	0.01580700	0.00216866	-0.00354935
0.94877299	-0.18413719	-0.35949851	0.02165058	-0.00425701	-0.00218141
0.94560651	-0.18757001	-0.35526001	-0.00278852	-0.00297916	-0.00672351
0.94596551	-0.18649890	-0.35758436	0.01193309	0.00238743	0.00101610
0.94778565	-0.18356114	-0.36355009	-0.00018693	-0.00358845	0.00034106
0.94711235	-0.18589254	-0.36659343	-0.00544772	0.00125066	-0.00116897
0.94836667	-0.18035117	-0.36482912	0.00358175	-0.00232179	0.00129550
0.94586830	-0.18093938	-0.36643306	0.00224585	-0.00250323	0.00314731
0.94938687	-0.18287325	-0.36827425	0.00874036	0.00036263	0.00249206
0.94777510	-0.17964373	-0.36482343	0.00385893	-0.00808872	-0.00177330
0.94906485	-0.17602896	-0.36491778	0.00191659	-0.00854674	0.00382583
0.94843009	-0.17841879	-0.36854032	0.01246137	-0.01814794	0.00074155
0.94540258	-0.18054205	-0.36212626	0.00211491	-0.00749206	0.00500051
0.94478444	-0.17622451	-0.36501949	-0.00148170	-0.00930245	0.00695021
0.94450569	-0.17748572	-0.36920005	0.00414403	-0.00355570	0.00636263
0.94421374	-0.17489769	-0.36814702	0.00727540	0.00144330	0.00277526
0.94550797	-0.17247424	-0.36928988	0.00295330	-0.00462365	0.00085629
0.94509565	-0.17385613	-0.37373663	0.01353045	-0.00975032	0.00647640
0.94643106	-0.17938347	-0.36876726	0.00274690	-0.01205577	0.00315447
0.94670668	-0.18031013	-0.37361494	0.00785423	-0.00110503	-0.00262211
0.94666720	-0.18417515	-0.36679035	0.00486450	-0.00288772	-0.00213961
0.94827440	-0.18466763	-0.36890424	-0.00069120	0.00036279	0.00027440
