1.01479583	0.08481336	-0.11469061	-0.00785868	-0.00276374	0.02929327
1.01408665	0.08325790	-0.10774539	-0.00458153	-0.00768335	0.02831271
1.01533891	0.08504405	-0.10697027	-0.00581318	-0.01006820	0.02444250
1.01850353	0.08761624	-0.10761956	-0.00443924	-0.00651349	0.02176441
1.01904705	0.08843124	-0.10934638	-0.00003064	-0.00552213	0.02523696
1.02038828	0.08553934	-0.10451138	-0.00387168	-0.00850260	0.02197824
1.01683230	0.08460790	-0.10925461	-0.00209039	-0.00973709	0.02130175
1.01591935	0.08267903	-0.11188397	0.00085278	-0.00988152	0.02357202
1.01560359	0.08391662	-0.11466894	-0.00083896	-0.01098970	0.02242708
1.01677847	0.08762243	-0.11158759	-0.00361711	-0.01183803	0.01833361
1.01807159	0.08119630	-0.11251667	-0.00308708	-0.01177310	0.01628166
1.01816581	0.08028795	-0.11062641	0.00392546	-0.00517035	0.02030947
1.01626994	0.08050582	-0.10530139	0.00317006	-0.00796934	0.01650732
1.01690791	0.07944571	-0.10786166	0.00030048	-0.00462775	0.02405547
1.01705554	0.08086394	-0.10691007	0.00098016	-0.00370517	0.01577381
1.01668170	0.08044531	-0.10423282	-0.00012179	-0.00194191	0.01984846
1.01843006	0.08246763	-0.10728101	-0.00146585	-0.00555166	0.01723001
1.01943133	0.08252359	-0.11454102	0.00182496	-0.00726409	0.01502964
1.01872800	0.07985968	-0.10619397	-0.00254752	-0.00918483	0.01898773
1.01717827	0.08358513	-0.10466525	-0.00154113	-0.00563951	0.02100856
1.01904485	0.08169620	-0.11104389	0.00020680	-0.01015682	0.01657530
1.02104593	0.08022370	-0.11620514	-0.00148514	-0.01053663	0.01529368
1.01887626	0.07989921	-0.12328329	0.00134002	-0.00759334	0.01225478
1.01661074	0.08133837	-0.11315146	0.00195863	-0.00402877	0.01544259
1.01467821	0.08117787	-0.10834718	-0.00507326	-0.00653849	0.01548236
1.01420489	0.08216907	-0.10188799	0.00015283	-0.00680448	0.01103037
1.01551362	0.08205965	-0.10407246	-0.00087051	-0.00591910	0.01577162
1.01696385	0.08041858	-0.11328311	-0.00269288	-0.00711495	0.01196949
1.02203273	0.08334309	-0.11477479	-0.00239150	-0.00385234	0.01431103
1.01810667	0.08372289	-0.12159364	-0.01085216	0.00339672	0.01608676
1.01304535	0.08257590	-0.11186038	-0.00932051	0.00406021	0.01189804
1.01685330	0.08715999	-0.10740445	-0.00155618	0.00056894	0.00263320
1.01414855	0.08383774	-0.10757140	0.00032178	-0.00388574	0.01117391
1.01704739	0.08644036	-0.10333473	0.00090197	0.00168931	0.01195479
1.01620196	0.08981701	-0.09502370	-0.00372417	0.00212412	0.01316994
1.01455471	0.09088463	-0.09632363	-0.00521009	-0.00466304	0.01211872
1.01582191	0.08518674	-0.10541976	-0.00291447	-0.00932673	0.00910406
1.01535013	0.07533374	-0.10402576	-0.00050451	-0.00386584	0.01013267
1.01656564	0.08079290	-0.10797854	-0.00159717	-0.00645690	0.01096765
1.01501039	0.08490949	-0.10524766	0.00356978	-0.00553251	0.01326423
1.01591636	0.08016705	-0.11234127	0.00464073	-0.00479270	0.01560814
1.01643025	0.07929601	-0.11021207	0.00503579	0.00270098	0.00997074
1.01689110	0.07946410	-0.10655624	0.00112396	0.00201923	0.01175056
1.01677719	0.07717035	-0.10961230	0.00804513	0.00072800	0.01944844
1.01569355	0.08211187	-0.10470953	0.00254142	0.00065439	0.01378968
1.01783331	0.08784870	-0.10457615	0.00417995	0.00164435	0.00583899
1.01684268	0.08559980	-0.10643748	0.00511923	-0.00046176	0.00824905
1.01620802	0.08246069	-0.10959575	0.00449912	0.00272791	0.01452372
1.01556785	0.08476809	-0.10607679	0.00045859	0.00109114	0.01293088
1.01568898	0.08313967	-0.11064465	-0.00012378	-0.00026648	0.01384791
1.01461977	0.08389325	-0.10610631	0.00402311	0.00574571	0.01130992
1.01500963	0.08438833	-0.09357874	-0.00131617	0.00833091	0.00493293
1.01316545	0.08298630	-0.10087810	0.00206376	0.00077943	0.00744545
1.01526188	0.08144079	-0.09756596	0.00004612	0.00703214	0.00959902
1.01258742	0.08292300	-0.10352471	0.00255337	0.00410391	0.00825767
1.01488371	0.08426360	-0.11083877	0.00233339	0.00240265	0.00860621
1.01331635	0.08500487	-0.11087730	0.00470620	-0.00257127	0.01384573
1.01357160	0.07865144	-0.10593603	0.00120052	-0.00359976	0.01228409
1.01686374	0.07798278	-0.09655487	0.00618121	-0.00283324	0.01068981
1.01783495	0.07805168	-0.09953615	0.00251437	0.00243987	0.00988703
1.01678688	0.07915012	-0.10160360	0.00840457	0.00272778	0.01225425
1.02067112	0.08134293	-0.10315468	0.00246307	0.00407113	0.00362437
1.01764546	0.08612268	-0.09941131	0.00342314	0.00227320	0.00834499
1.01697411	0.08446680	-0.10302797	0.00727787	0.00112762	0.00819558
1.01763065	0.08148770	-0.10141235	-0.00027434	0.00242998	0.01306451
1.02042225	0.07906314	-0.10389935	-0.00562522	0.00381931	0.00402974
1.02014057	0.07701095	-0.10715500	-0.00252688	0.00136734	0.00569409
1.01737796	0.08028840	-0.10875764	-0.00232842	0.00369758	0.01019386
1.01699709	0.07982512	-0.10432225	-0.00114378	0.00155487	0.00184119
1.01475066	0.08567973	-0.10769216	0.00905452	0.00598209	0.00069136
1.01557960	0.07996549	-0.10547047	0.01067457	0.00362761	0.00326161
1.01608888	0.08082559	-0.10629178	0.00740797	0.00514424	0.00075273
1.01376217	0.08037389	-0.10875524	0.00230700	0.00224229	0.00630162
1.01560329	0.08053870	-0.10215058	-0.00067327	-0.00613171	0.00921240
1.01636196	0.08397476	-0.10650353	0.00669805	-0.00629478	0.00870225
1.01740373	0.08574965	-0.10361563	0.00706170	0.00168836	0.00314135
1.01735090	0.08700550	-0.10471133	0.00138875	-0.00139481	0.00530768
1.01532318	0.08589808	-0.10550642	0.00342536	0.00185603	0.00776608
1.01579179	0.08596264	-0.10459722	0.00923820	0.00149050	0.00958469
1.01626426	0.08628065	-0.10993421	0.00115967	-0.00156539	0.00362587
1.01854203	0.08262299	-0.11104441	0.00340274	-0.00259465	0.01009185
1.02081161	0.08277645	-0.10850117	0.00374452	-0.00391141	0.00845107
1.02166162	0.08433851	-0.11296189	0.00134984	-0.00269712	0.01045544
1.01762414	0.08490398	-0.10951616	0.00218562	-0.00119561	0.00427718
1.01395523	0.08771703	-0.10777726	0.00440471	0.00430980	0.00603769
1.01522578	0.08778711	-0.11398062	0.00132632	-0.00019627	0.00199585
1.01579857	0.08322245	-0.12564584	0.00573991	-0.00371361	0.00462430
1.01357350	0.08330829	-0.11259908	-0.00053363	-0.00392235	-0.00260028
1.01117079	0.08453714	-0.11440806	0.00070183	-0.00261866	0.00038904
1.01139001	0.08419589	-0.11673633	0.00393292	-0.00768253	0.00828671
1.01280150	0.08244222	-0.11444440	0.00267589	-0.00688075	0.00044833
1.01586079	0.08399003	-0.10332704	0.00220429	-0.00439803	0.00576156
1.01775805	0.08388158	-0.10526873	0.00317009	-0.00110446	0.00337588
1.01253770	0.08721872	-0.11157167	0.00251262	-0.00363311	-0.00153448
1.01511117	0.08391971	-0.10966657	0.00766687	-0.00613792	0.00347824
1.01533107	0.07899219	-0.10372193	0.00797839	-0.00878814	0.00027842
1.01359668	0.08458370	-0.10867853	0.00572789	-0.00805776	-0.00123910
1.01664715	0.08843139	-0.10033748	0.00235489	-0.00330382	-0.00464499
1.01729034	0.08371488	-0.09942178	0.00603720	-0.00145609	-0.00193753
1.01480254	0.08539152	-0.10466793	0.00980468	-0.00770852	0.00152252
1.01329542	0.08535049	-0.10798228	0.00825174	-0.00335328	0.00410847
1.01493151	0.08547194	-0.10831343	0.00113723	-0.00251201	0.00220656
1.01805420	0.08332957	-0.10402286	-0.00081662	-0.00104428	-0.00176846
1.01945015	0.08550402	-0.09886975	0.00428581	0.00095635	0.00005972
1.01604347	0.08506421	-0.10428159	0.00474344	0.00007574	0.00269322
1.01685970	0.08516896	-0.10276095	0.00493056	0.00016800	0.00063212
1.01823622	0.08756995	-0.10623522	0.00982266	0.00367705	-0.00220227
1.01893559	0.08642967	-0.11117997	0.00830660	0.00144071	0.00256316
1.01606226	0.08442059	-0.10251587	0.00461332	0.00187658	0.00025517
1.01631633	0.08375051	-0.11120338	0.00271110	-0.00681375	-0.00075497
1.01215229	0.08488394	-0.10651937	0.00118847	-0.00477960	-0.00143024
1.01566824	0.08151486	-0.09793097	0.00469262	-0.00474880	0.00257828
1.01642228	0.08118770	-0.09850668	0.00775317	-0.00549936	0.00402388
1.01601430	0.07712526	-0.09971246	0.00540246	-0.00774837	-0.00093966
1.01637598	0.08196055	-0.10674190	0.01397991	-0.00732747	0.00017860
1.01613237	0.08346749	-0.09788805	0.00787428	-0.00711519	-0.00210162
1.01709324	0.08166302	-0.10272225	0.00617639	-0.00876203	0.00070905
1.02118031	0.07678679	-0.10782535	0.00511944	-0.01016042	0.00050176
1.01973403	0.08083483	-0.10917603	0.00488596	-0.01022116	0.00364438
1.01837635	0.08009491	-0.11164443	0.00363324	-0.00818640	0.00241920
1.01492477	0.08155938	-0.10560489	0.00999111	-0.00485237	0.00525381
1.01307593	0.08113479	-0.10597353	0.00979508	-0.00590932	0.00484109
1.01409638	0.08339690	-0.10967230	0.01241230	-0.00491163	0.00483163
1.01877380	0.08464477	-0.11156275	0.01198472	-0.00526657	0.00275281
1.02000779	0.08432454	-0.11240057	0.01195082	-0.00141052	0.00615017
1.01960315	0.08239369	-0.11181027	0.00664656	-0.00308974	0.00241458
1.01578502	0.08598463	-0.11280884	0.00716173	-0.00258134	0.00575854
1.01257330	0.08623324	-0.11281174	0.01247766	-0.00311371	0.00124315
