0.18504754	0.56890753	0.81305652	-0.02856087	-0.00955302	0.01387968
0.18478892	0.57036909	0.80901325	-0.03785029	0.00648932	0.01068014
0.18779468	0.56242241	0.81034442	-0.03292144	0.01843989	0.00830108
0.18997772	0.56851064	0.82776704	-0.01929965	0.01347115	0.00799327
0.18902173	0.56380009	0.82336633	-0.02029740	-0.00047687	0.00378900
0.18758957	0.56489899	0.81292325	-0.02701723	0.00014946	0.00819284
0.18774088	0.56617759	0.82314693	-0.03696830	0.00399900	0.01287414
0.18876345	0.56737929	0.81722724	-0.03267041	0.01460314	0.00884806
0.18750820	0.56234524	0.80811061	-0.03034024	0.01418682	0.01630344
0.19210710	0.57427617	0.80952661	-0.04206956	0.00680785	0.01778076
0.19030766	0.56490468	0.81055331	-0.03380082	0.00488270	0.01502173
0.19203434	0.56203197	0.81324000	-0.03196356	0.00554404	0.01274447
0.19515205	0.55835080	0.81637224	-0.02491913	0.01428139	0.01600893
0.19338709	0.54991616	0.81256451	-0.02190508	0.01630691	0.01002479
0.18766875	0.56404453	0.81047796	-0.01661437	0.01037652	0.00793316
0.18768767	0.55655557	0.81710481	-0.01535121	0.00579091	0.00880895
0.18621662	0.55435325	0.81903856	-0.02036579	0.00391938	0.00943378
0.18729449	0.56456957	0.81534284	-0.02821958	0.00707356	0.01943928
0.18679237	0.56537469	0.81605897	-0.03584889	0.00173939	0.01216311
0.18781451	0.55758561	0.80480828	-0.02519439	0.00536647	0.00926235
0.18987781	0.55383253	0.80206258	-0.03507415	0.00696300	0.00830796
0.18995842	0.55487468	0.81060350	-0.03123257	0.00667742	0.00677379
0.18929011	0.56755404	0.81107212	-0.04114191	0.00470750	0.01159783
0.18727798	0.55934880	0.81655184	-0.03962688	0.01141555	0.00926113
0.18906462	0.56214560	0.81902524	-0.03270361	0.00444727	0.00613304
0.18725590	0.56209867	0.82047860	-0.03130182	0.00979505	0.00955840
0.19064443	0.55905234	0.81520026	-0.02568776	0.01095744	0.01000942
0.18892298	0.55854241	0.81955762	-0.03153287	0.01012770	0.01835051
0.18983014	0.56329054	0.81353628	-0.02627002	0.00701813	0.01520491
0.18854513	0.55651042	0.80317933	-0.03138777	0.00625050	0.00861637
0.18935020	0.56816523	0.81301968	-0.02994693	0.00663539	0.00834171
0.19063416	0.55145847	0.81807848	-0.02065163	0.00578802	0.01249532
0.18912441	0.55971436	0.82234165	-0.01989291	0.01029905	0.01107238
0.19108180	0.55006693	0.82568878	-0.02325300	0.01185838	0.00576318
0.18834700	0.54843281	0.82785223	-0.02488280	0.01391108	0.01036615
0.18404086	0.55906529	0.82821858	-0.03137097	0.00547093	0.01238599
0.18498793	0.56372084	0.82947656	-0.03151881	0.00956472	0.00669126
0.18992189	0.56444624	0.81907470	-0.03101368	-0.00051412	0.01428457
0.18806334	0.56328155	0.81533055	-0.03002208	0.00210859	0.00689699
0.19276929	0.56343216	0.81333629	-0.02921924	0.00412793	0.00808036
0.18779998	0.55926013	0.81816479	-0.03039630	0.00842604	0.00778419
0.18707208	0.54915841	0.81045868	-0.02633313	0.01413730	0.01273453
0.18354729	0.56510886	0.81254316	-0.03255415	0.01347462	0.01257508
0.18368778	0.55048833	0.82102257	-0.03606114	0.00609393	0.00668429
0.18428352	0.54961620	0.81924031	-0.03884326	0.01422154	0.00703118
0.18534988	0.55666710	0.82028123	-0.04503142	0.01438056	0.00817948
0.18405758	0.54964351	0.82259007	-0.03422301	-0.00085816	0.01261087
0.19007221	0.55678110	0.83587090	-0.03268757	-0.00707579	0.02293851
0.19403228	0.55305263	0.81924186	-0.02046471	0.00292866	0.01469449
0.18962891	0.54903926	0.81751840	-0.01411783	0.00914956	0.00420002
0.18810001	0.54474418	0.82043106	-0.01500878	0.00882157	0.01117865
0.18005174	0.54786017	0.81704124	-0.03916331	0.01000177	0.01489697
0.17760168	0.54181028	0.81487452	-0.03705847	0.00293376	0.01953677
0.18069364	0.54699916	0.82686365	-0.03708030	0.01073543	0.01934973
0.18898234	0.55702539	0.81850353	-0.02876378	0.01572829	0.01542327
0.18240607	0.54821441	0.82958648	-0.02842344	0.01428610	0.01652374
0.18164781	0.55292409	0.84258371	-0.03058326	0.01129788	0.01486138
0.18157688	0.54989866	0.83871066	-0.01783616	0.00558577	0.00907444
0.18391920	0.54738818	0.83129671	-0.01379511	0.00745554	0.00900621
0.18652669	0.55932611	0.82156650	-0.01494485	0.01314764	0.00545887
0.18891826	0.53785019	0.82588644	-0.01651032	0.00758042	0.00845987
0.18277574	0.54711123	0.83864367	-0.02416498	0.00234418	0.00405884
0.18186501	0.54330170	0.84074000	-0.01674086	-0.00342483	0.00229303
0.17955576	0.54446778	0.83976995	-0.01319734	-0.00457135	0.00237503
0.18138942	0.55802748	0.82656282	-0.01372820	0.00513098	0.00718728
0.18813925	0.54708963	0.82885386	-0.01462716	0.00563828	0.01210876
0.18948054	0.54893996	0.82381710	-0.01392067	0.01216389	0.00775241
0.18883144	0.54775806	0.81881649	-0.01136101	0.00310222	0.01105184
0.18679013	0.55226931	0.82392564	-0.00911966	-0.00840346	0.01212692
0.19023669	0.54830714	0.82553464	0.00066696	-0.00162924	0.01143843
0.18893398	0.56026657	0.83358381	-0.00032355	-0.00051945	0.00790935
0.19200750	0.55169011	0.82782182	-0.00854137	0.00268727	0.00193499
0.19138351	0.55574476	0.82098539	-0.01627977	0.00779593	0.00680007
0.19053985	0.54675045	0.83194020	-0.01083383	0.00589216	0.00531085
0.18800143	0.55131376	0.83334313	-0.01154222	0.00206783	0.00797337
0.19028820	0.54318650	0.82682261	-0.00705452	0.00024627	0.00857438
0.18964326	0.54033220	0.83015824	-0.01186356	0.00227497	0.00607842
0.19197081	0.54326151	0.82180186	-0.00768399	0.00508594	0.00374875
0.19164053	0.53905222	0.83386457	-0.00781011	0.00523287	0.00751158
0.18787187	0.54250831	0.82469620	-0.01814595	0.00346781	0.00401898
0.18912846	0.54494252	0.82556009	-0.00607868	0.00900049	0.01022972
0.18958039	0.54351430	0.81841437	-0.00825252	0.00607521	0.01028455
0.18523705	0.54803298	0.82774035	-0.01184369	0.01202084	0.01203501
0.18537668	0.54724421	0.83340528	-0.01575167	0.00628472	0.00541907
0.18458221	0.54424561	0.83668224	-0.01617053	0.00661071	0.00425262
0.18710425	0.53786384	0.82689746	-0.01377020	0.01057610	0.00332262
0.18762228	0.54338779	0.82524851	-0.01056206	0.01304120	0.00940901
0.18800733	0.54284552	0.83043920	-0.01256913	0.00934897	0.00788893
0.18961962	0.54693149	0.83150916	-0.01653914	0.01078517	0.00822324
0.18482991	0.54226648	0.82594731	-0.01528011	0.00719520	0.00896776
0.18698922	0.54281436	0.83150685	-0.01106846	0.01103374	0.00951900
0.19069437	0.54027228	0.83467811	-0.01806033	0.00594326	0.00628052
0.18903890	0.53187596	0.83898755	-0.01536751	0.00212426	0.00459706
0.18870049	0.54584491	0.83267887	-0.00434985	0.01072847	0.01395773
0.18666736	0.53993361	0.83189995	-0.00796430	0.01916969	0.01499626
0.18518355	0.53429741	0.83344244	-0.01481124	0.01124474	0.00997332
0.18754210	0.54287747	0.83440427	-0.01534545	0.00551900	0.00768083
0.18571161	0.54017364	0.82511870	-0.02130091	-0.00595779	0.00446052
0.18794098	0.53204517	0.83489546	-0.02407988	-0.00433724	0.00125887
0.19013577	0.53783203	0.83828370	-0.02123753	0.00249658	-0.00305844
0.19275261	0.54601473	0.82344900	-0.01608827	0.01504328	-0.00130112
0.18908645	0.53873465	0.82392897	-0.01302357	0.02240146	0.00165807
0.18181253	0.53841585	0.81655674	-0.01848152	0.00836916	0.00815266
0.17883700	0.54130527	0.82595182	-0.02013092	0.00891902	0.00564080
0.18595738	0.53596697	0.82060365	-0.02692542	0.00769415	0.00724604
0.18955771	0.53295770	0.83416281	-0.02863103	0.00998461	0.00857382
0.18464750	0.52864084	0.83225262	-0.01867927	0.02099622	0.01096108
0.18383605	0.53719880	0.85586234	-0.02204981	0.01040244	0.00878367
0.18848778	0.53547692	0.84962722	-0.00629780	0.00922795	0.00677198
0.18557695	0.52941904	0.84189124	-0.01400559	0.00644637	0.00158072
0.18252656	0.53542756	0.84207713	-0.01858994	0.01011104	0.00554784
0.18366378	0.53046059	0.82800913	-0.01939394	0.01796259	0.00738570
0.18155037	0.53595949	0.82412306	-0.01283739	0.01370619	0.00885740
0.18004221	0.52997960	0.82797708	-0.02601682	0.01025319	0.00750918
0.18410048	0.53629874	0.82348835	-0.01947433	0.01326666	0.00635067
0.18389177	0.53603826	0.83374276	-0.01257465	0.01620023	0.00218500
0.18547503	0.53377272	0.83117975	-0.01776596	0.01599095	-0.00521172
0.18857207	0.53579215	0.83971765	-0.00601899	0.00868355	0.00007248
0.18431175	0.53871233	0.83347040	-0.01986002	0.01024691	0.00284042
0.17890294	0.53979122	0.82646371	-0.02269575	-0.00208750	-0.00177448
0.18226860	0.53143423	0.83169870	-0.01347133	-0.00143798	0.00360484
0.18338145	0.53490451	0.83345692	-0.00625909	-0.00026760	0.00416556
0.18001989	0.53020716	0.83489623	-0.01053832	0.00426341	0.00338063
0.18242040	0.52845626	0.83187668	-0.01546782	0.01485491	0.00816486
0.18287122	0.53086560	0.81880419	-0.00784716	0.01699097	0.01034351
0.17864446	0.53387565	0.82623998	-0.02165438	0.01255550	0.00925156
0.18020748	0.53482979	0.83581490	-0.01364921	0.00885294	0.00560826
0.18384934	0.53706995	0.83066122	-0.00523603	0.00778494	0.01108006
