1.07769369	-0.09671477	0.00156345	-0.16215623	-0.32389745	-0.26514040
1.26251615	-0.27719977	-0.14755696	-0.25783174	-0.94894072	-0.08297731
1.43294497	-0.21836137	-0.12902500	-0.17107371	0.00331856	0.17242928
1.33414983	-0.07963102	-0.03831720	0.19373172	0.87621556	-0.16453212
1.37350524	-0.01248815	0.07552299	-0.03157855	1.39232327	-0.39711168
1.38829928	0.14448320	-0.12183620	0.07674246	-0.01708112	0.14273243
1.51385910	-0.04502211	-0.30676197	0.22000422	-0.61275781	0.22443034
1.57145216	0.03035279	-0.35685276	0.19835084	-0.60080507	0.59802992
1.32930475	-0.20301002	-0.37266375	0.58001616	0.07812031	0.29002057
1.19366667	-0.53411598	-0.41249578	0.36896225	0.86374352	-0.22336658
0.86285498	-0.26663530	-0.45545805	-0.47312153	1.10087297	-0.10956104
0.77160662	-0.00715776	-0.50901025	-0.68872534	0.45504435	-0.21811044
0.61756970	0.03804192	-0.35894906	-0.87470247	-0.43149482	0.07491864
0.53242041	0.03307317	-0.47560580	-0.20796740	-0.26235897	0.33372192
1.05353356	-0.12018935	-0.32038923	0.03877800	-0.08192714	0.07715557
1.18177016	-0.35693134	-0.43079850	0.27429117	0.06169329	-0.25531757
1.06801471	-0.46094385	-0.35697310	0.16328872	0.59970738	-0.53630636
0.96090742	-0.46286734	-0.26185570	0.36569558	0.54464676	-0.68639485
0.85427778	-0.12036110	-0.29658825	0.49358075	-0.03920286	-0.77955079
0.68873993	-0.00107521	-0.19475983	0.26966417	-0.12938937	-0.38681502
0.81433639	0.03682791	-0.25061773	0.27018927	0.03704410	-0.71716099
0.77931441	0.10617193	-0.23642188	0.39719365	-0.41509582	-0.51806548
0.84265235	-0.04285044	-0.14097709	0.46128005	-0.21480424	-0.27949501
0.79708071	0.04725519	-0.18741676	0.77428636	-0.45627853	0.07438205
0.84929630	0.05984026	-0.31049682	0.40021608	0.16238464	-0.20632085
0.59774954	0.07212635	-0.26346440	0.08020546	-0.17452156	0.13065352
0.90320961	0.06961283	-0.25873872	0.55249262	0.06562417	0.17446047
0.72513058	0.10425837	-0.17024697	0.62320463	-0.01560857	0.31180138
0.85075749	0.18717516	-0.05808867	0.33983712	0.18020158	0.26245855
0.77549818	0.07966942	-0.20271623	0.34009360	-0.38435104	0.02743381
1.00822616	-0.01379706	-0.18599751	0.60061333	-0.25879915	0.30859419
0.93629808	0.20450066	-0.34191248	0.38385358	0.19567031	0.23900012
1.08261015	-0.00155417	-0.28263060	-0.23760709	0.35716732	-0.04300733
1.26215514	0.25195143	-0.25128693	-0.17335782	0.60904876	0.02494027
0.99076360	0.21948100	-0.27917695	-0.62123911	0.59033461	-0.12996435
1.10266281	0.07795792	-0.20189899	-0.42571758	0.15942875	-0.13894767
1.15160726	0.15416464	-0.14924302	-0.06662933	-0.22125689	-0.19556740
1.26361671	-0.08229192	-0.00960515	0.47182001	-0.38239545	-0.34321297
1.33053883	-0.13775904	-0.45511360	0.24563957	-0.83636928	-0.35449495
1.38875103	-0.15745963	-0.51680428	-0.22424250	-0.34137780	-0.59753364
1.11338832	-0.30666870	-0.54644072	-0.16591256	0.22530759	-0.08233096
0.97103227	-0.50191270	-0.48246726	0.32470216	0.43201287	-0.19656861
0.94035223	-0.44262825	-0.38650453	0.36668920	0.70909760	-0.59856633
1.00065426	-0.33084344	-0.36494996	0.29571881	0.12309084	-0.44813831
0.98763890	-0.12923058	-0.19218696	0.04871457	-0.47893399	0.07266067
1.17919389	0.04170422	-0.28570921	-0.41939020	-0.77304733	0.16177107
1.30502400	0.09217766	-0.39009314	-0.33406143	-0.14454352	0.14544821
1.18574568	0.08485958	-0.47672074	-0.35652944	0.69952514	0.15403279
1.11230866	0.00054116	-0.39604343	-0.73328149	0.61808314	0.36232111
0.90787343	-0.00696940	-0.31260084	-0.30275219	0.61901897	0.54422125
0.96096843	-0.02880429	-0.34264239	-0.61455958	0.43878108	0.54156379
0.78438730	-0.03595609	-0.13258388	-0.59300327	0.62492532	0.58712816
0.69917859	-0.03261120	-0.17612451	-0.73817227	-0.02934370	0.64441350
0.70616790	-0.21450921	-0.12066649	-0.55917226	0.31720235	0.57249782
0.63875266	-0.01914352	-0.15316002	-0.53694276	0.50956060	0.76993183
0.73993762	-0.01848992	-0.14460577	-0.51093792	0.33246572	0.51004883
0.77409181	-0.10305160	-0.10145238	-0.55435437	0.11904587	0.22175299
0.68622985	-0.06400794	-0.01533119	-0.81162842	-0.08237964	0.31139497
0.74281508	-0.06295964	0.02024454	-0.24877271	-0.53002563	0.38502582
0.69323796	-0.15060321	-0.01843538	-0.52244628	-0.28231548	0.07154638
0.84299245	-0.19813550	0.04622606	-0.16239040	-0.66771065	-0.09965990
0.96741755	-0.09135907	0.10026551	-0.45591454	-0.73767805	0.07059548
1.35664669	-0.07145005	-0.08996561	-0.22902592	-0.38558077	0.09652363
1.23287407	-0.16272120	-0.08466950	-0.04656082	0.44598364	-0.09577100
1.38274414	-0.00744858	-0.01452610	0.00657691	0.35151664	-0.14918092
1.35715385	0.15585408	0.04123382	-0.42856123	0.08484573	-0.08286084
1.19116585	0.14433338	-0.05083836	-0.29456525	-0.61258443	0.02784603
1.48860893	0.00106416	-0.15839091	0.56326957	-0.80619617	0.36128464
1.43540058	-0.25747140	-0.44932549	0.23857145	-0.13002687	0.43437860
1.38058253	-0.40683626	-0.53138644	0.10233239	0.78191965	-0.06552507
0.89886337	-0.34460404	-0.44926850	-0.41168012	1.02851598	-0.11369472
0.79005763	-0.18688876	-0.41987238	-0.52178484	0.48231828	-0.07976360
0.82857641	-0.09491358	-0.52425813	-0.68557622	-0.36696374	-0.18455937
0.81376126	-0.11015962	-0.39876909	-0.59076289	-0.59951669	0.34439442
0.85501672	-0.10742022	-0.36791132	-0.34624127	-1.20257344	0.12739424
1.21408924	-0.37191380	-0.37511244	0.00582498	-0.23191386	-0.08347507
1.18213622	-0.44078156	-0.35775781	0.36520594	0.55566481	-0.31816696
1.06878271	-0.37128963	-0.29010213	0.30120182	0.08829133	-0.49268061
0.77635604	-0.29376735	-0.11459923	0.48051038	0.79962061	-0.67452631
0.81753508	-0.20566831	-0.15725051	0.42169972	0.24977028	-0.34595470
0.61241259	-0.16257009	-0.20030675	0.29373325	-0.20968257	-0.36059454
0.60617061	-0.15280060	-0.18489450	0.51831361	-0.47004883	-0.26443807
0.81060050	-0.06342594	-0.09650177	0.73371265	-0.67139185	-0.05822262
0.78837778	0.16221458	-0.20485473	0.80411876	-0.23941731	-0.08757015
0.72185104	-0.02239400	-0.23373273	0.74941107	-0.00016561	-0.26420121
0.91589229	-0.05409804	-0.22605309	0.57918265	-0.19316248	-0.16934215
1.01279174	0.12178869	-0.29769672	0.49243820	-0.23483382	-0.20465663
0.96620367	0.20645928	-0.24524211	0.43986992	-0.07577747	0.24816683
0.93871729	-0.10703333	-0.20258254	0.46432237	-0.75766285	0.44049704
0.99633472	0.13792982	-0.20722320	0.80136877	-0.03919155	0.13725539
0.99030137	0.13571375	-0.12106770	0.26807585	-0.20730087	0.02892505
1.23178069	0.17523980	-0.14067220	0.43282880	0.03958510	0.18810154
0.98145570	0.21396600	-0.17427973	0.52739221	0.72591829	0.18778243
1.02786287	0.23328975	-0.22245566	0.11199211	-0.04244687	0.20555592
1.15392791	0.31049625	-0.28681241	-0.01574253	0.05677721	-0.09305501
0.99899130	0.08463246	-0.17457422	-0.38420472	0.02551939	0.03683595
1.08580189	0.11165789	-0.07595118	-0.11449240	0.31951667	0.07249419
1.08163679	0.05131141	-0.09487597	0.18178768	-0.36268032	-0.08333452
1.41917898	-0.11971602	0.01918219	0.71808951	-0.48064496	-0.02148304
1.33895863	-0.06965443	-0.37732404	0.32303158	-0.40768152	-0.30382543
1.01613931	-0.16461719	-0.53084976	-0.31826236	-0.26376511	-0.60325588
1.17433937	-0.12803950	-0.49122401	-0.51761971	-0.24493683	-0.41274983
0.94669914	-0.26242983	-0.42435488	0.21844685	0.03099680	-0.11569239
1.01035111	-0.17830220	-0.41138347	0.03840415	0.22358873	-0.23696205
0.90415424	-0.26502101	-0.38140702	0.29101549	-0.20356623	-0.28115928
1.09047747	-0.16144448	-0.28977768	0.14263211	-0.49203421	-0.14903815
1.28945933	0.15193717	-0.47223400	-0.19169960	-0.06515280	0.07227615
1.27740364	0.06975829	-0.25529199	-0.13440552	0.25934061	0.13254421
1.25750268	0.07761864	-0.33403231	-0.60327157	0.76003379	0.21923418
0.94067972	-0.06399943	-0.39638936	-0.70012936	0.76315127	0.40089724
0.78398025	-0.08955892	-0.32939602	-0.86860567	0.43191111	0.39191272
0.77590833	-0.00888397	-0.24911870	-0.43553272	0.59366570	0.26721523
0.83238947	-0.16422378	-0.16178682	-0.92685900	0.20773258	0.37232693
0.65803754	-0.11616303	-0.13959866	-0.57512977	0.52123992	0.67980642
0.58139221	-0.07479242	-0.20357032	-0.71624233	0.16546492	0.41680363
0.71237129	0.04379454	-0.10287548	-0.88440030	-0.01988131	0.44671193
0.76756257	-0.09117281	-0.02815365	-0.50147994	0.23127673	0.43359980
0.61841436	-0.17307257	0.01847961	-0.49828942	0.19877080	0.45492926
0.70262428	-0.13566904	0.06250654	-0.57557581	-0.14817304	0.30556823
0.69217396	-0.16226596	0.01728060	-0.39814938	0.17077937	0.17962211
0.83249285	-0.13351518	0.04919216	-0.17366427	-0.30796991	-0.01650106
0.96468767	0.14352956	-0.10385459	-0.27458898	-0.55654204	-0.16318941
1.09928863	-0.01957913	-0.04780854	-0.40404837	-0.80581202	-0.12217429
1.06906017	-0.20814945	-0.08542709	0.08537623	-1.33590309	0.04548628
1.19762699	-0.32405311	-0.18433459	-0.06278747	-0.03366642	0.34304034
1.36086837	-0.16411285	-0.12561420	0.28087656	0.51804726	-0.23446046
1.45979512	-0.08254715	-0.02876451	-0.00186865	1.03014221	-0.02809183
1.18289253	0.09768320	-0.03283778	-0.10425278	-0.14572962	-0.05899424
