0.90778107	-0.25381682	-0.15771257	0.20085914	0.15568499	-0.71993291
0.69400597	0.01602687	-0.08206279	0.67208942	-0.18732257	-0.50295895
0.69130293	0.12341055	-0.16803231	0.45849263	-0.24220277	-0.35113448
0.84308170	0.00139863	-0.17851813	0.62897919	-0.60168222	-0.22107317
0.76139985	-0.18382185	-0.24217112	0.76321257	-0.16341178	-0.12691932
0.91204075	-0.08445342	-0.22375779	0.56506139	-0.51369681	-0.37765076
0.92160597	-0.08632287	-0.19054268	0.62737177	-0.60200204	-0.46300790
0.98230883	0.15745129	-0.25279375	0.67608403	0.05243540	-0.36894771
0.93384189	0.15649144	-0.23054428	0.47470066	-0.38410429	-0.16350745
1.01178616	0.26697133	-0.28997573	0.41010975	-0.14651850	-0.13521009
0.91666162	0.17435311	-0.23127614	0.32154986	-0.49881369	0.06704421
0.92041477	0.21818586	-0.07582966	0.57362258	-0.09872818	0.34609006
0.93227045	0.02023304	-0.17262513	0.44586587	0.13462349	0.02458231
1.08575763	0.29742446	-0.19602897	0.48601443	0.06233387	0.22399065
1.03867857	0.11139817	-0.18373593	0.15219526	0.10422207	-0.00402400
1.10623652	0.24127817	-0.27617223	-0.06549722	0.21531548	-0.17116862
1.07596246	0.22537853	-0.25419893	-0.57609434	0.25671947	-0.00503406
1.30832934	0.19312905	-0.08597520	-0.46421382	0.70840850	-0.09631930
1.27104186	0.02625291	0.04701303	-0.27960505	0.03871054	0.01222226
1.02893979	0.07656248	-0.17405748	-0.00051645	-0.16921776	-0.16305463
1.22868385	-0.30330453	-0.37820963	-0.23422137	-0.90486105	-0.32654068
1.18566832	-0.10706625	-0.47055193	-0.54986881	-0.33742981	-0.34083658
1.12774926	-0.23863300	-0.46251044	-0.21400122	0.20597035	-0.28771793
0.93350742	-0.38792460	-0.43400118	-0.10181164	-0.26444862	-0.38795659
0.94242301	-0.32079404	-0.34472178	-0.08920246	0.27854829	-0.23110268
0.92676781	-0.30983726	-0.26344593	0.44991239	-0.12307535	-0.07472451
1.18559189	-0.13117094	-0.21944251	0.27067549	-0.19837996	-0.57548343
1.20503412	0.04879050	-0.31167909	-0.27030111	-0.57662999	0.05824450
1.23109286	0.04341993	-0.42279283	-0.28709492	-0.11638436	0.28769264
1.19922384	0.06551706	-0.49448742	-0.54832060	0.49867405	0.32007403
1.02257971	-0.02987115	-0.37960685	-0.57029955	1.05065202	0.63062185
0.94348342	0.00900718	-0.27434890	-0.66157517	0.45175084	0.56428583
0.90677461	-0.02396813	-0.16163093	-0.79363491	0.77183246	0.60872466
0.71711579	-0.08819363	-0.14325836	-0.71974962	0.50213324	0.50184494
0.73102874	-0.05570250	-0.05128408	-0.75661875	0.30876348	0.52824687
0.82545538	-0.06088879	-0.13610685	-0.64206090	-0.14116343	0.57724684
0.70056757	0.07084552	-0.11157005	-0.44928679	0.14962086	0.46238000
0.67779353	-0.20494195	-0.06348115	-0.76482605	0.33277253	0.42927313
0.68613022	0.05305395	-0.11650040	-0.35106749	0.49844372	0.19538123
0.63187487	-0.03806330	-0.08661874	-0.11803298	0.05809498	0.36341348
0.79131925	-0.08979785	0.03013649	-0.44404360	-0.10200124	0.31122206
0.62756363	0.09411440	0.04744556	-0.26007479	0.02495580	-0.00897774
0.85575334	-0.03909248	0.09724674	0.13941182	-0.38574979	0.05847283
1.00336471	0.01697612	0.00000723	-0.01037837	-0.51868483	-0.21719004
1.13470048	-0.01429524	0.05193668	-0.08380033	-1.07123317	-0.18954760
1.20078663	-0.22442401	-0.11402103	0.00693285	0.04461613	0.00325439
1.28725335	-0.24971804	-0.08900430	-0.15234847	0.39011883	0.21042260
1.46345862	-0.00394390	-0.01187191	0.04288364	0.46740529	0.16221903
1.21128533	0.15740846	-0.03375411	-0.01508652	0.02885993	0.11553550
1.48483573	0.13777091	-0.04506205	-0.12066784	-0.73835717	-0.07356955
1.51274049	0.14855206	-0.16406213	0.23363280	-0.31002404	0.38456737
1.44417442	-0.19414159	-0.26250852	0.51151372	-0.16721556	0.43820730
1.33156419	-0.46910977	-0.27550448	0.25390731	0.64036231	-0.04894723
1.05568375	-0.44779077	-0.51430215	-0.05125968	1.22113678	-0.00806334
0.89315162	-0.19945242	-0.43658546	-0.40675255	0.35414574	-0.19443931
0.77772123	-0.01679515	-0.40930325	-0.41228711	0.36574095	-0.01354351
0.59504459	0.13693249	-0.44133983	-0.27586241	-0.27308655	-0.01149008
0.76112262	-0.07081971	-0.30782735	-0.04472979	-0.53056256	0.22054689
0.92719955	-0.14842494	-0.35268999	0.16218647	-0.44937507	0.44529402
1.13871353	-0.28965019	-0.26096691	0.27838501	-0.23719342	-0.14578668
1.12246985	-0.22264055	-0.35311333	0.13789092	0.25256127	-0.24028233
1.03400742	-0.33251794	-0.23530162	0.49118769	-0.09583468	-0.69654631
0.98581141	-0.16449781	-0.24290315	0.63152808	0.21483733	-0.48111764
0.80580565	-0.02008221	-0.20544242	0.38195342	-0.15003482	-0.49432485
0.61170645	0.16710256	-0.22572058	0.41875653	-0.31856772	-0.35320214
0.72116923	0.00916637	-0.21803302	0.39236732	-0.34576387	-0.01731523
0.85384482	0.05994757	-0.25433379	0.61480876	-0.35849857	-0.32031363
0.82887554	0.04872147	-0.16164011	0.47115002	0.06911345	-0.15578059
0.86444118	0.01685254	-0.16906159	0.60364444	0.10030063	-0.22662309
0.89691930	0.01978936	-0.22699772	0.41094427	-0.16638283	-0.07002664
0.86963321	0.24368281	-0.25555944	0.53825088	-0.08054827	-0.08997117
0.90274198	0.06382616	-0.31121540	0.64550042	-0.48791782	0.07657694
0.82962779	0.19404674	-0.27625465	0.46321315	-0.60746191	0.21156319
1.12704187	0.15771904	-0.29696064	0.66582673	-0.52126040	0.19380684
0.99557794	0.23021340	-0.12246652	0.46188938	-0.29442625	-0.03874042
1.11151066	0.14926412	-0.13294802	0.34683871	0.53840030	-0.28448236
1.15289023	0.03519097	-0.21883467	0.08660490	0.34411819	0.00724449
1.07713927	0.23771630	-0.21207264	-0.22420213	0.21055156	-0.05801417
1.10367843	0.13900532	-0.17012372	-0.53647255	-0.22036567	0.09121097
1.20478600	0.28993600	-0.06719504	-0.19562607	0.68799122	0.00337453
1.30394764	0.17498803	-0.01613186	0.31924245	0.18444413	-0.16167576
1.31625057	0.00057816	-0.20363489	0.38201185	-0.20114564	-0.01131278
1.30796052	-0.00698023	-0.39061062	-0.05191662	-0.15076342	-0.33984052
1.28168665	0.01683986	-0.44228207	-0.13627606	-0.22451672	-0.33653918
1.06617474	-0.29536649	-0.41159737	0.03280302	0.32088858	-0.39443333
1.01971021	-0.36587639	-0.51966830	0.14948746	0.33442099	-0.18357126
0.99772954	-0.42605619	-0.33812204	-0.12843703	0.14826227	0.01535027
1.04457715	-0.30800228	-0.25838900	0.06782887	-0.13537670	-0.19608642
1.25964564	-0.04852502	-0.30521763	-0.08945261	-0.44513177	-0.19954855
1.18128617	-0.04027293	-0.25886930	-0.26655304	-0.11430911	-0.21983224
1.20771751	0.15919586	-0.42101935	-0.44349278	0.49151578	0.20072177
1.16106270	-0.02692312	-0.35461480	-0.53056792	0.57889178	0.15168885
0.95204932	-0.08643008	-0.44785296	-0.28582906	0.44126755	0.26819972
0.76820585	-0.08829248	-0.32971468	-0.57475350	0.12090639	0.41554602
0.68184570	-0.21696328	-0.10130373	-0.64063035	-0.19707967	0.53993061
0.93611160	-0.14187836	-0.08034337	-0.59901150	0.15975576	0.36576660
0.81353248	0.13191887	-0.08968611	-0.48991129	-0.04915557	0.33714467
0.79914914	-0.15879353	-0.13367797	-0.53760171	0.25248532	0.30534995
0.84596156	-0.11457556	-0.07837585	-0.62811898	0.17317577	0.31404806
0.90225903	-0.09621501	-0.01744733	-0.76573638	0.21532488	0.27313803
0.69592265	-0.18459081	0.03550324	-0.70014013	0.01381210	0.20372223
0.65335546	-0.04836531	0.07999189	-0.45700514	0.23501485	0.01342054
0.73449759	-0.08074392	0.08843971	-0.58403458	-0.00514239	0.20999429
0.81887515	-0.03649480	-0.03221501	-0.40015989	-0.31638975	-0.07402279
0.91338089	-0.10890549	-0.07375542	-0.33836075	-0.82745405	-0.09492856
1.21591587	-0.14165843	-0.10689669	-0.60796453	-0.49240911	-0.13640824
1.25721109	-0.31124874	-0.05607366	0.06787438	-0.49488177	0.10090397
1.36858291	-0.27803138	-0.06567669	-0.10422952	0.35978967	-0.00699795
1.16024500	0.03703116	0.03345311	-0.07220143	1.08601214	-0.24645428
1.40829498	0.18441689	0.12445970	-0.22338911	0.14374103	-0.19637741
1.39915987	0.43575097	-0.08281493	0.14239256	-0.66004468	0.06768984
1.34456517	-0.16268335	-0.24695417	0.18688303	-0.76835452	0.34967792
1.33977144	-0.57311016	-0.48358013	0.38615387	0.42286948	0.39486338
1.25163159	-0.44596919	-0.42485743	0.01980004	0.73013071	-0.01035957
0.78431391	-0.26056666	-0.45017003	-0.24897906	1.25620350	-0.13366918
0.85258722	-0.20756179	-0.51445841	-0.82200132	0.56726958	-0.37913510
0.86585161	-0.15000899	-0.48348819	-0.79047903	-0.28290139	0.14149062
1.02254201	-0.07671570	-0.36037939	-0.45875875	-0.06308574	0.14657981
0.78381992	-0.05622687	-0.38942008	0.38196560	0.00466022	0.03290140
1.09647921	-0.22369041	-0.47049442	0.47000997	-0.06732863	0.05387647
1.32045144	-0.31825492	-0.26211438	0.55958080	0.69393746	-0.32006300
1.08362657	-0.54534155	-0.33436802	0.42657026	0.18184306	-0.52109449
0.87512726	-0.34372377	-0.30408325	0.52175050	0.05436106	-0.79028753
0.59143797	-0.07218599	-0.18549326	0.50554668	0.12187815	-0.68960490
0.63935729	-0.14637437	-0.19666001	0.59926115	-0.15962916	-0.67866830
0.63343057	-0.07860788	-0.23147690	0.32835071	-0.45940963	-0.42865247
0.73579618	0.01956045	-0.29024366	0.59683798	-0.51853031	-0.27572160
0.97425165	0.00329661	-0.24039361	0.57851866	-0.55674073	-0.31960217
