1.15764962	0.01337728	-0.34956228	0.24082508	0.46551238	0.17835251
0.96342657	0.08961092	-0.15831581	0.40722777	0.62461176	0.02871642
0.83789885	0.16151004	-0.13001785	0.44644831	0.71533317	0.00147673
0.91258103	0.09711378	-0.07482017	0.44267919	0.50644762	0.10289188
0.88411489	0.23424715	-0.11487529	0.01740949	0.15349564	0.14061331
0.79958477	0.18580630	-0.15269371	-0.24666995	0.80662553	0.36167252
0.78492637	0.09995096	-0.11564248	-0.33458434	-0.04765855	0.33027599
0.66492435	-0.00718456	-0.16821623	-0.38852040	-0.15278838	0.44666614
0.88996315	0.05255670	-0.13282994	-0.22746729	-0.05222151	0.22384084
0.92449163	0.10062640	-0.22059298	-0.03598166	0.10541474	0.27378069
1.07424154	0.00986237	-0.19153315	-0.20114801	0.27089442	0.28750808
1.01514883	0.05235671	-0.19192324	-0.12672455	0.30993421	0.21654416
0.89421913	0.09769635	-0.21525105	-0.46830685	0.32947205	0.07962433
0.82698499	0.09254992	-0.14663277	-0.14750772	-0.37289202	-0.02197260
0.85849801	-0.10113385	-0.04514753	0.01886356	-0.44232748	-0.16865816
0.74124309	-0.07499554	-0.10264819	-0.21914290	-0.59102470	-0.16824198
0.82947780	-0.15192461	-0.23473067	-0.08936904	-0.59616480	-0.28051053
0.90295142	-0.19889522	-0.18416924	-0.10511949	-0.69135131	0.02708655
1.25607231	-0.29734303	-0.32510324	-0.37470018	-0.22788425	0.13166702
1.93069736	-0.35578220	-0.32680399	-0.33421523	-0.08409556	-0.08516612
1.87312535	-0.13088825	-0.20467576	-0.33283593	0.00823801	-0.29089748
1.70562686	-0.18968681	-0.19354385	0.08630588	0.08827231	-0.22614483
1.74292020	-0.17346332	-0.09482477	0.06469765	-0.00099872	-0.18136825
1.47791665	-0.22130433	-0.32677371	0.00648716	0.18305041	-0.31032339
1.28295632	-0.05524201	-0.35422241	-0.06444024	0.19120151	-0.14503956
1.06244744	-0.12669101	-0.15042018	0.19273883	0.46972832	-0.08741377
0.88926123	-0.03609777	-0.38508798	0.06553014	0.70001159	-0.05737704
0.66261793	0.01727778	-0.12724420	0.25434097	0.31642531	0.34490206
0.53731139	-0.03199133	-0.05206853	-0.00968993	-0.01686654	0.31748561
0.57063847	0.02150923	-0.03828373	0.07648253	0.01602610	0.32298234
0.54302024	-0.10811833	-0.17297599	-0.27358699	-0.20611311	0.38321594
0.58360651	-0.12277185	-0.22006750	-0.06092066	-0.33666106	0.17183608
0.59266126	-0.06995552	-0.14444630	0.00931207	-0.11953382	0.05043696
0.75650012	-0.11717134	-0.18752880	-0.08038414	-0.15176116	-0.16692751
0.36372896	-0.22610452	-0.16021314	-0.29666061	-0.03512077	-0.14761916
0.73758960	-0.00668606	-0.03944531	-0.11426666	-0.00541297	-0.33313306
1.06387862	-0.06105920	0.02138271	-0.13352842	-0.27043488	-0.40532973
0.85095335	-0.21057811	-0.08223624	-0.03397579	0.09116148	-0.41549082
0.84574874	-0.07528255	0.06010116	0.37396353	-0.22908963	-0.43993655
0.80235962	-0.16169973	-0.12512549	0.50036685	0.06441993	-0.20619929
0.53773276	-0.13224409	0.14761027	0.48198118	0.31156818	-0.31992252
0.91696668	-0.14138121	0.00936205	0.27167046	0.09818678	-0.22236001
0.49532238	-0.06840562	-0.17333372	0.29284360	0.28539547	-0.32565344
0.87525310	0.00223235	0.04717793	0.71006424	-0.44055079	-0.31581600
1.12916818	0.08430009	-0.08463887	0.58112379	-0.38073175	-0.16847563
1.21878550	-0.00455704	-0.01833302	0.28788755	-0.74250222	0.34569784
1.26377543	-0.07458891	-0.37404486	0.48557442	-0.61567641	0.24402771
1.30682807	-0.07380992	-0.67937899	0.19959508	-0.39587038	0.05507150
1.63912444	-0.14421562	-0.61966504	0.14199537	0.64937028	-0.07896846
1.47101037	-0.05225015	-0.45696032	0.32704951	0.42072274	-0.10012579
1.67025008	0.01496062	-0.44279090	0.44166118	-0.41587179	-0.13114994
1.74953972	0.09855625	-0.25213122	0.46628282	0.18468218	-0.15562856
1.73137524	0.06908114	-0.42464388	0.35356505	0.43447113	-0.16427866
1.23007345	0.14180188	-0.43095109	0.06384477	0.41330720	-0.20294449
1.29429899	0.18739180	-0.30808361	-0.23068739	0.12200440	-0.25161746
1.02495459	0.14565978	-0.19071651	-0.07371574	-0.23838499	0.05151633
0.67563203	0.10216270	-0.06633840	0.20682956	-0.62404652	0.27817206
0.45457769	0.11250559	-0.22121685	0.22793197	-0.44855061	0.32961670
0.60958616	0.08886100	-0.21646681	0.32378698	-0.69284765	0.16231352
0.66142781	-0.00458817	-0.22061492	0.17391298	-0.37684266	0.22184386
0.83034559	-0.03728627	-0.34160655	0.19044182	-0.61122223	0.12217084
0.78167628	0.01061537	-0.29001959	0.24046842	-0.46685424	0.12973902
0.78973052	-0.00480305	-0.26974365	0.16306047	0.23754430	0.22513987
0.88795417	0.02140224	-0.01370436	0.13798306	0.53124033	0.28851850
1.01798880	0.01073272	-0.08099422	0.26963545	0.64804806	0.20815907
0.65074790	0.07764303	-0.16505517	-0.06754731	0.45997685	0.12859257
0.86478691	0.07325878	-0.28667991	0.17223465	0.44563886	0.14461790
0.81612934	0.16586581	-0.15779345	-0.01719103	0.14381930	0.24369384
0.58063231	0.09517146	-0.12009195	-0.10656989	-0.16244328	0.25302377
0.96853148	0.14282996	-0.14532244	-0.12364336	0.12488001	0.12639024
0.57220557	0.09748112	-0.14427868	-0.26530118	0.05047537	0.25476675
0.71404606	0.08432784	-0.12695914	-0.44280585	0.42992590	0.10132425
0.73815094	0.16923862	-0.01499697	-0.49874994	0.18705504	0.01122190
0.85256089	0.18415320	-0.29479018	-0.48475234	-0.06107466	-0.14838203
0.81582809	-0.07675165	-0.15296420	-0.39777189	-0.12400622	-0.06388470
1.41089982	-0.26190689	-0.34322429	0.01264075	-0.83935520	-0.08883726
1.22338268	-0.40534340	-0.43254597	-0.30712904	-0.41127447	-0.06877184
1.41677988	-0.24294281	-0.45943583	-0.26473409	0.10530789	-0.25289477
1.37770662	-0.20424774	-0.46188949	-0.17031600	0.18540355	-0.37017699
1.49219222	-0.27235706	-0.35793508	-0.14961717	0.09568227	-0.03904587
1.55313098	-0.05149970	-0.45148025	-0.47234456	-0.44754354	-0.07391631
1.77862684	0.01444252	-0.40958795	-0.12710861	0.02138208	0.00448017
1.39560443	-0.17013313	-0.31104605	-0.14055308	0.37090038	0.01963200
1.42091379	-0.12039148	-0.17195177	-0.06600910	0.77174307	-0.07494442
1.40880077	-0.16777893	-0.21396897	0.15154606	0.76326601	-0.23015683
1.07857448	-0.17138109	-0.18914216	0.15050144	0.25621113	-0.14296381
0.90645820	-0.01665672	-0.06980343	0.13271150	0.19404713	0.07694507
0.84423557	0.07678849	-0.14521331	0.07163931	0.61439087	0.35426797
0.61652398	0.10882754	-0.04878761	0.03295319	0.27601586	0.47271101
0.64861028	0.09785991	-0.33231879	-0.00838587	0.03950328	0.36933948
0.42502269	-0.00657393	-0.18465292	-0.59241958	-0.40081104	0.47003731
0.64493618	0.04280914	-0.06366640	-0.45904995	-0.56507163	0.31972052
0.73409524	-0.05143593	-0.05442273	-0.33994616	-0.12230038	-0.00008548
0.57259604	-0.11796592	-0.07588339	-0.22490222	-0.27730845	-0.15171854
0.69656038	-0.23606731	-0.23731661	-0.53371549	-0.30862970	-0.30641930
0.77940837	-0.21117659	-0.16686744	-0.37805568	-0.12622073	-0.31752378
0.70013543	-0.15743105	0.01040270	-0.53269167	-0.28826016	-0.08716350
0.63733967	-0.08975786	0.04007433	0.00367885	-0.33484486	-0.15251491
0.68798298	-0.09443817	-0.10185803	0.24632739	0.06716225	-0.10153150
0.94385151	-0.19086459	-0.00213634	0.53281234	0.41446630	-0.26428083
0.92328183	-0.09917654	-0.17868405	0.66014648	0.49389864	-0.07887412
0.83986002	-0.00943183	-0.02887178	0.85234582	-0.15222877	-0.45392289
1.20432228	0.02147365	-0.04089275	0.58885616	-0.36565668	-0.12911935
0.72253271	0.14884730	-0.13348100	0.77255441	-0.63245801	-0.08884274
0.99770445	0.15389373	-0.34726381	0.55288212	-0.43158132	0.18007629
1.41633357	0.01022150	-0.68194277	0.18124044	0.05010143	0.18470037
1.21834504	-0.03075890	-0.69146576	-0.18480622	0.46760586	0.20334506
1.50148512	-0.14978434	-0.49668696	0.12268004	0.66338750	0.02466521
1.59067585	-0.07425296	-0.45459711	0.14600179	0.20672730	-0.16620925
1.64924924	0.03460259	-0.43717929	0.32322711	0.48139206	-0.06020370
1.58853916	0.10417910	-0.30800183	0.42409904	0.59962863	0.09983957
1.20657253	0.21132651	-0.55855703	0.05182871	0.46630273	-0.00898594
0.97320761	-0.05375047	-0.40211115	-0.18494306	0.45323725	0.13207095
0.98419461	0.05990110	-0.45570561	-0.50480552	0.65880602	-0.04841566
0.98719525	0.03648878	-0.14673748	-0.09999601	0.20694814	0.10248385
0.55731210	0.03059127	-0.06833992	-0.22487658	0.12689831	0.22950716
0.53102746	-0.02009156	-0.03016522	0.00512932	-0.26020843	0.25029273
0.49352545	-0.02709879	-0.02998514	0.25140276	-0.23903002	0.29163606
0.82658817	-0.02883966	-0.13774833	0.09843144	-0.53415165	0.13190434
0.72082879	0.12201580	-0.09104196	0.20970501	-0.24796250	0.17751119
1.06022935	-0.03243920	-0.20771129	0.21451568	0.46205750	0.17446657
0.59827478	0.15828355	-0.29893099	-0.22551835	0.72710982	0.07608997
1.08385169	0.21590432	-0.17736290	-0.37681649	0.35361512	0.12174653
0.56338288	0.34214730	-0.22565493	-0.34835673	0.57744798	0.43613330
0.73799682	0.18293197	-0.39668081	-0.67500872	0.52455422	0.26355335
0.87375034	0.06550270	-0.20544885	-0.40523302	0.28228672	0.42412404
0.70184733	0.10350514	-0.16577945	-0.70428470	0.25286317	0.38900785
0.78757047	0.07785302	0.07476815	-0.65961910	0.05686325	0.13641146
