1.69317664	-0.11961081	-0.69476988	0.72977254	-1.00968362	-0.31385271
1.74328594	-0.29428834	-0.81461725	1.02557522	0.30224446	-0.13110023
1.91268799	-0.21095422	-0.72667716	1.57617049	0.91550388	-0.42856182
1.67626720	-0.05885175	-0.50403113	1.12517342	1.40038347	-0.57825463
1.52153587	0.09810951	-0.23732680	0.62477480	0.55398903	-0.45114677
1.42587084	0.26380776	-0.26830591	0.34893317	-0.38213458	-0.65292609
0.96462538	0.19460988	-0.31162459	0.47732092	-0.36489123	-0.36996264
0.99094409	0.25123175	-0.28569341	0.90645710	0.06296562	-0.28493899
1.01266519	0.06473175	-0.35816478	0.34550495	0.07130251	-0.09694263
0.68407396	0.08304634	-0.21427470	0.69680167	0.50427055	0.16441642
0.83608529	-0.13703404	-0.15979252	0.77844615	-0.11131467	0.17008106
0.43081506	-0.07895520	-0.19331508	1.27258953	-0.36640308	0.23344069
0.52854428	-0.04919568	-0.08202694	1.36153351	-0.99701332	0.03381041
0.02306560	-0.13223584	-0.28441682	1.73202939	-0.92914553	0.04812172
0.23630121	-0.08892564	-0.14238184	1.63929280	-0.72338865	-0.19473988
0.63786487	-0.11133892	-0.12835764	1.73541250	-0.14074225	-0.11646838
0.79232021	0.03370649	-0.17856239	1.38420977	0.30956758	-0.01819019
0.99346291	0.08636243	-0.27388928	1.70642008	0.75563974	0.01794165
0.60970515	0.13639644	-0.50945924	1.53899802	0.40494679	-0.09392066
1.16226489	0.22987686	-0.41244106	0.44189594	0.38903917	0.00657627
0.85953872	0.14231189	-0.23685367	0.20662985	0.59102374	-0.09017772
0.68691583	0.16041953	-0.17909118	0.26274231	-0.19396092	0.03328320
0.86721131	-0.06731375	-0.15076588	0.55249505	-0.61817376	0.12639272
0.78214994	-0.31780707	-0.30930589	0.49047936	-1.00703768	0.34701800
1.26135668	-0.41231331	-0.52317800	-0.15068872	-1.37594086	0.19065136
1.74844297	-0.43890092	-0.73453395	0.44804534	-0.61041878	-0.39377451
1.54516086	-0.25175719	-0.75442128	0.36532372	-0.12318887	-0.29119489
2.08591105	-0.22760973	-0.43930647	0.79075110	0.27083066	-0.47059557
1.52412505	-0.46875643	-0.51275947	0.24723068	0.56375419	-0.17497953
1.53495153	-0.23485902	-0.21209375	0.51155639	0.51005814	-0.33912542
1.03829380	-0.12484998	-0.23481706	0.59093308	0.13316814	-0.52665961
0.92604292	-0.03658834	-0.13928289	0.88963180	0.40669076	-0.57148621
0.95082420	0.04172438	-0.22667771	0.93729788	-0.17235703	-0.39155041
0.75595519	-0.10468994	-0.25088481	1.07877417	0.78148662	-0.30877970
0.25655500	0.03318637	-0.03763786	0.09562146	0.08453862	0.03276587
0.14736455	-0.02467144	-0.11000740	0.01758615	0.06872752	-0.36413135
0.24784136	-0.05846888	0.01586229	0.06083700	0.37414856	-0.18010077
0.27813285	-0.00325996	-0.19257917	-0.38063229	-0.46961977	-0.21191406
0.66163820	-0.09421824	-0.04984260	-0.22840620	-0.33761035	-0.38419351
0.48484429	-0.14958325	0.01740134	0.35990758	-0.43990689	-0.54589147
0.85599281	-0.16009308	-0.08230243	-0.01412822	-0.40370033	-0.71327134
0.82550349	-0.30105165	0.11402412	0.35605947	-0.45137185	-0.56704010
0.80778055	-0.33118826	0.05022867	0.78213111	-0.57042726	-0.76416938
1.58380511	-0.17110944	0.00874277	1.00756362	0.15762193	-0.72496884
1.22039293	-0.11653648	-0.40582907	1.40745998	-0.17647712	-0.88689346
0.94037857	0.03053568	-0.24322936	1.48596069	0.23563796	-0.41098003
0.97391041	0.07334293	-0.35778116	1.21228531	-0.73162969	-0.29095019
1.06777750	-0.13344460	-0.47565821	0.39299080	-1.01121395	-0.20490191
1.27938933	-0.10925841	-0.78718228	1.10747718	-1.24640616	0.02046505
2.16039572	-0.13704560	-0.88119367	0.57092756	-0.00833303	-0.16594358
1.83223416	0.01095723	-0.74800458	0.66237526	1.12527997	-0.50452824
1.49949523	0.15918769	-0.54793622	0.99740004	0.94936471	-0.47085062
1.80648336	0.36355902	-0.46184693	0.02989254	0.23381096	-0.48970629
1.39406684	0.11034814	-0.26020446	0.66498681	-0.12466516	-0.49317645
1.16225455	0.10508362	-0.34398716	0.51297601	0.56964842	-0.26382572
0.72854327	0.00801460	-0.45901761	0.49495277	-0.64683795	-0.38099878
0.38013547	-0.03576331	-0.33879166	0.34381521	-0.19540580	-0.19590610
0.74283026	-0.26314783	-0.13577905	0.10032854	-0.45913500	-0.33795219
0.55532324	-0.07654570	-0.13888021	0.85728624	-0.32046217	-0.13833431
0.65943272	-0.09542066	-0.35454538	1.37861540	-0.46709091	0.06069020
0.47573306	-0.15270327	-0.22636770	0.93344890	-0.80733461	0.01990799
0.56140645	0.00383940	-0.16238834	1.68651929	-0.15748051	0.01181493
0.50065228	-0.05227778	-0.19369578	0.88305590	-0.13098611	0.11776871
0.45335279	0.03262309	-0.04003706	0.98948289	-0.20177653	0.04080247
0.70029982	0.00064902	-0.17078317	0.92112055	0.40937547	-0.07975005
0.48481472	0.09549762	-0.27612846	0.74808847	0.42577610	0.01409088
0.51993277	0.24042305	-0.37290118	0.47540245	0.74423166	0.05651831
0.65289293	0.20159876	-0.25175906	-0.06337872	0.23787666	0.18047635
0.74338858	0.30249859	-0.24875894	-0.15066247	0.43610408	0.46853307
0.68401432	0.12462613	-0.16945217	-0.46938679	-0.25219303	0.51256402
0.62278957	0.22166301	-0.14102228	-0.44229471	-0.40452371	0.02367536
0.53543137	0.01606086	-0.13229745	-0.21592878	-0.36064777	-0.03328921
0.67956884	-0.40488549	-0.36185522	-0.52911836	-0.49416449	0.12554538
1.07343131	-0.64997792	-0.46851451	-0.07271762	-0.74199063	-0.02204428
1.27984663	-0.38964556	-0.36477640	0.22994338	-1.10057562	0.11415451
1.23498414	-0.19701300	-0.58310527	0.32381754	-1.21602040	0.05662804
1.90908822	0.05403365	-0.75550066	0.05491205	0.34763340	-0.23269546
1.93402827	-0.16493841	-0.77723757	-0.73725497	1.41952063	-0.51602302
1.61703254	-0.51966341	-0.51046336	0.32023025	1.22101638	-0.29878363
1.64023847	-0.45272262	-0.28248412	0.15592947	0.04235189	-0.41147597
1.14072524	-0.18934470	-0.35993864	-0.56986359	-0.11200805	-0.19679996
1.45273575	-0.24335589	-0.24595723	0.60869485	-0.04335733	-0.16245511
0.69913055	0.04533705	-0.26896228	0.36032522	0.39484790	0.16129696
0.47821997	0.02081318	-0.28704291	-0.15692382	0.42265265	-0.03464188
0.84305929	0.08002070	-0.11836267	-0.28044659	0.09424942	0.01501460
0.36408268	0.05057492	-0.00045356	-0.08780266	-0.66717166	-0.21550784
0.45720598	0.08916335	-0.11621854	-0.04172312	-0.02263797	-0.13022811
0.35681272	-0.13388976	-0.17339986	-0.33288524	-0.20385048	-0.35896674
0.58024680	-0.10273024	-0.07731385	-0.12589223	0.02572150	-0.44674269
0.51715034	-0.11867020	-0.23436800	-0.24465706	-0.19480332	-0.22935724
0.55280741	-0.06709237	0.05570894	-0.25029013	-0.10966734	-0.45353254
0.37306977	-0.12613597	-0.05716550	-0.66102970	-0.22979071	-0.15600998
0.51887635	-0.02019776	0.04196401	0.03736235	-0.85528598	-0.09562465
0.51920859	-0.12440694	0.07740440	-0.41706408	-1.23407492	-0.44116562
0.80123681	-0.06226374	-0.16633759	0.37478660	-0.58393471	-0.11855724
1.11275471	-0.12717834	-0.09417085	-0.30783714	-0.10357879	-0.15612814
1.03762451	-0.07312032	-0.19807848	0.44222330	-1.08693081	0.01205628
1.23225869	-0.17151705	-0.51370333	0.41009857	-0.71133314	0.07036080
1.15632318	-0.21192111	-0.69895717	-0.18152604	-1.13668219	0.26112093
1.70281162	-0.13729589	-0.85815745	0.72359119	-0.33313904	-0.01026176
1.81588914	-0.07211037	-0.82607189	0.64016497	0.52644502	0.02580532
1.71803138	0.12628741	-0.64862047	0.43540711	0.58833812	-0.23191374
1.65656408	0.05938067	-0.40610773	-0.06774580	0.51268833	-0.50609495
1.04985096	0.17986462	-0.50715438	0.00739036	0.75163539	-0.31774678
1.22667406	0.25959814	-0.38314622	-0.32051119	0.40012730	-0.12521389
1.19069279	0.24759634	-0.39301962	0.34989285	0.03489609	0.07968376
1.13425229	0.31161457	-0.20246443	-0.34467379	0.38482201	0.11322028
1.05772125	0.18548277	-0.39120524	-0.52501775	0.04182922	0.17597042
1.06484230	0.03157111	-0.24835464	-0.52070146	0.60400029	0.34074139
0.69239500	-0.06765317	-0.17279800	-0.26227450	0.22263027	0.15406197
0.77401715	0.11776218	-0.22552174	0.07104648	0.46294482	0.38605092
0.56203985	0.07593843	-0.18666022	-0.91134870	-0.00590015	0.30632800
0.45555830	0.08901206	-0.27768424	-0.84150055	0.06292128	0.54833679
0.65982169	0.05167264	-0.18081793	-0.39159622	-0.00212875	0.45872471
0.40519680	0.20094612	-0.15219207	-0.47625839	0.61700086	0.39549377
0.62397367	0.20147586	-0.08140864	-0.30347764	1.10036125	0.42736559
0.74736632	0.17243306	-0.21864244	-0.42374328	0.59665721	0.48575651
0.63704258	0.23740673	-0.36310712	-0.65878957	0.51442735	0.52731224
1.30440667	0.28079596	-0.06052958	-1.20757695	0.37133675	0.37017024
0.76464762	0.32192117	-0.36782300	-1.19930460	0.82386467	0.34354691
0.66887420	0.10656080	-0.23658906	-1.01781085	0.41982002	0.30776612
0.63195496	0.01044790	-0.18065840	-0.74843036	0.80068437	0.22802925
1.28609431	-0.19117850	-0.01627704	-0.30752220	0.43562912	0.12442328
0.48154129	-0.24016993	-0.33788459	-0.80556460	0.07450049	0.03925761
0.34457823	-0.34037670	-0.40354148	-0.52616958	-0.27671091	0.09829465
0.87511225	-0.52813294	-0.31477103	-0.45281799	-0.64181091	0.03494359
1.46220906	-0.38380795	-0.38412531	-0.94424174	-0.47895555	-0.16961477
1.75268962	-0.07952366	-0.60204557	-0.79360464	-0.54680837	-0.17297955
