0.99485726	-0.29154764	-0.06436192	0.00825399	-0.00348368	0.00089818
0.99206194	-0.28968540	-0.06345847	0.01641513	-0.00535052	-0.00228495
0.98963287	-0.28985977	-0.06094656	0.01256815	-0.00116237	-0.01074740
0.98951454	-0.29173149	-0.05635787	0.00826081	-0.00034937	-0.00246190
0.99052330	-0.28633774	-0.06607238	0.00596962	0.00149761	-0.00097336
0.98989742	-0.28616359	-0.07017413	0.00969558	0.00068306	0.00146824
0.99102888	-0.28865996	-0.07859401	0.00773267	-0.00288887	-0.00241424
0.99083582	-0.28811727	-0.07477754	0.01104793	-0.00098976	0.00026451
0.99271875	-0.28939074	-0.07059917	0.00574084	-0.00218994	0.00362397
0.99271210	-0.29001623	-0.07074029	0.00198293	0.00289215	-0.00088893
0.99172351	-0.28591438	-0.06428694	-0.00136412	-0.00083998	0.00303665
0.98677482	-0.28621854	-0.06334631	0.00764584	-0.00475219	0.00091657
0.98925026	-0.28760265	-0.06529976	0.00464251	-0.00463238	0.00241623
0.99105235	-0.28705016	-0.06364462	-0.00041372	-0.00813450	0.00518630
0.99142942	-0.29090856	-0.06173032	-0.00486529	-0.00773189	0.00472273
0.99305643	-0.29004687	-0.06555570	-0.00598633	-0.00136211	-0.00029366
0.99853880	-0.29173668	-0.07090270	-0.00731791	-0.00062859	-0.00096324
0.99697764	-0.28846494	-0.07174670	-0.00979671	0.00175719	0.00001961
0.99546348	-0.28466817	-0.06862224	-0.00476581	0.00481639	0.00256116
0.99414224	-0.28912612	-0.07121374	-0.00841981	0.00205894	-0.00165806
0.99204432	-0.28697374	-0.07802921	-0.00482194	0.00390463	-0.00163101
0.99169921	-0.28597452	-0.07662666	-0.00957105	0.00597275	-0.00017738
0.99158218	-0.28723143	-0.07274614	-0.01022753	0.00865907	-0.00097035
0.99330492	-0.28782590	-0.06751392	-0.00814174	-0.00062227	-0.00018134
0.99388759	-0.28897672	-0.06652752	-0.01110036	0.00420910	0.00080268
0.98979363	-0.28834426	-0.05833129	-0.00774471	0.00893920	-0.00305288
0.99333443	-0.28752925	-0.05920836	-0.01557053	0.00920450	0.00468678
0.99452143	-0.29020866	-0.06784134	-0.01072515	0.00943502	0.00178845
0.99308080	-0.29006177	-0.06417658	-0.01138530	0.00244088	0.00010218
0.99052858	-0.29567969	-0.06308342	0.00176569	-0.00274028	-0.00901273
0.99034805	-0.28847153	-0.06297596	-0.00118137	-0.00189225	-0.01343179
0.98878090	-0.28941367	-0.06264048	0.00373877	-0.00264310	-0.01311680
0.98984833	-0.29140784	-0.06589446	0.00206610	0.00593853	-0.00636949
0.99089502	-0.28603498	-0.06220735	-0.00321456	0.00258131	-0.00825258
0.99181391	-0.28869281	-0.06163199	-0.00742455	-0.00077730	-0.01092616
0.99199005	-0.29116526	-0.07188522	-0.00435171	0.00477432	-0.00811389
0.99064180	-0.29147919	-0.07872985	0.00149919	0.00608443	-0.01158684
0.99117051	-0.29097284	-0.07371905	-0.00146626	0.00753478	-0.00531632
0.99143600	-0.29371312	-0.07221277	0.00084138	0.00756009	-0.00974219
0.99097511	-0.29544212	-0.06726753	0.00344045	0.01001079	-0.00995657
0.98988846	-0.29405285	-0.06597791	-0.00272020	0.00866599	-0.01065990
0.99378823	-0.28601972	-0.05966769	-0.00181783	0.00709545	-0.01708706
0.99575212	-0.28491405	-0.06502576	0.00318203	0.00881419	-0.01327920
0.99348960	-0.29084372	-0.06696274	-0.00161124	0.00960588	-0.00622158
0.99118031	-0.29071011	-0.07029024	0.00166815	0.00346025	-0.00579548
0.99067539	-0.29359680	-0.07684024	-0.00457584	0.00122717	-0.00484260
0.99407299	-0.28855963	-0.07268992	0.00572947	0.00185253	-0.00580722
0.99365833	-0.28888871	-0.07719317	-0.00435822	0.00537357	-0.00379020
0.99743021	-0.28954869	-0.07362964	0.00105994	0.00695746	-0.00722366
0.99630573	-0.28363555	-0.07399196	-0.00215994	0.00860827	-0.00501405
0.99624935	-0.28702376	-0.07102459	-0.00403676	0.00474931	-0.00502665
0.99807975	-0.28616972	-0.07057688	0.00175817	0.00564187	-0.01330342
0.99250781	-0.28956363	-0.06397011	0.00748406	-0.00034199	-0.01167275
0.98932759	-0.29011283	-0.06822048	0.00491914	-0.00465628	-0.00531930
0.98729102	-0.29182973	-0.06916838	0.00317857	0.00555638	-0.00319518
0.99184199	-0.28643146	-0.06660508	0.00503991	0.00252122	-0.00312974
0.99331115	-0.28773213	-0.06578411	-0.00638152	0.00052461	-0.00767391
0.99262986	-0.28689278	-0.06793878	-0.00553413	-0.00518970	-0.00705349
0.99359061	-0.28632482	-0.06397496	0.00049829	-0.00187642	-0.00401134
0.99712354	-0.28773810	-0.06348031	-0.00235405	0.00298191	-0.00326107
0.99272226	-0.28957539	-0.06628409	0.00420256	-0.00014943	0.00458487
0.99675829	-0.28829716	-0.06679775	0.00869877	0.00470194	0.00100150
0.99455247	-0.28806697	-0.06917813	0.00767607	0.00356605	-0.00580102
0.99687684	-0.28845123	-0.06984957	0.00390895	0.00234111	-0.00846785
0.99747122	-0.28684592	-0.07376665	-0.00049775	-0.00244629	-0.00787036
0.99619667	-0.28561833	-0.06882919	-0.00293608	0.01113849	-0.00058242
0.99226853	-0.28387244	-0.06594351	0.00153852	0.01388482	0.00363779
0.99236379	-0.28264164	-0.06269792	-0.00753677	0.01199351	0.00736757
0.99048160	-0.28564672	-0.06204941	-0.01032342	0.00154255	0.00177437
0.98997651	-0.28964507	-0.06348730	-0.00836001	-0.00035462	-0.00326537
0.99286110	-0.28426321	-0.06873646	-0.00297075	-0.00482372	0.00304665
0.99645152	-0.28393375	-0.07030537	-0.00872371	-0.00156135	0.00524059
0.99684044	-0.28850217	-0.07017533	-0.00499170	0.00039415	0.00715253
0.99236509	-0.28455950	-0.07177178	-0.01180652	-0.00456199	0.00016760
0.99517356	-0.28196381	-0.07861468	-0.02026562	0.01015788	0.00169994
0.99346953	-0.28049094	-0.08303808	-0.01395545	0.01037853	0.00056627
0.99228402	-0.28497298	-0.07740986	-0.01440311	0.00654337	0.00030550
0.99350154	-0.28579502	-0.07479605	-0.00751324	0.00851738	-0.00617517
0.99185432	-0.28582486	-0.07202500	-0.00774217	0.00561737	-0.00502181
0.98989233	-0.28421683	-0.07535018	-0.00593682	0.00729867	-0.00278161
0.99159469	-0.28619015	-0.07515572	-0.01560840	0.01054823	-0.00904112
0.99009278	-0.28626217	-0.07241420	-0.01404817	0.00707510	-0.00600367
0.99069361	-0.28670828	-0.06193090	-0.01065596	0.00716891	-0.00311578
0.98919319	-0.28764108	-0.06737308	-0.01285084	0.00254238	0.00000536
0.99181340	-0.28388341	-0.05954177	-0.00668564	-0.00508960	-0.00427333
0.99257658	-0.28747557	-0.06560747	-0.00545617	0.00233490	-0.00644124
0.99224785	-0.28595635	-0.06380613	-0.00535289	0.01000131	-0.00463626
0.99256017	-0.28691197	-0.06815508	0.00170672	0.00662208	-0.00185856
0.99477743	-0.29049025	-0.07218308	-0.00528351	0.00120679	0.00067940
0.99325814	-0.28798590	-0.07238971	-0.00161137	0.00051075	-0.00002146
0.99287041	-0.28742779	-0.07561322	0.00610034	-0.00416059	0.00658705
0.99224963	-0.28562154	-0.07594377	0.00632419	-0.00252287	-0.00139605
0.99201251	-0.28367505	-0.06516214	0.00657320	0.00565222	0.00481123
0.99615160	-0.28476289	-0.05878386	-0.00082136	0.00603601	-0.00307529
0.99232282	-0.29057474	-0.06269719	0.00370076	0.00772802	-0.00332145
0.99426925	-0.28385957	-0.06761593	0.01040653	0.00379586	-0.00096120
0.99441419	-0.28930340	-0.06619485	0.00514109	0.00343878	-0.00316881
0.99434201	-0.28902399	-0.06443661	0.00475500	0.00075686	-0.00695638
0.99391867	-0.28957255	-0.07266822	0.00118965	0.00000018	-0.00046220
0.99191056	-0.28465457	-0.06750050	0.00220585	-0.00350153	-0.00884781
0.99236453	-0.28663280	-0.06856118	0.00694914	0.00043509	-0.00330297
0.99320349	-0.28785583	-0.06709977	0.00014744	0.00891991	-0.00663735
0.98994596	-0.28912790	-0.06290448	0.00154590	-0.00188987	-0.01012127
0.98764713	-0.28773144	-0.06107360	0.00140455	0.00039422	-0.00688848
0.98883221	-0.28947489	-0.06723162	-0.00175622	-0.00007728	-0.01003450
0.99181044	-0.29087467	-0.07457515	0.00444002	0.00656388	-0.00358537
0.99161173	-0.28937368	-0.08424029	-0.00095180	0.00013372	-0.00746712
0.99205302	-0.28524370	-0.07901190	-0.00584706	0.00220962	-0.01188797
0.99450251	-0.28948430	-0.08149597	-0.00573289	0.00758762	-0.00351526
0.99228736	-0.28502972	-0.07232401	-0.00738670	0.00635488	-0.01068570
0.99254166	-0.28658793	-0.06794547	-0.00148148	0.00534146	0.00015217
0.99563272	-0.28396418	-0.06929543	-0.00372783	0.00646724	-0.00204574
0.99513323	-0.28413101	-0.06830361	-0.00625436	0.00616496	0.00126453
0.99917306	-0.28311898	-0.06322740	-0.00475129	0.00299869	-0.00777502
0.99438475	-0.28504750	-0.06190405	-0.00918207	0.00860795	-0.00799960
0.98723706	-0.28996562	-0.06163930	0.00040941	0.00715636	-0.00569756
0.98985233	-0.28870213	-0.05873799	-0.00598477	0.01368947	-0.00120220
0.99569000	-0.28836255	-0.06723457	0.00377172	0.01278345	-0.00124445
0.99819511	-0.28879677	-0.06902564	0.00543739	0.01619939	-0.00921273
0.99653791	-0.28799654	-0.07137653	0.00615438	0.01307981	-0.00481541
0.99255190	-0.28821045	-0.06671491	0.00442788	0.01155049	-0.01059702
0.99450224	-0.28286692	-0.05839280	0.00335554	0.01353828	-0.00657714
0.99561707	-0.28525845	-0.06372697	0.00853504	0.00716143	-0.00332793
0.99358996	-0.28506740	-0.06902765	-0.00136951	0.01213371	-0.00627136
0.99553319	-0.28149468	-0.06466052	-0.00178047	0.01177523	-0.01262221
0.99359597	-0.28313939	-0.06562346	-0.00088860	0.01728238	-0.01430711
0.99646036	-0.29145269	-0.06094200	-0.00323680	0.01640751	-0.00502842
0.99569170	-0.28536944	-0.06179410	-0.00200712	0.01495458	-0.00174266
