1.01960290	-0.10281935	-0.10271133	-0.00030827	-0.00023608	-0.00488570
1.01824729	-0.10166134	-0.10738702	-0.00449172	0.01009904	-0.00649538
1.02001647	-0.10381099	-0.10646203	-0.00080345	0.01272557	-0.00646754
1.01846935	-0.10290841	-0.10357301	-0.00215759	0.00923227	0.00068124
1.02119378	-0.10097302	-0.10285074	-0.00102427	0.00208286	0.00142360
1.02244158	-0.10270661	-0.10151842	-0.00108914	-0.00633356	-0.00642669
1.02149799	-0.10296103	-0.10813738	-0.00089814	0.00490167	-0.00634028
1.01931378	-0.10070624	-0.10734842	0.00316755	0.00612804	-0.00253048
1.01816262	-0.09958223	-0.10106283	-0.00039582	0.00095660	0.00187021
1.01946958	-0.10066178	-0.10426136	0.00120370	0.00396607	0.00130630
1.02208727	-0.10043875	-0.10755843	0.00030419	0.00860391	-0.00104947
1.02165155	-0.09687536	-0.10752394	-0.00078405	0.00546448	-0.00014968
1.02199799	-0.09903721	-0.10364010	-0.00118743	0.01195236	0.00258122
1.02140245	-0.10113540	-0.10018842	0.00091783	0.00773603	0.00139581
1.02114296	-0.10020992	-0.09693437	-0.00069237	0.00962167	0.00219984
1.01866716	-0.09846522	-0.09716171	0.00412908	0.00562959	0.00064268
1.01945555	-0.09646354	-0.10419328	-0.00282260	0.00013441	0.00024055
1.02024855	-0.09484445	-0.10375941	-0.00102352	0.00095736	0.00301400
1.02035559	-0.09576602	-0.10242711	-0.00181346	0.00475171	0.00282143
1.02005585	-0.09733695	-0.10417936	0.00379880	-0.00185517	0.00317641
1.02109104	-0.10088934	-0.10284986	0.00205149	-0.00051548	-0.00159651
1.02402301	-0.09986524	-0.10234663	0.00275665	-0.00674794	0.00144937
1.02164413	-0.10131696	-0.09919206	0.00421061	-0.00609190	0.00516333
1.01949981	-0.10048236	-0.09921908	0.00003964	-0.00181941	0.00923362
1.02140426	-0.09761834	-0.10697161	0.00287844	-0.00361152	0.00184175
1.02362932	-0.10070944	-0.10594947	0.00024740	-0.00119179	-0.00154856
1.01998053	-0.10101137	-0.11033717	0.00265050	-0.00199658	-0.00077092
1.01935430	-0.10199217	-0.11092979	0.00325417	-0.00333809	-0.00085637
1.01854781	-0.09925149	-0.10170152	0.00398598	-0.00319089	0.00319708
1.01730680	-0.10122862	-0.10576471	-0.00098175	-0.00593133	0.00157157
1.01978292	-0.09825110	-0.10319099	-0.00220405	-0.00004253	0.00343732
1.01880889	-0.09946436	-0.10459731	0.00537891	-0.00620215	-0.00219765
1.02160924	-0.10230375	-0.10348184	0.00548454	-0.00754336	-0.00338845
1.02064772	-0.10595781	-0.10435555	0.00355505	-0.00535024	-0.00018424
1.02008073	-0.10903223	-0.10228345	0.00529426	-0.00173800	-0.00452509
1.02128701	-0.10220606	-0.10953564	-0.00192239	0.00145851	-0.00971704
1.02441363	-0.09538359	-0.11009048	0.00048773	-0.00692459	-0.00272048
1.02294618	-0.09766965	-0.10773300	-0.00003704	-0.00313750	0.00189747
1.02250436	-0.10177046	-0.10779409	-0.00357637	-0.00468569	-0.00163878
1.02096256	-0.10396334	-0.11070860	-0.00042420	-0.00247347	-0.00273550
1.02021477	-0.10124836	-0.10411901	-0.00367373	-0.01053364	-0.00389796
1.02018705	-0.10412430	-0.10430676	-0.00372598	-0.00383814	-0.00226023
1.02261767	-0.10224802	-0.10020960	-0.00462977	-0.00778276	0.00035359
1.02374687	-0.10224925	-0.10087928	-0.00417574	-0.00420917	0.00362441
1.02361069	-0.10501037	-0.09751781	-0.00073154	0.00152719	0.00174785
1.02096464	-0.09875642	-0.10323047	-0.00048639	-0.00364714	0.00904604
1.02159537	-0.09732151	-0.10211702	-0.00258030	0.00004987	0.00619781
1.01947716	-0.09933254	-0.10057295	0.00198718	-0.00666245	0.00523754
1.01872193	-0.10115476	-0.09745993	0.00045717	-0.00335614	-0.00233804
1.01951462	-0.09864580	-0.10661603	-0.00045490	0.00329719	-0.00486808
1.02085373	-0.10054750	-0.10900459	-0.00283702	0.00106473	-0.00230335
1.02141181	-0.10033524	-0.10554667	-0.00002122	0.00525599	-0.00169334
1.02131865	-0.09696444	-0.10383803	-0.00167096	0.00353992	0.00358629
1.01887721	-0.09912217	-0.10470934	-0.00458480	0.00377668	0.00039084
1.02055129	-0.09955301	-0.09952952	-0.00247401	0.00287540	0.00346695
1.01951656	-0.09847645	-0.09889969	-0.00196736	0.00120196	0.00213530
1.01986574	-0.10443062	-0.10097891	-0.00060556	0.00149419	0.00221969
1.02059581	-0.09874617	-0.10189629	0.00014719	0.00162204	-0.00127136
1.01858083	-0.09157138	-0.09870782	-0.00177960	-0.00097154	-0.00068524
1.01675603	-0.09847665	-0.09700097	0.00120704	0.00343601	-0.00172508
1.01333354	-0.09631051	-0.09998528	-0.00028477	-0.00414044	0.00040967
1.01809572	-0.09816397	-0.10362218	0.00199828	-0.00343886	0.00478197
1.02033518	-0.09998743	-0.10995674	0.00198738	-0.00060000	0.00206110
1.02263180	-0.10373404	-0.10158640	0.00662116	-0.00594776	0.00040464
1.01849461	-0.09895773	-0.10059963	0.00870378	-0.00697792	0.00012140
1.02151964	-0.09975658	-0.10178858	0.00468371	-0.00707391	-0.00335610
1.02134544	-0.10120868	-0.09496659	0.00190200	-0.01129739	0.00012384
1.02067952	-0.09678844	-0.10168784	-0.00231424	-0.00282169	0.00170671
1.02145653	-0.09834420	-0.10670388	-0.00400598	-0.00215610	0.00128071
1.01960132	-0.09532027	-0.10910707	-0.00060509	0.00188427	0.00975885
1.01921808	-0.09917286	-0.10331535	-0.00232313	0.00161429	0.00516060
1.01935000	-0.09728207	-0.09378587	0.00312566	-0.00056046	0.00061040
1.01877139	-0.09993299	-0.09384796	0.00174784	0.00183731	0.00259244
1.02301956	-0.10037593	-0.09903606	0.00214025	-0.00211446	0.00088917
1.02070312	-0.09918441	-0.09332254	0.00282216	-0.00390100	-0.00018884
1.02267098	-0.09657616	-0.09525135	0.00004276	-0.00001476	-0.00295445
1.02419815	-0.09744660	-0.10371317	0.00002205	0.00181885	-0.00198340
1.02343372	-0.09818197	-0.09608931	-0.00042046	-0.00356558	0.00144924
1.02145833	-0.10029019	-0.09856132	-0.00065394	-0.00478612	0.00904000
1.02374846	-0.10204293	-0.09739004	-0.00119404	-0.00599737	0.00855000
1.02108038	-0.10035162	-0.09974636	-0.00099291	-0.00944718	0.00525043
1.01937565	-0.10132384	-0.10100262	0.00146360	-0.00786371	-0.00176214
1.01856623	-0.10376341	-0.10308739	0.00595046	-0.00751846	0.00157579
1.01812178	-0.09867324	-0.09679670	0.00171711	-0.00990193	-0.00290533
1.02329549	-0.10391765	-0.09150731	0.00045837	-0.00167857	-0.00201967
1.02108564	-0.10222098	-0.08903498	0.00015239	-0.00238764	-0.00608168
1.02393851	-0.10191363	-0.09434968	-0.00236481	-0.00548356	-0.00479528
1.02155550	-0.10137935	-0.10074155	-0.00956482	0.00244957	-0.00007112
1.02243499	-0.10031611	-0.09593830	-0.00492403	-0.00877595	0.00785719
1.02156748	-0.09735240	-0.10413538	-0.00246291	-0.01033868	0.01247857
1.01935173	-0.09525409	-0.09972102	-0.00064193	-0.00092421	0.00204276
1.01591695	-0.09755392	-0.10240323	0.00419249	0.00186354	-0.00262869
1.02041267	-0.09755141	-0.11011615	0.00226108	-0.00073217	0.00027631
1.02043991	-0.09728254	-0.11664406	-0.00013112	-0.00452461	-0.00151389
1.01962985	-0.09943806	-0.11243935	0.00080532	0.00522090	-0.00003926
1.01943679	-0.09619866	-0.10434591	0.00562325	-0.00499103	0.00478204
1.01884205	-0.09725693	-0.10540433	0.00194576	0.00430646	0.00406801
1.02081262	-0.09917683	-0.09686319	-0.00042677	-0.00403184	0.00325331
1.02121580	-0.09831201	-0.10721912	0.00220372	-0.00581384	0.00580518
1.02252582	-0.10179467	-0.10269479	0.00251981	-0.00429698	0.00096524
1.02421713	-0.10010542	-0.09888259	-0.00095360	-0.01228016	0.00409327
1.02073732	-0.10015965	-0.09833456	-0.00114304	-0.00988997	0.00974844
1.01727815	-0.10042227	-0.10340900	0.00229671	-0.01026711	0.01014341
1.02101516	-0.09827873	-0.10416991	0.00478019	-0.00638687	0.01113985
1.02377896	-0.10048183	-0.10334517	0.00837608	-0.00762580	0.00779575
1.02674582	-0.10310150	-0.10083707	0.00277065	-0.00812686	0.00488419
1.02400369	-0.10369849	-0.10429962	0.00259588	-0.00778258	0.00606737
1.01928474	-0.09683837	-0.10172634	0.00462630	-0.00941862	0.01114811
1.01925837	-0.09771598	-0.10062514	0.00260233	-0.01522295	0.01126469
1.01998031	-0.10004314	-0.10511133	0.00573882	-0.00589785	0.01308419
1.01753111	-0.10312424	-0.10484623	0.00887533	-0.01214084	0.01012202
1.01791593	-0.09998224	-0.10426141	0.00127027	-0.01117700	0.00695931
1.01620523	-0.09698947	-0.10942070	0.00353571	-0.01033938	0.00665665
1.01551361	-0.10141433	-0.10654150	0.00057313	-0.01389332	0.00271114
1.01671742	-0.10059333	-0.09764172	-0.00002555	-0.01205845	0.00497690
1.01556103	-0.10276765	-0.10019050	0.00138468	-0.00428488	0.01043218
1.01619734	-0.10482048	-0.10363034	0.00396866	-0.00688194	0.00433183
1.02069862	-0.10403601	-0.10124886	0.00065834	-0.00839814	0.00853411
1.01996343	-0.10507189	-0.09984119	0.00001902	-0.00919787	0.00831582
1.01776835	-0.10545810	-0.10538129	0.00563076	-0.01205084	0.00362249
1.02057206	-0.10387330	-0.08714676	0.00639125	-0.01504414	0.00163755
1.02370734	-0.10308456	-0.08731692	0.00615697	-0.01115887	0.00687207
1.02262308	-0.09803294	-0.08908174	0.00226231	-0.01738462	0.00644477
1.02000008	-0.10297309	-0.09914367	0.00918940	-0.02068240	0.00380490
1.01852103	-0.10512735	-0.10311779	0.00788363	-0.01518108	0.00864095
1.02059267	-0.10993492	-0.09825058	0.00376575	-0.01123277	0.00834008
1.01832036	-0.10995291	-0.10021043	-0.00252404	-0.01208150	-0.00088075
1.02056313	-0.10460449	-0.10011834	-0.00086187	-0.01002576	-0.00160035
