0.21122514	0.78454041	0.60045146	0.00867038	-0.00074292	-0.00529958
0.21219208	0.78356662	0.60200102	0.00259426	-0.00328080	-0.00334761
0.21078649	0.78117419	0.59959767	0.00459135	-0.00061523	-0.00297114
0.20701779	0.78099837	0.59821510	0.00068030	0.00304872	-0.00504229
0.20862132	0.78438080	0.59842198	0.00040090	0.00653728	-0.00787347
0.20980823	0.78412068	0.60323873	-0.00594799	-0.00123783	-0.00600645
0.21211594	0.78087923	0.61212648	-0.00831913	0.00597299	-0.00401726
0.20999339	0.78392893	0.61661987	-0.00055289	0.00514468	-0.00557308
0.20954358	0.78516721	0.61034110	-0.00393830	-0.00043846	-0.00557841
0.20958546	0.78389591	0.60808625	-0.00414521	-0.00334964	-0.00615059
0.20806398	0.78707274	0.61053723	-0.00152621	-0.00368268	-0.00163186
0.20856659	0.78356696	0.60972016	-0.00384728	0.00613324	-0.00605691
0.20873309	0.78290785	0.61764560	-0.00404632	-0.00043196	-0.00407844
0.21271701	0.78279409	0.61021140	0.00202990	-0.00364200	0.00019161
0.21242931	0.78081410	0.60405282	0.00156850	0.00588864	-0.00565589
0.21246820	0.78413832	0.61082734	0.00393544	0.00225164	-0.00311706
0.20976412	0.78149316	0.60297789	0.00202990	-0.01006788	-0.00356775
0.20983170	0.78466689	0.59910723	0.00653202	-0.00180678	-0.00312584
0.21114863	0.78391852	0.59458737	0.00524734	0.00708733	-0.00096585
0.20610533	0.78319394	0.60029588	0.00538484	0.00476359	-0.00065419
0.20482075	0.78154527	0.60296691	0.00696363	-0.00218019	0.00162506
0.21063163	0.78172603	0.60259324	0.01279584	-0.01008189	-0.00139954
0.21435711	0.77848629	0.59877494	0.00492911	0.00540634	0.00197639
0.21178723	0.77882675	0.60267375	0.00792554	0.00222609	-0.00182399
0.20767147	0.78089893	0.60550582	0.01191108	0.00688359	-0.00187208
0.21005862	0.78253246	0.59962724	0.00133698	-0.01096296	0.00048500
0.20875061	0.78050147	0.59776611	0.00185917	0.00071068	0.00170927
0.20786742	0.78300962	0.60229423	0.00069839	0.00701199	-0.00025560
0.21269524	0.78427722	0.59863430	-0.00280385	0.00973992	-0.00112848
0.21149785	0.78419149	0.60464460	0.00155617	0.00166528	-0.00577175
0.21193693	0.78438115	0.60734673	0.00425312	-0.00786510	-0.00196260
0.21222225	0.78295252	0.60438575	0.00405629	0.00281867	-0.00023884
0.21357495	0.78419267	0.60961545	0.00584654	-0.01001842	-0.00506295
0.21038744	0.78260711	0.60974862	0.00084649	-0.00077077	-0.00641167
0.20576611	0.78151480	0.60515309	-0.00116466	0.00286279	-0.00616417
0.20491963	0.78482205	0.59894476	-0.00569441	-0.01159550	-0.00454609
0.21106563	0.78554113	0.60466672	-0.00172608	-0.00367022	-0.00005908
0.21195087	0.78591668	0.60067578	0.00206474	0.00633038	-0.00095498
0.21311494	0.78600131	0.60544502	0.00222911	0.00566103	-0.00322254
0.20773570	0.78339252	0.59967653	0.00628306	0.00510833	-0.00051294
0.20797960	0.78834231	0.60619790	0.00309620	0.00344349	-0.00209432
0.21436470	0.78553272	0.60336069	0.00436574	-0.00185583	-0.00080528
0.21544918	0.78396866	0.60073464	0.00597898	-0.00525879	-0.00447274
0.21152593	0.78350560	0.60489004	0.00538876	-0.00458481	-0.00223967
0.21065897	0.78092497	0.60235350	0.00385321	-0.00315249	-0.00440234
0.20968844	0.77948362	0.60652965	0.00255458	0.00094081	-0.00823846
0.21259857	0.77942432	0.60572827	-0.00278311	-0.00014656	-0.01069012
0.21061515	0.77901649	0.61223943	0.00075046	-0.00487692	-0.00308564
0.20930899	0.77908791	0.60196700	0.00258583	0.00027161	0.00057866
0.20863979	0.78273656	0.59884654	0.00444484	-0.00009988	-0.00203685
0.21007396	0.78370756	0.59461883	-0.00084654	-0.00701392	-0.00201600
0.20812419	0.78357849	0.60606151	0.00199280	-0.00566215	-0.00045394
0.20906575	0.77816498	0.61469780	0.00401566	-0.00516961	0.00034503
0.20925493	0.77860615	0.61703022	0.00753469	-0.00432945	0.00205362
0.21223462	0.78288004	0.61279974	0.00882166	0.00495486	0.00067131
0.21314904	0.78263393	0.60929132	0.00608691	-0.00071945	-0.00048006
0.21069101	0.78017122	0.61380820	-0.00178959	-0.00269598	-0.00733087
0.21133079	0.77989737	0.60518812	0.00241847	-0.00196444	-0.00515924
0.21237665	0.78642310	0.60338065	0.00241844	-0.00658229	-0.00351736
0.21165918	0.78818851	0.60401474	0.00919832	0.00058600	0.00001895
0.20978855	0.78235372	0.61080074	0.00809643	0.01006362	0.00199338
0.20883393	0.78382856	0.61339970	0.00386087	-0.00554029	-0.00188343
0.21158071	0.77660901	0.60598299	0.00904153	-0.01958598	-0.00419953
0.21520572	0.77563513	0.60026852	0.00903366	-0.00425914	-0.00388794
0.21362363	0.78163496	0.60018477	0.00824870	0.00736184	-0.00166917
0.20872227	0.78666300	0.60567953	0.00862036	-0.00334276	-0.00183304
0.20785357	0.78517235	0.61139274	0.00376600	-0.00515026	0.00268346
0.20668421	0.78137984	0.61221958	0.00151835	-0.00532776	0.00343284
0.21035966	0.78582499	0.60167345	0.00333630	-0.00794064	0.00237425
0.21033882	0.78707660	0.60268556	0.00023312	0.00046386	0.00051561
0.20938511	0.78956682	0.60506008	-0.00050789	-0.00007703	-0.00267554
0.20978231	0.78341759	0.60952165	0.00620684	-0.00532420	-0.00040368
0.20884811	0.78073460	0.60660539	0.00520899	-0.01279958	-0.00015603
0.20926059	0.77866784	0.61078861	0.00311591	-0.00761099	0.00116914
0.20901516	0.77969267	0.60047638	0.00571603	0.00385785	-0.00805979
0.21033064	0.78372619	0.60173870	0.00124340	0.00735568	-0.00652846
0.21020641	0.78365113	0.59563393	-0.00049756	-0.00229553	-0.00371114
0.21064990	0.78270124	0.60847053	-0.00319000	-0.01103896	-0.00308305
0.21017409	0.78115247	0.62204496	0.00072111	-0.00679158	-0.00654493
0.21324560	0.78218613	0.60994731	0.00319544	0.00010381	-0.00648565
0.21287363	0.77913481	0.60392974	0.00356385	-0.00870995	-0.00683132
0.21224497	0.78212164	0.60421654	0.01068698	-0.01078687	-0.00160180
0.21243557	0.77998749	0.60278602	0.00645250	-0.01150816	-0.00676175
0.20732914	0.78272679	0.60711259	0.00471684	-0.01459324	-0.00866425
0.20538784	0.78414339	0.60935170	0.00550538	-0.01029917	-0.00112166
0.20962658	0.78549572	0.60460623	0.00174558	-0.00840896	-0.00492129
0.21029667	0.78204657	0.60492420	0.00179445	-0.02180162	-0.00883541
0.21149223	0.78180044	0.60228238	0.00815921	-0.01299907	-0.01015728
0.21282492	0.78210729	0.60457463	0.00586423	-0.01839903	-0.01085346
0.21207757	0.78293741	0.60808097	0.00482486	-0.01619538	-0.01029178
0.21304748	0.78221840	0.60599687	0.00613632	-0.01240379	-0.00508731
0.21292156	0.78247908	0.60580020	0.00342471	-0.00970909	-0.00596948
0.21148037	0.78073769	0.59368112	0.00408869	-0.01329862	-0.00448335
0.21048031	0.78176751	0.60402338	0.00586572	-0.00881382	-0.00311759
0.21067134	0.78147852	0.61034399	0.00259019	-0.01180405	-0.00056662
0.21358586	0.78056360	0.60322582	0.00309925	-0.01580620	-0.00341167
0.21189635	0.77843184	0.60375996	0.01159023	-0.01562847	-0.00081441
0.21023929	0.78283474	0.60234091	0.01261004	-0.00966534	-0.00392052
0.21294349	0.77987538	0.60490831	0.00660098	-0.01667340	-0.00790077
0.20416428	0.78344226	0.59812858	0.00786317	-0.01986781	-0.00987423
0.20739950	0.78350948	0.59264556	0.01321973	-0.03247186	-0.00341171
0.21088187	0.78683138	0.59867161	0.01007553	-0.01824173	-0.00404704
0.21351085	0.78818280	0.59428084	0.00853170	-0.01034939	-0.00394747
0.21392856	0.78869952	0.59879633	0.00717588	-0.01008352	-0.00376058
0.21311057	0.78055236	0.60646045	0.01179832	-0.02176515	-0.00448371
0.21182664	0.77867302	0.60774020	0.01285011	-0.02216319	-0.00948544
0.21301747	0.78255597	0.60429166	0.01177615	-0.01382688	-0.00545988
0.21419904	0.78129774	0.59970843	0.01287633	-0.01059927	-0.00256869
0.21120684	0.78395021	0.59763734	0.00887810	-0.00437083	0.00014508
0.20970374	0.78338299	0.60038398	0.01043049	-0.01162048	-0.00085877
0.20676369	0.78387902	0.59765604	0.00238750	-0.01704740	-0.00622273
0.21243199	0.78248791	0.59096563	0.00905168	-0.01486950	-0.00978645
0.21452027	0.78405489	0.60126439	0.00489594	-0.00059461	-0.00772719
0.21724725	0.78515181	0.60042841	0.00488915	-0.00786416	-0.00368315
0.21405854	0.78385329	0.59924026	0.00978827	-0.01443104	-0.00441468
0.21390207	0.78023609	0.59941333	0.01446112	-0.01234901	-0.00056492
0.21109914	0.78217363	0.60279994	0.01290347	-0.00945181	-0.00085134
0.21001278	0.78250821	0.59616762	0.01298209	-0.01197126	-0.00153088
0.21199198	0.78374732	0.59742059	0.01177554	-0.01409966	-0.00745706
0.21396668	0.78282134	0.59882709	0.00952315	-0.01233930	-0.00782001
0.21510926	0.78093205	0.60015331	0.01351454	-0.01972254	-0.00417067
0.21408486	0.78473795	0.60512471	0.01710844	-0.01805008	-0.00323629
0.21287471	0.78571080	0.60389203	0.01920809	-0.01108566	-0.00066311
0.21491676	0.78848429	0.60167041	0.01689729	-0.01659159	0.00259589
0.21339675	0.78846056	0.58682684	0.01747406	-0.01292926	0.00079124
0.21637249	0.79081645	0.58708763	0.01809813	-0.02196510	0.00293169
0.21324265	0.79115017	0.58935455	0.01086635	-0.02654326	-0.00519647
0.20902903	0.78397312	0.59841155	0.01361277	-0.01605273	-0.00655106
