0.21664544	0.79098065	0.60153762	-0.01535214	0.01243829	-0.00211090
0.21082728	0.79347435	0.60227171	-0.01691036	0.00853978	-0.00225522
0.20776632	0.78743720	0.59529225	-0.01074969	0.00707716	-0.00056819
0.21116766	0.78594612	0.59990204	-0.01320892	0.01903919	0.00721782
0.21307237	0.78681026	0.59701910	-0.01364724	0.02915132	0.00322018
0.21325248	0.78672356	0.59310667	-0.01238873	0.01332987	0.00379532
0.21395516	0.78739700	0.59829601	-0.01360501	0.01951037	0.00603461
0.21602483	0.78562592	0.60130490	-0.01448791	0.01245569	0.00627413
0.21344658	0.78456795	0.59877717	-0.01505884	0.01176876	0.00456724
0.21252572	0.78677361	0.59853449	-0.01259180	0.02153548	0.00848698
0.21489705	0.78608587	0.59423743	-0.01276420	0.01362865	0.00457736
0.21055129	0.78764494	0.59570355	-0.01229942	0.02793730	0.00295041
0.20995189	0.78941631	0.59746274	-0.01054405	0.03574220	0.00049865
0.20710768	0.78719921	0.60050932	-0.00294744	0.00522507	0.00577753
0.20247061	0.78877724	0.59730879	-0.00928522	0.02138560	0.00656637
0.20521640	0.78876613	0.60377693	-0.00681685	0.00860011	0.00165994
0.20704202	0.78828849	0.59966572	-0.01393915	0.01634888	0.00198971
0.20745931	0.78497401	0.60374976	-0.01080002	0.00856498	0.00391760
0.21169597	0.78373469	0.61042152	-0.00183034	0.00191520	0.00063954
0.20968961	0.78131513	0.60373092	-0.00720350	0.00356475	0.00139356
0.21033482	0.78089723	0.59497693	-0.00200288	-0.00396875	0.00035320
0.21127504	0.78109031	0.59359128	-0.00679484	0.00583507	0.00859970
0.20951892	0.78526057	0.59280100	-0.00202333	0.01082051	0.00879366
0.20720280	0.78768608	0.60089236	-0.01692894	0.02511954	0.01323592
0.20343551	0.78907699	0.60487552	-0.01408735	0.00633365	0.01439562
0.20633388	0.78737880	0.60068123	-0.01324182	0.01422185	0.00347208
0.21143418	0.78706012	0.60309705	-0.01211449	0.01819757	0.00093397
0.21056338	0.78832423	0.59732105	-0.01506860	0.01725633	-0.00108138
0.20734844	0.78676254	0.59806143	-0.00666038	0.01234295	0.00421419
0.21282014	0.78526222	0.60032741	-0.00500103	0.00384726	0.00213237
0.20891727	0.78484534	0.60121281	-0.01086474	-0.00264654	0.00773064
0.21089871	0.78494349	0.60030104	-0.00676471	0.01799194	0.00026162
0.20769115	0.78202513	0.59778190	-0.00153733	0.00019635	0.00264298
0.20555443	0.78151244	0.59732877	0.00286460	0.00998109	-0.00062358
0.20664277	0.78174944	0.59670591	-0.00608185	0.01473527	0.00346174
0.20732273	0.78261792	0.59369193	-0.00020823	0.00799493	0.00645428
0.20941590	0.78131325	0.59230110	0.00601460	0.00538174	0.00845923
0.21197688	0.78326555	0.59397339	0.00350257	0.01506954	0.00159392
0.20534234	0.78297393	0.59902744	0.00591416	0.00521188	0.00081102
0.20668235	0.78065343	0.60174351	0.00509453	-0.00048924	0.00119357
0.20640774	0.78334901	0.60168852	0.00388166	0.00117137	0.00146436
0.20638339	0.78361751	0.60127560	-0.00026301	0.00471160	-0.00238257
0.20954628	0.78397660	0.60409232	0.00316442	0.00414621	0.00394397
0.20794362	0.78536660	0.60329722	-0.00722721	0.00971932	-0.00128541
0.20934388	0.78651308	0.59781606	-0.01057434	0.00915816	0.00134224
0.20542172	0.78574570	0.60571961	-0.00500111	0.00051069	-0.00123142
0.20702974	0.78569242	0.60399295	-0.00610947	0.00780696	0.00356257
0.20627046	0.78470508	0.59886828	-0.00199046	0.01412157	0.00375356
0.20641201	0.78397222	0.59907164	-0.00264983	-0.00528619	0.00237290
0.20863208	0.78067767	0.59691491	-0.00303195	-0.00390929	0.00233623
0.20586541	0.78095224	0.60003046	-0.00123023	0.00965959	0.00316908
0.20233867	0.78306811	0.59683455	-0.00110976	0.00627326	0.00521638
0.20404092	0.78301913	0.59571337	-0.00408309	0.00515549	0.00328036
0.20551466	0.78341355	0.59924654	-0.00267291	0.01298198	0.00563724
0.20738895	0.78153009	0.59508814	0.00220842	-0.00151065	-0.00180080
0.20606563	0.78186852	0.59997745	-0.00439846	-0.00845728	0.00273661
0.20539815	0.78203068	0.59914240	-0.00890298	0.00831119	0.00040051
0.20599732	0.78482915	0.59844948	0.00036967	-0.00559945	0.00308726
0.20576225	0.78295311	0.59840707	0.00186879	0.00640613	0.00492484
0.20371539	0.78724627	0.59821535	-0.00195319	0.00645350	0.00078103
0.20439095	0.78494738	0.60014146	-0.00580891	0.00375498	-0.00005724
0.20906128	0.78508110	0.60291284	-0.00061368	-0.00148788	0.00110022
0.21232551	0.78501595	0.60534697	0.00206941	-0.00177412	0.00259579
0.21061145	0.78764616	0.60532522	-0.00509218	-0.00215606	0.00332147
0.20841904	0.79086465	0.60297814	-0.00058845	-0.00609947	-0.00197152
0.20781775	0.78798483	0.60712147	-0.00036219	-0.01156231	0.00326187
0.20693875	0.78621810	0.60468426	0.00668204	-0.01903224	-0.00212599
0.20876146	0.78404237	0.60242824	0.00828382	0.01069748	-0.00222420
0.21291875	0.78243921	0.60241977	0.01551277	0.00164587	0.00000230
0.20669055	0.78119731	0.60142709	0.00798206	0.00711689	0.00043799
0.19676474	0.78520316	0.60264493	0.00889635	-0.01253939	0.00078543
0.19918260	0.78074028	0.59694706	-0.00089093	-0.00385296	-0.00222214
0.20460940	0.78188108	0.60129424	-0.00473408	0.00127586	0.00073789
0.21222457	0.78510278	0.60345810	-0.00075327	-0.00777212	0.00053928
0.20677733	0.78561958	0.60430174	-0.00109366	-0.00202157	-0.00226072
0.20685397	0.78932147	0.60404949	-0.00315392	0.00228111	0.00079411
0.20932439	0.78688027	0.60744842	0.00082637	-0.01073965	-0.00174854
0.20779520	0.78839080	0.59999388	0.00400250	-0.01209403	0.00431213
0.20804686	0.78807194	0.60050080	0.00461993	0.00053409	0.00459942
0.20768138	0.78514934	0.60033714	-0.00011258	0.00075230	-0.00120585
0.20576171	0.78277568	0.59932949	-0.00424126	-0.00749512	-0.00499727
0.20454663	0.77980889	0.60021067	-0.00992968	-0.00573185	-0.00474611
0.20549675	0.78230296	0.59654195	0.00154311	-0.00935119	-0.00308075
0.20826624	0.78342675	0.60840061	0.00674345	-0.01696915	-0.00302454
0.21283159	0.78109448	0.60960460	0.00756694	-0.00787514	0.00494884
0.20947889	0.77918108	0.61491757	0.00112556	-0.01052873	0.00145685
0.20832808	0.78602493	0.60644006	0.00874265	-0.01843439	-0.00216134
0.21049040	0.78823837	0.59863894	0.00271989	-0.02714576	-0.00386505
0.21048973	0.78771083	0.59997471	0.00379310	-0.01756797	-0.00381923
0.21236609	0.78339363	0.60245136	0.00087091	-0.01439625	-0.00017295
0.20640953	0.78582073	0.60515213	0.00422362	-0.00496860	-0.00189145
0.20961190	0.78558434	0.60580015	-0.00084724	-0.01216816	-0.00292009
0.21040096	0.78209123	0.60368409	0.00212547	-0.00075738	-0.00343902
0.20653161	0.78641471	0.60590131	0.00230036	0.00344109	-0.00542110
0.21180968	0.78386669	0.60862429	0.00190261	-0.00995482	-0.00162459
0.21168041	0.78359154	0.60514126	0.00061090	-0.02492792	-0.00616692
0.21173168	0.78346654	0.60567776	0.00286634	-0.00475441	-0.00383285
0.20847833	0.78305441	0.60106905	0.00645043	-0.02297596	-0.00244776
0.20911065	0.78325813	0.59503152	0.00656329	-0.00813664	-0.00216620
0.20788631	0.78586573	0.59933180	0.00433532	-0.00437867	-0.00551118
0.20971791	0.78508191	0.60647961	0.00485685	-0.01666182	-0.00457749
0.21199974	0.78162040	0.60677114	0.00331147	-0.00860342	-0.00760112
0.21306662	0.78273067	0.59818856	0.00487595	-0.01126144	-0.00548359
0.21117870	0.78200581	0.60218603	0.00285218	-0.01497260	-0.00561605
0.21000365	0.78490842	0.59918901	0.00898950	-0.02239376	-0.00354184
0.20884329	0.78979024	0.59839599	0.00184716	-0.01210240	-0.00102376
0.21104813	0.78600024	0.60266207	0.01167380	-0.00997085	-0.00093752
0.20666646	0.78493388	0.60536697	0.01286017	-0.02037899	-0.00488371
0.20557164	0.78442985	0.60468613	0.00820975	-0.04010737	-0.00708071
0.20582886	0.78660768	0.60214360	0.01409658	-0.01963090	-0.00868005
0.20865970	0.78919355	0.60194145	0.00600167	-0.00900127	-0.00607854
0.20818978	0.78522828	0.60729516	0.00635291	-0.00609682	-0.00632302
0.21249097	0.78145697	0.60603388	0.00104364	-0.02174759	-0.00060765
0.20905295	0.78208858	0.60522365	0.00578894	-0.03578460	0.00029415
0.20939721	0.78341060	0.60572017	0.00905363	-0.03597010	-0.00277574
0.20936641	0.78484528	0.60529426	0.02069253	-0.01328279	0.00302450
0.20753012	0.78790087	0.60285786	0.02204741	-0.02232367	-0.00398568
0.20713313	0.78694225	0.59676475	0.01848802	-0.02036075	-0.00512592
0.20754201	0.78800161	0.59886407	0.00636034	-0.03062783	-0.00532146
0.20928386	0.78613607	0.60431732	0.00465775	-0.03383181	-0.00387539
0.21035841	0.78455773	0.60337197	0.00587175	-0.02757863	0.00350271
0.21146744	0.78680525	0.60154558	0.00260121	-0.00392591	0.00134369
0.21191602	0.78507793	0.59757903	0.01031438	-0.01357238	-0.00572764
0.21130871	0.78976322	0.60005864	0.01284624	-0.01555374	-0.00990373
0.21425808	0.78561940	0.59992616	0.01680759	-0.02630654	-0.00448817
0.21139525	0.78641812	0.59724699	0.00496518	-0.01153598	-0.00492578
0.21023634	0.78542566	0.60213770	0.00789107	-0.01540275	-0.00681457
0.20636312	0.78840088	0.60091848	0.01235307	-0.00296820	-0.00566267
