0.96123704	-0.05935532	0.10637731	-0.87126312	-0.00821714	0.12533443
1.17341184	-0.26428452	-0.02784481	-0.36828404	0.10765400	-0.30143303
1.10520133	-0.40703338	0.08077556	-0.71845469	-0.02377480	-0.14290845
1.10967022	-0.37764111	0.05111959	-0.38185648	-0.28267901	-0.02790079
1.16683285	-0.26816537	0.15543082	0.02496286	0.13779203	-0.01698699
1.34454748	-0.11512741	0.27423300	0.61251593	-0.07424313	-0.11814680
1.36055173	0.05053910	0.20249278	0.04798286	-0.07024678	0.02403926
1.69892006	0.03591944	-0.12028829	-0.21232393	-0.03936476	0.22295258
1.49491701	-0.30441052	-0.16938617	-0.62062103	0.42530768	0.63709047
1.35759845	-0.66255708	-0.15633751	-0.13073317	0.14660133	0.60821951
0.97112997	-0.78258613	-0.04702079	0.25528914	0.13647382	0.38008580
0.61624060	-0.50800006	0.02424612	0.60958650	0.37852170	-0.04170979
0.67879577	-0.46627814	-0.17843510	0.18183867	-0.14400289	-0.09620491
0.96780754	-0.22673887	-0.18917320	-0.48219320	-0.27966606	-0.28671243
1.04845854	-0.32564668	-0.36917897	-0.71847350	-0.08517024	0.12108356
1.25235094	-0.33195916	-0.46787423	-0.21776519	0.42931752	-0.02966584
0.99643805	-0.48621415	-0.25864803	-0.18952067	0.53137520	0.16176620
0.97276075	-0.56053153	-0.06232985	0.29840739	0.14836941	-0.46017925
0.90654692	-0.40983286	0.11823593	0.40990019	-0.26831176	-0.64954928
0.75678922	-0.28247701	-0.14186507	0.37012090	-0.41884384	-0.63974344
0.78510433	-0.29857868	-0.12590101	0.83501770	-0.51279986	-0.58062412
0.76097570	-0.26328510	-0.02886681	0.50975899	-0.69731955	-0.50050492
0.80781198	-0.21401359	-0.15643824	0.82426501	-0.99243559	-0.71892122
0.68349775	-0.15051900	-0.23645102	0.93672649	-0.71416641	-0.04991321
0.78028636	-0.02620812	-0.23323171	1.06747116	-0.78939919	-0.17804202
0.98067287	-0.15794769	-0.10156639	0.82635531	-0.75438452	-0.04309564
0.98726661	-0.19421487	-0.21707294	0.71003493	-0.50171823	-0.10323269
0.85680674	-0.11361308	-0.27244676	0.82458491	-0.89484168	-0.01144178
0.84104625	-0.14646891	-0.18462279	0.64416325	-0.66512014	0.08566456
0.73374012	-0.07658679	-0.13363746	0.36386750	-0.38272570	0.19623038
1.06579302	-0.06548300	-0.34025450	0.30181954	-0.26236582	0.21046845
0.97824016	-0.06005035	-0.24664881	0.52135793	-0.12029198	0.52014418
0.93620728	-0.09657433	-0.22438218	0.41662848	-0.11471350	0.36789654
1.13191375	-0.19459863	-0.18722403	0.10795292	0.16193385	0.02469376
1.04338611	-0.02301799	-0.08614410	-0.12698968	-0.06439296	-0.00005574
1.02991427	-0.16108977	-0.22113401	-0.21172629	0.38290687	0.12354310
1.27644733	-0.05588314	-0.04882754	-0.23173940	0.20419508	-0.41486459
1.22857096	-0.22925587	0.02967696	-0.02920174	0.23850844	-0.46561337
1.32333553	-0.09778546	-0.06328506	-0.20761692	0.12792216	-0.37075989
1.25796997	-0.19982554	-0.18723035	-0.27593796	0.29890654	-0.39759408
1.24296436	-0.16342438	-0.19833918	-0.43198155	0.44673942	-0.34577108
1.23415857	-0.02693613	-0.36743380	-0.88387591	0.12319299	-0.25959138
0.89879608	-0.23762875	-0.25719309	-0.65265936	0.04466978	-0.07804663
0.95816530	-0.39082633	-0.32353389	-0.21785458	0.40828167	-0.40893365
0.86539543	-0.64674192	-0.14444949	-0.13293501	0.45923349	-0.20018407
0.78443673	-0.60337977	-0.17159249	0.14462729	0.14497762	-0.20627300
1.01033896	-0.59662907	-0.03623992	0.13853070	-0.31602424	-0.22583846
1.11165024	-0.33624875	-0.17200991	0.08529353	-0.34847420	-0.14079123
1.31317093	-0.02864024	-0.12036592	0.39337970	-0.08228249	0.16937354
1.27821008	-0.18095386	-0.33292618	0.13894996	0.12893842	-0.07024228
1.14538158	-0.13178483	-0.23583788	-0.25844872	0.25732059	0.26610387
1.23006693	-0.38501502	-0.14000753	-0.32737267	0.35040367	0.45648220
0.89764617	-0.43286756	-0.16436016	-0.68736702	0.57474768	0.51223862
0.81918890	-0.39595308	-0.19567039	-0.25382344	0.62805136	0.02639033
0.75982419	-0.14235459	-0.01195786	-0.10155409	0.34623915	0.64268563
0.59396626	-0.30230817	-0.09271057	-0.11763721	0.35076459	0.70105408
0.68777455	-0.32778125	-0.03745385	-0.25512405	0.40708884	0.57154526
0.74045152	-0.17103491	-0.06699708	-0.34249331	0.18087933	0.27431548
0.57288801	-0.35063995	-0.03467141	-0.22325373	0.02447925	0.30313714
0.68816530	-0.16714292	0.09196882	-0.30557694	0.08434585	0.31494194
0.61016012	-0.33442853	-0.01904865	-0.15264897	-0.02138890	0.48030447
0.88870485	-0.16766874	-0.03308871	-0.54359046	-0.03901717	0.21765656
0.92688382	-0.33390964	0.08171179	-0.46950187	0.03649194	-0.19346903
0.74720364	-0.10123561	-0.05942394	-0.54476533	-0.22216138	0.10068010
1.07850208	-0.19236042	-0.06552227	-0.31638455	-0.34777780	-0.29174849
1.30306312	-0.41044765	-0.11706999	-0.13331370	-0.12515528	-0.05694711
1.30059960	-0.25574844	0.20516102	0.59880929	-0.07286551	0.04958856
1.37022877	-0.05084366	0.10519169	0.47717755	-0.20671465	-0.19467478
1.58383298	-0.07007833	0.13843666	0.00055608	0.22860098	-0.03141693
1.59912399	-0.00142465	-0.15695561	-0.26354042	0.07931993	0.02582069
1.51766149	-0.29179356	-0.21518369	-0.09974232	0.13842486	0.80044601
1.11350639	-0.56690036	-0.38974252	0.31904864	0.26822154	0.71423546
1.08596592	-0.72005640	-0.14890766	0.73855234	0.17176210	0.07352892
0.60435922	-0.43138260	-0.14687750	0.77048639	0.33535600	0.09191162
0.70540253	-0.25152330	-0.18062905	0.17292943	-0.46185839	-0.33094091
0.76621613	-0.33816229	-0.16805405	-0.65771984	-0.23364107	-0.10471793
0.88833356	-0.20543282	-0.47651153	-0.75362969	0.26827239	0.38522288
0.75475254	-0.30921769	-0.34250297	-0.09646437	0.34438242	0.13034713
0.85495882	-0.51214654	-0.19063791	-0.21886948	0.08840631	0.06823896
0.89272342	-0.60949301	-0.06367495	0.29290693	0.14576409	-0.11433933
0.75219747	-0.44215295	-0.11239168	0.59183733	-0.00830784	-0.63699209
0.85734037	-0.34310371	0.02473389	0.73256436	-0.66764115	-0.72935887
0.69112165	-0.30853616	-0.16030372	0.86327560	-0.64878791	-0.30961079
0.62260066	-0.07261045	-0.20450125	0.43785498	-1.02889042	-0.50784912
0.82434671	-0.07610410	-0.29993220	0.91858791	-0.60679461	-0.41799490
0.88162068	-0.28679144	-0.19637532	0.67589355	-0.65419142	-0.30950627
0.96419133	-0.21030637	-0.23958404	0.71926494	-0.66745526	-0.28957830
0.76000282	-0.26987510	-0.23109722	0.54828592	-0.77190764	0.17869856
0.90102690	-0.19472398	-0.13757798	0.76914835	-0.48417389	0.04558036
0.83475720	-0.16894089	-0.25866965	0.64371802	-0.23908954	0.37353749
0.98171461	-0.15221574	-0.14351494	0.28315833	-0.28888586	0.18340086
0.93910019	-0.31680652	-0.09882684	0.14615706	-0.70545980	0.66211726
1.06503007	-0.15135673	-0.20511789	0.43914340	-0.21448150	0.28636310
1.00347997	-0.27170142	-0.16820079	0.11747565	-0.00538786	0.32457120
1.10028562	-0.22738575	-0.13416076	0.41379895	0.37927680	0.41022581
1.13648072	-0.05899240	-0.01101780	-0.06021068	-0.11633073	0.10537860
0.94467129	-0.01941054	-0.02088570	-0.01476101	-0.12201872	0.16195323
1.01881419	-0.36300405	-0.20892590	-0.29452009	0.44952354	0.01771122
1.15303274	-0.00420219	-0.01287215	-0.17670614	0.26895071	-0.08283735
1.19303858	-0.14977603	-0.07043907	0.00417064	0.28496622	-0.19924909
1.15473503	-0.24349366	-0.10386817	0.31636968	0.27477654	-0.28171749
1.32018078	-0.20735290	-0.20968303	0.17042278	-0.03484041	-0.18614711
1.27308723	-0.21570727	-0.38167245	0.06666371	0.19725524	-0.38443249
1.38770684	-0.26031207	-0.43672204	-0.70671615	0.12856674	-0.30693128
1.02589806	-0.37834958	-0.50965180	-0.54356725	-0.09791872	-0.39853701
1.12192651	-0.69248181	-0.43525376	-0.22102363	-0.01605643	-0.69915303
1.04859480	-0.71560048	-0.40108832	0.17529586	0.42271755	-0.41462995
1.02037662	-0.66099868	-0.17502076	0.62904811	0.32346767	-0.38174105
1.02483451	-0.28870877	-0.19635282	0.70248369	0.08190682	-0.33461856
1.38478502	-0.15499196	-0.24079125	0.25483465	-0.09671394	-0.02867504
1.29356257	-0.07713530	-0.23796640	-0.03820374	-0.16382099	0.18604810
1.17823279	-0.49609134	-0.41819150	-0.39461166	0.02210158	0.20488388
0.89376307	-0.33092541	-0.24382641	-0.86691133	0.01296121	0.43838275
0.87986666	-0.28778355	-0.25994186	-0.39133122	0.25244540	0.07339116
0.93795092	-0.23825813	-0.16521349	-0.62621684	0.66179450	0.17285678
0.82690061	-0.15500175	-0.20468140	-0.48080426	0.65751637	0.21987906
0.58436188	-0.35604152	-0.13155210	-0.38940719	0.73127560	0.16012305
0.72300470	-0.35879405	-0.12691244	-0.59069612	0.35730879	-0.18369385
0.79241450	-0.31806372	-0.14794376	-0.45926330	0.26326099	0.22673078
0.47770811	-0.24580296	0.00747834	-0.55065618	0.48466668	0.17976557
0.70151420	-0.24845486	0.07738316	-0.45984722	0.21961398	0.33662258
0.65471021	-0.12531450	-0.11263456	-0.73843348	0.14873361	0.22893104
0.68620011	-0.30209820	0.01096885	-0.42008159	0.30668400	-0.04399765
0.94209064	-0.24524198	-0.07096025	-0.97812695	0.08991707	0.37898376
0.98801640	-0.14861970	0.03422430	-0.56029367	0.03354967	-0.13879203
0.77858131	-0.19919996	0.12034287	-0.48393370	-0.07984362	0.05469841
0.99997784	-0.36197524	-0.10166340	-0.47018197	0.19683556	-0.00100278
1.08932408	-0.29636061	0.01229026	-0.27704274	0.15344720	0.25819832
