0.86060722	-0.07402455	0.07597286	1.24731699	-0.56245918	-0.29987073
0.79873673	-0.20098471	0.02768866	1.45154901	-0.13332236	-0.26815077
1.16091214	-0.24021097	-0.00330787	0.98756162	-0.37368019	-0.01936189
0.97196304	-0.31672733	-0.04916388	1.65722895	-1.01211068	-0.22834791
0.87994344	-0.23637760	-0.21264740	2.16947240	-0.90366711	-0.15800365
1.44073128	-0.43445666	-0.21672244	2.54747090	-0.39100586	-0.00517384
1.74996075	-0.42143236	-0.26917487	1.82685179	0.21875191	-0.24132594
1.56255255	-0.26773784	-0.35840170	1.60480150	0.09285968	-0.08484675
1.36685299	-0.37595195	-0.17735002	0.86638854	-0.40168770	-0.22229165
1.58052112	0.06919261	-0.18829421	0.56351930	-0.48463560	-0.32788131
1.99637200	0.13800682	-0.29674848	0.65468309	-0.55999315	-0.09546216
1.94829768	0.00059816	-0.27819284	1.34243144	-0.13456226	-0.02536955
1.49216857	-0.15068281	-0.17910099	0.63678467	0.18511629	-0.30019997
1.40867693	-0.23884900	-0.12201881	0.88159955	-0.06476565	-0.53441503
0.72921736	-0.22651842	0.01045958	0.41541507	-0.27712176	-0.53077118
1.18074823	-0.14508290	0.02082542	0.36806969	-0.29356923	-0.24367924
0.51917654	-0.20614118	-0.22536156	1.11117342	-0.25844156	-0.23258111
0.67594350	-0.01596380	-0.15074069	1.34187054	-0.71780428	0.35722545
0.82861644	0.03681921	-0.12693196	1.27683399	-0.27022994	0.51663620
0.60291682	-0.05522032	-0.10338711	1.49344863	-0.15182088	0.47812238
0.50368993	-0.17194325	-0.12127755	0.91222342	-0.47010258	0.16166913
0.47425587	-0.01773301	0.08023963	1.07467590	0.27087915	0.05082389
0.69414872	-0.02625570	0.00154591	1.49232213	0.03691882	-0.26828567
0.66572914	0.06215966	-0.01858088	1.16199346	0.37356050	-0.01385109
0.61679337	0.10853039	-0.05310428	0.36570467	0.09345887	0.21680425
0.66567995	0.25602066	-0.13701314	0.44934224	0.12122866	0.11491042
0.57321546	0.06099649	-0.23666795	-0.33190375	-0.09526328	0.23443740
0.79515440	-0.02681897	-0.12504603	0.15267503	0.09315867	0.26397042
0.79106285	-0.17169586	-0.06516958	-0.45615417	0.14186398	0.11468686
0.94310232	-0.42158082	-0.09375507	-0.30575748	0.44050574	0.06905576
1.22977628	-0.62657258	-0.17011033	-0.24838259	0.16391539	-0.42554224
1.16757826	-0.56233116	-0.04539315	0.20936407	0.15075927	-0.30924869
1.46114960	-0.47957631	0.01981208	0.39278499	0.17048623	-0.10608382
1.66594068	-0.10779521	-0.04146215	0.19275080	-0.18922705	-0.11892776
1.94500609	-0.38908572	-0.01538230	-0.32782488	-0.32583378	-0.14994367
1.79690816	-0.47589415	0.00231846	0.08451114	-0.36495666	0.06602423
1.93677219	-0.43687680	-0.08785044	-0.06306979	-0.56895136	0.07758127
1.66613967	-0.52974701	0.03044431	0.80271710	-0.46551679	-0.17876599
1.44744236	-0.51307749	0.01799552	0.71541224	0.21163933	-0.22919877
1.09633862	-0.47668474	-0.08696443	1.44724518	-0.03524081	0.02887390
0.94191055	-0.21961991	-0.00198018	0.57051122	0.13354826	-0.16439679
0.69133778	0.07472581	0.10073077	0.20338465	-0.11248658	0.18325853
0.50696623	0.06970526	0.09856963	0.33004805	-0.30138719	0.03211235
0.67210976	0.03310136	0.04550850	0.32579392	-0.03861908	0.53081963
0.25806644	0.05061004	0.06841730	0.56878132	0.06109034	0.14830138
0.32553303	-0.26031711	-0.01465392	0.05435847	-0.08800479	0.29226908
0.42065762	-0.20269947	0.10263969	0.09971218	-0.17447660	-0.17474329
0.64698905	-0.03678787	0.11096765	0.69639178	-0.26688929	-0.18811964
0.34422542	-0.19142512	0.14315547	-0.36871609	-0.89145076	-0.91266775
0.73781308	-0.14185554	0.07622898	0.91826154	-0.37465587	-0.97971372
0.57851690	-0.16629001	0.17942347	0.22409789	-0.70858262	-0.71693853
0.86466955	-0.26032388	0.09231276	0.92091063	-0.95394684	-0.51377835
1.34055629	-0.09847097	-0.02130367	0.49695433	-0.56664656	-0.28974732
1.08966977	-0.24506886	-0.00223571	0.72412066	-0.51663937	0.01115987
1.30273070	-0.12777999	-0.08022447	0.38618331	-0.63482576	-0.13578294
1.22222013	-0.32225160	-0.07074009	0.59276299	-0.91013152	-0.05799150
1.40872609	-0.39027598	-0.19871670	0.56934249	-0.46212416	0.23366564
1.23211498	-0.59970545	-0.30593007	1.53941860	-0.38866035	-0.04055441
1.54713327	-0.43752917	-0.27102791	1.23880473	-0.35340293	-0.22487663
1.86975950	-0.15214581	-0.28388880	1.69529858	-0.22895704	-0.15244272
1.51068526	-0.02220578	-0.22231528	0.88868198	0.32558115	0.01345337
1.66978208	-0.20451296	-0.13834556	0.14303545	-0.12292297	-0.03615074
1.35556504	-0.07069689	-0.16279420	0.15388805	0.03957949	-0.22723443
1.12604772	-0.23885423	-0.11006779	-0.20207335	-0.16627779	-0.22809588
1.20458100	-0.18424445	-0.02784347	0.33234770	-0.15260715	-0.07538728
1.02796175	-0.16346360	-0.08616695	1.08657761	0.02462741	-0.13991143
0.71492587	-0.10136204	-0.19437369	0.48645003	-0.45812190	0.23516676
0.72731356	-0.15036438	-0.04438172	1.00847457	-0.23139772	0.34099155
0.66351526	-0.19607642	-0.09972029	0.50763035	-0.11157142	0.33459156
0.76905116	-0.09318444	-0.04242292	0.46442294	-0.48939064	0.40539519
0.75229449	-0.13255584	0.01424352	0.91070407	-0.15635021	0.26608602
0.69097960	-0.05834601	-0.02298969	0.96604148	-0.28977392	0.20965058
1.00164027	-0.02825588	0.06195190	0.97524742	-0.14859349	0.63928072
0.81555435	-0.08544924	-0.05774508	0.45268608	-0.68649401	0.19973802
0.66139612	0.13174267	-0.09606837	0.26026455	-0.11486329	0.20700757
0.80680835	0.12161793	-0.17172949	0.66585776	0.28111087	0.28372765
0.44735044	-0.13722472	-0.16446476	-0.25450186	0.05816834	0.39790585
0.56084044	0.01304426	-0.25295883	-0.22373765	0.11336097	0.28058863
0.82295432	-0.06056570	-0.13240165	-0.24844956	0.23475262	0.10481083
1.05279234	-0.37360377	-0.12343742	-0.08185324	0.25879813	-0.11163476
1.27931299	-0.62096704	-0.14735915	-0.22842436	0.72434529	-0.00166717
1.37290433	-0.69165366	-0.03006752	-0.34215211	0.40921885	-0.12753448
1.28838412	-0.36514414	-0.07848585	0.09727590	0.47259850	-0.26712560
1.52398097	-0.33809827	-0.08113647	-0.21622260	0.01438345	-0.08370478
1.60523966	-0.39668434	-0.02965021	-0.13515529	-0.57559325	-0.28461341
1.98244548	-0.39606902	-0.07857594	0.11826518	-0.77564521	0.02344485
1.63254481	-0.39968076	-0.07480522	0.63264967	0.23519104	0.02860143
1.69585441	-0.64356678	-0.03832954	-0.21484416	0.45545679	-0.02120447
0.93399017	-0.45456730	0.09446152	-0.13084206	-0.02313520	-0.17340464
0.87286871	-0.30060216	-0.03440617	0.44521641	0.00513293	-0.23351885
0.75982030	-0.22025466	0.03506442	0.00862778	0.03912610	-0.17970655
0.53286014	0.07250275	0.05007268	-0.05230989	0.06680021	-0.09878397
0.33660120	0.10847386	-0.00761332	-0.49784528	-0.02260155	0.18482794
0.32736456	0.03377202	0.06568532	-0.34228185	-0.02345986	0.11901136
0.64387743	-0.10570894	0.02197898	-0.65212437	0.06520186	0.21100537
0.43658430	-0.08515386	0.11767838	-0.39137460	0.47902338	-0.00717699
0.81799674	0.04170102	0.09650936	-0.81800752	0.34206249	-0.08758518
0.73558135	-0.24931270	0.05545211	0.28687955	0.07631699	-0.10658675
0.75409318	-0.12168006	0.01178888	-0.81928702	-0.23932588	-0.30841316
1.03674444	-0.28386764	-0.02891114	-0.69996800	-0.29004437	0.02133716
0.88552746	-0.31726819	-0.11177856	-0.61279698	0.03271218	-0.07364707
0.89325930	-0.46904435	-0.12293022	0.36861088	0.12258711	-0.15921266
1.18372758	-0.51532502	0.01300070	-0.31664274	-0.54858837	0.08492975
0.94918024	-0.29646367	-0.15696235	0.56961875	-0.64046718	0.11608079
1.19716884	-0.29726480	-0.31922961	0.10130206	-0.29699297	0.44293824
1.41312341	-0.47049394	-0.32353809	-0.38749744	-0.11371678	0.66305276
1.36157863	-0.33416259	-0.44339763	0.07018398	-0.71458806	0.33019993
1.98793475	-0.51622291	-0.32878940	-0.09782919	-0.03495385	0.54083935
2.09615685	-0.46286514	-0.20819951	0.74937530	0.53625050	-0.24668775
1.39304115	-0.25061289	-0.15621612	0.50931628	1.05690510	-0.59764059
1.27533476	-0.04550199	0.03742504	0.19850939	0.42310336	-0.59295493
1.13984927	0.16325527	0.01279124	-0.08207430	-0.03170211	-0.59299302
1.08790175	0.20271013	-0.01188967	-0.04788864	0.14008383	-0.06799630
0.82791825	0.24366142	-0.07330545	-0.29195191	-0.18200577	0.36221750
0.69980900	-0.00748770	-0.23490521	-0.24091141	-0.33526080	0.32535920
0.48350997	-0.00760782	-0.19890117	-0.86047425	0.17220312	0.24471539
0.68179249	-0.23640512	-0.16929200	-0.15525713	0.34582364	0.38113089
0.71826949	-0.02536016	-0.07392150	-0.93526334	0.16136950	0.13868275
0.62396564	-0.04758593	-0.01173596	-0.21628858	0.67436707	0.05341537
0.75562960	0.06778859	-0.09446024	-0.57412443	-0.02018120	0.37269444
0.55378070	0.13856949	-0.11956428	-0.10066402	0.36193176	0.75222311
0.76799790	0.22119538	-0.15441116	-0.78293014	0.42205564	0.51925717
0.74912668	0.08926572	-0.14132680	-1.04528910	0.86042824	0.49884727
0.85488260	-0.06345883	-0.09767316	-1.44071703	0.85661653	0.16857364
0.81403208	-0.13639169	-0.03427682	-0.95324843	0.68153659	0.42595659
0.97033049	-0.28205693	-0.04911699	-0.80559489	0.65326450	0.15172001
0.97484282	-0.10484421	-0.02975334	-1.10704704	0.89124013	0.07684646
0.93830732	0.00472643	-0.08855094	-0.90199222	0.83633638	0.16427034
