1.31047972	-0.71518461	-0.22156206	0.63510487	0.36816745	-0.28207135
1.12719412	-0.36833646	-0.31780418	-0.06314895	0.24950878	-0.46789968
0.75980603	-0.45761704	-0.31664106	-0.49405140	0.10748486	-0.70221817
0.69727663	-0.50444352	-0.31307797	-0.39910828	-0.10603715	-0.57485988
0.87270144	-0.58868116	-0.34843098	0.05737247	-0.13827763	-0.46762643
1.16649547	-0.61236229	-0.32283172	-0.29344436	-0.19033204	-0.61709443
0.93497900	-0.55705231	-0.34573653	0.19407795	-0.01618658	-0.54602252
0.81525755	-0.65417761	-0.27771266	0.28970334	-0.03454090	-0.80199026
0.85070136	-0.45753135	-0.31781126	-0.06169083	-0.14166286	-0.76002467
0.81547150	-0.33213155	-0.22333453	0.46299694	-0.28222290	-0.85865041
0.94021247	-0.25683387	-0.28642153	0.10550754	-0.31191718	-0.78814871
0.84775430	-0.38052417	-0.31286366	0.04314600	-0.25520916	-0.86061492
0.94456132	-0.38237374	-0.19456027	0.39182670	-0.25198470	-0.72032299
0.53940627	-0.29062378	-0.20855823	0.48546278	-0.45056174	-0.48995042
0.41788936	-0.41256625	-0.18267460	0.74368609	-0.54701946	-0.50058432
0.38011889	-0.29376427	-0.20907873	0.72197080	-0.48827462	-0.11917510
0.67762364	-0.25206798	-0.15306756	0.85258403	-0.03400965	-0.51653483
0.48177405	-0.16041188	-0.23072935	0.74597673	-0.43851683	-0.64408103
0.48703012	-0.13836656	-0.11686605	0.94515527	-0.35325505	-0.36227126
0.38652736	0.02903717	-0.27370523	0.67355559	-0.47054825	-0.32946632
0.68559075	0.07364105	-0.13925516	0.87228341	0.02660988	-0.19576612
0.78723678	-0.09428536	-0.18819705	0.54092021	-0.51349045	0.11460677
0.63898225	0.14316738	-0.23583601	0.27929769	-0.07917610	0.09896063
1.08473552	-0.13771892	-0.26279791	-0.12224486	-0.05873453	0.16472685
1.38605139	-0.20528792	-0.21786819	0.20056859	0.08384882	0.15567169
1.48255045	-0.31865631	-0.20308191	0.05819771	-0.15178390	-0.06420786
1.31205121	-0.23759691	-0.18172486	0.13189722	-0.02393014	-0.02723357
1.47792280	-0.44659717	-0.20791255	0.21833357	0.11069628	0.02285295
1.49516239	-0.42231886	-0.33165920	-0.25288319	0.13032992	0.21805330
1.41538284	-0.14649341	-0.32028225	-0.96009215	0.06517922	0.18878413
1.24915859	-0.42087570	-0.34173649	-0.98691869	-0.07701711	0.37365888
1.26587742	-0.60914840	-0.34623576	-0.71341667	0.31173143	0.19086609
1.25287358	-0.67225738	-0.36773618	-0.86552147	0.38477035	0.25930559
1.12727311	-0.55957586	-0.26889510	-0.72616989	0.75978740	0.48720781
1.01017897	-0.53823747	-0.25036601	-0.83886311	0.82491681	0.06313531
1.06139569	-0.47595587	-0.13618861	-0.32446318	0.71183218	-0.21464676
1.08274830	-0.48290061	-0.13730584	-0.33668984	0.78312048	0.29232111
1.16896518	-0.48428088	-0.16166037	-0.22799571	0.55653988	0.37808748
1.17394702	-0.37955439	-0.11648580	-0.17279629	0.46088621	0.39844351
1.15156374	-0.28243179	-0.20124759	-0.14425368	0.29419721	0.57496038
1.03623188	-0.41806174	-0.21106111	-0.33128212	0.45253701	0.18321192
0.90977544	-0.35728870	-0.22323564	0.08674322	0.47625876	0.36282225
0.53196731	-0.23942458	-0.13886931	0.20196436	0.43999632	0.18105908
0.48603786	-0.31556503	-0.04005250	-0.00569626	0.26684220	0.10103873
0.33270411	-0.10783251	-0.02362262	0.01780814	0.15969254	0.18443493
0.77854731	-0.21804627	-0.04991029	-0.15340738	0.21556656	0.67268272
0.66256711	-0.15762276	-0.04586515	-0.29494763	0.44744883	0.43414707
0.53924249	-0.14549261	0.02253794	-0.73262242	0.17124114	0.55546151
0.47869039	-0.16119242	-0.04521373	-0.57177916	0.06160765	0.23158319
0.58479912	-0.13216310	0.04069907	-0.55417158	0.21326713	0.73507143
0.31674512	-0.12029751	0.06127534	-0.29981561	-0.01091718	0.69484144
0.81883402	-0.31391197	0.03870267	-0.55492889	0.10809752	0.47099185
0.73975260	-0.47667425	0.02888962	-0.50716713	-0.08810622	0.27272384
1.09684756	-0.50406511	0.04110387	0.00562303	-0.19078883	-0.06937274
1.09883259	-0.51475535	-0.00818535	-0.10175182	0.06555326	-0.00760054
1.05890638	-0.41760251	0.00748514	-0.27233340	-0.13648505	-0.25388929
1.40442908	-0.26206646	0.00547790	-0.28664948	-0.20771146	0.09211928
1.46833960	-0.42778197	-0.05951301	-0.19148551	-0.37916335	0.26579120
1.47784154	-0.57210219	-0.19753764	-0.04358276	-0.08356238	0.67764863
1.43172265	-0.63763226	-0.09385880	0.12659708	-0.16131994	0.59804903
1.44171236	-0.65341407	-0.23205926	-0.25034993	0.03377183	0.08690145
1.21517767	-0.47229124	-0.35911930	-0.10363203	0.09824576	-0.03403347
0.75932937	-0.58548906	-0.27828807	-0.06389499	0.21411530	0.07484962
0.67142731	-0.74908294	-0.21732163	-0.05039498	0.43173211	-0.22346176
0.70425997	-0.57745985	-0.22064322	0.27855869	0.12618921	-0.11689601
0.80048251	-0.39769354	-0.21428484	-0.21526205	-0.12819294	-0.73296261
0.70242875	-0.29907072	-0.17721736	-0.06253056	-0.17266910	-0.64659879
0.73231748	-0.18922256	-0.23777482	-0.21069110	-0.55969675	-0.44910607
1.11239089	-0.13347510	-0.29290111	-0.01328246	-0.10648310	-0.44273645
0.93137710	-0.34349795	-0.31071387	-0.28571906	-0.22241449	-0.45566809
1.01258183	-0.39285648	-0.23577627	-0.17317353	-0.20957142	-0.29704483
0.94237542	-0.35322396	-0.16344797	-0.42427361	-0.40273389	-0.66267964
0.72128087	-0.35108371	-0.23082552	-0.14346347	-0.46131878	-0.18931454
0.89677349	-0.32279806	-0.26511354	0.21429219	-0.34323497	-0.12023698
1.01730201	-0.26840293	-0.28894411	0.10529400	-0.53858145	-0.13210209
0.67155313	-0.44433780	-0.22520343	0.35004092	-0.45730635	-0.02386840
0.73903685	-0.35825634	-0.20787329	0.10887192	-0.61374154	-0.26086673
0.82080444	-0.24725861	-0.17889121	0.59189875	-0.22548411	-0.27231984
0.70029448	-0.23681857	-0.15407476	0.20235452	-0.74525347	-0.32539969
0.78177915	-0.10793121	-0.19671548	0.43999661	-0.33349843	0.10628360
0.94642249	-0.19051714	-0.15228873	0.29199249	-0.32804278	-0.19744899
1.07363788	-0.08076559	-0.18753669	-0.04893150	-0.25156466	-0.10686297
0.85187050	-0.00776526	-0.26518239	-0.40236096	-0.39330189	-0.22001981
1.08940543	0.08479242	-0.31163335	-0.32825906	0.03904976	0.30140990
1.00954263	0.04813143	-0.33259768	-0.16742236	-0.02757588	-0.34088337
1.12133058	-0.25492010	-0.24752976	-0.46352433	-0.07382433	0.54053233
0.94559401	-0.35547612	-0.22667966	-0.30325943	0.12898646	0.08190820
1.16636451	-0.47341471	-0.19193650	-0.57189953	-0.24103756	0.40146074
1.29580220	-0.41504462	-0.34370438	-0.64472160	-0.09752789	0.05631970
1.51484991	-0.46528108	-0.33009064	-0.54714478	0.07808950	0.20206349
1.28717229	-0.41593639	-0.32204198	-0.58723710	0.01230185	0.38417809
1.41897993	-0.52473872	-0.45093454	-0.74540438	0.24627925	0.42271906
1.07744863	-0.49409114	-0.45903067	-0.39030074	0.13184271	0.44007672
1.05541345	-0.66354405	-0.42446862	-0.37062332	0.07955098	0.45779296
0.85271617	-0.63551011	-0.36349148	-0.75102443	0.48712408	0.38123044
1.04958770	-0.68740663	-0.31156338	-0.37386503	0.43349902	0.09468936
0.70006949	-0.56184999	-0.21575589	-0.19053321	0.48625772	0.08534030
1.18559790	-0.69124841	-0.19416330	0.07839562	0.26304839	-0.03421168
0.84668388	-0.54300615	-0.13216077	-0.17015708	0.05906706	0.21496127
1.00530233	-0.51884520	-0.28921414	0.66956801	-0.42168040	0.30758260
1.02079692	-0.34876350	-0.30003511	0.15608279	-0.13683349	0.39468066
1.06349039	-0.23213794	-0.23449421	0.61064792	0.00500823	0.56497718
0.83146572	-0.34858239	-0.32996301	0.82582379	0.37100651	0.28383181
0.77005109	-0.29732486	-0.18827655	0.37211003	0.54008822	0.43172811
0.68302990	-0.36767999	-0.24936072	0.32547581	0.24029518	-0.01775725
0.42014472	-0.29073407	-0.14975375	0.92638576	0.14046128	0.00384074
0.54386093	-0.40672260	-0.07141780	0.77147736	0.18958204	0.28766035
0.67623023	-0.21650594	-0.07613028	0.50964952	0.26993609	0.16062520
0.65479958	-0.29590884	-0.13089359	0.39422140	-0.03901668	0.40913361
0.55346542	-0.22468842	-0.09702741	0.16095223	-0.47113720	0.07159907
0.79820098	-0.26235945	-0.07678280	-0.06282754	-0.14379967	0.20388611
0.65678148	-0.23118872	-0.01833969	0.18515947	-0.20948748	0.10766172
0.67276045	-0.31769139	-0.06252776	0.46659161	-0.09289328	-0.09771134
0.80445177	-0.28113613	-0.04351872	0.09164806	-0.22137563	0.25778853
0.87484803	-0.32392061	0.04871197	0.32665606	-0.32176279	0.04228104
0.94449277	-0.35790447	0.02564901	0.43769066	-0.42047694	0.15731532
1.05129552	-0.40705472	0.03434859	0.28852529	-0.53562341	-0.18128161
1.31333129	-0.58868634	-0.05879402	-0.07515418	-0.39107656	0.05333259
1.53714792	-0.38032638	0.01637954	-0.05226339	-0.25172534	0.06549272
1.27208891	-0.37666927	-0.04281295	0.12538727	-0.61206130	0.45533662
1.70036879	-0.57943939	-0.16242293	-0.13001855	-0.79619603	0.52125839
1.42687162	-0.54299053	-0.19545093	0.02875260	-0.91007383	0.30686958
1.46988668	-0.71361612	-0.15172003	-0.08384534	-0.44690718	0.48909970
1.22217617	-0.78323071	-0.27786405	0.23435046	-0.11785417	0.24018618
0.99922289	-0.59553929	-0.28276176	-0.01434432	0.02238911	0.08666917
0.98383927	-0.72588853	-0.31681295	-0.24875817	-0.16669732	0.16816527
0.76338685	-0.70615259	-0.27239182	0.33785317	-0.09080669	-0.10618138
0.68105318	-0.57294581	-0.31786209	0.16434992	-0.01864305	-0.28637328
