0.93245189	-0.24402911	-0.17080689	1.95932751	-0.61000132	-0.92345756
1.06556779	-0.07866816	-0.22727352	1.91721809	-0.55673601	-0.87381612
1.13873439	-0.02133837	-0.20991185	1.38551907	-0.91185677	-0.82384688
1.00023616	-0.10151085	-0.25076992	1.67399366	-0.82044604	-0.96287535
0.87267430	-0.03598636	-0.25208945	1.36440837	-0.54833923	-0.33707814
1.09812057	0.05237560	-0.20420617	1.71566318	-0.43090146	-0.38953824
0.91634560	0.02206559	-0.12016287	1.36432807	-0.15793459	-0.40706686
0.91064348	0.20055119	-0.09887538	1.03593878	-0.14067477	-0.49109088
0.93332937	0.01238738	-0.16317444	0.76952502	-0.00073828	-0.04123789
0.86019582	-0.01761758	-0.19327005	0.50835608	0.03130628	0.23569097
1.06005668	0.02227473	-0.20623741	0.79043616	-0.23531896	-0.21587787
1.02838800	0.08124187	-0.11321030	0.81174117	0.19106976	0.34125614
1.05580524	-0.02374694	-0.21580060	0.76186527	0.02582036	0.53794302
1.21001272	0.01194528	-0.18437646	-0.04889594	-0.10075310	0.39780941
1.29330455	-0.19315671	-0.17868573	-0.54870587	-0.04887270	0.52930565
1.14943423	-0.23898559	-0.27052489	0.06421692	0.23473495	0.37038687
1.33738391	-0.34677224	-0.26834100	-0.38058823	0.04389323	0.81935547
1.16111085	-0.23512431	-0.21165033	0.17836890	0.44032638	0.55597185
1.31227489	-0.31685670	-0.23238023	-0.62077810	-0.13341847	0.47691737
1.40269979	-0.47571393	-0.28561416	-0.29290057	0.04265572	0.34975874
1.54761443	-0.57274749	-0.26625777	-0.63928102	0.07323680	0.54457605
1.32324247	-0.49716102	-0.36435644	-0.35511563	0.10214266	0.66417116
1.19461419	-0.55778560	-0.26390994	0.07014395	0.35984579	0.79422913
0.85352728	-0.47303637	-0.23770598	0.30278426	0.12899242	0.64306900
0.85065336	-0.54087756	-0.19451000	0.12902699	0.40855780	0.47149043
0.85005377	-0.33002907	-0.04237495	-0.30316203	0.17115288	0.11180421
0.71746288	-0.32885606	-0.18786791	0.30775747	-0.07460101	0.13716567
0.97552997	-0.43281886	-0.04206057	0.13078047	0.12008689	0.34474731
0.96055320	-0.36252333	-0.16101467	0.40038715	-0.32918099	0.31195549
1.13631326	-0.39103868	-0.37735583	-0.10480321	0.01568524	0.11231491
1.22302132	-0.42700410	-0.21883081	-0.55246173	0.23743645	0.33138537
1.08562654	-0.28316819	-0.15354319	-0.08645845	0.19136046	0.47924479
0.90389240	-0.39391575	-0.05056579	0.39447068	0.07284313	0.57192058
0.61432084	-0.35010571	-0.21210306	0.00786303	-0.09446281	0.64122729
0.62776205	-0.43142950	-0.11504159	-0.21455083	0.14814070	0.18001198
0.74007409	-0.29003401	-0.15115554	0.46757168	-0.09378948	0.38127583
0.61323761	-0.15971396	-0.11498434	-0.55883046	0.17890415	0.27583349
0.57453045	-0.26270267	-0.20583205	-0.96031533	0.10318493	0.52132391
0.51389333	-0.13165197	-0.06466552	-0.86506656	0.51177249	0.43508223
0.43725846	-0.12230869	-0.03611357	-0.72326661	0.69804771	0.52541706
0.41064141	-0.25099479	-0.01224633	-1.16182628	0.66236098	0.62736003
0.39224154	-0.12217144	-0.09380775	-1.04420134	0.09781355	0.22731946
0.58346121	-0.17992515	-0.00181240	-1.24060392	0.45255336	0.13037180
0.68581245	-0.42892664	0.05938487	-1.67501703	0.13666744	0.16736150
0.82991996	-0.37506017	0.05770220	-1.01992833	0.67207058	0.25287323
1.26286016	-0.37647394	0.14953747	-0.76629162	0.10085769	0.52722802
1.29388120	-0.30428278	0.11190910	-0.45595819	0.45003537	0.24462834
1.47521288	-0.35444419	0.04184496	-0.39040036	0.12063044	0.23850458
1.48164294	-0.41717608	-0.03422026	-0.22330323	0.14359539	0.47480398
1.66279583	-0.52715381	-0.18758586	-0.72412469	0.17536029	0.49000657
1.77903076	-0.78483633	-0.29138891	0.01537908	0.37340599	0.46206100
1.65350780	-0.66683565	-0.14881646	-0.46804894	0.92687048	0.03916025
1.22761430	-0.70969958	-0.21430121	-1.23318607	0.69404200	-0.06268085
0.91978187	-0.39062167	-0.23552734	-1.26192583	0.35671508	-0.01268889
0.72636823	-0.52606747	-0.15686282	-1.37581361	0.42029611	-0.07825034
0.85993535	-0.50282063	-0.38211460	-1.35195103	0.12438408	-0.18574747
0.99526671	-0.50620954	-0.21634249	-0.99999401	0.64476052	-0.45554376
0.64863639	-0.60258056	-0.16760983	-1.13247748	0.78674451	-0.59509907
0.99131039	-0.46622271	-0.23895733	-1.69121881	0.18018240	-0.88312466
0.81750281	-0.40995782	-0.22502394	-1.22670512	0.52054029	-0.70783515
0.91871977	-0.45090912	-0.28790724	-0.98288601	0.00501467	-0.63824758
0.76536105	-0.36678538	-0.30805792	-0.95399365	-0.16192886	-0.78909330
1.02241835	-0.30749660	-0.27898691	-1.15919950	-0.03014518	-0.62478309
0.96984319	-0.27590598	-0.10402146	-1.73994470	0.17190137	-0.56840252
0.84385527	-0.47225877	-0.12018948	-0.82570140	-0.13899035	-0.35181985
0.69877828	-0.42620382	-0.09368134	-0.45441050	-0.06237191	-0.18799750
0.66506611	-0.39196889	-0.15077586	-0.10996915	0.03673747	-0.39815120
0.47436956	-0.19362678	-0.11651646	-0.41412673	0.14006891	-0.55772502
0.77570371	-0.28887027	-0.14914508	-0.13931948	0.12720519	-0.36219044
0.67984019	-0.07639993	-0.12640965	0.25421813	0.01134513	0.05570165
0.51614289	-0.24513182	-0.07598337	-0.07732260	0.19079982	-0.17064689
0.71337422	-0.06590667	-0.11374133	-0.43504751	-0.16221451	0.21026541
0.64122134	-0.01027913	-0.12286525	-1.06609467	-0.31150056	-0.03201981
0.56130815	-0.05957528	-0.14815190	-0.38894690	-0.14821022	0.08791406
0.88509796	-0.06591746	-0.26751346	-1.04577507	-0.29767351	0.35122866
0.96651069	-0.01399386	-0.17162656	-0.98684532	-0.10975286	0.20979517
1.15771234	-0.24977495	-0.31625369	-0.83318393	-0.13969927	0.33322000
1.14840360	-0.34972392	-0.15412144	-0.70865464	-0.04509782	0.50870046
1.37111773	-0.51378315	-0.12354787	-1.29386772	0.19938869	0.26978552
1.43106922	-0.44815906	-0.18040246	-0.71019694	-0.09709429	0.57362430
1.55014227	-0.35076963	-0.24721019	-1.22935901	-0.14415378	0.17603874
1.60609270	-0.22345824	-0.35184722	-1.62655708	-0.16888181	0.33084987
1.38595224	-0.44017094	-0.48464594	-1.32032973	0.18379543	0.16835891
1.37212410	-0.61238467	-0.42728073	-1.40653360	0.70316974	0.25773111
1.11137107	-0.53177598	-0.47483203	-1.29007856	0.72133271	0.03701024
1.02579986	-0.48644347	-0.31019163	-1.71441393	0.83104165	0.07746266
1.18920926	-0.46603584	-0.22928566	-0.93275542	0.94947833	-0.07529488
1.07752206	-0.52732462	-0.13429685	-1.06025148	0.99103910	-0.44982024
0.71531643	-0.36271869	-0.13184084	-0.96193955	0.85096109	-0.34228560
1.05991727	-0.40668568	-0.20778277	-1.04470182	0.62772898	0.24763644
1.10078055	-0.27385254	-0.17809661	-0.54630153	0.23920867	0.38055803
1.17212514	-0.30766911	-0.19850377	-1.17736652	0.59615937	0.57509348
0.98388940	-0.42078346	-0.23823150	-1.08999243	0.81825895	0.76119470
0.94860246	-0.29842675	-0.32621229	-0.97145881	0.81626896	0.80938467
0.78541664	-0.29339955	-0.28418237	-1.18698534	0.77014237	0.72241022
0.69477708	-0.33533875	-0.16754294	-0.69160162	0.71884958	0.39468068
0.63331746	-0.16817625	-0.10226060	-1.22634370	0.25465092	0.24945179
0.57339716	-0.21020954	-0.19066641	-0.28508656	0.44342451	0.11186533
0.40755878	-0.13364705	-0.15194475	-0.31373799	0.41855649	0.45966721
0.66237854	-0.24100084	-0.11904904	-0.79644614	0.21849725	0.36302504
0.62644316	-0.24642421	-0.07082221	-0.56254355	0.46010246	0.63880432
0.50250844	-0.32153583	-0.09948482	-1.41737725	0.10204737	0.50280975
0.57118983	-0.21629376	0.00118456	-1.01163893	0.44396424	0.51714445
0.72866246	-0.24806365	-0.04280481	-0.96581599	0.54332815	0.31083967
0.83217944	-0.37720009	0.11352158	-0.98312378	0.29183312	0.30793843
1.04471837	-0.61952708	0.11484590	-0.46416405	0.42264414	0.40636292
1.34963392	-0.47226947	0.04660253	-0.95255860	0.53445066	0.47656282
1.42085424	-0.38295852	0.00856743	-0.53861438	0.36845155	0.33152220
1.47928925	-0.38396137	-0.15547664	-0.97582708	0.43372831	0.55623457
1.56013146	-0.57625127	-0.28906668	-0.23935849	0.31875544	0.60626456
1.43594984	-0.77589942	-0.14972768	-0.53217917	0.19008200	0.43556210
1.49528058	-0.66814680	-0.12062806	-0.16682921	0.26907193	-0.33474094
0.95988485	-0.61158291	-0.16718391	-0.62281103	0.53966820	-0.34042417
0.83649863	-0.44309626	-0.21362329	-0.72119042	0.34681334	-0.08528603
0.87719615	-0.31502119	-0.18937412	-1.02495798	0.07974227	-0.48785689
0.91384681	-0.41233980	-0.31039865	-1.44767066	0.07680195	-0.48157064
0.96461590	-0.31195490	-0.23115863	-0.27140847	0.49808592	-0.47605627
0.96283744	-0.51861266	-0.22788293	-1.14261597	0.27962590	-0.61270300
0.74698129	-0.23852635	-0.32826789	-1.69149174	0.28857560	-0.89304805
0.85087979	-0.30716226	-0.17307869	-0.87742002	0.41222548	-0.51954408
0.82219830	-0.26363632	-0.20276155	-1.50123806	0.21561297	-0.56917335
0.74962439	-0.31133907	-0.24279417	-1.11201900	-0.28557664	-0.41017859
0.83524543	-0.24554850	-0.15336089	-0.52776113	-0.07736000	-0.78390068
0.96675892	-0.23037010	-0.16826030	-1.32571845	-0.20237905	-0.29814833
0.71478462	-0.37968220	-0.16514500	-1.08483182	-0.11951452	-0.43113031
0.73614297	-0.43345952	-0.21016594	-0.15415495	0.17012239	-0.17645435
0.72061242	-0.17291653	-0.21653009	-0.22471021	0.46752841	-0.16051207
0.59178069	-0.28003702	-0.17872440	0.00642855	0.45238404	-0.30204376
