1.16440818	-0.66165633	-0.17143855	1.07583965	-0.29375862	0.51064555
0.92098243	-0.48214668	-0.27455661	1.44233777	-0.28273584	0.46376500
1.01811314	-0.76594098	-0.28884821	1.31457405	-0.04987921	0.10094082
0.84379298	-0.41600993	-0.20230216	1.77489355	-0.24664682	0.14179252
0.78013496	-0.41147893	-0.14791574	1.63869014	-0.03868979	0.21165415
0.52802325	-0.28110627	-0.19363629	1.50393682	-0.34712374	0.16860898
0.79179151	-0.28591108	-0.12180570	1.53352995	-0.32711370	-0.12752173
0.72154533	-0.13041587	-0.10083474	1.26460295	-0.31721425	0.23428735
0.46061991	-0.13015259	-0.15916402	1.42771924	-0.54014384	0.00886028
0.71018507	-0.27694957	0.03979524	0.58836879	-0.93510181	-0.04893506
0.50246573	-0.08848675	-0.03478488	0.87898396	-0.43715610	0.20450124
0.53386057	-0.17874030	-0.04561944	0.68320368	-0.38718039	0.19936805
0.49312151	-0.33768247	0.04824224	0.58642173	-0.38546399	0.02337472
0.38944767	-0.25638089	-0.00527316	0.17029405	-0.52840951	0.17149810
0.64058809	-0.32799833	0.06231689	1.11537971	-0.47028209	0.03704410
0.74633192	-0.43213245	0.03025613	0.27099196	-0.31404216	0.03084682
1.23355451	-0.53212936	0.09881717	0.53390498	0.02967712	0.28904371
1.47543695	-0.43860809	0.11379455	0.36228385	0.02226370	-0.10273120
1.85367231	-0.58392257	0.12645058	0.12544365	-0.08260285	0.05698834
1.73668759	-0.53550054	-0.02554226	0.26693185	-0.39709261	0.18356125
1.66968790	-0.87579074	-0.20076686	0.52658510	-0.66503546	0.25403942
1.68804062	-0.88262305	-0.13724988	0.36879322	-0.52033579	0.27139759
1.49990317	-0.84960027	-0.10575578	1.10169301	-0.16810769	0.17442775
1.45200105	-0.62164432	-0.22585683	0.33789808	0.43689107	-0.23361549
0.73698879	-0.57746533	-0.10463207	-0.06899891	-0.04765639	-0.46139103
0.61504483	-0.73402394	-0.24103933	0.09213594	-0.53684755	-0.26990853
1.19186556	-0.45729667	-0.25336964	-0.01610890	-0.44905174	-0.39989354
0.74635571	-0.64259240	-0.27389008	0.64454084	-0.09470517	-0.46609636
0.93701061	-0.40245065	-0.41858143	-0.45237800	0.12567871	-0.23131040
1.09978088	-0.41624292	-0.23709281	0.33997205	-0.01320778	-0.71215937
0.87251381	-0.28797296	-0.33240130	0.21383450	-0.07614001	-1.01609353
0.69865396	-0.11375759	-0.24255739	0.30904708	-0.13665832	-0.96059488
0.82334460	-0.25932304	-0.30430011	-0.01503701	-0.28968895	-0.69157845
0.68124700	-0.18122302	-0.26632277	0.08519050	-0.30659167	-0.67263964
0.75933714	-0.19091008	-0.28371399	0.15797768	-0.31220057	-0.52501368
0.53777833	-0.23538494	-0.22208996	0.05653734	0.04588830	-0.70184873
0.75121693	-0.25757820	-0.21186616	0.53247274	-0.14925719	-0.49301682
0.65153320	-0.30646492	-0.16171549	0.14749417	-0.37745627	-0.37196937
0.59317486	-0.20596220	-0.14397678	0.22278081	-0.39920785	-0.53061670
0.62179247	-0.25316908	-0.20285989	0.50595420	-0.49209854	-0.10970478
0.56243213	0.00953611	-0.24040344	0.49399959	-0.24998818	-0.42008767
0.96489946	-0.12265518	-0.25543352	0.60729273	-0.08232886	-0.07554028
1.06153290	-0.06312777	-0.30781748	-0.21329453	0.48408015	-0.16880022
0.63852837	0.14462483	-0.23281908	-0.25877547	-0.26263838	-0.12443257
0.99388442	-0.10059010	-0.20439564	-0.21215175	-0.11647258	-0.12538015
1.11158587	-0.19389168	-0.25762588	-0.29823742	-0.12227356	-0.00817152
1.13977101	-0.17593366	-0.21248589	-0.75324241	0.01444525	0.39879434
1.16742668	-0.38028672	-0.35556556	-0.21409817	0.37675803	0.33109859
1.57184688	-0.41417685	-0.39694937	-0.12536002	0.17569460	0.07089818
1.41336399	-0.28383632	-0.31408348	-0.23073955	0.04608610	0.31445888
1.36148627	-0.41711315	-0.31986440	-1.04846581	0.08281746	0.41694186
1.36417267	-0.50506026	-0.37360860	-0.23083251	0.34951229	-0.14475915
1.32719623	-0.69772660	-0.35390004	-0.58484836	0.62142340	0.38555144
1.04252493	-0.58275291	-0.39113226	-0.61659965	0.60425408	0.21117386
0.88273356	-0.56481316	-0.28564021	-0.16701835	0.57999224	0.54024084
0.66338293	-0.55597314	-0.25555106	-0.02104350	0.48159902	0.14641250
0.76878368	-0.58442232	-0.21875031	-0.17192303	0.50486972	0.15525774
1.25242521	-0.58028869	-0.17243062	0.24229791	-0.11127908	0.02126527
1.15156753	-0.60562964	-0.14941839	0.06154803	0.30399256	0.13013082
1.17341672	-0.58209187	-0.11265227	0.81953992	0.11745211	0.02650634
0.99910198	-0.51087311	-0.25976031	0.59092125	0.29337059	0.02287047
0.87039197	-0.43553783	-0.20825758	0.56479609	0.43848436	0.28398027
0.56484978	-0.33200069	-0.22227546	0.18244343	0.17786132	0.36761871
0.52565332	-0.28739318	-0.06817895	0.62814792	0.04944899	0.48649413
0.25073680	-0.13470521	-0.02531026	-0.30468040	-0.15995293	0.42491337
0.38019538	-0.23097184	-0.07290260	-0.06838926	-0.39522633	0.44584393
0.38905139	-0.01842501	-0.11206918	-0.44188139	-0.43425264	0.56071567
0.44306369	-0.10643396	-0.08170998	-0.26017384	-0.05940259	0.47954637
0.38155740	-0.37314341	-0.01286050	-0.09925286	0.10143567	0.46717156
0.44764261	-0.35000198	-0.02878806	-0.45387584	-0.05239680	0.58501951
0.94162996	-0.19998125	-0.03231904	-0.87402970	0.31038157	0.76588883
0.88261130	-0.35400201	-0.08557685	-0.17201362	-0.04734673	0.84987982
0.85003621	-0.43943858	-0.10567047	-0.56921414	0.37292388	0.55819550
1.15686829	-0.46311393	0.00469457	-0.07630452	0.35665396	0.25575706
1.04791234	-0.58074713	-0.01901445	-0.40264446	0.36952253	0.15553943
1.06382607	-0.70010849	-0.04212937	0.22167833	-0.04997221	0.15522593
1.36976452	-0.58948335	-0.21992253	-0.44439125	-0.11224864	0.16925969
1.29494587	-0.86381796	-0.20120655	0.26889375	0.16568415	0.40051689
1.21414330	-0.82716566	-0.21828078	0.12188896	0.22550985	-0.11710556
1.08943179	-0.50435325	-0.26967355	0.45381069	0.25361130	-0.63954066
0.92444538	-0.47787933	-0.27075021	-0.39213931	0.06525586	-0.46703498
1.01469889	-0.46887931	-0.24552513	-0.58200799	0.16932062	-0.27161961
1.06193917	-0.34658976	-0.36566080	-0.29467314	0.20113661	-0.37055737
0.81119615	-0.57757199	-0.30082547	-0.50755750	0.03028744	-0.48452210
1.02903824	-0.46020754	-0.28945628	-0.12019681	-0.14566215	-0.74340188
0.95213147	-0.48915685	-0.35789422	-0.28572264	0.27435869	-0.76183723
0.86018134	-0.49047582	-0.35197920	-0.47831137	0.33480469	-0.72010567
0.83039109	-0.17069291	-0.26461370	-0.59254199	0.29560801	-0.87082207
0.70963020	-0.30427069	-0.30532942	-1.06227755	0.13575753	-0.23611660
0.95876875	-0.08058710	-0.27920064	-0.74134421	-0.23056045	-0.69710989
1.00373024	-0.30956248	-0.28491808	-0.71697260	-0.17279714	-0.58918176
0.62242570	-0.24773012	-0.19186159	-0.70425406	-0.34557555	-0.17582683
0.58580122	-0.45655570	-0.19789876	-0.80529154	-0.05591558	-0.07479497
0.41128325	-0.44171142	-0.20819870	-0.34909340	0.10340569	-0.06452664
0.58941059	-0.44451329	-0.19219288	-0.22801320	-0.17280944	-0.02042674
0.62316644	-0.36612401	-0.18249254	0.09400540	-0.30646494	-0.08579175
0.60940692	-0.28023659	-0.10496568	0.28803965	-0.37767420	-0.28685971
0.64870592	-0.04326896	-0.22817847	0.16209882	-0.13373122	-0.53074428
0.73366408	-0.14153383	-0.27490357	-0.51107194	-0.00707433	-0.07492975
0.87446670	-0.05549491	-0.26768275	-0.19344265	-0.33602070	0.05505399
0.88919104	-0.17558391	-0.29356796	-0.55605614	-0.02761652	0.04703004
0.93063244	-0.09748879	-0.15709459	-0.71046782	0.14378594	0.40446164
1.21931974	-0.19968322	-0.25717068	-0.42069260	0.12193900	0.13711027
1.14253577	-0.16243647	-0.22103975	-0.53943277	0.09829487	0.22167944
1.12013231	-0.14432711	-0.18552701	-0.42144666	0.32488329	0.20565902
1.49791075	-0.30778751	-0.20947343	-0.21234515	0.47087292	0.28701430
1.19547961	-0.47302978	-0.26197279	-0.88653940	0.57665190	0.34361252
1.30094501	-0.35253300	-0.38997473	-0.92117385	-0.15655164	-0.01149647
1.35105639	-0.31355937	-0.40276186	-0.59555375	0.37978762	0.52377896
1.36449502	-0.55058054	-0.40327928	-0.67190017	0.73417359	0.59429125
1.20351033	-0.62926613	-0.27397256	-0.70641852	0.72154265	0.39098937
1.03719520	-0.56475574	-0.39607523	-0.52517548	1.01446231	0.13221856
1.17203541	-0.60051683	-0.39988633	-0.85287270	0.94444552	-0.07347177
1.04287926	-0.44430285	-0.19285431	-0.55151198	0.86598010	0.06465217
0.98801170	-0.29695078	-0.17498229	-0.47939003	0.73803551	-0.00317792
0.88956322	-0.36011709	-0.17121957	-1.09027779	0.29937308	0.18376795
1.38535761	-0.45272851	-0.08931047	-0.57570632	0.37960817	0.41385197
1.11964884	-0.37280554	-0.10945502	-0.42874139	0.35488709	0.61614337
1.06358339	-0.30108173	-0.33285534	-0.17913101	0.87841934	0.17592624
0.82708663	-0.46075621	-0.25981903	-0.22052123	0.56810997	0.38765588
0.53406429	-0.53011794	-0.17507369	-0.32338125	0.78337868	0.58091157
0.87718192	-0.26683784	-0.14216891	0.00148388	0.19944327	0.35035261
0.79771576	-0.37663773	-0.06314284	0.06699851	0.18664233	0.23389164
0.54421295	-0.16370832	-0.16838370	-0.34076441	0.12241353	0.14531801
0.97858401	-0.26278051	-0.08036438	-0.68663990	0.41617960	0.52014381
0.59630836	-0.22460645	-0.10665653	-0.63770630	0.44674530	0.46595827
0.41422850	-0.04967343	-0.06465288	-0.79340804	0.52602823	0.34298900
0.31992012	-0.30848828	-0.01721529	-0.53633422	0.15041514	0.12770646
