1.57173128	-0.66866197	0.06722388	1.60390614	-0.03588623	-0.02521797
1.63811105	-0.44035792	0.00377179	2.04391250	-0.41877317	-0.32553310
1.31617719	-0.17647263	0.01356830	1.24559050	-0.38273844	-0.54854882
1.02386104	-0.05896761	0.05380596	0.79250002	-0.09807437	-0.27495254
1.39349105	-0.08589173	-0.04132180	0.37961291	-0.20873805	-0.08695807
0.82201937	-0.19305425	0.08254430	0.88568026	0.05353801	0.03645439
0.71053205	-0.06400585	-0.00785986	-0.04993450	-0.09924138	0.49078279
0.34412045	-0.03566241	0.10137473	0.93260838	-0.45396446	0.16069937
0.50050090	-0.17075980	0.05340093	0.50572973	-0.51432694	0.08112669
0.55455799	-0.18221933	0.09490488	0.65362285	-0.67672378	-0.08892020
0.36725417	-0.04068137	-0.01442854	-0.10761125	-0.56664686	0.11684083
0.45611914	-0.14668983	-0.01321400	0.59329882	0.40033525	-0.27000002
0.60603294	-0.14925909	0.00807122	0.03453869	0.07039724	-0.42095105
0.66390140	-0.10216327	0.08809923	-0.06324904	-0.08901750	-0.56374336
0.72127161	-0.18035359	0.14934768	0.81001022	-0.85646882	-0.42385273
0.84432361	-0.29787656	0.12612937	1.35539317	-0.62060338	-0.09726215
0.98261505	-0.20757456	0.09752822	1.45102694	0.00211763	-0.13119961
0.66363375	-0.12133651	0.04621856	0.98429447	-0.17813684	-0.34663924
0.99225121	-0.00191718	0.10253411	1.39533661	-0.67069097	-0.16440919
0.94568858	-0.33216393	0.01439429	0.80642837	-0.47542149	0.01796506
1.14777456	-0.37682722	-0.03940047	0.84513541	-0.77962706	0.24157575
1.41932177	-0.25840602	-0.21930289	1.27000375	-0.63864523	0.25587723
1.80359016	-0.36441758	-0.21778032	1.34701882	-0.22665692	0.29117064
1.86853474	-0.41560122	-0.23937163	0.11119065	-0.23960587	-0.04748439
1.71504135	-0.40521588	-0.31277130	0.60122009	-0.44292796	-0.08451812
1.70891894	-0.21504182	-0.25637993	0.38073503	0.14301342	-0.43952074
1.83392554	-0.33701863	-0.17778637	0.17197302	0.23746934	-0.64679606
1.20558460	-0.27902874	-0.04092106	0.63824668	0.42304951	-0.83074364
1.10906312	-0.20821948	-0.11909089	0.50324892	0.03298188	-0.43065147
0.98901472	-0.06628666	-0.14130816	0.44175111	-0.30646492	-0.50668835
0.85780084	-0.19930562	-0.08496625	0.67642539	-0.32971857	-0.23191640
0.94594639	0.06317342	-0.14850568	0.50978881	-0.12902149	0.13263647
0.73565387	-0.12285843	-0.13131682	0.93949310	0.22036518	0.37274431
0.63402795	-0.15433925	-0.11430181	0.86243229	-0.42037386	0.11619140
0.89792467	-0.07261792	-0.05853940	0.53403852	-0.46032220	0.31480445
0.69004497	-0.24621634	0.00319941	0.45154026	-0.57998383	0.30318871
0.66130955	-0.19420716	0.01414071	0.97779104	-0.34203667	0.22152521
0.78274365	-0.09945032	-0.00691369	0.84419264	-0.25493818	0.25900474
0.84506685	0.02032399	-0.02000330	0.85421802	-0.13868392	-0.03462735
0.73435263	-0.10942826	-0.07302894	1.26782573	0.00541444	0.45027123
0.85611207	-0.03117861	-0.17074903	0.23358863	-0.34494274	0.60238876
0.97112893	-0.00893449	-0.21599603	0.51068789	-0.25169748	0.41434589
0.81189092	0.04993108	-0.17532997	-0.20807327	0.39347360	0.35765779
0.89437924	0.02160122	-0.14450828	-0.33022203	0.36873922	0.35247225
0.81902241	-0.12059395	0.06606422	0.22115889	0.19345595	0.24204423
0.54620016	0.04512218	0.02876600	0.04855028	0.22566022	-0.31216096
0.72165654	-0.06761013	-0.06518981	-0.01543248	-0.01107849	-0.26414681
0.82602661	-0.16843070	-0.12428336	0.33381551	0.04060425	0.14611613
0.97886810	-0.22243165	-0.05960472	-0.16816796	0.63118348	-0.39992082
1.42994020	-0.52334503	-0.13232949	-0.03957298	0.69669646	-0.14039144
1.06059668	-0.46892327	-0.01751345	-0.70308050	-0.19841359	-0.47581839
1.45701997	-0.38470010	-0.02001779	0.53299174	-0.19443858	-0.30726768
1.65731819	-0.33915706	-0.05628742	-0.36955930	-0.71483958	-0.39255462
1.92212329	-0.35965675	-0.03882878	0.08262922	-0.63150692	-0.06291592
1.53210087	-0.39776729	-0.07587457	0.38374226	-0.25113637	0.03472891
1.47241857	-0.25560689	0.01188292	0.20397703	0.04871699	-0.48395949
1.50550969	-0.41083353	0.17664097	-0.47642782	0.49382374	0.16600605
1.36911786	-0.20211003	0.06417729	0.28090414	0.22523770	-0.01578002
0.91355887	-0.15918560	0.11618111	1.14897190	0.05844998	-0.14981444
0.54391702	-0.09567088	0.03101838	0.54841423	0.08070555	-0.28978667
0.28590683	-0.04074017	0.02866982	-0.22095323	0.43769266	0.34032089
0.50502106	0.08092598	-0.01046691	0.03948287	0.15123749	0.46108646
0.73320587	0.05364588	0.03328895	-0.42810361	-0.08661078	0.38332767
0.44236933	-0.20289458	0.11895892	0.22601917	0.04082867	0.30582200
0.55377319	-0.30851338	0.13651386	-0.10356429	0.01260773	-0.00744949
0.60600436	-0.09295505	0.07611703	-0.21136770	-0.20151131	0.00719568
0.48688801	-0.33210925	-0.00256337	-0.45365769	-0.21998192	-0.21939179
0.64014424	-0.26687133	0.01481235	-0.09100181	-0.12824874	-0.04914504
0.38705137	-0.12861128	0.06346508	0.26866718	-0.80511584	0.03903745
0.95716843	-0.23705042	0.03523893	0.08697570	0.23970121	-0.09883665
0.75346451	-0.25057297	0.10339563	0.32328198	-0.94917975	0.00992106
0.97477585	-0.30120222	-0.07739943	0.41570754	-0.54185173	0.20391358
0.97690956	-0.32340365	-0.20121329	0.31946431	-1.32267007	0.46860759
1.62005583	-0.37642598	-0.30609428	0.93909092	-0.95513526	0.63726779
1.76271751	-0.49553096	-0.33714628	0.60369104	-0.37688827	0.68363701
1.67345019	-0.43420481	-0.31162614	0.83373372	0.42640633	0.00829985
1.70837908	-0.44190819	-0.28559714	0.39918939	-0.07032188	-0.00335454
1.85531932	-0.43465232	-0.23496208	0.40112618	-0.12965435	-0.55633145
1.64144513	-0.27223604	-0.17834751	-0.19765710	0.71511265	-0.57710320
1.55838969	-0.07722698	-0.07516299	-0.96137755	0.72308867	-0.41521078
0.91948411	-0.05868213	-0.05239747	-0.81083601	-0.02623917	-0.27613870
1.37742014	0.02365315	0.01958770	-0.54508235	0.30989219	0.04524168
1.11537114	-0.06271960	-0.09108623	-0.53039016	0.08370666	0.33029295
0.82554432	0.12944524	-0.14313554	-0.98601810	-0.13202178	0.54052802
1.09877246	-0.03710606	-0.14733390	-0.70769309	0.16435761	0.78070654
0.88658139	-0.09302957	-0.26232006	-1.60921497	-0.09303638	0.43068034
0.90472770	-0.05717530	-0.15507893	-1.29788873	0.21861365	0.74169334
0.58004936	-0.04813266	-0.09228662	-0.48584153	0.38345467	0.61693898
0.94590196	-0.15510997	-0.04560280	-0.88624342	0.49105650	0.19690260
0.83895495	0.14090949	0.00840126	-0.82318257	0.33064588	0.72688825
0.80726936	0.04480598	-0.04590257	-1.29690276	0.44204454	0.76318410
0.95178128	0.23734772	-0.04901274	-1.02749762	0.66468992	0.48702596
1.15241635	0.19965213	-0.20896690	-1.54063210	0.84899738	0.36188159
0.96736746	0.03773289	-0.16464900	-1.80299212	0.92404300	0.42760788
0.69650891	-0.04812939	-0.14613799	-1.68681670	1.25352257	0.36222679
0.73888838	-0.06008823	-0.16079180	-2.41674448	1.29255008	0.22981338
0.59672636	-0.10117593	-0.17266223	-2.36026750	1.07589644	0.26178052
0.93065786	-0.25741375	-0.11262161	-1.42723763	0.79187663	-0.06873406
0.69368128	-0.45257628	-0.21363234	-2.09464839	1.24856784	0.16392361
0.78115823	-0.49258614	-0.20567214	-1.57011309	1.09611650	0.48226503
1.35707137	-0.72754949	-0.13965469	-1.13858117	0.57946293	0.00059668
1.33314813	-0.52714145	-0.17538180	-1.51790020	0.88976424	-0.03069738
1.65196257	-0.54899414	-0.08354355	-1.71718304	0.43893229	-0.32869608
1.45532841	-0.67540854	-0.15485405	-1.49948281	0.53922624	-0.16741568
1.61947191	-0.49244198	-0.06178817	-2.35828487	0.49757101	0.15641563
1.69513979	-0.69613111	-0.00731193	-1.68238491	0.57568379	0.08616601
1.55374475	-0.56097191	-0.06117113	-1.56396146	0.34351460	0.25818172
1.36727214	-0.54171607	0.08120856	-0.24954238	0.08488369	0.07827091
1.00286169	-0.57501232	-0.00733135	-0.55433489	0.18523841	0.03347626
1.05042845	-0.37734794	-0.08458712	-0.64590466	0.37868087	-0.12012764
0.69394861	-0.09361252	-0.05109996	-1.41887357	0.14021549	0.05127312
0.92395892	-0.35155054	-0.04416878	-1.01601379	0.46365831	0.16789400
0.84740934	-0.14824095	-0.08639214	-0.94609140	0.56619894	0.24099979
0.78658237	-0.12885885	-0.04933960	-0.67798773	0.06579506	0.22865007
0.43946445	-0.17586164	0.04595129	-0.95490310	0.26392885	-0.21756931
0.35700579	-0.19428841	-0.07046271	-0.74144604	0.41354410	-0.30626920
0.56905081	-0.19877095	0.00543631	-0.67442049	0.36991603	-0.37109672
0.67720577	0.02025605	-0.06254600	-0.97287134	0.12551249	-0.46066129
0.44143844	-0.06329524	0.02340646	-0.93691286	0.23435869	-0.47350737
0.67757618	-0.16655118	0.04100529	-1.34956297	0.48077278	-0.58579453
0.41993446	-0.18680714	0.12216621	-1.01027874	0.79363408	-0.81810278
0.72246947	-0.06410749	0.06857158	-0.72309116	0.46877848	-0.72572559
0.86619266	-0.01133067	0.15563263	-1.13907485	-0.35525419	-0.88774464
0.76100759	-0.21189459	0.14002541	-0.29781923	0.32427908	-0.65536044
0.58502759	-0.17603994	0.12941624	0.07216445	0.18987997	-0.73187685
0.78605843	-0.28853528	0.10784750	0.56550234	0.11634957	-0.51586142
0.91875272	-0.15701555	0.03889476	-0.38667548	-0.43766625	-0.53291707
1.14660790	-0.32566882	-0.10153358	0.63089950	-0.96617475	-0.14290962
