1.13864509	-0.22420883	0.12490496	-0.15623997	-0.04134617	0.10961324
1.11039909	-0.23332469	0.11668360	0.04337345	-0.00573062	0.07490124
1.04668632	-0.24473995	0.12778868	-0.00011547	0.11084980	0.09899083
1.08141743	-0.25742379	0.14217644	-0.06250201	-0.00074192	0.05488664
1.12334526	-0.22506697	0.11605729	-0.05910633	0.18863583	-0.02064564
1.10703259	-0.25024975	0.12808128	-0.12874414	0.12748277	-0.00261939
1.13081200	-0.26654721	0.15338135	-0.01907555	0.06650368	0.05804571
1.11679053	-0.26276093	0.15390623	0.04477530	0.07852893	0.13393664
1.08280027	-0.24440744	0.16748385	0.06808250	0.03103830	0.17467026
1.09840265	-0.26546056	0.12713897	-0.11222725	-0.10367305	0.13015111
1.08340078	-0.26009056	0.14459489	-0.18992813	-0.08108307	0.02218247
1.07142160	-0.27241358	0.14049037	-0.07321600	-0.25814851	0.00601450
1.11065513	-0.27225774	0.14145354	0.02999043	-0.08173461	0.00088615
1.13085257	-0.26515782	0.12151179	-0.00589031	-0.00337528	0.02253579
1.10433517	-0.26231463	0.13851581	0.18236351	0.00351309	0.04145466
1.09293231	-0.24149942	0.11530299	0.21846212	-0.19405751	0.05392558
1.09463881	-0.25568790	0.12739749	0.03877370	-0.02800569	0.04765784
1.10823209	-0.26230584	0.15213268	-0.07267563	-0.16573951	0.05093135
1.06330891	-0.26194486	0.17053648	-0.17647949	-0.31642502	0.04627389
1.08527517	-0.25328059	0.15694259	-0.00657159	-0.34910680	-0.00116525
1.10042750	-0.25765965	0.14409707	0.00079751	-0.38516627	0.04282002
1.12009896	-0.24555902	0.14668327	0.08905990	-0.31758298	0.03481640
1.10648475	-0.24376294	0.14310618	0.19054087	-0.29217596	0.06843608
1.08505208	-0.22371184	0.12817959	0.20765542	-0.29607805	0.05848807
1.10780258	-0.23712240	0.13650308	-0.02201616	-0.32437254	0.07754886
1.12068636	-0.23811531	0.09816443	0.11686782	-0.23680772	0.03957318
1.12035099	-0.23302971	0.09929644	0.04157428	-0.29831573	0.02745849
1.09558697	-0.24480716	0.09372609	0.07404097	-0.05813248	0.01799032
1.08161667	-0.24400973	0.11004415	0.03581727	-0.22237029	0.11095416
1.06978386	-0.23465041	0.11909917	-0.00750947	-0.31154706	0.01975138
1.09380945	-0.22539487	0.08599182	-0.04357855	-0.15000063	0.07764898
1.07970433	-0.25976660	0.08679182	-0.04236868	-0.35122527	0.09543179
1.11999996	-0.24852890	0.09554421	0.07876369	-0.33717898	0.09096724
1.11615381	-0.24687450	0.06962129	0.13708289	-0.29840150	0.07711104
1.13008971	-0.24696752	0.06834198	0.14287695	-0.06759020	0.09240775
1.11460010	-0.26684642	0.10162979	0.40970869	0.22617676	0.06816231
1.13020198	-0.25600108	0.09732657	0.32386160	0.07420746	0.06996044
1.10694325	-0.23864820	0.12544733	0.37017777	0.10530665	0.06103631
1.10705510	-0.24188733	0.15184297	0.30658285	0.11825258	0.08911983
1.11207262	-0.22669362	0.15338268	0.22386552	-0.12018790	0.08104657
1.13633107	-0.23719674	0.15204321	0.30740467	0.03589029	0.09185595
1.12550207	-0.22225892	0.14347806	0.19351548	0.20019371	0.10495529
1.13674107	-0.20309611	0.13408589	0.21268053	-0.13454808	0.05634856
1.11578622	-0.21951424	0.15020893	0.18754481	-0.00531206	0.09756454
1.12388120	-0.19638177	0.13607334	0.17395836	0.07109798	0.12366808
1.11198271	-0.20685150	0.13293438	0.10941694	0.03581080	0.16729347
1.07266566	-0.20956008	0.13439885	0.00271033	-0.01349591	0.10091941
1.06194435	-0.23163051	0.14577037	-0.01256447	-0.04561383	0.09566225
1.07115299	-0.24617461	0.15887844	-0.03025545	-0.07880846	0.12322080
1.08443415	-0.24447353	0.15383681	0.06269924	0.00599915	0.07641567
1.09348583	-0.24518474	0.18409073	0.12140016	-0.18424244	0.05998412
1.08733842	-0.23859937	0.17574136	-0.00426858	-0.12527654	0.09909118
1.09791478	-0.24638913	0.14474670	0.00515926	-0.14781280	0.06373321
1.09234166	-0.25359244	0.16117662	-0.03297630	-0.13398682	0.03478045
1.09373936	-0.24220723	0.15805641	0.03973338	-0.02143707	0.03103199
1.09252195	-0.25162235	0.15422667	0.01302333	-0.04792723	0.09498370
1.10312052	-0.23832681	0.15922315	-0.06784493	-0.15729688	0.07068535
1.08542443	-0.24759891	0.16247725	-0.05231269	-0.04866696	0.05969165
1.10139952	-0.24291546	0.16749762	-0.09049985	-0.04535499	0.06523758
1.10499070	-0.22995915	0.14902118	0.01934161	-0.12502121	0.05053491
1.10686346	-0.26094405	0.16019973	-0.00925636	-0.02937910	0.00090418
1.09948164	-0.24343292	0.15744074	-0.03164613	-0.05349307	0.08348034
1.09232387	-0.24078926	0.16873868	-0.07665520	-0.08895683	0.03494121
1.10737737	-0.24371470	0.15256564	-0.02609137	-0.03924098	0.04960109
1.09476058	-0.25647255	0.16449439	-0.12612983	-0.06341324	0.04117120
1.10642066	-0.25009851	0.15199227	-0.06563929	-0.24894780	0.06926139
1.09563075	-0.25459099	0.15362883	-0.04467149	-0.23597860	0.03927778
1.08752816	-0.25366182	0.16776398	-0.06799574	-0.03723582	0.05375604
1.08186687	-0.24450977	0.15406059	0.08098967	-0.08539573	0.06693256
1.09105115	-0.24288109	0.16125289	0.04908852	-0.11013225	0.04643324
1.09818749	-0.27385390	0.16159012	-0.02236163	-0.20314976	0.03798617
1.09416455	-0.27013802	0.17828684	0.00932926	-0.05225239	0.06848131
1.09083654	-0.26738149	0.15765040	-0.10715431	-0.18278223	0.07836202
1.07875400	-0.27379335	0.16324930	-0.06267598	-0.14022242	0.01639775
1.09807987	-0.29537136	0.15577561	-0.08108023	-0.08991798	0.02907222
1.09675740	-0.26662129	0.16703173	0.01727272	-0.16824606	0.02181392
1.09041715	-0.24302091	0.16366795	0.04237486	-0.21257418	0.02884525
1.07439821	-0.25140228	0.16487679	-0.09912067	-0.07736859	0.02490001
1.08945613	-0.24688609	0.16274351	-0.12407450	-0.15950355	0.03288098
1.10719669	-0.24411500	0.14447545	0.07042598	-0.21706552	0.02554299
1.10941115	-0.24982146	0.14397506	0.01261557	-0.04960471	0.05897629
1.09351393	-0.25364897	0.14749186	0.07365786	-0.15574691	0.02285599
1.10896371	-0.26426012	0.13713898	0.03567347	-0.19535608	0.04430595
1.09064676	-0.25733525	0.15132130	0.10954768	-0.09715545	0.02339030
1.09847503	-0.26097290	0.15681659	-0.01269386	-0.12116323	0.07602492
1.08415395	-0.26184932	0.15270357	-0.08317260	-0.24267917	0.05248111
1.08750918	-0.27143671	0.15227204	-0.07507958	0.00523969	0.05630193
1.10512597	-0.26581263	0.14750788	0.14580057	-0.06733980	0.09962790
1.10333656	-0.26676767	0.13718681	-0.07315719	-0.13252992	0.03655382
1.09832254	-0.26899981	0.14808171	0.03290335	0.00472100	0.04716669
1.09424113	-0.27068087	0.13338069	0.17679625	-0.07988186	0.02713369
1.09466455	-0.28593028	0.13519648	0.06850886	-0.15316726	0.04405144
1.09703283	-0.30030361	0.13922645	0.04311741	-0.08606802	0.07975223
1.09954522	-0.28273672	0.13315267	0.01127339	-0.09863389	0.06957219
1.08146341	-0.28625530	0.13782316	0.12190502	-0.12080390	0.02608010
1.09879252	-0.27445375	0.12066905	0.16996061	-0.24122273	0.07293158
1.11900244	-0.25621827	0.12192246	0.13091360	-0.11958793	0.07437007
1.09287131	-0.23942145	0.14204974	0.13867158	-0.11593908	0.13358903
1.09775232	-0.22737941	0.13062983	-0.06614078	-0.14309975	0.12952683
1.09909809	-0.23538338	0.14611235	0.03203958	-0.06603910	0.12749045
1.08622930	-0.23646469	0.13674445	0.01301368	-0.12554026	0.06770147
1.10731602	-0.25714110	0.13497746	-0.07266217	-0.07523831	0.05007318
1.09166464	-0.27808710	0.13649572	0.07189938	-0.07693773	0.03119885
1.08562959	-0.27574786	0.13102203	-0.12244919	-0.10320705	0.03654519
1.07979638	-0.27347104	0.16207884	-0.01811215	0.00616531	0.02342427
1.08476260	-0.27173239	0.13394896	-0.08371456	-0.02432250	-0.01451472
1.09580290	-0.28595999	0.13251820	0.02282616	-0.02856898	0.02372136
1.11441928	-0.27971344	0.13609312	0.09746826	-0.10677906	-0.01861474
1.09914513	-0.30058493	0.14709465	-0.01416988	0.00973897	0.01744642
1.09615248	-0.26364809	0.13164914	-0.14196203	-0.12186698	-0.04893873
1.08480807	-0.27929827	0.14477201	0.05046451	-0.16538941	-0.07366074
1.08453291	-0.27622380	0.14948807	-0.10828348	-0.15943471	-0.04487023
1.09837718	-0.25464157	0.14652542	-0.00821194	-0.15359820	-0.01781031
1.09273635	-0.27262377	0.13628450	0.07619272	-0.09720723	-0.06464187
1.08405531	-0.26711880	0.12356918	-0.00187453	-0.11178647	0.00130963
1.09112880	-0.29210681	0.12526655	-0.01211694	-0.14565155	-0.04385344
1.09936441	-0.26294730	0.12749634	-0.02115231	-0.14918017	0.01751818
1.09647436	-0.26205872	0.13259517	-0.08046135	-0.10075095	0.00102027
1.08633552	-0.26481188	0.12510271	-0.15922016	-0.16901879	-0.01223577
1.09986189	-0.25919187	0.14313068	-0.02007838	-0.24953712	0.01250891
1.09628756	-0.25623847	0.13718177	-0.04338882	0.00385619	0.00669233
1.09740499	-0.25653094	0.12630957	-0.07729651	-0.07553064	-0.03417840
1.08575786	-0.27729387	0.12227955	-0.18813373	-0.06788746	-0.00589198
1.08877820	-0.27755537	0.13647111	-0.14118488	-0.04043642	-0.02843506
1.09192386	-0.27480450	0.13558884	-0.09080362	0.01443476	-0.06493710
1.08585093	-0.26252610	0.12471085	-0.02583632	0.09679182	-0.01113647
1.09124806	-0.29037871	0.11604551	-0.14557030	-0.08016175	0.01239167
1.10137446	-0.26409698	0.11625264	-0.10105479	-0.10450388	-0.02403659
