1.10346863	-0.26162660	0.13218998	-0.00082441	-0.00570365	0.00404255
1.10078079	-0.25970722	0.12656785	-0.01382753	-0.00023773	-0.00394159
1.10278561	-0.25790339	0.11963042	0.00330272	-0.00544965	0.00566492
1.09879178	-0.26104974	0.11399792	0.00854781	-0.00061752	0.00446145
1.10196403	-0.26017545	0.12018443	0.00215186	-0.00251989	0.00187160
1.09989505	-0.25909992	0.12555283	-0.00173091	-0.00690681	0.00116458
1.10144725	-0.25848765	0.12456190	0.00731559	-0.00368530	0.00529544
1.10371227	-0.26349974	0.12183603	-0.00853365	-0.00240103	0.00587502
1.10116335	-0.26746656	0.12108034	0.01017064	-0.00738353	0.00626958
1.10278960	-0.26363704	0.12084018	0.01208570	-0.01085326	0.01533621
1.10227150	-0.26057454	0.12685554	0.01177250	-0.00536170	0.01152102
1.09902762	-0.25280661	0.12752841	0.00211491	0.00296917	0.00830025
1.09901650	-0.24838233	0.13434637	-0.00009085	-0.00122211	0.00302301
1.10469150	-0.24802004	0.13270621	0.01339742	0.00217330	0.00643509
1.10050776	-0.25101296	0.13136606	0.01368212	-0.00623963	0.00260981
1.09871964	-0.25796155	0.12494330	0.01211439	-0.00484103	-0.00114582
1.09623411	-0.25896206	0.12069111	0.01052666	-0.01019122	0.00401691
1.09823877	-0.25951807	0.12827729	0.02736877	-0.01542254	0.01646089
1.09324881	-0.26180709	0.12943596	0.02983490	-0.01838463	0.01306308
1.09792778	-0.26289774	0.12449432	0.04072687	-0.01565515	0.01657766
1.09907982	-0.26652625	0.12498085	0.03664656	-0.00778481	0.01503625
1.10154306	-0.25753516	0.12375389	0.03473074	-0.00607291	0.00245817
1.10600878	-0.25075921	0.13056495	0.03714804	-0.00373086	0.00170844
1.10752384	-0.25011268	0.12837565	0.02126031	0.00296464	-0.01224342
1.10187092	-0.25176149	0.13499067	0.00375832	0.00872289	-0.01276812
1.09759336	-0.24965690	0.13038128	-0.00406728	0.00418076	-0.00227135
1.09520849	-0.25180283	0.13432308	-0.00721800	0.00650316	-0.00286678
1.09389682	-0.25465787	0.13978634	0.00223857	-0.00196807	-0.00024345
1.09569378	-0.25583780	0.13292340	-0.00916201	-0.00060361	-0.00126859
1.09471488	-0.25577296	0.13034012	-0.00538251	-0.00174679	-0.00729004
1.09573434	-0.25958417	0.12614309	0.00379055	-0.00404514	-0.00102194
1.09710652	-0.25993050	0.12217568	-0.00339239	-0.00870632	0.00185041
1.10104495	-0.25807909	0.12037830	0.00065595	0.00107231	0.00818116
1.10324229	-0.25885057	0.12337464	-0.00018367	-0.00076499	0.00685399
1.09926870	-0.25226018	0.12186618	-0.00038840	0.00569356	-0.00154744
1.10140797	-0.25186208	0.12499579	-0.01416448	0.00048842	0.00051492
1.10490226	-0.25282452	0.13534234	-0.01412056	0.00131631	0.00366002
1.10337676	-0.25188209	0.12616596	-0.00029347	0.00386307	0.00566046
1.10073799	-0.25880557	0.12318745	-0.01214083	0.00185609	0.00870521
1.10250400	-0.25907338	0.12347135	-0.01736506	0.00696500	0.00727613
1.09974370	-0.25491063	0.12390437	-0.00705992	0.00530465	0.00301484
1.09874742	-0.25996991	0.12839130	-0.00389243	0.00534091	-0.00098371
1.09929707	-0.26534821	0.12788124	-0.00623688	0.00631362	0.00062984
1.10028106	-0.26512644	0.12542595	-0.00188977	0.00526734	-0.00610107
1.09986129	-0.26527388	0.13088817	0.00427888	0.00120253	0.00015351
1.09689635	-0.25928846	0.13575895	0.00577600	-0.01634497	0.00483359
1.10426136	-0.26239432	0.13693333	0.00482889	-0.01006624	0.00924586
1.10664225	-0.25690840	0.13867814	0.00436430	-0.01501401	0.00773197
1.10593983	-0.26098036	0.13660349	-0.00367701	-0.00821401	-0.00074429
1.09937383	-0.25886428	0.13646656	0.01720528	-0.00149763	-0.00117486
1.10338836	-0.25544114	0.12992609	-0.00407237	-0.00834421	-0.00494953
1.09994901	-0.25551405	0.12948093	-0.00711114	-0.00563242	-0.00105860
1.10127200	-0.25542335	0.13224098	-0.00633342	0.00581234	-0.00155770
1.10030371	-0.25610940	0.12178188	-0.00322389	0.01183308	-0.00110409
1.09875365	-0.26130040	0.12751363	-0.01165662	0.00676108	-0.00046490
1.10057766	-0.26401392	0.12359349	0.00696232	-0.00273554	0.00023631
1.10346085	-0.26377873	0.11992283	0.00773150	0.00099430	0.00935903
1.10160110	-0.26046417	0.12615073	0.01784713	0.00421386	0.01308130
1.10220458	-0.25501995	0.13270967	0.01651426	-0.00244217	0.00528584
1.09823696	-0.25820162	0.13245794	0.00296498	-0.00675804	0.00806237
1.10239451	-0.26077902	0.13151678	-0.00541999	0.00320721	0.00801659
1.09670890	-0.26124146	0.13150860	-0.00163860	-0.00778077	0.00620987
1.10009350	-0.26145377	0.13145339	0.01072925	-0.00400114	0.01101651
1.09792061	-0.25786102	0.12682933	0.01141653	-0.00610673	0.00581499
1.09791934	-0.26232399	0.12988018	0.01099278	-0.00033026	0.00022435
1.09958891	-0.25971871	0.13345948	-0.00009218	0.00479296	-0.00080140
1.09846293	-0.25854444	0.12933110	-0.01426815	0.00458255	-0.00140378
1.10239083	-0.25452285	0.13131261	0.01028879	0.00302153	0.00310035
1.10044481	-0.26193606	0.13158300	0.01025065	-0.00397063	0.00678947
1.10089699	-0.26398243	0.13003012	0.00367436	0.00159428	0.00097843
1.10022565	-0.26340581	0.12815652	-0.00535129	0.00786572	0.00620178
1.10392570	-0.25788023	0.12900534	-0.00406605	0.01088907	0.00139855
1.09802275	-0.25856558	0.12628143	-0.00040891	0.00163816	0.00392660
1.10191877	-0.25682434	0.12936297	-0.00646833	-0.00223049	0.00226608
1.09921037	-0.26039132	0.13185135	-0.00470316	-0.01224254	0.00178071
1.09612323	-0.25871464	0.12897319	-0.00023533	-0.00926745	-0.00207740
1.09900568	-0.26008023	0.13117972	0.00509346	-0.00970767	0.00464206
1.10201577	-0.26275784	0.13116874	-0.00958797	-0.00478254	0.00607646
1.10059550	-0.25776735	0.13106321	-0.00745501	-0.00246316	0.00327719
1.09863412	-0.25486618	0.13313252	-0.00380409	-0.01135180	-0.00014815
1.10149447	-0.26327502	0.12915993	0.00077470	-0.00816216	-0.00228343
1.10351178	-0.25908669	0.12989593	0.00358195	-0.00475752	-0.00221863
1.10165959	-0.26177790	0.12712371	0.00525659	0.00208993	0.00455314
1.10266813	-0.25935093	0.13014517	0.02222587	0.00369157	0.01574378
1.09891175	-0.25985930	0.12845362	0.02103264	0.00495792	0.00975932
1.09832733	-0.26319034	0.12795328	0.01646045	0.01464170	-0.00023368
1.09324549	-0.26331374	0.13256107	0.00009632	0.00449031	-0.00713539
1.09013019	-0.26227512	0.13861189	0.00806846	-0.00274490	-0.00953144
1.09922981	-0.25641959	0.13777715	-0.00498247	0.00405167	-0.00552878
1.10465128	-0.25669307	0.13458939	-0.00542791	0.00793062	-0.00363036
1.09959016	-0.26212317	0.13214093	-0.01032537	0.00272946	-0.00272886
1.10541276	-0.25566197	0.12105214	-0.02057848	0.01013625	0.00226071
1.11212643	-0.26058110	0.11912560	-0.01613186	0.00148076	0.00412821
1.10485382	-0.25966245	0.12546622	-0.01751255	0.00861679	0.00232382
1.09960736	-0.26443355	0.12072553	0.00033317	0.00604368	0.00225186
1.09793440	-0.26378996	0.12941209	0.01697123	0.00252838	0.00486552
1.09381074	-0.26396422	0.13049820	0.00784296	0.00131648	0.00161099
1.09348377	-0.26562733	0.13315276	0.00772049	0.00440337	0.00566147
1.09715865	-0.26137290	0.13594339	0.01198163	0.00049066	0.00438185
1.09874959	-0.26081045	0.13629578	0.01331121	-0.01057824	0.01092828
1.10081624	-0.25878410	0.13370324	0.01314840	0.00191678	0.00362241
1.10107933	-0.26521294	0.12785475	0.00756507	0.01024742	0.00635729
1.09814558	-0.26608596	0.13368973	0.01100682	0.00449665	0.00617990
1.09967293	-0.26505073	0.13672755	0.01203732	0.01110747	0.00135945
1.10089911	-0.26438394	0.13658572	0.00976571	0.00776215	0.00046017
1.09988826	-0.26292342	0.13286019	0.00705385	0.00586016	0.00691321
1.09814145	-0.26137040	0.13065129	0.00962666	0.00362128	0.00449088
1.09945326	-0.25959850	0.13211040	0.00182109	0.00136264	0.00438074
1.09464735	-0.26236218	0.13489011	0.00044418	0.00699994	0.00045800
1.09619425	-0.25837249	0.13943290	-0.00535067	-0.00234759	-0.00011450
1.10121327	-0.25899923	0.13945424	0.00693977	0.00046525	0.01149985
1.10237232	-0.26224543	0.13639918	-0.00000535	-0.00045801	0.00911506
1.10040750	-0.26003656	0.13915126	0.00575641	0.00316981	0.01074474
1.09350029	-0.26291246	0.13971001	0.00015387	0.00010730	-0.00408538
1.09800757	-0.25971013	0.13754788	-0.00324269	0.00491078	-0.00651674
1.09139752	-0.25416497	0.13692172	-0.00326425	-0.00317428	-0.00312901
1.09636540	-0.25783252	0.13645999	-0.01349623	-0.00871791	0.00353006
1.09939274	-0.25661931	0.14411601	-0.01671929	-0.00358929	0.00175052
1.09967591	-0.26242793	0.13709766	-0.00746800	-0.00147820	0.00722241
1.09674880	-0.25931290	0.13501299	-0.00477754	-0.00412691	-0.00104088
1.09863916	-0.26162018	0.13482417	0.00602789	-0.01105757	0.00443487
1.09546681	-0.26264743	0.13352011	0.00596054	-0.01174242	0.00787249
1.10202852	-0.26684572	0.13335049	-0.00862380	-0.01572639	0.00456547
1.10357023	-0.26117968	0.12958905	0.00973929	-0.00628637	0.01370387
1.10198330	-0.26037774	0.13497497	-0.00121087	-0.00323538	0.00696336
1.09954023	-0.25796114	0.12861199	-0.00662042	-0.00374362	-0.00469455
1.10411050	-0.25125119	0.13179410	-0.01178001	-0.00687038	-0.00280637
1.09975241	-0.26059816	0.13279685	-0.02103481	-0.00191304	-0.00331052
