1.10202179	-0.25997119	0.13066930	0.00644053	-0.00108622	0.00205818
1.10011102	-0.25833214	0.13016654	0.01005548	0.00689619	-0.00356381
1.10320317	-0.25866858	0.13209734	-0.00150323	0.00001102	0.00018038
1.09866985	-0.25594821	0.13470752	-0.00065147	0.00540699	0.00387782
1.09948722	-0.26103320	0.12790051	0.00324980	0.00159553	0.00672039
1.10177485	-0.26528234	0.13317748	0.00050159	0.00274057	0.00051205
1.10027682	-0.25960776	0.13372923	-0.00218865	0.00477917	0.00361435
1.09947990	-0.25781039	0.12951381	-0.00347372	0.00829342	0.00456600
1.10044394	-0.25831483	0.12797505	-0.00462748	0.00730187	-0.00732468
1.09805156	-0.25752468	0.13200051	-0.00051755	-0.00729465	0.00230647
1.09780309	-0.25983765	0.13052964	0.00236197	-0.01089223	0.00060503
1.09656190	-0.26527908	0.13462528	0.00688615	-0.00931716	-0.00152444
1.10066324	-0.26144441	0.12857561	-0.00022507	-0.00642525	0.01111773
1.10094223	-0.26245848	0.13253987	-0.00402214	-0.00885647	0.00775904
1.09816573	-0.25970716	0.12310881	-0.00220015	-0.00334697	0.00081334
1.10196229	-0.25762283	0.12784383	0.00130243	-0.00662147	-0.00088767
1.10131667	-0.25872688	0.12715664	0.00464169	-0.01311162	-0.00682844
1.10130977	-0.25614096	0.12832951	-0.00677563	-0.00287427	-0.00424381
1.10044654	-0.26425934	0.12500616	0.00011004	0.00266719	0.00871562
1.10256917	-0.26229255	0.13130137	0.01020154	0.00195438	0.01475456
1.10062456	-0.26315648	0.12693359	0.01820767	0.00179273	0.01335923
1.09641721	-0.26351387	0.12682866	0.01737950	0.00944390	-0.00608923
1.09347653	-0.26338154	0.13095076	-0.00027548	0.00836958	-0.01009039
1.09283088	-0.26075971	0.13812176	0.00376398	0.00049502	-0.00815795
1.09601432	-0.25543068	0.13489263	0.00615085	0.00384070	-0.00278257
1.10221353	-0.25576799	0.13339798	-0.00548984	0.00903172	-0.00537547
1.10239693	-0.25891925	0.12911474	-0.01129509	0.00420136	0.00199434
1.10616741	-0.25816300	0.12159439	0.00167242	0.00791774	-0.00715513
1.10708439	-0.26048581	0.12778602	-0.01381756	0.00625653	0.00654146
1.10559748	-0.25925468	0.12854162	-0.00276907	0.00773803	0.00657504
1.10115012	-0.26393529	0.12801862	-0.00608260	0.00814811	-0.00644869
1.09731236	-0.26510953	0.12527403	0.00303351	0.00402260	0.00728802
1.09371470	-0.26626542	0.12831663	0.01609845	-0.00151144	0.00315023
1.09536695	-0.26451961	0.13435987	0.00785269	-0.00051815	0.00887246
1.09677250	-0.26413147	0.13605867	0.01548425	0.00025880	0.01037470
1.10007606	-0.26683835	0.13922963	0.01216622	-0.00292529	0.01368498
1.09815604	-0.26320083	0.13673356	0.00786291	-0.00239397	0.00661673
1.09865275	-0.26600796	0.13061928	0.01213606	0.00876092	0.01050969
1.10062410	-0.26606003	0.13123587	0.01157487	0.00900665	0.01138370
1.09804824	-0.26593690	0.13108078	0.01218074	0.00649091	0.00291555
1.09561847	-0.26282493	0.14178436	0.00286678	0.00245300	0.00000536
1.09859448	-0.25974642	0.14098523	0.00487655	-0.00011658	0.01030008
1.10022757	-0.25256079	0.12758318	-0.00002387	0.00405764	0.00199127
1.09960537	-0.25917894	0.12898092	0.00246726	0.00301301	0.00392648
1.09819316	-0.26109956	0.13135957	0.00599781	0.00122941	0.00961626
1.09835712	-0.25976386	0.14699309	-0.01314705	-0.00290777	0.00205851
1.09823916	-0.25672193	0.13868164	-0.00254952	-0.00419989	0.00323100
1.10087771	-0.26103991	0.13823393	0.00308048	-0.00731862	0.01107583
1.10207804	-0.26396841	0.13760957	-0.00317672	-0.00197311	0.00513977
1.09727981	-0.26219780	0.13644782	-0.00092075	0.00045637	0.00123407
1.09423178	-0.25560438	0.13640690	-0.00209037	0.00092695	-0.00076055
1.09440718	-0.25824590	0.13557931	-0.00270338	-0.00438370	-0.00644052
1.09673568	-0.25757329	0.14025737	-0.00364329	-0.00524084	0.00283733
1.10167576	-0.25855177	0.14426216	-0.01164163	0.00023976	0.00342843
1.10019787	-0.26023179	0.13703216	-0.00403759	0.00471086	0.00066939
1.09409139	-0.25809456	0.13708604	-0.00100332	-0.00326642	0.00433872
1.09557637	-0.25904516	0.13649046	0.00731716	-0.00355299	0.00354646
1.09604771	-0.26412551	0.13634478	0.00062355	-0.00879160	0.00897911
1.09566863	-0.26707251	0.13521738	-0.00171818	-0.01032434	0.01094076
1.10314518	-0.26546732	0.13657357	0.00530359	-0.00432450	0.00578919
1.10159677	-0.26111089	0.13256982	-0.00764943	-0.00135782	0.00510304
1.10255236	-0.25434383	0.12945592	-0.00382309	-0.00279948	0.00309774
1.09773607	-0.25562261	0.12477084	-0.01032355	-0.00839795	-0.00533713
1.09848093	-0.26165263	0.12916623	-0.01371739	-0.00246171	-0.00634083
1.09961419	-0.26066279	0.13276667	-0.00955937	-0.00624405	-0.00016247
1.10139870	-0.26379523	0.13129715	-0.01032410	-0.00607496	0.00125666
1.09822452	-0.26018354	0.12971669	-0.01343802	-0.00531393	0.00613310
1.09938032	-0.25672712	0.12460033	-0.00728612	-0.00023482	0.00305140
1.10053945	-0.25981659	0.12784107	-0.00819413	-0.00092142	0.00215276
1.09838274	-0.26682001	0.12961097	0.00251774	-0.01218704	0.00721650
1.10208350	-0.26296854	0.13520072	-0.00420705	-0.00800008	0.00511492
1.10018401	-0.26104288	0.14172403	0.00874043	-0.01278801	0.00060615
1.09658210	-0.26289205	0.13070227	-0.00622724	-0.01285689	0.01117052
1.10346762	-0.26406278	0.13584135	-0.00209736	-0.01222356	0.01653589
1.09861202	-0.26417052	0.12756464	-0.00009741	-0.01557581	0.02003404
1.09758660	-0.27330839	0.12759354	0.00596031	-0.01096735	0.01883855
1.09901115	-0.27023179	0.12014530	0.00095604	-0.01628673	0.01542727
1.10142496	-0.26784256	0.12426127	0.00245982	-0.01724176	0.01794778
1.09982824	-0.26931454	0.13236946	0.00416380	-0.01817306	0.00888355
1.09923175	-0.26110943	0.13270570	-0.00194648	-0.01958034	0.00734073
1.10519431	-0.26400506	0.13389136	-0.00149202	-0.00728165	0.00450153
1.10391982	-0.26441230	0.13131502	-0.00368894	-0.00240002	-0.00043344
1.10095986	-0.26822645	0.12323274	-0.00899291	-0.00040145	-0.00243417
1.09818718	-0.26585105	0.13336370	-0.01502524	-0.00235410	-0.00721279
1.10031388	-0.26444848	0.12760866	-0.01073172	-0.00245364	-0.00014852
1.09960438	-0.26111484	0.12855372	-0.01385524	-0.00212802	-0.00864935
1.09999572	-0.26394917	0.12952257	-0.00502669	-0.00183046	0.00138818
1.10257416	-0.27085618	0.11834011	-0.00699439	-0.00454924	-0.00322054
1.10424583	-0.26448489	0.12741737	-0.00275422	-0.00106071	0.00390579
1.09876382	-0.26054946	0.12759554	0.00275096	-0.00381353	-0.00311732
1.10595972	-0.26282460	0.12507141	0.00099179	-0.00902970	-0.00130591
1.10226484	-0.26733770	0.12947214	0.00479195	-0.00671391	-0.00300273
1.09608856	-0.26849990	0.12969783	-0.00260125	-0.00215099	0.00231497
1.09308433	-0.26900273	0.12519200	0.00284908	0.00060644	-0.00151208
1.09236970	-0.26813992	0.11975826	0.00431723	-0.00000795	0.00618236
1.09777047	-0.26452124	0.12502445	0.00452730	-0.00051982	0.00747987
1.09854037	-0.26489342	0.12768526	0.00825350	-0.00488749	0.00782948
1.09529896	-0.26099812	0.12945516	0.00484423	-0.00987756	-0.00234667
1.09312601	-0.26175745	0.12791181	0.01047926	-0.00544900	0.00635122
1.09538790	-0.26271532	0.13323785	0.00565426	-0.00960874	0.00537728
1.09534488	-0.26067224	0.13010498	0.00694591	0.00005162	0.00261108
1.09690162	-0.25797141	0.12867380	-0.00799677	0.00306552	-0.00327799
1.09527116	-0.25989047	0.13205431	-0.00871527	0.00001940	-0.00053011
1.09584703	-0.26128791	0.12306248	-0.01073114	-0.00659369	-0.00622069
1.09472357	-0.26256152	0.12581621	0.00196288	-0.00529168	-0.00949163
1.09614129	-0.26430522	0.12966065	-0.00500760	-0.01231036	-0.00164861
1.10048836	-0.26805468	0.12382927	0.00887290	-0.00361952	0.00474996
1.09979746	-0.26795952	0.12086325	0.00314181	-0.01138161	0.00419615
1.09604638	-0.26593258	0.13265631	0.00591175	-0.00880502	-0.00230401
1.10081000	-0.26371867	0.12756456	0.00300612	-0.01434922	-0.00441086
1.09958936	-0.26516451	0.12888073	0.00342030	-0.01419628	-0.00630589
1.09980482	-0.26134464	0.12191977	0.00223296	-0.01069317	-0.00100897
1.09947229	-0.26331915	0.11837201	0.00346276	-0.00729348	-0.00106226
1.10079319	-0.26198869	0.11535021	-0.00480161	-0.00379450	-0.00361752
1.09162398	-0.26019779	0.11822177	-0.00282785	-0.00305424	-0.00942784
1.09996800	-0.26750847	0.12172748	-0.00645668	-0.00789105	-0.00624720
1.10371391	-0.26198900	0.11204381	-0.00493592	-0.00431475	-0.00444020
1.10136127	-0.26249475	0.12446609	-0.00567887	-0.01045340	0.00119025
1.10132204	-0.26246172	0.13508692	0.00299179	-0.00323814	-0.00628592
1.10174062	-0.26349846	0.12405173	-0.00411429	-0.00361773	0.00099955
1.10366067	-0.26688885	0.10534617	0.00553287	-0.00615697	-0.00492716
1.09994767	-0.26780226	0.11466783	-0.00873012	-0.00655097	-0.00523808
1.09968309	-0.26408367	0.12168900	-0.00572536	-0.00713194	-0.00699391
1.09986956	-0.26610569	0.13128951	-0.00907378	-0.01018245	-0.00499105
1.10304804	-0.26506287	0.13154434	-0.01166651	-0.00600487	-0.00385285
1.09987160	-0.26934373	0.12364298	-0.01764704	-0.00424355	0.00146989
1.09664659	-0.27198954	0.12324422	-0.00678559	0.00067116	0.00903947
1.10266129	-0.26993842	0.12118078	-0.00719549	-0.00277759	-0.00100571
