1.11264018	-0.29416683	0.19323922	0.26579696	0.16031521	-0.05404518
1.08809056	-0.20778492	0.16078822	0.23222087	0.16062192	-0.04845641
1.05734099	-0.23457772	0.18464377	-0.12836767	0.28556653	-0.07466527
1.07464443	-0.33188840	0.16288393	-0.03733833	0.15014349	-0.17141740
1.05345268	-0.23912270	0.17417494	0.06310396	0.24225683	-0.17999853
1.10058916	-0.23865318	0.15180174	0.19315105	0.19167997	-0.10616790
1.09182071	-0.25145427	0.18571495	-0.02970722	0.26520007	-0.11030576
1.09913569	-0.28916483	0.18630419	0.14944231	0.18722655	-0.17502428
1.08708781	-0.28048696	0.19183868	-0.02672719	0.23998769	-0.15467756
1.11105367	-0.27066564	0.17370077	0.07461451	0.17749680	-0.20912603
1.08874333	-0.22641501	0.17246719	0.04540682	0.12003579	-0.14091531
1.10238784	-0.24915426	0.15314803	-0.05619299	0.23098946	-0.18700230
1.07926148	-0.27648037	0.18992129	0.04825135	0.14941530	-0.16809368
1.11447127	-0.28031616	0.15647236	-0.04149348	0.14522816	-0.22722967
1.04717284	-0.22631654	0.14529558	-0.02024772	0.23113983	-0.17670243
1.09842996	-0.30301468	0.16925452	0.01237513	0.20858267	-0.21673237
1.05582531	-0.26198645	0.16719908	0.00742933	0.15641580	-0.12780515
1.07290666	-0.25783792	0.14528865	-0.00646441	0.19017263	-0.23287980
1.10009161	-0.26287099	0.12386993	0.04724505	0.28598058	-0.16647059
1.07889225	-0.35545679	0.12736462	-0.06576280	0.23102670	-0.19931129
1.07683534	-0.31150047	0.15235642	-0.10427886	0.24323246	-0.25494271
1.10346655	-0.30544011	0.13670843	0.01773324	0.11954165	-0.17741144
1.09303742	-0.30040607	0.14048988	-0.03181697	0.16788806	-0.17584575
1.12451216	-0.28402908	0.16134371	-0.05022949	0.24269353	-0.23883894
1.10544984	-0.27754383	0.15799919	-0.15904765	0.31724555	-0.28550115
1.12596714	-0.31628010	0.14648353	-0.14840508	0.26554769	-0.24238496
1.08389835	-0.33647262	0.15316751	-0.13355197	0.28843029	-0.33370363
1.07665730	-0.24487632	0.16680847	-0.08715489	0.26009757	-0.28515280
1.10793978	-0.28227476	0.12952817	-0.16983081	0.26917714	-0.28991673
1.11489238	-0.28929134	0.14131844	-0.08441963	0.23123991	-0.15721759
1.11415190	-0.32130727	0.13471450	0.00132919	0.30610813	-0.30952882
1.08183227	-0.23702758	0.14700176	-0.08579419	0.22738845	-0.24833814
1.09304269	-0.28196188	0.13346171	0.06103921	0.16798266	-0.27951634
1.08263927	-0.26508040	0.10833665	-0.20105658	0.25370120	-0.17426991
1.08753789	-0.28768009	0.11590837	-0.11054427	0.15016247	-0.14944631
1.08030135	-0.31052524	0.14048305	-0.10470103	0.09808978	-0.19991750
1.10485341	-0.26650917	0.13334941	0.04134499	0.07060093	-0.11974270
1.08142140	-0.22587215	0.12381603	-0.08758386	0.26274198	-0.24120548
1.09786002	-0.27433119	0.10972498	-0.02062838	0.27623506	-0.20158305
1.09081646	-0.22582530	0.08353973	-0.21320550	0.17693596	-0.17642562
1.10412961	-0.28154010	0.15137652	-0.21360885	0.33340376	-0.21924852
1.12926846	-0.25777787	0.11738854	-0.24221505	0.24077774	-0.26313631
1.13843885	-0.24356447	0.11785377	-0.14130851	0.24444216	-0.13960264
1.11455865	-0.27834466	0.14237133	-0.19638130	0.23572981	-0.13802407
1.09081723	-0.29237875	0.15573296	-0.13163411	0.11892337	-0.22557788
1.09409628	-0.23438703	0.12414555	-0.09315580	0.14149707	-0.31869228
1.09710259	-0.30369913	0.12859113	-0.17607101	0.16319350	-0.28721824
1.09522381	-0.28610124	0.11077459	0.01689225	0.11691393	-0.18389027
1.10153188	-0.33000825	0.15057708	0.01114884	0.32064405	-0.25671908
1.09070275	-0.29739590	0.16274169	-0.06462361	0.16136072	-0.19928495
1.07618050	-0.25997467	0.13901052	0.02161189	0.19882811	-0.14480403
1.07469188	-0.21089917	0.15070462	0.00216683	0.29028770	-0.19656962
1.08601440	-0.24257057	0.11636982	-0.09229999	0.11552600	-0.20339619
1.06212059	-0.27929152	0.15666925	-0.16494371	0.11671272	-0.12993661
1.09670466	-0.27332820	0.13683325	-0.00549701	0.19207595	-0.16087423
1.08943621	-0.23637738	0.14078243	-0.02960258	0.14287425	-0.21397347
1.11903489	-0.26553446	0.12457845	-0.04851666	0.20785717	-0.25292539
1.10462257	-0.24215805	0.13014630	0.06725512	0.14380122	-0.12655147
1.11183350	-0.25316845	0.09864250	-0.10708535	0.18063447	-0.25385675
1.11807524	-0.29706498	0.14014738	0.11506505	0.15319441	-0.05383063
1.09613382	-0.22855175	0.13577631	0.16450503	0.19602236	-0.18122730
1.09131406	-0.22800610	0.11497404	0.13398094	0.10507691	-0.20323846
1.09587592	-0.24111530	0.11800158	0.09430975	0.23737887	-0.13027715
1.08710124	-0.26647743	0.09485827	0.09075980	0.08217709	-0.10791354
1.11658220	-0.31273041	0.10236705	0.04077390	0.17663476	-0.14606897
1.09298527	-0.18371505	0.13152033	0.13950039	0.10495679	-0.16162502
1.12445070	-0.30867061	0.13085583	0.16922244	0.14597088	-0.20870063
1.07415014	-0.24357247	0.10861541	0.11242291	0.07664895	-0.14584914
1.08981360	-0.32543230	0.11272564	0.15086438	0.18986058	-0.11017521
1.10338098	-0.29002259	0.13628396	0.12615775	0.16540383	-0.19505861
1.08486036	-0.24942230	0.11245676	0.09239395	0.21078183	-0.17394752
1.07898297	-0.25021411	0.15673155	0.07793262	0.12426099	-0.18853132
1.09753764	-0.24711771	0.11507685	0.10341371	0.10431108	-0.15692479
1.11076855	-0.21082487	0.11958782	0.03445336	0.28719902	-0.22042205
1.11848146	-0.19952567	0.11961480	-0.06434740	0.22131170	-0.19624288
1.11329343	-0.23487780	0.11181997	0.20033909	0.12000434	-0.18665464
1.09454588	-0.27772554	0.11707320	0.08648352	0.19825104	-0.13618095
1.07808995	-0.31412551	0.12764144	0.09763797	0.06383727	-0.11175704
1.08915543	-0.29294647	0.11282052	0.12524901	0.15229172	-0.13516138
1.08496200	-0.28266226	0.10651341	-0.02697591	0.12069980	-0.08709940
1.08910627	-0.29069654	0.11531001	0.06180322	0.19430613	-0.13505542
1.10420290	-0.28540775	0.13806426	0.17704859	0.03296479	-0.08359257
1.09709718	-0.28782545	0.11850703	0.21023809	0.11693023	-0.06913017
1.09112767	-0.25895722	0.11581610	0.23369194	0.07889022	-0.16540316
1.09731647	-0.21711242	0.12711665	0.11207084	0.08167063	-0.10364828
1.12249862	-0.33423850	0.12283343	0.16435466	0.05044958	-0.13897120
1.10402334	-0.27610583	0.10514498	0.14562625	0.14489849	-0.16372114
1.09026313	-0.30744020	0.09332908	0.33080223	0.07095129	-0.17189458
1.11477910	-0.22449991	0.11523745	0.33184520	-0.06297581	-0.04786014
1.10149878	-0.27054778	0.11921687	0.16362098	0.12392692	-0.17315875
1.10411281	-0.28675852	0.11738401	0.23939176	0.11604095	-0.06005745
1.09909071	-0.29660494	0.11899175	0.34181288	0.10789885	-0.03479485
1.06460256	-0.26562475	0.09270556	0.26041798	0.02388764	-0.10889652
1.10191084	-0.28586146	0.11946852	0.17735444	0.12309350	-0.15724118
1.08943761	-0.28106302	0.10469586	0.23403531	0.11870394	-0.01337067
1.08956463	-0.21884858	0.13137004	0.33775819	0.00756125	-0.03351759
1.12161378	-0.26344275	0.09703097	0.26035399	0.07904332	-0.02851904
1.07838622	-0.27891373	0.13361642	0.13342090	0.08866428	-0.10890729
1.12608458	-0.27236951	0.13299035	0.27200912	0.17557720	-0.01923462
1.07730537	-0.22019164	0.13683253	0.22594512	0.00736006	-0.14569561
1.10392775	-0.26861100	0.13819535	0.09953211	0.05602936	-0.05439498
1.08997381	-0.23889802	0.14910397	0.24655736	0.04747749	-0.07911245
1.10390486	-0.22552508	0.15224945	0.11468668	-0.00109816	-0.08126350
1.10585606	-0.17915592	0.13615246	0.03751167	0.05477789	-0.09793344
1.10437115	-0.21570776	0.14976600	-0.00277297	-0.00410219	-0.20915636
1.10956256	-0.19687180	0.11318209	-0.13441019	0.09429166	-0.24180811
1.11568423	-0.23817515	0.08117597	-0.17507976	0.14157023	-0.26778993
1.12700433	-0.31794990	0.11674214	-0.16547912	0.19130101	-0.21343324
1.10286033	-0.29243282	0.10925973	-0.10698657	0.10498623	-0.24976993
1.08985857	-0.31205766	0.10476700	-0.12380009	0.03600645	-0.25409211
1.11353173	-0.30182128	0.04292730	-0.23966090	0.12818415	-0.28668317
1.08807051	-0.33725591	0.07610531	-0.02183899	0.11606076	-0.08824269
1.09124482	-0.32310691	0.07634722	-0.13374526	0.18030362	-0.12308357
1.12220847	-0.33218445	0.07937932	0.05605525	0.06835926	-0.17625258
1.09397581	-0.34652881	0.06761056	0.17346680	0.18378202	-0.09247886
1.11157063	-0.34948642	0.05036018	0.19356901	0.01342154	-0.13907725
1.10878879	-0.34001919	0.08161308	0.26157037	-0.00465005	-0.01626229
1.09725662	-0.31402934	0.08147392	0.31388173	-0.25195232	0.02134464
1.19465822	-0.30647105	0.14394242	0.40618786	-0.29488807	0.28300401
1.13917391	-0.26542039	0.10325107	0.54417449	-0.11423896	0.05174493
1.05980937	-0.21200367	0.08874685	0.38729361	0.22882372	-0.22779539
1.03954468	-0.07381276	0.09449794	-0.05150249	0.11676444	-0.22357205
1.05039183	-0.15336388	0.12119987	-0.01213297	0.09358323	-0.12180037
1.11318456	-0.18377894	0.07102412	-0.06716926	0.24695279	-0.14881536
1.20397530	-0.22186041	0.14300635	-0.07377439	0.29163434	-0.12877144
1.16647040	-0.29323402	0.13252361	-0.10230817	0.23257296	-0.14409499
1.14417690	-0.25186942	0.12709209	-0.15115821	0.27023568	-0.17757932
1.13549928	-0.25639171	0.14118233	-0.05387649	0.21051342	-0.21583418
