0.96682821	0.29052125	0.47035479	-0.00157600	0.03532495	-0.04469875
0.97247689	0.29836870	0.47302062	0.00232901	-0.00465051	-0.05284996
0.97799969	0.28422962	0.48356616	-0.00002677	-0.00151892	-0.03514460
0.97530687	0.29243232	0.47467353	0.00026474	0.00812903	-0.02911431
0.96782150	0.28310858	0.46325723	-0.01715162	0.04412643	-0.02773303
0.95888182	0.28304451	0.46657283	-0.01032592	0.06064142	-0.02849152
0.96655923	0.27250791	0.46351966	-0.00153259	0.05742860	-0.03846259
0.97494828	0.27833995	0.46761131	0.00218900	0.07141269	-0.04305045
0.97248716	0.27855580	0.48214019	0.01012897	0.05052843	-0.04631213
0.96602678	0.27797659	0.47172007	0.03015295	0.05435130	-0.04889573
0.96453907	0.28645222	0.48137198	0.02647846	0.05331780	-0.05263997
0.95564777	0.30304617	0.48076044	0.01294156	0.06247107	-0.05017764
0.95709824	0.32307987	0.48192377	-0.01180019	0.05352871	-0.04845195
0.95159803	0.32204318	0.48814565	-0.00270073	0.02978528	-0.03587608
0.96082905	0.32089885	0.50112469	-0.00665379	0.01317951	-0.04636821
0.96125868	0.31779448	0.49316743	-0.00581837	0.00001207	-0.03067265
0.95956163	0.32061452	0.49123942	-0.00966303	-0.00575800	-0.01541340
0.96112448	0.29893777	0.48185588	-0.01581270	-0.02045390	-0.03167319
0.96257829	0.30243216	0.47948739	-0.00781558	0.00203270	-0.03241459
0.95518437	0.31195894	0.47665475	-0.00547104	-0.01001030	-0.02796724
0.95961405	0.31254260	0.48565155	-0.00227307	-0.04222688	-0.03133057
0.95319954	0.31195055	0.46675441	-0.01660469	-0.00958042	-0.03541683
0.95807083	0.30522572	0.46413695	-0.01421353	-0.02599418	-0.00337867
0.96825680	0.28142159	0.47873222	-0.01175868	-0.02670545	-0.02109322
0.96538960	0.28052269	0.48184133	0.00896154	-0.04277005	-0.03386565
0.95942837	0.29869093	0.48077785	0.02893135	-0.01201129	-0.03049519
0.95788892	0.30629132	0.48192745	0.03182008	-0.00762059	-0.00453637
0.95581500	0.31733979	0.47843377	0.01880745	-0.02512904	-0.02930652
0.95773651	0.32056802	0.47702674	0.01321582	-0.01775093	-0.02412151
0.95477006	0.31996700	0.46070783	0.01645793	-0.01958121	-0.03118606
0.95382231	0.31668972	0.46839149	-0.00458234	-0.02914506	-0.02305912
0.95876656	0.31337142	0.47379038	0.00294101	-0.00630771	-0.00698613
0.95466331	0.31641310	0.48348137	0.02051672	-0.02940485	-0.01729119
0.95840064	0.31154890	0.47604276	0.01824394	-0.03443363	-0.01430707
0.96177873	0.30224887	0.46554952	0.01030321	-0.01195653	-0.00316036
0.96533152	0.30008279	0.46315255	-0.00946669	-0.04109084	-0.01574605
0.96085129	0.30749248	0.46348580	-0.00066635	-0.00358181	-0.00916228
0.96182788	0.30451800	0.46962075	0.00037762	-0.03018587	-0.01130493
0.95586039	0.31110860	0.47605533	0.01547893	-0.02806242	-0.02188085
0.95891132	0.29627468	0.47838951	0.01900990	-0.02115557	-0.02181656
0.96181321	0.30463540	0.47448605	0.01845764	-0.01989195	-0.02848303
0.95395020	0.32461768	0.46040466	0.00763168	0.00299483	-0.02574075
0.95246422	0.33478012	0.47019501	0.00363822	-0.01499917	0.00397622
0.95727954	0.32363631	0.47258675	-0.01582498	-0.06004709	-0.00739989
0.96227961	0.31479359	0.46997634	-0.00996386	-0.03177211	-0.01358051
0.97216090	0.30858684	0.47208565	-0.01955495	-0.06535338	-0.00021592
0.96792295	0.30803676	0.47164401	0.00068885	-0.05132030	-0.03036642
0.96716098	0.30388850	0.46242413	-0.00942144	-0.05806047	0.00198034
0.96524861	0.31476922	0.46564672	-0.00523409	-0.04221143	-0.00792742
0.97118917	0.31279736	0.46110190	-0.00702166	-0.03290972	-0.00188353
0.96785992	0.31267317	0.46354576	-0.01722504	-0.02657244	0.00062966
0.96587639	0.32320892	0.45194704	-0.01612846	-0.00849017	-0.00560093
0.96449053	0.31533759	0.45405071	-0.00967290	-0.01717125	-0.00163571
0.96247477	0.31398303	0.46714218	0.01066784	-0.02656217	0.00700600
0.95955490	0.31174533	0.46283807	0.00915269	-0.05397505	0.00289685
0.95856492	0.31674099	0.46115137	0.01078617	-0.04510649	0.01529851
0.96537495	0.32091799	0.46284504	0.01847807	-0.02630276	0.01291111
0.96286938	0.31893315	0.46723489	0.01331578	-0.04143209	0.01871536
0.95541550	0.32553161	0.46653019	0.00403058	-0.00669884	0.02869130
0.96307990	0.31752848	0.46042400	-0.00034043	-0.03847056	0.00662537
0.96261461	0.31950026	0.46123823	0.00149257	-0.03503950	0.02700987
0.96645974	0.31487813	0.45179627	0.01867808	-0.01136623	0.01403858
0.97426642	0.31463743	0.45785109	0.00949897	0.00016358	0.01933300
0.97327472	0.31364056	0.45980196	0.01775773	-0.00394429	0.02380012
0.96994456	0.31414531	0.45437532	0.00836801	0.01085710	0.01106067
0.96226046	0.32082724	0.45260161	0.00146099	-0.01826904	0.00472761
0.96341394	0.31314274	0.45791675	-0.00475317	0.02586605	0.02297237
0.96825392	0.32274078	0.46783127	-0.00579898	-0.01051744	0.02104384
0.96516354	0.32320941	0.46649537	0.01024435	-0.02826499	0.01770213
0.96295810	0.31509073	0.45875881	0.00398249	-0.03570476	0.03196876
0.96338422	0.32185635	0.45836037	0.00416858	-0.01362386	0.02299733
0.96906680	0.32279514	0.45916205	0.00502354	-0.00839198	0.03648773
0.96856097	0.31678232	0.45936192	-0.00284068	0.00293899	0.02901547
0.96929925	0.32207263	0.45445793	-0.00844256	-0.03068389	0.01513554
0.96762850	0.31589926	0.45421801	-0.00064502	-0.02674129	0.03232792
0.97170450	0.31769734	0.45871510	-0.00361230	-0.00440124	0.03329208
0.96426828	0.30667319	0.46340832	-0.00067161	-0.03702817	0.02939144
0.97152773	0.30976384	0.44417230	-0.00548978	-0.03153231	0.04250267
0.97170651	0.32463820	0.44623210	-0.00750825	-0.02232261	0.02880140
0.96870936	0.31848261	0.44302863	-0.00051276	-0.04112931	0.02827453
0.96748922	0.31071137	0.45061850	0.00099386	-0.03040249	0.02600622
0.97170342	0.31444964	0.44552727	-0.01385919	-0.02492871	0.02850259
0.97454810	0.31285341	0.45726587	-0.00950995	-0.02868660	0.03450364
0.97256162	0.31662260	0.45737064	-0.01626957	-0.01157844	0.02073451
0.97699607	0.30935315	0.44402972	0.00732808	-0.00193202	0.01719888
0.97290526	0.31125558	0.46261351	-0.01023460	-0.03174482	0.02933047
0.97141824	0.31831499	0.47034291	0.00309716	-0.03138551	0.02854302
0.96954394	0.30040313	0.46275628	-0.00856940	-0.01687523	0.04109910
0.97199910	0.30198663	0.44320441	0.00250379	0.00109786	0.03254759
0.96819694	0.30738019	0.45095194	-0.00182287	0.01401597	0.03301618
0.96928885	0.30415794	0.45774658	-0.00418806	0.00132418	0.03509719
0.97094007	0.30482994	0.45282532	0.01260333	0.00506665	0.03092790
0.97477335	0.30335473	0.46706671	0.00676992	0.00320939	0.02056424
0.97360639	0.30848078	0.45151404	0.00007948	-0.00228491	0.02758004
0.97560591	0.29708541	0.44777027	-0.00014197	0.02899298	0.00267248
0.97697535	0.30945517	0.45466240	0.00084131	0.03749015	0.01628735
0.97333566	0.30930332	0.46163892	-0.00592015	0.04691327	0.02118973
0.97165622	0.30041216	0.46173748	-0.00995370	0.02867416	0.02279827
0.97214229	0.30614434	0.45040070	-0.02166575	0.04451245	0.00531731
0.97576763	0.29943686	0.47114137	-0.01911417	0.06147080	-0.00276278
0.97877743	0.29943037	0.46232152	-0.00877028	0.06480960	-0.00469588
0.96991030	0.30640453	0.46398714	-0.01445094	0.05148376	-0.00699194
0.97083066	0.30826318	0.46230676	-0.01309619	0.06183231	-0.01991796
0.97123071	0.30816929	0.46868060	-0.01481576	0.02020352	-0.00179536
0.97027627	0.31118493	0.45451298	-0.01555194	0.00701037	0.00179130
0.97080819	0.30636006	0.46643689	-0.01764457	0.02816777	-0.01506270
0.96838283	0.30806932	0.46846339	-0.01313132	0.03202081	-0.00941863
0.96615986	0.31524896	0.45843939	-0.00481077	0.03414328	-0.00344430
0.96747375	0.30511850	0.45907614	-0.00173482	0.04399914	0.01155553
0.96166978	0.30862311	0.45870898	-0.00099710	0.03444818	-0.00042560
0.96695838	0.30955932	0.44186382	0.00389675	0.02480347	-0.01206381
0.96571943	0.30501777	0.45470591	0.00049099	0.03529404	0.00150956
0.96795679	0.29564239	0.46206811	0.01212056	0.03033544	0.00205906
0.96917205	0.30070522	0.45812143	-0.00574881	0.04781071	0.00285844
0.96752886	0.31140469	0.45743719	0.00291315	0.03745906	-0.00195792
0.96289709	0.31217237	0.45633636	-0.00055889	0.00584292	-0.00365433
0.96521100	0.31337909	0.46245308	-0.00227913	0.00878376	-0.00906491
0.96829096	0.31373010	0.46672560	0.00083650	0.01790693	-0.00101320
0.96734413	0.31636617	0.45820611	0.00487116	0.03216936	-0.00371243
0.96360300	0.31297928	0.46113403	-0.01162402	0.02298547	-0.00417500
0.96542913	0.30675718	0.45738124	-0.01261673	-0.00054624	0.00838166
0.96623602	0.31757651	0.45949936	0.00972408	0.01681070	-0.00094946
0.96177296	0.29679945	0.44885650	0.00343530	0.01811668	0.00661522
0.96116947	0.31604508	0.45846894	0.00327647	0.00121900	-0.00284775
0.96040085	0.30974323	0.46654907	-0.00064333	0.00052336	-0.00722044
0.96592986	0.30409395	0.46154212	-0.00672575	-0.01597784	-0.00799407
0.96664669	0.31034537	0.46158654	-0.00371402	0.01672316	-0.01018976
0.96305929	0.31531493	0.45936961	-0.01938477	0.04087845	-0.00931359
