-0.00603555	0.92339372	0.64533366	0.00188012	-0.01070438	-0.00418430
0.00095361	0.91636126	0.64307027	0.00307217	-0.03058900	0.00749235
-0.00424295	0.91307553	0.64382257	0.00778058	-0.01461914	0.00415476
0.00396113	0.90990809	0.64330752	0.01786960	0.00420037	0.00197228
0.00911940	0.91360219	0.64352232	0.00213327	0.00782993	-0.00397336
0.00915835	0.92174370	0.63963750	0.00827212	-0.00866628	-0.00805736
0.00238268	0.91721316	0.64381034	-0.00361999	-0.02170719	-0.00790741
0.00251010	0.91354727	0.64421281	-0.00794472	-0.00410837	-0.00736834
0.00522536	0.92164191	0.64845115	-0.00159187	-0.00411637	-0.00962211
0.00665053	0.91648006	0.64496454	-0.00734664	-0.00211333	-0.01349614
0.00278870	0.91381812	0.64863368	-0.00102725	0.00217633	-0.00611201
0.00020046	0.90664929	0.65292888	0.01173547	0.01005671	-0.00788769
-0.00050929	0.91026858	0.64444654	-0.00187272	0.00372733	-0.00310096
0.00222886	0.91831311	0.64092147	0.01520410	0.01146226	-0.00269539
0.00063897	0.91241760	0.64443047	0.01161395	0.00769337	-0.00175487
-0.00001443	0.91461203	0.64181981	0.00115013	0.00202042	-0.00293612
0.00033679	0.92071160	0.63818137	0.00480688	0.00379866	0.01171846
0.00414450	0.92763933	0.62623615	-0.01303448	0.01185595	0.01163969
0.00870996	0.91660627	0.63459035	0.00067775	0.03818575	0.01362686
0.00446903	0.90985201	0.64629196	0.00185617	0.00652309	-0.00845978
0.00303867	0.91213386	0.64911908	-0.00689298	0.01413121	0.00146084
0.00502445	0.91532014	0.64568316	-0.00345267	0.04156602	0.00379696
0.00369582	0.91165777	0.64805515	-0.00060626	0.03198029	-0.00066975
0.00518405	0.91306494	0.64816670	-0.00089208	0.00560707	-0.00429483
0.00136305	0.91588207	0.65429635	0.00990106	0.02197333	0.00218237
0.00058117	0.91253487	0.64969737	0.01968996	0.02114744	0.00137010
-0.00483232	0.91618129	0.64932420	0.01808704	0.01759902	0.01064750
-0.00312292	0.91265280	0.64124641	0.01217070	0.03476697	0.00977963
0.00277482	0.91974504	0.63771472	0.01697329	0.04662436	0.00836880
0.00380749	0.92029055	0.63415092	0.01492739	0.04375544	0.01197427
0.00229887	0.91823506	0.63832577	0.01298479	0.04855426	0.02116632
0.00070537	0.91579617	0.63653113	0.01971034	0.03947201	0.01426972
0.00183575	0.91678165	0.63986300	0.00199688	0.01901424	-0.00107591
0.00056894	0.92079759	0.63918937	-0.00117448	0.01964477	-0.00022088
-0.00096642	0.91812986	0.64177274	-0.00046778	-0.00124359	-0.00081555
-0.00021089	0.91730451	0.63768798	0.00184317	-0.03631444	-0.00555581
-0.00232650	0.91541853	0.64077093	-0.01409765	-0.00715347	-0.00595051
0.00124823	0.91872981	0.63815533	-0.01257899	0.04591165	-0.00964828
-0.00052999	0.91784199	0.63856102	-0.03069644	0.01770473	-0.01105533
0.00022738	0.91540397	0.64309000	-0.01216803	0.00396639	-0.01061112
0.00090849	0.90290487	0.64370391	-0.01618410	0.00217875	-0.01232691
-0.00273460	0.91200692	0.64247396	0.00228107	-0.01439778	-0.00929461
-0.00522324	0.91495268	0.64001275	0.00562669	-0.03415551	-0.00739207
0.00195141	0.91791265	0.64477822	-0.00780557	-0.01507520	-0.00129734
-0.00048904	0.92204279	0.64040801	0.00984169	-0.02515522	-0.00477084
0.00497145	0.91714380	0.64628748	0.00640121	-0.01671157	0.00429433
0.00431406	0.91531924	0.63830336	-0.00671513	-0.00442182	-0.00500893
0.00253834	0.91285131	0.65075022	0.00662423	-0.01081848	0.00047838
0.00388350	0.91282283	0.64429347	0.01056042	-0.01282533	-0.00045690
-0.00170367	0.91130887	0.64134423	0.00257669	0.01163794	0.00378819
-0.00823410	0.91920603	0.64711626	-0.00306381	0.00563177	0.00786491
-0.01042850	0.91623793	0.64885571	-0.00248727	0.01367295	0.01080299
-0.00586931	0.91482969	0.64356979	0.00966461	0.01372637	0.01078860
0.00638477	0.91225139	0.64268045	0.00992605	0.01218836	0.00200136
0.00717988	0.90774399	0.63672104	0.00672750	0.01387417	0.00634852
0.00142234	0.91007444	0.63342480	0.01236720	0.03558285	0.00322487
0.00607718	0.91003680	0.64085820	0.00802274	0.00601715	0.00766693
0.00841137	0.91134099	0.63956403	0.02643998	0.00342332	0.00314734
0.00604401	0.91624093	0.64663608	0.02404609	0.02409884	0.00148178
0.00676661	0.91389923	0.63870695	0.01214634	0.01823076	0.01052104
0.00293002	0.91988685	0.64344144	0.01437894	0.00854690	0.00712073
-0.00266749	0.91774087	0.64195261	-0.00765357	0.01608811	0.00667699
-0.00478770	0.91644302	0.63755253	0.00367070	-0.00581024	-0.00051349
-0.00785162	0.91961967	0.63933322	-0.00002064	0.00108978	0.00092573
-0.00639731	0.92059448	0.63845075	0.00524225	0.01068358	0.00795885
-0.00541702	0.91241394	0.64676733	0.00041858	0.01374362	0.00821023
0.00012545	0.91351813	0.64697918	0.00954547	0.02004348	0.00793105
-0.00093229	0.91506820	0.65076351	0.00605923	0.00961392	0.00423698
-0.00405236	0.91952006	0.64898105	0.00647383	0.02068751	0.00411959
-0.00035081	0.92171743	0.64745416	0.01417357	0.01800502	0.00442230
-0.00631528	0.91337160	0.65092096	-0.00942097	0.00113306	0.00591993
-0.00154037	0.91620749	0.64714190	-0.02911706	-0.00275610	0.01015405
-0.00540640	0.92641040	0.64853079	-0.03197700	-0.00621270	0.01391485
-0.00471564	0.93621654	0.64347172	-0.03023616	-0.00619199	0.01417598
0.00030759	0.92894944	0.65044820	-0.00228686	0.01576478	0.00507484
0.00508334	0.91629874	0.65210443	0.00023427	0.01341708	-0.00869588
0.00273590	0.91341860	0.64073598	-0.01874646	0.00452268	0.00208084
0.00366553	0.91405533	0.64046417	0.00062482	-0.00704050	-0.00328701
0.00638822	0.91436399	0.63826854	-0.01105398	0.01625524	-0.00672278
0.00953578	0.92129094	0.63189797	-0.00105854	0.02032971	0.00715613
0.00551634	0.91616340	0.64378095	-0.00101860	0.01626095	-0.00460271
0.00405618	0.91346046	0.64532400	-0.00971021	0.01278743	-0.00171988
0.00496997	0.91877362	0.64334146	0.00243413	-0.00487876	-0.00075612
-0.00027247	0.91981109	0.64082085	0.00274950	-0.00837006	-0.00518534
-0.00351906	0.91556512	0.63936910	-0.00506730	0.01030103	0.00490298
-0.00237801	0.92274745	0.63503445	-0.00396447	-0.00863722	0.00153516
0.00384971	0.91446877	0.64603289	0.00593081	-0.00640554	-0.00702329
0.00373536	0.90774267	0.64311600	0.00684150	-0.01346931	-0.00793519
0.00246103	0.91515339	0.65155400	-0.00273393	-0.02192996	-0.01859934
-0.00235101	0.91270271	0.64626896	-0.00831175	-0.00552318	-0.00788751
-0.00497324	0.91488957	0.64752472	-0.00228179	0.00159785	-0.00976412
-0.00599312	0.91046073	0.64989533	-0.01392502	-0.01202296	-0.00806728
-0.00210058	0.91448473	0.64765379	0.00334321	-0.01926653	-0.00093056
-0.00370367	0.92296209	0.64334475	-0.00495289	-0.00376725	-0.00424166
-0.00293750	0.92120996	0.63913359	-0.01327720	-0.00132941	0.00537617
-0.00049352	0.91565125	0.63865571	-0.00407522	-0.01431421	0.00360179
-0.00374987	0.92360192	0.64793273	-0.00111089	-0.02235896	-0.00592077
-0.00164374	0.91777312	0.64601699	-0.00369302	-0.02441072	-0.00616789
-0.00298461	0.91481144	0.64156340	-0.00449489	-0.00655431	-0.00984618
-0.00486878	0.91615556	0.63530921	-0.00855630	-0.01407202	0.00128752
0.00078897	0.92303627	0.63890376	0.00373995	-0.02109601	0.00373174
0.00439384	0.92100348	0.63852913	-0.00397304	-0.03345271	-0.00208371
0.00290611	0.91940150	0.64657688	-0.00127948	-0.02283917	-0.01037944
0.00128268	0.91728890	0.64487640	0.00252789	-0.00803740	-0.00083302
-0.00016785	0.91725599	0.64619385	0.00061787	-0.01709143	-0.00408877
0.00417418	0.91267278	0.65112372	-0.00672113	-0.02093913	-0.01127544
0.00262702	0.90805987	0.64808768	0.00129446	-0.01311717	-0.01559600
0.00288327	0.91443047	0.64432831	0.00503459	-0.02718010	-0.01145043
-0.00044793	0.91804158	0.64181680	-0.01097066	-0.02873897	-0.01408777
-0.00125696	0.92248942	0.64631945	-0.00276176	-0.01624594	-0.00907738
0.00007546	0.92995042	0.65046375	-0.00811651	-0.01110487	-0.00322649
-0.00161774	0.92012390	0.64877002	-0.00665814	-0.02784972	-0.00498636
-0.00291983	0.91455045	0.65231445	-0.00349811	-0.00507184	-0.00275363
0.00161338	0.91550434	0.65394752	-0.00189403	-0.01920358	0.00122585
0.00295096	0.91582953	0.64590603	0.00213692	-0.01327708	-0.00783506
0.00232672	0.91152116	0.64245057	0.00018582	-0.01202989	-0.01615657
0.00031526	0.91312921	0.64164581	0.01119819	-0.03210820	-0.00555604
-0.00163246	0.91754255	0.63874487	-0.00896014	-0.00836521	-0.00688636
-0.00465200	0.92347176	0.63616836	0.00175033	-0.02521070	0.00244978
-0.00496019	0.91833850	0.63356515	-0.00190814	-0.02580283	-0.00145255
-0.00383385	0.91273664	0.63217110	-0.01218835	-0.00812767	-0.00709981
-0.00645898	0.91719278	0.64130411	-0.00633330	-0.02897246	-0.00729655
-0.00330864	0.91933046	0.64524996	0.01122480	-0.01068840	-0.00388738
-0.00638186	0.91643703	0.65238517	-0.01493803	-0.01458558	-0.00194108
-0.00676748	0.91219590	0.64960113	-0.01578587	-0.00440442	0.00121497
-0.00747760	0.91031259	0.64943652	-0.00696000	0.01317619	0.00542295
-0.00220857	0.91333739	0.64227324	-0.00573144	0.02760687	0.00243967
-0.00328041	0.90600894	0.64663376	-0.00459273	0.00119656	-0.00049040
