-0.02858714	0.77813255	0.80452339	0.00666442	-0.00862475	-0.02688522
-0.02295157	0.77937082	0.80126473	-0.00024298	0.01014042	-0.02646730
-0.02368925	0.77611055	0.80499954	-0.01359653	0.01450334	-0.02173369
-0.02820315	0.77744767	0.80536125	-0.02046447	-0.00158101	-0.02299200
-0.03092287	0.77099271	0.81375007	-0.00934195	-0.00916193	-0.02059244
-0.03865798	0.77370180	0.80896748	-0.01197357	-0.00424394	-0.01481175
-0.03504464	0.77472954	0.80918232	-0.01272107	0.00234014	-0.01609845
-0.03382974	0.76860057	0.81117572	-0.00378997	-0.00361387	-0.01128032
-0.03355983	0.77048266	0.81789055	0.00117261	-0.00960366	-0.00690704
-0.02878915	0.77244047	0.81490046	0.01124710	-0.01659228	-0.01047548
-0.03482004	0.77358903	0.82446157	0.00788428	-0.02891963	-0.01327958
-0.03301523	0.77509079	0.81785401	0.00922361	-0.02350129	-0.01385046
-0.02876772	0.77322715	0.81421773	0.02131380	-0.01827771	-0.01015317
-0.02767192	0.77176401	0.80785567	0.01091861	-0.00847898	-0.01571735
-0.02372971	0.77279063	0.80926365	0.01154430	-0.01624327	-0.02030331
-0.02315198	0.77295425	0.80768740	0.00067644	0.00537885	-0.01303748
-0.02552390	0.77467511	0.80653971	-0.00859220	0.00811811	-0.01557532
-0.02135144	0.77672381	0.80642877	-0.02217656	0.01097236	-0.01857038
-0.02831367	0.77999090	0.81804165	-0.01829121	-0.00092994	-0.03143549
-0.02563652	0.77810008	0.82337591	-0.00873283	0.01593490	-0.01801923
-0.02884270	0.77282592	0.81940924	-0.00333630	-0.00565880	-0.01560605
-0.03440345	0.77607962	0.81222335	-0.01393085	-0.00917089	-0.01335944
-0.03109888	0.77569618	0.80700965	-0.00514232	0.00556743	-0.01148667
-0.03116408	0.77723293	0.81014210	-0.01346421	0.01462111	-0.00916249
-0.02603670	0.77420411	0.81261362	-0.00486957	0.00542842	-0.01817724
-0.03170558	0.77044135	0.80916376	-0.00043867	0.00854691	-0.02091545
-0.03804493	0.76962220	0.81196630	0.00306457	-0.00832337	-0.02365779
-0.02759509	0.77200954	0.80841240	0.00069841	-0.03460678	-0.01843340
-0.02256781	0.77368981	0.80345278	-0.00795000	-0.01796717	-0.01797383
-0.02543040	0.77358381	0.81211475	-0.02657583	0.03452358	-0.02107955
-0.02692566	0.77473753	0.80638075	-0.01281701	0.00608288	-0.02059670
-0.02821629	0.77348399	0.81146001	0.01046381	0.00250537	-0.01889823
-0.02930385	0.77301267	0.81176420	-0.00504461	0.01821968	-0.02575924
-0.03100212	0.76779114	0.80796041	-0.00507997	-0.00394263	-0.01849055
-0.02668945	0.77221641	0.81595161	-0.00397642	0.00561313	-0.01351605
-0.02822824	0.77303017	0.81137424	-0.00435231	-0.00305829	-0.01718173
-0.02648181	0.77461312	0.81011338	-0.00657125	0.00143733	-0.02104820
-0.02403723	0.77157568	0.80584797	-0.00608346	0.00677803	-0.02175926
-0.02394068	0.77423623	0.81070452	-0.00548055	0.00612589	-0.02424129
-0.02368625	0.77708888	0.80340239	-0.00349841	-0.00290273	-0.02300764
-0.02463209	0.77622658	0.80704741	-0.00016496	-0.00583066	-0.02250747
-0.02869011	0.77296912	0.80807783	-0.00572796	-0.00986007	-0.01769979
-0.02590167	0.77447430	0.81101800	-0.00250886	-0.00340695	-0.02737356
-0.02940627	0.77365194	0.80888618	-0.00061320	0.00549738	-0.02653643
-0.02959040	0.77402674	0.80187726	0.00183331	0.00071890	-0.02142477
-0.03049272	0.77736855	0.80371815	0.00125671	-0.00988274	-0.02314277
-0.02704850	0.77370295	0.80502278	-0.00466453	-0.00488682	-0.01651351
-0.02148134	0.77545041	0.80882366	0.00296705	0.00385035	-0.01811844
-0.03031221	0.77606745	0.81520559	-0.00262100	-0.01079120	-0.01895572
-0.02809988	0.77251435	0.81422168	-0.00107251	-0.00468420	-0.02082165
-0.02971628	0.77199200	0.80943701	0.00429659	-0.00235639	-0.02184422
-0.02854724	0.77753659	0.79389085	0.01369123	0.00429790	-0.01567932
-0.02718121	0.77563498	0.80283562	0.00419149	0.00503244	-0.02387841
-0.02523560	0.77480042	0.80469806	0.00266725	-0.00428213	-0.01550107
-0.02341909	0.77357329	0.80104503	0.00305031	-0.01287314	-0.02035209
-0.03049432	0.77888520	0.80701318	0.00614161	-0.00290572	-0.01591396
-0.02703110	0.77715060	0.81390826	-0.00266208	-0.01666369	-0.01847145
-0.02436642	0.77573643	0.81025378	-0.00896413	0.01690890	-0.02232001
-0.03169836	0.77262406	0.80842138	0.00391495	0.01195326	-0.02542990
-0.02555653	0.77205096	0.81270904	-0.00376827	0.00775295	-0.02633266
-0.03331392	0.77031260	0.80834330	0.00056911	-0.00379564	-0.02530083
-0.02870220	0.77273690	0.81170980	-0.01070997	-0.00429671	-0.01709394
-0.02887576	0.77492165	0.81197519	-0.01315710	-0.00185177	-0.01899677
-0.02187688	0.77188210	0.81326176	-0.00995922	-0.00810423	-0.01959066
-0.01973584	0.76992903	0.81604714	-0.00911489	0.01940426	-0.01911855
-0.01954214	0.77163268	0.82213504	0.00529610	0.01340282	-0.02150112
-0.03077446	0.76676506	0.81897238	-0.00606427	0.01274069	-0.02424223
-0.02929681	0.76574730	0.81415757	-0.00454353	-0.01963801	-0.02390310
-0.03242482	0.77206662	0.80738501	-0.00075751	-0.02443848	-0.02703550
-0.02673857	0.76809377	0.80967095	0.00424390	-0.00357157	-0.02827228
-0.02916964	0.77311649	0.81103027	-0.00149932	0.03126790	-0.02422113
-0.03756660	0.77617373	0.80290655	-0.02628923	0.00763296	-0.01608208
-0.04108251	0.77503685	0.80188507	-0.01920106	-0.02148822	-0.01936269
-0.04160157	0.77238819	0.80818645	-0.00378249	-0.00923385	-0.02664750
-0.03071844	0.77306064	0.81046981	-0.01492906	-0.00318689	-0.02134454
-0.02858949	0.76949603	0.80972710	-0.02773372	0.00862484	-0.02661153
-0.02945963	0.77211195	0.80871840	-0.01291711	0.01168908	-0.02102067
-0.02884332	0.77058654	0.80219040	-0.01249977	0.00026707	-0.01726770
-0.02629816	0.77211295	0.80587379	-0.01085026	0.00313147	-0.01903757
-0.02628602	0.77068906	0.80595180	-0.00238819	0.00174666	-0.03025545
-0.02886227	0.76586206	0.81297515	0.00593903	-0.00507488	-0.02416810
-0.03395405	0.76743804	0.81352016	0.00275827	-0.00204908	-0.02736693
-0.03068417	0.77443166	0.81190211	0.00181762	-0.01862954	-0.02904784
-0.02966534	0.77743409	0.81780348	0.00445051	0.00016865	-0.03336814
-0.03309152	0.77504916	0.81761218	0.00369860	0.00030683	-0.02451093
-0.03491818	0.77251013	0.80964173	-0.00191516	0.01468899	-0.01334721
-0.03799356	0.77399228	0.80390415	-0.00342544	-0.00668662	-0.01574590
-0.04215666	0.77611453	0.80799481	0.00010378	-0.00875434	-0.01795024
-0.03738548	0.77689251	0.81005527	0.00026618	-0.01888380	-0.01968301
-0.03552602	0.77531712	0.80661916	-0.00264096	-0.01196813	-0.01516479
-0.02960491	0.77227606	0.80956516	0.00494615	-0.00768334	-0.01980869
-0.02420027	0.77703817	0.80741131	-0.01269327	-0.01861296	-0.01579759
-0.02701814	0.77185764	0.80789711	-0.00632848	-0.00491396	-0.01770005
-0.02656031	0.76667569	0.80897441	0.00463987	-0.00575212	-0.01642350
-0.03345678	0.76618265	0.81237944	-0.01365571	-0.01046700	-0.01216822
-0.03315133	0.76988570	0.80778421	0.00369972	-0.00840448	-0.01672535
-0.02941893	0.76798217	0.81294420	-0.00202195	-0.01125860	-0.01671515
-0.02981337	0.76816431	0.80651195	0.00058149	0.00180609	-0.02201098
-0.03112709	0.76606906	0.80807786	-0.00337398	0.00464534	-0.02252293
-0.03339079	0.76683711	0.80701128	0.00109397	-0.00197478	-0.02436589
-0.04049381	0.76996123	0.80955815	-0.00060813	-0.01853849	-0.02614831
-0.03837142	0.77265086	0.81165704	0.00743631	-0.01003176	-0.02082633
-0.03043406	0.77692250	0.80277501	0.00018725	0.00702437	-0.01696297
-0.02686776	0.77424990	0.80447071	-0.01155225	0.00044749	-0.02107217
-0.03239668	0.77970709	0.80622512	-0.01067462	-0.00339822	-0.01243889
-0.03834680	0.77128170	0.81519943	-0.00539371	-0.02118671	-0.01717522
-0.03821100	0.77067433	0.81288207	-0.00350457	-0.00722597	-0.01771892
-0.03914491	0.76985452	0.81359098	-0.01042127	-0.01437729	-0.01160436
-0.03658523	0.76875769	0.80968148	-0.00913082	-0.00840262	-0.01347347
-0.02763494	0.76410715	0.80921723	0.01292289	-0.01390004	-0.01512381
-0.03007985	0.76380222	0.81042971	0.02068460	-0.01203171	-0.00855531
-0.03101372	0.76336597	0.80444913	0.01534033	-0.01772637	-0.00507816
-0.02665104	0.76459835	0.80671369	0.01206477	-0.01367424	-0.01199467
-0.03371515	0.77549525	0.80573169	-0.00385557	-0.01103000	-0.00744288
-0.03415914	0.77881441	0.80323538	-0.01168081	0.01070903	-0.01245287
-0.03740963	0.77974030	0.80712220	-0.01858518	0.03053311	-0.00925545
-0.04677500	0.77422028	0.82006323	-0.01823210	0.00792515	-0.01063506
-0.04647954	0.77490044	0.82073243	-0.00719464	-0.01464413	-0.00346906
-0.03516902	0.77232752	0.81256961	-0.00538501	-0.01497896	-0.00399172
-0.03413565	0.76873151	0.81238064	-0.00032282	0.00622068	0.00190652
-0.03583563	0.76590466	0.81737987	-0.00342521	0.00747520	0.00367904
-0.03308376	0.76783215	0.82088439	0.01804643	0.00175809	-0.00183143
-0.02919010	0.77236799	0.81997531	0.01979360	-0.03201941	-0.00222353
-0.02558909	0.77644053	0.80869737	0.01899870	-0.02423965	-0.00256413
-0.02540490	0.77242496	0.80507202	0.00067951	0.01616478	-0.00744240
-0.03515386	0.77167554	0.81445934	-0.00362356	0.02935293	-0.01176807
-0.03940200	0.77056369	0.81490647	0.00519734	0.02190173	-0.00843484
-0.03217287	0.77472889	0.80799238	-0.00088937	0.00528289	-0.00943951
