-0.04697529	0.77575646	0.81261465	0.00191627	-0.02203402	0.00214332
-0.03936550	0.77399633	0.81482310	0.00087919	-0.00240705	-0.00312867
-0.02506856	0.77104266	0.81731471	-0.00292648	-0.00235094	-0.00965605
-0.02375069	0.76781189	0.80907316	-0.00104246	-0.00262192	-0.01034622
-0.03024406	0.76502942	0.81592740	-0.00307208	-0.01260162	-0.00380026
-0.03370959	0.77185867	0.81306167	0.00121284	-0.00402036	-0.00973268
-0.03341075	0.77076027	0.80564090	0.02690828	-0.02153707	-0.01053870
-0.02928804	0.77150946	0.81044927	0.01390029	-0.00247469	-0.02031517
-0.03410495	0.77261006	0.80968931	0.01589786	0.01095872	-0.01603273
-0.03701418	0.77249534	0.80645504	0.02262381	-0.01021119	-0.01533237
-0.04417570	0.77438839	0.80827578	0.01517287	-0.01454090	-0.01190392
-0.04398145	0.77830192	0.79582464	0.00805394	-0.01091788	-0.00577595
-0.03943185	0.77977765	0.80291205	0.00519695	0.00166938	-0.01048625
-0.03107281	0.77905072	0.80417196	0.00113594	-0.00834274	-0.00652633
-0.04120680	0.77634050	0.80721159	0.01090099	-0.00680063	-0.00796445
-0.04056657	0.77818397	0.80490855	0.00694920	-0.00385209	-0.01264903
-0.03560143	0.77563419	0.81006738	0.00125200	-0.01033676	-0.00518947
-0.03367596	0.77333370	0.80965533	0.00013865	0.00129498	0.00111705
-0.03352642	0.77281797	0.81193601	-0.00051031	-0.00265277	0.00151846
-0.03163284	0.77635918	0.80980680	0.00400143	-0.00732394	-0.00415181
-0.03620287	0.77567569	0.81465756	0.00570726	-0.01550044	-0.00667532
-0.03698333	0.77262501	0.81958387	0.00658828	-0.00633393	-0.00850059
-0.04154268	0.77313359	0.81616501	0.00941587	-0.00258933	-0.01781947
-0.03885360	0.77306451	0.80591772	0.00383563	-0.00025179	-0.00659117
-0.04332582	0.77374148	0.79993049	0.00296824	-0.00980045	-0.00079686
-0.04208804	0.77449686	0.80750664	0.00874353	-0.01568710	-0.00004367
-0.03695636	0.77651445	0.80334806	-0.00405009	-0.01197337	0.00160793
-0.03701171	0.77554529	0.80182827	0.00148521	-0.01033097	0.01303139
-0.03800013	0.77907306	0.80633097	-0.01422647	0.00557228	0.01306007
-0.04102727	0.77620636	0.81370040	-0.01033432	0.01235314	0.01300359
-0.03973574	0.77119841	0.81489430	-0.01015645	-0.00125739	0.01147357
-0.03672664	0.76933371	0.81147905	0.00286803	-0.00887538	0.01457670
-0.02608416	0.77210222	0.81024190	0.00307938	0.00819904	0.01432386
-0.03000884	0.77439835	0.80670296	-0.00165067	0.00436929	-0.00078737
-0.03478780	0.77433646	0.80968832	-0.00130446	0.01343809	0.01270703
-0.03185754	0.77140857	0.80922965	-0.00344963	0.01409298	0.00854940
-0.04178119	0.77156092	0.81127567	-0.01414680	0.02233473	0.00285248
-0.03943045	0.77320292	0.80978349	-0.01666957	0.01600411	0.01394932
-0.04128729	0.77832262	0.80710000	-0.01096695	0.00373474	0.01868642
-0.04497450	0.77806875	0.80879695	-0.01583295	-0.00469760	0.01064285
-0.03926505	0.77686966	0.80628303	-0.01451971	-0.00439819	0.01320323
-0.03405723	0.77169736	0.80737260	-0.00686975	0.00483462	0.01115554
-0.03170863	0.77584279	0.80663220	0.01339485	0.00600273	0.00360728
-0.03179192	0.77753138	0.80672948	0.00465624	-0.00739607	0.00797271
-0.03250536	0.77613805	0.80984300	-0.00241096	0.00367329	0.01414235
-0.03909972	0.77038430	0.81673840	0.00313064	-0.00012007	0.00817495
-0.03548072	0.77567700	0.81201711	-0.00489942	0.00239290	0.01622058
-0.03416194	0.77703578	0.80548348	-0.00736177	0.00013526	0.00820247
-0.03611874	0.77635497	0.80587384	-0.00830270	0.00514758	0.00671048
-0.03970674	0.77249872	0.81098669	-0.01652695	0.01843184	0.00271270
-0.03939537	0.77439802	0.81175460	-0.01198987	0.00554586	0.00906200
-0.04146091	0.77600835	0.80908486	-0.00726803	0.00534811	0.00581629
-0.04087578	0.77641650	0.81355148	-0.01655437	0.00856833	0.00181828
-0.03852063	0.77056904	0.81878447	-0.01014021	0.00623020	0.00223364
-0.03112971	0.76913580	0.81739712	-0.00675955	0.00502848	0.00519846
-0.02633044	0.76839500	0.82048448	-0.00641083	0.00949587	0.00743821
-0.02792783	0.77079136	0.81334769	0.00555250	-0.00298573	0.00129143
-0.02515872	0.77409738	0.80776669	-0.00026571	0.00786309	0.00839987
-0.02508373	0.77533010	0.80704084	0.00455436	0.01731038	0.01046224
-0.03706511	0.77522355	0.80688407	0.00292665	0.00270962	0.00730078
-0.03567709	0.77314390	0.81333440	0.00361460	0.00691333	0.00415095
-0.03551763	0.77416779	0.81517012	-0.00217539	0.00277551	0.00557315
-0.02777214	0.77867610	0.80930926	-0.01037661	0.00407587	0.00250899
-0.02809213	0.77800251	0.80336947	0.00235076	-0.00607787	-0.01176723
-0.03856798	0.77592465	0.81045332	0.00282730	0.00064463	-0.01803526
-0.04431763	0.77573599	0.80519725	0.00603792	-0.00729314	0.00318316
-0.05038344	0.77610571	0.79760058	0.00176198	-0.01761867	0.02117639
-0.04606837	0.77856379	0.79301575	0.00374377	0.00125521	0.01503474
-0.03232222	0.77310073	0.80082366	0.00823072	0.00810597	0.00699705
-0.04460301	0.77018964	0.80275893	0.00097022	0.01706352	-0.00256570
-0.03696054	0.77128438	0.80323616	0.00053869	-0.00894567	0.00165852
-0.03172103	0.77082849	0.79818540	-0.00682435	0.00055453	0.01425898
-0.03557212	0.77740273	0.79576271	-0.00424906	-0.00264880	0.01307833
-0.02506818	0.77591185	0.80594713	-0.00348454	0.00401544	0.00332053
-0.02715441	0.77692728	0.80651015	0.00038852	0.00379217	0.00096893
-0.02680987	0.77954144	0.80472149	0.00521812	-0.00281121	0.00105410
-0.02622382	0.77596916	0.80628976	0.00415550	0.01747905	-0.00634807
-0.03926156	0.77434297	0.80841341	0.00664459	0.01852600	-0.00855617
-0.04566468	0.76862510	0.81308006	0.00694762	0.00257991	-0.00179202
-0.03344143	0.77145137	0.81200811	0.00930383	-0.00395802	0.00544931
-0.02965826	0.77548093	0.79595716	0.01183786	-0.00042262	-0.01525431
-0.03022164	0.77454986	0.80431236	-0.01088737	0.01181809	-0.01512921
-0.03591013	0.77517468	0.80709795	-0.00503273	0.02531931	-0.00205027
-0.04444412	0.77627214	0.81441163	-0.00532241	0.01584074	0.00527991
-0.04721164	0.77308848	0.80929536	0.00047347	0.00237201	0.00559435
-0.03962276	0.77051996	0.81095048	-0.00416937	-0.00329419	0.00795240
-0.03663198	0.77227589	0.80679366	-0.01951123	-0.00274766	0.00779191
-0.03199765	0.77965328	0.79858190	0.00312365	0.00017578	0.00840643
-0.02916813	0.77880915	0.80959492	-0.00189365	0.01911385	0.00267316
-0.03029943	0.78102774	0.81060623	-0.00260361	0.01259698	0.00183478
-0.03091865	0.77458025	0.81169477	-0.00266749	-0.00999921	0.00763045
-0.02967424	0.76493766	0.81840756	0.00576032	-0.01249525	0.00249344
-0.03301797	0.76998150	0.81734832	0.00563508	-0.01771392	-0.01052410
-0.03581487	0.77456909	0.81105853	-0.00580329	-0.00979192	-0.00920091
-0.03133374	0.77629946	0.80543446	0.00299857	0.02543411	-0.00916040
-0.03584023	0.77749558	0.80646008	-0.00051613	0.00274596	-0.00125134
-0.03189867	0.77670245	0.81054993	0.00352717	-0.01043371	0.00683062
-0.02958667	0.77339878	0.80918111	0.00291822	-0.01757730	0.00938667
-0.03607025	0.77380334	0.81529690	-0.00213637	0.00353078	0.00298498
-0.03205716	0.77156719	0.81867190	-0.01176709	0.00359329	-0.00519754
-0.03903216	0.77009748	0.80950580	-0.00054088	0.00428922	-0.00802396
-0.04033606	0.76531410	0.81308430	-0.00015649	0.00320542	-0.00440929
-0.04037290	0.77359691	0.81527223	0.00598067	-0.00980840	0.00252431
-0.03690878	0.77688516	0.80278942	0.00965887	0.00314240	0.00317108
-0.03196518	0.77307857	0.80596066	0.00058885	0.00879592	0.00337014
-0.03370040	0.77267597	0.80877884	0.00193951	0.01146706	-0.00017468
-0.03684701	0.76890088	0.81187639	-0.00006708	-0.01079005	0.00041133
-0.04068993	0.77101511	0.81330056	0.00271948	-0.02021664	0.00380432
-0.04760747	0.77445725	0.81052112	0.00105216	-0.00193208	0.00183380
-0.04365427	0.77222558	0.80741118	0.00130463	-0.00532028	-0.00098132
-0.03307195	0.77169399	0.81076298	-0.00311080	-0.00312585	0.00040311
-0.03334542	0.77084976	0.80882761	-0.00924516	-0.00170848	0.00934063
-0.04022687	0.77386912	0.81193362	-0.00479316	-0.01101891	0.00507262
-0.03537331	0.77398858	0.81387473	-0.00833563	-0.01344406	0.01418197
-0.03786197	0.77095199	0.81188267	-0.00320051	-0.00375469	0.00811608
-0.03808559	0.76942637	0.81109863	0.00234167	-0.01050600	-0.00143358
-0.03939271	0.77389342	0.81332642	0.00270175	-0.01463282	0.00730820
-0.03299659	0.77390978	0.81808540	0.00214516	0.00658332	0.00151575
-0.02677008	0.77563561	0.81182730	0.00944849	-0.00284694	0.01078510
-0.02699715	0.77558320	0.81573433	0.01005444	-0.02419762	0.00494835
-0.02960793	0.77235485	0.81238512	-0.00122326	-0.01265802	-0.00005444
-0.03442716	0.76901103	0.81860501	0.00950914	-0.00350339	-0.00942969
-0.03375778	0.77139260	0.82120427	-0.00308761	-0.01679701	-0.00369342
-0.03128370	0.77068512	0.81640444	0.00094261	-0.00601297	0.00036944
-0.02627615	0.77124893	0.81037354	-0.00834571	0.00189927	-0.00198462
-0.02516648	0.77352110	0.80649889	-0.00067313	0.00094863	-0.00135073
-0.03715592	0.77323279	0.80808786	0.00499334	-0.01118500	0.00250735
-0.03601760	0.77309802	0.81306480	0.00132016	-0.01355949	0.00674193
