1.13732783	-0.14145863	-0.08684262	0.22849435	-0.04360215	0.34213806
1.03249314	-0.39037378	0.19426702	1.08701454	0.30776936	0.11838956
1.20571862	-0.32279041	-0.00718183	0.66977944	-0.25787714	0.20974885
1.12630523	-0.15863203	0.04575294	0.48236524	0.07946478	0.25473017
1.58810166	-0.19772466	-0.12219601	-0.60289195	-0.08727275	-0.43795496
1.29451915	-0.26884338	-0.18757815	-1.02488988	-0.20091367	-0.67138267
1.41044736	-0.37210936	-0.22588116	-1.19058179	-0.61009648	-1.26325287
1.14374207	-0.66287384	-0.27828571	-0.65367332	0.16617011	-1.27522065
1.03331448	-0.60874757	-0.32254394	-0.68886411	-0.23969952	-0.96511582
1.15689189	-0.47225860	-0.27115157	-0.31475551	-0.21481475	-0.93260376
1.30740795	-0.40048943	-0.00966605	-0.08374916	-0.25769548	-0.63703760
1.48695486	-0.26297317	-0.00290723	0.08944636	-0.01585263	-0.22171871
1.37381155	-0.17708553	-0.07855213	0.24504195	0.15199615	-0.16464575
1.19213620	-0.01023908	-0.10693319	-0.21679102	0.51455622	-0.05823670
1.06095317	0.06745775	-0.16715734	-1.33690399	0.50101830	-0.10251740
0.88910134	0.01942564	-0.29376518	-0.87422552	0.49034558	-0.11599504
0.77175598	-0.36782539	-0.17983171	-1.84220597	1.07118827	0.20656899
0.94341963	-0.39460587	-0.01746082	-1.56493032	0.55108265	0.35435774
0.84532016	-0.46946640	-0.07706862	-1.36784898	1.11651299	0.54166766
0.84316507	-0.36031967	0.11502622	-1.03677688	0.97984962	-0.08099745
0.89384169	-0.24844998	0.11949964	-0.22199603	0.99484776	-0.41665101
0.89630622	-0.25470736	0.19336306	-0.03698823	0.17867390	-0.14449818
0.78524486	-0.17824355	0.23213513	-0.25249827	-0.28205267	-0.08969002
0.81577697	0.01092737	0.14994214	-0.19229138	-0.10718556	-0.32377223
1.07808899	-0.03300306	0.19500401	-0.55593291	-0.28670945	-0.10434825
0.88794258	-0.07510665	0.09459721	-0.07327963	-0.34693094	0.63524521
1.28539816	-0.24638517	0.25444009	-0.71679279	0.24579836	0.02654055
1.26233678	-0.13283379	0.09948985	-0.09063657	-0.39610033	-0.19396288
1.27575236	-0.11509420	0.08074584	0.10053915	-0.67595813	0.11402109
1.09367703	-0.39672938	0.17719018	-0.53608589	-0.75665277	-0.04439703
1.47364556	-0.62154965	0.30888429	0.19003160	-0.75643136	-0.06175474
1.54519815	-0.49536577	0.31363785	0.92331038	-0.58502645	0.55974898
1.62905432	-0.24277636	-0.00236133	0.38780967	0.10508927	0.19670049
1.56166629	-0.09995221	-0.49683337	-1.02988011	1.35153837	0.33899560
1.46983767	-0.37365611	-0.31038831	0.05242050	1.70370252	0.15653229
1.11027914	-0.42311321	-0.06314606	0.35087224	1.12765303	0.42319981
0.64975812	-0.42307087	0.06386500	-0.30888953	-0.00430354	0.25154207
0.73240503	-0.39306678	-0.15319457	-0.00806345	0.16615369	0.11232823
0.80257236	-0.18668295	-0.24291130	-0.28293336	-0.54235105	-0.11940301
1.17077292	-0.18911649	-0.30149460	-0.28592289	-0.00206676	-0.27632351
1.21317413	-0.43283823	-0.15295263	0.14871942	0.53862700	-0.68045792
1.08316861	-0.48895052	-0.01329162	0.99850780	0.26451812	-0.10492641
0.87661297	-0.39697478	0.09368082	1.22762197	-0.99125256	-0.25822328
0.73500417	-0.05431265	-0.05575463	0.99852111	-1.48951223	-0.56922925
0.82715402	-0.01330672	-0.12733310	0.98283552	-0.51992662	-0.14960268
1.04451238	0.01403970	-0.28100641	0.56770199	-0.71156879	-0.04023728
1.12018532	0.03393276	-0.10189367	0.89295864	-0.86914883	-0.00295074
0.97155760	-0.05239216	0.02942241	0.53396342	-0.12101090	0.11754065
1.31129784	-0.03467530	-0.10887989	0.09508757	-0.73090387	0.20421125
0.93100230	-0.08922590	0.02206106	0.58672317	-0.39371458	0.11550184
1.14203959	-0.10070212	-0.06619667	0.25761725	-1.01937976	0.26668697
0.95483489	-0.01210416	-0.02087132	0.45885070	-0.17328952	0.58871519
0.80214883	-0.07169046	-0.01101264	0.68341167	-0.36690056	0.59234916
1.12197124	-0.05978299	-0.04056430	0.13257688	-0.67357923	0.10093105
1.09251726	-0.14065851	-0.06020075	0.80693451	-0.12663743	0.57206302
0.85615263	-0.24054255	-0.01311111	-0.83874348	-0.75742411	0.24273445
1.08345749	-0.45246245	-0.01365425	0.05837889	-0.12025831	0.44184746
1.15862957	-0.44060045	0.01682788	-0.60612207	0.12033072	0.29791886
1.33408356	-0.55972607	-0.02910118	-0.72247789	0.00102332	0.02660526
1.66126558	-0.54202111	-0.09745780	0.14844825	-0.24186927	-0.89111989
1.50082013	-0.51893535	-0.10242040	0.28485172	-0.40233500	-0.99623449
1.29614386	-0.39488247	-0.30568278	-0.35574481	-0.30436110	-0.82660088
0.89750737	-0.49801195	-0.27834717	-0.05749797	-0.11015820	-1.03256089
1.18836626	-0.47530967	-0.27916811	-0.17018900	0.63602892	-0.93426223
1.00144148	-0.60656455	0.16822548	-0.05781935	-0.23323899	-0.41472085
1.33004219	-0.38356809	-0.17904516	0.48421339	0.05809692	-0.55364436
1.27187965	0.03614205	-0.17635494	0.10002406	0.42011246	-0.01966998
1.34084555	0.13819747	-0.25083395	-0.85878400	0.20031538	-0.18910743
1.12537821	-0.01464224	-0.26782686	-0.81034686	0.47897820	-0.20994853
1.13111321	-0.24595670	-0.02911631	-0.72188286	0.91431252	-0.02590660
1.21339880	-0.32785418	-0.05213606	-0.45463306	0.52800415	-0.22028165
0.76111520	-0.39687092	-0.00950732	-0.81218532	0.72933998	0.13116530
0.70659135	-0.09981609	-0.05606499	-0.23270288	0.51064368	0.27744756
0.69237735	-0.15224845	0.05891269	-0.43340591	0.09511658	0.15449355
0.84932501	-0.06086996	0.07341148	0.12996132	0.75488942	0.52267740
0.89481220	-0.03179059	0.11308451	0.14238892	0.26360818	-0.06039216
0.98193078	-0.18880475	0.24770357	-0.30146640	0.01421100	0.69378235
0.84212509	-0.08941158	0.10952288	-0.02450644	0.13623850	0.47592726
0.66490822	-0.07698351	0.02653013	-0.18139753	0.45542293	-0.10137866
1.11746157	-0.39306316	0.11373414	-0.43982334	0.63816818	-0.14481276
1.01998570	-0.35947672	-0.01729168	0.61186288	0.41760764	-0.27658864
1.09653862	-0.23019514	0.03280806	0.35432500	-0.03262100	-0.15160044
0.84134338	-0.34201754	-0.08840138	0.27157701	-0.22819155	0.23328614
1.39985007	-0.35748446	0.08742531	0.42334855	-0.95145876	0.51519452
1.88120129	-0.32873055	0.23659356	0.93027734	-1.13758290	0.58021490
1.95950859	-0.02801619	0.03134986	0.53195082	-0.95572638	0.52528270
1.68560905	0.14880820	-0.13228758	0.24867561	0.86808337	-0.18130582
0.98736649	-0.26396671	-0.18611275	-0.00891244	0.70737472	0.00246969
1.25412796	-0.41591613	-0.06524771	-0.50692341	0.61202216	0.31575428
0.98978645	-0.58514252	-0.04243738	0.26524216	-0.12410400	0.04154677
0.44477520	-0.60997279	0.03540695	0.70668801	0.04768183	0.28803027
0.84492433	-0.43207058	-0.26304818	-0.15114559	0.55814814	0.02482026
1.00012149	-0.27273551	-0.06084129	-0.97779342	0.52404322	-0.25224409
0.81007440	-0.31307366	-0.00407135	-1.10748653	0.57506657	-0.18410925
0.96417849	-0.55055771	-0.10162976	-0.69041220	0.30278985	-0.44753429
0.76460551	-0.47307589	0.03164114	0.58710378	0.05286071	-0.45027865
0.93457095	-0.47687971	0.16491136	1.36714439	-0.31567289	-0.73603771
0.80347266	-0.43972215	0.02763447	1.12248951	-0.94307385	-1.12002543
0.67919023	-0.23899438	-0.13756869	1.33782355	-0.70705093	-0.05111745
0.73715609	-0.07133002	-0.11701708	1.18252190	-0.70482603	0.29508738
1.14655474	-0.14863024	-0.13807106	0.92344636	-1.12115511	0.56247587
1.17233775	-0.03255401	-0.08302541	0.91472560	-0.67752779	0.66259080
1.17987428	-0.16191507	-0.08623538	1.13761300	-0.35472495	0.42840794
0.89011463	0.02297124	0.00281505	1.64716471	-0.46275028	0.19958539
1.00320475	-0.14626609	0.03471121	0.71759340	-1.03460514	0.18828836
0.80669043	-0.12085943	0.04515590	0.53835106	-1.05363026	0.30950518
1.06965103	-0.05896652	0.01559494	0.59323992	-0.94713405	0.29804843
0.89070135	-0.03308086	-0.01741072	0.44410058	-0.28132524	-0.30951633
1.17737128	-0.25403622	-0.18340210	0.55338107	-0.23118354	0.48076520
0.98140518	-0.14858204	-0.06120525	0.03263390	0.13524860	0.38413350
1.36810341	-0.06678414	0.17207076	0.11585414	-0.41275646	0.29216544
1.15849027	-0.01289517	0.01150710	-0.34987650	-0.36108796	-0.09964960
1.74988524	-0.32381800	-0.14822057	-1.04056905	-0.19828140	-0.37044627
1.54261354	-0.61456179	-0.27062911	-0.42589868	0.03570396	-0.21030182
1.53792528	-0.56792371	-0.24897878	-0.07678259	-0.27367861	-0.79227017
1.20545184	-0.31481111	-0.26865824	-0.64997414	0.52858619	-0.98963816
0.79891692	-0.37860215	-0.15511111	-1.03664773	0.21937698	-0.95906725
0.84940338	-0.35616253	-0.11231104	-0.52971538	0.25643322	-0.87203080
1.07697078	-0.30438973	-0.12352164	-0.75480857	1.18190605	-0.34919356
0.90346457	-0.17441614	-0.06233966	-0.02286723	0.31025670	-0.14882670
1.25981880	-0.01163386	-0.01895190	-0.12246118	0.57634066	-0.19064886
1.34216392	0.16323667	-0.10681922	-1.29093787	0.38916305	0.11068971
1.54716210	0.28304124	-0.14403349	-1.29178415	0.33173441	0.03174093
1.23104350	0.16005242	-0.18802619	-1.77950138	0.46868497	0.06744926
1.30311152	-0.14110306	-0.23524112	-1.34386410	0.66084713	0.15877587
0.90240918	-0.32305026	-0.16850666	-1.32588285	1.01847282	0.25354770
0.88752099	-0.41640019	0.07903132	-0.72578585	0.83095136	0.17185706
0.85098083	-0.32563653	0.11372253	0.24872280	1.51636059	0.33911326
