0.79822497	-0.59983284	0.11806107	1.69583765	-0.22691593	-0.48481746
1.12610620	-0.47114527	0.04442180	2.17433734	-0.67427591	-0.21913992
0.70990668	-0.26816616	0.01062487	1.84443438	-1.06719595	-0.34109622
0.99610877	-0.15072325	-0.24827276	2.04215754	-1.94721223	-0.67297718
0.63593741	0.08611518	-0.06699755	2.04227880	-0.98780731	0.29966825
0.78392319	0.09159151	-0.03319074	1.48407185	-1.04830409	0.70392186
1.21487690	0.15494240	-0.06959969	0.97456592	-0.74245616	0.62569641
0.98548462	0.01944202	-0.09363624	1.27589631	-0.53461336	0.56981834
0.99109159	0.00636130	-0.09424885	1.21245815	-0.93695930	0.82056854
1.11029628	-0.14592120	-0.06367855	0.96205387	-0.74376365	0.11830367
1.24741083	-0.12660090	0.05482151	0.36220132	-0.18028435	0.24169151
1.07408965	-0.14695113	0.01528966	0.54881432	-0.56326274	0.27299778
1.20329247	-0.08700599	-0.05332362	0.45433378	-0.51283121	0.52194791
1.17900359	-0.02951921	0.04889321	-0.25712147	-0.29683849	0.73452884
1.34354303	-0.10605228	0.04055984	-0.83094136	-0.45970173	0.11309065
1.66956278	0.07456916	-0.12569058	-1.84130263	-0.15695968	-0.52985843
1.37301283	-0.14160425	-0.06938897	-1.83836507	-0.30182908	-0.65456343
1.23338046	-0.51145621	-0.18053452	-2.33743283	-0.42242201	-0.98162710
1.07735154	-0.63871409	-0.23520946	-0.63824684	-1.00125630	-0.76443973
1.00005436	-0.44109821	-0.37228397	-0.97048635	-0.19034883	-0.98154325
0.93308294	-0.58514179	-0.23178006	-0.45818063	-0.36168036	-0.78744053
0.99428070	-0.42939304	-0.34905200	0.41847262	0.06859912	-0.13806539
1.28319493	-0.53461921	-0.03025928	0.62833804	-0.19774781	-0.15992020
1.65793093	-0.31356263	-0.11931982	-0.28094017	0.28805766	-0.00242289
1.58107273	-0.20127018	-0.05602266	-0.88705264	0.75285232	-0.26396954
1.24954390	0.00370272	-0.16826058	-1.57122301	0.48138052	-0.41531644
1.24041961	0.13289171	-0.28417913	-2.06848989	0.31604108	-0.26514587
0.89709484	-0.08208813	-0.11617387	-1.42653167	0.82357950	-0.05081654
0.89808686	-0.17219360	-0.15890530	-1.79212452	1.68558896	0.28407322
0.67432536	-0.24179589	-0.05449103	-1.68015504	1.44773825	0.32237186
0.54514723	-0.28257358	-0.08446790	-1.14296487	1.01922836	-0.09512870
0.46768281	-0.20218171	0.17287910	-2.06636822	0.66654072	0.21662188
0.27590990	-0.10621734	0.27079094	-1.63146341	0.16174907	0.46228492
0.61455245	0.06397425	0.22655211	-1.06600708	-0.15071036	0.25089693
0.79024230	-0.14114135	0.17554058	-0.49817813	-0.43084072	0.83145146
1.15307096	-0.34599751	0.10636206	-0.94219504	-0.68068562	0.26225440
1.09072695	-0.30306943	-0.01239088	-0.28606860	-0.01205748	0.10028182
1.22650496	-0.22529685	0.03591803	-1.08032603	0.34962005	-0.04222233
1.36128529	-0.29346302	0.09780895	-0.75064120	0.19994078	-0.24963648
1.20002193	-0.53140256	0.07344073	-1.14188801	0.36777469	-0.08799725
1.38565225	-0.38124014	0.19346340	0.13062566	-0.36530790	0.09898098
1.67834915	-0.20504465	0.20685375	1.13349355	-0.25248908	0.52498354
2.14136959	-0.33978414	-0.01016344	0.78525464	-0.70034182	0.64995554
2.05962722	-0.48654793	-0.25705184	0.55816811	0.33045586	1.10169643
1.53144961	-0.48778837	-0.39847318	0.33688799	1.20393140	0.77167198
0.85148688	-0.56856968	-0.00745451	0.87429161	1.54121421	0.60505660
0.56600797	-0.56259570	0.19510771	0.62940758	1.06577008	0.82508584
0.93582611	-0.32185999	-0.01641868	-0.06761549	0.20969443	0.64058896
1.26768370	-0.23508227	-0.26954684	0.11437841	-0.14772266	-0.04686766
1.15137889	-0.23729255	-0.23677455	-1.20689738	0.06559726	-0.31869132
0.98517925	-0.32599336	-0.04666966	-1.00278797	0.04946598	-1.13881138
0.83397829	-0.55543387	-0.00613155	0.50634795	-0.22876593	-0.84549421
1.08700832	-0.64652690	0.22076463	2.17967736	-0.85840248	-0.12373411
0.74253447	-0.41472322	0.08928265	2.41989263	-0.81986505	-0.19563513
0.72631534	-0.30051431	0.00079786	1.87773072	-0.70682536	-0.50613750
0.78609190	-0.00079287	-0.11357781	1.97086382	-1.20397059	-0.07146417
0.63015811	-0.01681932	0.06649076	1.34612483	-1.61605555	0.12680836
0.74034887	0.04147573	-0.14410019	0.58289372	-1.42360694	0.48647817
1.22155490	0.18946491	0.03936140	0.94090571	-0.70718764	0.58198517
1.16306350	0.11379987	-0.00070618	1.27513743	-0.21402374	0.54429273
1.14966227	0.05841144	0.05920879	-0.09903410	-0.30034366	-0.20858550
1.22339694	0.05666508	-0.06500402	0.73212612	-0.23307303	0.24503391
1.19792402	-0.02560016	0.18234288	-0.05628571	-0.15610462	0.09284205
1.19651227	-0.01591838	0.10747109	0.51294086	-0.07575795	0.14438712
1.18003249	-0.24476057	0.06301720	0.63834485	-0.34507573	0.42599784
1.32691162	-0.24828829	-0.01909395	0.92857078	0.10363314	0.37168778
1.37280189	-0.25832089	-0.05543264	0.84807474	0.01907018	0.16974671
1.31598536	-0.25075178	-0.12856471	-0.23873938	-0.09814821	0.09431918
1.40248382	-0.26223103	-0.07859155	-1.36832893	-0.14098973	-0.73383512
1.45711157	-0.42450394	-0.27150352	-0.73141319	-0.53605821	-0.69848281
1.43802266	-0.46856388	-0.11331927	-0.73378346	0.31737758	-1.14834312
1.19929276	-0.46947939	-0.23530527	-0.49798265	0.22886116	-1.01234042
1.12613953	-0.43351002	-0.39504843	-0.22686567	0.35571639	-1.19127414
1.09205598	-0.54411911	-0.08872380	0.22495900	0.02173739	-0.57383662
1.18355472	-0.44000718	0.09070061	0.53082676	0.23543294	0.14697935
1.42098726	-0.46966907	-0.08135882	0.63907306	0.36753157	0.33847991
2.06998298	-0.21048996	-0.16775290	-0.06175580	-0.04844733	-0.37665138
1.78176975	0.06764795	-0.19926410	-0.14537302	1.15372602	-0.46251911
1.07014834	0.04908621	-0.12278384	-1.25533493	0.60812907	-0.36223189
0.87053049	0.19969416	-0.10757436	-0.71499918	0.79612658	-0.01674225
0.98917498	-0.08344387	-0.10542235	-1.61772589	0.77127722	0.66044408
0.48436212	-0.01863225	-0.04913936	-1.31310149	0.93701512	0.40993488
0.61309813	-0.24840051	-0.04657088	-1.24660966	0.62009693	0.31874659
0.73048488	-0.30373940	0.12571681	-0.82526253	0.33275153	-0.02792198
0.63848250	-0.19976113	0.20469179	-1.66175676	0.20372222	0.05975152
0.42564518	-0.10497841	0.14411701	-1.87174030	0.03802216	0.25711214
1.02981255	-0.15023188	0.15983012	-1.85474968	-0.03803913	0.02036136
1.02333260	-0.14748086	0.10030802	-0.55964970	-0.31770230	0.14290777
1.03649733	-0.36930889	0.19941725	-0.58008576	0.01222702	-0.09340490
0.72367873	-0.14176391	0.19706618	0.56288429	-0.21616147	-0.16115247
0.83784506	-0.33856155	0.01955680	-0.81647413	-0.13557840	0.53956597
1.40280332	-0.30642285	0.11861474	0.69962315	-0.17918203	-0.14515149
1.38899316	-0.24496332	0.01514080	0.34841680	-0.10225253	-0.13748540
1.47762467	-0.41740185	0.09469555	0.61559093	-0.07991213	0.50091525
1.55856003	-0.30432777	-0.02391268	0.91730493	0.05088831	0.59789283
2.07695803	-0.44786533	-0.07017083	0.24770544	0.61644664	0.56272632
1.58059079	-0.37510557	-0.04280219	-0.19049171	1.30752886	0.66595120
1.04998081	-0.51886977	-0.02216512	-0.06166464	1.25704459	0.47483432
1.03470865	-0.55767442	0.01553453	0.01851776	0.96797545	0.07761771
0.74712524	-0.27399793	0.01438789	0.15498791	-0.20985776	0.30076704
0.82043966	-0.14126748	-0.01435061	-0.90809926	-0.21175323	-0.27817879
0.94205298	-0.25301308	-0.18522810	-0.35108843	-0.14868602	-0.37518795
0.74945970	-0.20422449	-0.12421389	0.28409328	0.25891004	-0.48913652
1.24628624	-0.50121489	0.04893239	0.38492638	-0.20307971	-0.31049755
0.91629094	-0.48609680	0.16786938	0.76471641	-0.39154812	-0.39615181
0.84525781	-0.57282979	0.06667948	2.49305263	-0.40920684	-0.24458294
0.83732863	-0.28415693	0.10637118	1.62273042	-0.53597155	-0.65286220
0.80004213	-0.24263922	-0.08288414	1.28560352	-0.55210237	-0.46807293
0.71524528	-0.12861924	-0.07189510	1.45472064	-0.17767178	0.04231620
1.09452921	-0.15674642	-0.17244305	1.31603637	-0.61125394	0.73601273
0.94451589	-0.06834808	-0.06104151	1.11274621	-0.76013159	0.55891961
1.21593780	-0.18101622	-0.12330646	1.63141218	-0.51905281	-0.43646808
1.01367860	-0.08432544	-0.05771264	0.70311913	-0.21024657	-0.04815046
0.97568025	0.05770767	-0.12500208	0.32296526	-0.51740883	-0.02636486
0.97665349	0.16300083	-0.05924168	0.74023705	-0.78171577	0.56544081
0.88297945	0.12260983	0.14275182	0.26870503	-0.79292088	0.68994446
1.37801367	-0.05829394	0.02452415	1.01577132	-0.87401415	0.54586145
1.44293137	-0.23479672	-0.01227207	-0.33474711	-0.27253401	0.64135080
1.36856529	-0.28463570	-0.15012067	0.70109302	-0.09947338	0.45061200
1.12526864	-0.20507526	-0.17438822	-0.32500484	-0.28074683	0.12669188
1.01660551	-0.04654515	-0.17983409	-0.30838252	-0.55387963	-0.70255014
1.39597297	-0.20081636	-0.17302346	-0.24254536	-0.55079715	-0.40133800
1.10253539	-0.49822567	-0.25035038	0.28617283	-0.40788170	-0.95172470
0.94864099	-0.45048582	-0.37744469	-0.83522256	-0.06928383	-0.73248041
1.18844387	-0.34764790	-0.30445041	0.09857064	0.39514353	-1.09411677
1.50538025	-0.29861269	-0.21603508	-0.44920110	0.25383321	-0.58024672
1.82969832	-0.44604865	0.00266229	0.28268962	0.11789031	-0.61952670
2.03262012	-0.16440322	0.01765449	0.89971823	0.87028153	0.20563183
