1.95777734	-0.45588401	0.11413132	-0.45636442	0.42179508	-0.04880730
1.76678041	-0.36791939	0.11979594	-0.47302154	-0.01897967	0.03690748
1.22521758	-0.27778013	0.11633764	0.15130935	0.15952550	-0.10271366
1.04736771	-0.22644479	0.01998800	0.53991435	-0.08506273	-0.24580709
0.74950466	-0.07823139	0.13761639	0.64163935	-0.10964402	0.25930993
0.34137625	0.04532399	0.08089192	0.48195461	0.02077871	0.38297025
0.85677325	0.09147094	0.16549350	0.06438814	-0.16509961	0.47379199
0.57667880	-0.08100165	0.06267931	0.09657953	-0.47921505	0.53848302
0.54635871	-0.14633821	0.10188725	-1.10217524	-0.06577988	0.27425258
0.66798102	-0.04225809	-0.01835819	-0.13992924	0.06540978	-0.20199507
0.79447795	-0.13198435	0.19886775	-0.75414910	-0.24436831	-0.03200962
0.60703621	-0.18740831	0.23631071	-0.25045258	0.05025354	-0.07417622
0.65229111	-0.21952570	0.16023488	0.16480607	-1.06366548	-0.01469555
0.57823500	-0.20334623	0.04584526	-0.42262834	-1.05104615	0.25169595
1.22959133	-0.26392617	-0.08863135	-0.11479576	-0.67190323	-0.03710853
1.02061564	-0.46776214	-0.12322807	0.42395946	-0.33447511	0.21913409
1.41029332	-0.40948891	-0.13583965	1.08162986	-0.54524592	0.37616068
1.15746711	-0.34104538	-0.21369127	1.41153762	-0.77364076	0.14196347
1.27946925	-0.52121063	-0.40622687	1.34129603	-0.83192975	0.54460579
1.39518441	-0.42207307	-0.28671993	1.37045172	-0.65844225	0.19141560
1.17560951	-0.45534994	-0.53823018	1.49230440	-0.22270469	0.04653559
1.72779187	-0.41043835	-0.17400042	1.05198266	-0.04596499	-0.27484654
1.76642311	-0.39786740	-0.18511837	1.57916688	-0.40749161	-0.13373585
1.69516568	-0.52279619	-0.22487140	1.68541638	-0.18088439	-0.01097147
1.84872460	-0.32805950	-0.20465848	2.27294652	0.18746062	-0.38383601
1.80387214	-0.12285759	-0.11736171	0.79355102	-0.24386635	-0.60241618
1.14743736	0.02844604	0.01996217	0.68975417	0.04810756	-0.08831630
0.82384904	0.00646058	0.00603686	1.06894074	0.02070272	0.16218092
0.84015108	-0.03880795	-0.11455047	1.36518090	-0.53363546	-0.35731928
0.99700366	0.08067297	-0.07459483	0.96998497	-1.10495732	0.10498364
0.55742611	-0.02926722	-0.14239540	0.14261411	-0.99521491	1.32409407
0.77625707	-0.14510938	-0.32124288	0.63619844	-0.46369002	0.35924363
1.11773256	-0.14407066	-0.30148015	0.97270176	0.13465472	0.17740232
1.08585446	-0.37453633	-0.10504465	1.75744223	0.11696717	0.42595688
1.06158719	-0.32032566	0.09716672	1.94181171	0.36386159	0.07874736
0.74339816	-0.12826817	-0.06632175	1.99040155	-0.07495336	-0.46028677
0.60879858	0.04149512	0.01487444	1.67421637	0.18120508	-0.46934718
0.57593078	-0.08433406	0.03637161	0.93944436	0.45013047	-0.20053942
0.60502627	-0.00292663	-0.23787513	1.08276167	0.40212556	0.07754453
0.40221285	-0.12001781	-0.18358135	1.31342891	0.12658151	0.39905267
0.56066604	-0.14444712	-0.05956934	1.14242893	-0.12365882	-0.12585968
0.42775669	-0.15308171	-0.17663718	1.05155570	0.13417140	0.29777164
0.74537461	-0.40771743	0.03265674	0.44224406	-0.16928343	-0.41582654
1.18570114	-0.40555554	-0.06232330	0.22193700	-0.01307556	-1.19776981
1.37744713	-0.16775290	0.19088457	0.60803931	-0.41267657	-0.87955229
2.27227304	-0.24983009	-0.03544546	-0.16948296	-0.46209531	-0.79001943
1.79146182	-0.31987860	-0.20760496	-0.15739390	-0.41007075	-0.05985133
2.26722644	-0.35193026	0.07649952	-0.35246246	0.47669706	0.02380695
2.13376201	-0.62600759	0.22944226	0.58752753	0.64710053	0.02464641
2.09971221	-0.59091653	0.27660924	0.74760577	0.28662622	0.06267286
1.98599630	-0.40898454	0.27965390	1.23779925	0.30549991	0.14075550
1.85589081	-0.31510832	0.22891316	0.43662268	0.09124896	0.16962073
1.34393284	-0.11560320	-0.00726125	-0.36131343	-0.03875814	0.09135153
0.68100674	-0.00786573	0.02956109	-0.71929096	0.10951923	0.38062919
1.00918116	0.12366289	0.06861668	-0.17083442	0.16076978	0.80334613
0.82113353	0.05509739	-0.08528115	-0.50988687	0.02822422	0.87770891
0.64326903	-0.37418400	-0.07120412	-0.75283934	0.04594951	0.66601773
0.69864297	-0.26288488	0.16145048	-0.72975173	0.62559609	0.06245530
0.61951069	-0.31937548	0.08069354	-0.94099185	0.09861957	0.23310785
1.04301701	-0.38148758	0.17935600	-0.84939645	-0.14631410	-0.17952397
0.67534234	-0.33439033	0.02750538	0.15183134	-0.79918279	-0.53819653
0.11578858	-0.06833935	0.12125100	0.21995396	-1.20266882	0.11261644
0.54108398	-0.08992379	0.07116991	-0.35415254	-0.56160831	-0.01324541
0.81419772	-0.20439264	-0.01872545	0.05004949	-0.53525815	-0.36792072
0.63362292	-0.22194363	-0.03808733	-0.31087247	-0.30876734	0.18186033
0.74550985	-0.49634575	-0.00584582	0.15313716	-0.82929248	0.21951844
0.98471056	-0.39470790	-0.06243033	0.79107814	-0.65072610	0.07902609
1.30721925	-0.36179086	-0.24779739	1.47155396	-0.11301454	0.35921390
1.16353596	-0.48883712	-0.31951646	0.84298961	0.28979079	0.33311549
1.26434529	-0.54272481	-0.28496530	1.30883541	0.20034257	-0.33949074
1.50015285	-0.50052786	-0.12845482	1.43930182	0.38662821	-0.32121382
1.86186492	-0.54939101	-0.16551679	1.91267289	0.21131910	-0.52408165
1.83272844	-0.44937052	-0.26945749	1.96052586	0.06671791	-0.64534994
1.98499967	-0.49716992	-0.15664571	1.19903077	0.20631471	-0.26687029
1.58926309	-0.14212696	-0.07751527	1.48427990	-0.19854829	-0.03512732
1.42933283	0.02792006	-0.21864474	1.71424629	-0.21419947	-0.47389480
1.43509697	-0.07078219	0.04110294	1.11030528	-0.71932799	-0.37695045
1.21771603	0.22879257	-0.03334177	1.00813398	-0.88593918	-0.60486877
1.22780273	-0.08352350	0.05634214	0.25927020	-1.25524079	0.12124601
0.99837373	-0.07009624	-0.01986771	0.62184703	-1.09259163	0.25303740
0.59438311	-0.07625809	-0.15513505	0.71792511	-0.43277320	0.56118001
1.07246838	-0.22908114	-0.25486273	1.12317629	-0.10563021	0.82152462
1.00014858	-0.19427520	-0.14773986	1.15654708	0.07296850	0.68214843
0.97573607	-0.09139265	-0.26973793	1.03212054	0.45871789	0.29775676
0.62937913	-0.18416902	-0.04481412	1.71086184	0.33916165	-0.38307905
0.83414242	-0.00805534	-0.00622956	1.34132541	0.32743445	0.16100423
0.53750740	0.11803895	-0.11714099	1.04972589	0.50201383	-0.05511845
0.74446263	0.26135218	-0.02492099	0.65563270	-0.05113381	0.31524973
0.94154190	0.14135317	-0.03614199	1.13934690	0.09555724	0.47346837
0.75676422	-0.06650804	-0.10101355	0.79498073	-0.07729834	0.43088517
0.80678541	-0.28983139	-0.23547450	-0.07414913	0.12448565	0.38701310
0.23270185	-0.10082519	-0.17518318	0.75336731	0.31057261	-0.10631149
0.98980151	-0.22586768	-0.20740088	0.34601287	-0.10539308	-0.50996412
1.42700816	-0.37292241	0.01868777	0.12480374	-0.46371764	-0.87858614
1.96409201	-0.38401106	0.11319166	-0.53111799	-0.52482785	-0.70617813
2.20753333	0.15422112	-0.03055248	-0.30986496	-0.15538546	-0.19598428
2.11184267	-0.29357995	-0.04513437	-0.67033458	0.01820688	0.21354548
1.51303930	-0.44698260	0.20986110	-0.12753361	0.31049352	-0.29246668
1.80454448	-0.49037326	0.30197036	0.40417120	0.03492449	-0.43047768
1.58604804	-0.30142866	0.17415461	-0.18062696	0.06849747	-0.26737502
1.70204422	-0.34463966	-0.00113677	-0.06775095	-0.05303524	0.23440123
0.73972175	0.02803192	-0.03322618	0.31224545	0.63623503	0.35860660
0.47762103	0.08694742	-0.02582417	-0.12166449	0.55422885	0.55585005
0.40283865	0.03433135	-0.05197375	-0.22988808	0.28240623	0.19403248
0.31707420	-0.00662856	0.04201388	-0.49171330	0.16940302	1.16955234
0.49505506	-0.20638587	0.08054243	-0.49090274	0.33526190	0.50204232
0.70073900	-0.17989455	0.21370316	-0.77404139	0.14402703	0.30900461
0.28757970	-0.29005745	0.18792585	-0.61047427	-0.27556817	-0.18406676
0.95160493	-0.11126888	0.22253477	-0.25259730	-0.28854025	-0.18230612
0.56165891	-0.10431480	0.04828924	-0.18366181	-0.62614632	-0.55801931
0.71610046	-0.05144509	-0.03979598	-0.23557310	-0.39601878	-0.83568391
0.90526692	-0.05297951	-0.04193303	0.00095109	-0.64761950	-0.34056597
0.03683790	-0.34048649	-0.10299556	-0.35181459	-0.42139416	0.01814706
0.72065215	-0.40736858	0.05102668	-0.35143637	-0.22382364	0.30225291
0.89337439	-0.50780005	-0.15223986	-0.48633251	-0.21496735	0.34134283
0.93131214	-0.45656394	-0.16021463	0.59396096	-0.54670407	0.23508931
1.32229292	-0.70258821	-0.20608739	0.60628024	-0.27095040	0.24831796
1.77812944	-0.61223572	-0.35531508	0.18595838	0.27117357	0.65707217
1.74567690	-0.62974676	-0.45352479	0.02192843	0.75863697	0.07760617
1.34599785	-0.58620418	-0.28894659	1.34265803	0.50208401	-0.25254790
2.26308932	-0.56728987	0.06454236	2.32333199	-0.04272173	-0.65903316
2.15679641	-0.53245161	-0.02216677	2.06818823	-0.65673492	0.26133482
1.95189811	-0.57032378	-0.13339422	1.58170078	0.33442301	-0.06368760
1.94665132	-0.16006847	0.02938532	1.80556132	0.36477078	-0.48754814
1.59073728	0.04161394	-0.00646199	0.87743817	-0.02225929	-0.69301290
1.01471606	0.12875114	0.07927962	1.10004115	-1.17991201	-0.46690878
0.89099113	0.04124163	0.13063162	1.51328206	-1.09686067	0.27589287
1.06748830	-0.22423657	-0.10383273	1.12934379	-0.98192154	0.23054072
