0.52346731	0.16489041	-0.17805874	0.83454706	-1.98883554	0.16317541
0.86276528	0.27347547	-0.24810370	0.96579211	-1.12528054	0.84364957
1.16721290	0.07088728	-0.14083164	-0.49783794	-0.70861159	0.63162011
1.03260456	-0.08256640	-0.04406234	1.20756819	0.01836550	0.61493597
0.80417350	-0.30738966	-0.02105703	1.27906229	-0.24087698	0.33222625
0.85119744	-0.22060596	0.05126854	1.12429734	-0.25823115	0.23558924
0.40983942	-0.08773415	-0.16764593	0.10538018	-0.43846016	-0.15116782
0.49668011	-0.18873330	-0.06909144	0.79822526	0.45347013	-0.14122027
0.53307527	0.05451785	-0.12566961	0.14195477	0.46644288	-0.09039408
0.32062032	0.29021083	-0.10603401	0.06585169	0.91000721	0.46966573
0.45140674	0.31900808	-0.11662559	-1.16293291	0.53587861	0.21345057
0.42700434	-0.29513502	-0.03732699	-1.11366594	0.59852437	0.42425061
0.50838166	-0.60071565	-0.08769271	-0.04849032	0.72844544	0.08655489
1.13214476	-0.79904187	0.08349318	0.33191288	-0.46602914	-0.56798411
0.97686065	-0.41337982	0.27757687	0.15359770	0.02120088	-1.16129701
1.44189249	-0.17588301	0.07827434	0.23261562	-0.56518864	-0.90143586
2.13234529	-0.38357218	-0.03153124	0.81097407	0.06544576	0.02491790
2.20834649	-0.16674075	-0.14508255	-1.59651698	1.07760089	0.27107891
1.99337873	-0.25188348	0.19918953	-0.89003973	1.31268535	-0.03518210
1.90658222	-0.83386338	0.22083027	-0.10674146	0.46434202	-0.14817940
1.58420449	-0.48443187	0.37986137	-0.73057429	0.20573190	-0.49430817
1.54884021	-0.43728908	0.19775867	-0.78092667	0.36885591	0.16011410
1.31646404	-0.00477354	0.10517913	-0.58519287	0.18355951	0.12897355
0.31017058	-0.09027088	0.03297412	-1.34768323	-0.21316835	0.47062373
0.70697261	0.14024327	-0.06518308	-1.38387319	0.29813356	0.94503410
0.60066353	-0.21013139	0.00005846	-2.00616798	0.40698372	0.70488929
0.33412602	0.05900235	-0.21288216	-2.28465991	0.20572405	0.59686282
0.88530459	0.01242452	-0.02401749	-0.99132228	0.60188094	-0.30364765
1.20255690	0.04677124	-0.01278428	-2.29313963	0.54219536	-0.25632192
0.26268059	0.07029315	0.21533769	-1.98896456	0.54267667	-0.67468961
0.62427681	0.02993466	-0.01541898	-2.62112562	0.03840783	-0.76860530
0.51919698	-0.16331167	-0.11593772	-1.77387238	-0.00551268	-0.17897783
0.37948133	-0.17014142	-0.05139319	-0.78477227	-0.20308538	0.16860457
0.35645210	-0.54050502	0.15596010	-2.31985828	-0.18134934	0.79450993
0.06706635	-0.58434963	-0.22416351	-1.52038895	-0.35015654	0.33681529
1.47423916	-0.61255309	-0.26530644	-0.78441025	0.31186324	0.11083955
2.42245037	-0.59155608	-0.26651275	-0.35916823	0.81842311	0.23765383
2.58122894	-0.67203463	-0.38000279	0.02979484	0.87602321	-0.28085431
1.78750790	-0.62555035	-0.32446197	-1.41778297	1.03711795	-1.07521112
1.64899737	-0.60645617	-0.05084716	-0.20411936	0.78337261	-0.64743162
1.67768549	-0.78965754	-0.01702594	0.43586385	0.59173890	-0.51604146
1.29176666	-0.56647149	-0.18086304	1.17159121	-0.73983143	0.14427695
1.73783595	-0.51948382	-0.35588696	1.53795105	-0.58224721	-0.83214083
1.41908900	-0.12085387	-0.22821286	-0.27144956	-0.60509288	-0.59043337
0.90104710	-0.11349896	-0.31985466	-0.27392147	-0.55154901	-0.48808728
0.78096855	-0.30339026	-0.12920303	0.91261421	-0.59496414	-0.08353146
0.71077474	-0.11467022	-0.19736480	0.86202203	-0.70058169	0.09049216
0.93590482	-0.09111154	-0.09839299	1.09638790	-0.65980834	-0.07810379
1.07560308	0.08717598	0.00298765	0.43937800	-0.39611664	0.04940709
0.91482379	0.06098926	-0.11703394	2.30673291	-0.82531451	0.41506560
0.72867391	0.17976458	0.02409399	1.01585978	0.25325899	0.72787658
0.57107582	-0.00970132	0.06335454	0.72316325	-0.14774261	0.17444644
0.32456083	0.07115481	0.00576991	0.40853078	-0.34997320	0.32247665
0.62946017	0.08385678	-0.03544339	0.87178517	0.02997518	0.72467573
0.36901068	0.11644911	-0.00679818	0.59835044	-0.79616005	0.83908250
0.56844213	-0.05349686	-0.11278295	0.42141858	-0.37257367	1.07712148
1.52955572	-0.19743787	-0.27084855	-0.16196572	0.15744764	0.44312077
1.14382163	-0.36559541	-0.15034535	0.33704599	0.99241444	0.57109660
1.05531235	-0.47016770	-0.00610042	0.08452449	0.54690598	-0.26513405
0.77878114	-0.28447673	0.03835057	1.37937784	0.11341738	-0.10395679
1.03898118	-0.26067198	0.18216626	-0.49198169	0.39989087	-0.78428820
1.98256061	-0.32602824	-0.02318029	-0.28454282	-0.33168305	-0.95261502
2.68350685	-0.25781049	-0.06417163	-0.81352156	0.34338968	-0.13270317
2.11725329	-0.31953158	0.00051693	-1.65071766	-0.01357066	0.18806362
2.19892420	-0.42560258	-0.02773550	0.19623529	0.77508289	-0.54804367
1.67780720	-0.83418029	0.03961477	-1.63993500	0.37449279	0.01794700
2.17160477	-0.41352835	0.17632418	-0.68901736	0.20536393	-0.28451461
1.46780412	-0.25922671	0.07374682	-0.68441896	0.43484123	0.01326967
1.26153279	-0.00555712	0.02282110	-0.50482771	0.91098234	0.18684619
0.95823645	-0.23581331	0.04014092	-1.55872417	0.61687348	0.69662406
0.66113365	0.05366334	-0.03237658	-1.51312308	0.59203754	0.80289561
0.13062190	0.14049459	-0.19815103	-2.42428542	0.29246594	0.83564066
0.33118861	0.41631196	-0.16930407	-3.00797301	0.63371587	0.49190442
0.29816765	0.22420077	-0.00386819	-2.30204984	0.74290248	0.26116113
0.27078032	-0.04987879	0.05144006	-3.87092896	-0.19566488	0.60624398
0.37144173	0.15966212	0.11032989	-2.97977378	0.28166260	-0.12541819
0.04840368	0.11914365	-0.11255240	-2.78062230	-0.52504962	0.08678273
0.79356672	-0.24116578	-0.20184148	-2.30443570	-0.36927581	0.30797696
0.32959028	-0.23703208	-0.27492167	-2.39238279	0.67481070	0.54398005
0.72471808	-0.20599936	-0.29001271	-2.05785568	0.72111809	0.21772324
0.95626898	-0.57959705	-0.28814361	0.05984708	0.65943353	0.64179527
1.30895949	-0.52190568	-0.29254579	-0.75974377	0.74290957	0.42158755
1.93848186	-0.85185550	-0.44626162	-1.11205082	0.51733291	0.07045175
2.06035464	-1.01570590	-0.34054091	-0.25755719	1.35213389	0.32603162
1.80508690	-0.58320765	-0.08359290	0.12437375	0.89937932	-0.62674088
1.98958662	-0.70089635	-0.04018883	1.25175082	0.51452045	-0.16362238
2.06989351	-0.37872661	-0.12860467	1.35403903	0.01112802	-0.25462467
1.77095450	-0.14755237	-0.20367411	0.41040503	-0.16408422	-0.13561723
1.88581304	0.21952648	-0.18076305	0.12838700	0.21866626	-0.57411219
1.60566325	-0.01306020	-0.04473148	-1.31485357	0.21070275	-0.54051761
0.84717582	-0.05143407	-0.05019246	-0.43836612	0.03131590	-0.79894589
0.91476244	-0.43662931	-0.16452650	0.95098179	-0.56514952	-0.19158841
0.55118069	-0.43873281	0.03553374	0.08604896	-1.05046723	-0.12827558
0.28132938	-0.21417513	-0.10135817	1.86365467	-0.40657846	-0.34370438
0.85538471	-0.22154524	-0.18182119	0.22206535	-0.53943036	0.10543910
0.87979202	-0.06074844	-0.17043405	0.32317276	-0.16563801	-0.07362649
0.98572079	-0.24587818	-0.14919490	0.35957577	-0.33065897	0.01941498
0.52821861	-0.06305112	0.06022126	1.29352983	0.24740992	-0.03570868
0.18138233	0.37956465	-0.02232387	0.77347317	0.02823974	-0.35511232
0.86036254	0.10359825	-0.05025333	-0.00221098	0.57115490	0.38535755
0.53678147	0.35593731	-0.09894150	-0.26723605	0.24448978	0.60415778
0.80406409	0.35925035	-0.24012856	-0.47484898	0.42504998	0.15159305
0.80645608	0.30705937	-0.36652576	-1.79020844	0.08919774	0.09376622
0.96049903	-0.46625467	-0.08952799	-2.21390998	0.98462650	-0.14168693
0.60714256	-0.91472068	-0.33662652	-2.46647700	1.63056577	-0.92334891
0.58883638	-0.75243025	-0.40297145	-0.34749368	0.67256686	-1.15409010
1.53222983	-0.44723109	-0.29566378	0.32514243	0.52894574	-0.92781881
2.28180689	-0.25391866	0.05706226	0.38184387	0.79685594	-0.66820613
1.95641555	-0.00617646	-0.09242450	-1.60405247	0.28188806	-0.60688493
1.86294406	0.05470931	-0.28957894	-3.28370992	0.51971585	-0.26577323
2.46410186	-0.50685911	-0.24862168	-3.89624785	0.40270137	-0.30356594
2.05141441	0.03700648	-0.09898840	-4.37401619	-0.41175941	0.05211490
1.84697080	-0.33831563	-0.28511960	-3.06683044	0.92089234	0.25225772
1.61485004	-0.67849529	-0.33723763	-3.90845158	1.23733011	0.52059770
0.81094824	-0.52948945	-0.26660175	-2.48352501	1.11394243	0.67362517
0.85652974	-0.26236651	-0.35154664	-3.91758798	0.86784352	1.23996451
0.66505842	-0.35234669	-0.16170439	-4.02022938	1.30942517	1.81403148
0.13532113	0.09299504	-0.12128509	-4.21539234	0.78042520	1.30703995
0.65399206	0.03826544	-0.14112456	-3.20375434	0.61934772	1.16819126
0.35341276	0.11060085	-0.22906556	-3.00654090	0.68598210	0.71134966
0.83080169	-0.38637314	-0.19996769	-3.21810240	1.12206276	0.55193198
0.69289588	-0.35973672	-0.27635712	-2.14661718	1.66025478	-0.23762725
0.22841682	0.01267556	-0.19910094	-3.52600875	1.10873422	-0.29983495
0.68923974	-0.21294928	-0.02959584	-2.70973737	1.74621650	-0.61780741
0.48574309	-0.29510610	-0.02855595	-2.46290826	0.82449400	-0.42900084
0.26822645	-0.39077070	0.01698100	-3.33915985	0.79236770	-0.40661693
0.62061359	-0.23502389	0.06013158	-1.18693960	-0.03853294	-0.82059629
0.49054126	-0.38815942	0.26694638	-1.27298220	-0.49288015	-0.25575364
