1.76218918	-0.26281716	-0.07494493	-1.75720016	0.07226404	0.16597158
2.18070833	-0.39282780	0.08754173	-0.36594478	0.27920858	0.28978561
1.97728922	-0.44776563	0.09214010	-1.59970610	0.80749463	0.03372799
1.81824742	-0.04703161	0.08683875	-1.74955248	0.18445903	0.15279455
0.97044105	-0.20861928	0.00772995	-0.53593528	0.84624872	0.73200267
1.04313958	-0.13418532	-0.04738056	-0.27409099	0.08215805	1.12808672
0.16835737	0.09473222	-0.12796326	-2.30657580	0.40107245	0.69379280
-0.15628208	0.02741346	-0.21239729	-2.42316571	0.74529186	0.53046326
-0.00209619	0.18874125	-0.11061888	-2.45993684	0.94652328	1.08790260
0.31507426	-0.11050498	-0.19097066	-3.33784426	0.33964015	0.32733752
0.31449855	0.24320574	-0.06552557	-2.13372306	-0.39579412	-0.06037853
0.44904229	0.33232642	-0.03053058	-1.32344781	-0.23555187	-0.33314662
0.71420471	0.00326330	-0.17560982	-2.85882916	-0.44201482	0.16364477
0.35878199	0.02341372	-0.31876553	-1.31626601	-0.42912901	0.20763643
0.29873724	-0.22752033	-0.17754844	-2.37247980	0.47061287	0.56770764
0.66335542	-0.80548166	-0.20979824	-2.17751388	0.27639909	0.64028778
0.44725481	-0.40661943	-0.25254364	-1.60881283	0.67055781	0.52148058
1.17664508	-0.72359907	-0.24505264	-0.70093871	1.02659267	-0.20909529
1.80670477	-0.68997681	-0.35367154	-0.29799734	0.64173301	0.02845055
2.31863689	-0.92623269	-0.13262822	-0.74714774	1.27907189	-0.12556255
1.76619184	-0.68405522	0.09210970	0.72126782	1.90846460	-0.14853832
2.24180179	-0.56900953	-0.11513597	1.76222480	1.07792845	-0.11641935
2.37856009	-0.34872944	-0.16888578	0.43590976	0.01631763	-0.64117393
1.87188527	-0.13351740	-0.08563170	0.76790588	0.42245298	-0.19530213
1.92110638	0.02998835	-0.00997919	0.49222462	0.89658415	0.14553175
1.24726804	-0.08028591	-0.11513136	-0.63038554	-0.18398706	-0.50215862
0.58412337	0.02771196	-0.04278010	-1.92363707	0.23443777	-0.20622552
1.01140832	-0.34409607	0.00235181	-0.84283061	-0.75331522	-0.39785651
0.66594320	-0.65917063	-0.13749243	0.21041153	-1.33447800	0.15039337
0.84404712	-0.39154314	-0.11667529	1.18429417	-1.00972409	-0.12266522
0.78830459	-0.12384866	-0.05559426	0.08284306	-0.32347732	0.25452335
0.36079679	0.00388321	-0.11120987	0.09030186	-0.68920793	-0.21904872
0.91647824	0.19132666	-0.14584022	0.76011543	0.55045979	0.14345772
1.04407593	0.07610294	0.02958592	1.94074965	0.69255257	-0.11830896
0.57867242	0.23068398	-0.13510136	-0.17078073	0.59771021	-0.43306494
0.78469535	-0.02970203	0.14998470	1.29334312	-0.03191411	0.36810514
0.54335066	0.14618850	0.06725439	-0.04302021	-0.09798785	0.55494989
0.92304644	0.34361205	-0.28283936	-1.15371999	0.01987055	0.35507168
0.85540817	0.31532398	-0.29030353	-2.54182587	0.82463334	0.57867442
0.73498584	-0.03865846	-0.19752578	-0.66806156	0.59613844	-0.83573156
0.21878582	-0.86413635	-0.37792342	-1.26287413	1.30403811	-1.10251120
0.89168377	-0.88268473	-0.24486678	-0.90336474	1.05821248	-1.42838995
1.36112773	-0.58942260	-0.15101491	0.06953020	0.13119527	-0.38929293
2.16832908	-0.46048770	-0.06877895	-0.94743169	-0.29038840	-0.79053222
2.40787549	0.12411199	-0.08983250	-0.77270642	0.47596413	-0.47285423
1.75043258	-0.20961983	-0.40140302	-3.32805481	0.65867577	-0.42317390
2.05891479	-0.64634132	-0.27622516	-2.88343624	0.13402398	0.20475517
2.34788626	-0.15948517	-0.18926416	-2.85736303	0.27511132	0.03234629
2.01034324	-0.33063713	-0.41696486	-3.23774223	0.54221154	0.14317767
1.81187460	-0.58527078	-0.10345107	-3.06612316	0.76053083	0.92991288
0.66451794	-0.45480085	-0.12578116	-2.64783834	1.14781624	1.55719810
0.97795110	-0.33809446	0.02589942	-2.05654702	1.20992246	1.07214711
0.78219847	0.00947810	-0.13128899	-1.98024604	0.60514220	1.32192832
-0.18078939	0.02296118	-0.12855249	-2.61286489	0.90155345	1.53499943
0.79454412	0.25470891	-0.07663771	-5.36761554	0.56842291	1.30290452
0.37081966	0.03610636	-0.15170799	-3.66140950	1.44233900	0.84272675
0.86878734	-0.28891016	-0.06877250	-3.48506791	1.37938168	0.04338361
0.56937807	-0.06125751	-0.25981851	-2.40642672	1.33643555	0.19085266
0.71181144	-0.06674529	-0.09727817	-2.78888178	1.52512002	-0.52651032
-0.04074136	-0.24527418	-0.07273424	-3.24877038	0.98208441	-0.15474837
0.44733576	-0.42490195	0.08182638	-2.62154751	0.95825980	-0.31517235
0.26250781	0.14918734	-0.14645136	-2.27118130	0.47808224	-0.36080184
0.45070641	-0.15960487	0.07349329	-2.48481579	0.04296497	-0.48402532
0.64368333	-0.37051984	-0.00480370	-2.35169079	-0.43040961	0.00113542
0.85326856	-0.24516449	0.10359519	-0.41324147	-0.29297802	-0.81456615
0.92629703	-0.13633788	-0.06554760	-0.22170015	-0.63147951	0.02781358
0.76042762	-0.73639311	-0.49072469	-0.64518350	-0.53696520	0.65503559
1.28738598	-1.12657270	-0.93964208	-0.47404728	0.76206130	0.83086728
2.05164909	-1.08850576	-0.60759095	1.19925004	1.65971852	-0.21443634
1.65550895	-1.13896237	-0.26688344	0.60088617	1.13816601	-0.57798824
1.96294876	-0.82626525	0.23982223	2.22313908	-0.17117791	-0.44449377
1.68330699	-0.55458287	0.08357975	1.80687780	-0.45428356	-1.09206401
2.20309512	-0.53098638	-0.00267334	1.47192771	-0.77218468	0.02107993
2.29269901	0.05967814	-0.27482847	1.01207739	-0.01614135	0.02033680
1.87831052	-0.23254663	-0.12523433	1.54286155	-0.22688465	0.29520570
1.35165465	0.04302047	-0.21914953	-0.13873397	0.03019321	-0.32194209
1.02762630	0.25848744	-0.02016820	0.14126730	-0.33311129	-0.37631730
0.89922662	-0.28830677	0.15053608	0.64756476	-1.72929287	-0.85575892
0.26988729	-0.40824906	0.13415524	1.28047090	-1.36995152	0.38838354
0.35062026	-0.52228888	-0.21716633	1.02402414	-1.65967181	0.70107775
1.02459975	-0.40548178	-0.18153908	1.97240699	-0.29912377	0.82043536
1.10264950	-0.63994706	-0.42831842	2.42598302	-0.40627451	0.49284852
0.96758785	-0.36404190	-0.27217987	1.38582910	-0.10481326	0.87928882
0.98187607	-0.23150141	-0.12639773	2.05560453	0.51468731	-0.52779168
0.71230694	-0.04019133	0.06245981	1.62937202	0.56583587	-0.16284902
0.80710262	-0.20510381	0.01809870	1.21183833	1.31797131	-0.05193210
0.13033299	0.15599891	-0.00703796	1.14528058	0.11275719	-0.18341515
0.76411630	0.22214038	-0.04074011	0.56415202	-0.71218466	-0.02671561
0.58231756	0.23278030	-0.28688047	0.18114571	-0.56053390	-0.12327144
0.74253342	0.04116242	-0.15997463	-0.28403627	-0.05430378	0.38796836
0.66640940	-0.59469454	-0.56942506	0.09107959	0.59241810	0.22382373
0.72019692	-0.72599223	-0.07815273	-0.10065949	0.20754526	-0.36493576
1.32498905	-0.39229827	-0.11708098	1.21840470	-0.00293340	-0.62835763
1.45704369	-0.45450416	-0.14005841	2.27550300	-1.01225258	-1.68826008
2.05892132	-0.05971074	0.11151492	0.25032829	-0.12914613	-1.04885428
2.04808968	-0.12631583	0.02764205	-1.10289512	0.44686852	-0.02086100
2.00053905	-0.27475012	0.06468094	-0.91763160	0.39945503	0.33020506
2.07330287	-0.56668160	0.29833493	-1.50016938	0.17788468	-0.48454300
1.88188849	-0.59586621	0.38395532	0.57002897	-0.12796107	-0.80107698
1.17297499	-0.64706468	0.16314589	0.21098434	-0.13131080	-0.62346768
1.14055985	-0.07919343	-0.02142348	0.29759276	0.83049246	0.40725229
0.60388969	0.03519047	-0.00117051	0.04693418	0.61327422	0.73533433
0.37342728	0.21048837	0.10755068	-0.22499622	0.69913866	0.82413898
0.36780431	0.29243812	-0.18941798	-1.79560150	-0.26727302	0.41086498
0.19634741	-0.00763422	-0.34392776	-2.39832088	0.09957185	0.43529137
-0.05095013	-0.43630875	0.26588184	-1.20937109	0.02815308	0.07161825
0.69287864	-0.34200430	0.12469647	-0.80093330	0.31332155	-0.40041062
0.62063141	-0.19009301	-0.02973473	-1.08997326	0.58059573	-0.27099215
0.23942669	-0.23195787	0.10799859	-0.96134826	0.17389569	-0.05611736
0.72469193	-0.26659203	-0.05240553	-0.90222562	-0.32260675	-0.04830587
0.21880709	-0.49284705	-0.07858093	-1.24497022	-0.59646917	0.36016521
0.73928415	-0.17306094	0.12743233	-0.34943937	-1.42526419	0.19324763
0.62759032	-0.22628008	0.01281119	1.36758122	-0.85810713	0.19005177
1.25778817	-0.25826746	-0.04407690	-0.30023313	-0.30644541	-0.08507353
1.30541267	-0.26630533	-0.21686014	0.73063013	-0.38544000	0.22447096
1.32125806	-0.03492618	-0.23160405	0.31393781	-0.08326346	0.76823012
1.86127119	-0.52377690	-0.40166014	0.02809953	0.17668211	0.48851871
1.66923770	-0.69171001	-0.33212977	-0.06254267	0.94894387	0.28983119
1.75592348	-1.08757983	0.16827188	0.65940315	0.99768843	0.17924088
1.72531756	-0.69292570	0.20946459	2.13647860	0.29534668	0.03047938
2.00154157	-0.32518658	0.13060106	2.76077484	-1.17014558	-0.03845989
2.12478970	-0.35201616	-0.21809098	2.52910816	-0.98111678	0.05001631
2.21901196	0.09563420	-0.26086987	1.86903267	0.35783037	-0.04646699
1.65096344	0.16928568	-0.08362824	0.20566419	0.09770842	-0.04649352
0.85661762	-0.36741655	0.09027613	-0.51700673	-0.07982939	-0.61182249
0.95185612	-0.38443541	0.17676172	0.31310287	-0.66310190	0.20311303
0.93120777	-0.35027043	0.08489360	1.88162020	-1.70559426	0.31779364
0.62812472	-0.26551777	-0.05126805	2.23233489	-1.58119393	-0.27836659
