0.92548312	-0.51808488	-0.07168152	-0.20675928	-0.60452376	-0.18684188
1.03211515	-0.37471390	-0.12031409	-0.30475731	-0.42993118	-0.38065069
1.08023654	-0.50043910	-0.05959654	-0.19503781	-0.00113494	-0.05152440
1.32043197	-0.39033132	-0.19637396	-0.15077633	-0.42409694	-0.14220371
1.46141172	-0.40109145	-0.26777487	-0.30607543	-0.39778656	-0.41821563
1.44830831	-0.65264135	-0.54548956	-0.02146432	-0.24920414	-0.34023068
1.37058524	-0.63594826	-0.68829696	-0.14572794	0.53005487	0.01004999
1.09177563	-0.75253555	-0.39559031	-0.37992629	0.84830792	0.14483862
1.31097452	-0.73849594	-0.31823553	-0.73972214	0.51046392	0.03055199
1.29366046	-0.64213671	-0.17408036	-0.36125801	0.84768428	0.06492923
1.02707049	-0.78838890	-0.05032381	0.17391410	-0.03401223	-0.13557959
1.00882059	-0.60977734	-0.12824101	0.49438712	0.44587912	-0.25782099
1.24721986	-0.51661820	-0.02340712	-0.35945026	0.87864460	-0.21399728
1.33485921	-0.23658984	-0.13739150	-0.13580852	1.01809247	0.18182890
1.26732858	-0.19348658	-0.19627658	-0.16906748	0.54869298	0.31023561
1.06407154	-0.43712936	-0.08323805	-0.45553841	0.25657962	0.59450951
0.76169191	-0.49218689	-0.08225958	-0.23893358	0.62385579	0.69290199
0.38734869	-0.29698676	-0.08875669	-0.55992721	0.90329494	0.54650114
0.26946444	-0.50645194	0.00365767	0.11610345	0.48676204	0.36253780
0.36508787	-0.36103250	-0.06772611	0.73365333	0.62226921	0.29246697
0.50580203	-0.37827265	-0.00033856	0.71624525	0.52380948	-0.25441192
0.60264680	-0.17902645	-0.02962819	0.35214291	1.13693683	-0.03249734
0.78160298	-0.04733456	-0.12279729	0.15287411	0.73068698	0.10475363
0.67082313	-0.15990636	-0.08936336	-0.15400455	0.12616157	0.18091286
0.82163275	-0.16541803	0.21476024	0.00276586	-0.15926082	0.50041528
0.99008376	-0.28943894	0.08632340	-0.68933849	0.20033623	0.47153425
1.17534527	-0.64779110	0.05829819	-0.56120050	0.26914889	0.51079596
1.60025997	-0.80323149	0.08515349	-0.20841269	0.40206948	0.04749316
1.24803037	-0.62806024	0.15915945	0.07552112	0.18411539	0.15841734
1.45681621	-0.48403338	0.35613121	0.06991144	0.57010160	0.36955521
1.76290674	-0.49886520	0.14058612	0.30068096	0.24053894	0.40661365
1.34063900	-0.59405666	0.01554807	0.21028682	0.08897046	0.31690964
1.53439166	-0.72500308	0.01056134	0.00606324	-0.75192831	0.16884953
0.99259357	-0.88844737	0.05926727	0.35844719	-0.45989343	0.34033435
0.99386115	-0.83477679	-0.01817727	0.78768786	-0.26760485	0.26348188
0.79299775	-0.88597939	0.01714060	1.03022213	-0.64514363	-0.35569012
0.99820062	-0.67666216	-0.15454754	0.73504307	-1.32655859	-0.35082586
0.75854906	-0.53576888	-0.27692674	0.40746718	-1.38343260	-0.52536983
1.03527183	-0.67736618	-0.20054526	0.74778565	-0.41541235	-0.47381544
1.12942030	-0.52340690	-0.17266303	0.91027234	-0.10207454	-0.69253752
1.29807245	-0.18128218	-0.09645499	1.00142665	-0.73963947	-0.43318392
1.11771278	-0.41932287	0.00695339	1.01855395	-0.64864193	-0.88084264
0.80338231	-0.36200350	-0.07582614	1.23591686	-0.26870526	-0.87494093
0.84064652	-0.45387823	-0.14323275	1.64785031	-0.63919883	-0.81525085
0.67610378	-0.24385642	-0.01918428	1.15632243	-0.41170969	-0.86211258
0.55132147	-0.12835788	-0.10165465	0.95217103	-0.71511095	-0.57053040
0.65496166	-0.32401603	-0.09846379	0.52659492	-0.63977921	-0.43536346
0.51681164	-0.34255194	0.01081731	0.26838396	-0.59150538	-0.35306266
0.90021785	-0.17157037	-0.09354583	0.39878725	-0.54127877	-0.52345338
0.91499263	-0.55447289	-0.09511025	0.64341213	-0.58293053	-0.47845047
1.22018251	-0.23907544	-0.07775394	1.25489031	-0.87365088	-0.47128258
1.07407731	-0.52539151	-0.07395048	0.58902196	-0.54622647	-0.16548122
1.26867258	-0.42152351	-0.05108944	0.50233442	-0.28964829	-0.05264649
1.24593974	-0.43476855	-0.23926301	0.05180925	-0.58135877	-0.32793204
1.16443739	-0.25019200	-0.02866190	-0.16053072	-0.43100974	-0.16479105
1.17766008	-0.40465972	-0.26129874	0.00838229	-0.30588298	-0.24107011
1.51540406	-0.35241703	-0.00241341	-0.20645128	-0.97325910	-0.28408509
1.51434900	-0.54207181	-0.13780510	0.15614090	-0.33117306	-0.48997459
1.38486919	-0.43518102	-0.08532000	0.17769017	-0.33515236	-0.64182425
1.38772931	-0.35734293	0.04835068	-0.04722375	-0.07865240	-0.23127722
1.18657419	-0.50366898	-0.17649596	0.26762834	-0.09351759	-0.04428700
1.11968313	-0.70681684	-0.29055004	-0.21595575	0.13028140	0.10689976
1.32826884	-0.64256992	-0.24917510	-0.51604400	0.24184750	0.07764020
1.16274132	-0.57301108	-0.20353041	-0.65310527	1.04099742	-0.14506251
1.28417419	-0.56859005	0.06279106	-0.54628342	0.35934340	-0.97073507
1.46813627	-0.52200515	0.13561127	0.35212516	-0.56657048	-0.67874023
1.34458159	-0.49256323	0.09908374	0.78311395	-1.05780752	-0.33042910
1.35075698	-0.20682094	-0.15383292	0.52314017	0.05798561	0.21122825
1.59913329	-0.42731654	-0.32010772	0.34505218	0.50059345	0.59672942
1.29257847	-0.48725992	-0.25985530	0.32501800	0.80763703	1.09441718
0.78618336	-0.48131785	-0.11804824	0.72835871	-0.27634723	0.18010871
1.08005238	-0.46457729	0.01759965	0.79479766	0.65928601	0.23175416
0.87176966	-0.42899037	-0.03739137	0.78449062	0.37811071	0.03702392
0.76490002	-0.31662922	-0.05167397	0.89009853	0.07651978	0.16766142
0.63525519	-0.01020515	0.00794690	0.32460464	0.49764416	0.01629684
0.78490108	0.12668326	0.02677574	0.18430692	0.34205720	-0.09699229
0.48446403	-0.18713177	0.06421182	-0.02249920	0.59136440	0.33692188
0.60653412	-0.06999332	-0.04420306	-0.12099792	0.22577436	0.52405013
0.55136821	-0.12510723	0.28245396	-0.01544532	-0.00971867	0.45366030
0.50287252	-0.29791857	0.12526778	0.18647873	0.44284724	-0.00245613
0.66804150	-0.28891640	0.18325152	0.31982145	0.02811801	0.19982185
0.70878613	-0.12529500	0.03302862	0.35713142	0.04333378	0.08050600
0.95769552	-0.32837590	0.09465840	-0.20358195	0.24959920	-0.02082953
1.38269275	-0.23259389	0.22174012	0.50886227	-0.34461527	-0.02941122
1.43929307	-0.23410116	0.23050530	0.28805125	-0.52856353	0.28811234
1.52588503	-0.41723308	0.17813946	0.46086899	-1.03409851	0.46633139
1.79423733	-0.41085651	0.11744609	0.60138169	-0.12184768	0.72921416
1.56869262	-0.60174004	-0.16223235	0.41244959	-0.40841889	0.61159396
1.79315915	-0.98602515	0.04920757	0.90331710	-0.24053251	0.32878562
1.41628724	-0.89910982	0.07958393	1.61729006	-0.28415777	-0.05117322
1.34382487	-0.61370900	-0.10605218	0.94254584	-1.18413244	0.04397452
1.07206445	-0.50195521	-0.18282632	0.94772191	-1.23598714	-0.00314997
1.14182196	-0.44801154	-0.28000609	0.31480905	-0.53594214	0.10135419
0.99854207	-0.39784039	-0.24759427	0.46088722	-0.48166402	-0.58003122
1.26578358	-0.64207396	-0.18172870	0.25784890	-0.55549571	-0.34159966
1.01324804	-0.52022438	-0.16724583	0.86845031	-0.97838283	-0.53197484
0.83415985	-0.81827304	-0.19647461	0.93165760	-0.82693821	-0.63744178
0.74031189	-0.30897410	-0.14484647	0.96061645	-0.77897905	-0.68582503
0.68243099	-0.13609032	-0.09471453	1.04460210	-0.64572904	-0.71373028
0.57733401	-0.00033152	-0.07380647	1.01729339	-0.28897604	-0.49366538
0.65218827	-0.15499773	-0.29680863	0.61182390	-0.70068131	-0.39864886
0.66778321	-0.36521989	-0.26346651	0.06401181	-0.84465953	-0.48072156
0.72526401	-0.44602093	-0.09337312	0.40819440	-0.52271072	-0.49675879
1.00932331	-0.37832974	-0.13296966	0.98556254	-0.51090777	-0.91660176
0.94407137	-0.34406249	-0.11679938	0.74608473	-0.81187087	-0.65096226
0.95912169	-0.19947009	-0.05834777	1.07912975	-0.54220118	-0.56949247
1.12324647	-0.27897538	-0.13207636	1.12427881	-0.49646639	-0.11065953
0.98032433	-0.08586346	-0.38450028	1.08552395	-1.01948118	-0.26691239
1.21238279	-0.19402097	-0.23327293	0.77061079	-0.63681330	-0.26736846
1.29328004	-0.23243000	-0.26565037	0.22749448	-0.39552296	-0.58753304
1.66421404	-0.32363928	-0.27639751	-0.09397934	-0.14188067	-0.74277608
1.21851180	-0.37843984	-0.14911544	-0.02225215	0.25761324	-0.87097833
1.25258557	-0.36363469	-0.04606214	0.03529566	-0.02642158	-0.71310870
1.40657416	-0.24313008	-0.02838890	0.09116669	-0.65415193	-0.45859904
1.83966885	-0.39901185	-0.15683240	-0.10084105	-0.21546007	-0.07785782
1.65295388	-0.46429475	-0.24903070	0.52042181	-0.44328205	0.09713550
1.77255525	-0.51622464	-0.36716846	-0.09947227	0.64604368	-0.00052465
1.49138626	-0.50291295	-0.55479651	-0.23021125	1.14367903	-0.13531159
1.54171876	-0.75373921	-0.56285781	-0.46060203	0.87860375	-0.12253178
1.23255691	-1.00206996	-0.43541871	-0.14179346	1.22291307	-0.08618724
0.78880431	-0.95073484	-0.05291792	0.59549319	0.70350894	-0.20297384
1.08122315	-0.72151744	-0.15217865	1.20562348	0.21506221	-0.45293967
1.22778718	-0.33962299	-0.07363610	0.81015771	0.53975060	-0.14769215
1.55055125	0.03804570	-0.16833514	0.47712084	0.76086341	0.01308447
1.29926305	-0.09309482	-0.28341918	-0.76425791	0.37377898	0.16987449
1.16610311	-0.12978053	-0.14231214	-0.39457352	0.85016806	0.51433557
0.85052309	-0.20211563	-0.11296651	-0.49983379	0.71599670	0.58899436
0.38013923	-0.01854666	-0.02909495	0.33615420	0.87929359	0.39021985
