1.37602725	-0.50780685	-0.05226583	-0.26929132	0.02512679	0.05381426
1.11097533	-0.42501635	0.05752897	0.11915083	-0.50762006	0.29137292
1.39531843	-1.25811302	0.14597012	0.47315960	-0.30332036	0.25833674
1.20399727	-1.00029016	0.24606868	1.05722583	0.12529909	0.17501559
1.05411976	-1.01780115	0.00044078	0.50815938	-0.44804463	-0.23089733
0.96881027	-0.48889398	-0.02363036	0.26756007	-1.07929848	-0.49447689
1.02813544	-0.37563644	-0.10699210	-0.03157760	-0.36034455	-0.21671281
0.99542093	-0.47728564	-0.06157090	0.07034250	-0.35108619	-0.11495476
1.39137402	-0.45657805	-0.20728784	0.44694519	-0.77793959	-0.43241286
1.10575342	-0.46445166	-0.21204301	0.26229244	-0.72912153	0.39570124
0.96183888	-0.51915909	-0.12782551	0.80479606	-0.22838490	-0.28851070
0.98092358	-0.84104260	-0.09902963	0.87085054	-0.45676107	-0.49605634
0.98281492	-0.83722128	-0.11769227	0.77785536	0.02823908	-0.84955405
0.86890612	-0.53258595	0.01190836	1.39531248	-0.65704033	-0.53463766
0.85421384	-0.15487114	-0.04501770	0.90656919	-0.73402330	-0.70695059
0.74203685	-0.04696540	-0.08057487	0.99860024	-0.79073241	-0.49495514
0.70440759	-0.35454441	-0.25113217	0.57330661	-0.65614891	-0.59600157
0.67453999	-0.22707131	-0.03564398	0.74065756	-0.82873323	-0.43422050
0.89222599	-0.20016138	-0.10148428	0.98592925	-0.64661650	-0.40946672
1.03018875	-0.30296466	-0.11843495	0.59325791	-0.49553725	-0.19811668
1.18247314	-0.00093014	-0.27076307	1.00123897	-0.16300099	-0.36443727
0.94391498	0.02760197	-0.18762688	1.40573444	-0.01365001	0.18890578
0.81621024	-0.10441924	-0.06817798	0.96017283	-0.22146920	-0.14045502
0.96067347	-0.26958318	-0.07537727	0.61723142	-0.56850514	-0.01302708
1.08439679	-0.30493573	-0.17347522	0.07736490	-0.21849256	0.13881115
1.13459168	-0.34645185	-0.13850577	0.50796632	-0.43286340	-0.40240989
1.40988551	-0.38602404	0.11093009	0.44250413	0.34459445	-0.30192522
1.43788598	-0.17811519	0.14637287	0.78678566	-0.38674018	-0.38394464
1.44578632	-0.12827304	0.15094912	0.44967571	-0.64039741	-0.13632769
1.50412393	-0.40519072	-0.01989958	0.36175116	-0.85781079	0.04199098
1.83596191	-0.44699320	-0.17477841	0.27193253	-0.15056647	0.02363703
1.26610012	-0.56490685	-0.28965433	0.09769146	0.08863038	0.12205811
1.14736801	-0.63708964	-0.34384008	0.25950217	0.36318861	-0.23044541
0.95103254	-0.47633025	-0.23957244	-0.41348042	-0.24837032	-0.21549836
1.36975069	-0.78910860	-0.15600614	0.17292925	0.44408642	-0.16798318
0.90654354	-0.82981939	-0.20689500	1.29146698	0.14509025	0.10558277
1.34500086	-0.54265931	-0.12455677	0.24651162	-0.00136642	0.06584063
1.43057492	-0.22431308	-0.32943513	0.56778705	0.17290097	-0.07662879
1.55708118	-0.10760104	-0.32418404	-0.00089163	0.58827781	0.33876867
1.15484015	-0.25665238	-0.18021927	-0.57183313	0.71180731	0.22921774
0.94360515	-0.02393047	-0.12337826	-0.36862187	0.57883000	0.28565189
0.96014308	-0.28071271	-0.17169920	-0.10715321	0.69709473	0.07031061
0.45545178	-0.30665755	-0.10970245	-0.21340245	0.65419267	0.30238326
0.59366283	-0.54912647	0.05750089	0.01139437	1.09148681	0.12915478
0.67859535	-0.47811049	-0.02939665	0.07202285	0.91387710	0.16424269
0.60472637	-0.44681196	0.05097975	0.19562696	0.76917712	0.46606791
0.68754992	-0.21793512	0.14579836	-0.12220285	0.78167921	-0.05344572
0.89509793	-0.09765694	0.02876990	-0.20752750	0.81798398	0.05456240
1.03712479	-0.02441315	0.11776884	0.32423932	0.32994051	0.29000520
1.08362684	-0.29154124	0.00937347	-0.54230377	0.32784636	0.43776694
1.03762662	-0.10655603	0.06728880	-0.40488357	0.26557116	0.84232495
1.19176337	-0.57026393	0.07790033	-0.37176963	0.27014765	0.61954864
1.45582789	-0.41741143	0.09981565	0.09549003	0.45893585	0.70147817
1.20850930	-0.45097030	0.14466543	-0.20236571	0.31558384	0.87592402
1.35891163	-0.33276953	0.22778362	-0.73431646	0.37689022	0.18542260
1.08282720	-0.43356816	0.18960305	-0.62298233	-0.12904675	-0.30970961
1.37626625	-0.50911244	-0.12352214	-0.12222054	-0.24412311	0.59335265
1.03103711	-0.82518588	-0.19043680	-0.01566213	-0.23451950	0.64892813
1.16660086	-0.68565551	-0.18128259	-0.07712420	-0.49152140	0.37516136
1.18043673	-0.67272287	-0.13747210	0.25158861	-0.50241708	0.21872942
0.97345344	-0.66097639	-0.28909509	0.15293089	-1.20834614	-0.48068305
0.84477378	-0.73353500	-0.19983493	-0.31016291	-0.92557551	0.22539976
1.03204649	-0.49030213	-0.28380625	-0.18703296	-0.40097410	-0.14358729
1.19415300	-0.36630297	-0.40493411	-0.41144616	-0.15691140	-0.26486415
1.36660525	-0.53199361	-0.11108820	0.00108680	-0.80844220	-0.01574832
1.01530968	-0.30411064	-0.14364738	0.11551268	-0.78908978	-0.34961392
1.03791082	-0.15031497	-0.08929552	0.52707788	-0.48586843	-0.27717488
0.76682209	-0.42896239	-0.17914311	-0.08408335	-0.04739567	-0.60968640
0.64537282	-0.27636279	-0.09520016	0.43899062	-0.33561482	-0.74460217
0.79812106	-0.03701571	-0.21094758	0.01631891	0.02786272	-0.82168321
0.69121510	-0.41705334	-0.01254455	-0.56865677	0.24882854	-0.44282933
0.87026630	-0.33995507	-0.07121091	0.09764842	-0.21470211	-0.18621667
0.79647961	-0.38189713	0.08345013	-0.10341739	0.26403802	-0.23343391
0.75134102	-0.18523232	-0.11866841	0.34373487	0.19224008	-0.12214611
0.88997855	-0.23837194	-0.15802014	0.19494274	-0.20824193	-0.16014018
1.08377321	-0.39008558	-0.16586784	0.07375719	-0.47365663	-0.06339208
1.09309386	-0.18144648	-0.14867736	0.04170379	0.08543312	-0.14433317
1.35098085	-0.30699284	-0.14118945	-0.44966821	-0.58970256	-0.04910449
1.36439835	-0.29539322	-0.08921780	-0.18124488	-0.21280176	0.45319726
1.33146128	-0.42089809	-0.13461730	-0.68552618	-0.21602024	0.14752697
1.47219893	-0.33362420	-0.12770197	-0.59354123	-0.26841370	-0.02080193
1.54602016	-0.09505480	-0.12681820	-0.50281295	-0.05924591	0.16390130
1.63787051	-0.39019111	-0.11256464	-0.52127194	-0.46741816	0.18210527
1.31304086	-0.52058452	-0.43691004	-0.26203973	-0.15457680	0.29783931
1.24882835	-0.39499155	-0.36332631	-0.93270361	0.07371804	0.36667536
1.10394330	-0.27613584	-0.38266958	-1.17731927	0.90116210	0.39855497
1.36202879	-0.54298394	-0.27200610	-1.42393858	0.86123364	0.12325213
1.48061081	-0.45930866	-0.32389908	-1.12733483	0.87934018	0.07396290
1.20927661	-0.88370154	-0.09869132	-1.10151010	0.89452365	0.35391111
1.17913262	-0.64968738	-0.04404219	-0.20145333	0.65810873	0.34427886
1.21980064	-0.57958431	-0.04239489	0.33337211	0.70178541	0.42219794
1.25766908	-0.54616747	-0.05760502	-0.75025440	1.05622495	0.46850440
1.05088385	-0.38159044	0.06702805	-0.50626008	0.91223320	0.44881908
0.81834639	-0.20180513	-0.20443180	-0.50146281	0.59711641	0.41661068
0.66749530	-0.15380180	0.01713357	-1.13592077	0.53891577	0.34445493
0.50714017	-0.23378737	-0.06805990	0.01222775	0.37705099	0.08979267
0.46127661	-0.31945910	-0.12255137	-0.83921699	0.66488584	0.52941908
0.41359712	-0.41920509	-0.08161609	-0.97368251	1.07178441	0.25976164
0.40652889	0.04293868	-0.06143293	-0.26190671	1.04519749	0.40413847
0.74532092	-0.16494188	0.02554930	-0.54488488	0.84686382	0.53189845
0.74432273	-0.15459140	0.04738082	-1.42363414	0.60676581	0.43215077
1.15058391	-0.22558628	-0.10092444	-1.02459205	0.76464995	0.62495794
0.93959432	-0.62565207	0.08967369	-1.90946207	0.75446486	0.36902723
1.04806594	-0.66490124	0.17266341	-0.95564888	0.65835057	0.54001828
1.30904536	-0.69291437	0.23757965	-0.08205452	0.05429150	0.49458112
1.46761133	-0.97867253	0.25030852	-0.28880817	0.41797301	0.14678922
1.57191103	-0.82205552	0.21787650	-0.61815567	0.52521124	0.27004712
1.66945713	-0.72387492	0.24429022	0.52914679	0.57649350	0.37951257
1.42970316	-0.52584509	0.14553222	0.57296860	0.25276892	0.65640744
1.23707737	-0.47589397	0.16129875	0.73099156	0.92394383	0.31838935
1.30838813	-0.32015038	0.09612221	-0.21727282	0.10441233	0.38107488
1.14046292	-0.31802276	-0.23507552	-0.87094670	-0.35428799	0.40027740
1.12280817	-0.65564189	-0.23775809	-0.40521643	0.19711187	0.28865022
0.99242454	-0.68992029	-0.08523094	-0.30428871	-0.28793422	0.08946605
0.87868346	-0.87195216	0.09119007	-0.92781526	-0.65045831	0.10166153
1.05196783	-0.62861363	-0.09548422	-0.35807099	-0.18280012	-0.18977330
1.23867491	-0.45565651	-0.04239698	-0.38678187	-0.02726077	-0.62134160
1.06531923	-0.68832355	-0.15023428	0.01238128	-0.06189194	-0.54249978
1.08552394	-0.35581949	-0.05408729	-0.04132808	-0.20341410	-0.75902339
1.15186265	-0.23174095	-0.18930016	-0.84633983	-0.95851684	-0.52162088
1.00855098	0.10329602	-0.07027154	0.23049704	-0.81667122	-0.56953066
0.87224343	-0.14405983	-0.09519870	-0.59101934	-0.58314964	-0.68632175
0.49585891	-0.25265418	-0.03792748	-0.45257968	-0.25419610	-0.44101712
0.36286535	-0.17144611	-0.10948170	-0.62489718	0.27521442	-0.63641816
0.62678253	-0.40377691	-0.07474150	-0.25988970	0.54171827	-0.66873973
0.63269047	-0.16655843	-0.18568024	-0.46313961	0.30364698	-0.89568687
0.75878183	-0.25278997	-0.08772504	0.07404905	0.22406840	-0.23492454
0.88460440	-0.19783865	0.05312322	-0.50712855	0.25944418	-0.38263399
