2.03033751	-0.46348894	0.38628169	-1.75628382	0.93562985	0.62223887
2.01801495	-0.36483912	0.46217953	-1.98873322	0.50155765	0.25960219
1.62791482	-0.70020692	0.42449025	-1.13233669	0.00632023	0.02697202
1.46035894	-0.27738060	0.30820080	-0.35438749	0.27410754	0.13058923
1.43521488	-0.16733497	0.27019800	0.26778602	0.92210058	0.37686496
0.95371262	0.01780129	0.06751371	-0.99596269	0.56060505	0.08048378
0.71051322	-0.01802446	0.12093678	-0.37524720	0.81354955	0.09940490
0.63935461	-0.08724390	0.16152057	-0.65718303	0.09192798	0.66613792
0.75205843	0.10830005	0.19694780	-1.76308188	0.16501158	0.73643027
0.37779938	0.01949125	0.09810363	-1.31177377	0.15023719	0.77756590
0.34088176	-0.14990688	0.07719250	-1.34101132	0.68807643	0.25490329
0.27295150	0.21924463	0.18392233	-1.43651643	1.01333657	0.10127354
1.11766502	-0.23079396	0.07726920	-1.96857723	0.64650845	-0.41072636
0.66065381	0.29070530	0.17067613	-2.24039798	0.33864641	-1.06073721
0.45284139	-0.10117272	0.18497551	-2.28230448	0.11497399	-0.38359068
0.37364662	-0.46196523	0.26201195	-1.50646505	-0.87715663	-0.47164799
0.53917813	-0.40808808	0.09039559	-1.39081881	-0.56162867	-0.16178587
0.52384871	-0.33906904	0.03001589	0.17036581	-1.76555950	0.27939198
0.42578412	-0.60487004	-0.07326296	0.09710012	-1.97112408	0.60419112
0.82196617	-0.60260733	-0.18651464	0.51013748	-2.25983894	0.55199489
1.24590456	-0.60059047	-0.38013607	-0.81488751	-0.42557215	-0.11964186
1.98715235	-0.91547348	-0.53620773	0.15384536	0.77243129	-0.15201929
2.12887893	-0.73742157	-0.21358779	0.59224396	1.56510029	-0.91187471
2.01475342	-0.81576406	0.09902518	1.64125762	0.26937294	-0.31138925
2.03825756	-0.42919660	0.19285757	0.97212760	0.27915244	-0.17362733
2.23156519	-0.17680704	0.04004646	0.46602682	0.12762914	-0.37945883
2.22217320	-0.15877146	-0.08834623	0.23384100	-0.40995205	-0.01208379
1.96127469	0.30692009	-0.06135103	-1.42892247	0.53398200	-0.54452532
1.13327320	0.12724735	0.07646816	-0.08298772	-0.43676650	-0.07205839
0.52523638	0.06831386	-0.05661094	0.01602273	-1.10893302	0.04351324
0.50591444	-0.07515756	0.19155229	0.85247836	-2.22496406	0.68666376
0.85299279	-0.73220194	-0.09214668	0.20898850	-2.01737219	0.64237377
0.83628344	-0.30391157	-0.33972390	1.60579201	-0.80520903	0.33272606
1.07190924	0.04039962	-0.36367663	0.77122293	-0.37954496	0.05934897
1.35497407	-0.07671428	-0.15123297	1.42155659	1.46033302	0.10497358
0.54941306	-0.15272437	-0.14733937	1.21917537	0.88777681	-0.12479296
0.30829182	0.00466162	0.03849390	1.67626100	-0.20342071	-0.16337203
0.56103409	0.10793181	-0.05084544	1.15345607	0.41842645	-0.07519387
0.27106608	0.30105782	-0.25856282	-0.10083724	0.25918280	0.05864802
0.52081068	0.04900432	-0.19526681	-0.37723466	0.21165578	0.60612707
0.96836730	-0.00060301	-0.08772075	-1.00700512	-0.49026043	0.29752618
0.93572333	-0.26226722	-0.13514805	-1.22948437	0.66004059	0.57877826
1.19323228	-0.56703476	-0.25183533	-0.65154517	0.28293737	-0.07486505
1.17967074	-0.54655493	-0.05145288	-0.38582028	0.57842637	-0.75294836
1.27207156	-0.29752377	-0.07201099	0.45599725	-0.99259442	-0.67161280
1.50613488	0.00182106	-0.06179304	0.03750634	-0.58918247	-1.08878210
1.98681023	0.27355301	-0.00024181	-1.90142580	0.15833343	-0.51230114
2.15165133	-0.04892784	-0.14658938	-1.21017028	0.66659506	0.91667103
1.89697801	-0.52461986	0.17002759	-1.75510627	2.00858290	0.81548717
1.60031875	-0.19407058	0.23608388	-1.10266177	1.32842264	0.49057133
1.53596794	-0.16512790	0.31624041	-0.84001916	0.73464144	0.72873009
0.92667362	-0.41942534	0.22120599	-0.77250288	0.70968467	0.35442316
1.16815506	-0.13013410	0.09254778	-1.09569237	0.00645900	0.76884914
0.80821755	0.06835290	0.05356687	-1.25344040	0.60457689	0.44540849
0.22331536	-0.01134110	0.03139731	-1.01089591	0.80770173	0.60676759
0.59857423	-0.21009175	0.02374626	-1.24398773	0.41414074	0.45415020
0.50832063	-0.18105702	-0.19144263	-1.64254954	0.29424452	0.02538269
0.41332736	-0.40116773	0.07674495	-1.27761552	0.76951417	0.45283620
0.30745407	0.19000136	0.05272002	-1.33131820	0.94421062	-0.15342012
0.63417070	0.17427866	0.06748023	-1.24891999	0.54004812	-0.41836071
0.85859330	0.08563204	0.23751301	-1.35656643	0.31852438	-0.46284260
0.73835772	0.11875658	0.09135227	-2.21519609	-0.15884196	-0.20771844
0.78516677	-0.06386247	0.07470836	-2.83708645	0.26039953	0.16061147
0.64213712	-0.29855941	0.09346144	-2.38200986	-0.39846027	0.44300621
0.75698927	-0.47274658	-0.08620271	-0.59532328	0.20639149	0.63717417
1.13701969	-0.64356732	-0.25681890	-0.68216933	0.79328698	0.05261770
1.12934238	-0.69839035	-0.40222461	0.46575744	0.81883191	0.57980691
1.57077165	-0.77032632	-0.61460944	0.14355617	0.87924139	0.39088641
2.05826296	-0.89789944	-0.35184181	0.32832812	0.70140858	-0.47284169
1.89261178	-0.85516343	-0.34107245	1.25263883	-0.02268463	-0.35205358
1.63775801	-0.52942037	-0.00130240	1.86255995	-0.28921232	-0.57823450
1.73532262	-0.18635776	0.00715157	1.52573502	-0.76540751	0.15639928
1.88903705	-0.32442362	-0.20734772	1.91290535	-0.81031884	0.28085319
1.74971027	0.02568676	0.09017004	0.67639251	-0.18946014	0.30324380
1.53225930	0.42730907	-0.11580756	0.53559703	-0.87611538	-0.13115862
1.10798290	0.37368123	0.07495828	-0.18212491	0.48970181	0.05546219
0.79799351	0.16088487	0.08252284	-0.26117122	-1.34498575	0.06922462
0.65119078	-0.03897528	0.05444798	0.18732133	-1.47759292	0.53227973
0.45806360	-0.02283704	0.11887674	-0.25154057	-0.52452319	0.69781802
0.99465913	-0.22102949	-0.18736451	1.19221319	-0.66597870	1.03242441
1.03183616	-0.38545094	-0.17542223	0.49959975	-0.20672117	0.87377798
0.71874170	-0.08765948	-0.16911272	0.12728878	0.22180843	0.66076660
1.28238178	-0.23033079	-0.05196571	-0.00980905	0.39155650	0.45000269
1.05665902	-0.00071564	-0.08878349	0.13733066	0.74929945	0.38522036
0.75248334	-0.00211818	0.05664162	0.44889488	0.52683355	-0.05905778
0.45877515	0.26650096	0.06389161	0.67631655	1.03307649	0.19817291
0.57011974	0.23932372	-0.07088111	-0.95961345	0.29610995	-0.20450082
0.75017829	0.12020702	-0.12873559	-0.67763008	0.17244021	0.08981076
0.65758284	0.06011416	-0.14474039	-1.55715294	0.62603075	0.32856247
0.48659135	-0.09863228	-0.43928438	-1.42886576	0.73337313	0.40604590
1.28737345	-0.58806168	-0.18946695	-1.99336985	1.35541496	-0.04250681
0.99653933	-0.74716194	-0.25555327	-0.95889339	0.38145759	-0.66952220
0.83650734	-0.41652720	-0.08658095	0.02051535	0.62951174	-1.20406721
1.47330614	-0.13871692	0.13562448	-0.66877094	-0.55419100	-1.50234706
2.18175444	-0.46851470	0.04517999	-1.20999594	-0.42553477	-0.36756873
2.25821341	-0.17860944	0.05243153	-1.18657689	0.73450404	-0.13851490
2.05931010	0.09495181	0.00067721	-1.73180597	1.17135836	0.08661451
2.15065266	-0.13101629	0.07237463	-2.24076542	1.26391406	-0.43396090
1.96483665	-0.34871841	0.05632633	-2.95634813	1.14756571	-0.74136973
1.79710020	-0.53300164	-0.04153445	-1.91103676	1.19177592	-0.41233988
1.61759459	-0.19252852	0.12084626	-2.19709067	1.32835781	-0.18754232
0.95604781	0.13487819	0.16708889	-2.06115882	1.17242693	-0.05385694
0.79677366	-0.18089059	0.03674381	-2.15956713	0.86348830	0.91282899
0.70685798	-0.04442478	-0.07816886	-1.91675567	1.46816323	-0.14407356
-0.02620816	-0.00574659	0.01978058	-2.18992295	0.68842017	0.75257948
0.58974989	0.20383257	0.12219776	-2.31759797	1.66266418	0.62799932
0.45965581	0.19388498	-0.04942968	-2.17955896	0.68332797	0.60986011
0.21006082	0.13347973	-0.04747769	-2.53834659	0.39365080	0.75352075
0.57835863	-0.17258677	-0.19696362	-2.51729857	-0.45775169	0.70256630
0.48265862	-0.26755579	-0.11973556	-1.81632331	-0.23589842	1.11318795
1.09977071	-0.37826194	-0.02715554	-0.75103454	0.16677770	0.59357762
0.95301801	-0.30016505	-0.03057085	-1.51641600	0.32514715	-0.06802061
0.84690573	-0.39677072	0.11494352	-0.89286428	0.20924475	-0.43416764
1.50219861	-0.03498347	0.07049684	0.57136306	0.59570312	-0.41124234
1.12219447	-0.23599822	-0.01099919	-0.60606004	0.44615981	-0.56622634
1.31517054	-0.42263221	-0.18132086	-1.37812603	0.49358736	0.28809222
1.91224581	-0.60294589	-0.23979035	-1.65461319	1.81653453	0.71404742
2.04780044	-0.65385578	-0.31004886	-1.18326406	1.11139812	-0.19927743
1.80668487	-0.82631325	-0.01429084	-0.15906533	0.36549987	-0.63353073
1.53456507	-0.98618146	-0.04369038	0.43693579	0.04931488	-0.18674854
2.06697517	-0.87734385	0.05058735	0.69799687	-0.13344662	-0.07505656
1.70536199	-0.87542895	-0.01856784	1.51250918	-0.03013014	-0.73209444
1.71538083	-0.41092062	0.05541811	1.62451901	0.35263863	-1.10287968
0.98743493	0.11871201	0.42840994	0.34426658	-0.48543499	-1.39201580
0.96277041	0.10903522	0.28658493	-0.67636689	-1.40333077	-0.87917516
1.29354320	0.33293754	0.23457544	-1.05280636	-1.33471930	0.05505132
0.98007389	0.36986795	0.06676361	-0.77600405	-1.27152688	-0.07972396
1.08350136	0.01384083	0.03650359	-1.70363175	-0.48791349	0.71600733
