1.91457358	-0.04359171	-0.11845274	1.05307933	-0.75621925	0.24986238
1.22704498	-0.03740021	-0.12153353	1.67117198	-0.51764891	0.09442467
0.77807413	-0.19131632	-0.05165675	-0.13138614	-1.10886556	-0.32012301
0.67963206	-0.18430269	-0.00382560	1.71570259	-1.23333237	0.14469956
0.59451872	-0.51790355	0.01736367	1.75053144	-1.13658565	0.74009962
0.44750401	-0.46890870	-0.13014580	0.44875300	-0.96280183	0.59627074
0.58123788	-0.22208456	-0.10146114	1.87401425	-0.38643191	0.40642929
1.11546094	-0.24531073	-0.18794320	2.98506542	-0.46475137	0.14843345
1.03387436	-0.31927990	-0.22168218	1.47820119	-0.02343237	0.39186897
0.16582810	-0.20622007	-0.02746914	1.56063329	0.06810921	-0.24995638
0.25274508	-0.02283834	-0.04299604	2.14099624	0.01203450	-0.03542817
0.81817555	0.15150531	-0.10299014	2.11275159	-0.50455129	0.27853027
0.92595396	0.07770138	0.03347696	1.81136305	-0.03069122	-0.07257034
0.54697674	0.24209830	-0.19855899	2.99027281	0.03174578	0.09695987
0.46749600	-0.03449409	-0.18523512	0.15678022	-0.01604042	0.33903425
0.32607858	-0.30632689	-0.10872668	0.64628339	0.29939134	0.43813812
0.73321178	-0.39053803	-0.06146433	1.17992277	0.13025805	-0.39936166
1.22080720	-0.33010584	0.02726012	0.69706606	-0.73940925	-0.89547990
1.96038206	-0.19196792	0.01584484	0.78647243	-1.81419734	-1.04631920
2.19272527	-0.27046691	-0.25172501	0.63458633	-0.64050265	-0.05717540
2.18587698	-0.10765178	-0.33228105	0.18545129	0.66681097	0.16288425
2.38152305	-0.43628917	-0.05661871	-0.20138452	1.19825705	0.26084623
1.84539329	-0.75325565	0.15943052	-0.43365199	0.24175248	-0.18962617
1.61014198	-0.42846974	0.11852648	-1.15033749	-0.81365636	-0.09121593
1.80112439	-0.32669117	-0.06606366	0.89286338	0.00054523	0.48693772
1.58219046	-0.10181819	-0.14737339	-1.29526924	0.69973804	0.29966265
0.73402383	-0.12290235	-0.15315476	-2.18593423	0.43301769	0.39637551
1.00251379	-0.23307290	-0.22451178	0.30790674	1.21254634	0.48832982
0.46211109	-0.20026930	-0.18852264	-1.29525134	0.63350161	0.38396948
0.16994929	-0.10332379	0.08931432	-1.28200165	0.57992057	0.02725194
0.06689120	-0.11875177	-0.10315746	-0.25110623	0.41445163	0.49572528
0.28895538	-0.00959840	0.04539133	-0.64126332	1.00091549	-0.37120329
0.34329802	-0.30399610	0.06522713	-1.53852891	0.05266599	-0.01351464
0.88550403	-0.14654634	0.14423912	-0.11326446	-0.74373053	-0.44165986
0.55398203	-0.05927847	0.13592299	0.02932854	-0.42593308	-0.68327253
0.16490807	-0.34283537	-0.02027683	-0.19993307	0.44218864	-0.27298313
0.09026640	-0.37674046	-0.02222803	-1.39176448	-0.45935285	-0.04662604
0.32165268	-0.48899771	-0.06925957	0.56625331	-0.72705697	0.62784692
0.82233387	-0.38623332	0.05442461	-1.03681151	-0.90639240	0.59398510
1.28441804	-0.56099829	-0.08613014	2.40216472	-0.02615369	0.52520368
1.89678716	-0.29346257	-0.27197169	1.14376334	0.38715236	-0.06703278
1.75031538	-0.52229062	-0.19803137	1.70463740	1.24401490	0.17691354
1.91821035	-0.54778362	-0.05128254	0.10209945	0.12991421	0.20158559
1.87505366	-0.42386151	-0.18120084	1.45968700	-0.95512976	-0.18627914
1.71665323	-0.68684167	-0.06846735	1.33185748	-0.60993311	-0.19143900
2.00484791	-0.53688626	-0.14833955	1.69965282	0.23622211	0.45877340
1.52973565	-0.26846189	0.02443744	1.89988394	0.46858762	-0.40990510
1.43805011	-0.07541335	0.05772563	2.13938523	-0.33130584	-0.27120592
1.43047650	-0.10396678	-0.08162417	1.88001505	-1.18235980	-0.38835786
1.09618149	-0.18213488	-0.13247219	2.24409028	-1.45618723	-0.40836166
0.48821919	0.11807521	0.00541955	0.57979051	-1.02796823	0.15712507
0.86888204	-0.34173365	-0.09912634	2.29099596	-0.46567723	0.36034923
1.02884577	-0.46807357	-0.13991141	2.36219990	-0.75686118	-0.21582223
0.81239609	-0.33736775	0.00234389	2.15821985	-0.13243684	0.25625002
0.75249860	-0.20218969	-0.02407631	2.66220226	-0.15076041	0.32779272
0.82381190	0.14198743	-0.02940612	2.87088119	-0.09184302	-0.22827268
0.61029156	0.07216818	0.02894572	1.51151248	-0.18516828	-0.13451250
0.59397296	0.24391309	0.14979277	2.02652217	0.00036012	-0.16519554
0.25684679	0.16349166	0.06890976	2.16266895	-0.35093043	0.30592818
0.58810134	0.11130101	-0.31500997	1.97956195	0.21633015	0.55182608
0.58968881	0.12039768	-0.24915283	0.73308853	-0.06757901	0.94690016
1.00096602	-0.32672003	-0.23341609	1.14383792	0.27261543	-0.04856453
0.83799485	-0.51213956	-0.01138951	-0.63715784	-0.61301454	-0.37207910
0.83935930	-0.41290387	-0.11379865	-0.12688743	-0.08526100	-1.07280348
1.69824899	-0.46589163	-0.01021632	-0.12183347	-0.93575463	-1.17665095
2.02544283	-0.42760485	0.07002501	1.38728448	-0.09987789	-0.93360706
2.22400597	-0.26990516	0.02195194	1.18857211	-0.20892126	-0.59030565
1.92342111	0.23258665	-0.08118655	-0.24370510	0.20956181	-0.36812395
1.64384447	0.02153712	0.10875523	-0.85255525	0.84931369	-0.41482658
1.88114298	-0.32986808	0.05201028	-1.14780037	0.00998162	-0.15099239
1.47026515	-0.28542791	-0.07076571	-1.59951459	0.21129989	0.05247836
1.29515908	-0.06866420	0.04498787	1.00249081	0.63638882	0.06262912
1.47934716	-0.29766482	-0.02184436	-0.25317765	0.24533765	0.37323527
0.82244331	-0.22485690	0.01212873	-0.63606968	0.92273397	0.41685722
0.51969195	-0.10502728	-0.00101286	0.70228132	0.83681436	0.78388194
-0.09691118	0.22257802	-0.24383046	-0.88282539	0.64990854	0.65484137
-0.06624869	-0.10619897	-0.18157531	-1.43658026	0.53903247	0.46446251
0.54524605	-0.05011847	-0.18036044	-1.39018153	-0.18146636	0.67271388
0.53900429	-0.23833300	-0.19156889	-1.36655729	0.28149487	-0.05130760
0.18922137	-0.24734863	-0.03347316	0.07716863	0.30325523	-0.59217552
0.88733944	-0.18049366	0.02627104	0.45384522	0.30991965	-0.46568379
1.25276919	-0.10499560	-0.00672069	-0.28802832	-0.18561569	-0.53797681
0.17966909	-0.26721109	0.01494286	-1.05273094	0.08556480	0.33895055
0.68843257	-0.21671277	0.01737710	-0.76081734	0.01303997	0.37562986
0.65132121	-0.10446374	0.18416328	-0.64819258	0.51177759	0.39278124
1.12009312	-0.46897184	-0.11850952	-2.76528161	-0.40366790	0.66390736
1.08731435	-0.23159010	-0.15253158	-0.35658967	-0.21603816	0.31300298
2.09934927	-0.46713960	-0.25020478	-1.10880735	0.01409341	0.57635856
1.79445603	-0.69931960	-0.03113638	-0.11619722	0.45440566	0.40657801
2.06505481	-0.79820426	-0.08515459	2.22945743	-0.18163874	0.33153589
2.07516713	-0.76925992	-0.13363173	2.58011595	-0.21335371	0.22204355
2.08664800	-0.52820855	-0.13097296	0.54221809	0.18074793	0.05603369
2.40466546	-0.36904317	0.03692407	0.60836514	0.17808834	-0.73118736
1.52121745	0.07870104	-0.01953029	0.29352346	-0.34176862	-1.07798615
0.59434157	0.18425704	0.14727742	0.30093875	-0.68106380	-0.58036566
0.77701214	-0.17310279	-0.09828655	-0.31168954	-1.18578245	-0.78077598
0.50520293	0.05555987	-0.08838634	0.41278090	-1.58315407	-0.13966056
1.02196895	0.03069246	-0.05850818	-1.14204436	-0.72808133	-0.42644742
0.95387840	0.01067689	-0.06147066	0.14168155	-0.41311645	-0.12950653
0.56841603	-0.08320788	-0.08381222	1.11411416	-0.03026946	-0.10795785
0.10015623	0.03751833	0.04820774	0.29931780	-0.52793341	-0.02335717
0.67901593	-0.12996403	0.19934578	0.15712191	-0.39766893	0.40150678
0.12349489	-0.02686022	0.01896527	-1.03505731	0.42894587	0.51252067
0.11132488	0.06018068	-0.13744851	-0.58871741	0.37860742	0.90654329
0.67387952	0.03462912	-0.04673800	0.81911538	0.47852056	0.76457679
0.69826070	0.00905579	-0.23467572	0.35896102	0.20618143	0.24216466
0.89471676	0.02407430	-0.35661044	-0.58215585	0.39938907	0.05500761
0.81756362	-0.14028250	-0.31991765	-2.45758357	1.37218122	0.01477159
0.80081895	-0.43700757	-0.26369804	-1.02677562	0.47167584	-0.64379191
0.90874431	-0.34560132	-0.19189009	-0.27874617	0.53496200	-0.91689316
1.72002749	-0.50424985	-0.19500543	-0.52102843	-0.06513777	-0.64238261
2.57184224	-0.44619798	-0.27265760	-1.44787895	0.09683487	-0.42847445
2.36459831	-0.08849819	-0.18155579	-2.69303643	0.67915480	-0.57379084
2.23683459	-0.14432186	-0.17835987	-4.27185625	1.06097133	-0.40098450
2.29986325	-0.08334638	-0.20907784	-3.66686402	-0.03148024	-1.11069780
2.15390912	-0.29434206	-0.15823035	-2.74878303	0.29609694	-0.41567514
2.02119402	0.02604481	-0.21424449	-3.35603470	0.09689812	0.12513369
2.19508337	0.06615543	-0.20969512	-4.42488536	1.25572534	0.35513749
1.20343700	0.27550849	-0.33751663	-4.96896908	1.25662697	0.73420122
0.73618050	-0.08005183	-0.49377050	-3.90584685	1.73499562	1.09080004
0.27966692	0.05279680	-0.46089003	-5.09887285	1.35965864	1.06862126
0.38886346	0.00099845	-0.55985400	-4.79002460	1.53577294	0.63227702
0.52634847	-0.08379182	-0.57364512	-4.69800466	1.08581577	0.44142255
0.69087578	-0.26307511	-0.41017971	-4.61279326	1.02200281	1.08569417
0.42884458	-0.41499964	-0.34156445	-4.17711735	0.25787791	-0.03041180
0.46281116	-0.36549141	-0.54516262	-4.73132621	-0.41279806	0.19062317
0.62660437	-0.64817917	-0.42639669	-4.26002001	-0.13843444	0.81160132
1.31604511	-0.53715505	-0.47130319	-3.74432010	0.42212011	0.70753518
