0.49601415	0.68708770	0.71918477	-0.00274367	-0.00092457	0.00682545
0.49481120	0.68297480	0.71631323	0.00535315	-0.03224161	0.00475631
0.49962068	0.68272077	0.71815442	-0.00397300	-0.03798167	0.00860263
0.50024004	0.68401802	0.71476487	-0.00308212	-0.03619699	0.00827208
0.49779244	0.68320169	0.71799986	-0.00327926	-0.02679249	0.00778256
0.50038386	0.68258122	0.71769370	-0.00765652	-0.01543508	0.01397578
0.50151448	0.67693605	0.71745925	-0.00713959	-0.00519459	0.00531747
0.50627588	0.68286847	0.71355942	-0.00380825	-0.02115826	0.01276273
0.50914319	0.67845227	0.70292956	-0.00129151	-0.01158890	-0.00062515
0.50780343	0.67453503	0.71078419	0.00242048	0.00717494	-0.00294172
0.51224977	0.68247099	0.71669611	0.00347037	-0.04085183	0.00168189
0.50692543	0.68609858	0.72684524	0.00800611	-0.03985692	0.00432067
0.51066442	0.68561606	0.71333449	0.00438709	-0.02784778	0.00743932
0.51079723	0.68617715	0.71565365	0.00412207	-0.02357408	0.01650999
0.51290420	0.68710478	0.71786614	0.00693691	0.00862396	0.01589655
0.50839967	0.68625668	0.71326541	0.00128380	-0.02436557	0.01531236
0.50599013	0.68530384	0.70592882	0.00278257	-0.01175315	0.00484652
0.50492306	0.68976924	0.71146722	0.00217300	-0.02097519	0.00581745
0.50375821	0.68339424	0.70612322	0.00086959	-0.03483426	0.00231504
0.50643530	0.68271677	0.71211876	-0.00423060	-0.04122843	0.00070904
0.50888573	0.68160030	0.71626842	-0.00258686	-0.02584636	0.00234409
0.51332872	0.68056028	0.71745693	-0.00248292	-0.03631332	0.01330607
0.51400699	0.68257401	0.71393296	0.00480726	-0.02431118	0.00263789
0.51402713	0.67906031	0.71351941	0.00433632	-0.02602375	0.00612715
0.51286231	0.68507878	0.70824723	0.00095688	-0.02184107	0.00579396
0.50938418	0.68111090	0.71060679	-0.00227970	-0.01926634	0.00935863
0.51342806	0.68071390	0.69978767	-0.00306293	-0.02125701	0.00548723
0.51643007	0.67857281	0.70776101	-0.00110770	-0.00639242	0.00464193
0.51355325	0.68332049	0.71577205	0.00299025	-0.01501860	-0.00195052
0.51625209	0.68293784	0.71711765	0.00100202	-0.02661376	0.00025192
0.51058252	0.68147306	0.70840262	-0.00471611	-0.03582853	0.00944257
0.51871240	0.68367568	0.70831678	-0.00769173	-0.00189270	0.00607733
0.51074846	0.68359344	0.70771284	-0.00748352	-0.01819415	0.00840958
0.51824487	0.68482936	0.70339577	-0.00802620	-0.04115479	0.00272524
0.51557058	0.68585863	0.69947825	-0.00841012	-0.02380086	0.00405179
0.51884562	0.68971442	0.71008663	0.00076177	-0.03910288	0.00761705
0.51378298	0.68648571	0.71245667	0.00245220	-0.02612485	0.00319102
0.51615068	0.68655674	0.71040008	0.00469437	-0.00508813	0.00633750
0.51973035	0.67717809	0.71429465	0.00275246	-0.00532638	0.00943409
0.52325547	0.67918447	0.70646168	0.00346008	-0.02564702	0.00276976
0.52453595	0.68115007	0.71375296	0.00474372	-0.02714453	-0.00448139
0.51447850	0.68102574	0.71056824	0.00899087	-0.00933889	0.00441163
0.52090780	0.68141563	0.70063683	0.00631328	-0.00981203	-0.00184939
0.51710318	0.67931736	0.70312046	0.00304925	-0.01308518	-0.00194435
0.51623036	0.67557958	0.70384812	0.00135745	-0.01015302	0.01096560
0.52037412	0.67904073	0.69964660	-0.00450819	-0.01551954	0.00365144
0.51874529	0.68186108	0.70736664	-0.00455952	-0.01883762	0.00897534
0.51763150	0.67926875	0.70899300	-0.00292781	-0.00224891	0.00009007
0.52390982	0.68290638	0.70720142	0.00061805	0.01493895	0.00512692
0.51234609	0.68246367	0.70237544	0.00175510	0.02202595	-0.00332349
0.51800203	0.67702541	0.70260106	0.00617681	0.02706174	-0.00201205
0.52595515	0.67737276	0.70543692	-0.00391738	0.04142673	-0.01116619
0.51863069	0.68169588	0.71368396	-0.00572100	0.04619014	-0.00632554
0.51847191	0.67949233	0.71541833	-0.00457685	0.04112896	-0.01303650
0.51950756	0.67884156	0.70637107	0.00020230	0.07859091	-0.01253934
0.51709677	0.67648142	0.70205271	-0.00125704	0.05867572	-0.00214444
0.51258467	0.67754050	0.71118692	0.00935857	0.04925790	-0.01203669
0.51397364	0.68379002	0.71222484	0.00804502	0.05022046	-0.01673359
0.51319855	0.68791837	0.71036877	0.01109834	0.04499454	-0.00663309
0.51443079	0.69262713	0.70662930	0.00875978	0.03454147	0.00307214
0.50832035	0.68736405	0.70511239	-0.00089508	0.03157516	-0.00532676
0.51039971	0.68325441	0.71257773	0.01189994	0.03702614	0.00432208
0.51070865	0.68493340	0.71399503	0.00048788	0.01659955	-0.00242255
0.51143217	0.68329829	0.71391215	-0.00766943	0.04831017	-0.00469844
0.51058352	0.68094895	0.71922855	-0.01010563	0.02882659	-0.01313274
0.52114617	0.68156904	0.71940624	-0.01061394	0.02231055	-0.00415529
0.51281619	0.68392286	0.72332913	-0.00938150	0.03140059	-0.00315596
0.51239683	0.68138750	0.71698843	-0.00533919	0.01616637	-0.00829668
0.51053132	0.67957329	0.71310003	-0.00832691	0.01767601	-0.00553410
0.51396465	0.67729307	0.71146832	0.00704633	0.01617117	-0.00746926
0.50855627	0.67919948	0.71844747	-0.00156080	0.03911007	-0.00945426
0.50461426	0.67826743	0.70748380	-0.00313928	0.02878818	-0.00683333
0.50221539	0.68618256	0.69735458	-0.00617501	0.02987935	-0.01580258
0.50741657	0.68285333	0.69875519	-0.00738671	0.00269621	-0.01581727
0.50753491	0.68420181	0.69800965	-0.00429938	0.01523602	-0.00715783
0.50151643	0.68314505	0.69425484	0.00115027	0.00562217	-0.00729583
0.50588922	0.68625145	0.70443658	-0.00188184	0.00981641	0.00074754
0.50449288	0.68667461	0.71142472	-0.00469315	0.00457222	-0.00706728
0.50515156	0.68276412	0.71482208	0.00273397	-0.01899587	-0.01097796
0.50801604	0.67989827	0.71426046	0.00882423	-0.01451211	0.00184566
0.51128024	0.67946071	0.71467008	0.00247733	-0.00785429	-0.01182396
0.50329274	0.68270410	0.71602502	0.00180355	-0.01594939	-0.00274217
0.50865045	0.68601526	0.71540011	-0.00170905	0.00794442	-0.00054416
0.51467441	0.68478718	0.71024109	-0.00465946	0.01070467	-0.01016425
0.50851856	0.68460278	0.72116504	-0.00380326	-0.01466632	0.00066278
0.50556238	0.68103299	0.71573251	-0.00333475	-0.00467587	-0.00382017
0.50561090	0.67946893	0.71493705	0.00298539	0.00060194	-0.01123803
0.51104033	0.68350399	0.71644957	0.00195467	-0.01358831	-0.00551296
0.51034561	0.68008158	0.71083479	-0.00388054	-0.00028573	-0.00740644
0.51057631	0.68111489	0.70807204	-0.01231878	0.00821221	-0.00910525
0.50340770	0.68027657	0.71278160	-0.01100190	-0.01574688	-0.01070914
0.50424933	0.68522531	0.70629423	-0.00813004	-0.00136135	-0.00048554
0.50888067	0.68686222	0.71732371	-0.00933471	0.00925712	-0.00525830
0.50624641	0.68494110	0.71635931	-0.00172057	-0.02050614	-0.00637101
0.50877904	0.68358845	0.70852833	-0.00131406	-0.01639487	-0.00718375
0.50384304	0.68510240	0.70666095	0.00292415	-0.02731884	-0.00585993
0.50895731	0.68143024	0.71540055	0.00513467	-0.01521756	0.00173088
0.50616880	0.68570288	0.71787213	0.00122740	-0.03121866	0.00571751
0.50406882	0.68911737	0.70984574	-0.00642812	-0.00548126	0.01555674
0.50223313	0.68180808	0.70998850	-0.01217540	-0.00057639	-0.00126286
0.50349260	0.67706150	0.70687524	-0.00494945	0.01596432	-0.00608761
0.50896399	0.68035463	0.70858817	0.00024208	0.00015641	-0.00815864
0.51298151	0.68201858	0.70962191	0.01049804	0.03496901	-0.01069714
0.51707108	0.68141201	0.70924531	0.01249470	-0.00104659	-0.00239695
0.50845819	0.68439852	0.70559375	0.00947634	0.00301270	0.00091366
0.50542497	0.68187791	0.70713959	0.00563287	0.00324501	0.00499321
0.50434958	0.68512032	0.70513139	0.00157988	0.02064789	-0.00449177
0.50624414	0.68306423	0.70324161	0.00398540	0.02067830	-0.00015636
0.50632171	0.68621323	0.71262777	0.00986623	0.02826324	-0.01004089
0.50308787	0.68722671	0.70975812	0.01171745	0.02788734	-0.00358229
0.50286526	0.68418910	0.70057719	0.00250712	0.03414136	0.00241113
0.50285822	0.68917175	0.70505342	0.00075707	0.02703063	-0.00053953
0.50776709	0.68914396	0.71096353	0.00223592	0.06016679	0.00234702
0.50424527	0.68917717	0.71667573	-0.00364683	0.04779664	-0.00219664
0.49876252	0.68874936	0.71056621	-0.00119854	0.01761930	0.00691788
0.49679138	0.69334419	0.70461595	0.00329663	0.01266631	0.01314062
0.49980627	0.69348169	0.71636849	0.00182173	-0.00188342	0.01438471
0.49931060	0.69116091	0.71717323	0.00260475	-0.02242686	0.02009572
0.50471179	0.68696388	0.71040661	-0.00233427	-0.02292984	0.02467365
0.50426132	0.68508009	0.71183269	-0.00410037	-0.00581333	0.01218399
0.49884483	0.68078719	0.70983275	-0.00892514	-0.02774688	0.01513764
0.50759982	0.68229544	0.70480008	-0.00636592	-0.02134490	0.01076718
0.50612867	0.68321032	0.70979209	-0.01130908	-0.01890780	0.01493090
0.50691823	0.67703153	0.71864623	-0.01149347	-0.00651780	0.01413019
0.50943534	0.67699245	0.70285720	-0.00388972	-0.01407981	0.01333522
0.51494045	0.67935200	0.70387863	-0.00223482	-0.04751494	0.00580878
0.50417738	0.68162259	0.70427173	-0.00482868	-0.04026486	-0.00247051
0.50291260	0.68716773	0.70621751	-0.00552436	-0.03553164	0.00748322
