1.08276702	0.25598360	0.18276766	-0.03278251	-0.00977837	-0.01736850
1.08391044	0.26032986	0.20102613	0.00774387	-0.03218857	-0.01637669
1.06871184	0.26786147	0.19051691	-0.02437773	0.02946687	-0.00095448
1.06497560	0.27039396	0.18305905	-0.10321460	-0.01427676	-0.02866570
1.06733641	0.26492366	0.20890231	-0.04678320	0.01329441	-0.02309108
1.06706966	0.24378115	0.20890835	-0.03559009	0.02719191	-0.03572907
1.06927091	0.27188073	0.20475610	-0.03821135	0.01606220	-0.03909170
1.08051279	0.25546612	0.21754742	-0.02769476	-0.00646719	-0.02588861
1.07679985	0.26873444	0.21208816	-0.01053782	-0.00186998	-0.00064086
1.07666295	0.25316655	0.19961110	0.00049081	-0.00685256	-0.03762693
1.07981242	0.26428786	0.21273532	-0.01397525	-0.00496649	-0.01921556
1.07282184	0.25995932	0.20761674	0.01939749	0.02889939	-0.02611155
1.07159610	0.26174958	0.22070626	-0.04001928	-0.01209095	-0.01634849
1.06926491	0.27335653	0.20601466	-0.00911890	0.09692326	-0.01496717
1.06953383	0.26512691	0.22439953	-0.00746045	0.07462741	-0.01110865
1.08134359	0.27023554	0.20845785	0.02553516	0.06531089	-0.04499204
1.07701380	0.26632969	0.22911984	-0.04523699	0.04864599	-0.00215722
1.06774549	0.27699822	0.22834839	-0.04431156	0.05859874	-0.02319871
1.06626102	0.28616218	0.20829935	0.00404131	0.03122046	-0.00692841
1.06241088	0.27074178	0.20257796	-0.04711622	-0.00554685	-0.02974008
1.06779671	0.25790720	0.22097148	-0.04681292	0.01437670	0.00155580
1.06876959	0.24631539	0.21091782	-0.03435106	0.02159204	-0.01393947
1.07030800	0.27855911	0.22411907	0.03712980	0.05329218	-0.01280735
1.06931256	0.26102237	0.21204970	-0.03365554	0.02004928	-0.00283960
1.06940124	0.28754038	0.24169125	-0.00613248	0.00145875	0.01526040
1.07132378	0.26561372	0.20378375	-0.01259414	-0.02346301	0.00730198
1.06937236	0.29298878	0.21581012	0.00307790	0.01362918	0.00319244
1.06398163	0.27054105	0.20890395	0.02332079	0.00494924	0.02507658
1.06791848	0.25855172	0.22726689	0.01200413	-0.03810766	0.01672683
1.05920117	0.26999207	0.24809183	0.04203254	0.00663793	0.01494463
1.07124103	0.27316884	0.24243157	0.01635822	0.01851198	0.00933905
1.07661368	0.28628516	0.21767710	0.00786903	-0.00176761	0.01976670
1.07375819	0.24804727	0.23280205	0.01866661	0.00047617	0.02883283
1.07410541	0.28528859	0.23346381	0.00351664	0.02005877	0.01979218
1.06632736	0.26058830	0.21536433	-0.02134932	-0.07292483	0.02572053
1.07432105	0.26033259	0.20218414	0.01426366	-0.05346864	0.01364829
1.07001715	0.27265907	0.20949269	0.03134935	-0.01760979	-0.02079514
1.07687010	0.24779510	0.22966898	0.00898547	-0.00954753	0.00279544
1.06793374	0.28662993	0.24248436	0.02035743	0.01909639	-0.00982699
1.06673073	0.26318660	0.22534947	0.00371820	-0.03553503	-0.00079487
1.07420777	0.24015413	0.21714508	-0.02657931	-0.05028170	0.01145676
1.07636554	0.25795171	0.21773618	0.00747790	-0.05106645	0.00708449
1.07193031	0.24109316	0.20694529	-0.02873363	-0.01131366	0.04262375
1.06589649	0.26370085	0.21353241	0.02806282	-0.01443946	0.02173848
1.06830207	0.27379627	0.23259970	-0.01351422	-0.10571219	-0.00900994
1.07205843	0.26512145	0.23219715	-0.01557260	-0.04364996	0.00255156
1.08238609	0.25980558	0.20694257	-0.00865864	-0.01750170	0.02700260
1.07074878	0.26036338	0.21005403	0.00377019	-0.05493662	0.01884490
1.07486129	0.26574646	0.21559276	-0.02989453	-0.02091302	-0.01203038
1.06895201	0.26255094	0.21117312	-0.01858533	0.02825922	0.01614257
1.06941504	0.26200677	0.22713766	-0.00869023	-0.04683017	-0.00906364
1.06993961	0.25091530	0.22621072	-0.00203092	-0.01213374	-0.00422469
1.08252737	0.26099010	0.21127505	0.02868383	-0.03161115	-0.01113836
1.07312064	0.24680067	0.19697142	0.02359207	-0.07070499	-0.00426750
1.07121304	0.26440461	0.21369844	0.04072151	-0.02380001	0.00790319
1.07309593	0.26393673	0.22441030	0.03144816	-0.04257269	-0.00890188
1.06925669	0.26523045	0.21536240	-0.01822896	0.05313040	0.02049879
1.07460608	0.27876014	0.19027256	-0.02357757	-0.05665039	-0.01411602
1.06922811	0.27070553	0.22901635	-0.02287554	0.02330029	0.01588687
1.06884576	0.28172450	0.21325306	0.00199158	0.00193312	-0.00219771
1.05822557	0.26236454	0.21414246	-0.02092831	-0.02742263	0.00737131
1.07064093	0.25811096	0.21363006	0.00094047	-0.00830883	0.01007623
1.07027343	0.26995371	0.23721827	-0.01133974	-0.00708922	0.00125572
1.06655540	0.26663715	0.19685997	0.01616367	-0.02527090	0.00288263
1.06562123	0.22840846	0.21962157	-0.02257173	-0.00782073	0.02929235
1.06399636	0.23451682	0.20846818	-0.04726172	0.01498281	0.00260921
1.06777218	0.22932951	0.20818385	-0.08896144	0.02402778	-0.00970717
1.08418501	0.21334465	0.22266698	-0.07423811	0.14529845	-0.02414621
1.07488980	0.21735300	0.20981732	-0.06289883	0.20578115	-0.01841839
1.06486007	0.23152839	0.22925466	-0.00015509	0.28382443	-0.02433000
1.08321559	0.25607719	0.26261953	0.01313734	0.24265525	-0.00417220
1.08009282	0.30918068	0.24442785	0.05757407	0.27023000	0.01877311
1.07392397	0.31498730	0.24251648	0.09358867	0.19724534	0.03660089
1.05605334	0.33170971	0.23725531	0.04563231	0.07819614	0.02581343
1.03961080	0.30975159	0.21328554	0.07854526	-0.01170034	-0.00563965
1.04842337	0.31349633	0.22223541	-0.02785880	0.11046431	-0.00275505
1.05023014	0.33286386	0.21437995	-0.09289940	0.14468653	0.01795973
1.02996605	0.30080396	0.17961904	-0.07637840	0.11961072	0.03980527
1.03867434	0.29840858	0.21578403	-0.10597825	0.02174155	0.08392426
1.04442149	0.26102444	0.26200386	-0.06394778	-0.07959802	0.07235218
1.06180069	0.26307502	0.25836961	-0.09317751	0.03284429	0.05037752
1.07066424	0.26813243	0.28202370	-0.08484250	0.06966025	0.08174494
1.08018039	0.26168138	0.25118955	-0.09871093	0.06860017	0.06936974
1.08889553	0.20222098	0.28169473	-0.07086724	0.11055094	0.04215076
1.07051452	0.20577748	0.28207215	-0.05908004	0.12178882	0.02373939
1.04683477	0.20338908	0.28910289	-0.04785390	0.06394462	-0.00429516
1.03762181	0.19473119	0.30236695	0.01061697	0.06789310	-0.01398240
1.03275230	0.22837786	0.29276884	0.04960338	-0.02980006	-0.02527098
1.05578989	0.26837280	0.28310733	0.07574302	-0.08964536	-0.00146944
1.06045189	0.23569993	0.28321240	0.08278544	-0.03679018	-0.00513451
1.06201977	0.24781746	0.28517053	0.05017239	-0.00293820	-0.04230315
1.06073992	0.25057876	0.28961158	0.04826231	-0.04148026	0.00971606
1.06638056	0.22942649	0.30244436	0.06141281	0.01886690	-0.02547090
1.05768802	0.25811155	0.24011121	0.03093786	-0.02510513	-0.01654256
1.05616987	0.26047872	0.27794263	0.02125470	-0.00879322	-0.02238204
1.06276835	0.29640510	0.23652625	0.07724757	-0.01548711	-0.02968048
1.05886431	0.27414686	0.25188684	0.04828254	0.00604982	-0.02481867
1.06732278	0.26257486	0.21874857	-0.01066258	0.07591928	-0.02820595
1.06169761	0.28350199	0.19769941	-0.06483344	0.07958200	-0.02574580
1.06478973	0.30206451	0.25203593	-0.05455572	0.04658535	-0.04449396
1.07215194	0.27427056	0.26789448	-0.05820639	0.04227295	-0.05351899
1.07372994	0.28266902	0.25954281	-0.08624001	0.11029954	-0.07880174
1.05980854	0.25589067	0.26862390	-0.10776653	0.05989405	-0.07869339
1.05229707	0.25669817	0.30001373	-0.10992003	0.01579606	-0.04863400
1.05230880	0.28227689	0.32333513	-0.08125868	0.03383744	-0.04843494
1.03736895	0.25821860	0.31363933	-0.07177317	-0.02388271	-0.00631353
1.04243692	0.25337597	0.33047692	-0.04654298	-0.00223534	-0.01278293
1.05649077	0.25507222	0.29393961	-0.00202708	0.09846552	0.00972128
1.05542764	0.26675058	0.28477105	-0.03531482	0.08640224	0.00480734
1.05054717	0.25769520	0.29170223	-0.03992222	0.02237135	0.01440670
1.05632746	0.28466628	0.26853781	0.02697034	0.09400040	0.02946011
1.05699810	0.27619967	0.29546887	0.01021858	0.01369892	0.00623659
1.04462747	0.24999607	0.32162481	0.03754460	0.01242253	0.02163035
1.04473112	0.27240822	0.29089498	0.03212551	-0.02167921	-0.00980750
1.04742029	0.26030040	0.28386439	0.01574695	0.05355699	0.00049549
1.04828861	0.25217957	0.28322109	0.04948745	-0.06570492	-0.02688700
1.04752457	0.28357104	0.28961353	-0.02415355	-0.00471888	-0.01337649
1.04488960	0.28116911	0.29751787	-0.00402741	0.04094722	0.00209345
1.04563557	0.25381827	0.29970410	-0.00568954	-0.01507687	0.00463387
1.05452131	0.25853813	0.27871113	-0.01053515	-0.03514030	0.01581336
1.04539166	0.24532909	0.28384017	0.02726306	0.01631351	0.02158087
1.06019212	0.25120940	0.29553264	-0.02462786	0.08221293	-0.02139308
1.05579358	0.26884722	0.28161937	-0.02318845	0.01559598	-0.04751102
1.04204020	0.27386064	0.29471706	0.03644590	0.10435474	-0.00681477
1.04390249	0.26150447	0.31693807	-0.05411691	0.05549858	-0.01860031
1.03743355	0.27150480	0.30039565	-0.00340538	0.07679942	0.00051592
1.03609875	0.27409960	0.31473035	0.00237826	0.01133288	-0.03562557
1.05120099	0.28185664	0.29706900	-0.00595796	0.04173295	-0.03096257
