1.06556302	0.26368050	0.24774444	0.00165884	0.00911020	0.00779487
1.06626988	0.26721883	0.24946809	0.00249062	0.00221962	0.00306808
1.06495373	0.26283243	0.24910890	0.00287599	0.00310244	0.00142979
1.06286782	0.26277560	0.24867226	-0.00069090	0.00455321	0.00145669
1.06130462	0.26610737	0.25247922	-0.00079388	0.00578541	0.00494098
1.06001550	0.26370175	0.24936185	-0.00002693	0.00231187	0.00171339
1.06173530	0.26309549	0.24007623	0.00505046	0.00018531	0.00581140
1.06143661	0.26333246	0.23945888	-0.00606314	-0.00865428	-0.00551444
1.06446649	0.25859393	0.23797133	-0.00182511	0.00223933	-0.00279933
1.06506306	0.26177161	0.23840529	-0.00206227	-0.00422786	-0.01159588
1.06777817	0.26149759	0.24758891	-0.00983204	0.01264973	-0.00761788
1.06317657	0.26472878	0.24588710	0.00011487	0.01191669	0.00233881
1.06123561	0.26530610	0.24683555	-0.00343851	0.00717154	0.00586372
1.06400069	0.26157963	0.24369540	-0.00351678	-0.00005711	0.00063409
1.06301749	0.26325003	0.24763435	-0.00103267	0.00789674	-0.00478147
1.05987254	0.26273802	0.24419570	-0.00511559	0.00489145	0.00060706
1.06386367	0.26192967	0.24302503	-0.00277170	0.01715477	0.00514261
1.06301062	0.26726359	0.24602500	-0.00609527	0.01160041	-0.00066944
1.05909709	0.26872503	0.24850815	-0.00264527	0.01503157	-0.00278277
1.05868657	0.26682032	0.24462071	0.00108771	0.01142571	0.00442048
1.06046383	0.26387729	0.24042946	-0.00400547	0.00803929	0.00575538
1.06212644	0.26383170	0.23928430	-0.00263154	0.00890504	0.00424306
1.06158279	0.26674008	0.24153689	-0.00526587	0.00614011	0.00053650
1.06644637	0.27039291	0.24928328	0.00115666	0.01000390	-0.00104521
1.06711683	0.26430883	0.25404049	0.00252838	-0.00428955	-0.00095550
1.06464557	0.25811825	0.24893523	-0.00329513	-0.00414462	0.00770892
1.06156180	0.25871114	0.25390272	0.00020331	0.01395986	0.00376047
1.06148318	0.27003906	0.24797090	0.00042635	0.01018549	0.00400461
1.06116246	0.26619326	0.24612521	-0.00331033	0.00418462	0.00555919
1.06435580	0.26795024	0.25093466	0.00000693	-0.00182533	0.00558843
1.05937625	0.26813295	0.25182935	0.00650692	0.00282838	0.00585602
1.05824404	0.26694343	0.24912901	0.00564465	0.00852917	0.00640422
1.06024529	0.25994107	0.25476794	0.00054610	0.00470894	0.00007796
1.06120950	0.26251252	0.24223487	0.00432080	0.00616516	0.00486952
1.06101440	0.25741507	0.23473696	-0.00345876	0.00444139	0.00088938
1.06289762	0.26425861	0.23955255	-0.00150117	0.01428416	-0.00219786
1.06433269	0.26330301	0.25087362	0.00097017	0.01437985	0.00049371
1.06327906	0.26492201	0.23937573	0.00007807	0.00693083	0.00061696
1.06825990	0.26481403	0.24485722	0.00318766	0.00533725	0.00265972
1.06541141	0.26407753	0.24688659	-0.00047672	0.01233903	0.00113390
1.06305685	0.26675338	0.24372013	0.00096896	0.00098744	0.00417670
1.06460511	0.26280311	0.24990393	-0.00131987	0.00943938	0.00578739
1.06364470	0.26093027	0.25067618	0.00141582	0.01035708	0.00372685
1.06119779	0.26230461	0.25269768	-0.00106478	-0.00120489	0.00123451
1.06053308	0.25939533	0.24588970	-0.00079310	-0.00224763	0.00646211
1.06367986	0.26246126	0.25159111	-0.00131217	0.00079226	0.00414449
1.06473189	0.26130299	0.26021406	-0.00043686	-0.00734274	0.00265308
1.06610489	0.26590539	0.25901740	0.00254915	0.00259596	0.00346435
1.06232693	0.26619066	0.24504450	0.00078545	-0.00675554	0.00381508
1.06151611	0.26822484	0.25437259	0.00307660	-0.00752357	0.00198562
1.06728782	0.26706285	0.24960158	0.00223568	-0.00648706	0.00368568
1.06921575	0.25975245	0.25554011	-0.00063787	-0.00231064	-0.00396650
1.06793624	0.26288494	0.24914903	-0.00259172	-0.00151910	-0.00320038
1.06810543	0.26702703	0.25851609	-0.00157910	0.00844987	0.00263540
1.06722422	0.25999808	0.26105606	0.00263021	0.00293567	0.00250333
1.05979799	0.25835559	0.25293545	0.01117169	-0.00837889	0.01057518
1.06176976	0.26115375	0.24317757	0.00631614	-0.02548506	0.00301847
1.06512301	0.26630885	0.24928827	0.00176961	-0.01444556	0.01234126
1.06334593	0.26816205	0.24341647	-0.00159914	0.00993039	0.01003203
1.06294268	0.25944832	0.24940034	0.00424523	0.00239870	0.00387142
1.06139391	0.25262843	0.24347133	0.00577996	-0.00651901	0.00456096
1.05520269	0.24850174	0.24037925	0.00952890	-0.00023435	-0.00207320
1.05994013	0.25816207	0.24816124	0.00642706	-0.00768389	0.00603161
1.06895472	0.27175778	0.24751338	0.00237094	-0.00180339	0.00385442
1.07306297	0.26499395	0.25193601	-0.00292518	-0.00539757	0.00278656
1.07142895	0.26491426	0.24690080	0.00356954	-0.00770362	0.00373241
1.06906743	0.26726637	0.24712518	0.00653299	-0.01813344	0.00116045
1.06305650	0.26639704	0.24878955	0.00734760	-0.00602042	0.00195172
1.06135888	0.26356410	0.24845552	0.00959525	-0.00569205	0.00680501
1.06493426	0.26391257	0.25077793	0.01066613	-0.00840720	0.00444950
1.06223919	0.26750250	0.24656675	0.00671267	-0.00664506	0.00965460
1.06320717	0.26890119	0.25127779	0.00525466	-0.01138843	0.00738281
1.06265361	0.26737340	0.25308080	0.00916752	-0.00939630	0.01102818
1.06037770	0.27255649	0.24818582	0.00340051	-0.01960098	0.00304986
1.06449601	0.26515258	0.24315127	0.00214220	-0.01847227	0.00719886
1.06552364	0.26338395	0.24694280	0.00412708	-0.01021568	0.00697632
1.06776090	0.26394192	0.23772828	0.00458313	-0.01142769	0.00660004
1.06793553	0.26043902	0.24228373	0.00695937	-0.01075846	0.01030611
1.06730070	0.25730096	0.24260365	0.00699266	-0.00422524	0.00838173
1.06608826	0.25905140	0.24279477	0.00849829	-0.00645416	0.00577047
1.06309154	0.26030159	0.23394115	0.00704768	-0.00831524	0.00708538
1.06169687	0.26008785	0.23852306	0.00778991	-0.01127735	0.00319543
1.06493424	0.25718003	0.24608126	0.01608859	-0.00908018	0.01212800
1.06635502	0.25783591	0.24763467	0.01448434	-0.01390618	0.00866395
1.06168910	0.25907381	0.24765048	0.00852728	-0.01467293	0.00731443
1.06389840	0.26470628	0.23912289	0.00872568	-0.01735933	0.00911977
1.06341581	0.26287035	0.23850527	0.01363811	-0.02213759	0.00762664
1.06716645	0.26489468	0.24383587	0.00892142	-0.02569810	0.01082412
1.06598227	0.26804489	0.23957639	0.01344397	-0.01138392	0.01556997
1.06363160	0.26533053	0.23897413	0.00975776	-0.01921694	0.01197077
1.06323817	0.25991486	0.23647975	0.01275231	-0.01207995	0.01142945
1.06910412	0.25703423	0.23738017	0.01155482	-0.00973549	0.00342374
1.06427454	0.26160889	0.23774749	0.01813502	-0.02477871	-0.00053357
1.06389037	0.25505711	0.23723014	0.00977494	-0.02973223	0.00653772
1.06297069	0.26020450	0.23330024	0.00601418	-0.00900737	0.00977654
1.06211450	0.25907756	0.22038617	0.00610978	-0.01942716	-0.00011725
1.06203363	0.25800147	0.23600838	0.00550261	-0.01020876	-0.00598498
1.06792120	0.25938328	0.23521876	0.00601860	-0.00645659	-0.01112926
1.06833318	0.26374791	0.24015594	0.00919990	-0.01170584	0.00068848
1.06998197	0.25434720	0.24599811	0.00240749	-0.00583497	0.00178027
1.06976119	0.25177260	0.24641047	0.00651534	-0.01692062	0.00364082
1.06172242	0.25305981	0.24329670	0.00574746	-0.02001303	0.00402195
1.06679298	0.25690240	0.23813683	0.00439595	-0.02047929	0.01082309
1.06781354	0.25526440	0.23225700	0.00173996	0.00783945	0.00626060
1.06362072	0.25219849	0.22911489	0.00402259	0.02290480	-0.00146248
1.06159559	0.25882501	0.23552157	0.00412420	0.00588308	-0.00024709
1.05968526	0.25842573	0.22827128	-0.00498876	0.01080106	-0.00171844
1.06601814	0.25661263	0.22643391	-0.01147726	0.02472395	-0.00431512
1.07211616	0.25584110	0.22902373	-0.01066649	0.01858459	-0.00541744
1.07849569	0.25496596	0.23370604	-0.01160781	0.02845869	-0.01314093
1.07018638	0.25632441	0.23699541	-0.01474112	0.02916618	-0.00205352
1.06541641	0.25447115	0.24181885	-0.00631508	0.02258352	-0.00459250
1.06682784	0.25919995	0.23936169	-0.01533060	0.01683826	-0.00278841
1.06636060	0.25890100	0.23820548	-0.00665067	0.02546574	0.00243978
1.06459736	0.26000265	0.23868826	-0.00276642	0.03100376	0.00029672
1.06413087	0.25940282	0.24286270	-0.00799572	0.02365811	0.00159348
1.06448614	0.26134099	0.24122968	-0.01102302	0.01927789	-0.00269921
1.06370624	0.25992787	0.24375020	-0.00593296	0.01027402	0.00121875
1.06867536	0.26022442	0.24331619	-0.00342774	0.00627059	-0.00456891
1.06686070	0.25978793	0.24951860	-0.00551191	0.02189221	-0.00370716
1.06876553	0.26226850	0.24428697	-0.00995544	0.02159233	-0.00784204
1.06994077	0.26005286	0.24494931	-0.00445482	0.01980251	-0.00746772
1.07263097	0.25724283	0.24320075	-0.00906974	0.01653485	-0.00626863
1.07105926	0.26227253	0.24814370	-0.00822144	0.01364451	-0.00733545
1.06675076	0.26261440	0.24486720	-0.00959113	0.00606777	-0.00953457
1.06889025	0.26037156	0.24207117	-0.01586326	0.02367487	-0.01048419
1.06464415	0.26033596	0.24369152	-0.00375233	0.01616009	-0.00658742
1.06700384	0.26595134	0.24440185	-0.01414098	0.01643238	-0.00427485
