1.07039063	0.25706124	0.23442184	-0.03943171	0.20190545	0.01434209
1.06612915	0.25656662	0.21522850	0.01865923	-0.06022665	0.00126738
1.07543060	0.27052741	0.23194765	-0.03647191	-0.08932304	-0.01562622
1.06432698	0.26835638	0.24286874	0.00892674	0.05329453	-0.04685642
1.06347877	0.26118803	0.21738250	0.04899023	-0.07873447	-0.01013849
1.06456188	0.27746687	0.23982103	-0.04844379	0.10330406	0.01545295
1.05176585	0.28164977	0.20924904	0.07777840	-0.18859191	-0.01334647
1.05003622	0.26328447	0.23890442	-0.01772115	0.10019906	-0.00843868
1.05690642	0.25258844	0.24383882	0.07202369	0.04340015	-0.02243564
1.06523330	0.27419460	0.25704202	0.02690404	0.07094880	-0.01118533
1.07131830	0.25544270	0.25463033	-0.02758292	0.17826619	-0.00075309
1.06667287	0.24693513	0.25584366	0.00033557	0.01076545	0.00907386
1.06238326	0.28140223	0.24959621	-0.02610644	-0.05098135	0.02785986
1.07008486	0.27796299	0.25280677	0.05493692	0.04329827	0.00065792
1.07108628	0.24436146	0.21644702	0.06465187	0.10567432	-0.01859548
1.05433248	0.27683501	0.19475888	0.04029945	0.06172998	-0.01003717
1.05119585	0.24983818	0.22901555	-0.01689471	0.10466236	0.04007619
1.07008458	0.27197093	0.22900118	-0.01468563	0.07306785	0.02859923
1.07755067	0.25649471	0.22794008	0.02779912	0.03146379	0.02154607
1.06463643	0.27247862	0.23317211	-0.01401950	0.16768690	-0.01555238
1.06636415	0.27227743	0.22493315	0.01582544	0.05065861	0.06569833
1.07369678	0.27460201	0.24750373	-0.01705177	0.08475325	-0.03553071
1.05332891	0.25891530	0.23202504	0.03138155	-0.04091076	-0.02637275
1.05788023	0.27011661	0.24678117	0.02062855	-0.05026582	-0.04189164
1.06217366	0.26748473	0.22576374	-0.01062826	0.13002574	-0.00397153
1.06113713	0.29016079	0.22456939	0.03374403	0.15971082	0.00861028
1.06386639	0.26455180	0.25153909	0.03531789	-0.00790076	-0.01735853
1.06390530	0.25377269	0.23182634	-0.01249640	-0.10959205	-0.05303673
1.06699623	0.25129501	0.23292682	0.03542005	0.00154023	-0.04030762
1.06708194	0.25420949	0.22684727	-0.00585434	-0.14997033	-0.00280144
1.06758282	0.25212370	0.22449452	-0.00596181	-0.08897651	-0.01523812
1.07158302	0.26205046	0.24966260	-0.06154717	0.00847279	-0.00915906
1.06556383	0.27525430	0.23673920	-0.02064567	0.02282853	0.00900860
1.05756864	0.24837365	0.24477982	0.02618716	0.14933851	-0.00157821
1.06394410	0.27646688	0.27348316	0.00360675	0.10641623	0.02564317
1.06468699	0.26917369	0.22400164	-0.04764434	0.09674535	-0.01361971
1.05909452	0.25783897	0.23738078	-0.00747274	-0.13300547	-0.07723554
1.06253372	0.26472958	0.23694103	0.05526151	-0.20020984	0.01076359
1.05374097	0.27695344	0.20235374	-0.01375955	0.02486140	-0.00659101
1.07265351	0.25242056	0.24189928	-0.08798125	0.04207288	0.02062250
1.06937361	0.27010756	0.23297554	-0.04826811	0.05186087	-0.02460291
1.06391605	0.27220492	0.26286536	-0.02987468	-0.08226313	0.01286171
1.06200582	0.26818927	0.24791172	0.00445943	0.02488597	0.02968671
1.06001977	0.28933746	0.23829359	-0.02020932	0.04277941	-0.04769397
1.06774787	0.23379373	0.23388459	0.06936922	0.05559772	-0.01355820
1.05617084	0.25898695	0.25376515	-0.08256570	-0.11263707	-0.01855773
1.06795069	0.25754129	0.24158311	0.05632547	-0.10553551	0.00516099
1.06199816	0.27532105	0.25114802	0.00330451	-0.05552280	-0.02948959
1.06264293	0.26755059	0.24193396	0.01236205	-0.14480910	-0.00799533
1.06446709	0.26764444	0.25391546	-0.00952751	-0.03883873	0.03449817
1.05645361	0.26233124	0.24042469	-0.07838243	0.01018269	0.03407202
1.05781719	0.28143778	0.20815994	0.04266349	-0.18540827	-0.00386778
1.06090343	0.27789651	0.27913034	0.03323805	-0.04062016	0.00996568
1.05654542	0.27591919	0.24418767	0.01044791	0.07172928	0.03775167
1.07455260	0.26894364	0.25944972	-0.01656505	-0.07237915	-0.04041437
1.06862404	0.27369881	0.26536716	-0.01917028	-0.14603202	0.04726432
1.05205671	0.24595677	0.28535927	0.01392468	0.04930849	0.04240047
1.06537843	0.25756527	0.24511260	0.03030926	0.02290741	0.00999407
1.05600291	0.24994245	0.24143454	-0.02993927	-0.09807380	0.01816449
1.06524799	0.25503523	0.23593257	-0.05891972	0.04301038	0.04638425
1.06616785	0.26426388	0.22207681	0.00655415	0.04959608	-0.03000499
1.06047930	0.28179056	0.24662662	0.05527462	-0.01427598	0.00111822
1.04940573	0.26515322	0.24680986	0.02817563	-0.00934271	0.00105590
1.06143147	0.25509817	0.20639101	0.03719141	-0.03189806	0.04655463
1.06137793	0.27340595	0.22901908	0.01837718	-0.02459362	0.00237467
1.05088758	0.26091497	0.24722034	-0.01858081	-0.02322858	0.04098498
1.05840109	0.28349831	0.20665309	-0.03646791	0.00018021	0.05803681
1.07594195	0.28139619	0.23433662	0.07428861	-0.11077338	-0.01945443
1.05346030	0.25112888	0.25248543	0.02922977	-0.03307942	0.03515021
1.06898693	0.27883881	0.25172643	-0.02301815	0.14771054	0.03735310
1.07023197	0.26516400	0.24867990	-0.03443274	-0.00866851	0.02433649
1.06796289	0.28716702	0.24123207	0.05147489	-0.08398422	0.03540128
1.06695058	0.27427923	0.20939406	0.06326201	-0.01580639	0.00971416
1.05020278	0.27181829	0.23817619	0.01206712	-0.09509386	-0.00597296
1.06746134	0.26817423	0.23406641	-0.00210537	-0.04297177	0.03282850
1.05260589	0.25807854	0.23013944	0.00176723	-0.15281456	-0.03036694
1.06262507	0.26048191	0.25735280	-0.05321722	-0.03347355	0.01416349
1.06360612	0.26988008	0.24198821	0.07004034	-0.01486161	0.01230817
1.07150497	0.26369037	0.23980493	-0.02296963	-0.07343963	0.02048061
1.06601505	0.26007989	0.25289574	-0.03545445	0.07437245	0.00979320
1.06158195	0.27816754	0.23659019	-0.02382449	-0.01225428	0.00180094
1.06554643	0.26489257	0.22124398	0.03198947	0.02628542	-0.01430827
1.08361123	0.26574431	0.22201897	0.01079124	0.00512158	0.03369821
1.07654006	0.25631046	0.21917555	0.01213585	0.01044719	0.01754703
1.06741980	0.27485664	0.23972521	0.03111851	0.01304581	-0.02395973
1.05944630	0.25029553	0.21489720	-0.00218153	-0.03535113	-0.02058076
1.05715965	0.25786868	0.24714446	-0.00767954	-0.00872566	0.00278463
1.06226658	0.27660422	0.22737945	0.01008812	-0.09596803	0.05244977
1.06363973	0.27259142	0.23273645	0.09893951	-0.03995057	0.01546048
1.05714147	0.30256097	0.20928069	0.06064032	-0.12088557	-0.00927341
1.05981361	0.27004335	0.21622170	-0.01741928	-0.12334206	0.04722810
1.07220628	0.26057564	0.23116072	0.06059753	-0.15892801	0.00073039
1.07890967	0.27016990	0.22383216	0.02311011	-0.12118021	0.03055873
1.06931981	0.24214876	0.21121785	-0.04546660	0.08022823	0.03829381
1.06708500	0.28605770	0.22053096	0.05073161	-0.00875383	0.02950946
1.06671981	0.25141248	0.20131838	0.01432309	0.14090522	0.04666047
1.06669648	0.24692900	0.23747791	0.06981151	0.04690603	0.03394944
1.07269158	0.27938554	0.22552838	-0.01961056	-0.07626276	0.03131713
1.07222764	0.29364240	0.23337186	-0.00296660	0.02461243	-0.01843458
1.07680081	0.28023417	0.26590535	-0.02532409	0.05809487	-0.03291250
1.07803419	0.25531250	0.23357284	0.03953382	0.06084433	-0.07506676
1.08573457	0.27354761	0.23965678	-0.01647345	-0.02898546	-0.08369783
1.06927530	0.25327610	0.23049509	0.00082677	0.03921767	-0.07314581
1.07884398	0.23210781	0.23897260	0.03792634	-0.16913858	-0.09382520
1.06444499	0.22905091	0.19498617	0.03212239	-0.14812726	-0.11253114
1.06959146	0.27545803	0.20220264	0.08370544	-0.35393547	-0.08193919
1.06263357	0.27077099	0.20330992	0.14315456	-0.19449089	-0.12420846
1.06248983	0.28089125	0.21174664	0.09327588	-0.37085204	-0.12741667
1.07387232	0.25741125	0.14871961	0.13514710	-0.36019466	-0.13123358
1.07585689	0.27342200	0.18080276	0.11899625	-0.38335072	-0.16833535
1.09336368	0.27842158	0.13412805	0.12622133	-0.27671302	-0.19818739
1.10576380	0.27291794	0.16973664	0.24192016	-0.45921875	-0.12644002
1.08488096	0.26228131	0.13772471	0.15604105	0.03420052	-0.10542690
1.06766244	0.27531024	0.11952726	0.14186810	-0.16318532	-0.14440026
1.06771712	0.26303990	0.12784177	0.19427447	-0.07745151	-0.18350698
1.07062566	0.29779284	0.09655823	0.14078561	0.17055120	-0.14889664
1.08470221	0.28852239	0.11906081	0.02216557	0.11361909	-0.19928544
1.09792540	0.29572627	0.12547012	0.02721941	0.08697719	-0.22994191
1.12123557	0.31150708	0.07739514	-0.08190122	0.27383008	-0.21805365
1.11385876	0.32947460	0.11099889	-0.11128232	0.21089965	-0.23772721
1.08342089	0.30146434	0.07857387	-0.09921821	0.14933320	-0.20014791
1.06964458	0.31524934	0.12464837	-0.15634190	0.20009739	-0.25290866
1.06471156	0.31976765	0.11528020	-0.12965706	0.37832201	-0.24402366
1.06723294	0.29945474	0.13876418	-0.11743596	0.35529854	-0.27422240
1.06854208	0.32058411	0.10307114	-0.19784403	0.66032219	-0.24215244
1.07360794	0.33489436	0.11724773	-0.19192555	0.45028131	-0.23066630
1.08861462	0.34430970	0.14922909	-0.17681686	0.59711983	-0.20256920
1.07555231	0.35334771	0.15416587	-0.24875227	0.68427925	-0.20985232
