-0.34706516	0.77455287	0.73948083	0.01460103	-0.02224253	0.01570585
-0.34717830	0.77965079	0.73224273	0.02155696	-0.02860256	0.02440688
-0.34589471	0.77673001	0.72844817	0.01233457	-0.06745073	0.00943438
-0.35433690	0.77591977	0.73277404	0.01211237	-0.10190130	-0.00023180
-0.34813436	0.77332242	0.73161464	0.01104814	-0.06802968	0.00893393
-0.34751643	0.77712243	0.73496456	0.00560202	-0.04873600	0.01638969
-0.34786044	0.78074868	0.74436784	-0.00009668	-0.04729963	0.00916900
-0.34971984	0.77992355	0.74929620	0.01682981	-0.03736976	0.01283872
-0.34449390	0.78135177	0.74536837	-0.00181658	-0.05272040	0.01323961
-0.35167386	0.78092354	0.74530783	0.00650438	-0.03831319	0.02408748
-0.34946439	0.78466177	0.74634063	0.00466723	-0.01660521	0.02410600
-0.34479357	0.78631905	0.73563454	0.00112814	-0.06151098	0.01665888
-0.33003775	0.78132100	0.74174976	0.00397639	-0.02719088	0.01494858
-0.33402442	0.77571309	0.75182102	-0.00162966	-0.05482786	0.01506068
-0.33708351	0.76792288	0.74601848	0.01888288	-0.03544713	0.02028222
-0.34390615	0.77371514	0.75082260	0.01604138	-0.01594392	0.00661167
-0.33801706	0.78523978	0.74619123	0.00995785	-0.02229206	0.01884529
-0.34227280	0.78241588	0.75221522	0.02577859	-0.02471835	0.02043710
-0.33625335	0.78644345	0.75314977	0.02582662	-0.02916891	0.01570261
-0.33170021	0.79067699	0.74645734	0.00708563	-0.00941134	0.01838021
-0.33394770	0.77729498	0.74246762	0.01560862	-0.01221602	0.00700417
-0.33639175	0.77355501	0.74393630	0.00633871	-0.00680318	-0.00497181
-0.33318214	0.78387794	0.74066118	0.00202314	0.00044973	-0.00774066
-0.33868540	0.77906747	0.74317057	0.00277198	0.00676813	-0.00095068
-0.32954854	0.78564160	0.74600847	0.00066448	0.01982451	-0.00633443
-0.33734130	0.78413937	0.74056186	-0.00172666	0.01643484	-0.00453198
-0.33961205	0.78300830	0.74789785	-0.00470111	0.04444032	-0.00494603
-0.33500368	0.78292020	0.74478114	-0.00316755	0.01967056	-0.00893934
-0.32812639	0.78406276	0.74459400	0.00663818	0.02863203	-0.00549658
-0.33377677	0.78480472	0.74862504	-0.00490191	-0.00788974	-0.01273813
-0.33616902	0.78222868	0.74582824	-0.00074686	-0.00841079	-0.00033171
-0.34047466	0.78596385	0.74779406	0.01402056	-0.00385355	0.01701174
-0.33496560	0.78739929	0.75671302	0.00282637	-0.00930669	0.00467613
-0.33479285	0.78545608	0.74999594	-0.00231775	0.00661438	0.00967334
-0.33722607	0.78171566	0.75225474	0.00103513	0.02611949	0.00216831
-0.33359318	0.77736875	0.74652295	-0.01065057	0.03769453	-0.00769734
-0.33821361	0.78042888	0.74659498	-0.01020267	0.00765734	-0.00294693
-0.33132973	0.77643659	0.74984698	0.00206452	0.01201364	-0.00674976
-0.32966298	0.78281548	0.74257886	-0.00447523	0.00110952	-0.00503132
-0.33785704	0.78689005	0.74547838	-0.01654356	0.04276259	-0.01404746
-0.33751316	0.78776127	0.75146709	-0.00642198	0.03420896	-0.01808054
-0.34009415	0.79389066	0.75537777	-0.00787339	0.01943997	-0.00735070
-0.34315852	0.78139457	0.75733853	-0.01316905	0.06058968	-0.00025668
-0.33584062	0.78468941	0.74945890	-0.00726283	0.01976267	0.00067917
-0.33950310	0.78149170	0.74351959	-0.00455889	0.03206640	-0.01294010
-0.34048376	0.78267248	0.74568448	-0.00606354	0.00841666	-0.00774269
-0.33777116	0.78021962	0.74622878	-0.00707783	0.01147401	-0.00777863
-0.34840031	0.78386823	0.74980950	0.00022291	0.01889382	-0.00025840
-0.34287618	0.78929835	0.75079781	-0.00454317	0.03525163	-0.01131076
-0.34900035	0.78113486	0.74995523	-0.01228436	0.03126858	-0.00617678
-0.33972381	0.77998119	0.74488659	-0.00982345	0.04069050	0.00261848
-0.33905918	0.77916457	0.73998494	0.00130113	0.00612013	-0.00613729
-0.33711828	0.77580273	0.74046117	0.01151047	0.06764702	-0.01403315
-0.34476453	0.77717333	0.74280866	0.00896825	0.01024553	-0.01202291
-0.35241337	0.78242385	0.73511203	-0.00371243	-0.01721496	-0.00089430
-0.34856161	0.78132951	0.73929538	-0.00746713	-0.00843505	-0.00914650
-0.34503934	0.78429315	0.74511283	-0.00932491	0.02080914	-0.00848743
-0.34913616	0.78492239	0.73780290	-0.00826660	-0.00304933	0.00081015
-0.34448177	0.77911083	0.74246537	-0.01115260	0.01661543	0.00658369
-0.35188716	0.77960430	0.74318177	0.00361112	-0.00776454	0.01396886
-0.34648513	0.78105255	0.74305346	0.00753954	-0.03358223	0.00541539
-0.34945215	0.77764498	0.75439178	-0.00247090	-0.02379087	0.01675592
-0.34822395	0.78133037	0.75230564	-0.00073882	-0.05200699	0.00300760
-0.33853024	0.77292706	0.74594914	-0.01094091	-0.03569571	0.01425658
-0.33048863	0.76860148	0.73783358	-0.00407972	-0.02906006	0.00512794
-0.33187873	0.78005059	0.74010871	0.01017856	-0.01791081	-0.00274677
-0.33860063	0.78549341	0.75178388	0.01012385	-0.02186103	0.00802262
-0.33919836	0.79236405	0.75802992	0.00142022	-0.02336272	0.01488024
-0.33881124	0.78754604	0.75593860	0.00871278	-0.04473768	0.01421938
-0.33143274	0.78322430	0.74305666	0.01417466	-0.05559599	0.01506231
-0.33578157	0.78656481	0.73648406	0.01613220	-0.04083533	0.00934375
-0.33604603	0.78139943	0.74883362	0.00949225	-0.03379978	0.00460488
-0.33284256	0.78118056	0.75867305	0.01571365	-0.06402486	-0.00183710
-0.33760016	0.78746747	0.74690213	0.00695538	-0.04735433	0.01156649
-0.33679641	0.79071000	0.74069710	0.00036437	-0.02376851	0.00823959
-0.33864218	0.78461956	0.75383020	0.00047149	-0.03787023	0.01681617
-0.33855753	0.78664865	0.75220296	0.00873136	-0.04825185	0.01553288
-0.34162471	0.78807433	0.75339599	0.00830752	-0.05042210	0.01628124
-0.33697644	0.78363191	0.75828675	0.00738760	-0.05832640	0.01423682
-0.33685741	0.78835930	0.75748487	-0.00130571	-0.06381052	0.01322989
-0.32336896	0.78198814	0.75380744	0.00229533	-0.04647651	0.01988662
-0.32823773	0.78718224	0.74654774	0.00727142	-0.04545653	0.01497204
-0.31627955	0.78504974	0.75119528	0.00537611	-0.04950404	0.00447449
-0.32303336	0.78367634	0.74585517	0.00933685	-0.03354043	0.01641885
-0.33296469	0.78514588	0.74683857	0.00976990	-0.02554252	0.01847631
-0.32935014	0.78631640	0.75346368	0.02291123	-0.06891836	0.01746102
-0.31994487	0.78518464	0.74792512	0.02077627	-0.04933674	0.01134889
-0.32762602	0.78845788	0.74652321	0.00933617	-0.02870229	0.01588474
-0.32942128	0.78107364	0.74592895	0.01236317	-0.05181045	0.02165185
-0.31605514	0.77571468	0.74873146	0.02492921	-0.01699926	0.01528395
-0.31929082	0.78584769	0.74862386	0.01317340	-0.02932557	0.00680874
-0.32349039	0.78351076	0.74654795	-0.00256925	-0.02021486	-0.00016318
-0.32031746	0.77619468	0.74152298	0.01146185	-0.01057157	-0.00611363
-0.31845987	0.77811788	0.75253888	-0.01302785	0.00691626	0.00493721
-0.31128703	0.78751265	0.74370883	-0.00715271	0.01457192	-0.01509942
-0.31963377	0.78715671	0.74370259	0.00547211	0.01902809	-0.01442633
-0.32407743	0.78539527	0.73768300	-0.01206520	0.00871228	-0.01114858
-0.32076483	0.78037839	0.74537042	-0.00675659	0.03353875	-0.01285063
-0.31862231	0.79159934	0.75014305	-0.00668646	0.02120304	-0.01373359
-0.32126949	0.78904183	0.74982264	-0.00466701	0.03698777	-0.01791807
-0.32327892	0.79120342	0.74812132	-0.01769342	0.01000424	-0.00834365
-0.31785410	0.78852015	0.75325043	-0.01447438	0.02639981	-0.00054559
-0.32526600	0.78564179	0.75241134	-0.00683469	0.00797876	-0.00573670
-0.32101304	0.78896007	0.75055124	0.00457990	0.03005134	-0.00252645
-0.31870442	0.78451479	0.74651431	0.00165565	0.02290786	-0.00199681
-0.32300676	0.79105130	0.74963959	0.00002962	0.04060540	-0.00624196
-0.31698699	0.78643194	0.74668262	0.00707971	0.01342785	0.00024528
-0.31749461	0.78437777	0.74496426	-0.00327466	0.04262297	-0.00976961
-0.32842365	0.78267067	0.74987777	-0.00980278	0.02231890	-0.02935593
-0.32445099	0.78898642	0.74481307	-0.00100967	0.05291475	-0.01117995
-0.31963447	0.79048618	0.74893053	0.00351059	0.04137289	-0.01860676
-0.33266391	0.79143151	0.74718353	-0.00259374	0.05239574	-0.01241728
-0.32902383	0.78229673	0.74475981	-0.01317703	0.04539873	-0.00742760
-0.32011187	0.78517273	0.74898133	-0.01303834	0.03585295	-0.00170405
-0.32442523	0.78853468	0.74574070	-0.01005322	0.04728461	-0.00268809
-0.32673868	0.78642557	0.75057013	-0.02270865	0.05103851	-0.01350119
-0.32643859	0.78719854	0.75488241	-0.02078988	0.04828017	-0.00343227
-0.32846388	0.78496758	0.74390846	-0.00460795	0.04370099	-0.01777781
-0.32662593	0.77628349	0.75087756	-0.00691315	0.04272116	-0.02293448
-0.33247299	0.78260601	0.75037988	-0.00706416	0.02945062	-0.02109035
-0.32729224	0.78440663	0.74895963	-0.00057274	0.04388496	-0.00800855
-0.33429891	0.78438356	0.74855581	-0.00065903	0.04220495	-0.01339563
-0.33554491	0.78676254	0.74520385	-0.00092588	0.03350049	-0.00873433
-0.33659210	0.78242663	0.74763322	-0.00441497	0.01236120	-0.00832985
-0.34466998	0.78586999	0.75111845	-0.00998951	0.02958691	-0.01633600
-0.34160323	0.78428096	0.74195743	-0.02463014	0.02612697	-0.00918921
-0.33276251	0.78094722	0.73879076	-0.01819305	0.02440406	-0.00276082
-0.34346055	0.77785475	0.74576519	-0.01051630	0.02736323	-0.00139751
