-0.34525216	0.77765023	0.75043564	-0.00456886	0.01833566	0.01208933
-0.34124766	0.78339795	0.74970043	-0.00030028	0.03626106	-0.00575513
-0.34243285	0.77615399	0.75436112	-0.00738093	0.04149389	-0.00481722
-0.33349757	0.77877751	0.75416092	-0.00729762	0.00127445	0.00729205
-0.33247138	0.77708146	0.75054311	-0.00666525	0.04742221	-0.00753469
-0.32987416	0.78439418	0.75012725	-0.00980553	-0.00906832	-0.00511614
-0.32256304	0.77111894	0.74564930	-0.02284489	0.07194989	-0.02376926
-0.33367455	0.77975988	0.75396072	-0.00023761	0.08401104	-0.00903055
-0.33323598	0.78084044	0.75137010	-0.00379171	0.09660460	-0.01340111
-0.34790083	0.77505399	0.74461079	-0.00833386	0.05231709	-0.02688770
-0.34038236	0.78119869	0.74673474	-0.01891962	0.04174266	-0.00516954
-0.33814302	0.79159780	0.74273872	0.00109672	0.06085725	-0.02368506
-0.33978475	0.78562910	0.74167530	-0.00847683	0.07164572	-0.02270040
-0.33435113	0.78515041	0.74259203	-0.02315152	0.05785769	-0.02116797
-0.34442359	0.77501796	0.74463177	-0.01600214	0.06120079	-0.01242983
-0.33776416	0.78086175	0.74097528	-0.00778610	0.02602708	-0.00976081
-0.35466030	0.78391687	0.74830593	-0.00867584	0.03674252	-0.01676842
-0.34985824	0.78618347	0.73854012	0.01725372	0.05005850	-0.01448820
-0.35490015	0.78644180	0.75096670	-0.00176407	0.00305399	-0.00490640
-0.34581856	0.78089100	0.74729980	-0.00770800	0.03699879	-0.01570830
-0.35346614	0.77695731	0.74911383	-0.01439127	0.04247061	-0.00768220
-0.34903679	0.78571492	0.74424875	-0.02525003	0.03380347	-0.02531684
-0.35833194	0.78098321	0.74552574	-0.00501013	0.09491778	-0.00935485
-0.34667445	0.78595953	0.75240163	-0.01501210	0.04050222	0.00110140
-0.35271262	0.78480858	0.74431029	-0.00442500	0.05791183	-0.02618656
-0.35094254	0.78278463	0.74091631	-0.00031558	0.06882831	-0.00547977
-0.34405278	0.79471562	0.73864960	-0.01400808	0.04151686	-0.01067027
-0.34899106	0.77956447	0.73529383	0.00545821	0.03645069	-0.00833454
-0.34347178	0.78729769	0.73699410	-0.00225707	0.04318863	-0.00511418
-0.34169594	0.77676542	0.74198113	-0.00000079	0.04127510	-0.00139395
-0.34109203	0.77127860	0.73370143	0.01546734	0.07096932	-0.01048701
-0.36298038	0.77105097	0.73912172	0.02966539	0.05345385	-0.01803377
-0.36015331	0.77533483	0.74735362	-0.00210294	-0.00752823	-0.01606682
-0.36991290	0.78208625	0.73637577	-0.00819546	-0.01493708	-0.02992451
-0.34903030	0.78273721	0.73619560	-0.00065151	-0.00886300	-0.03232420
-0.33324329	0.78232714	0.73369939	-0.00812917	-0.00537952	-0.01630600
-0.35925120	0.78942488	0.73629774	-0.01117119	0.03361704	0.00134848
-0.37471766	0.80428232	0.73683908	-0.00024430	-0.01291190	0.02993403
-0.35136798	0.79392375	0.73911561	-0.00277959	-0.05734268	0.02159156
-0.35077367	0.77906514	0.73919173	-0.00574599	-0.01374589	0.00637841
-0.36049600	0.78284005	0.73729065	0.00696778	-0.01371104	0.00401620
-0.35165781	0.78216697	0.74092683	-0.01430654	-0.01006128	-0.00780855
-0.35271459	0.78342440	0.73992905	-0.02970058	0.02597633	-0.00239248
-0.35424006	0.77980760	0.74391579	-0.02513050	0.01987818	0.01391660
-0.35208082	0.78148369	0.74667972	-0.01728616	0.03621824	0.00165163
-0.34980852	0.77539436	0.74966438	-0.02008423	0.01267527	0.01778905
-0.34135977	0.76726802	0.74437818	-0.01710447	0.00868117	0.00230695
-0.34814971	0.78113297	0.75234210	-0.01843453	0.03002732	-0.01494719
-0.34015974	0.77512451	0.75499037	-0.01257715	0.00082480	-0.00618500
-0.34329709	0.77977925	0.74431273	0.00668452	0.01797895	-0.01917909
-0.34888194	0.78227796	0.74259002	0.00076500	0.02360743	-0.01902640
-0.34790368	0.77640385	0.74447332	-0.00891581	0.01875858	-0.02100828
-0.37352634	0.78324677	0.74604380	0.00214684	0.04874088	-0.01730899
-0.36225690	0.77900005	0.74992221	0.01002710	0.04716926	-0.01738947
-0.35029349	0.77600282	0.75513790	-0.00343063	0.05199931	-0.02022837
-0.35556510	0.77175792	0.76052737	0.01572648	0.04309701	-0.01223496
-0.35357242	0.77866269	0.74845953	-0.00827768	0.05701018	-0.02490877
-0.35177166	0.77984090	0.74230724	-0.02549759	0.01077179	-0.03089184
-0.34110128	0.75900208	0.75704586	-0.03867180	-0.00216525	-0.03350167
-0.33690769	0.74283271	0.76396079	-0.04911166	0.03828493	-0.05032905
-0.34426643	0.75840537	0.75746157	-0.06169234	0.05877966	-0.05852084
-0.36622226	0.77482086	0.74807698	-0.02107999	0.01416673	-0.01217204
-0.39239782	0.78340425	0.74317686	0.01044796	0.00218572	0.02717837
-0.38887001	0.79519239	0.73742464	-0.00632299	0.00153214	0.01109180
-0.36403834	0.77089119	0.74236966	-0.01013405	0.00772647	-0.03088204
-0.35434398	0.75788984	0.74239627	-0.02468584	0.01935573	-0.00875019
-0.36851080	0.78128094	0.74880839	-0.01618642	0.01974755	-0.01714796
-0.37479241	0.77990415	0.74975921	-0.01986914	0.03963268	-0.02192705
-0.37969713	0.78141151	0.74453682	-0.00871817	-0.02303159	-0.01350054
-0.36333449	0.77364085	0.74476768	-0.01217048	-0.02022702	-0.01239164
-0.36371077	0.77967186	0.75154648	-0.00609541	0.03914522	-0.01459494
-0.37062279	0.77243834	0.74596477	-0.00487351	-0.00561434	0.02285252
-0.37185381	0.77755465	0.74882822	0.00498906	0.00517743	-0.00740693
-0.37080853	0.76472475	0.74210654	-0.00289857	0.00249844	0.00358732
-0.36399755	0.77345285	0.74695774	0.01883282	-0.01037025	0.00443084
-0.36730833	0.77476400	0.74292044	0.01005602	-0.01929169	-0.00068288
-0.37289932	0.77247948	0.73088962	0.01519234	-0.02192282	0.00146157
-0.36838259	0.78519360	0.73497619	-0.00166325	-0.01969236	0.00504110
-0.37812475	0.77299493	0.74132421	-0.00256097	-0.00006976	0.02088314
-0.36678797	0.77926109	0.74425966	-0.01105083	0.02919935	-0.00271656
-0.35141068	0.77131947	0.74744639	0.00454203	0.01955346	-0.00120530
-0.35488738	0.76503562	0.74461187	-0.00027945	0.04407222	-0.01140024
-0.37055398	0.76404534	0.74637226	0.01034437	0.00920076	0.00668430
-0.37842386	0.76754552	0.74392539	0.00672142	-0.00706264	0.00140865
-0.37478355	0.78335521	0.73862031	0.00134518	-0.01646635	0.02281785
-0.38521163	0.77359527	0.73701157	0.01693496	-0.02750232	-0.01519399
-0.37214030	0.78856078	0.73756647	-0.00452339	-0.00779160	0.00024681
-0.37056017	0.77681786	0.74607429	0.00528729	-0.02679600	0.00788508
-0.36796514	0.78406747	0.74025540	0.00324276	0.03204444	-0.00719105
-0.36167359	0.77392771	0.73982727	-0.01703049	0.00850640	-0.00665013
-0.35382557	0.77426788	0.74518233	-0.02189959	0.01797586	-0.02289997
-0.35846669	0.77175766	0.74297810	-0.02541338	0.01246496	-0.00447071
-0.38316301	0.77835539	0.74125550	-0.04226165	0.01172563	-0.00740102
-0.38524961	0.78101355	0.73734486	-0.02242723	-0.01658845	0.01544513
-0.38637716	0.78818268	0.74744215	0.01512426	-0.02070626	-0.00585473
-0.37486512	0.77462677	0.75585530	0.00893819	-0.09651889	0.01087995
-0.37082168	0.76141873	0.74706698	-0.00830150	-0.04516029	0.03053797
-0.36121253	0.75641534	0.74883774	0.02145282	-0.01489700	0.01046368
-0.37159115	0.77805516	0.75201221	0.01680750	-0.04983297	0.01041115
-0.36211927	0.77976200	0.74410490	0.00508947	-0.07527690	0.00158924
-0.36627486	0.77185677	0.73934099	0.01929356	-0.06519624	0.01922720
-0.37652347	0.77748674	0.74011177	0.01722448	-0.06241724	0.03142683
-0.37165977	0.76926054	0.74936826	0.00237992	-0.04943722	0.01147953
-0.37073752	0.77755349	0.74771492	-0.00386588	-0.03242671	0.01521294
-0.36228911	0.76807331	0.74919267	0.01790088	-0.07839724	0.01920411
-0.36353179	0.77518666	0.74515641	0.00928908	-0.06241875	0.01553190
-0.35991942	0.77520924	0.74412295	0.01387777	-0.05447451	0.02609503
-0.35962754	0.77998356	0.74474716	0.00535443	-0.05966328	0.04240488
-0.36603456	0.77933782	0.75714895	0.01504147	-0.04184099	0.03619383
-0.35082352	0.78246980	0.74413712	0.01574161	-0.03267721	0.02688605
-0.34759765	0.77175238	0.74088679	0.01921660	-0.03528344	0.00006385
-0.35087649	0.77727081	0.74263606	0.01205731	-0.06923753	0.03600621
-0.35605276	0.76757202	0.74345662	0.01068512	-0.05955622	0.01482164
-0.34850232	0.77601917	0.73945010	-0.00450829	-0.07595862	0.02039048
-0.35056485	0.77672348	0.73213599	0.01033337	-0.06338857	0.01911180
-0.35566165	0.77283813	0.73785394	0.00800697	-0.08993999	0.01067475
-0.35674039	0.78296568	0.73882385	0.00657923	-0.05750479	0.02770374
-0.36056885	0.77549314	0.74563958	0.01245249	-0.08056319	0.01400337
-0.36365265	0.77187292	0.74827508	0.01897156	-0.05936083	0.00569130
-0.34638174	0.77975996	0.75781982	0.03387600	-0.05269407	0.02901865
-0.35061048	0.76139649	0.75655484	0.01640668	-0.05932514	0.01774553
-0.35230480	0.78648411	0.75230026	0.02670232	-0.02805075	0.01389458
-0.35152075	0.76560265	0.74725641	0.00842254	-0.07412765	0.01524073
-0.34623879	0.77467393	0.74201748	0.02335649	-0.08151292	0.01764687
-0.34835641	0.77313227	0.74004478	0.02178632	-0.08056599	0.02446607
-0.34475107	0.78266948	0.74735651	0.01575687	-0.07187112	0.04336067
-0.34786421	0.77750145	0.75105908	0.02911970	-0.04791506	0.03033877
-0.34257430	0.77969197	0.75469658	0.03628141	-0.06913090	0.01945827
