-0.35204777	0.78704740	0.74179978	0.00174285	-0.09319174	0.02056788
-0.36150701	0.78510507	0.74731491	0.00558060	-0.09385218	0.02014520
-0.34840939	0.77497915	0.74495075	-0.00763851	-0.07966901	0.02967999
-0.34617545	0.77191708	0.74829571	0.00046688	-0.05079088	0.02985079
-0.35002207	0.77054172	0.73888014	0.02144070	-0.02904262	0.03642596
-0.35138171	0.77866827	0.74243237	0.02707407	-0.08058721	0.01980997
-0.37240041	0.78028557	0.74578180	0.02346201	-0.06620351	0.02232587
-0.34158660	0.78208972	0.75149691	0.01851894	-0.10138283	0.02836005
-0.34097608	0.78230259	0.75446121	0.03417620	-0.08500233	0.03934813
-0.34183849	0.78378151	0.75130053	0.00346543	-0.06423268	0.03047358
-0.33759500	0.78194882	0.74533216	0.01910930	-0.03977470	0.02513585
-0.35502797	0.78826641	0.74342973	0.01315885	-0.06806190	0.02997416
-0.35447618	0.78854985	0.74033526	-0.00792512	-0.03220513	0.01259923
-0.34709801	0.79255282	0.74282442	0.01020251	-0.07610166	0.01360832
-0.34718058	0.78586349	0.75112567	0.01711619	-0.04410055	0.01142539
-0.34175298	0.78459518	0.74659078	0.02339762	-0.07715663	0.02924299
-0.34062588	0.78986167	0.75058444	0.04260535	-0.09280292	0.01221139
-0.33900021	0.78566608	0.74947302	-0.00417097	-0.04256107	0.01934578
-0.34751414	0.77865000	0.75248525	0.00688797	-0.04451982	0.02107269
-0.32682860	0.78514348	0.75203670	0.01850846	-0.03837692	0.00093228
-0.34789560	0.79060114	0.74571110	0.04359047	-0.05810581	0.01329069
-0.34222062	0.78339320	0.74154491	0.02233193	-0.04363055	0.01087234
-0.34555854	0.78180845	0.74415397	0.04174267	-0.07267257	0.02418352
-0.32516147	0.78645973	0.74606340	0.02906727	-0.03494608	0.01940144
-0.32750923	0.78983040	0.75047572	0.04962781	-0.05199448	0.01912860
-0.32163870	0.78902216	0.74898023	0.05244740	-0.04057240	-0.00153795
-0.33434890	0.78389106	0.75341465	0.02359985	-0.03911010	0.01590677
-0.31842927	0.78345224	0.74610987	-0.02866171	-0.05728857	0.00413903
-0.31611343	0.79115059	0.74673007	0.01835704	-0.04795469	0.01207465
-0.31133032	0.79215038	0.74968934	0.02379677	-0.01671890	0.00684030
-0.31689717	0.78807855	0.74303336	0.02151153	-0.03694323	0.00635548
-0.32599838	0.79182166	0.73386233	-0.00005107	-0.08615908	0.01309611
-0.32779125	0.78928438	0.73843168	0.04129431	-0.02778543	0.00956482
-0.33286292	0.78300217	0.74741301	0.03934416	-0.02684281	0.00702108
-0.32789088	0.78175573	0.74495748	0.01748691	-0.08009201	0.00074593
-0.31430777	0.78452012	0.74386703	0.00009783	-0.00518333	0.01183604
-0.30912599	0.79077898	0.74718097	0.02570457	-0.04177591	0.01040734
-0.31317446	0.78917445	0.74192022	0.03293994	-0.02700092	0.01075808
-0.30998456	0.78694899	0.74067898	0.01468732	-0.03334416	0.01851529
-0.31614560	0.78642164	0.74352036	-0.01610749	-0.04427246	0.00453427
-0.30598292	0.79001696	0.74024460	0.01655849	-0.02288728	-0.00533643
-0.29718739	0.79328480	0.74774239	0.03229354	0.05060612	-0.01011968
-0.31091839	0.78875806	0.74070368	0.01166393	0.05000840	-0.02035206
-0.31319783	0.77553395	0.74140711	-0.01360573	0.08498899	-0.02055427
-0.31404538	0.78377977	0.74242709	-0.00319063	0.05555803	-0.03704702
-0.32154575	0.79710881	0.73883135	-0.04352282	0.08434586	-0.03939337
-0.30852406	0.78707731	0.73685043	-0.01635622	0.09466805	-0.02557302
-0.31603800	0.78319295	0.73679035	-0.02163297	0.12353978	-0.05193977
-0.33779046	0.79204762	0.74272357	-0.01708224	0.12235311	-0.03259821
-0.33767210	0.78720907	0.74399237	-0.02711206	0.10646918	-0.03311401
-0.34386997	0.78224189	0.75263405	-0.03025646	0.05183446	-0.02280131
-0.32763544	0.78029842	0.74813210	-0.01197889	0.17004768	-0.02267088
-0.33151984	0.78199098	0.74218434	-0.03388352	0.08284978	-0.01990746
-0.33684121	0.78933967	0.74082441	-0.01926287	0.10036951	-0.03554610
-0.33968993	0.78614285	0.74507449	-0.02438628	0.06117502	-0.01718573
-0.33904784	0.77607361	0.74281145	-0.03107948	0.02683945	0.00656743
-0.34297259	0.78695322	0.74609332	-0.02365739	0.13037451	-0.01201652
-0.33068066	0.78681094	0.73566640	-0.03100458	0.11608250	-0.00286754
-0.34411550	0.77611749	0.73479170	-0.01989173	0.04066052	-0.00236953
-0.35205907	0.79150878	0.73960315	-0.02097590	0.07412724	-0.03580159
-0.35184721	0.79028179	0.73305832	-0.01195329	0.05426011	-0.01612707
-0.33291342	0.78890201	0.74079632	-0.02961569	0.05376072	0.00247837
-0.34389192	0.78103754	0.74216083	-0.02439319	0.08418870	-0.00976989
-0.34938468	0.77523613	0.74483065	-0.03661056	0.11001906	-0.00262622
-0.33403727	0.77921254	0.73441098	-0.00265422	0.07445630	-0.00150868
-0.34429395	0.78193901	0.73992030	0.00304497	0.10387405	-0.01702917
-0.35669868	0.78858007	0.74453964	-0.01676852	0.11919569	-0.00985288
-0.35243752	0.78540937	0.74874188	-0.01580591	0.09535976	-0.00731524
-0.35655790	0.78524583	0.74548809	-0.02024507	0.05212771	-0.02032940
-0.35577456	0.78288689	0.74721997	-0.02067003	0.03581512	-0.01782115
-0.34829170	0.78377697	0.74862576	-0.02249022	0.04641854	-0.03532567
-0.36226061	0.77887334	0.74262462	-0.03310024	0.08611524	-0.01209798
-0.36403544	0.78176937	0.73890562	-0.01485334	0.03435278	-0.00542164
-0.34844739	0.77519026	0.73572977	-0.02431480	0.03032525	-0.00300592
-0.35820941	0.77503253	0.74299169	-0.02334776	0.05149613	-0.00429810
-0.34077252	0.77882643	0.73823673	-0.00941988	0.04304888	-0.01954792
-0.37729779	0.77809435	0.73912989	-0.00209065	0.06148211	-0.01473890
-0.36811268	0.78029062	0.73529386	-0.00396210	0.03047609	-0.01215045
-0.37338199	0.78548374	0.73663230	-0.01323116	0.00257505	-0.01525742
-0.34814619	0.77929557	0.73505928	0.00561322	0.01785139	-0.00655758
-0.35463787	0.78338129	0.74271303	-0.00146220	0.01563164	-0.00790290
-0.35020243	0.78175925	0.74139388	-0.00409636	0.02779581	-0.00725359
-0.35359967	0.77913210	0.74277335	0.00625558	0.04622219	-0.01036440
-0.35973323	0.78718689	0.73968387	-0.00849610	0.02571539	0.00004159
-0.34252719	0.78483013	0.73702173	0.00068141	0.01174880	0.00833178
-0.37461799	0.79078651	0.73668315	-0.00069604	-0.00659238	0.01253134
-0.36611397	0.77848627	0.73218302	0.00580250	0.03502858	0.00676734
-0.36615509	0.77527448	0.73964221	0.01459054	0.00157368	-0.00962780
-0.35568450	0.77438139	0.73979806	-0.01871781	0.00786633	-0.00046398
-0.36964881	0.77956623	0.74888837	-0.00614621	0.05258110	-0.01202680
-0.36972787	0.77410950	0.74956951	-0.00561814	0.05998529	-0.00959768
-0.35954230	0.77416801	0.74747986	0.01826756	0.03112629	-0.01035838
-0.36604693	0.77117780	0.74060306	-0.00470357	0.02444552	-0.00741530
-0.35884335	0.77637921	0.73471169	-0.02430978	-0.00397558	-0.02014272
-0.36780518	0.76638329	0.73239991	-0.05419695	-0.00258468	-0.01181177
-0.36733406	0.77136339	0.73589161	-0.02022588	-0.00358967	0.00024175
-0.36676173	0.78917646	0.73915677	0.01773860	0.03663922	0.01939115
-0.39535456	0.81050642	0.73743000	0.02673162	0.05219967	0.03101397
-0.37210344	0.80416801	0.74543009	0.00076493	-0.01382692	0.01994210
-0.37273856	0.77690813	0.74458288	-0.03938200	-0.02406023	-0.00168322
-0.37055239	0.76738702	0.74917691	-0.00709506	-0.00982931	0.01086106
-0.36602492	0.77873068	0.74985152	0.02284077	0.03463065	-0.00004594
-0.37214395	0.77754275	0.74814853	-0.00476987	0.01999251	0.01062429
-0.37327006	0.77386901	0.74427613	0.02090807	-0.01844995	-0.00219213
-0.36759228	0.76698644	0.75016315	0.00624430	0.00697978	0.00809422
-0.36938229	0.76549427	0.74760126	-0.00283191	-0.02617052	-0.00061343
-0.37198828	0.77679672	0.74797607	0.01599008	-0.02645574	-0.00473691
-0.37207071	0.77383481	0.74614217	0.00681592	0.00117422	-0.01163719
-0.36880256	0.77335674	0.74009667	-0.00091080	0.01685667	0.00515398
-0.35995475	0.77450746	0.74004761	-0.01776797	-0.00027515	0.00764575
-0.37561534	0.76937530	0.74170214	-0.00259513	0.00232144	-0.00121051
-0.38064056	0.77588242	0.74160726	-0.01695735	0.00733646	-0.00449119
-0.37078534	0.77472515	0.74103102	0.00093409	0.02480308	-0.00224021
-0.37580923	0.77999721	0.74063067	-0.01010191	-0.01553738	0.00384324
-0.36809178	0.78012872	0.74463192	-0.01375893	-0.00878315	-0.00931969
-0.37028347	0.77633885	0.74322320	0.00384016	-0.01569244	0.00172609
-0.36998796	0.78041482	0.74187579	0.00077474	0.00895741	0.00037472
-0.36660741	0.76945625	0.74667342	-0.00241724	-0.01993940	-0.00556741
-0.36350864	0.76814001	0.74245775	0.00359032	0.00667012	0.00910955
-0.36251373	0.76953629	0.74245585	-0.00522672	-0.03392389	-0.00591140
-0.35884019	0.77404636	0.74824141	0.00364116	0.00907930	0.00836479
-0.38209894	0.77520843	0.73777859	-0.00741309	0.01272037	-0.00424662
-0.37916323	0.77275857	0.73472161	-0.00386170	-0.02489270	0.00258754
-0.36770507	0.77384568	0.73426895	0.00947884	-0.00502702	0.00817265
-0.37589980	0.77345299	0.72834515	-0.00194387	-0.00470730	-0.01529388
-0.37839098	0.77648722	0.73438873	-0.00000118	-0.01216291	0.01102056
-0.37052814	0.78435582	0.73522539	0.02023109	0.00011787	-0.01453938
-0.37116584	0.78594735	0.73565616	0.00179207	-0.03491005	-0.00295530
