-0.29076432	0.78902039	0.78647086	0.11991044	-0.22778119	0.42400321
-0.26589989	0.78821684	0.77225503	0.10580141	-0.24550753	0.38990584
-0.25412462	0.79907851	0.76655671	0.22460479	-0.18367039	0.40895014
-0.25203817	0.80347747	0.76470822	0.23602104	-0.16353791	0.48533975
-0.24140866	0.78020073	0.75790790	0.19479212	-0.14670051	0.40371458
-0.25457359	0.77509733	0.75981809	0.10748237	-0.16152717	0.36762141
-0.25918812	0.77816351	0.75730350	0.09673998	-0.13634089	0.27336672
-0.25913591	0.78840369	0.76106683	0.11338347	-0.15703512	0.31207316
-0.25631305	0.79218132	0.77079270	0.13130165	-0.11995398	0.29391741
-0.25491561	0.78784944	0.76052584	0.19734691	-0.12981881	0.32568184
-0.24985978	0.78741974	0.77008717	0.18436903	-0.11701248	0.37816144
-0.24968368	0.77959640	0.78096643	0.05386780	-0.08376193	0.26868577
-0.26701345	0.76746910	0.77219076	0.04897816	-0.07341124	0.31115412
-0.26063880	0.75796129	0.75640755	-0.02796738	-0.11670857	0.29550708
-0.26237452	0.77650405	0.77482396	0.05848071	-0.12815190	0.30266914
-0.28705388	0.80001719	0.79357418	0.12243567	-0.11425437	0.31453135
-0.28093736	0.80261162	0.79529055	0.13951753	-0.12489549	0.28403351
-0.27691396	0.79958630	0.79189148	0.12065177	-0.13232493	0.38071222
-0.27154210	0.78667593	0.77913594	0.05743175	-0.16812257	0.31055519
-0.28471864	0.77348231	0.76298058	0.12193388	-0.12242703	0.26611170
-0.29331830	0.77226047	0.77227025	0.22031834	-0.07501173	0.31951112
-0.29507625	0.78270338	0.77275962	0.12302164	-0.17079024	0.29454138
-0.29490024	0.77891819	0.77608244	0.18176689	-0.14276881	0.28334301
-0.29687730	0.78210342	0.78123843	0.05559855	-0.17507003	0.30730159
-0.26226511	0.76756486	0.76128130	-0.05630903	-0.19142899	0.33670062
-0.25697424	0.75866840	0.76272052	0.03610049	-0.14550524	0.30194742
-0.26439135	0.77170054	0.76920453	0.15965068	-0.15107461	0.29497396
-0.29072524	0.80131869	0.77168037	0.14822102	-0.16858685	0.37351954
-0.30674657	0.79276822	0.77786069	0.11175256	-0.24892294	0.30854961
-0.28327626	0.77435258	0.77146888	0.05995711	-0.27421568	0.27683898
-0.28678667	0.78337718	0.76691784	0.11816586	-0.24898404	0.27006239
-0.27334884	0.76429769	0.77592244	0.10584429	-0.21041448	0.33082973
-0.27420658	0.77647281	0.77439978	0.10656393	-0.19588360	0.27498292
-0.28105380	0.78477360	0.77709958	0.12662698	-0.23977406	0.27938971
-0.27046255	0.76965052	0.77588612	0.07854971	-0.24772905	0.31187790
-0.28453097	0.76687788	0.77442354	0.10165027	-0.22376046	0.27397374
-0.27954761	0.76264561	0.76851368	0.07724498	-0.23967676	0.31092733
-0.28397164	0.76737451	0.77463207	0.08175685	-0.23762481	0.34401708
-0.28752775	0.77504787	0.76796828	0.11028013	-0.26061131	0.29915172
-0.28308276	0.77147526	0.76791228	0.13489705	-0.22719295	0.26562585
-0.27973934	0.78168507	0.76818050	0.07792189	-0.29278356	0.28846783
-0.29903443	0.78661111	0.78385134	0.12815316	-0.21124435	0.32295542
-0.28111845	0.77881027	0.77819677	0.05364413	-0.28455713	0.30925345
-0.27574530	0.77529798	0.77454408	0.10104566	-0.25728675	0.27249248
-0.26524633	0.77664276	0.77140408	0.13591770	-0.29092072	0.30087434
-0.26315214	0.76231836	0.76456446	0.09390856	-0.23411827	0.28216556
-0.26657882	0.77012096	0.76994169	0.09906919	-0.20556679	0.26735641
-0.26329243	0.77244076	0.75999132	0.08348992	-0.19690972	0.24092576
-0.27333345	0.76990648	0.75997264	0.11918730	-0.23877533	0.26430402
-0.27712990	0.76917940	0.76398494	0.11579355	-0.21596169	0.33030227
-0.26946240	0.77662519	0.76579012	0.08393370	-0.26670393	0.20974737
-0.27529000	0.77900178	0.77297372	0.04425350	-0.19805911	0.25405599
-0.26973326	0.77572737	0.77215819	0.06990127	-0.23157608	0.18175402
-0.26330959	0.77494839	0.77804364	0.08306387	-0.21174136	0.25111077
-0.26977176	0.77657279	0.77729621	0.12825809	-0.22440228	0.16276566
-0.26498520	0.77624475	0.78174011	0.08908833	-0.18518923	0.22274642
-0.27175802	0.76599001	0.77606597	0.08151780	-0.19419875	0.29196030
-0.26703186	0.78260303	0.77263742	0.02168516	-0.17946150	0.28625586
-0.27510892	0.77372812	0.77663655	0.01143673	-0.22788869	0.27818032
-0.27676844	0.77966537	0.76733773	0.01256401	-0.20939041	0.32272246
-0.26418051	0.77659598	0.77646126	0.05214587	-0.23159769	0.22518427
-0.26608463	0.78438707	0.77975870	0.04533282	-0.23181972	0.29765558
-0.25763284	0.78204453	0.77214352	0.07476125	-0.24793731	0.25834743
-0.27544994	0.78249685	0.76943983	0.10993605	-0.25246986	0.28188831
-0.26159838	0.79161660	0.77814236	0.00811894	-0.20312449	0.26663512
-0.23751422	0.77690341	0.76827895	0.06607321	-0.20043502	0.22365618
-0.25381425	0.77518528	0.77905199	0.05054607	-0.16749851	0.24566200
-0.26247575	0.78241164	0.77429510	0.02500144	-0.15174840	0.21455615
-0.23657147	0.78113419	0.77783788	0.11168419	-0.09326081	0.18813494
-0.25612171	0.76779158	0.77622327	0.15115578	-0.07051971	0.18265139
-0.25714903	0.77213193	0.77612744	0.10116300	-0.10548389	0.16612026
-0.26654754	0.77753125	0.76699681	0.07292921	-0.06700784	0.21164007
-0.28815023	0.77852050	0.76335741	0.03522784	-0.08899386	0.21690526
-0.26137798	0.78542420	0.76427873	0.08741758	-0.11179369	0.21062497
-0.27074373	0.78161090	0.76233481	0.09665154	-0.07094666	0.20481599
-0.27480306	0.79302055	0.76820925	0.08480691	-0.02851690	0.11960602
-0.27699193	0.78363861	0.76970805	0.04683520	-0.08841107	0.22271498
-0.27723812	0.78359720	0.76680583	0.04895608	-0.10108471	0.23310408
-0.26097632	0.77377937	0.77406077	-0.00142862	-0.16704649	0.16860794
-0.26828047	0.79616624	0.76670741	0.08533447	-0.20121675	0.19617817
-0.28085000	0.78178151	0.77018671	0.04612873	-0.10966213	0.23254023
-0.27843917	0.77806020	0.75858974	-0.00414635	-0.19062527	0.16546388
-0.27429591	0.77937058	0.76467743	0.08248672	-0.12276302	0.16629087
-0.27693347	0.78229323	0.76881164	0.04100575	-0.13672697	0.15177002
-0.28734430	0.78585563	0.75862572	0.04637933	-0.14989822	0.17500718
-0.27925171	0.78827483	0.76538072	-0.03355185	-0.15874331	0.15813091
-0.28616967	0.78652258	0.76223763	0.03518544	-0.17922511	0.19738964
-0.27356236	0.78519732	0.77244594	0.00030048	-0.19828277	0.21482771
-0.27248211	0.78711422	0.75990888	-0.02136260	-0.15583966	0.14980160
-0.29228044	0.77890686	0.75439921	0.03273346	-0.14226779	0.17996255
-0.27395443	0.78107642	0.74961409	0.04135726	-0.13796277	0.21029475
-0.28069945	0.79167263	0.76719113	0.04586239	-0.15988588	0.17885267
-0.26954084	0.78246371	0.77347621	0.02753175	-0.12382872	0.15811963
-0.27882265	0.78241147	0.77089528	0.03293426	-0.16077559	0.19541476
-0.26329602	0.76477891	0.76754722	0.01655182	-0.13154466	0.14511761
-0.27556093	0.77592876	0.78349383	0.05822566	-0.15871982	0.16700607
-0.25400794	0.77112888	0.76905382	-0.03335430	-0.10136030	0.12929866
-0.26814710	0.77611718	0.76857368	0.06612064	-0.13357521	0.17399426
-0.28926438	0.78378017	0.78435506	0.04986370	-0.12870184	0.19709610
-0.29579629	0.77734846	0.78544579	0.04387046	-0.12044590	0.15788031
-0.29309867	0.77740728	0.76509095	0.05180113	-0.13155016	0.07956304
-0.27281623	0.78353865	0.76290971	0.00134640	-0.12123840	0.13465421
-0.26458774	0.77226111	0.75725532	0.02616554	-0.03620198	0.14452674
-0.28288870	0.78381599	0.77593775	0.02508541	-0.05380775	0.08166605
-0.27833506	0.78457634	0.77382014	0.03854171	-0.06793279	0.05210983
-0.28606844	0.78633217	0.77892621	-0.00079073	-0.06465473	0.07454492
-0.26755938	0.77774647	0.78064102	0.02052493	-0.10234871	0.12676832
-0.28141023	0.77956990	0.76451272	-0.05008060	-0.10864861	0.13949310
-0.29580909	0.79179762	0.77122943	0.11821384	-0.04909954	0.07160333
-0.28834715	0.79388651	0.77160238	0.03153158	-0.06812442	0.13716393
-0.29471449	0.78714485	0.76820411	0.04147333	-0.09826942	0.12374831
-0.27658239	0.77945741	0.76772141	0.05265874	-0.08705824	0.08218261
-0.29177499	0.77533186	0.77069275	-0.01692471	-0.15368805	0.12209659
-0.28334891	0.77190524	0.75892492	0.08816755	-0.04848586	0.08742533
-0.27777404	0.78383344	0.76956547	0.07981028	-0.09939094	0.03718041
-0.28310341	0.77177597	0.76868700	-0.01044401	-0.07551364	0.10625077
-0.27604472	0.76759845	0.77071624	-0.00285753	-0.12134605	0.16145767
-0.27018733	0.75758665	0.76585683	-0.04296910	-0.12384152	0.09281960
-0.27928083	0.75360777	0.75928691	-0.10856828	-0.15156593	0.01064114
-0.28168840	0.76092931	0.76806156	-0.05676274	-0.05568672	0.13293882
-0.29380878	0.79616433	0.77095909	0.04776839	-0.05451565	0.08914270
-0.30575461	0.80417614	0.77870533	0.01369856	-0.12922942	0.09146687
-0.30347272	0.79212179	0.77130680	0.00287596	-0.13374606	0.06835677
-0.30037661	0.77726252	0.76258549	0.07068609	-0.17851872	0.06164648
-0.28370810	0.75710182	0.76536961	0.03486016	-0.09446885	0.14327505
-0.30607464	0.76898256	0.75906637	0.07680914	-0.11087573	0.12224351
-0.27980773	0.78544843	0.76749045	0.03005473	-0.08717188	0.08499222
-0.30533798	0.77197204	0.77491325	0.07858166	-0.10303963	0.11260720
