-0.29083951	0.77610358	0.76719879	-0.00364719	0.06927337	-0.01285993
-0.29191012	0.78135553	0.76265248	0.00169718	0.01161680	-0.01831358
-0.29965045	0.77667700	0.76665328	-0.00666291	0.05183176	-0.02759758
-0.29769848	0.78448907	0.76500519	-0.00898192	0.03926432	-0.02894107
-0.29508727	0.78202982	0.75348117	-0.01793183	0.01125332	-0.01614722
-0.29440784	0.77941438	0.76144748	-0.01524811	0.04315432	-0.03127952
-0.28460335	0.77749296	0.76740998	-0.01116821	0.03417275	-0.04119276
-0.29521552	0.76383939	0.76970737	0.00045096	0.07349840	-0.04400827
-0.29448209	0.77277177	0.76041891	0.01652049	0.08157990	-0.04228127
-0.31336512	0.77343556	0.76900123	-0.00027001	0.03436428	-0.06531590
-0.31382666	0.77892969	0.76840015	-0.02053637	-0.01403274	-0.03618521
-0.30771700	0.78764130	0.75664392	0.00741464	-0.00134947	-0.01004037
-0.31290364	0.78001236	0.76348551	0.02043547	-0.00036426	-0.02041509
-0.30412396	0.76824269	0.76483288	-0.00905396	0.00625229	-0.01782991
-0.30100538	0.77219090	0.76149368	-0.01993037	0.01315168	-0.02719899
-0.30782804	0.77597502	0.76389787	0.00879836	0.03371501	-0.01966201
-0.29450155	0.77859337	0.75856022	-0.02598955	-0.00694912	-0.00823691
-0.29884898	0.77999682	0.76364796	0.00111271	-0.00228338	-0.00516808
-0.30247071	0.77971787	0.76556965	0.00928951	0.01308323	-0.00615885
-0.30878655	0.78187056	0.77080884	-0.00919604	-0.01976121	-0.03289317
-0.30501226	0.78895707	0.77324746	-0.00326193	-0.00555914	-0.00105284
-0.30225303	0.77721328	0.76608963	-0.02651965	-0.03106820	-0.01419951
-0.29032194	0.77466459	0.76179003	-0.02313228	-0.02076708	-0.01245499
-0.29193811	0.77346644	0.76157899	-0.00372373	0.05737127	-0.02764947
-0.30138729	0.77293037	0.76307555	-0.00838888	0.05368286	-0.03832623
-0.30123500	0.78443601	0.77471213	-0.01710312	0.04206980	-0.02181160
-0.30233003	0.77344086	0.77682466	0.00107768	0.00739146	-0.00531942
-0.30117449	0.77418439	0.77335853	-0.03539839	-0.01851396	0.00008838
-0.30265516	0.76142786	0.76202284	0.01475424	-0.00485639	-0.01708053
-0.30298097	0.75878645	0.76789050	0.00342313	0.04023303	-0.01533424
-0.30746612	0.76370023	0.77220642	0.00316988	-0.00222445	-0.00631847
-0.30246924	0.77696381	0.77282234	-0.01428745	0.01406653	-0.01899841
-0.30180721	0.77057978	0.77076011	0.01046927	-0.00008146	-0.02485877
-0.30490648	0.77504277	0.76777423	-0.01277779	0.00323169	0.00375282
-0.30020370	0.77842009	0.76121272	0.00355375	-0.01725294	-0.00994209
-0.30357641	0.77605227	0.75542888	-0.00699956	-0.00075948	-0.01437390
-0.30111059	0.77446044	0.76375395	0.01281242	-0.00386784	-0.00752907
-0.30440128	0.77852238	0.77086178	-0.00960065	0.00224935	-0.00889873
-0.30151965	0.77415224	0.76702080	-0.03986116	-0.03186557	-0.00934844
-0.29803702	0.77526264	0.76337802	-0.03939476	0.00532156	-0.01110672
-0.30292603	0.78362745	0.77267519	-0.00971291	0.00307602	-0.01151492
-0.30178029	0.77408183	0.75903439	-0.02405193	0.02763253	-0.01227276
-0.30476861	0.78105345	0.75672531	-0.00629791	0.01438829	-0.01900277
-0.30506612	0.78144568	0.76276435	0.00934485	-0.00191447	-0.01937472
-0.30389125	0.77684684	0.76714493	-0.01999962	0.02088277	-0.00450430
-0.30063733	0.77574090	0.77082321	0.00146515	0.00101545	-0.00427302
-0.29642789	0.77326477	0.76336635	-0.01159149	-0.00591035	-0.01281623
-0.30834520	0.77850828	0.75909212	-0.00733109	0.01441530	-0.01249902
-0.30349612	0.77611157	0.77093057	-0.01790443	0.00741365	-0.00372833
-0.30553521	0.77918041	0.76920975	-0.01565579	0.02343355	-0.01914321
-0.30255006	0.77413203	0.77573970	-0.02502307	0.02941368	-0.01494853
-0.30253476	0.77162686	0.77060452	0.00390358	0.00979354	-0.00518418
-0.29749952	0.77199656	0.76745475	-0.00914261	-0.01611010	-0.00307339
-0.30063638	0.77175721	0.76389645	0.01366505	-0.00168092	-0.01156648
-0.30492176	0.76920300	0.75740787	-0.00724729	-0.00787087	-0.01592235
-0.30046468	0.77555907	0.76060527	0.01706236	-0.02923704	-0.02868586
-0.30746136	0.77432369	0.75634699	0.00627441	0.00400585	-0.00239131
-0.30356032	0.77125630	0.75256776	0.01139768	-0.00953831	-0.00693735
-0.28885742	0.77265340	0.76589580	0.00572554	-0.00262769	-0.01348459
-0.28794609	0.78436923	0.76532996	0.00634597	0.05763940	-0.02029738
-0.30015285	0.77380054	0.77240167	-0.02502798	0.08683097	-0.01676341
-0.30616762	0.77742449	0.78211084	0.01153367	0.03838139	-0.03226943
-0.30687618	0.77121137	0.77935622	-0.01002676	-0.04017430	-0.02438005
-0.30336116	0.77854966	0.77780503	-0.01851062	-0.04214244	-0.00968817
-0.30826529	0.77890004	0.76728990	-0.02275097	0.00761532	-0.00773001
-0.30432101	0.77605696	0.76296144	-0.01829400	0.04099071	-0.01239720
-0.30284467	0.77682148	0.75873489	-0.00688481	0.02902856	-0.02238973
-0.29565727	0.77612354	0.76758776	-0.00418499	0.01872529	-0.01482147
-0.30774427	0.77583900	0.76985018	-0.00102248	-0.00453474	-0.01406696
-0.30841324	0.77449448	0.75440295	0.00497593	-0.01692222	-0.01912978
-0.30936673	0.77007654	0.75731819	-0.01940409	-0.00542917	-0.02146748
-0.30884439	0.76433843	0.76663140	-0.00640540	0.02512230	-0.01795409
-0.30413927	0.77032821	0.77000182	-0.02013853	0.00811196	-0.01339162
-0.29668108	0.77233906	0.76111939	0.00684624	0.03423136	-0.01532825
-0.29760184	0.77120852	0.76068767	-0.01461384	0.05439339	-0.00077736
-0.30388049	0.76967401	0.77190184	0.01489474	0.01896388	-0.01117694
-0.30072095	0.76754891	0.76544972	0.02812027	0.00172439	-0.01392544
-0.30320860	0.77457906	0.76821328	-0.00740867	0.02716396	-0.01202798
-0.30147236	0.77073437	0.76875102	0.00197060	0.02495178	-0.01556604
-0.30428786	0.76863012	0.77582130	-0.00186437	0.03210379	-0.02473851
-0.30988497	0.77489520	0.77382223	-0.01554631	0.03498960	-0.03300145
-0.32113513	0.77882071	0.76547153	-0.03207205	0.03244518	-0.02082347
-0.31987981	0.78031043	0.75587287	-0.02834546	-0.00868471	-0.02841476
-0.30905403	0.78527239	0.76013563	-0.00956350	-0.00758957	-0.00496775
-0.30774685	0.78120556	0.75599616	0.00713636	0.00224844	-0.00222409
-0.31245292	0.78117880	0.75777925	-0.01498161	0.03393932	-0.01392017
-0.30381898	0.78126303	0.75664659	0.01307976	-0.02121920	-0.01431258
-0.30639298	0.77916614	0.75988482	-0.00041016	0.02689633	-0.01899983
-0.30569960	0.77529510	0.75922908	-0.05599763	0.03468981	-0.01323409
-0.30088889	0.77512447	0.76685952	-0.06868035	-0.00654501	-0.02504693
-0.31331949	0.77591566	0.76877683	-0.01418042	0.01243386	-0.02712590
-0.30224793	0.78015243	0.76623773	0.07637682	0.03397896	-0.01045406
-0.30495642	0.77685442	0.76780804	0.00503024	0.04406135	0.00965563
-0.30651107	0.76857786	0.76130484	-0.04423003	0.01327362	-0.00250536
-0.30427008	0.76576115	0.76645160	-0.03010369	0.01098930	-0.01422042
-0.30609270	0.77107993	0.76410409	0.01415425	0.00774283	-0.01104194
-0.30896282	0.77557247	0.76068676	-0.02554520	0.03757828	-0.00314119
-0.30736869	0.77753316	0.77334790	0.02331803	0.01887977	-0.01245796
-0.31346727	0.77998528	0.77105937	0.02628377	-0.00781764	-0.01856131
-0.31603208	0.78036540	0.76886523	0.00145896	-0.03733623	-0.01096814
-0.31315124	0.77430418	0.76915744	0.00570339	-0.02617347	-0.01317385
-0.30570252	0.77983069	0.76435498	0.00221785	-0.03397800	-0.01238932
-0.31110489	0.77845373	0.76590988	0.01078148	-0.03299413	-0.01582325
-0.30206309	0.77699215	0.76579137	-0.03240793	0.01077518	-0.01053887
-0.30490030	0.78207460	0.75410222	-0.01983964	0.01110830	-0.00626940
-0.29941089	0.77605463	0.75991581	-0.00903079	-0.02608646	-0.00388855
-0.29658816	0.77976505	0.76169516	0.02521931	-0.02762339	0.01317272
-0.29423359	0.77773616	0.74812354	0.00982103	-0.00803873	0.00072787
-0.30841428	0.78083440	0.75576500	0.02183020	-0.03321206	0.00660709
-0.30399913	0.77479100	0.76629530	-0.03295408	-0.03753493	0.01239445
-0.31014314	0.77518237	0.77178361	-0.00884347	-0.03922751	-0.00101808
-0.31671876	0.76868919	0.77032906	-0.01251654	-0.10139216	0.00989520
-0.30798017	0.77312588	0.76409037	-0.00217826	-0.08535748	0.01373709
-0.30281973	0.77376438	0.76493880	0.02204377	-0.04945081	0.00145973
-0.29371758	0.77531385	0.75311045	-0.03102863	-0.03336635	0.00923482
-0.30630084	0.76703474	0.76025966	0.01219741	-0.02142691	0.01324065
-0.29694701	0.76488444	0.77944048	0.04298379	0.00691442	0.01135669
-0.29902933	0.76700538	0.77566989	0.00117565	-0.01674326	0.00125117
-0.29498477	0.76749698	0.77430680	0.01949748	-0.05214440	-0.01857453
-0.30140705	0.77460522	0.77512202	0.00711232	-0.06247635	0.01844607
-0.29553125	0.77906722	0.76868634	0.00538779	-0.04218771	0.01606024
-0.29414472	0.78239652	0.77067136	-0.00655560	-0.04174610	0.01291162
-0.28994030	0.77598145	0.76656076	-0.00813086	-0.02081295	0.02559829
-0.28954121	0.77259010	0.77149004	-0.00250433	-0.04693438	0.02333769
-0.28954248	0.77224719	0.77157415	-0.00953342	-0.03309795	0.02605569
-0.29079666	0.77363844	0.76320558	-0.00688880	-0.03099188	0.00960608
-0.27726773	0.77523968	0.76531428	-0.00067726	-0.03677434	0.00913539
-0.29459010	0.77959190	0.76864960	0.02830840	-0.03630303	0.00289990
