-0.27064739	0.80343435	0.74027345	0.00817134	-0.00373726	-0.00063338
-0.26651715	0.80432748	0.73113408	-0.00288981	-0.01453885	-0.00389736
-0.27845286	0.81039663	0.74174927	-0.00480112	-0.00021579	-0.00199775
-0.27503388	0.80177331	0.74709032	0.02075911	0.02111921	0.00089038
-0.27251866	0.81425735	0.74272567	-0.00173973	-0.01028863	0.00703887
-0.27290351	0.80304858	0.73879012	0.02409727	0.00102509	0.01153335
-0.27077440	0.80799749	0.74194316	0.02704747	-0.01866430	-0.00536527
-0.26860089	0.80993198	0.74077226	-0.00155690	-0.02959917	0.01210029
-0.27704551	0.80061026	0.73541802	0.01967661	-0.04214119	0.01366471
-0.27159029	0.81467975	0.73945861	0.00957092	-0.04954665	-0.00376521
-0.28114126	0.80462209	0.74588894	-0.00670850	-0.02083139	0.00104572
-0.28833673	0.80129857	0.73401109	0.00551437	-0.04007575	-0.00516397
-0.27908197	0.81284072	0.73943756	0.02426876	-0.02852102	-0.00313326
-0.28407494	0.81241910	0.73936135	-0.00191191	-0.04253707	0.00726759
-0.28149948	0.80929361	0.74125098	0.01638084	-0.07395338	0.02146456
-0.28192235	0.82393448	0.73882882	0.01929207	-0.07137385	0.02946299
-0.27361473	0.82488663	0.73994929	-0.02493869	-0.07268522	0.02291897
-0.27696360	0.80460426	0.74090153	0.00208728	-0.07353728	0.02321328
-0.26913443	0.80441146	0.73741303	-0.00561215	-0.07414575	0.02389017
-0.26913024	0.80226522	0.73576248	0.00250386	-0.09725228	0.02934258
-0.27497811	0.81797083	0.73648792	0.00497300	-0.07386981	0.02042659
-0.26951592	0.81399505	0.73455484	-0.01953412	-0.07161114	0.02567521
-0.27052211	0.80614870	0.73071806	-0.00273108	-0.06532945	0.03164445
-0.27141678	0.80878718	0.73374171	-0.00948812	-0.07229741	0.02490172
-0.26920777	0.80625756	0.73745573	0.02356274	-0.07879379	0.03311455
-0.26670417	0.80397001	0.73990196	0.01174515	-0.05106630	0.03583305
-0.26216416	0.80668583	0.73966387	0.02185841	-0.04944085	0.03455915
-0.26454355	0.81324933	0.73987478	0.00073781	-0.05019627	0.02229436
-0.26534992	0.80176730	0.74426297	0.02750953	-0.07843348	0.02463798
-0.26958397	0.81632183	0.74562510	0.00311950	-0.06617095	0.02666803
-0.26819329	0.80560215	0.73478772	-0.00695701	-0.08860947	0.02708180
-0.25966772	0.80577827	0.74111954	0.00609519	-0.06050945	0.03037683
-0.25961569	0.81182142	0.74818870	0.03311950	-0.05101737	0.01810673
-0.26239901	0.80829840	0.75974367	-0.00013393	-0.03906065	0.02858360
-0.26136300	0.81995486	0.75345679	0.00720541	-0.03926533	0.02112258
-0.26168020	0.81187201	0.74028400	0.03957539	-0.05603595	0.03822654
-0.26044563	0.81054034	0.73652922	0.00959181	-0.03595567	0.02846901
-0.25868615	0.80702713	0.73647096	0.00192207	-0.06878594	0.02879009
-0.24894754	0.81251355	0.73363121	0.00356307	-0.05554752	0.02043322
-0.25149116	0.80449056	0.73649141	0.01385391	-0.01901817	0.02029731
-0.24844292	0.81114192	0.73967123	0.02591497	-0.01162824	0.01731871
-0.24309028	0.80906596	0.72956294	-0.00647798	-0.00524092	-0.00008170
-0.25306268	0.81335039	0.73542745	0.00326788	-0.00817923	-0.01090812
-0.24175946	0.79594172	0.73199442	0.03232062	0.01899776	-0.01220944
-0.24996466	0.81467218	0.73998803	-0.01211627	0.01525749	-0.01849839
-0.25904951	0.80694716	0.73364660	-0.01482308	0.02142027	-0.02163063
-0.25058119	0.81041104	0.73358414	-0.00518700	-0.00744844	-0.01402601
-0.25442139	0.80014548	0.74239797	-0.00887341	0.00586648	-0.00269248
-0.25754191	0.80594047	0.73196820	-0.00258314	0.02378436	0.00254480
-0.25593602	0.81479465	0.74675121	0.02504730	0.01343206	0.00255486
-0.26292718	0.81078379	0.74712169	-0.00068092	-0.00760108	-0.00528621
-0.26573501	0.80320779	0.74758673	0.00072073	0.02189010	0.01155641
-0.26940467	0.81605454	0.73069740	0.03588188	0.03032618	0.00653343
-0.27192609	0.80388490	0.73570390	-0.01866833	0.03831492	-0.00704204
-0.26484732	0.80177335	0.73290210	-0.02051506	0.02553903	-0.00591446
-0.26064976	0.79805348	0.73398638	-0.00742794	0.03670472	-0.00702169
-0.25412788	0.81614825	0.74260235	0.00451509	0.02648537	0.01073654
-0.25521773	0.80827290	0.74236424	0.01450567	0.01125774	0.01146537
-0.25394083	0.82190787	0.73372630	-0.00087335	0.02813296	0.00306838
-0.26492880	0.81664679	0.74658934	0.01101354	0.01173935	-0.00737246
-0.26617232	0.81668921	0.74952577	-0.01220453	-0.00309650	-0.00576130
-0.26871917	0.83022818	0.74703575	-0.02658211	0.00314796	-0.00503458
-0.26894431	0.81514333	0.73988145	-0.01738536	0.01938950	-0.00108463
-0.26365561	0.81327332	0.73890426	0.00612703	0.00899720	-0.00188081
-0.26550511	0.80873229	0.73993496	0.03041542	0.01355403	0.00980115
-0.26623543	0.81462309	0.74107279	-0.00467958	-0.02478096	0.00246165
-0.26480261	0.81695942	0.74437684	-0.00157289	-0.00910973	0.00970264
-0.26581623	0.80930448	0.74372611	0.00964996	0.01000184	0.00061806
-0.27226957	0.82109333	0.74571868	-0.02423544	0.04050056	0.01030036
-0.26510711	0.82588273	0.74168524	-0.02516385	0.02163349	-0.00987427
-0.26978414	0.81840917	0.73944875	0.01541206	0.01398200	0.00289920
-0.25848416	0.82263852	0.74214746	0.00543178	0.00001237	-0.00439858
-0.26644868	0.81904154	0.73752551	-0.01950750	0.01741095	-0.00443977
-0.27194452	0.82365968	0.72531278	-0.00645649	0.00450882	-0.00058874
-0.27076293	0.80464601	0.72504849	-0.00778725	-0.00918205	0.00123217
-0.26169911	0.80852032	0.73164362	-0.00764293	0.00002477	-0.00819455
-0.27029083	0.80373300	0.72327394	0.00348356	0.01370095	0.00167759
-0.27106936	0.81705027	0.73228317	0.00107089	0.01016256	-0.00189158
-0.27351806	0.81357044	0.74031604	-0.00795503	0.00748497	-0.00915780
-0.26343348	0.80975904	0.74745777	0.01607733	-0.00274002	-0.01095536
-0.27177159	0.80906079	0.73680072	0.00795708	-0.00278695	0.00470312
-0.27724634	0.81711108	0.73462268	0.00856725	0.00599983	-0.00452899
-0.26760235	0.80972173	0.73217413	-0.00107220	0.01431785	0.00533832
-0.27279964	0.80384920	0.72652805	-0.00002144	0.00616058	0.00740259
-0.27301211	0.81533155	0.73478800	-0.01036816	0.02111648	-0.00216229
-0.27211404	0.80970926	0.74081373	-0.00793211	-0.00729655	-0.00265638
-0.26845798	0.80884981	0.73745202	0.00707872	0.02136554	-0.00998807
-0.26508976	0.81824892	0.72739266	-0.00746458	0.02700017	-0.00420583
-0.27480389	0.80106577	0.73596971	-0.01324358	0.01295468	-0.00452888
-0.26971997	0.80865702	0.72704411	-0.01284496	0.01638829	-0.00238827
-0.26828955	0.81042350	0.73593306	0.00968203	0.02481127	0.00260930
-0.27503041	0.81130735	0.74409880	0.02020383	0.01225396	-0.00129002
-0.27411905	0.81643625	0.72885080	-0.01831864	0.01799227	-0.00351498
-0.28548403	0.79973850	0.73506991	-0.01970445	0.00838971	-0.00709821
-0.27527643	0.82027780	0.73165679	-0.00046984	0.00884794	0.01049292
-0.27775749	0.82462037	0.73838058	-0.02533769	0.01347758	-0.00622808
-0.27559174	0.81661393	0.73666384	0.00178545	0.02499712	-0.00444973
-0.28026771	0.80562714	0.73968000	-0.00475857	0.00006375	0.00064798
-0.27654428	0.81641174	0.74518880	-0.00580218	0.01755663	0.00016922
-0.27329844	0.82315454	0.73850623	-0.01531216	0.00889938	0.00131206
-0.26774172	0.80133514	0.73794614	-0.00910244	0.00528958	0.01012097
-0.27339820	0.81859127	0.73673640	0.02461455	0.00011372	-0.00314187
-0.28130481	0.81113333	0.73830849	0.02780656	0.00465800	-0.01156281
-0.27689193	0.80514867	0.73397390	0.02040085	-0.00288195	0.00561693
-0.27593454	0.81994724	0.74351757	0.00440607	0.00445304	0.00840423
-0.27873225	0.80715865	0.74414794	0.01620392	-0.01348847	-0.00239090
-0.26633430	0.81013693	0.74035481	0.02527798	0.02817932	0.00552764
-0.26938163	0.80752354	0.73596876	0.01249779	0.00403523	-0.00382731
-0.28187850	0.82346203	0.73227892	-0.01337868	0.00509700	-0.00780462
-0.28060848	0.82154941	0.73633749	0.02143226	0.00357681	-0.00630482
-0.27644327	0.81204145	0.73777595	0.00602931	0.01766346	-0.00537012
-0.29033194	0.81113099	0.74017615	0.02698864	0.00550300	-0.00536215
-0.27201652	0.81261747	0.73507981	-0.01911151	-0.02186825	0.00860528
-0.27709408	0.81141332	0.73482495	-0.01441440	-0.03696457	-0.00163272
-0.27660523	0.81412372	0.74532425	-0.01566967	-0.00369489	0.01251171
-0.27731877	0.81700907	0.73681374	0.02109701	-0.00360180	0.00548431
-0.27484325	0.81404999	0.73744011	-0.00965905	0.00658055	-0.00476410
-0.27542406	0.81046138	0.73870914	0.01632804	0.02113702	0.00330233
-0.26781126	0.81121870	0.73437922	0.01280166	0.03252223	0.00085306
-0.26630260	0.81060339	0.73428641	0.02911070	0.00641255	-0.01024512
-0.27729909	0.79453189	0.71850556	-0.02619990	-0.00059348	-0.01056613
-0.27391917	0.77683426	0.71822614	-0.07480189	-0.02434205	0.00177835
-0.26889393	0.77948234	0.72381955	-0.12326149	-0.02130455	0.01500814
-0.28134780	0.80767022	0.72712416	-0.03537645	0.01235848	0.02785304
-0.29609322	0.84159769	0.74383231	0.03228059	0.04707091	0.01840448
-0.29148530	0.82266588	0.74311577	0.02456821	0.01518074	0.01373904
-0.28511152	0.81892121	0.73890844	-0.04043367	-0.02508772	0.00652775
-0.28055530	0.81781301	0.73984880	0.01548084	-0.02098112	-0.00054105
