0.38074416	-0.01789309	-0.03823476	-1.65904471	2.11145124	0.18053724
0.19629153	0.15847689	-0.01965971	-0.48167286	1.93244323	0.33734124
-0.04737818	0.27841749	-0.01865724	-3.11102712	0.75471298	-0.09346213
0.15291188	0.18893793	-0.04778681	-3.01375726	0.70369369	-0.30684712
0.27428865	0.22720069	-0.05518651	-3.38525756	-1.19259880	-0.37033409
0.16344626	-0.00871245	-0.33656828	-2.83605246	-2.76598881	-0.32171223
0.02476400	0.04186851	0.05267868	-1.71117912	-1.36632049	0.13829617
0.27172052	-0.20501433	-0.40058459	-0.82329071	-3.70750474	0.72437652
0.94725095	-0.60068321	-0.48276741	0.25503180	-2.01814904	1.56008099
2.07201571	-0.98443446	-1.30856423	-0.05593927	2.14132299	1.78030322
2.33066222	-0.78555768	-1.07170271	0.25506689	6.84917781	0.78747117
1.88287033	-0.86261940	-0.10690724	-0.55155286	1.51436703	-1.01804385
1.28459578	-0.19285589	-0.00958832	0.88679213	-3.79436905	-0.08377478
2.00814208	0.13059779	-0.12773759	0.83564735	-1.57119578	0.52837996
1.77212921	-0.08495409	-0.58372109	0.22764547	0.93842511	-0.45327301
1.32405460	-0.26549773	-0.01126588	-0.25631091	1.61534001	-0.52747519
1.32083260	0.16810751	-0.18253061	-0.54186924	2.02273928	0.21020686
0.83781194	-0.04227542	0.01599918	-0.21038154	-2.48001765	-0.06939073
0.68522292	0.00302416	-0.02237447	-0.10254428	-1.50388883	0.41163243
0.47253942	0.09812741	-0.42322414	1.40601660	0.30382742	0.48858734
0.47802042	-0.35797038	-0.38688413	0.49025368	-1.28789673	0.09506841
0.31339892	0.25359479	-0.50041330	0.72145759	0.70216185	0.30861794
0.28791307	-0.14747865	-0.42601863	0.28750352	0.87488474	0.09512227
0.57826006	-0.07825009	-0.23811162	0.79018085	-0.90918006	-0.15692330
0.68141752	0.05177569	-0.47573746	0.11116173	2.31083560	-0.32233113
0.77017114	0.09817180	-0.13259804	0.59866756	1.70214952	-0.47371509
0.29038381	0.30778272	-0.30139467	-0.26174747	2.20147505	0.26785845
0.40919915	-0.00844606	-0.43738591	-1.51142779	2.36836971	0.17189032
1.50345421	-0.05623319	-0.31227993	-2.06143432	1.47702953	0.00997397
1.89303519	-0.55860309	-0.13484748	-2.31496599	1.20657530	-0.68505580
2.12443391	-0.22849538	-0.00816695	-1.61187112	1.08406711	-0.76223221
2.07471984	-0.46168409	0.05560344	-2.79336579	0.97520099	-0.08422125
2.16361155	-0.24912679	-0.48298431	-3.27976067	1.51922552	-0.63840464
2.01546834	-0.14010858	0.01613828	-3.67735031	-0.78606698	0.04101348
1.76879448	-0.23947439	-0.17488618	-3.10127575	-0.81228516	0.59463173
1.61546274	-0.31143046	0.03105225	-3.02211404	0.37189211	0.34939291
1.44903749	-0.33777363	-0.41065119	-4.21158699	0.24238759	0.47227628
0.68032961	-0.22189142	-0.32942606	-2.64366707	0.67746509	0.74319430
0.91471484	-0.75260190	-0.15098252	-1.60391836	-0.32041285	0.00559113
0.60001541	-0.49502600	-0.19536310	-3.28901724	-0.36972018	0.05237825
0.43532982	-0.07949307	-0.41680862	-1.90362522	0.67388018	0.87900462
0.32686347	0.05662296	-0.21986026	-4.27718055	-0.19955929	1.02508790
0.77395682	-0.10701746	-0.16081732	-2.29884086	0.49903079	0.75238952
0.42853748	0.02022087	-0.21991913	-2.85649579	0.57444037	-0.25458396
0.30863829	-0.12719761	0.05077449	-2.10908971	1.46372889	-0.08593188
0.27901061	-0.12823964	-0.11517599	-3.01184660	1.23215161	-0.78002266
0.36906154	-0.11387667	0.08495507	-2.99816166	0.82939821	-0.81306017
0.64993862	0.13967676	-0.29137032	-2.27313398	1.18314348	-1.25708975
0.28628575	-0.44358978	0.24636093	-2.48222912	1.30387447	-0.61904242
0.43063920	0.04098015	0.24988658	-2.90457759	-1.29180731	-0.27769447
0.38183062	-0.31560181	0.20876794	-2.07328844	-1.83837675	1.10399624
0.79077132	-0.40986159	-0.36822360	-0.13611190	-3.65586039	1.33390149
1.45727402	-0.38922263	-1.09078064	-1.50513853	-2.44427174	0.40483677
1.03178117	-0.21138386	-1.50415870	-1.38706558	-0.41547400	0.37230711
1.48377652	-0.91770827	-1.04979001	-2.17078197	1.11533184	0.69099341
1.88183646	-0.86349614	-0.65996828	-2.51410339	2.88040918	0.78128544
1.76855309	-0.95014852	-0.59524998	0.59421781	2.15411646	-0.30873295
1.70237233	-0.83816571	-0.11581489	1.86712711	-0.71599503	-0.54864137
1.41684141	-0.58247100	-0.18041915	1.78530567	-0.75635870	-0.62400267
1.66033791	-0.08117418	-0.75267757	2.08974160	-1.42275188	0.09983049
2.03389454	0.38547121	-0.57946267	0.84296029	-0.28721131	-0.34402118
1.82506862	0.21336432	-0.41087125	-0.37044555	-1.43134550	-0.72631506
0.59979269	0.13074180	0.07694701	1.18721045	-0.67923881	-0.31559159
0.32061299	0.26022964	0.11650315	-0.67084376	-1.50707097	-0.54205183
0.51539509	-0.16436791	0.14776000	1.56416939	-2.71838921	-0.53981797
0.59424497	-0.21304591	-0.26583512	1.39192795	-2.07322513	0.14907734
0.76364806	-0.09901156	-0.39705729	-0.02275705	-0.75737688	0.35028418
0.67817113	-0.23047022	-0.49010136	1.29013327	-1.16067583	1.30935379
1.13363929	0.08227668	-0.23977797	0.87412348	0.88192545	0.71834714
1.23789599	-0.26343863	-0.55820679	0.97829631	1.93638936	-0.05844328
1.08256218	-0.37189480	-0.10143176	1.33381875	2.02046164	-0.15298138
1.01868546	-0.23958871	-0.22312278	1.58656464	2.47604756	-0.29959703
0.33451312	-0.15455011	0.04159718	0.53668600	0.72059659	-0.27707755
0.47253725	0.11290073	-0.07116336	2.61496349	0.96675203	0.16825394
0.70522658	-0.05816346	-0.20259616	0.23541574	1.19089948	0.62442904
1.09705515	-0.19163598	-0.32611042	0.94309531	1.00177923	0.04178933
0.50488047	0.24098746	-0.19033091	-0.03087701	0.13417261	0.38472668
0.62616291	-0.32279185	-0.21582449	1.07805458	0.25203631	-0.10977593
0.32299673	-0.59636319	0.11386213	0.36385620	0.89027305	-0.48899608
1.09992584	-0.67621975	-0.17147327	0.28796817	0.38416371	-1.70058972
1.78737065	-0.10701452	-0.11458554	0.45296423	1.00158962	-0.22199380
2.09464201	0.25835861	-0.22644271	0.19006196	-0.14227888	0.53393085
2.45449778	0.15631387	-0.27536438	-1.65217438	0.36342163	0.33758884
1.81971412	-0.34089132	-0.14382841	-2.39062185	1.90151270	-0.11193984
1.64741470	-0.81603837	0.08588356	-0.47972034	-0.06884846	0.04868334
1.26756931	-0.84413593	0.16548353	-0.85061147	-1.69407719	0.57451372
1.26897301	-0.29247528	0.34008362	-0.32541085	-0.19038260	-0.12773454
0.90256263	-0.25911754	0.11421012	-1.08404984	0.41511318	0.47579481
1.11020154	-0.15650906	-0.31822685	-1.43675646	-1.26573880	-0.43496777
0.71766863	0.20923207	-0.42941078	-1.36582130	0.44018334	0.08541560
0.86213939	0.15465082	-0.11058666	-1.29327881	0.15594669	0.00799829
0.71462481	-0.07397739	0.25222174	-0.31683816	1.11456312	0.66982800
0.72902985	0.10887644	-0.23844704	-1.75949217	-0.19336272	-0.06297239
0.44651377	0.19219970	-0.08243926	-0.49920523	1.05682810	-0.65682007
0.45529693	0.08739581	-0.20897388	-0.80453970	1.26453700	-0.81208322
0.18099521	-0.06247376	0.00134160	-1.48473982	0.97482885	-0.77709105
0.37847130	0.13663169	0.25047425	-0.73698103	-1.73987750	-0.04973449
0.48453061	-0.21991007	-0.25730431	-0.31627274	-1.72038750	0.04741090
0.57912616	-0.26652488	-0.10813746	0.85186073	-0.06900040	0.32506916
1.15754799	-0.46335173	-0.12902088	-0.97014198	0.05020216	-0.09859885
1.01794010	-0.67030877	-0.31647955	1.18497494	-1.11618012	-0.18414337
1.47897695	-0.71013035	-0.29928238	0.54357610	0.97273000	0.49660449
1.61114865	-0.57932562	-0.84340398	0.18405357	-0.08258219	0.35058715
2.36333345	-0.33985990	-0.96885521	1.93732054	1.80935431	-0.50431083
2.05555923	-0.71329074	-0.15951128	1.65873885	0.36548676	-0.78465169
1.18648913	-0.41959600	-0.17906808	1.63287275	0.09403946	-0.36244086
1.62807441	-0.04354247	-0.23940335	2.05663842	-2.16520747	0.46281887
2.11269848	0.20470154	-0.45721280	1.64809483	-0.54978182	0.08745246
1.88008027	0.49215473	-0.38196258	1.08368713	0.37284225	-0.78445679
1.64741185	0.21229678	-0.21369407	1.22424577	0.22946777	-0.11865198
0.80147003	-0.07953529	0.12712652	1.94871486	-3.60773520	-0.61763231
0.57642239	0.08850732	0.37267293	1.34499440	-3.66717220	0.56745281
0.65252669	-0.16933692	-0.00771201	1.40714104	-3.09535671	0.66887705
0.66088148	-0.12579247	-0.00897639	1.94247521	-2.56832998	0.73549664
1.00136474	-0.17547758	-0.50499115	3.28491479	-2.64536533	1.30595362
1.72043041	-0.56187792	-0.51341260	1.52341876	-0.45165612	0.59938170
1.01009826	-0.42308351	-0.26202464	2.04007727	-0.71371899	-0.28667160
1.10825063	-0.18045002	-0.31516018	3.27965387	0.01305725	-0.37426126
0.90922105	0.13645231	-0.10813287	2.57561097	1.98463708	-0.38294585
0.41470677	0.45368934	-0.24096974	0.30171216	1.41450732	-0.68977281
0.55067849	0.17160410	-0.06877218	-0.75942738	1.40483454	-0.63653100
0.38833289	0.36178047	0.11060463	0.14110967	1.81193608	0.06354139
0.65453542	0.08654005	0.00804438	0.93186230	0.72821144	0.71056443
0.82795385	0.21361528	-0.28296787	-0.28108955	-1.66799010	-0.08066899
0.31029961	0.12483806	-0.24574898	-0.05459770	-1.35088260	-0.33365804
1.27667899	-0.37994381	-0.27096763	-1.42589281	0.05196652	-0.10601133
1.24885529	-0.33720164	-0.17309449	-1.27306747	-1.36933926	-0.63853345
1.97962306	-0.61245765	-0.06560943	0.29280634	-2.79020626	-0.54392655
