1.64281736	-0.47309486	-0.36508165	-0.06687469	1.45561342	-0.17256430
1.76409996	-0.23001704	-0.43785708	-0.03237666	2.50842098	-0.13312119
1.92015818	-0.06256772	-0.73461688	-2.39744119	0.65056439	-0.28659697
1.73031786	0.08661400	0.35243626	-1.04224786	-0.52300294	-0.12350720
1.50439732	-0.12173391	0.54459315	-0.63372504	-3.10061712	0.32370629
2.06927056	-0.26129053	0.23310782	-1.21584756	-1.23695092	0.56549555
1.87760503	-0.25836214	-0.36759389	-1.58118716	2.00643956	0.38491108
1.53634707	-0.11031365	-0.51885456	-1.63773269	2.06257668	0.32467004
1.44905473	-0.10138455	-0.16011016	-1.63796004	1.05740160	0.74913209
0.00213219	0.04640270	-0.06838277	-1.39305494	-0.78107697	0.71104001
0.48812435	-0.09098146	0.11493651	-1.61950965	-0.31178840	0.95702684
0.35666821	-0.01049041	0.12755533	-2.39290843	-2.42171518	1.31376339
0.46786793	-0.22021856	-0.08157778	-2.23673011	-2.13961413	0.38283356
1.13855467	-0.40565957	-0.34700677	-1.03745556	-1.78498596	0.54009418
1.05449813	-0.42889872	-0.41213561	-0.58899166	0.24474357	-0.31801995
1.35054468	-0.43323645	-0.35858594	-1.38147242	1.52018696	-0.14878595
1.05391909	-0.41274466	-0.22023402	-0.54600527	1.33966058	-0.20908266
0.91548087	-0.24917991	-0.24365751	-0.11294321	0.53968815	-0.08368949
0.84906665	-0.23739187	-0.29091807	-1.16485385	-0.37745028	0.49791420
0.67944094	-0.24544099	0.30794366	-0.75040020	-0.01922523	-0.07452396
1.20900781	0.12744962	0.02635302	-0.57165871	0.12966980	0.24841289
0.56596773	-0.07027709	0.31481492	-1.15456935	1.48210185	-0.00377089
0.92742832	0.14531816	0.03633327	-0.96938894	0.81270990	-0.38356884
1.09374556	0.32784426	0.39593479	-0.62017178	1.38102337	-0.58281708
0.46329883	-0.04162390	-0.22330574	-1.76174510	0.51042191	-0.34098797
0.83807961	-0.04137562	-0.36862942	-0.89332939	-0.60395397	0.47158902
1.01750564	-0.43476064	-0.64544432	-1.03737815	-0.74272542	0.86649645
2.19821429	-0.74032158	-1.03140826	-2.12655376	1.73480847	0.62380225
2.32754221	-0.90280173	-0.82632650	-1.13500146	-0.02216288	-0.55224713
2.12215329	-1.07794080	-0.55741325	-0.41367679	0.32568566	-0.25684537
2.48339033	-0.97773200	-0.09229643	0.69532351	1.23974561	-0.95887436
2.14496838	-0.38198014	0.04710254	1.16614878	1.24236184	0.04270994
1.36212808	-0.44751804	-0.74246991	0.45111131	1.44010043	-1.21418846
1.16681984	0.00943770	0.23881220	0.13718483	0.18664313	-1.41239970
0.74225116	0.17381514	0.56627483	0.42764560	-1.33834116	-0.09127284
0.53710513	-0.13751553	0.01296450	0.55510588	-2.13361486	0.22022870
0.88789049	0.04574543	0.16675445	-0.34062596	-1.74446751	0.06698037
1.10085252	-0.22682732	-0.08804930	-0.10369476	-0.36765016	0.54177872
1.19075377	-0.23401199	0.02392313	-0.11256591	0.60603020	0.37819112
0.60956062	0.09749451	0.02831942	-0.09235471	-0.10223101	0.50866142
0.27207697	-0.26075541	0.02117395	0.35408393	-0.39306547	0.31893275
1.09914385	-0.11737108	-0.07852237	0.21718958	-0.33994758	0.27247665
0.76061584	-0.47593045	-0.29006927	1.29083498	-1.04830309	0.17184031
0.93783770	-0.42317528	-0.37049367	0.28397855	-0.38754863	-0.13326467
0.80811356	-0.40028421	-0.00592167	1.13959442	1.13365743	-0.20266593
1.26631520	-0.06322448	-0.23206660	1.39626658	0.57328452	-0.19675373
0.99045131	0.28413601	-0.31760962	1.27175315	1.20997942	-0.42881468
0.98471172	0.75317138	-0.26569075	0.73793566	0.60210259	0.21773303
0.92143176	0.12365357	-0.42679617	0.98477299	-1.32492339	0.54769637
0.98729219	0.06866624	-0.10688369	0.10908225	-0.84996306	0.52973588
0.69334768	-0.19461408	-0.34392357	0.39286873	-0.44457176	0.22313592
0.62948660	-0.31124861	-0.23670096	0.37048741	-0.61480327	-0.03493997
0.65000688	-0.80581210	-0.29366807	0.21472458	1.16113971	-0.19771242
0.82980739	-0.55385312	-0.12432727	0.51251773	0.66137926	-1.10954523
1.64075347	-0.38132651	-0.32880976	-0.22042805	1.16553866	-0.99022497
2.29906558	-0.18577848	0.26998401	-0.48724150	1.11068161	0.29486696
1.89519091	0.04967912	0.09828332	-0.75690612	0.73826156	0.08456348
1.67733817	-0.20783803	-0.19823171	-1.06613555	0.96735702	0.56567905
1.49300889	-0.31447658	-0.08916111	-0.71573838	0.37165334	0.57019624
1.32565440	-0.25025805	0.01546322	-0.31768498	-0.47642776	0.08345915
2.01537411	-0.26274884	0.02784840	-0.12365143	-1.34788089	0.67214084
1.61877239	-0.49318919	-0.03800759	-0.57095925	1.07825920	0.47194165
1.73167628	-0.19327404	-0.20756657	0.46196943	0.89440825	0.22994946
1.03394534	-0.45998805	-0.45187181	-0.15918120	1.07397881	0.34689151
0.84598468	0.10833272	-0.33504791	-0.70645878	-0.22929160	0.63265656
0.43711327	-0.10479779	-0.13999365	-1.54721888	0.19784612	0.96150467
0.37098100	-0.01982759	-0.26696679	-1.03362544	-0.19553947	0.06448181
0.90162055	-0.02580044	-0.14100667	-0.71883183	1.01365903	0.02732109
1.06389108	0.13970459	-0.18364946	-0.69308953	1.04748770	-0.11347889
0.92647644	-0.17242577	0.02627675	-0.73555740	1.01992090	-0.77266042
0.69608027	-0.08453811	0.00007216	-0.20323603	0.16698095	-0.80113019
0.30513142	0.09972468	0.15232593	-0.98447190	0.56355186	-0.84457662
0.31499698	0.02913870	-0.06898434	-1.30209079	1.11144560	-1.01494416
0.30023338	-0.26118652	-0.17109952	-1.11698472	-0.23022938	-0.45014590
0.57450790	-0.26038785	0.08388276	-1.30041581	-1.55568839	-0.39033115
0.71036156	-0.48108214	-0.20715404	1.16786886	-2.67429733	0.66718470
1.23400604	-0.92194123	-0.57550688	1.17382827	-2.35663567	0.20636679
2.12960151	-0.76004198	-0.90889109	1.10082006	-1.58053465	-0.13213704
2.28940903	-0.75507257	-1.30246311	0.45786859	0.95127290	0.05474880
1.49272841	-0.76725905	-0.70195614	2.22937198	3.45862805	-1.08561942
1.19041248	-0.29565619	-0.24899850	1.46368344	1.66736141	-1.31520708
1.53799990	-0.12869216	-0.26500287	1.82079303	-1.73879135	-0.64791451
1.75684151	0.19472959	-0.85831750	2.33285268	-2.82120359	-0.66632674
1.97345076	0.11223122	-0.65217005	1.69088604	0.22768292	-0.29929727
2.11839079	0.15592761	-0.57994603	1.35187122	2.29922360	-1.25773816
1.27604498	0.02144360	0.02393313	1.10015033	0.08285735	-1.07650901
0.24305463	0.17451371	0.48713405	0.82390552	-1.75761545	-0.42846444
0.22383611	-0.12286326	0.18104364	1.16348186	-2.61305480	0.40494435
0.44514880	0.04618937	0.03323602	1.61550789	-2.88750179	0.48050487
0.40223560	0.15939348	-0.12943851	0.99474909	-1.69919568	1.03278775
1.14243363	0.05215062	-0.74480158	1.32223826	0.09866156	0.71327400
1.04443565	-0.33145648	-0.86780615	1.81712938	-0.51070948	0.53139367
1.09961626	-0.21311917	-0.36019301	1.74715380	0.63986270	-0.11442224
1.08110590	-0.18708574	-0.22714007	1.19132816	2.52579889	-0.74130512
0.76770120	-0.19680991	0.08316965	1.50699642	1.48355225	-0.61757345
0.49401205	0.33272363	-0.42671513	1.06011367	1.70769462	-0.59267302
0.27315669	0.45690571	-0.08944833	1.17051052	1.08381574	-0.22606055
0.37313596	-0.05641190	0.11756269	1.06241021	-1.66140214	0.00435078
0.58636258	0.17938260	-0.28461329	1.20139158	-1.69660511	0.85987050
0.45183952	0.19030973	-0.15945089	1.61404007	-2.10007396	0.72649730
0.79764854	0.03817609	-0.07638575	0.85828543	-0.99402076	0.51016689
1.34727676	-0.44956711	-0.63909127	0.32952206	1.20775063	-0.68194150
1.25238576	-0.34178414	0.08244187	0.76446102	1.64551535	-0.75067703
1.80131158	-0.15824742	-0.15964180	-0.43159299	0.43321259	-0.22745136
2.43744475	0.01656168	0.00273438	-0.57872948	0.21366124	-0.04883016
1.72798595	-0.39770533	-0.14262363	-0.00102147	-1.21567409	0.26623935
2.04934831	-0.58108831	0.01823049	0.26761712	-1.27187656	0.23485241
1.87633579	-0.60452617	0.10678311	0.35143367	-1.31866260	0.12538871
2.13443869	-0.50148289	0.41105191	1.47289009	-1.82799214	0.16790207
1.61230034	-0.35917520	-0.05311673	1.45977205	0.14084536	0.26643043
1.07315808	-0.07333031	-0.11199908	1.17714553	0.72584186	0.07373658
0.71868829	-0.33585532	-0.38675829	0.04954786	-0.08446863	0.26216138
0.66685057	0.02149485	-0.15532497	-0.27933661	0.46298829	0.25710134
0.21945188	0.09635594	-0.21402238	0.54072492	-0.49291043	0.22498256
0.45973151	-0.00561667	-0.07560850	0.14459991	1.06289142	0.43390041
0.46593104	0.13487136	0.22241032	-0.33335687	0.42119385	0.11649687
0.51685634	-0.06403549	0.02669313	-0.40351352	-0.83809033	-0.40757469
0.81812284	-0.09966261	-0.14867951	0.04847893	0.68569108	-0.41224723
0.91430597	0.27884258	-0.21633949	-1.39365242	-0.12082835	-0.46795223
0.37417580	-0.00862855	0.05213450	-0.55816692	1.65446113	-0.27510246
-0.01456373	-0.27808814	-0.12698555	-0.70259915	-0.54989846	-0.03327173
0.50880169	-0.46585828	-0.01162414	0.07389922	-2.50502852	-0.31291681
1.05301017	-0.38821909	-0.03235273	0.34434454	-1.15728872	0.25344333
1.42842018	-0.27689201	-0.50433277	-0.05609557	0.29222213	0.12363223
1.81543382	-0.62867611	-0.27063740	0.96209535	1.49893604	0.75232991
2.26169381	-0.68993114	-0.51870337	0.54115232	3.62158439	-0.01649133
1.67602522	-0.86310730	-0.37549934	1.47228571	1.59516829	-1.04050213
1.59719257	-0.59450785	0.09120230	2.78834794	0.13519657	-0.89802582
