0.61307709	-0.19068070	-0.35622458	0.45598490	-0.81891526	-0.28295346
0.95157429	-0.27693323	-0.61610025	-0.04976651	0.27925252	-0.67690302
1.19274546	-0.39707299	-0.50447211	0.07703019	0.03212259	-1.42205225
1.14661823	-0.39393726	-0.43455192	0.00807184	0.55341055	-0.86334902
1.03652831	-0.09201252	-0.39141458	0.20860763	0.00055612	-1.15304820
0.79174313	-0.26996040	-0.34689353	0.11472162	-1.73857976	-0.35374932
0.99979488	-0.15812077	-0.56829298	0.22656110	-0.73631288	-0.45963664
1.53323521	-0.49428299	-0.54435315	-0.01152371	-0.61667627	-0.67686553
1.52262002	-0.35702901	-0.84474032	-0.21011423	-0.31665597	-0.76165973
1.49461012	-0.32795789	-0.41869292	0.21553796	-0.29242251	-0.33200389
1.38877282	-0.21800721	-0.40528946	0.27471895	-0.59602156	-0.43226932
1.49818328	-0.31573290	-0.71355194	0.98039540	-0.58818954	-0.24626077
1.48213334	-0.61020316	-0.54592166	0.43170189	-0.21588934	-0.04853368
1.31458862	-0.35274458	-0.80517234	0.30746370	-0.24375047	0.05129647
1.39569744	-0.75762859	-1.10126773	0.32919384	-0.01078993	-0.07809521
0.89819338	-0.65666186	-0.71703148	0.06898437	0.18075333	-0.21502111
0.91385811	-0.98637400	-0.71530868	0.34945551	0.13405496	-0.54458150
0.79410913	-0.69771511	-0.52638328	0.56999915	0.91615785	-0.44744874
0.87668207	-0.37298570	-0.59663291	0.59586102	0.90428557	-0.65535789
1.07419815	0.08398514	-0.52723861	0.00122455	0.64864705	-0.43525572
0.99006552	-0.05620241	-0.47177815	0.13400011	0.27332042	0.63031944
1.03978683	0.05799663	-0.50093926	0.45080275	-0.56704691	0.62117398
0.90706776	-0.09067275	-0.60971287	0.23956436	0.09976586	0.30473859
0.94376681	-0.31518914	-0.65396366	-0.56571771	0.27797338	0.28206979
0.90230698	-0.48363370	-0.28352011	-0.36029818	0.99955874	0.21841549
0.94995326	-0.34167869	-0.27758897	0.18350485	1.82868698	-0.18208723
0.83933249	-0.32213549	-0.10865601	1.13803428	1.72501896	0.48517809
0.69243012	-0.23844514	-0.31381002	1.00147779	1.69546677	0.60544934
0.59108884	0.08031499	-0.42673532	-0.24994951	1.26991744	0.30619171
0.77209980	-0.09425294	-0.26290682	-0.61740471	0.95101429	0.66104225
0.63476172	-0.36479164	-0.24833583	-0.89554417	0.68944336	0.64998735
0.84811952	-0.69280197	0.13167205	-0.38553442	-0.14732567	1.49792670
1.02155315	-0.45537822	-0.03094864	0.23646906	-0.41803227	0.79433390
1.11198429	-0.59999180	-0.22356487	-0.01741678	-0.54053682	0.44752756
1.21684728	-0.38555325	-0.28005510	-0.20858311	-0.66502013	0.51604818
1.39504713	-0.71282140	-0.41612754	0.21719691	0.19274661	0.33224015
1.24182311	-0.79446495	-0.63446805	0.32270143	-0.17238180	0.11572986
1.31490641	-0.86802288	-0.73068258	0.10089739	-0.12951620	0.39452202
1.14674729	-0.75387764	-0.52542886	0.16709817	0.56071385	0.04421094
0.74115305	-0.44234324	-0.40569930	0.06430859	0.70322035	-0.14922392
0.22718334	-0.46803399	-0.43707436	0.11486208	-0.27458818	-0.36368832
0.47586919	-0.57360843	-0.32667003	-0.06813623	-1.37858089	0.06253148
0.94659726	-0.41381480	-0.49683280	0.07908864	-1.73828239	0.05556672
0.78536939	-0.59954029	-0.49623875	0.13083279	-1.03051930	0.00580253
0.94058105	-0.43029701	-0.48952513	0.47079976	-0.65367312	-0.18102091
1.03285977	-0.35491127	-0.29661223	0.21882235	-0.95502705	-0.46269973
0.78203556	-0.75070803	-0.83291967	0.68021557	-0.00138389	-0.44567051
0.89811701	-0.72969079	-0.43256079	0.49117603	-0.48012188	-1.29188152
0.55174233	-0.28160298	-0.24711432	0.31983494	0.62648174	-0.82318147
0.29495449	0.18969293	-0.39400125	-0.12441758	0.79587585	-0.65336040
0.41562678	0.25270012	-0.36030346	-0.47507883	0.22872766	-0.91117774
0.50241887	-0.25372331	-0.31954300	-0.42358258	0.29726820	-0.23031357
0.71346333	-0.31516747	-0.34430079	-0.48643100	0.36845659	-0.53006397
0.82507550	-0.48958292	-0.37852691	-0.09249718	-0.44834419	-0.27065748
0.88999945	-0.21547690	-0.32595499	0.20878807	-0.25571847	-0.33751874
1.16854241	-0.27710257	-0.19625985	0.06483226	-0.25805887	-0.25011982
1.31549099	-0.32877874	-0.54040201	-0.16068623	-0.71229664	0.04838150
1.34404312	-0.29407707	-0.40406149	-0.27297345	-0.74520291	-0.24579651
1.43923334	-0.30128993	-0.62265454	-0.39640438	-0.00911622	-0.38042387
1.49254001	-0.36035161	-0.38958545	-0.80747519	0.07698482	-0.32139214
1.18389348	-0.29255935	-0.40906393	-0.37737936	-0.47008510	0.14366207
1.02440852	-0.49770102	-0.74831264	-0.09159659	-0.97249537	0.03570718
1.09048343	-0.64084043	-0.61352881	-0.07146381	0.47039948	-0.00507188
1.20033071	-0.45962959	-0.65594231	-0.12746808	0.23487068	-0.26584961
1.34315552	-0.66510521	-0.76873360	-0.29310037	0.31211344	-0.18220812
1.10061361	-0.81972405	-0.39220309	-0.05586461	0.66457181	-0.58935749
1.00171366	-0.61304270	-0.39955234	0.43582691	0.97366134	-0.59455359
0.94867290	-0.37333683	-0.55543433	0.37534680	1.43992436	-0.18294918
1.01951454	-0.08987326	-0.34912629	0.11688650	0.43223903	0.53304216
0.75151869	0.26684568	-0.31021522	0.22307777	0.16735156	0.98259127
0.83854525	0.02770164	-0.35121891	-0.26232920	-0.05157644	0.84361887
0.78696298	-0.23875308	-0.27722944	-0.41639115	-0.48710909	1.20511667
0.81393437	-0.27038681	-0.20917705	-0.13490978	-0.43466790	0.63124774
0.77930582	-0.48561297	-0.23473261	-0.10515454	1.72242496	0.48712676
0.67203951	-0.21352776	-0.31059311	-0.32392149	2.07845025	0.22620510
0.59724538	-0.21968567	-0.26411467	-0.11217721	1.13429320	0.09620931
0.69341240	-0.03234288	-0.30801547	-0.52579604	1.16453888	0.81121917
0.46184695	-0.02653553	-0.14232267	0.11778002	0.34218216	0.95049183
0.92965369	-0.07337869	-0.27143583	-0.40910095	0.66834609	0.81705291
1.08521458	-0.54461962	-0.26961182	-0.34081604	0.98823735	0.91443306
1.18324511	-0.64010070	-0.17947690	0.41113980	0.95745746	1.05829555
1.08792651	-0.53036663	-0.16765292	0.79843833	0.04890960	0.94876685
0.90429879	-0.32659279	-0.05525822	0.82708886	-0.80340416	0.53650489
1.32139539	-0.39537113	-0.29452899	0.73581005	-1.24968043	0.57047954
1.37473494	-0.39643063	-0.41500255	0.44109220	-0.95265860	0.60890677
1.48942305	-0.57720920	-0.40223841	0.00733788	-0.77724270	0.85318923
1.23452341	-0.92057307	-0.44548707	0.15800014	-1.61055305	0.76715413
1.23270494	-1.23215693	-0.52092358	0.54782406	-0.65078916	0.09612013
1.12499069	-0.77968355	-0.31724858	0.64910333	0.22019467	-1.12710570
0.57271429	-0.71639325	-0.45464817	0.06097796	-0.12437611	-0.67674407
0.30283689	-0.48828183	-0.17644341	0.17330440	-1.44882499	-1.26627473
0.68669602	-0.58129573	-0.32804633	-0.12765277	-1.14507844	-1.13095247
0.93487733	-0.59390080	-0.24575673	0.59896373	-1.52883332	-0.63649529
1.20207522	-0.41580228	-0.74701795	0.91503167	-1.57761341	-0.54216018
0.93690575	-0.51235548	-0.62577721	0.40046070	-0.23995403	-0.36803010
1.08091463	-0.56195707	-0.69105980	0.51040511	-0.12813011	-0.18949383
0.93275029	-0.47015814	-0.36221579	0.60373723	0.32954514	-0.97401836
0.92587460	-0.69198206	-0.45369039	1.16748176	-1.16124574	-1.21266763
0.86095627	-0.24857659	-0.14960005	1.08651236	-1.19563292	-1.44745573
0.59353634	-0.28471194	-0.38065220	0.81246805	-0.22531146	-1.66888868
0.63365095	-0.14121482	-0.51999349	0.84867225	-0.59806979	-1.49906249
0.88319874	-0.22486553	-0.67616579	0.71829283	-1.02570336	-1.60145424
0.81280145	-0.00262722	-0.64657004	0.44609243	-0.15030881	-1.30431289
0.71410800	-0.14634424	-0.63640834	-0.09538953	-0.22271759	-0.83729641
1.02467694	-0.29679816	-0.49357985	0.14211210	-0.29968271	-0.55832683
1.12299023	-0.21662824	-0.09557063	0.42896813	-0.22636178	-0.37238259
1.07488289	-0.36827972	-0.27640909	-0.11228466	-0.60920396	-0.75488932
1.23401289	-0.27798780	-0.25186050	0.72264445	-1.15602346	-0.85028292
1.39914151	-0.24016527	-0.76130549	0.73045503	-0.50023940	-0.41891702
1.38622876	-0.15317188	-0.47811603	0.33155999	-1.23957498	-0.53338836
1.42951106	-0.42873035	-0.47952662	0.44482678	0.13469304	-0.46502437
1.13704807	-0.21963519	-0.29259803	0.55163747	-0.06713639	-0.91586803
0.86340696	-0.34719040	-0.33858943	0.63081495	-0.05785089	-0.06129541
0.89459577	-0.41161808	-0.63219614	0.50441611	-0.46464263	-0.44047100
0.90842197	-0.43141833	-0.94948367	0.44830493	0.33668866	-0.04600917
0.94850001	-0.40707228	-1.08473656	-0.46488865	1.24568817	-0.45611850
0.84811729	-0.56113733	-0.71260014	-0.51557206	0.94062877	-0.07901544
1.05403230	-0.27545492	-0.47965783	-0.29052138	0.58189961	0.15192326
1.16030726	-0.65276674	-0.95210847	-0.50407471	0.83361669	0.09032572
1.19355703	-0.68345185	-0.63382464	0.57157040	0.55910772	-0.15899950
1.00705659	-0.43868087	-0.39492991	0.71897788	1.09200394	-0.02427640
0.89728484	-0.14127742	-0.40786802	0.53174437	1.97465269	0.87791519
0.62757112	0.04330628	-0.41298398	0.74848060	1.07939272	0.40345049
0.37613509	-0.14245032	-0.12051134	0.16731994	1.46658091	0.46601275
0.51860197	-0.26670932	-0.28151688	-0.05595096	0.36234152	0.24142406
0.33773891	-0.23958284	-0.10694686	-0.28541099	1.42364938	0.85264627
0.53688662	-0.26062320	-0.34234540	0.00501479	1.06274957	0.13682654
0.60398267	-0.31277006	0.03892516	0.45897594	0.66354977	0.09290082
