0.70515873	-0.15744729	-0.19541636	0.11242557	0.46426079	0.99738648
1.22824879	-0.31315970	-0.31722592	0.14977817	1.03367867	1.41800918
0.87145690	-0.79626202	0.00529614	0.75969153	0.00794520	0.95576864
0.88015134	-0.81967808	-0.23686476	0.50626195	1.16433194	0.44072350
1.24218759	-0.74027958	-0.33168390	0.24528311	0.07719740	0.44603966
1.33287093	-0.92701384	-0.17996630	0.77322009	-1.57254643	0.36199586
1.19512276	-0.94568927	-0.30908256	0.76304026	-1.16430641	0.06130886
1.25650819	-0.96898364	-0.32932247	1.38297072	-1.19119137	-0.05442701
0.89499148	-1.02974132	-0.47683089	0.91413667	-0.95265740	0.03525625
0.94378547	-0.76598754	-0.41069278	0.84294760	-0.44526676	-1.36783866
0.58868475	-0.49376560	-0.50682953	0.10719999	-1.27949945	-1.01625750
0.54168427	-0.55107364	-0.60883787	-0.43826560	-1.59345623	-0.95100522
0.50895039	-0.58134579	-0.63395381	0.53697775	-2.68591413	-0.51624262
0.92415022	-0.52157822	-0.54268941	1.12198101	-2.85855830	-0.81801991
0.96867100	-0.53811118	-0.71014861	1.06441739	-1.26840123	-0.34270732
0.79262598	-0.62215460	-0.54994683	0.69063527	-0.71751735	-0.99954285
1.12303727	-0.41854300	-0.54713389	1.39993094	-0.34785240	-1.03804193
0.63934883	-0.35989402	-0.40102043	1.50888925	-0.77305064	-0.66997321
0.73234553	-0.22591615	-0.33198438	0.70731678	-1.49372399	-0.66757678
0.48997924	-0.06839718	-0.56502776	0.53765287	-2.26168802	-0.61342968
0.74069928	-0.33998694	-0.57144955	-0.00328052	-0.68202467	-0.92250629
0.70315863	-0.24061836	-0.83163947	-0.32649473	-0.56229394	-0.98354840
0.82045112	-0.25929602	-0.71920289	-0.04736285	0.54706023	-1.14007306
0.81086625	-0.27132247	-0.52509150	0.35601741	-0.02125293	-0.69893116
0.49832389	-0.39273700	-0.34357100	0.02975843	-0.02606038	-1.37223837
0.69884689	-0.28119981	-0.21999685	-0.46741976	-0.78252109	-1.86107130
0.74034986	-0.27903447	-0.45532637	-0.39245863	-0.80337224	-0.97183314
0.94797810	-0.26946168	-0.48522685	-0.24810591	-1.90174291	-0.85964069
1.39052907	-0.32879357	-0.42817008	0.07913369	-1.21098450	-0.68936569
1.61393986	-0.41918321	-0.58132172	-0.16803643	0.13112390	-0.50875056
1.52197092	-0.23610468	-0.63685774	0.07676536	-0.25439678	-0.64761604
1.24976443	-0.11599100	-0.82022233	0.25167648	-0.96602026	-0.69889934
1.28139899	-0.43404749	-0.87020959	0.52895500	-0.30768787	-0.55110024
1.12318839	-0.54621766	-1.20041850	0.54953772	0.04011689	0.08406235
0.87288252	-0.57064162	-0.74012207	0.05055016	0.83465750	0.49825065
0.60980711	-0.43211023	-0.74543800	-0.29880400	-0.29604126	0.71436901
0.85316833	-0.66888244	-0.79611360	0.66726830	-0.79075085	0.49317802
1.05772674	-0.90146357	-0.94807165	-0.37358375	0.60786092	0.60762265
1.05348611	-0.82336331	-0.70960695	-0.13763121	0.15258816	0.15634545
1.26638400	-0.31610802	-0.83915675	-0.03108949	0.96779822	0.00993247
1.03610229	-0.14403475	-0.65583154	0.21930707	0.82564071	0.30238501
0.84237963	-0.08494740	-0.49985989	0.44026843	0.86941641	0.63392632
0.76879431	-0.07734572	-0.43587155	0.11841590	1.10681894	1.01975115
0.63390918	-0.26749072	-0.53931301	0.16057294	1.14232206	1.21855393
0.64379221	-0.15913917	-0.65124248	-0.14409426	0.28382936	1.10548501
0.62205801	-0.28156142	-0.35605864	-0.75244830	1.90946249	0.65674007
0.47644883	-0.24392110	-0.31951445	-0.27876028	1.24774622	0.50008078
0.56592794	-0.40200769	-0.25233916	0.10632597	1.37401373	0.31819054
0.63675747	-0.24736577	-0.21489062	0.08093169	1.46443585	0.28789239
0.35340303	-0.14833051	-0.31094889	0.09628502	0.63528638	0.50163730
0.93848487	-0.10183153	-0.25518339	-0.23622263	0.30501207	1.40946081
1.08257680	-0.52097814	-0.65508359	0.14048296	0.37848567	1.84618410
1.55923059	-0.74377374	-0.64600264	0.54850280	0.93914187	1.52346922
1.27179792	-0.53876339	-0.46185742	0.49488198	1.22916912	1.03532563
1.64209865	-0.51433077	-0.27363292	0.16038514	1.44396666	0.42110277
1.49891651	-0.59057873	-0.19163877	-0.02895732	0.92853845	0.03524666
0.95809112	-0.57926684	-0.36844698	0.06190704	-0.85298908	-0.44433028
0.52075297	-0.64622788	-0.70560148	-0.08743077	-1.12751292	-0.00644536
0.81394549	-0.61426599	-0.63987066	-0.15711953	-0.42027386	0.19923480
1.18731558	-0.66408279	-0.59785296	-0.01462591	-0.22167770	0.69804067
0.76301043	-0.54154105	-0.70396176	-0.26924785	-0.73963683	0.25722022
0.60744131	-0.57664196	-0.67697958	-0.37639065	-0.59519639	-0.76475033
0.65640747	-0.58041344	-0.61192846	-0.28388203	-0.71406784	-0.74080370
1.19183084	-0.33764202	-0.44636142	0.51754176	-1.24281405	-0.65608119
0.75885329	-0.35533711	-0.33099458	0.17171803	-0.94729543	0.10737061
0.97901400	-0.26810600	-0.41286771	0.25438950	-0.18129690	-0.41362721
0.61346338	-0.32337659	-0.60338085	-0.15289795	-0.43082578	-0.10094864
0.79973789	-0.38164893	-0.47098381	-0.04026147	0.09311794	-0.63560743
0.38793952	-0.20265359	-0.46124956	-0.07391760	0.54728255	-1.25605495
0.29759737	-0.01058542	-0.45873429	-0.32437825	-1.08417379	-0.58636973
0.27154587	-0.21722315	-0.51950655	-0.39329461	-0.56752784	-0.02120152
0.18240129	-0.22700975	-0.41725124	-0.42358603	-1.12977082	0.08338826
1.03975401	-0.47671093	-0.66912392	-0.73034002	-0.57884849	0.01006828
0.89610928	-0.40671593	-0.69611586	-0.09661228	-0.03110914	-0.26370038
0.76948383	-0.29365985	-0.47047395	0.14432895	0.49418265	0.03255402
1.03127427	-0.21064504	-0.63170806	-0.07330135	-0.19489165	0.12086405
1.15146093	-0.23766616	-0.73834347	0.00825251	-0.97316210	0.71281025
1.17170822	-0.30166198	-0.89778569	-0.53695146	-0.28397003	0.70590728
1.30239295	-0.37680488	-0.94990587	-0.90923787	-0.01481744	0.74682411
1.49090460	-0.35026868	-0.88340100	-0.64048603	-0.14798048	1.14785387
1.16562807	-0.46279222	-0.82695470	-0.54164809	0.65037162	0.42854519
1.16138237	-0.62237356	-0.95138221	-0.34085125	-0.39049132	0.34396005
1.24879325	-0.43756278	-1.03376671	-0.68327133	-0.41671165	1.12037190
0.90478528	-0.27282036	-0.94846997	-1.35859920	1.47245413	1.14987610
0.94553058	-0.54162499	-0.85381498	-1.41666429	0.24980438	0.50876851
0.85652026	-0.96740530	-0.63186243	-0.97993543	0.56283306	1.16559536
1.01177446	-0.92928813	-0.57414120	-0.56508990	1.60772018	0.01837872
1.05787080	-0.74072250	-0.83859172	-0.38351481	1.71227977	0.64657760
0.93879935	-0.41869615	-0.49317077	-0.54870854	1.64991840	-0.10618389
1.10713711	-0.39835279	-0.97689288	-0.97825630	1.13648944	-0.05782330
0.88884472	0.12208782	-0.39054256	-0.86977220	1.98039177	0.75832952
0.69336091	-0.06063763	-0.30045878	-0.99314676	1.05641042	1.46694397
0.69183420	-0.16818623	-0.41521701	-0.89789276	0.76638787	1.15719336
0.53009511	-0.32912621	-0.29951234	-1.26694402	1.16120338	1.29937400
0.54808129	-0.64914812	-0.23168629	-0.39657288	0.93432687	0.92793261
0.68053528	-0.51698445	-0.31098297	-0.64939796	1.74926490	0.42368133
0.28278657	-0.18134078	-0.27800510	-0.56535758	1.16716186	0.62345499
0.22456032	-0.22109151	-0.20545044	-1.39403940	0.86953404	0.64748332
0.69926193	0.01553769	-0.37212187	-1.10289058	-0.06606368	1.05576263
0.68686097	-0.39325355	-0.53393415	-1.30668961	0.62553817	0.84362224
1.18094374	-0.51203601	-0.41611664	-0.60372932	0.12127054	1.31496987
1.13379871	-0.63628623	-0.50148115	-0.14240801	0.66697751	1.41559572
1.29365531	-0.80979463	-0.55702279	-0.05161459	0.70928903	0.85677345
1.44174812	-0.76526314	-0.53520389	0.28330228	0.86893913	1.45781696
1.41907360	-0.45894280	-0.44333778	-0.21632198	0.54819664	1.30640746
1.17746035	-0.30778108	-0.50429301	0.09549752	-0.04763452	1.08335541
1.28166752	-0.54818251	-0.71726938	-0.36168721	-0.16841314	1.16047850
1.01907930	-0.79179109	-0.84418070	-0.47795824	-1.22399424	0.59056124
0.78418559	-1.02846211	-0.54794134	0.16536202	1.10696778	0.35679522
0.76915794	-0.72987186	-0.46330052	0.06351946	0.76854135	0.33298167
0.87919523	-0.36583415	-0.56135266	-0.44662846	0.62865045	-0.39971613
0.80506739	-0.15230690	-0.70697227	-1.02266686	-0.79354129	-0.25263930
0.77023178	-0.20209813	-0.44734646	-0.77399196	-1.03976850	-0.09530177
0.73207520	-0.00193180	-0.59287039	-0.70274439	-0.52781282	0.33667365
0.56365517	-0.34920167	-0.60571820	-0.80026194	-0.89152382	-0.01757876
0.78805186	-0.48793883	-0.44870706	-0.45739378	-1.30342068	0.39212987
0.64421367	-0.53213120	-0.38900406	-0.77208872	-0.33573974	0.07922300
0.44176997	-0.61677560	-0.44070501	-0.50201751	-1.11892938	-0.98648446
0.42671561	-0.49530318	-0.45543647	-0.86328477	-0.04159505	-1.08940770
0.57983629	-0.26306735	-0.41415088	-0.31586189	-0.25066038	-0.23251307
0.34886488	-0.49663441	-0.36954616	-0.34948350	0.02630418	0.13115038
0.39658579	-0.25415609	-0.41455230	-0.25231240	-0.01569473	-0.43234995
0.75659078	-0.39526696	-0.51319853	-0.05188318	0.37658753	0.12076922
0.82217059	-0.44603329	-0.62927425	0.16561778	0.51717156	-0.08595146
0.50099557	-0.25051738	-0.69334383	-0.28834182	-0.14783251	-0.27534555
0.98567306	-0.34197985	-0.67023018	-0.27727173	-0.42189679	-0.25927136
1.15563714	-0.23118264	-0.78546955	-0.52359799	-0.94263267	-0.12925529
1.31226101	-0.23073066	-0.89045541	-0.44817938	-0.36437294	0.15327003
