0.93431741	-0.38901240	-0.22874025	0.10409295	-0.11722920	-0.08349963
0.92780617	-0.37409028	-0.23872486	0.12296779	-0.11433683	-0.12204004
0.93780923	-0.36204202	-0.23668809	0.13072682	-0.11597128	-0.13344768
0.96286141	-0.33722684	-0.26171225	0.08219715	-0.12012565	-0.13945387
0.97932148	-0.33054839	-0.26904958	0.11662556	-0.06377919	-0.14147248
0.98383808	-0.31475130	-0.25928002	0.07912929	-0.02868712	-0.11002804
0.95902363	-0.32216876	-0.25193739	0.12226963	-0.00383457	-0.11595996
0.95714342	-0.30068087	-0.23108050	0.09345464	-0.01850770	-0.10511724
0.94989460	-0.30807439	-0.21603003	0.10489180	-0.01752366	-0.13114399
0.95327500	-0.30422926	-0.21924058	0.01957975	-0.05543172	-0.13237428
0.95545185	-0.30096089	-0.23713059	0.04304184	-0.07348586	-0.11479110
0.95485430	-0.31162677	-0.22284322	0.05538617	-0.03576244	-0.08437802
0.95777661	-0.30426201	-0.22873056	0.02082577	-0.02662067	-0.10760426
0.95884451	-0.31271734	-0.22559814	0.04517783	-0.01823543	-0.07458688
0.94654268	-0.29583388	-0.22294025	0.02728863	-0.04514943	-0.07007240
0.96241140	-0.31479476	-0.23210042	0.04553461	-0.01588825	-0.05289196
0.95619521	-0.31656628	-0.22835513	-0.01815923	-0.04622788	-0.08621700
0.97857044	-0.31187687	-0.22433241	-0.02759315	-0.02297148	-0.03874377
0.96646048	-0.30524084	-0.24374022	-0.05987083	-0.05115926	-0.06559674
0.96129706	-0.29052346	-0.24248715	-0.10681163	-0.05422543	-0.05458320
0.95826143	-0.30286267	-0.24829013	-0.13934602	-0.06256494	-0.02517505
0.95505267	-0.31162194	-0.22905374	-0.13069987	-0.07203133	-0.03042912
0.95242590	-0.33765163	-0.24112967	-0.07690042	-0.06015880	-0.00886596
0.94930757	-0.32067123	-0.25714828	-0.13593515	-0.08496285	-0.04999918
0.94270203	-0.33015248	-0.26676285	-0.07047702	-0.07026499	-0.04267920
0.94849357	-0.32762104	-0.24592145	-0.02011852	-0.10027071	-0.04426815
0.96228427	-0.32677720	-0.24777286	-0.08232262	-0.10817724	-0.05380532
0.96499362	-0.32733939	-0.24478859	-0.01595201	-0.01159683	-0.05754107
0.97276926	-0.30323187	-0.23178849	-0.05141293	0.01963545	-0.05233529
0.95752589	-0.31292395	-0.23628269	-0.04754647	-0.03774791	-0.04803822
0.94633393	-0.28756010	-0.22558269	-0.12358096	-0.03434826	-0.02535408
0.95522597	-0.29455190	-0.23866454	-0.09268826	0.00328690	-0.02894430
0.96336286	-0.31328570	-0.23630903	-0.04524605	-0.00188951	-0.04088613
0.95830975	-0.28374555	-0.22467812	-0.07539659	-0.00203277	-0.02368159
0.94632829	-0.30869175	-0.22711282	-0.13518375	-0.03020976	-0.01937568
0.96000572	-0.29847766	-0.21872459	-0.07804073	-0.02827654	-0.01274507
0.95657856	-0.30780009	-0.22150814	-0.09200331	0.01000528	0.00521587
0.95680645	-0.29701989	-0.22175221	-0.03200482	0.00059037	0.00038054
0.97129579	-0.31106198	-0.23932503	-0.07843732	-0.01087051	-0.00179443
0.96560145	-0.32156099	-0.23944941	-0.15502745	0.07308635	0.02403538
0.97355411	-0.30842387	-0.25766724	-0.12551116	0.03014125	-0.00248758
0.96447657	-0.32990290	-0.22879561	-0.10490539	0.03276853	-0.02674030
0.96648159	-0.32394816	-0.22176863	-0.09780503	0.05190798	-0.00758386
0.96220567	-0.31343398	-0.21112478	-0.04957175	-0.00573827	-0.02134344
0.96002065	-0.31325934	-0.21197021	-0.06402159	-0.02044981	-0.01942624
0.96284653	-0.29915009	-0.22512883	-0.06880321	0.00553461	0.00963304
0.95877094	-0.29651269	-0.19655661	-0.07886004	-0.01053808	0.01356834
0.96518591	-0.30486352	-0.21006827	-0.10069199	0.00084473	0.02325687
0.95973495	-0.30535309	-0.21587036	-0.10397651	-0.05129458	0.00896354
0.96681642	-0.31511909	-0.21640639	-0.06217816	-0.05020314	-0.03370600
0.97055189	-0.30103994	-0.21675569	-0.05510822	-0.05750223	-0.01016746
0.97480589	-0.30368099	-0.22026858	-0.11834295	-0.02652371	-0.02599345
0.96579740	-0.30434767	-0.22742029	-0.06594727	-0.04344023	0.02600348
0.96737703	-0.34321259	-0.24778410	-0.02615708	-0.01782053	0.00859137
0.95565347	-0.33259066	-0.23955557	-0.03936692	-0.02410915	-0.01549316
0.96239736	-0.33065854	-0.22014923	-0.04073374	-0.02817371	-0.00499175
0.97163411	-0.33212103	-0.23185877	-0.06482754	-0.00297856	0.00011851
0.96426402	-0.33601103	-0.22536449	-0.07748583	0.00073665	-0.03466941
0.95710135	-0.32951498	-0.21515012	-0.03660730	0.05556445	-0.00656366
0.96013428	-0.32553510	-0.22473459	-0.02953441	0.00982976	-0.00440813
0.94781490	-0.32117191	-0.22132627	-0.00661919	0.03146085	0.00257002
0.94853604	-0.33307912	-0.22922791	-0.04115795	0.03211931	0.03007232
0.95397547	-0.31051966	-0.22969633	-0.03092241	-0.03144752	-0.00758872
0.95577566	-0.29828846	-0.22627639	0.02413963	-0.02790374	-0.03508132
0.96635096	-0.29772773	-0.23040064	0.00034377	0.00173535	-0.00842117
0.95974196	-0.30525970	-0.23497173	-0.01715037	-0.05316967	0.00852854
0.95375593	-0.30688663	-0.21688462	-0.02766724	-0.02526941	-0.00781231
0.96233061	-0.30778238	-0.20863116	-0.01627685	-0.07494266	-0.02527498
0.97036845	-0.32094837	-0.22898944	-0.04156519	-0.06178499	-0.02277844
0.95732917	-0.31626150	-0.22865876	-0.01994461	-0.04036282	-0.03150199
0.95360906	-0.32469139	-0.22655090	-0.04355194	-0.06481752	-0.04254025
0.96373917	-0.32594649	-0.21088176	-0.04745657	-0.06703608	-0.02280388
0.95164360	-0.31947897	-0.20448542	-0.07383765	0.01036329	-0.00116863
0.96330643	-0.32750738	-0.22408391	-0.07658344	-0.01799811	-0.02166290
0.97023544	-0.31503676	-0.21366584	-0.02794080	-0.01864331	0.02757977
0.94686995	-0.33175367	-0.22318445	-0.03991092	-0.04285968	-0.01158969
0.95439444	-0.31395675	-0.24141994	-0.08247976	-0.06829381	-0.01049575
0.94612357	-0.31251838	-0.22188959	-0.09267307	-0.06880262	0.00264443
0.97225983	-0.31952913	-0.20458469	-0.02190496	-0.05900719	0.00141480
0.96323299	-0.31412972	-0.20485686	-0.02056400	-0.06035253	-0.02547889
0.95746815	-0.31621585	-0.22687559	0.01498496	-0.05611563	-0.03802472
0.96465166	-0.32870047	-0.23110444	-0.02710126	-0.04401157	-0.02299466
0.95978049	-0.32620158	-0.22721798	0.05710566	-0.06133195	-0.03349079
0.96230770	-0.33136964	-0.22749387	0.03990559	-0.06554013	-0.02151638
0.96753220	-0.33814296	-0.20726751	-0.00948923	-0.05090962	-0.02903565
0.97054245	-0.31756523	-0.22431299	-0.01356050	-0.01046679	-0.03947492
0.95869578	-0.31853087	-0.22544063	0.06019215	-0.05837412	-0.04209201
0.95154014	-0.30694310	-0.21588693	0.04875157	-0.09844356	-0.02089490
0.96362131	-0.34018091	-0.21834774	0.02002484	-0.01690359	-0.04914741
0.96473808	-0.32491826	-0.20529308	0.05219488	-0.02369750	-0.02290187
0.96764393	-0.31582219	-0.23331056	0.03319511	-0.03473855	-0.07526791
0.95849288	-0.31662100	-0.22826567	0.05320856	-0.02177145	-0.02245644
0.96081579	-0.31853954	-0.22721903	-0.02375833	-0.02770093	-0.01756180
0.96771591	-0.32271618	-0.22377278	0.10271764	-0.04750337	-0.00885043
0.96760779	-0.31751244	-0.22450320	0.05427235	-0.03572640	-0.05864640
0.96347637	-0.31309846	-0.22307421	0.10121930	-0.05307043	-0.04664919
0.95823590	-0.32769741	-0.20819628	0.06156346	-0.03585174	-0.03133734
0.96029698	-0.30975561	-0.20503835	0.04745710	-0.05159718	0.00878923
0.95250737	-0.30328126	-0.21140706	0.07367977	-0.10365897	-0.00613805
0.95517010	-0.31395451	-0.21024392	0.05259124	-0.09269372	-0.01986467
0.95777699	-0.30568342	-0.21963074	0.05830388	-0.08776068	0.02159336
0.95441120	-0.32068689	-0.20463846	0.03121531	-0.06241180	0.01060866
0.95173932	-0.31130561	-0.20170264	0.03105104	-0.06438451	0.01790249
0.96776234	-0.30804420	-0.21263460	0.06354872	-0.05754571	0.01002092
0.96368802	-0.29451648	-0.20445117	0.10468621	-0.09506452	0.02070267
0.96276037	-0.31657388	-0.20864863	-0.00087700	-0.12841739	0.00671631
0.96195275	-0.31821333	-0.22163964	0.05263507	-0.03192400	-0.00531642
0.95671533	-0.32887917	-0.22447456	0.06158367	-0.04472573	0.00730400
0.96115187	-0.31220352	-0.22206560	-0.02419359	-0.02449311	-0.00594836
0.96649496	-0.32508540	-0.22036927	0.05190327	-0.05994650	-0.00594248
0.96672149	-0.32369102	-0.22105183	0.03489790	-0.03516260	-0.01457566
0.95366271	-0.31520558	-0.22143630	0.01850927	-0.04340135	-0.03264932
0.95308303	-0.31202263	-0.20396561	0.10563234	-0.08185268	0.00751488
0.96269628	-0.30861910	-0.20706751	0.11181441	-0.06732246	-0.01054203
0.96044345	-0.32992552	-0.21279717	0.04742703	-0.02988803	-0.00942323
0.96599714	-0.33139724	-0.20033404	-0.03435749	-0.02879322	-0.00657822
0.95819592	-0.30241914	-0.22559095	0.00448187	-0.05604676	0.00756523
0.97903255	-0.30899654	-0.22984176	-0.02577128	-0.06258378	0.01966138
0.96516509	-0.30855737	-0.21036355	-0.08304793	-0.03980212	0.01107304
0.97153952	-0.32011981	-0.21497100	0.02362479	-0.04754557	-0.01329074
0.95906806	-0.32605386	-0.22653967	-0.00201895	-0.00879848	-0.04159764
0.96203226	-0.33319253	-0.22275331	0.01815354	-0.00422216	-0.02958915
0.95786978	-0.31783836	-0.22969220	-0.04460616	-0.03295744	-0.02902549
0.95389521	-0.30762564	-0.23438649	-0.00393329	-0.05271673	-0.00531365
0.96582034	-0.32594596	-0.23247639	-0.06058843	-0.04309156	-0.02514836
0.96104783	-0.32223726	-0.23481334	-0.00285596	-0.01182663	-0.01669795
0.96730502	-0.31595390	-0.21687079	-0.04769215	-0.02614488	-0.02907177
0.96575322	-0.30886055	-0.22034893	-0.00588524	-0.00201559	-0.02329717
