0.95155086	-0.31267340	-0.24035921	-0.00929918	-0.01878674	0.04323905
0.94938984	-0.31725560	-0.23208897	-0.00535237	-0.02614190	0.04908866
0.94947506	-0.32578184	-0.23816642	0.00616447	0.03253532	0.03974528
0.95423340	-0.32251975	-0.23822860	-0.01264710	-0.00581476	0.03634305
0.95097662	-0.33081235	-0.24220821	-0.00375087	0.02059207	0.02376744
0.95224317	-0.30633431	-0.24338048	0.00794990	0.05597180	0.01628633
0.95870565	-0.31673199	-0.23791127	-0.00614871	0.02514634	0.03969223
0.95111016	-0.32581238	-0.23747478	-0.00309270	-0.00271988	0.04158354
0.95713553	-0.32655237	-0.23903402	-0.00438102	0.01553173	0.05010232
0.95534917	-0.31961415	-0.23395764	0.00439099	0.02096594	0.02355510
0.95661886	-0.32218710	-0.23065279	-0.01530586	-0.00674934	0.04574321
0.95741970	-0.32819171	-0.22934650	0.01547957	-0.00599744	0.02619415
0.95698078	-0.34039656	-0.23694347	0.00619884	-0.02961013	0.01311944
0.95389806	-0.32964729	-0.24190029	0.01553363	-0.01010943	0.03211548
0.95336258	-0.32410712	-0.24317264	0.01670582	-0.03861537	0.01397189
0.95448086	-0.33114976	-0.23605982	0.01648632	-0.00086992	0.01518688
0.94972080	-0.33372473	-0.23773442	0.01338975	-0.02580282	0.02154614
0.95356243	-0.33547088	-0.23270962	0.00785060	-0.03331464	0.04752863
0.95094216	-0.33544045	-0.23072361	-0.00199844	-0.01895951	0.02714771
0.94866944	-0.33640814	-0.23236343	0.02417888	-0.02439645	0.02957090
0.95219631	-0.32692390	-0.24201421	-0.00907153	-0.05357431	0.03669599
0.94619116	-0.32712176	-0.23804646	0.00965927	-0.05078976	0.04591365
0.95106374	-0.33717410	-0.23441455	-0.00308613	-0.06389425	0.05961596
0.95307248	-0.33823980	-0.23979360	-0.00157152	-0.00459275	0.06226705
0.94110985	-0.33303047	-0.24979202	-0.03565290	-0.04192569	0.05928790
0.93772192	-0.34326150	-0.24207137	-0.03711032	-0.06799037	0.05308541
0.93996427	-0.34080485	-0.25028768	-0.04184273	-0.08239399	0.03252268
0.93784179	-0.33269999	-0.24671337	-0.04851107	-0.06159019	0.08027044
0.93591887	-0.34123178	-0.25164244	-0.05772385	-0.06046348	0.05223691
0.94339753	-0.34413762	-0.24835492	-0.03655311	-0.11013402	0.08413296
0.94627099	-0.34991414	-0.24545186	-0.03916107	-0.09949738	0.06219037
0.94355742	-0.36010560	-0.25523635	0.00260326	-0.10714608	0.06868840
0.94987007	-0.36494654	-0.26012316	0.01770141	-0.06855557	0.06932249
0.95038652	-0.37178551	-0.26214509	0.04816874	-0.05421434	0.05149970
0.93430824	-0.36207491	-0.26992474	0.06229816	-0.04963486	0.02604270
0.93072397	-0.36133546	-0.26293289	0.03337277	-0.06738173	0.02883653
0.93550553	-0.35119104	-0.26274453	0.00940776	-0.05105901	0.01587138
0.94251666	-0.35993558	-0.26806424	0.05153781	-0.01607451	0.00476404
0.94303068	-0.35318139	-0.25993992	0.06621408	0.01767109	0.00696141
0.94530168	-0.35586538	-0.26245145	0.05120266	0.03585095	0.00291838
0.94081866	-0.35558463	-0.25339704	0.03240533	-0.00022602	-0.02221855
0.94293388	-0.34078617	-0.24371992	0.04607054	0.02628108	-0.00436981
0.94694200	-0.34653309	-0.24438452	0.03027238	0.04938839	0.01127661
0.93257656	-0.35164845	-0.25109111	0.05080995	0.01402858	-0.02954059
0.92965466	-0.35366933	-0.24544704	0.00240713	0.00825443	-0.00407708
0.92594828	-0.33899276	-0.25350264	0.02221574	-0.00010969	0.00301500
0.93410991	-0.35009007	-0.26125117	0.02920349	0.01307370	-0.00935562
0.93207992	-0.34831147	-0.26315928	-0.00182069	0.03044499	-0.02404559
0.93388075	-0.35439492	-0.25897751	0.00950987	0.05805559	-0.01668778
0.93237939	-0.36203994	-0.25982956	0.00226623	0.00880856	-0.02071338
0.93430049	-0.35380364	-0.25989304	0.00134776	0.03973811	0.00573064
0.93395720	-0.35344140	-0.24676474	-0.03199401	0.03696248	-0.01927741
0.93435974	-0.35341551	-0.25564427	-0.01264644	0.04798639	-0.00340266
0.93911960	-0.35943939	-0.25900313	-0.01518296	0.06218827	-0.00838159
0.93930377	-0.35667845	-0.26886218	-0.02779122	0.05901815	-0.02450155
0.93305546	-0.36161902	-0.25739866	-0.02662571	0.02231383	-0.00406574
0.93071450	-0.36897921	-0.25633057	-0.00980973	0.05856109	-0.00771464
0.93702167	-0.35349817	-0.26468417	-0.01958989	0.07347091	0.00488364
0.93971124	-0.35440056	-0.25634245	-0.00072787	0.03781831	-0.02055710
0.94034455	-0.36601236	-0.25200876	0.00621335	0.07609109	-0.03162369
0.93434729	-0.37127641	-0.24348899	0.02664302	0.04084394	-0.04754669
0.93694962	-0.37187854	-0.24458858	0.00875852	0.03304400	-0.05331216
0.93412425	-0.34767679	-0.24821642	0.03820497	0.00744258	-0.02426465
0.94038973	-0.35950375	-0.24562350	0.04315455	0.00896952	-0.03844523
0.94070262	-0.34681478	-0.24909320	0.03672479	0.01389406	-0.04360353
0.94473992	-0.35594820	-0.25247402	0.02985687	0.05235213	-0.01959315
0.94440895	-0.35320717	-0.24614002	0.01920070	0.04415062	-0.01972874
0.93547328	-0.35630978	-0.24762614	0.03055169	0.01785412	-0.03514626
0.93494811	-0.35455308	-0.24537996	0.04319001	0.03227034	-0.02784607
0.93753757	-0.35518778	-0.25469376	0.03275372	0.03571014	-0.05080867
0.94267897	-0.34529468	-0.25286124	0.03609942	-0.01896364	-0.01997928
0.94511757	-0.34551932	-0.24065412	0.00673141	0.03283623	-0.00554585
0.93932200	-0.36018400	-0.24534677	0.00029450	0.04379602	-0.01490734
0.94215957	-0.35560635	-0.24326518	0.00473020	0.08022009	-0.02504732
0.94551588	-0.36328838	-0.24118286	0.01006878	0.01430847	-0.02550117
0.94374825	-0.34583599	-0.24988758	-0.03437250	0.04164381	-0.00333162
0.95019100	-0.36253942	-0.23854886	-0.00311455	0.03882699	-0.02338887
0.94621204	-0.35014026	-0.24247242	-0.05645506	0.07360373	0.00148089
0.94370294	-0.36074808	-0.24300640	-0.05350545	0.07117657	-0.02326123
0.93924198	-0.34698532	-0.24835145	-0.04548506	0.06115905	-0.06600060
0.93897308	-0.35862806	-0.23936979	-0.05101071	0.07873123	-0.04838002
0.94260832	-0.34714713	-0.23469064	-0.04021633	0.08987501	-0.02827214
0.94119757	-0.35376456	-0.23966832	-0.03267366	0.08314499	-0.03421818
0.93837195	-0.34788773	-0.22700713	-0.02706441	0.05164779	-0.02717001
0.94385321	-0.34598909	-0.21881114	-0.01848082	0.03219690	-0.02398753
0.94736722	-0.35007079	-0.21932322	-0.04202386	0.02331334	-0.02090388
0.94413525	-0.35510829	-0.22648025	0.00638378	0.02094176	-0.00793727
0.94927067	-0.34612916	-0.23448634	0.02593572	0.03363099	-0.01457249
0.94247914	-0.35247041	-0.23502097	0.00590938	0.00433008	0.00084398
0.94417749	-0.35808492	-0.23925608	-0.00619711	-0.00825336	-0.02576260
0.94177571	-0.34890685	-0.23236776	0.02917200	-0.00504141	-0.00459840
0.95070429	-0.33465576	-0.23328423	0.00511485	0.00552058	-0.01948789
0.95234350	-0.33294861	-0.23623297	0.02018753	0.01704272	-0.00072336
0.95303291	-0.33575103	-0.22584070	0.00929916	0.01256434	-0.01759170
0.96056089	-0.33017997	-0.22047476	0.00756011	0.02059884	0.01571512
0.96050988	-0.34103600	-0.22409244	0.02483492	-0.01394594	0.00778862
0.95483678	-0.34871869	-0.21831933	-0.00772441	-0.00496531	-0.00029760
0.95708325	-0.33859442	-0.22945240	0.02397487	0.00434398	-0.00289406
0.95611031	-0.34655381	-0.22537134	0.01737590	0.01227961	-0.00089023
0.95416778	-0.34501470	-0.22829528	0.00381764	0.01075551	-0.02422041
0.95473560	-0.34409530	-0.22704021	0.00004881	0.00440573	-0.00303356
0.95613741	-0.33863604	-0.22303134	0.03226950	-0.01009131	-0.01239361
0.95296636	-0.33924671	-0.22454864	0.02427827	0.01004235	-0.02171097
0.94640752	-0.34471120	-0.23073379	0.00764510	-0.02056531	0.00457378
0.95191768	-0.33962314	-0.22449101	0.00556947	-0.01022640	0.00339744
0.95061425	-0.34041774	-0.22135861	-0.02838827	-0.00168293	-0.00402805
0.95620822	-0.34302568	-0.22256868	-0.01751238	0.01110233	0.00978116
0.94821017	-0.35412204	-0.21971827	-0.00202312	-0.02668215	0.02390301
0.95447493	-0.32918050	-0.21960331	-0.01426756	-0.02822842	0.01398119
0.95355300	-0.34373168	-0.23313173	-0.00991792	-0.03293299	0.00124651
0.94802549	-0.34356888	-0.23530518	-0.00381783	0.01241553	0.00135947
0.95145813	-0.35620303	-0.22683827	-0.00552420	-0.01218282	0.01903861
0.94935364	-0.34390078	-0.23217327	-0.01866802	0.00590354	-0.00557695
0.94518724	-0.33822539	-0.22298646	-0.01996527	0.02298396	0.00403234
0.94518092	-0.34348820	-0.23182077	-0.02251943	0.01282606	0.01436796
0.95008312	-0.34007068	-0.22787110	-0.00502990	-0.03553910	0.00653790
0.94809990	-0.34056992	-0.23492226	-0.01054059	-0.01483518	-0.00391899
0.95441732	-0.34205134	-0.22627859	-0.00831298	-0.01742788	-0.00685634
0.95452711	-0.34462008	-0.23994756	-0.01509691	-0.02298731	0.00342470
0.94117897	-0.35834495	-0.23326725	0.00906792	0.00009958	-0.01605758
0.94757675	-0.35390826	-0.24023472	0.00519812	0.01796674	0.00080894
0.94617183	-0.33914550	-0.23702590	-0.00066705	-0.01595374	0.00810962
0.94728355	-0.34585560	-0.24475400	0.01133938	-0.03071602	-0.00828127
0.94763723	-0.34938256	-0.24203337	-0.00439553	-0.03300280	0.00044698
0.95163076	-0.33739663	-0.24148332	-0.00518666	0.01391540	-0.00769651
0.95624848	-0.33971436	-0.23300868	-0.00181209	0.01968956	0.00813679
0.94977840	-0.34565503	-0.23781502	-0.01402985	-0.00348497	0.00552833
0.95335331	-0.34374210	-0.23281846	-0.01012812	0.00896221	-0.00111825
