0.99062444	-0.03661129	-0.26714558	0.03027782	-0.03158402	0.06239861
0.98814050	-0.03853959	-0.26983228	0.02143333	-0.04502339	0.05377837
0.99457803	-0.03945652	-0.26967665	0.02006253	-0.06138047	0.05850206
0.99470887	-0.04012648	-0.26694101	0.01692896	-0.04810946	0.06238658
0.99668758	-0.03894052	-0.27294169	0.01429570	-0.02652601	0.05818470
0.99399796	-0.04008961	-0.27392582	0.02758808	-0.02195928	0.06390155
0.99262561	-0.03577606	-0.27233787	0.02126502	-0.00906030	0.05321005
0.99039234	-0.03232637	-0.26839187	0.02125784	-0.00875761	0.04527992
0.98909103	-0.03589835	-0.26750524	0.01681373	-0.02941812	0.06410912
0.98913152	-0.03633324	-0.27530142	0.01672393	-0.02626995	0.06702503
0.99316168	-0.03341820	-0.27505397	0.01553291	-0.04105107	0.06394434
0.99530759	-0.03404473	-0.27871676	0.00404834	-0.03451070	0.05898855
0.99533919	-0.03922606	-0.26623876	0.01365491	-0.01738986	0.05788107
0.99627617	-0.03796339	-0.26101521	0.01205118	-0.01425740	0.05758483
0.99172200	-0.03623132	-0.25350760	0.00329082	-0.02764298	0.05020000
0.99499736	-0.03215561	-0.25617485	0.00704599	-0.03198581	0.04188525
0.99228803	-0.03489514	-0.26671367	0.00884897	-0.02809063	0.04269120
0.99371481	-0.03549328	-0.27096085	0.01087330	-0.01770061	0.04259931
0.99171422	-0.03560792	-0.26225311	0.00694501	-0.01535719	0.05660685
0.98862708	-0.03612901	-0.26290761	-0.00084976	-0.02662961	0.04178902
0.99155156	-0.04229908	-0.26449962	0.00334572	-0.03247205	0.04601320
0.99135157	-0.03988173	-0.26417547	0.01377600	-0.03537830	0.05808267
0.99260478	-0.03765149	-0.26657865	0.00628309	-0.02678733	0.04721631
0.99467108	-0.03583212	-0.26977748	0.00856094	-0.01966415	0.02611815
0.98987012	-0.03551199	-0.27721463	0.00903064	-0.01410529	0.04698113
0.99463074	-0.03510178	-0.27746276	0.00852500	-0.00841375	0.03756721
0.99424740	-0.03105842	-0.26655117	0.01478426	-0.02046036	0.05084436
0.99092485	-0.03612560	-0.27105026	0.00551630	-0.02294606	0.04698122
0.99194686	-0.03816571	-0.27065010	-0.00240961	-0.02411469	0.03407814
0.99678847	-0.03605133	-0.27148770	0.01123812	-0.02582549	0.05054591
0.99684883	-0.03151619	-0.26234458	0.00898632	-0.02701788	0.05088331
0.99288823	-0.03153304	-0.25162990	0.00884093	-0.03080783	0.05688742
0.98939698	-0.03124590	-0.25512735	0.00829510	-0.03089116	0.05047933
0.99201158	-0.03296324	-0.26486412	0.00553541	-0.02036826	0.05760966
0.99285872	-0.02969604	-0.26648982	0.00219068	-0.02573884	0.05116890
0.99437535	-0.03084400	-0.26603379	0.00454478	-0.01707190	0.05122307
0.99592380	-0.03136380	-0.26624121	0.01732777	-0.01634458	0.04638016
0.99237917	-0.03013990	-0.26096171	0.01348959	-0.02306113	0.05296877
0.99641964	-0.03376465	-0.26074985	0.01132196	-0.02196700	0.04686853
0.99598004	-0.03459399	-0.26294939	0.00636809	-0.04013667	0.03152343
0.99242976	-0.03334509	-0.26022577	0.00958604	-0.03429182	0.04288116
0.99188278	-0.02880933	-0.26573445	0.01658702	-0.02944427	0.04054888
0.99116792	-0.02913113	-0.25987908	0.00590945	-0.01975537	0.05145347
0.99429448	-0.03592982	-0.26615696	0.00666635	-0.02399032	0.03429955
0.99422859	-0.03864660	-0.26984017	0.00423423	-0.01479189	0.05212790
0.99846104	-0.03217148	-0.26690077	0.00389798	-0.02229111	0.03189743
0.99605041	-0.03274636	-0.27228590	0.00961580	-0.01236545	0.03968353
0.99409376	-0.02991463	-0.27025192	0.01249604	-0.02783792	0.03748458
0.99408193	-0.03398658	-0.26981234	0.01044174	-0.02449248	0.03688780
0.99471147	-0.03096755	-0.26480568	0.00422880	-0.02401755	0.03611932
0.99345124	-0.03418960	-0.26847362	0.00651366	-0.03089696	0.03429547
0.99585649	-0.03705300	-0.26436990	0.00249135	-0.02575260	0.03606651
0.99390749	-0.03617515	-0.26947505	0.00778247	-0.03043732	0.05108412
0.99038562	-0.02972796	-0.27541577	0.01104160	-0.03245310	0.03509010
0.99013002	-0.03162473	-0.26885244	0.00539622	-0.02270576	0.04379614
0.99001077	-0.02769085	-0.27419307	0.01099880	-0.01959056	0.03630820
0.99209481	-0.03419405	-0.27446045	0.01060090	-0.02127509	0.03678393
0.99455335	-0.02991064	-0.27079266	0.01258312	-0.02351750	0.03781287
0.99453854	-0.02908640	-0.27244950	0.00783653	-0.02570273	0.04027593
0.99344896	-0.03140422	-0.26791332	0.00745963	-0.03262249	0.04391596
0.99215066	-0.03288091	-0.26898903	0.00301872	-0.03559202	0.02170615
0.99489139	-0.03460168	-0.26324346	0.00449584	-0.02377466	0.03219120
0.99391191	-0.03723502	-0.26554730	0.00124053	-0.02521649	0.02925782
0.99483582	-0.04096758	-0.26126093	-0.00274337	-0.00264571	0.04373992
0.99153258	-0.04198915	-0.27191315	-0.00845494	-0.01496627	0.02551148
0.99145243	-0.03392346	-0.26849635	-0.00055286	-0.00506684	0.03327782
0.99123525	-0.03051115	-0.25951691	0.00386602	-0.01728112	0.03109425
0.99517172	-0.03720625	-0.26449520	0.00357841	-0.01676465	0.02933032
0.99043940	-0.03102761	-0.26837652	-0.00275119	-0.00405607	0.02610719
0.99075265	-0.02953736	-0.27322098	-0.00670199	-0.01499797	0.03192422
0.98984630	-0.03224383	-0.26989985	-0.00795125	-0.01506353	0.01999298
0.99029748	-0.03404884	-0.27142783	-0.00654564	-0.01782937	0.03043616
0.99261819	-0.03265161	-0.25946265	0.00149674	-0.02637897	0.03006829
0.99461400	-0.03218170	-0.26118747	-0.00628763	-0.02165514	0.02464476
0.99566996	-0.02630466	-0.26093983	0.01389781	-0.01975997	0.01710002
0.99170509	-0.03288319	-0.26867015	0.00727471	-0.01195299	0.02342456
0.99401488	-0.03221882	-0.26745264	0.00663998	-0.00739187	0.02919686
0.99289240	-0.03148716	-0.27276737	0.00001093	-0.02009312	0.02588170
0.99001128	-0.03100528	-0.26286663	0.00118986	-0.00850937	0.02484747
0.99142213	-0.03407318	-0.26545840	0.00615760	-0.01350201	0.03240527
0.99190526	-0.03194286	-0.26091779	0.01006941	-0.01668072	0.02433955
0.99122271	-0.03355929	-0.25564504	0.00031698	-0.00518715	0.03332776
0.99307901	-0.03262225	-0.26452213	-0.00225703	-0.00886934	0.02081418
0.98776237	-0.03941129	-0.27475303	0.00666696	-0.01095225	0.01366178
0.98956203	-0.03945993	-0.26277827	0.00531904	-0.02243248	0.01297133
0.99066998	-0.03289868	-0.26506827	0.01252071	-0.01925442	0.02108447
0.98882680	-0.03380387	-0.26962781	0.01147724	-0.00514273	0.02454475
0.99398017	-0.02659203	-0.26730638	0.01331599	0.00069738	0.00043067
0.99237510	-0.03358326	-0.26732972	0.00171846	-0.01827970	0.01196613
0.99680075	-0.03686219	-0.26927252	0.00226785	-0.01024494	0.00916107
0.99199334	-0.03531310	-0.27020564	0.01193611	0.00300416	-0.00112469
0.99277055	-0.03557281	-0.26071238	0.01036296	0.00224230	0.01070108
0.99518728	-0.03652496	-0.26259151	-0.00168672	-0.00171955	0.02558979
0.99328152	-0.03208915	-0.25727846	0.00192234	-0.02707727	0.02368169
0.99108151	-0.02971205	-0.26208893	-0.00095003	-0.02680278	0.02826185
0.99269272	-0.03108343	-0.26255168	0.00657461	-0.02695997	0.02333006
0.99282916	-0.03284162	-0.26624256	-0.00005809	-0.03358298	0.01704917
0.99159037	-0.04018208	-0.27455196	0.00431304	-0.01836200	0.00698552
0.99210897	-0.04037385	-0.28138939	0.00479824	-0.01001378	0.00424377
0.98931656	-0.03142628	-0.27044484	0.00307720	-0.00906191	0.00279640
0.99228412	-0.03018144	-0.26066024	0.00984266	-0.00753159	-0.00207025
0.99521413	-0.02775169	-0.24637099	0.01389848	-0.02539430	0.01047635
0.99755741	-0.02847226	-0.26152255	0.00333836	-0.05347065	0.01457485
0.99779838	-0.02644212	-0.26224883	0.00669836	-0.04067437	0.03650702
0.99128014	-0.03058917	-0.27702372	0.00837102	-0.03828325	0.03443029
0.99131701	-0.03784686	-0.28412271	0.00775547	-0.01257027	0.01979235
0.98723685	-0.03481576	-0.28151366	0.00721358	-0.00019765	0.02262694
0.98473039	-0.03059248	-0.28721758	0.00940535	-0.00214075	0.01689919
0.98510950	-0.02338367	-0.28304696	0.00027489	-0.00982529	0.01472651
0.99162747	-0.02947679	-0.27157919	0.00488498	-0.01023667	0.01161448
0.99380663	-0.02798057	-0.26781738	-0.00108580	-0.00387419	0.01365016
0.99349135	-0.03081290	-0.26600411	-0.00290885	-0.00740132	0.02151554
0.99586873	-0.03429391	-0.26948911	0.00428646	-0.00512816	0.00916461
0.99582945	-0.03300095	-0.26997995	0.00165698	-0.01509083	0.01637216
0.99699329	-0.03396348	-0.26874957	-0.00127376	0.00444599	0.01923718
1.00014354	-0.03007050	-0.26707280	-0.00873487	-0.00109371	0.00706369
0.99595873	-0.03329279	-0.25599964	-0.00405682	0.00093486	0.02514780
0.99439164	-0.03732495	-0.25758480	-0.00097409	0.00032490	0.00897200
0.99438552	-0.03915377	-0.26195177	0.00107812	0.00424653	0.01026799
0.99193042	-0.03695870	-0.26530472	0.00119634	-0.00337097	0.02163712
0.99364801	-0.03372132	-0.27384410	-0.00375706	-0.00465014	0.01485976
0.99116103	-0.03194105	-0.26481332	0.00073587	-0.02072524	0.00977543
0.99277219	-0.03172433	-0.26516240	-0.00062386	-0.00741167	0.01683905
0.99546680	-0.03125598	-0.27088235	-0.00117443	-0.00943954	0.01433226
0.99222141	-0.03109269	-0.27449562	-0.00649855	-0.00624381	0.01588412
0.99030704	-0.03123459	-0.27630096	-0.00379387	-0.00517580	0.02318042
0.98769606	-0.03288264	-0.28050116	-0.00650963	0.00424152	0.03354459
0.98594666	-0.03386883	-0.27330680	-0.01258424	-0.00449991	0.02583904
