0.98644500	-0.03030400	-0.27035620	0.00022483	0.00215687	-0.00692387
0.99059141	-0.02494524	-0.26830171	-0.00380103	-0.00342884	0.00073318
0.98886393	-0.02300173	-0.27041538	-0.00513765	-0.00046673	0.00577881
0.99246525	-0.02729971	-0.26909263	-0.00116058	-0.00144858	0.00394445
0.99353620	-0.02823342	-0.27139204	-0.00255056	-0.00577570	0.00376439
0.99019495	-0.02925595	-0.27424671	-0.00077639	0.00190729	0.00142038
0.98824990	-0.03328547	-0.26483777	0.00188251	-0.00545758	-0.00380042
0.98651406	-0.03502064	-0.27600021	-0.00147783	0.01961211	0.00742362
0.98892154	-0.03134369	-0.26878203	-0.00671456	0.01030085	0.00166613
0.99236993	-0.03202338	-0.26687447	-0.01097186	0.01470534	-0.00249257
0.99237255	-0.03294455	-0.27282431	-0.01053776	0.02428844	-0.00431173
0.99505128	-0.02973398	-0.25673771	-0.01099201	0.02775181	-0.00387413
0.99387483	-0.02708042	-0.26030443	-0.00735203	0.01924699	-0.00396124
0.99438889	-0.03071250	-0.26460796	-0.00347948	0.02404465	-0.00207379
0.99445844	-0.03333252	-0.26660888	-0.00688391	0.02141688	-0.00555794
0.99382457	-0.03013206	-0.26759509	-0.00572128	0.02015719	-0.01207683
0.99554875	-0.02830845	-0.26310073	-0.00325579	0.02910719	-0.00335398
0.99558044	-0.03214132	-0.25603915	0.00473742	0.00791911	-0.00544409
0.99487363	-0.02869924	-0.25561797	0.00118320	0.00154930	-0.00353270
0.99367841	-0.02974439	-0.25929727	0.00245370	-0.00127611	-0.00475933
0.99555156	-0.02845586	-0.25989173	0.00764463	0.01488878	-0.00129803
0.99563855	-0.02573659	-0.25674434	0.01488865	0.02994668	0.00804097
0.99825149	-0.02613704	-0.26003997	0.01242939	0.01556884	-0.00196949
0.99694504	-0.02960138	-0.26270003	0.00922712	0.00550064	-0.00630379
0.99906132	-0.02733969	-0.27121944	0.00016223	0.01277401	-0.00454591
0.99638620	-0.02993621	-0.26094454	0.00331278	0.02310556	0.00494729
0.99471604	-0.02314804	-0.26311973	0.00540920	0.01497656	0.01675948
0.99387823	-0.02347956	-0.26118740	-0.00141551	-0.00215430	0.01225155
0.99550453	-0.02139652	-0.26464715	-0.00153116	-0.00862745	0.00976548
0.99670785	-0.02372964	-0.26979834	-0.00258622	-0.00439681	0.01069354
0.99254798	-0.02377657	-0.26105412	0.00228727	-0.00473389	0.00509376
0.99297468	-0.02309706	-0.26992659	-0.00067476	-0.00882919	0.00017734
0.99401817	-0.02904686	-0.26527071	-0.00293924	-0.00724772	0.00082184
0.99259841	-0.03449594	-0.26668567	-0.00670411	-0.00647061	0.00273669
0.99515049	-0.02900353	-0.26012904	-0.00461226	-0.00397743	0.00188153
0.99431270	-0.03354595	-0.24075692	-0.00206483	-0.00163710	0.01198277
0.99400858	-0.03181645	-0.25227730	0.00177232	-0.00356511	0.00125897
0.99462424	-0.02598556	-0.25357976	0.00073040	0.00376577	-0.00194880
0.99560960	-0.03297571	-0.25362462	0.00150535	0.00696987	0.00171212
0.99503799	-0.03107240	-0.25903396	-0.00344772	-0.00275982	-0.00056391
0.99321756	-0.02764215	-0.24948758	-0.00261846	-0.00738853	0.00653849
0.99334910	-0.03596423	-0.25529331	0.00026039	-0.01364168	0.00021277
0.99431497	-0.03967203	-0.25253807	-0.00161525	-0.00784218	0.00008980
0.99226277	-0.03303874	-0.26404793	0.00408956	-0.01078892	0.00055955
0.99679078	-0.03119662	-0.25640283	0.00212890	-0.01395501	-0.00021483
0.99278006	-0.03182779	-0.26105010	0.00456823	-0.01959533	-0.00055658
0.99102882	-0.02883166	-0.26282671	-0.00319332	-0.00590485	-0.01110649
0.99446326	-0.02660461	-0.26983526	-0.00281784	-0.01023712	-0.00481126
0.99511755	-0.03174925	-0.27906476	-0.00098203	-0.00598195	-0.01090199
0.99343240	-0.03243768	-0.27566269	-0.00551872	-0.00465732	-0.01031126
0.99711001	-0.02832612	-0.26987852	-0.01090100	0.00710308	-0.01616072
0.99405768	-0.02941676	-0.26271942	-0.00985241	-0.00205131	-0.00939801
0.99682401	-0.02297888	-0.25254227	-0.00263622	-0.01463207	0.00139140
0.99724365	-0.02299485	-0.25877151	-0.00405650	-0.01867572	0.00079577
0.99859519	-0.02667041	-0.26847883	0.00186562	-0.02382305	0.00128298
0.99761912	-0.02652455	-0.27043813	-0.01001977	-0.00969252	0.00590781
0.99469394	-0.03484890	-0.27326420	0.00338949	-0.00691738	-0.00341612
0.99449408	-0.03755383	-0.28230784	0.00467760	-0.00263119	-0.00162436
0.99715553	-0.03290411	-0.27700229	0.00573221	-0.00405256	0.00396877
0.99494986	-0.02656830	-0.27220703	0.00249461	0.00095559	0.00184674
0.99718770	-0.03466208	-0.26948531	0.00547265	0.01061877	-0.01107037
0.99410653	-0.03426387	-0.26716239	-0.00170590	0.00730525	-0.01333240
0.99723756	-0.02492695	-0.26002990	-0.00147548	0.01455229	-0.00631899
0.99837025	-0.02496826	-0.25722087	-0.00387613	-0.00352593	-0.01196420
0.99822830	-0.02735295	-0.26048939	-0.00174324	0.00828171	-0.00459366
0.99613534	-0.03001738	-0.26895346	0.00239295	0.01900945	-0.00441505
0.98984495	-0.02714921	-0.25987695	0.00120151	0.01695842	0.00109644
0.99118503	-0.02823650	-0.27630661	0.00293666	0.00303610	0.00600445
0.99226165	-0.02546058	-0.27016505	0.00008054	-0.00030960	0.00148761
0.99348241	-0.02787175	-0.26444578	0.00334738	-0.00185322	0.00281006
0.99163826	-0.02359854	-0.26662353	0.00510670	0.00697365	0.00216147
0.99247170	-0.02269965	-0.26100641	0.00161188	0.00172576	0.00440364
0.99128836	-0.03135678	-0.26055411	0.00275599	0.01523844	-0.00199169
0.99224058	-0.03725359	-0.25553758	0.00654515	0.00489603	0.00663522
0.99232996	-0.03286904	-0.26015569	0.00194615	-0.00173332	-0.00060387
0.99245859	-0.03454115	-0.25493825	-0.00234110	-0.00616641	-0.00484249
0.99419717	-0.03682047	-0.26306077	-0.00607410	0.00164039	-0.00238094
0.99697168	-0.03246692	-0.25515884	-0.00087341	0.00770556	-0.00037825
0.99559431	-0.02913502	-0.25995214	0.00456285	0.01871804	0.00052515
0.99703482	-0.02577670	-0.25053961	0.01243266	0.00921615	-0.00174014
0.99473755	-0.02735454	-0.25531047	-0.00211637	0.02314488	-0.00081016
0.99840418	-0.03001741	-0.25335116	0.00135714	0.00724599	0.00187685
0.99580999	-0.03345785	-0.25660794	-0.00443871	-0.00866986	0.00416755
0.99684917	-0.03484124	-0.26325102	-0.00352918	0.01178880	-0.00123536
0.99248155	-0.03505723	-0.26756641	-0.00749543	0.00959519	-0.00027206
0.98902906	-0.02699745	-0.25521556	-0.01190451	0.00977224	-0.00335875
0.99030400	-0.02817711	-0.24692066	-0.00995698	-0.00544614	0.00543997
0.99417080	-0.03035288	-0.25280861	-0.00443464	-0.01490735	0.00022694
0.99310729	-0.02852650	-0.25082447	0.00010642	-0.00908620	-0.00097891
0.99152085	-0.02623337	-0.25223798	-0.00445248	-0.00561319	0.00083847
0.99095399	-0.03150022	-0.25965752	-0.00634680	-0.00224618	-0.00161131
0.98882318	-0.03077748	-0.26047931	-0.00733296	-0.00750313	-0.00096064
0.99579470	-0.02781215	-0.26676286	-0.00594137	-0.00392878	-0.00632205
0.99667102	-0.02676401	-0.26517209	-0.00461729	-0.00972930	0.00013883
0.99447711	-0.03031319	-0.25601372	-0.00157677	-0.00905946	-0.00849208
0.99558316	-0.02855399	-0.25915216	-0.00814100	-0.00514325	-0.00988124
0.99491253	-0.03082008	-0.26598278	-0.00858720	-0.00600639	-0.01155058
0.99421137	-0.02623973	-0.25586053	-0.01531812	-0.01312526	-0.00814465
0.99298772	-0.03143402	-0.26399107	-0.01822330	-0.01734016	-0.00007175
0.99397111	-0.02953721	-0.26033972	-0.01348700	-0.01746577	0.00251934
1.00083623	-0.02617309	-0.26636139	-0.00025745	0.00238933	-0.00170583
0.99579030	-0.02124279	-0.27056540	-0.00008374	0.01317313	-0.00074639
0.99865262	-0.02548138	-0.26066187	-0.00172022	0.00514963	-0.00545395
0.99962734	-0.03003448	-0.26383586	-0.01191328	-0.00252108	-0.00068801
0.99342175	-0.02926483	-0.25924477	-0.00732297	-0.00009886	-0.00192855
0.99347620	-0.02992866	-0.26623400	-0.00386462	-0.00434805	-0.00294660
0.99356902	-0.02941148	-0.26447203	-0.00300427	-0.00919294	-0.00073857
0.99142649	-0.03047308	-0.26765692	0.00519242	-0.00973636	-0.00538980
0.99328268	-0.02756191	-0.26673319	-0.00076377	-0.00118205	-0.00131983
0.99181458	-0.03069510	-0.25912781	-0.00589799	-0.00804812	-0.00210086
0.99277975	-0.02898195	-0.25974257	0.00065928	-0.00530914	-0.00271607
0.99475719	-0.03001178	-0.26686985	-0.00101249	-0.00292968	-0.00086968
0.99684572	-0.03123984	-0.27147811	0.00067118	-0.00022141	-0.00212720
1.00190025	-0.03253593	-0.27239223	0.00522558	-0.00235700	-0.00513016
0.99565022	-0.03262256	-0.27139140	0.00180351	0.00068474	-0.01430802
0.99129339	-0.02669577	-0.26399821	0.00066715	0.01547584	-0.01338559
0.99532890	-0.02878197	-0.25760965	0.00660391	0.01432987	-0.01218981
0.99753885	-0.03058122	-0.26673339	0.00223889	0.01137604	-0.00836278
0.99161263	-0.03479812	-0.26583242	0.00729626	0.01277940	-0.00426786
0.99118751	-0.02628309	-0.26088273	-0.00066669	0.00233417	-0.01037455
0.99259103	-0.02154071	-0.25606427	-0.00806714	-0.01071189	-0.00844897
0.99468117	-0.02805266	-0.26132550	0.00027978	-0.00952429	-0.00794739
0.99469713	-0.02859673	-0.27281476	0.00776852	0.00203552	-0.00912778
0.99275246	-0.02357356	-0.26643803	0.00320910	0.00400355	-0.00648786
0.99215676	-0.02673883	-0.26952605	-0.00050891	0.00180777	-0.00498841
0.99191172	-0.02430298	-0.26536517	-0.00286703	0.00977234	-0.00489588
0.99096085	-0.02752255	-0.27111232	-0.01149027	0.00936373	-0.00165348
0.99214721	-0.02879830	-0.26297430	-0.00428320	0.00056957	-0.00263340
