1.00284534	-0.01547093	-0.24946427	0.00114901	-0.01773130	0.00548382
1.00104523	-0.01441404	-0.25159384	0.00718435	-0.01501067	0.00184177
1.00118714	-0.00847105	-0.24899119	0.00268710	-0.01010843	-0.00007284
0.99725141	-0.01018384	-0.24545518	0.00495630	-0.00333283	0.00431947
1.00618807	-0.01552888	-0.24506816	-0.00126764	0.00224720	0.00629482
0.99905031	-0.00770211	-0.25091310	-0.00026508	-0.01065412	0.01499212
0.99927435	-0.00564972	-0.25628733	0.00280312	-0.00856516	0.00793060
0.99868397	-0.01687675	-0.25559245	0.00709097	-0.01083698	0.00582661
0.99778741	-0.02060163	-0.24899580	0.00140323	-0.01028940	0.01023975
1.00165457	-0.01359376	-0.24937290	0.00311728	-0.02511121	0.00044176
0.99169419	-0.01421430	-0.24888959	-0.00309670	-0.03466144	-0.00606941
0.99373831	-0.01886992	-0.24923864	-0.00418814	-0.03444015	-0.00583412
1.00137221	-0.02492070	-0.24896267	-0.00791925	-0.01264004	-0.01284033
1.00649863	-0.02548345	-0.24978428	-0.00222837	0.01348596	-0.00423540
1.00813864	-0.02490214	-0.25239641	0.00429623	0.02121731	-0.00076122
0.99894235	-0.01867404	-0.25366516	0.00846168	-0.00330847	0.00177096
0.98646746	-0.01292424	-0.24391775	0.00458814	-0.02287526	0.00551480
0.99242807	-0.00786167	-0.24412522	0.00283252	-0.02324063	-0.00188575
0.99318430	-0.00341291	-0.24882867	-0.00084993	-0.01321814	0.00301419
0.99447415	-0.00659093	-0.25852740	0.00501228	-0.01381483	0.00352125
0.99745190	-0.00866313	-0.25682698	0.00020265	-0.01492966	-0.00200345
0.99628059	-0.01086138	-0.25159972	0.00026533	-0.00358511	0.00532661
0.99951710	-0.01314400	-0.25494144	-0.00218266	-0.01779552	0.00114048
0.99984086	-0.00855484	-0.25493318	0.00086971	-0.00845441	0.00547636
1.00061366	-0.01378978	-0.25569361	0.00425904	-0.00716766	0.00788068
0.99540767	-0.01545283	-0.25865996	-0.00566558	-0.00239440	0.00888033
1.00074707	-0.01433769	-0.25369571	-0.00289001	0.00351050	0.00564085
0.99095066	-0.01691287	-0.25251711	-0.00609266	0.01749176	0.00543085
0.99120376	-0.01396777	-0.25039544	-0.00485126	0.01717380	0.00571155
0.99569531	-0.01259932	-0.24958762	0.00535360	0.01304299	-0.00316692
0.99470214	-0.01858988	-0.25238765	0.00639422	-0.00201714	0.00633065
0.99700364	-0.01949809	-0.25320004	0.00218406	0.00792780	0.00722762
0.99849059	-0.01676438	-0.25359016	-0.00362792	0.00628711	0.01311404
0.99479553	-0.02071685	-0.25880101	0.00329260	0.01115282	0.00524994
0.99559611	-0.01685289	-0.25426126	0.01117864	0.01180128	-0.00104313
0.99275111	-0.01792566	-0.25410372	0.00115951	-0.00143568	-0.00203254
0.99569935	-0.01488806	-0.25203903	0.00039295	0.00710353	-0.00420502
0.99729334	-0.01941343	-0.24553961	-0.00284645	-0.00318086	-0.00346146
1.00020390	-0.02139161	-0.24747745	-0.00420900	0.00405574	-0.00541480
1.00206165	-0.01783448	-0.24551375	-0.00432924	0.00224861	-0.01144968
0.99947734	-0.01488490	-0.24903213	-0.00057069	-0.00156241	-0.00620914
0.99766332	-0.01341173	-0.24644982	-0.00085193	0.01249006	-0.00297006
0.98965430	-0.01743567	-0.24675317	-0.00640964	0.00122872	-0.00293236
0.99759992	-0.01845444	-0.24872408	-0.00672454	-0.01495529	0.00068805
1.00001100	-0.01328144	-0.25249756	-0.00027109	-0.00609910	0.00183198
0.99554313	-0.01174963	-0.25024583	0.00424274	-0.00469861	-0.00393081
0.99527936	-0.01311125	-0.25084800	0.00055182	-0.00499658	-0.00211473
0.99314319	-0.01816282	-0.25325975	0.00043049	-0.00825659	-0.00664506
0.99417392	-0.01977543	-0.25724480	0.00186578	-0.00540205	0.00170234
0.99691034	-0.01738392	-0.25451655	-0.00267953	-0.01589629	0.00317460
0.99797377	-0.01533479	-0.25155566	-0.00195027	-0.00422977	0.00242248
0.99695103	-0.01579434	-0.25211624	-0.00515266	-0.00364981	0.00814878
0.99821367	-0.01335677	-0.24661683	-0.01046005	-0.01662889	0.00776962
0.99677301	-0.01747848	-0.24519528	-0.01064593	-0.01004926	0.00638515
0.99391225	-0.01769484	-0.24714872	-0.00582915	-0.01808410	0.00582028
0.99703254	-0.01474520	-0.24283063	-0.00458312	0.00017220	-0.00188413
0.99835579	-0.01992235	-0.25302982	0.00228275	-0.01054255	-0.00992382
0.99472750	-0.02045441	-0.25381989	0.00104874	0.00972416	-0.00273794
0.99891571	-0.02695552	-0.25633627	-0.00250180	0.00479703	-0.00897015
0.99608696	-0.02514095	-0.26132946	0.00181590	0.00811721	-0.00842893
0.99645092	-0.02021737	-0.26229434	0.00709524	0.01242554	-0.00513029
0.99669971	-0.02166496	-0.26026065	0.00311854	0.02804338	-0.00419070
0.99287981	-0.01759319	-0.25193041	0.00241497	0.01903476	-0.00522542
0.99400195	-0.01238815	-0.24943438	0.00349015	0.01210349	-0.00828655
0.99109098	-0.01377089	-0.25095134	-0.00258789	-0.00000477	-0.00768015
0.99430347	-0.01681103	-0.25478667	-0.00183150	-0.01770779	-0.00941377
0.99956357	-0.01332386	-0.25314573	-0.00322705	-0.01164261	-0.00500718
0.99886168	-0.01507562	-0.25126593	0.00128718	-0.01011527	-0.01087478
1.00100080	-0.01766234	-0.25171876	-0.00140786	0.00654763	-0.00423306
1.00063096	-0.01218806	-0.24722145	0.00189599	-0.00094023	-0.00680004
0.99524322	-0.01407462	-0.25106270	0.00220809	-0.00356258	-0.00601379
0.99574273	-0.01548567	-0.25302293	-0.00258185	-0.00298897	-0.00622523
0.99513931	-0.00856118	-0.25996199	-0.00314779	0.00350619	-0.00158526
0.99384557	-0.00718889	-0.25827118	-0.00510442	-0.00284266	0.00364860
0.99641047	-0.01009123	-0.25696790	-0.00701658	-0.01179418	-0.00339017
0.99269237	-0.01045159	-0.25844763	-0.00302754	0.00648213	-0.00597383
0.99537708	-0.01919957	-0.25594890	-0.00691908	0.00514157	-0.00220246
0.99311033	-0.01821163	-0.25422311	-0.00761142	0.00009875	-0.00557828
0.99637273	-0.01510841	-0.25262490	-0.00770850	0.00685003	-0.00244743
0.99458010	-0.01796421	-0.24573787	-0.00370492	0.01329584	-0.00267644
0.99880457	-0.01943206	-0.24607142	-0.00173065	-0.00851094	-0.00058903
0.99883834	-0.01583638	-0.24602623	0.00004361	0.00593725	0.00062675
0.99975139	-0.01454768	-0.24961415	-0.00443965	0.00324056	-0.00104374
1.00142877	-0.01642043	-0.24735509	0.00030662	0.01214356	-0.00368354
1.00793698	-0.01782306	-0.25358329	0.00172743	0.01393586	-0.00742765
1.00506016	-0.01402019	-0.25296288	0.00073877	0.00624194	-0.00600780
1.00031577	-0.00897850	-0.25289087	0.00201242	0.01238064	-0.00678102
0.99467449	-0.00734768	-0.25503848	0.00548312	0.00122850	-0.00248255
0.99298995	-0.00897487	-0.25419077	0.00512621	0.00162437	-0.00149676
0.98973387	-0.00988175	-0.24919521	0.00132013	-0.01544618	0.00143108
0.99633177	-0.00851181	-0.24966312	0.00097727	-0.00053357	0.00183836
0.99460583	-0.01191953	-0.25478946	-0.00306355	-0.00622852	-0.00361774
0.99730447	-0.00955798	-0.25112444	-0.00130208	-0.02052099	-0.00286428
0.99668502	-0.01555977	-0.25287731	-0.01414931	0.00559172	-0.00163463
0.99899243	-0.01071910	-0.25025266	-0.00835582	0.02061562	-0.00093127
1.00162619	-0.01243210	-0.24480034	-0.00552087	0.00198257	0.00488184
0.99697670	-0.00997259	-0.24475036	-0.00548470	-0.01488193	0.01012195
0.99922892	-0.00823099	-0.24770900	0.00023288	-0.00305704	0.01131753
0.99612572	-0.00706363	-0.25443715	0.00049259	-0.00464615	0.01488391
0.99367238	-0.01253429	-0.26190991	0.00084727	-0.00755396	0.01455862
0.99616128	-0.01369821	-0.25761244	0.00114207	-0.01522797	0.00533318
0.99718187	-0.01273537	-0.25290615	0.00268479	0.00615707	0.00291966
0.99608950	-0.01473012	-0.25205287	0.00344558	0.00550769	0.00634912
0.99669627	-0.01100290	-0.25062362	0.00046717	-0.00232563	0.00348602
0.99489799	-0.01802567	-0.24922980	0.00285091	0.00202147	0.00718432
0.99213774	-0.01602280	-0.25628077	-0.00001985	0.00404689	0.00457807
0.99205207	-0.01708404	-0.25636853	0.00359981	-0.00282974	0.00235668
0.99952042	-0.01450664	-0.25450343	0.00245721	-0.00280560	0.00643829
1.00285841	-0.00826601	-0.25650199	0.00302670	0.00413587	0.00416347
1.00338429	-0.01054793	-0.25191611	0.00048871	0.00332812	0.00130560
0.99473003	-0.01316865	-0.25497190	-0.00374800	0.01486233	-0.00258578
0.99397729	-0.01054755	-0.25363932	-0.00090608	0.01259319	-0.00004284
0.99762437	-0.01327832	-0.25335143	-0.00509576	0.00380628	-0.00167720
0.99026416	-0.01392590	-0.25383982	-0.00268696	0.00090143	-0.00025430
0.99445596	-0.00783458	-0.25504654	-0.00512473	-0.00422207	0.00432726
0.99551370	-0.01422023	-0.25473937	-0.00110159	0.00661872	0.00308321
1.00301738	-0.01527410	-0.25675748	-0.00409204	0.01708245	-0.00563422
0.99966389	-0.01393941	-0.25604867	-0.00040110	0.00131696	-0.00713896
0.99556626	-0.01501308	-0.25312706	0.00290839	0.00350818	-0.00453357
1.00116992	-0.01294605	-0.25213942	0.00693754	0.00975141	-0.00757217
0.99937986	-0.01045910	-0.24969735	0.00274985	0.00204338	-0.00386512
1.00091501	-0.00818447	-0.24752069	0.00158385	0.00131521	-0.00017461
0.99646951	-0.01051461	-0.24591776	0.00308378	0.00103607	0.00108760
0.99992482	-0.00575533	-0.24734665	0.00316265	0.00554063	-0.00061776
0.99836577	-0.00770645	-0.24863005	0.00193876	-0.00134817	-0.00690307
0.99373079	-0.00647318	-0.24725671	0.00695642	0.01661474	-0.00410017
0.99341969	-0.00932110	-0.24572221	0.00364457	0.00610118	-0.00193642
0.99850902	-0.00839525	-0.24482414	0.00176458	-0.00183251	-0.00583313
