1.02461051	-0.03274321	-0.05698082	0.01193187	0.01035397	-0.00913518
1.02176544	-0.02842492	-0.06536501	0.01041432	0.02480908	0.00271739
1.02119831	-0.03054359	-0.06114903	0.00816477	0.01384880	0.00221775
1.01933005	-0.03302742	-0.05728314	-0.00235717	0.02184856	0.00007253
1.02641312	-0.03544637	-0.05870249	-0.00527321	0.02379891	-0.00024138
1.02670186	-0.03743311	-0.06310226	0.00645863	0.00909180	-0.00739408
1.02830254	-0.03863435	-0.05891849	-0.00444589	0.02159420	-0.00416903
1.02811469	-0.03248602	-0.05230503	-0.00244974	0.01308419	-0.00380470
1.03360642	-0.03511717	-0.05319709	-0.00561275	0.02569596	-0.00720909
1.02817328	-0.02867699	-0.04909958	-0.00823791	0.02040503	-0.00163473
1.02823578	-0.03012127	-0.05792544	-0.00151922	0.01949890	0.00396026
1.02844971	-0.03358295	-0.05291615	-0.00119149	0.04764460	0.01267459
1.02909937	-0.03331752	-0.04431294	0.00220000	0.02873031	0.00431467
1.02280004	-0.03054511	-0.04614836	-0.01231978	0.00205126	0.00383015
1.02498032	-0.03608747	-0.04448396	0.00401598	-0.00369012	0.00210858
1.02601710	-0.03610781	-0.05218375	0.00934825	0.01164584	-0.00696800
1.02499481	-0.03455118	-0.05091713	0.01675477	0.00791136	-0.00226003
1.02575181	-0.02321037	-0.04682611	0.01862063	0.01636096	0.00578579
1.02534233	-0.02640996	-0.04600828	0.01979952	0.01277606	0.01045954
1.02631334	-0.02821137	-0.04894839	0.02278037	-0.00191775	0.00913102
1.02839585	-0.02974392	-0.05211449	0.00599508	-0.01228996	0.00235072
1.02547581	-0.03713129	-0.04971906	-0.00097193	-0.00923785	-0.01098639
1.02427765	-0.03407744	-0.04641813	-0.01164033	-0.00567689	-0.01691029
1.03019210	-0.03148266	-0.05726742	-0.01394299	-0.00058718	-0.01699415
1.03190099	-0.03117988	-0.05225252	0.00267801	0.00551853	-0.00453683
1.02845316	-0.03169921	-0.04954130	0.00391094	0.01739464	-0.00921574
1.02622620	-0.03137980	-0.04402710	-0.00045692	0.01440850	-0.00471460
1.02168311	-0.03467336	-0.04583132	-0.00415663	-0.00850306	-0.00164067
1.02209020	-0.02997058	-0.04665909	-0.00943746	-0.02084419	-0.00116521
1.02116611	-0.03040008	-0.05159566	-0.01222651	-0.02486008	-0.00536399
1.02610543	-0.03189106	-0.04821286	-0.01048443	-0.01708730	-0.01053454
1.02007731	-0.03266251	-0.05215571	-0.01047125	-0.02736495	-0.01555104
1.01877842	-0.03502717	-0.04894975	-0.00760495	-0.03903245	-0.00914922
1.02277515	-0.03024302	-0.05310857	0.00096855	-0.01696846	-0.01269957
1.03101922	-0.03111837	-0.05658598	-0.00258825	-0.00213052	-0.01297928
1.02981785	-0.03349416	-0.05238802	0.00222331	-0.00248006	-0.01516597
1.02356771	-0.02819021	-0.05344537	-0.00406122	-0.01145197	-0.01184341
1.02282509	-0.02784073	-0.05603357	-0.00711053	-0.00114354	-0.01620950
1.02197238	-0.03049058	-0.05580750	-0.00692757	-0.01473189	-0.01804771
1.02457355	-0.03140317	-0.05813576	0.00694351	-0.00487093	-0.01205006
1.02586997	-0.03192864	-0.06004525	0.00582072	0.00670134	-0.01001784
1.02752607	-0.03009756	-0.05855217	0.00729976	0.00790278	-0.00585572
1.02677753	-0.02884810	-0.06153988	0.01105423	0.01529024	-0.01006808
1.02607398	-0.02491361	-0.05965705	0.01041527	0.01674586	-0.01858227
1.02070245	-0.02147438	-0.06541826	0.00923831	0.01395440	-0.01019285
1.02036915	-0.02647794	-0.05538628	0.01267156	-0.00463422	-0.02014352
1.02236072	-0.02531885	-0.05789823	0.00738998	-0.00907666	-0.01781771
1.03062181	-0.02580986	-0.05540529	-0.00536663	-0.01483273	-0.01748993
1.03496665	-0.02986462	-0.05510856	-0.00763791	-0.02665478	-0.02035973
1.03282229	-0.02207633	-0.04834861	-0.01096858	-0.02740530	-0.00928156
1.02461467	-0.02180471	-0.04788853	-0.01039144	-0.03054507	-0.00729359
1.02661136	-0.02922452	-0.05437534	-0.00070225	-0.01899797	0.01200565
1.02581825	-0.02782171	-0.05784908	0.01483294	-0.02850469	0.00426125
1.02398387	-0.02929820	-0.05862322	0.00614058	-0.01293412	0.00385280
1.02283764	-0.02582195	-0.05551165	0.00659408	-0.02203651	0.00584573
1.02410539	-0.02580272	-0.05754297	-0.00495909	-0.01938969	0.00852356
1.02028400	-0.02214876	-0.05456139	0.00153399	-0.02624077	0.00066414
1.02365798	-0.02015193	-0.06084163	0.00860932	-0.02303744	0.00039599
1.02689132	-0.02483173	-0.06701599	-0.00959122	-0.01183800	-0.00094834
1.02663050	-0.02735316	-0.06698418	-0.01182174	-0.00734269	-0.00071129
1.02408511	-0.03496273	-0.06661399	-0.00609858	0.00549853	0.00345766
1.02453623	-0.02833293	-0.06353815	-0.00557462	0.00412487	0.00409776
1.02639065	-0.02202621	-0.06272940	0.00338762	-0.00335327	0.00448611
1.02947646	-0.02616521	-0.05216016	0.00224242	-0.00256267	0.00572680
1.03105472	-0.02571422	-0.04715121	0.00361878	-0.00819420	0.00592973
1.02639754	-0.02432978	-0.05539691	0.00500042	0.00514616	0.00550126
1.02782733	-0.02755540	-0.06402476	-0.00175721	0.01047124	0.00468601
1.02187842	-0.02286696	-0.05874296	0.00117605	0.01074653	-0.00962517
1.02585869	-0.02518548	-0.05546643	-0.00203527	0.01743335	0.00331348
1.02535524	-0.02693399	-0.05967278	0.00518603	0.00644170	-0.00500638
1.02095063	-0.02213697	-0.06016529	0.00933435	0.00464061	-0.00325886
1.02318814	-0.02041192	-0.05769908	0.00615202	-0.00156291	-0.00043202
1.02742468	-0.02523785	-0.05743345	0.00711359	0.00172023	0.00172114
1.03043748	-0.02454340	-0.05690542	0.00778056	0.01402294	0.00273751
1.03042090	-0.02974697	-0.06260584	0.00757940	0.01017738	0.00049365
1.03005953	-0.02917684	-0.06233564	0.00101736	-0.00026749	0.00213805
1.02132671	-0.02961053	-0.06227726	0.00158168	-0.00150387	0.00875647
1.02828515	-0.03371326	-0.06267648	0.00065906	0.00307318	-0.00291868
1.02580613	-0.02781900	-0.06420488	0.00742471	0.01555708	-0.00738121
1.02634546	-0.02610790	-0.06271219	0.00141560	0.01321679	-0.00550762
1.02582802	-0.02164076	-0.06027853	0.00098566	0.00929566	-0.00653989
1.02696398	-0.02282947	-0.05372937	-0.00427682	0.01211463	-0.00348772
1.02795850	-0.02259716	-0.05496742	-0.00777934	0.00729530	-0.00560342
1.02736086	-0.02164036	-0.05895183	0.00569092	0.01206973	-0.00575983
1.02497652	-0.02017517	-0.06136025	0.00117199	0.00699317	-0.00908378
1.02443876	-0.02396900	-0.05369509	-0.00197444	0.01056481	-0.00450808
1.02340104	-0.02022903	-0.05283810	0.00316727	0.01848988	0.00085834
1.02164176	-0.02315827	-0.05874268	0.00254654	0.00807969	0.01136938
1.02284519	-0.02832997	-0.04837594	-0.00886542	-0.01560618	0.01212774
1.02387424	-0.02660805	-0.05156148	-0.01107840	-0.01040578	0.00262625
1.02587510	-0.02854946	-0.05432012	-0.00084800	-0.00554331	0.00229499
1.02754224	-0.02786821	-0.05402689	-0.00339693	-0.00982534	-0.00149125
1.02502761	-0.02487239	-0.05429620	-0.00525418	0.00482853	-0.00389200
1.02528958	-0.03010230	-0.06726107	-0.00251409	0.00205022	0.00583041
1.02749743	-0.02893183	-0.05539311	0.00360285	-0.00961872	0.00025535
1.02501943	-0.02585739	-0.05777168	-0.00012413	-0.01250261	-0.00020702
1.02420732	-0.02801372	-0.06439432	0.00957292	-0.00528906	0.00544798
1.02527364	-0.02504088	-0.06460030	-0.00273203	-0.00882228	-0.00246279
1.02513514	-0.02204605	-0.06060787	-0.00338230	-0.01484723	-0.00670348
1.02406412	-0.02471529	-0.06075250	0.00443257	-0.00732170	-0.00620459
1.02675797	-0.02276914	-0.06457299	-0.00244621	-0.02749625	0.00033460
1.02591370	-0.02566322	-0.06774251	-0.00222735	-0.01898939	-0.00061554
1.02702405	-0.02436727	-0.06457264	-0.00406720	-0.03222211	0.00420146
1.02997120	-0.02905774	-0.06339508	0.00226241	-0.01893797	-0.00954563
1.03097168	-0.02533685	-0.05829475	-0.00621035	-0.00633978	-0.01080295
1.02947349	-0.02686494	-0.05723521	-0.00510842	-0.00565644	-0.00318305
1.02813154	-0.02459987	-0.06142641	0.00298753	-0.01027646	-0.00261637
1.02642813	-0.02600004	-0.06330138	0.00134078	-0.00995123	0.00423065
1.02506441	-0.02405256	-0.06518244	-0.00344886	-0.01113075	-0.00471955
1.02566001	-0.02347066	-0.06061970	-0.00519171	-0.01978915	-0.00735417
1.02158186	-0.02724585	-0.05631315	0.00259778	-0.00365921	-0.01141833
1.01983919	-0.02424508	-0.06327319	0.00810894	-0.00557497	-0.00536175
1.01917091	-0.02643096	-0.06274063	0.01449281	-0.00914322	-0.00756789
1.02365090	-0.02198176	-0.06555260	0.00722376	0.00044956	-0.00435670
1.02546195	-0.01684599	-0.05854670	0.00774112	0.00591686	-0.00142541
1.02398900	-0.02132755	-0.05190988	0.01191700	-0.00434684	-0.00214654
1.02522194	-0.02376700	-0.04531357	0.00838947	-0.00696355	-0.00146890
1.02495336	-0.02190155	-0.05516568	-0.00061344	-0.01376766	0.00012368
1.03081972	-0.02676213	-0.06661021	0.00474992	-0.01612645	0.00131450
1.02974706	-0.02526848	-0.06996823	0.00036078	-0.00564314	0.00104249
1.02245258	-0.02185595	-0.06632974	0.00003863	-0.01593950	0.00383990
1.02039715	-0.02664887	-0.06848375	0.00502850	-0.00693985	-0.00074456
1.01937290	-0.02197801	-0.07048139	0.00483340	-0.00479168	-0.00049897
1.02227645	-0.02206792	-0.07272702	-0.00062239	-0.00482821	0.00074226
1.02601441	-0.02138608	-0.07024192	-0.00084951	-0.00896263	0.00324449
1.02921408	-0.02592129	-0.06164645	0.00218371	-0.00707608	0.00724931
1.02923354	-0.02541528	-0.06995539	-0.00027703	0.00156573	0.00734481
1.02728482	-0.02597073	-0.06126388	-0.00531623	-0.00719379	0.00088216
