1.02234865	-0.02440246	-0.07109780	0.01041241	0.01152375	-0.00232949
1.02029088	-0.01908385	-0.06803057	-0.00090879	0.00516968	0.00667851
1.02614360	-0.02980931	-0.07290492	-0.00119932	0.01251253	-0.00680842
1.03029155	-0.03296548	-0.07914897	0.01436669	0.02458306	-0.01583351
1.02564805	-0.02552852	-0.07331321	0.01299305	0.02937692	-0.01582761
1.01807705	-0.02603854	-0.06255227	0.01504956	0.00265925	-0.01299356
1.02580923	-0.02423652	-0.06404173	0.01003866	-0.00421844	-0.00656580
1.02735094	-0.02063960	-0.06413583	0.01055613	-0.01441422	-0.00249728
1.02787269	-0.01621750	-0.05774840	0.00070593	-0.00420820	-0.00166898
1.02952329	-0.01822191	-0.05975080	0.00430409	0.00212036	-0.00403945
1.02527298	-0.02010825	-0.06354611	0.00113276	-0.00761705	0.00374556
1.02222588	-0.02346718	-0.06098119	-0.01441015	-0.00253742	0.00506378
1.02443476	-0.02335627	-0.06349607	-0.01531250	-0.00794185	0.01264571
1.02296684	-0.02643898	-0.06794317	-0.01502600	-0.00338082	0.01082155
1.02471651	-0.02407390	-0.07241562	0.00575711	-0.01476280	0.00910869
1.02290451	-0.02339294	-0.07132547	-0.00094879	-0.01659980	0.00291470
1.01814801	-0.02827204	-0.07317024	0.00057631	-0.00403376	-0.00236593
1.02299937	-0.02365646	-0.07330478	-0.00316322	-0.00045190	0.00053835
1.02183566	-0.02364976	-0.06807322	-0.00250992	-0.01602735	0.00454431
1.02837171	-0.02105314	-0.06796421	0.00113931	0.00268819	0.00377946
1.03108164	-0.02300248	-0.07437014	0.01603211	0.00707474	0.00762686
1.02451867	-0.02425460	-0.06402540	0.01787579	-0.01383888	0.00445313
1.02390821	-0.02686777	-0.05874118	0.00691245	-0.02343502	-0.00001681
1.02883327	-0.02504476	-0.06436769	0.00172584	-0.01778977	-0.00430554
1.03487939	-0.01747304	-0.06986626	0.00690622	-0.00381706	-0.00834819
1.02590320	-0.02363694	-0.06907944	0.00871835	-0.00153407	-0.00507572
1.02280208	-0.02177220	-0.07025698	0.01979363	-0.00428869	-0.00093193
1.02655321	-0.02257643	-0.07351049	0.01178164	-0.00847982	-0.00425247
1.02214576	-0.02036070	-0.06758470	0.00800260	-0.01316003	-0.00356928
1.01697970	-0.01958236	-0.06083878	0.00195785	-0.01410348	0.00084149
1.02562982	-0.02469365	-0.06272220	0.00207969	-0.01542595	-0.00155096
1.02595054	-0.02593197	-0.07095647	-0.00052060	-0.01042557	0.01429262
1.03261484	-0.02538222	-0.07224490	-0.00332849	-0.01588652	0.00929429
1.03242840	-0.02125793	-0.07688328	-0.00580876	-0.00451985	0.00673303
1.02596142	-0.02591755	-0.07321518	-0.01386017	0.00380347	0.00469835
1.02963970	-0.02231749	-0.07439048	-0.01226794	-0.00179969	0.00698847
1.03100716	-0.02689432	-0.07950873	-0.01699710	0.01505790	-0.00082766
1.02692099	-0.02594053	-0.07346203	-0.00200664	0.02194562	0.00726398
1.02847153	-0.03050925	-0.07376918	0.00930201	0.01477601	-0.00039630
1.01988851	-0.02787506	-0.07298131	-0.00437936	0.01576359	-0.00390903
1.01801571	-0.02933872	-0.07350525	-0.00467674	-0.00883877	-0.00648829
1.02518900	-0.02527447	-0.07822693	-0.00466610	-0.00124458	0.00019439
1.02450557	-0.02779863	-0.07080714	-0.00759913	-0.00992320	-0.00841504
1.02707444	-0.02373531	-0.07564461	-0.00671919	-0.00193415	0.00028963
1.02954233	-0.02562791	-0.06952584	-0.00148932	-0.00453409	0.00195228
1.02435527	-0.02256546	-0.07261268	0.00100790	-0.01002979	0.00175026
1.02258994	-0.02228941	-0.06777862	0.00054952	-0.00624164	-0.00480364
1.02247754	-0.02084243	-0.06518571	0.00281463	-0.01333252	0.00236853
1.02633981	-0.02425919	-0.07301695	0.00618983	-0.00327801	0.00581019
1.02945487	-0.02511805	-0.07247540	0.00746313	0.00001259	0.00585354
1.02561007	-0.02498289	-0.06998939	0.00457915	0.01423953	0.00514969
1.02277191	-0.02402925	-0.07341936	-0.00292987	0.01408975	-0.01041165
1.02319718	-0.02747536	-0.08059180	-0.00052428	0.01893110	-0.00949963
1.02599569	-0.02452609	-0.07467347	-0.00144114	0.04190463	-0.00301739
1.02721372	-0.02396242	-0.06921690	-0.01057003	0.02907567	-0.00504997
1.02375050	-0.02516366	-0.06642656	-0.00801235	0.02248052	-0.00620472
1.02057663	-0.02670366	-0.07108098	-0.01163451	0.01729314	-0.00612305
1.02115826	-0.02304508	-0.06992157	-0.00525673	0.01701590	-0.01125357
1.02305278	-0.02275451	-0.06640379	-0.00750909	0.02454888	-0.01074830
1.02449274	-0.01934557	-0.06440509	0.00938722	0.02349649	-0.01124524
1.02413251	-0.01191511	-0.05812082	0.01003206	0.01894057	-0.01320916
1.02543196	-0.01116638	-0.06142977	0.00804977	0.01880305	-0.00672167
1.02321045	-0.01466247	-0.06812841	0.01758874	0.00635928	0.00075956
1.02356433	-0.01181295	-0.06562162	0.00386448	0.01194680	-0.00180569
1.02769331	-0.01751456	-0.06634416	0.00064074	0.00594881	0.00108622
1.03033003	-0.01986128	-0.07018770	0.00055993	0.01381230	-0.00164996
1.02579173	-0.01745339	-0.07163714	0.00220953	0.00940450	0.00491578
1.02165513	-0.01760506	-0.07176628	-0.00186915	-0.00264894	0.00667831
1.02810358	-0.02434695	-0.07070045	-0.00107127	0.01426349	0.00458334
1.03231820	-0.02344062	-0.06412125	0.00319013	0.01327895	0.00273672
1.02612249	-0.02545012	-0.06470069	0.00371202	-0.00212468	0.00150609
1.02649428	-0.01868547	-0.06131111	0.00168798	0.01536578	0.00088751
1.02446152	-0.01858701	-0.06180284	0.00306495	0.00361770	0.00220093
1.02030338	-0.02013688	-0.06174475	-0.00260445	0.00599538	0.00407642
1.02291386	-0.02289496	-0.06476311	0.00612818	0.00304056	0.00191782
1.02512689	-0.01817940	-0.06529143	0.00068839	0.00996621	0.00816298
1.03003504	-0.02355228	-0.06464261	0.00187405	0.00031491	0.00761593
1.02656884	-0.02232682	-0.06351952	0.00679511	0.00376361	0.00680962
1.02496750	-0.02141740	-0.06519781	0.00276349	-0.00273494	0.00708253
1.02248878	-0.02003734	-0.06301579	-0.00634936	-0.00197792	-0.00074217
1.02046471	-0.01935317	-0.06404456	-0.00478986	-0.01056866	-0.00685972
1.02677610	-0.01815101	-0.06766018	-0.01260960	0.01421877	-0.00240314
1.03105205	-0.02108301	-0.06691797	-0.00979109	-0.00173361	0.00318624
1.02931671	-0.02538721	-0.06576942	0.00353995	0.00479920	-0.00041891
1.02804676	-0.02257072	-0.06675066	0.00283056	0.00546095	0.00566358
1.02583599	-0.02005018	-0.06278950	-0.00053132	0.00556837	0.00723352
1.02489834	-0.02251866	-0.05561763	-0.00613477	-0.00881337	0.01401562
1.02262718	-0.02032419	-0.05959953	0.00394486	-0.00493217	0.01220025
1.02441359	-0.01794671	-0.06435539	-0.00037131	-0.00207120	0.00452528
1.01953994	-0.01898360	-0.06790376	-0.00700844	-0.00312217	0.00261547
1.02145358	-0.02139468	-0.06313261	0.00146451	-0.01648824	0.00098664
1.02531868	-0.01508981	-0.07224052	-0.00429639	-0.00050003	0.00056947
1.02240592	-0.01344840	-0.06774499	-0.00355844	-0.00558878	-0.00765870
1.02380509	-0.01437963	-0.06264304	-0.00389236	0.00244745	0.00209321
1.02877857	-0.02107797	-0.05888493	-0.00193152	-0.00008713	-0.00033476
1.02522416	-0.03331716	-0.06136915	-0.00320948	-0.00223053	0.00005391
1.02507068	-0.03480052	-0.06568636	0.00477377	0.00355259	-0.00757081
1.02835912	-0.02453325	-0.06519567	-0.00224482	0.00452757	-0.00385142
1.02844186	-0.01546742	-0.05373034	0.00406276	-0.00502877	-0.00337862
1.02726614	-0.01932688	-0.06546808	0.00093345	-0.00613592	-0.00775384
1.02559954	-0.01357013	-0.06428601	-0.00336879	-0.00785206	-0.00129082
1.02382919	-0.01579767	-0.06771417	0.00118477	-0.01552142	0.00640060
1.02534460	-0.01976750	-0.06264772	-0.01257651	-0.02723387	0.00672742
1.02678181	-0.01543182	-0.06638748	-0.00423452	-0.00873959	0.00255057
1.02428249	-0.01842157	-0.06649406	-0.00908336	-0.00606890	-0.00090896
1.02658991	-0.02172082	-0.06971354	-0.00308573	-0.00303262	0.00294023
1.02743410	-0.02300561	-0.06276365	-0.00261937	-0.00175917	0.00371553
1.02839598	-0.02544653	-0.05873641	-0.00616175	0.00773195	0.00091672
1.02894717	-0.02006208	-0.05905646	-0.00324812	0.00350230	0.00320014
1.02646712	-0.01991617	-0.06244256	-0.00275479	-0.00538908	-0.00119355
1.02322280	-0.02022623	-0.05941102	-0.00778415	-0.01696773	0.00377406
1.02800734	-0.01977366	-0.05596727	-0.00235627	0.00110873	0.00255735
1.02702575	-0.01663293	-0.06426109	-0.00340848	-0.00444982	0.01206204
1.03363220	-0.02221376	-0.07134999	-0.00077589	-0.01696158	0.00175832
1.03267320	-0.02245026	-0.07370996	-0.00050566	-0.00664341	-0.00348376
1.02654475	-0.02291613	-0.06882835	0.00666728	-0.00772589	-0.00373656
1.02439944	-0.01932179	-0.06106250	-0.00755828	-0.00659572	-0.00052111
1.02326816	-0.01861206	-0.05978364	-0.00607808	-0.01016334	0.00327726
1.02574611	-0.01435318	-0.06163778	-0.00378729	-0.00712294	0.00280818
1.02742097	-0.01867519	-0.06380765	-0.00104952	-0.01432065	-0.00148483
1.02390976	-0.02290380	-0.06798446	0.00538159	-0.00271875	-0.00531078
1.02447854	-0.02252041	-0.07313120	0.00554454	-0.01150318	0.00130764
1.02678572	-0.02084135	-0.07292201	-0.00546972	-0.00837359	0.00177530
1.03366703	-0.02325127	-0.07515342	-0.00390976	-0.03046474	-0.00296633
1.03516787	-0.01997757	-0.07174934	-0.00593257	-0.01067763	0.00149541
1.02618119	-0.02107006	-0.07034458	0.00412428	0.00021640	0.00239694
1.02128752	-0.01827814	-0.06991033	0.00329775	-0.00866070	0.00695818
1.02408947	-0.02011712	-0.06089151	0.00152083	-0.00906465	0.00646338
