0.25815821	0.64728079	0.72288366	-0.00993707	0.02041970	0.00353613
0.25022717	0.64656581	0.72520934	-0.01375600	0.03129098	0.00704057
0.25907816	0.64632389	0.72855384	-0.01868563	0.02076078	0.00436672
0.25922615	0.64396090	0.73539769	-0.01248205	0.02412773	0.00694083
0.26296953	0.64633465	0.73490580	-0.01602700	0.03432622	0.00680928
0.25541297	0.64536472	0.74608898	-0.00751133	0.04135792	0.00321369
0.26092044	0.64347881	0.74233391	-0.00775151	0.01689385	0.00369174
0.25565023	0.64181604	0.74214435	-0.01132769	0.01940723	0.00331681
0.25589762	0.64214399	0.73920025	-0.01598672	0.03216106	0.00322474
0.25969935	0.64861668	0.73632217	-0.01359817	0.01401228	0.01069689
0.25798130	0.64533349	0.73336017	-0.00928689	0.03521387	0.00254878
0.26452862	0.64209659	0.73475332	-0.00639757	0.02422315	-0.00039820
0.26229743	0.64345992	0.72761894	-0.00992142	0.02980800	0.00315273
0.25351079	0.64287582	0.73048515	-0.01002610	0.04810027	0.00399056
0.25684425	0.64593748	0.73553159	-0.00916159	0.01305285	0.00297166
0.25474795	0.64576058	0.73901946	-0.01300514	0.03177684	0.00386778
0.25451748	0.63899811	0.73013109	-0.00370346	0.02093223	0.00660232
0.25647326	0.63054786	0.73043347	0.00032545	0.01393568	0.00615759
0.25264478	0.63654484	0.73317978	-0.01362872	0.01513818	0.00416739
0.25550419	0.63930314	0.73520240	-0.00801730	0.02405708	0.00381210
0.25587962	0.64508377	0.72646873	-0.01067089	0.01867328	0.00447532
0.25015075	0.64317918	0.73056977	-0.00667323	0.01377613	0.01040074
0.24836066	0.64495122	0.73930739	-0.01011099	0.01713568	0.00762860
0.24730234	0.64328151	0.73968082	-0.01248786	0.02091639	0.00174594
0.25261645	0.64604040	0.73774628	-0.01300890	0.01145866	-0.00197981
0.25110001	0.64489252	0.73129964	-0.00566678	0.04384850	0.00147782
0.25458392	0.64081387	0.73383261	-0.00868994	0.00802730	-0.00030150
0.25184899	0.64264514	0.74180130	-0.00758664	0.01713290	0.00160663
0.25401727	0.64046485	0.73899977	-0.01897894	0.01828342	0.00637427
0.25680892	0.64193087	0.73738229	-0.01358441	0.00616536	0.00543660
0.25551692	0.63860980	0.73620714	-0.00641163	0.01511442	0.00000776
0.25179892	0.64146526	0.73608670	-0.01269386	0.03243791	0.00188650
0.25419521	0.63701311	0.73527072	-0.00488620	0.02222379	0.00738937
0.24994622	0.63661593	0.73397009	-0.01212308	0.02263599	0.00648248
0.24854015	0.63975167	0.74190473	-0.01394756	0.04099418	0.00164509
0.24480956	0.63935584	0.73696333	-0.01641451	0.03304677	0.00546888
0.24679533	0.63712117	0.73749105	-0.01748497	0.06002694	0.00351083
0.25371651	0.64458761	0.73880579	-0.01350754	0.02313771	0.01176009
0.25067598	0.64150852	0.74502876	-0.01451570	0.01155956	0.01216742
0.24828358	0.64394772	0.74539362	-0.01291777	0.02088133	0.00654225
0.25203355	0.63925960	0.73809985	-0.01202948	0.02553587	0.01040215
0.24938608	0.63088663	0.74297419	-0.00563428	0.00552878	0.00539350
0.24697300	0.63399584	0.74386413	-0.00787609	0.04462730	0.00427300
0.25430984	0.63608058	0.74352186	-0.01599448	0.03011376	0.00661394
0.25163243	0.63812005	0.74329741	-0.00655518	0.02325483	0.00668030
0.25051812	0.63804020	0.73861718	-0.00849371	0.03651867	0.00592180
0.24491651	0.63875932	0.73833162	-0.00661166	0.03200525	0.00344965
0.24529897	0.63711826	0.74550054	-0.00422828	0.02129412	-0.00121639
0.24675585	0.63772069	0.74883286	-0.00759945	0.01626509	-0.01083718
0.24104479	0.63556507	0.75028215	-0.00434394	0.01278124	-0.00420572
0.24273741	0.64007490	0.75700665	-0.00857616	0.02229529	0.00110529
0.24188649	0.63688723	0.75040477	-0.00499494	0.01661665	0.00251084
0.24213229	0.64049198	0.74972581	-0.00189637	0.01952836	0.00058631
0.23704541	0.63700735	0.74758119	-0.00925692	0.02960298	0.00455239
0.23852484	0.63701709	0.74794789	-0.00381423	0.00726606	0.00473282
0.24728613	0.63740172	0.74557702	-0.01383227	0.01211242	0.00355788
0.24048465	0.63886953	0.74525616	-0.01269282	0.01785616	0.00178406
0.24368458	0.63743870	0.74036807	-0.01245456	0.01401177	0.00430666
0.24232301	0.63494070	0.73871590	-0.00600413	0.01827153	0.00289618
0.24508259	0.64156321	0.74037856	-0.00028712	0.01901420	-0.00055462
0.24556220	0.63938826	0.74196460	0.00279981	0.00963585	-0.00630034
0.24298646	0.64144728	0.75678886	-0.00200105	0.00630791	-0.00173930
0.24098473	0.64104671	0.75370004	-0.00063048	-0.00644401	0.00062843
0.24469047	0.63531122	0.74776808	-0.00420258	0.01935365	-0.00448038
0.24066760	0.63713195	0.74567725	-0.00496710	0.02666834	-0.00734999
0.24176900	0.63240930	0.74694552	-0.00687474	0.02122951	-0.00600404
0.23854663	0.63541291	0.73640861	-0.00282157	0.01061731	-0.00613343
0.24132019	0.63903738	0.74522426	-0.00257376	0.00354786	-0.00210053
0.24441856	0.63692705	0.74723286	0.00284045	-0.00339367	-0.00352140
0.24409384	0.63507989	0.73808756	0.00393995	-0.01707810	0.00071841
0.23967466	0.63407966	0.74875953	-0.00198660	-0.00381141	0.00550826
0.24502308	0.63396239	0.75143656	-0.00677940	-0.00823618	0.00294528
0.24293452	0.63223836	0.74906059	-0.00013714	-0.00303894	0.00660794
0.24000218	0.63719476	0.74904535	-0.00499539	-0.01247516	0.00551359
0.24391086	0.64201894	0.74619738	-0.00618445	-0.01896847	0.00086793
0.23871682	0.64300242	0.74620038	0.00823070	-0.00155975	-0.00296511
0.23581174	0.64054407	0.74638189	0.00122711	-0.01006026	0.00027594
0.24277926	0.63546799	0.75058826	0.01052087	-0.01176279	0.00473882
0.23846872	0.63767448	0.75004898	0.00619616	-0.01554020	-0.00524932
0.24302242	0.63612670	0.74122056	-0.00104416	-0.01528195	-0.00845329
0.24197438	0.63604040	0.74800090	0.00161443	0.00709085	-0.00350268
0.24041537	0.63694131	0.74202919	-0.00005107	-0.00983413	0.00260735
0.23559027	0.63581686	0.74037898	-0.00382401	-0.00288763	-0.00310618
0.23606030	0.64321376	0.74051598	0.00062413	0.00183707	-0.00110820
0.24080314	0.64303551	0.73708415	-0.00692565	-0.02443825	-0.00039511
0.24064927	0.64420076	0.73736153	0.00262352	-0.03366755	-0.00070105
0.23391328	0.64238327	0.73975391	0.01377235	-0.00672145	-0.00141634
0.23654306	0.63906688	0.73906665	0.00594102	-0.00605521	0.00049674
0.24050798	0.63574666	0.74146057	0.01224815	-0.02125942	0.00561325
0.24216455	0.63535838	0.73655524	0.00588958	-0.02365620	-0.00666943
0.24376503	0.63771165	0.74124332	0.00974514	-0.00588085	-0.00592882
0.24302097	0.64052568	0.73987354	0.01396946	-0.01245886	-0.00152853
0.24352286	0.63463711	0.73709296	-0.00061709	-0.00149827	-0.00232695
0.24916601	0.63811039	0.74237687	0.00814279	-0.00895367	-0.00042608
0.24427930	0.63586771	0.73978779	-0.00217530	-0.01904967	-0.00304121
0.25016881	0.63270260	0.74826602	0.00042101	-0.03621335	-0.00667025
0.24346224	0.63185251	0.75007767	0.00772086	0.01004359	-0.00630386
0.23996126	0.62993881	0.74355437	0.00453296	-0.02521531	-0.00759726
0.24014559	0.63514729	0.73865860	0.00490821	-0.00080989	-0.00472183
0.24599387	0.63546615	0.73689444	0.01214499	-0.02342580	-0.00612530
0.24479941	0.63583858	0.74936414	0.00759224	-0.01597392	-0.00503884
0.24256598	0.63658669	0.74632303	0.00819599	-0.01691284	-0.00507741
0.24067309	0.64016555	0.74610209	0.00454698	-0.03876499	-0.00716526
0.24638786	0.64059281	0.74378668	0.01274056	-0.03077228	-0.00352488
0.24560196	0.63825166	0.74586220	0.00921858	-0.04351252	-0.00409409
0.24532791	0.64324995	0.74323610	0.01217871	-0.04010340	-0.00129230
0.24355421	0.64292956	0.74049353	0.01543445	-0.01410839	-0.00428831
0.24688625	0.63913454	0.74000589	0.00983113	-0.04682123	-0.00348687
0.24014042	0.63448080	0.74144512	0.01335578	-0.04513682	-0.00472744
0.24739227	0.63616108	0.73248797	0.01333899	-0.03386573	-0.00476329
0.24776212	0.63543942	0.73805208	0.01488516	-0.03016076	-0.00357448
0.24412064	0.64091781	0.73717525	0.00808948	-0.03562902	-0.01273774
0.24552525	0.63946753	0.74065198	0.01280984	-0.02631101	-0.00688921
0.24415977	0.63798853	0.74770489	0.01491206	-0.05063777	-0.00287841
0.24161070	0.64322508	0.73754726	0.01308073	-0.04721652	-0.00069182
0.24678207	0.64527600	0.72925427	0.00658355	-0.05058964	-0.00547920
0.24984680	0.64242802	0.73188949	0.01334665	-0.04243358	-0.00299424
0.24224485	0.64741712	0.73209756	0.01090401	-0.06061453	-0.00510838
0.24742590	0.64406872	0.73264516	0.01521449	-0.04014378	-0.00618558
0.25291375	0.64209649	0.72861965	0.01302523	-0.06067165	-0.00520334
0.25122593	0.64610119	0.73324923	0.01146786	-0.07172445	-0.00819427
0.25399217	0.64590480	0.72790325	0.01239665	-0.05796137	-0.00484481
0.25502298	0.64674135	0.73810471	0.01095785	-0.04737442	-0.00723224
0.25145991	0.64342303	0.72993746	0.01779227	-0.04098248	-0.00548625
0.25945012	0.62957982	0.73194937	0.01806101	-0.02753864	-0.00459290
0.25652465	0.62772532	0.73854982	0.01470659	-0.00777794	-0.00682236
0.25290541	0.63800868	0.73182763	0.00715806	-0.02739786	-0.00713056
0.25480369	0.64650406	0.73258246	0.00503224	-0.04648206	-0.00761684
