0.17323682	0.58723579	0.80155108	-0.00450500	0.01305920	-0.00025050
0.17461895	0.58675328	0.80394104	-0.01484041	0.02011337	0.00460333
0.17691726	0.58785443	0.80234500	-0.00768130	-0.00044667	0.01149715
0.17305039	0.59075052	0.79930764	-0.00003955	0.00352639	0.00437555
0.16894418	0.59185084	0.79956456	-0.00307661	-0.00273614	-0.00330251
0.17100996	0.59345364	0.80386801	0.00904137	0.00378318	-0.00173875
0.17494960	0.59064423	0.80426450	0.01056092	-0.01717573	-0.00483289
0.17463480	0.58543723	0.80629150	0.00795731	-0.00609122	-0.00586137
0.16915605	0.58731730	0.80409874	0.00825835	-0.01007028	0.00040567
0.16956432	0.58979280	0.80528978	-0.00063831	-0.01252124	0.00291823
0.16431664	0.58746599	0.80298434	0.00623023	-0.01732291	-0.00133507
0.16855049	0.58692038	0.79988577	0.00138691	-0.02099320	-0.00262459
0.17934643	0.59080657	0.79468194	0.00562080	-0.02010218	0.00084957
0.16936723	0.59311043	0.79817468	0.00407074	-0.02297588	0.00415624
0.18120513	0.59009285	0.79999810	-0.00197707	-0.00410808	-0.00274497
0.18528761	0.58372462	0.79789395	0.00558071	-0.00968976	-0.00653455
0.18869490	0.58773817	0.80227538	0.00846872	-0.02435805	-0.00840636
0.18065123	0.58830433	0.79775818	-0.00129523	-0.01940901	-0.01150281
0.17275310	0.58842312	0.80242665	0.00048738	-0.01269760	-0.00097883
0.17703600	0.58950177	0.80588852	0.00644274	-0.01893948	-0.00523909
0.18396491	0.58977256	0.80615577	0.00252349	-0.02198566	-0.00433347
0.17212968	0.58829299	0.79859333	0.00219017	-0.01402592	-0.00363846
0.17745448	0.58926549	0.80296853	0.00256335	-0.03477922	-0.00622380
0.18296911	0.58737677	0.79793924	0.00353597	-0.03452645	-0.00123883
0.17722770	0.58581338	0.79958559	0.00545017	-0.03123293	0.00073686
0.18178552	0.59094850	0.80561165	0.01147377	-0.03519569	-0.00125607
0.17816845	0.58972361	0.80334889	0.01340959	-0.04383435	-0.00413675
0.17823413	0.59094600	0.79826071	0.00417002	-0.02568857	-0.00644572
0.18649564	0.59092482	0.79922715	0.00649319	-0.05684954	-0.00552342
0.18079668	0.58791602	0.79384924	0.01472975	-0.03220341	-0.00630707
0.18790008	0.58901939	0.78700090	0.01149170	-0.03269972	-0.00529065
0.18320059	0.59137312	0.79340706	0.01641569	-0.02982397	-0.00322105
0.18377474	0.58868888	0.79793625	0.01356124	-0.04661465	-0.00626772
0.18079617	0.59022893	0.79668258	0.00970396	-0.02194701	-0.00835530
0.18332413	0.59278497	0.79255205	0.01276490	-0.03117861	-0.00896469
0.17942515	0.58864758	0.79777683	0.00195864	-0.05281128	-0.00478209
0.18122057	0.58937913	0.79795427	0.01137343	-0.05248049	-0.00064131
0.18429485	0.59037236	0.79297032	0.01748135	-0.05887935	0.00267870
0.19005635	0.58689740	0.79592301	0.01268110	-0.05826328	-0.00170930
0.18640643	0.58541157	0.78257626	0.01136143	-0.04678840	-0.00454121
0.18961173	0.58501740	0.78374524	0.01646896	-0.03107748	-0.00644487
0.19671144	0.58555364	0.78520690	0.00564321	-0.04741317	-0.00397089
0.19127171	0.58608276	0.78497800	0.01098389	-0.02288748	-0.00260071
0.19662713	0.58665236	0.78989271	0.00629846	-0.03791373	-0.00741259
0.18903678	0.58872279	0.79439354	0.00655364	-0.04789949	0.00129949
0.19313764	0.59016807	0.80234463	0.00512491	-0.03800960	-0.00226440
0.19482608	0.59174052	0.80352722	0.01320127	-0.04027127	-0.00318470
0.19369226	0.58832557	0.80428319	0.01126797	-0.02702013	-0.00704569
0.19961337	0.58681611	0.79441748	0.00870253	-0.03101415	-0.00340228
0.19078625	0.58885678	0.80374803	0.00888592	-0.03516131	-0.00561897
0.19332482	0.59248534	0.80290582	0.01132788	-0.01922351	0.00029961
0.19324654	0.59080586	0.79647607	0.00459815	-0.00779624	-0.00319243
0.19278969	0.58981702	0.80047475	0.00740799	-0.04020249	0.00052941
0.19390151	0.59000390	0.79627059	0.00160300	-0.00687611	0.00167968
0.19568136	0.58951478	0.79576332	0.00512251	-0.01532980	-0.00337200
0.19783588	0.58888557	0.79553868	0.00120746	-0.00135877	-0.00047093
0.19810668	0.59054913	0.79017072	-0.01201551	0.00481681	-0.00308119
0.19372147	0.58627690	0.79074142	-0.00981690	0.01805245	0.00286983
0.19284220	0.58849402	0.79337530	-0.00793171	0.01089828	0.00426278
0.19118181	0.59005757	0.79851310	-0.00082851	0.00640562	0.00342531
0.19474289	0.59452016	0.79531316	0.00398805	0.01041719	0.00260501
0.19124886	0.59516569	0.79530745	-0.00731859	0.02166038	0.00337228
0.19053664	0.59153899	0.78553137	0.00345223	0.01324672	-0.00156147
0.19463077	0.58880822	0.78708974	-0.00688785	0.02277967	0.00097913
0.19270853	0.59046163	0.79386645	-0.00282336	0.01780936	-0.00238469
0.18893855	0.59418362	0.79571232	-0.00264098	0.02406106	-0.00238957
0.18859524	0.59425645	0.79941490	-0.00518931	0.00731898	-0.00001518
0.18762436	0.59671758	0.79824662	-0.00549649	0.01726977	0.00839975
0.19423147	0.59438977	0.79235052	-0.00569323	0.02061062	0.01035565
0.19385294	0.59365692	0.79370118	-0.01120202	0.01670822	0.00602823
0.19198313	0.59129496	0.79638806	-0.00457487	0.01414879	-0.00448350
0.19401225	0.58664251	0.80299115	-0.00999762	0.02179293	0.00244989
0.18613681	0.58779435	0.79421348	-0.01015679	0.02965219	0.00582417
0.19215163	0.59102380	0.79719163	-0.00720524	0.03488713	0.00560662
0.18645751	0.58998975	0.79495959	-0.01661945	0.02304918	0.00820446
0.19427724	0.59236024	0.79416847	-0.01812225	0.03934161	0.00607496
0.19184201	0.58760679	0.79567620	-0.01511186	0.05035391	0.00404360
0.18602162	0.58887139	0.80002850	-0.00727334	0.02697640	0.00577096
0.18904046	0.59079605	0.80104624	-0.00832557	0.03337952	0.00263717
0.19073893	0.58877490	0.79695176	-0.00914904	0.00785478	0.00277629
0.18718191	0.58716308	0.79746536	-0.01201373	0.02248712	0.00617753
0.19054012	0.58746470	0.79072170	-0.00534378	0.03349990	0.00112631
0.18689016	0.59082755	0.79475006	-0.00763743	0.00730056	0.00082669
0.18367828	0.59576364	0.79931839	-0.00774579	0.03183140	0.00304197
0.18199749	0.59147074	0.79634490	-0.01028059	0.01069182	0.00658067
0.19048119	0.59275385	0.79463968	-0.00438408	0.01737468	0.00019859
0.18393015	0.59349609	0.80227284	-0.00565572	0.01921041	-0.00246199
0.18669672	0.58886619	0.80375227	0.00107233	0.02485381	0.00525461
0.19128109	0.58975287	0.80601490	-0.00232663	0.02829343	0.00692987
0.18437032	0.59514790	0.81366872	-0.00274136	0.02114456	0.00511948
0.18267870	0.59266634	0.80750789	-0.00727623	0.01716277	0.00225967
0.18188137	0.59077648	0.79819905	-0.00429652	0.03301506	-0.00096565
0.17951534	0.58620580	0.79829115	-0.00951771	0.02764146	-0.00065149
0.18548033	0.58725060	0.80781475	-0.00682766	0.04456843	-0.00004309
0.18367870	0.58656803	0.79836296	-0.01120781	0.03852732	-0.00177097
0.17955353	0.58689551	0.80482251	-0.00716930	0.01865931	-0.00138164
0.18442842	0.58936488	0.79966790	-0.01224859	0.02950417	0.00577887
0.18610583	0.59018972	0.79379369	-0.01173870	0.01475612	0.00382775
0.17802990	0.59294513	0.79685397	-0.00528312	0.02089368	0.00299066
0.17971353	0.58962495	0.79661132	-0.00286734	0.03624781	0.00013347
0.17669373	0.59101306	0.79738104	-0.01116849	0.01836771	0.00222317
0.18122228	0.58826548	0.79933070	-0.00467904	0.01376940	0.00355283
0.18034142	0.59164565	0.79999722	-0.00553774	0.03308482	0.00421504
0.17888489	0.58894128	0.81338512	0.00149273	0.02504291	0.00384550
0.17520229	0.58650147	0.80691887	-0.01085050	0.02332544	0.00642446
0.18038285	0.58470506	0.80420880	-0.00763616	0.03954693	0.00223082
0.17718432	0.58391988	0.79914000	-0.00596798	0.02973553	0.00114879
0.17764251	0.58428397	0.80145452	-0.01262436	0.00988790	0.00072184
0.17642761	0.58575821	0.80179778	-0.00153673	0.01689415	0.00553121
0.17416221	0.58703492	0.79722829	-0.00635676	0.01296838	0.00919053
0.18077894	0.58779286	0.80539732	-0.00044092	0.00519558	0.00804077
0.18252557	0.58526022	0.81640799	-0.00758890	0.01376485	0.00872527
0.17933074	0.58360841	0.81189406	0.00644161	0.01511482	0.00361217
0.17941423	0.58291037	0.80136913	0.00543464	0.00934257	-0.00008779
0.17791259	0.58859746	0.80244667	-0.01163035	0.03915425	-0.00024891
0.17504042	0.58908380	0.79660932	-0.01187622	0.01477928	0.00012005
0.17230018	0.59053263	0.79960221	-0.00649955	0.01175442	0.00459924
0.17326345	0.58942021	0.80083094	-0.00462424	0.00465719	0.00186387
0.17650039	0.58945344	0.80243126	-0.01125716	0.01237318	-0.00183487
0.17466958	0.58624740	0.80540676	-0.00167355	0.00900499	-0.00009777
0.17289639	0.58220526	0.80379851	0.00356035	0.00418549	0.00725004
0.17092890	0.58471906	0.79727559	-0.00076594	0.01143146	-0.00315847
0.17200297	0.58206598	0.79945310	-0.00231913	0.00358417	0.00014119
0.17468869	0.58578002	0.80105930	-0.00399685	0.00740907	-0.00292663
0.17316041	0.58903492	0.80094395	-0.00748138	0.00026092	0.00013928
0.17206406	0.58979631	0.80597582	-0.00131473	0.01173523	0.00346671
0.16798350	0.59009972	0.80255102	0.00012532	0.01406727	-0.00236250
0.17602615	0.58683402	0.80519721	0.00099077	0.00477628	-0.00863591
