0.18485479	0.58737346	0.79911478	0.01321890	-0.03021256	0.00122474
0.18233131	0.58867334	0.79084388	0.01524843	-0.02605315	-0.00399574
0.18574586	0.59231486	0.80188910	0.01238258	-0.05612342	-0.00319457
0.18594414	0.59332141	0.80546261	0.01034637	-0.03386736	-0.00765513
0.18500362	0.59618873	0.80133994	0.00781979	-0.02821347	-0.00225627
0.18330900	0.59231380	0.80101910	0.01402866	-0.02243559	0.00495111
0.18172913	0.58994428	0.80497356	0.01173998	-0.05547139	0.00017458
0.18596768	0.59100960	0.79738939	0.01361163	-0.04453729	-0.00430087
0.18540010	0.58565132	0.79702226	0.01007029	-0.03917728	-0.00359989
0.19028954	0.59176559	0.79490062	0.00152604	-0.03146744	-0.00954984
0.19101488	0.58838462	0.79850867	0.00048731	-0.06516939	-0.00250359
0.18181502	0.58885003	0.80499845	0.01456930	-0.05991259	0.00050205
0.18726036	0.58907959	0.79877777	0.00188982	-0.04103732	-0.00852495
0.19222734	0.59189242	0.80243621	0.00111475	-0.01201357	-0.00788975
0.19678957	0.59170890	0.80002116	0.01753356	-0.03747907	-0.00676826
0.19494509	0.59027397	0.79552926	0.00591382	-0.02651935	0.00448059
0.19131297	0.58745528	0.79689504	0.00392381	-0.01290852	0.00092979
0.19298154	0.58741036	0.79183558	0.00021665	-0.01843093	0.00252638
0.19142113	0.59034271	0.78539752	-0.00698568	-0.00100113	-0.00032464
0.19070591	0.59471796	0.79138488	-0.00160679	0.00245669	-0.00485879
0.19465362	0.59230679	0.78811201	-0.00729285	0.00762953	-0.00492051
0.20144435	0.59238479	0.79393926	-0.00939706	0.02858379	-0.01042372
0.19306765	0.59587746	0.78739831	-0.00722169	0.03239538	-0.00388194
0.19409398	0.59227200	0.79074640	-0.01061683	0.00535541	-0.00255111
0.19080550	0.59445372	0.79178771	-0.01084678	0.04342713	-0.00287865
0.19005279	0.59254173	0.78471439	-0.00267424	0.02705801	0.00044772
0.19111267	0.59354210	0.78838992	-0.01320978	0.00753567	0.00498626
0.19679708	0.59244663	0.79093645	-0.01143937	0.04173004	0.00936251
0.18475766	0.58407993	0.79749682	-0.00283458	0.02479398	0.00432530
0.19436083	0.59042941	0.79857383	-0.00269637	0.03824889	-0.00198588
0.19287133	0.59527200	0.79508353	-0.01835204	0.01750774	0.00082037
0.19381902	0.58749177	0.79352269	-0.02188619	0.04382660	0.00116382
0.19163989	0.58966823	0.80015983	-0.00857526	0.03842343	0.00332584
0.19214722	0.58860216	0.79583100	-0.01136558	0.04454341	0.00075761
0.19562506	0.58904692	0.79725298	-0.00752443	0.04593355	0.00468806
0.19170186	0.58823666	0.79470387	-0.00122650	0.03091256	0.00216964
0.18338488	0.58691416	0.79586236	-0.00251135	0.03321038	-0.00354100
0.18133062	0.59138342	0.79722139	-0.01909500	0.03080281	0.00494640
0.18351544	0.59660985	0.79206964	-0.00209095	-0.00754940	-0.00257618
0.17812019	0.59688513	0.78864399	-0.00764573	0.02828636	0.00136019
0.19119547	0.58933525	0.79377215	-0.00388776	0.02904795	-0.00125815
0.18698832	0.58973651	0.79259483	-0.00362315	0.03241860	-0.00185370
0.18948166	0.58827235	0.79873265	-0.00244819	0.02549942	0.00115097
0.18402448	0.58954515	0.79664859	-0.00824577	0.01144537	0.00359546
0.18219344	0.59363055	0.79493566	-0.01177727	0.00088377	0.00696697
0.17563968	0.59471253	0.79969330	-0.01339431	-0.01754889	0.00126258
0.17784930	0.59374086	0.79857817	-0.00669049	0.01844184	-0.00181054
0.19198656	0.58791996	0.80132308	0.00455327	0.05096664	0.00045520
0.18999209	0.59468818	0.80202580	-0.01769891	0.01917403	-0.00269058
0.18989691	0.59086076	0.79751863	-0.01309924	0.03386471	0.00196852
0.19179770	0.59538091	0.79590844	-0.02149713	0.01883812	-0.00056248
0.18365007	0.59525712	0.79920656	-0.02155892	0.04552921	0.00305650
0.18169754	0.58985888	0.80460899	-0.00770835	0.01290840	0.00222074
0.17493699	0.58743583	0.80431715	-0.01386414	0.04942814	0.00891737
0.17640773	0.58776770	0.80779249	-0.00780313	0.03925854	0.00694742
0.18243544	0.58920444	0.80540294	-0.00528430	0.01737152	0.00458596
0.18279686	0.59217368	0.80809199	-0.00770017	-0.00310258	0.01243181
0.17811324	0.59119927	0.79972818	-0.00021699	0.02969851	0.01732846
0.18625112	0.58843043	0.80356655	0.01004581	0.01961155	0.00532272
0.19446333	0.58296959	0.80248438	0.00176921	0.01517757	0.00589249
0.18271389	0.58539868	0.79359005	0.00435465	0.00020244	0.00292009
0.18636154	0.58723524	0.79225004	0.00837457	0.04536373	-0.00213964
0.17966828	0.58720641	0.79496288	-0.01059238	0.05558193	0.00323125
0.18146347	0.58779274	0.79987546	-0.02177539	0.04915042	-0.00198472
0.17630658	0.59165215	0.80358188	-0.01730238	0.04334037	0.00492889
0.17404539	0.59372693	0.80139877	-0.01663410	0.02225512	0.00000924
0.17700813	0.59304441	0.80591428	-0.00882788	0.04399454	0.00682305
0.17068807	0.59004391	0.79622424	-0.01072236	0.03331119	0.00535981
0.17368878	0.59130841	0.80920596	-0.01231361	0.03074578	0.00405734
0.17601774	0.58945671	0.80406048	-0.00118911	0.02174834	-0.00104322
0.17941118	0.58284125	0.80662188	-0.00306666	0.02643791	-0.00698162
0.17418671	0.57950100	0.80506786	-0.00112541	0.02813958	-0.00535007
0.17091266	0.58433276	0.80569480	-0.00982907	0.02210371	0.00369800
0.17134683	0.58691173	0.80953271	-0.01068454	0.02711512	0.00441985
0.17217956	0.58871176	0.81482661	-0.00138364	0.01321860	0.00525461
0.17607812	0.59515369	0.80673539	0.00043061	0.01496426	-0.00026124
0.18035980	0.59554940	0.81145596	0.00117112	0.02700796	0.00029098
0.17200685	0.58718055	0.81022923	-0.00676191	0.02616452	-0.00269478
0.17091263	0.58565601	0.80055445	0.00135042	0.03454807	-0.00254673
0.16873442	0.58830173	0.80813060	-0.00740859	0.00649360	0.00304119
0.16847598	0.58580395	0.80992845	-0.01013904	0.04435904	-0.00729519
0.17477665	0.58512179	0.81375805	-0.00583347	0.00501561	-0.00306893
0.18283403	0.58608910	0.81389567	0.00083804	-0.00159265	-0.00256840
0.16902949	0.58365204	0.81281480	-0.00349721	0.00973790	-0.00281960
0.16501450	0.58156345	0.80919706	-0.00514016	0.03088196	-0.00110890
0.16858292	0.58550747	0.81161106	0.00124669	0.00127779	-0.00245082
0.17276730	0.58341223	0.81116286	0.00060999	-0.01781215	-0.00429901
0.16878690	0.58595783	0.80899038	-0.00197933	-0.00657566	-0.00069075
0.17068084	0.58422118	0.80376197	0.00389108	0.00995799	-0.01051236
0.17497073	0.58352702	0.79669920	0.00945648	-0.00072822	-0.00590666
0.17558402	0.58631587	0.79882276	0.00105496	-0.03157588	-0.00455490
0.17109891	0.59176749	0.80166939	0.00558286	-0.01847801	-0.00362332
0.17156612	0.59157165	0.80953253	0.00623147	-0.03150377	0.00356455
0.17361034	0.58783892	0.80495917	0.00187218	-0.05159678	-0.00088961
0.17190655	0.58698755	0.79247061	0.00536945	-0.03819421	0.00161812
0.17011156	0.58734223	0.79491251	0.00934535	-0.03769944	-0.00453095
0.16999926	0.58615284	0.79405771	0.01205734	-0.05428636	0.00031117
0.17717165	0.58790005	0.80374177	0.01148498	-0.06110985	-0.01325467
0.18073531	0.58923594	0.80178036	0.01031499	-0.03713275	-0.01702523
0.17285108	0.58449008	0.79394868	0.02342001	-0.05815081	-0.01219239
0.17704427	0.58509599	0.80000455	0.01711245	-0.08095234	-0.01473399
0.17519419	0.58565461	0.79415202	0.01196284	-0.05254812	-0.00579190
0.17687197	0.59008845	0.79540989	0.01010866	-0.04309397	-0.00966636
0.17874994	0.59241475	0.80305064	0.00099890	-0.05080498	-0.00728080
0.17774422	0.59171876	0.80569317	0.00894681	-0.06011896	-0.00378206
0.18111863	0.58761754	0.80230631	0.02578885	-0.06729975	-0.00827371
0.17922846	0.58481464	0.80590730	0.02340347	-0.07042161	-0.00624870
0.18141408	0.58789837	0.79767670	0.03688452	-0.06584228	-0.01405489
0.19330930	0.59276085	0.79262248	0.01815051	-0.08417660	-0.01459983
0.18580318	0.58998468	0.79250828	0.00573309	-0.07671369	-0.00977289
0.18617351	0.59142473	0.79588957	0.01194119	-0.06522886	-0.01026342
0.18142435	0.59037130	0.80317662	0.01841357	-0.05960110	-0.00399147
0.18432794	0.59544341	0.79987339	0.01593531	-0.08172114	-0.00514248
0.19146211	0.59662666	0.79955229	0.02063431	-0.07160401	-0.00646484
0.19071012	0.59508862	0.79837417	0.02309384	-0.08542518	-0.00572917
0.18716673	0.58894161	0.80128571	0.02248928	-0.04026001	-0.00460690
0.18742674	0.59093486	0.80396578	0.01103023	-0.04704061	-0.00217545
0.19059512	0.59525295	0.79312099	0.01291629	-0.01782026	-0.00495484
0.18808503	0.59375625	0.79209942	0.00786817	-0.02145993	-0.00401505
0.19324713	0.59168733	0.79106766	0.00267941	0.02936318	-0.00172948
0.19521473	0.59004001	0.79190058	-0.00988300	0.02572347	0.00090462
0.19770309	0.59191655	0.78373285	-0.00322503	0.03905729	-0.00873485
0.19470701	0.59374017	0.79094538	-0.01171016	0.03176853	-0.01209536
0.19575265	0.59737888	0.79415861	-0.01421242	0.02449459	-0.00994508
0.19434697	0.59975854	0.79222519	-0.01466067	0.01916787	-0.00970364
0.19557061	0.59727389	0.79039171	-0.02092688	0.02549989	0.00611022
0.18485501	0.59847804	0.79802372	-0.01435816	0.03374969	0.00272767
0.17996298	0.59867027	0.79491361	-0.00186800	0.02508503	0.00237415
