0.17833465	0.59061466	0.79636405	0.00665487	-0.01675631	-0.00641253
0.17415005	0.58703032	0.80023794	0.00488033	-0.03544126	-0.00387046
0.16793657	0.58625417	0.80205911	0.00679813	-0.02398227	-0.00726140
0.16885042	0.59209879	0.80571736	0.00562656	-0.03449994	-0.01130866
0.17338218	0.58882113	0.79966325	0.00654209	-0.01825129	-0.00206675
0.17238312	0.58985385	0.80375312	0.00141539	-0.04142890	-0.00865721
0.18018123	0.58979453	0.80220169	0.01193694	-0.02291156	-0.00860947
0.17943328	0.58888359	0.80310249	0.00522828	-0.01351855	-0.00319518
0.18131314	0.58681332	0.80459789	0.00383702	-0.03368331	-0.00555233
0.18179218	0.59349572	0.81010777	0.00727751	-0.04641641	-0.00472010
0.17770596	0.59296564	0.80341243	0.00098670	-0.04443660	-0.00441702
0.17235194	0.58986525	0.80042561	0.00661778	-0.05425576	-0.00406678
0.18535374	0.58753726	0.79807096	0.01329919	-0.02537619	-0.00292445
0.18148011	0.58686599	0.79298948	0.00413693	-0.02448761	-0.00333184
0.17953177	0.58532246	0.79618377	0.01020773	-0.04461303	-0.00658292
0.18275193	0.58891582	0.79692706	0.00998115	-0.04264603	-0.00608249
0.18523136	0.58413113	0.80406439	0.00340743	-0.03595516	-0.00828540
0.18732602	0.59052068	0.79744882	0.00538490	-0.03156393	-0.00017051
0.18531124	0.58670583	0.79586785	0.00571248	-0.03383733	-0.00057943
0.18576104	0.59047615	0.80152982	0.00662750	-0.00609233	-0.00382573
0.18824868	0.58659962	0.79647987	0.00980293	-0.02650304	-0.00825663
0.17973501	0.58558112	0.79800799	0.00534248	-0.03314207	-0.00888317
0.18265911	0.59438216	0.80102552	0.01132319	-0.05120852	-0.00182354
0.18305093	0.59999239	0.80172816	0.00964179	-0.04091720	0.00079533
0.19458795	0.59032452	0.80242371	0.01667610	-0.05280192	0.00256311
0.19354284	0.58473538	0.80040009	0.01380154	-0.04961382	0.00029965
0.19012528	0.59136609	0.79418553	0.01481254	-0.00739231	-0.00427214
0.18348898	0.59372563	0.79240793	0.00655606	-0.03783197	-0.00750875
0.18175939	0.59599702	0.78757536	0.01099815	-0.02345552	-0.00648026
0.18857818	0.59339958	0.78705847	-0.00359173	-0.02765411	-0.00286232
0.18981294	0.59437610	0.79199300	0.00084074	-0.02351211	0.00088239
0.18549656	0.59527929	0.79020244	0.00465692	-0.03375390	-0.00029362
0.19278333	0.59248422	0.79453378	-0.00164494	-0.01675170	0.00070645
0.18911203	0.58867033	0.79850614	0.01067002	-0.02800762	0.00068878
0.18971914	0.59110779	0.79229047	0.00484574	-0.00836989	0.00171634
0.19514085	0.58741949	0.78759968	0.00007651	-0.01314257	-0.00153403
0.19196773	0.58503101	0.79344882	0.00238782	-0.00185361	0.00273340
0.19174531	0.58694193	0.79110975	-0.00050881	-0.00645677	0.00106724
0.18672976	0.59109088	0.79238104	-0.00035781	-0.01515721	-0.00357603
0.18776301	0.59242731	0.78976791	0.00805569	-0.00849453	-0.00342522
0.19186907	0.59069751	0.79174808	-0.00235700	0.00202948	-0.00190464
0.18986510	0.59072702	0.79418049	-0.00268615	-0.00027854	-0.00171328
0.18999761	0.58740462	0.79562159	-0.00408483	-0.02038670	-0.00083902
0.18968201	0.59491229	0.79670743	-0.00185505	-0.00147313	-0.00174408
0.19330204	0.59396174	0.80338923	0.00190615	-0.01303983	-0.00128457
0.19402501	0.59203306	0.79855767	0.00234294	0.01230960	-0.00140416
0.18721295	0.59395150	0.79118761	0.00254645	-0.00918978	0.00231717
0.19029579	0.59149056	0.79466337	-0.00511584	0.01045511	-0.00176304
0.18562128	0.59545460	0.79432834	-0.00473189	-0.00127438	-0.00016521
0.19145564	0.59330076	0.79252618	-0.00750065	0.01257553	0.00500966
0.19178297	0.59318215	0.79245323	-0.00631922	0.00972665	0.00503335
0.19112260	0.58851644	0.79676010	-0.00506029	0.04578145	-0.00009622
0.19172393	0.58827096	0.79230880	-0.01214955	0.01304696	-0.00118033
0.18862418	0.59059576	0.79944722	-0.00918511	0.01677244	-0.00232664
0.18942487	0.59396861	0.80004062	-0.00749188	0.01998356	-0.00159124
0.19040838	0.58846065	0.80053703	-0.01015090	0.01231807	0.00143138
0.19216611	0.58858819	0.80298848	-0.00952266	0.02893913	0.00681659
0.19524218	0.58745941	0.79124919	-0.00296249	0.00468231	0.00611073
0.18889886	0.58837251	0.79290884	-0.00053750	0.02820388	-0.00113109
0.19035647	0.59158146	0.79058488	-0.00448602	0.03070327	0.00066380
0.18650410	0.59381153	0.78425123	-0.00499707	0.02424921	0.00198001
0.17804721	0.59492986	0.78958347	-0.01108213	0.02155494	-0.00339979
0.19027588	0.59141274	0.79782550	-0.00791597	0.03160202	0.00634656
0.19069773	0.59067737	0.80583402	-0.00910339	0.02274341	0.00532168
0.18774870	0.58676663	0.79771797	-0.00796552	0.02809191	0.00544574
0.18466330	0.59062547	0.79754499	-0.00572550	0.03070480	0.00080013
0.18250256	0.59365841	0.79701998	-0.00445948	0.02800422	0.00436914
0.18102071	0.58978207	0.79889954	-0.00380394	0.02496815	0.00289434
0.18482897	0.58997994	0.79868606	-0.01103599	0.04334597	0.00086086
0.17598900	0.58961284	0.79781564	-0.01504636	0.05312225	0.00374781
0.18354429	0.58953472	0.78659959	-0.01683043	0.03954746	0.00278944
0.18096784	0.58928063	0.79864974	-0.00140541	0.04234674	0.00580203
0.18002184	0.59052309	0.79482138	-0.00651496	0.03697191	0.00461041
0.18200108	0.59233841	0.80143569	0.00150135	0.03093645	0.00371488
0.18805117	0.59497906	0.79913078	0.00189680	0.03389855	-0.00115601
0.18329150	0.59149111	0.79128421	-0.00312507	0.04165432	-0.00015577
0.18116500	0.59362946	0.79752550	-0.01121576	0.02973326	-0.00228732
0.17445956	0.59223621	0.80897775	-0.00733780	0.03708714	-0.00253521
0.17650576	0.59195164	0.80221340	-0.00966207	0.02552404	-0.00073885
0.18078523	0.59511198	0.79617023	-0.00628631	0.02758982	0.00342147
0.17999217	0.59346822	0.79906935	-0.01059901	0.02594125	0.00607886
0.17543499	0.59220335	0.79822883	-0.01493352	0.04100662	0.00414232
0.18198880	0.58958352	0.79206424	-0.00624610	0.02968320	0.00322628
0.17313017	0.59048689	0.79319961	-0.00316932	0.02076738	0.00443337
0.17871198	0.59099912	0.79971074	-0.00227377	0.02189548	0.00411151
0.16996631	0.58926048	0.80630058	-0.00955711	0.01296630	-0.00017773
0.17507486	0.58891481	0.80479541	-0.00923254	0.02852115	0.00369862
0.17716626	0.58945470	0.80596608	-0.01465867	0.02093791	0.00408629
0.18159392	0.59045667	0.79983658	-0.00717947	0.02206814	-0.00078589
0.17264623	0.58939472	0.80346905	-0.00950908	0.03237457	0.00418637
0.17592332	0.58963596	0.80443037	-0.00707682	0.02468011	-0.00078194
0.17372848	0.58973957	0.79237151	-0.00522974	0.00833676	0.00393709
0.17317774	0.59003034	0.79412728	-0.00814103	0.02431002	0.00268266
0.17063391	0.58651159	0.79780453	-0.00947094	0.02412919	0.00030309
0.17432811	0.58737865	0.79423892	-0.00755242	0.00158404	-0.00091397
0.17128044	0.58704954	0.79479745	-0.00705485	0.01749237	-0.00349814
0.17376316	0.58668709	0.79681609	-0.00559542	0.00087279	-0.00878230
0.16895395	0.58621023	0.80321000	0.00177557	0.01169450	-0.00426377
0.17243815	0.58582338	0.79874669	-0.00021390	0.00082139	0.00360078
0.16978407	0.58610530	0.80308112	-0.00606925	-0.00353446	0.00617906
0.17158330	0.58985387	0.80088041	0.00398420	0.00836755	0.00445912
0.17548071	0.58722214	0.80329940	-0.00066261	0.01563367	-0.00535166
0.17534387	0.58328637	0.80747948	-0.00196474	0.01393608	-0.00720013
0.17437039	0.58153540	0.80782845	0.00450663	0.01239766	-0.00864257
0.17511848	0.58819113	0.80986575	0.00037108	-0.00889130	-0.00365005
0.17155721	0.59234887	0.81549676	0.00416249	-0.00962501	0.00571033
0.17385141	0.58776111	0.80568682	-0.00138616	-0.00049572	0.00120766
0.17066656	0.58305934	0.80037091	-0.00228951	-0.00070943	-0.00085722
0.17671504	0.58626720	0.79698418	0.00234468	0.00652537	-0.00205349
0.17487098	0.58303375	0.80662188	0.00082719	0.01055732	-0.00406101
0.17493347	0.58070108	0.80914024	-0.00029726	0.00405197	-0.00192708
0.17179177	0.58710025	0.81470761	0.00206569	-0.01802092	0.00058705
0.17178069	0.58791295	0.80926843	-0.00274749	-0.01372737	0.00433125
0.16485245	0.58986105	0.79864457	0.00167655	0.00012566	0.00156333
0.17083325	0.58759713	0.80174835	0.00151724	-0.01777423	0.00190442
0.17160870	0.58700599	0.80451631	0.00987635	-0.03117266	-0.00182200
0.16755162	0.58522819	0.79593792	0.00393208	-0.01301768	-0.00651264
0.16973379	0.58154194	0.80877960	0.00681263	-0.02425434	-0.00385780
0.17358955	0.58457391	0.80445243	0.00744336	-0.00752585	-0.00206491
0.17460809	0.59074018	0.80213004	0.00079272	-0.03444367	-0.00291199
0.17468832	0.59752291	0.80187980	0.00666151	-0.01038895	-0.00264561
0.16756356	0.59123219	0.79979962	0.00549668	-0.01879553	-0.00095013
0.17268389	0.58609692	0.80128116	0.01049219	-0.01700270	-0.00326650
0.17636031	0.59167760	0.80521400	0.00167101	-0.01917572	-0.00451636
0.17675452	0.59542420	0.80009571	0.00097528	-0.02112431	-0.00219941
0.17364717	0.59359811	0.79892088	0.00319525	-0.02328148	0.00211543
0.17419487	0.59088982	0.80110772	0.00955615	-0.02369275	0.00131619
0.17266437	0.58391106	0.80085524	0.01025758	-0.04205880	0.00528648
