1.08650237	-0.45917207	-0.12896592	0.27632832	-0.61870948	0.00455302
0.81966170	-0.53011241	-0.10533816	0.15852072	-0.37408106	-0.33159305
0.80544652	-0.38561298	-0.25657822	0.46188599	-0.27760720	-0.30126123
0.74420322	-0.13255502	-0.20634452	0.47740416	-0.79679486	-0.79272748
0.78320590	-0.09855738	-0.33479554	0.07597761	-0.32012008	-0.38248998
0.94948348	-0.27535834	-0.24965415	0.51511932	-0.48825156	-0.02836378
0.92153164	-0.23911793	-0.20551490	0.02116402	-0.50764448	-0.22186385
1.02247340	-0.23366907	-0.25165552	0.60993172	-0.48187065	-0.08211789
0.89288094	-0.34411302	-0.29155299	0.40023054	-0.07381294	-0.12249553
0.87337341	-0.17226266	-0.19932114	0.57452488	0.01539370	0.18436339
0.99724515	-0.12147178	-0.19422508	-0.06343069	0.03122573	0.00836541
0.91864368	-0.20650327	-0.13075025	0.35204543	-0.35565519	-0.04568249
1.15348931	-0.14870914	-0.26310358	0.43104702	0.41751193	-0.36982801
0.86611897	-0.21815051	-0.03759917	0.36239995	0.09814856	-0.05549110
1.04258846	-0.24038668	-0.09377983	0.65790302	-0.17344186	-0.08028449
1.04785969	-0.12378369	-0.15803024	0.00623226	-0.19426259	0.26963280
1.21844725	-0.09734951	-0.22471945	-0.07102562	0.04680190	0.00399825
1.23510501	-0.21437371	-0.28140927	-0.04752743	0.45388336	-0.27591961
1.35054455	-0.50634405	-0.29453860	-0.34246173	0.12118072	-0.50447796
1.07231248	-0.55832822	-0.53040109	-0.62191848	-0.42061142	-0.42029724
0.82942436	-0.62212722	-0.46929453	-1.03083594	-0.33440761	-0.36529184
0.73035645	-0.65880990	-0.40129346	-0.37041268	-0.43990673	-0.49085692
0.98566577	-0.71699873	-0.30721942	-0.16798303	-0.52766454	-0.16243043
1.40184983	-0.56738452	-0.31084416	0.28857732	0.34137287	-0.10725309
1.38792179	-0.37223031	-0.35296306	-0.04346534	0.48419918	0.05477078
1.36584932	-0.18788606	-0.37072247	-0.04871040	0.57020858	0.26925927
1.02927740	-0.22282045	-0.36644507	-0.08945864	0.26538069	0.35086792
0.88855163	-0.19902100	-0.24732047	-0.18611785	0.13536575	0.88421056
0.83279428	-0.12322397	-0.09025404	-0.42910650	-0.07781034	0.76532314
0.80507427	-0.33798663	-0.23980509	-0.22895627	0.06907308	0.62024495
0.75672325	-0.30716299	-0.18383478	-0.48545523	0.28167697	0.31128630
0.66146461	-0.38500704	-0.19455536	-0.01413818	-0.03354595	0.38091132
0.95274385	-0.39416985	-0.17555985	-0.10886222	0.45046559	0.03851642
0.64483977	-0.39121105	-0.11921405	-0.46768796	0.19855067	0.59354946
0.49332952	-0.30217183	-0.13748439	-0.51614958	-0.10176048	0.21102637
0.65509998	-0.33412577	-0.11527389	-0.41551034	-0.12581564	0.57334856
0.75941500	-0.35953347	-0.10908300	-0.50984409	-0.01281672	0.08324388
1.00521208	-0.35793814	-0.06784109	-0.18011465	0.50757335	0.30092732
0.99172165	-0.23874607	-0.05005669	-0.38200069	0.55675787	0.25809330
0.99165454	-0.36376504	-0.09047309	-0.44487820	0.61782384	0.09871100
1.11079046	-0.39277232	-0.21482658	-0.70058280	0.44973398	0.23140016
1.14339901	-0.33196292	0.00712308	-0.06091723	-0.18426380	0.03867599
1.30372816	-0.38723593	-0.01129185	-0.16904813	0.47203780	0.28760242
1.32158252	-0.34625667	0.06194637	0.18593691	0.42172961	-0.04104665
1.09717672	-0.43381286	0.01416318	-0.10812815	0.41817375	-0.51096897
1.20125431	-0.58988566	-0.10069957	0.25384583	0.27865160	0.07031756
1.29959623	-0.59521729	-0.31113425	0.51434028	-0.15446014	0.14035747
1.20035217	-0.72489400	-0.49877734	1.04250343	0.38055053	0.46431679
0.83900471	-0.43872341	-0.59030167	0.77316776	0.80128408	0.70651132
0.85445467	-0.40889150	-0.57067314	0.47970990	0.84019797	-0.04045001
0.84610730	-0.33967686	-0.44000868	0.07127416	0.05690496	-0.08792848
0.86998579	-0.25912224	-0.14769869	-0.32362715	-0.53632246	-0.06205778
0.88857763	-0.40999137	-0.21048749	0.02621149	-0.70240125	-0.54587084
0.96290550	-0.68310233	-0.24123119	0.29394169	-0.12343586	-0.53302662
0.86243195	-0.59584792	-0.22376746	0.45333052	-0.05327970	-0.48981419
0.79597037	-0.44582825	-0.12431945	0.59955074	-0.64874960	-0.71236179
0.68315595	-0.35228755	-0.17765538	0.10738747	-0.51394013	-0.66662311
0.73808585	-0.18813523	-0.30664909	0.33139236	-0.84260266	-0.28627146
0.76736052	-0.30130372	-0.20611419	0.38556989	-0.43011825	-0.18075188
0.91775110	-0.27199746	-0.28999930	0.62682493	-0.50417212	0.00034223
0.93291075	-0.21126397	-0.25273885	0.69773836	-0.22107720	-0.05230664
0.97876903	-0.13648160	-0.23389222	1.09076726	-0.41198282	-0.00904544
0.84701556	-0.03294872	-0.22042620	0.41057257	-0.53146277	-0.08982327
0.78435820	-0.16728541	-0.15893805	0.60029149	-0.22095034	-0.11010470
0.89629183	-0.25213210	-0.13871595	0.35663648	-0.39149419	-0.19985023
0.93197661	-0.20490177	-0.20172466	0.39652694	-0.32326415	-0.00447368
0.87940583	-0.37938908	-0.20792189	0.77941952	-0.07405261	-0.07003673
1.00935664	-0.17689602	-0.11452093	0.66187914	-0.02205208	0.17062841
0.94271864	-0.11336155	-0.23448807	0.46907389	0.01508588	-0.32397137
1.14916439	-0.15483746	-0.18479759	0.08549143	-0.24402950	-0.17862383
1.25275706	-0.08248043	-0.19731839	-0.02381413	0.20181152	-0.22130579
1.17265550	-0.30082641	-0.24447297	-0.22163728	-0.01486058	-0.32485424
1.24723120	-0.37741457	-0.27655432	-0.13430420	-0.27943050	-0.04824897
0.94602765	-0.46086868	-0.38570981	-0.57935862	-0.36388884	-0.49643851
0.62926206	-0.58834958	-0.36049924	-0.74901156	-0.09888049	-0.25354367
0.55210251	-0.62145777	-0.44507380	-0.34057796	-0.47211048	-0.48808459
0.67708619	-0.68645478	-0.32788878	-0.33049066	-0.34427805	-0.55542585
1.14608604	-0.51164236	-0.39389282	0.25815723	0.37749861	0.03822586
1.48979295	-0.44732320	-0.32798099	0.02314141	0.68465508	-0.10513118
1.29931801	-0.20836042	-0.53110292	-0.22961065	0.70544670	0.35406483
1.00903125	-0.18934392	-0.30639216	-0.60394099	0.04507931	0.39015268
0.99982636	-0.14416307	-0.26374047	-0.09839530	-0.10029928	0.70023613
0.64012112	-0.22822873	-0.11562973	-0.29859293	-0.03565619	1.03875395
0.74230140	-0.09235219	-0.20410305	-0.18369707	0.07533310	0.87265143
0.66566945	-0.33021948	-0.26176981	-0.52505979	0.58141626	0.50335702
0.61792332	-0.44929930	-0.20164300	-0.32463102	0.42457536	0.46510700
0.73699090	-0.36846614	-0.24933804	-0.17032493	0.11464458	0.13524920
0.65197508	-0.40319138	-0.25248559	-0.22137414	0.01609498	0.19078176
0.74153317	-0.28380619	-0.07734405	-0.41173156	-0.22387429	0.40773134
0.92785653	-0.35584540	-0.04525838	-0.36757009	-0.00203839	0.14707358
0.92770904	-0.36984922	-0.12823089	-0.31247281	0.03570786	0.34871601
0.78879083	-0.23088727	-0.16104527	-0.53338314	0.35053528	0.11654874
1.09325119	-0.39539417	-0.08966094	-0.47583776	0.23964700	-0.11758614
0.91409519	-0.26000032	-0.14247070	-0.03534296	0.24283769	-0.20541567
1.25318443	-0.42776863	-0.13033179	-0.70828796	0.22439323	0.12284729
1.05885328	-0.41204063	-0.03502342	-0.37346720	0.02585942	0.33357644
1.04371713	-0.35850332	0.01901753	0.23737997	-0.03826852	0.20584570
1.07336362	-0.49608283	-0.05034313	0.30205466	0.39641990	0.25005414
1.19058682	-0.40195180	-0.12404499	0.31999230	-0.11923660	-0.10950242
1.28786876	-0.35765174	-0.18491824	0.41206134	0.19399347	0.02084309
1.38220087	-0.55042545	-0.41460000	0.60243312	0.27849463	0.19139200
1.20909599	-0.67739177	-0.52572876	0.90809483	0.88588280	0.09793651
0.89327867	-0.52704836	-0.49723869	0.75202653	0.82095691	0.31508046
0.51681068	-0.32187135	-0.45166437	0.05038336	0.53083717	0.21115163
0.64263584	-0.13856493	-0.43950193	-0.75861672	-0.06580783	0.33713276
0.79806861	-0.33043151	-0.30418393	-0.77473017	-0.48778287	0.09206977
0.92038329	-0.31373674	-0.38950048	-0.34538806	-0.12858370	0.15912340
1.02967233	-0.67365635	-0.22711269	0.13042253	0.15080960	-0.26371527
0.73609853	-0.52577323	-0.12232563	0.47355633	-0.38017072	-0.50423228
0.88532875	-0.47238085	-0.13565310	0.07631624	-0.14234643	-1.01058451
0.72316571	-0.31056784	-0.30176123	0.11225218	-0.15130350	-0.22839937
0.83818755	-0.14194556	-0.26059142	0.09062308	-0.48980441	-0.25420237
0.92684295	-0.23154791	-0.18745852	0.49880426	-0.51565675	0.07943387
0.85731717	-0.15187463	-0.26396296	0.42935466	-0.51284014	0.13089793
1.09563102	-0.16726177	-0.22622072	0.24577443	-0.37248300	0.05852450
1.04755447	-0.11453342	-0.08135334	0.72924150	-0.07903827	0.08042310
0.81062176	-0.16232681	-0.12722595	0.58003180	-0.25218724	0.11840653
0.99109556	-0.08358157	-0.23553019	0.61049724	-0.37504785	0.34374721
0.97038719	-0.06915280	-0.13797241	0.41051811	-0.17940172	0.20289929
0.99188183	-0.17497685	-0.21525099	0.09216736	0.19580423	0.36170250
1.18203419	-0.17904063	-0.03186703	0.39672291	0.00182757	-0.19326417
0.99593567	-0.23236200	-0.07683455	-0.09474736	0.04113080	-0.20603132
0.96385652	-0.09815296	-0.15053601	-0.16146368	-0.36139224	-0.38062528
1.30863351	-0.13394661	-0.30395263	-0.20283004	-0.35355750	-0.14675200
1.14734586	-0.26350852	-0.36743030	-0.07484668	-0.17024317	-0.30934176
1.25324119	-0.34977308	-0.28486615	-0.60508033	0.29224947	-0.10405386
1.09044777	-0.51263104	-0.35459606	-0.57998291	0.26792059	-0.45200312
0.91228637	-0.63539247	-0.41365058	-1.16302073	-0.28028825	-0.29292378
