0.78502378	-0.52806688	-0.42244905	-1.17113352	-0.29565698	-0.35442358
0.89979203	-0.58558058	-0.32009984	-0.70730775	-0.31985584	-0.38684000
0.82342272	-0.61237636	-0.36569200	-0.08275669	-0.29505654	-0.29256541
1.34254077	-0.62419097	-0.44919522	0.71204101	0.35851038	0.15692889
1.54174108	-0.36664724	-0.46849833	0.16835643	1.19122979	0.16518117
1.18196601	-0.32365424	-0.48479678	0.10727789	0.43227442	0.30182716
0.85224639	-0.21596703	-0.29717515	0.08547222	0.16127297	0.62171312
0.61930171	-0.21729072	-0.13694139	-0.29524707	0.08872403	1.01738560
0.73374551	-0.35898041	-0.16234031	-0.24629067	0.37538059	0.64870664
0.60930226	-0.28532141	-0.18218367	-0.45090740	0.12685871	0.43378205
0.64366466	-0.60097805	-0.12852975	-0.56712431	0.31934014	0.32657321
0.67206264	-0.33352534	-0.15700453	-0.27679002	0.44682113	0.30251534
0.82546427	-0.44299927	-0.09891740	-0.37611940	0.33911143	0.27477774
0.89163797	-0.32703434	-0.14017981	-0.25382926	0.26587165	0.33951295
0.84669690	-0.30952452	-0.13161809	-0.11445262	0.08010202	0.08304850
0.99962594	-0.41183574	-0.18780339	-0.42501801	-0.14791577	0.05083479
0.93769607	-0.28397767	-0.09433223	-0.50772824	0.11808857	-0.19783979
0.92169511	-0.35093190	-0.04211084	-0.34232076	0.15646979	-0.27180745
0.84610595	-0.34745106	0.02033279	-0.26518059	0.71173371	-0.19655904
0.90902099	-0.15333086	-0.08727547	-0.39772732	0.17470809	0.02677794
1.02999938	-0.40268697	-0.00542971	-0.31197910	-0.15242557	0.14359717
1.05512631	-0.50827394	-0.13553768	-0.01906731	-0.41328708	0.27925926
0.94980528	-0.61821433	-0.03469608	0.26653997	0.20296519	0.11411843
1.19586287	-0.56301949	-0.15755271	0.35909920	0.52711790	0.13202647
1.37083879	-0.60693494	-0.32126744	0.35454868	0.43546864	-0.09687929
1.17542927	-0.75554591	-0.55269813	1.09257781	0.47339729	0.45482932
1.32994491	-0.76699455	-0.48479440	1.19394919	1.29112689	0.50628813
1.00258661	-0.42106721	-0.44557708	0.81663398	1.23077039	0.33165358
0.70528147	-0.24529355	-0.25629023	0.29460374	0.58459371	-0.17200120
0.48939540	-0.23263232	-0.13097395	-0.34504346	0.11844371	0.01998202
0.82639506	-0.18988382	-0.25216581	-0.70614842	-0.53679571	-0.16593375
0.86689292	-0.35074572	-0.35235634	-0.39240633	-0.91102845	-0.23258803
0.91611302	-0.74197991	-0.29344776	0.59551218	-0.13787867	-0.21904928
0.86751649	-0.68437233	-0.16328860	0.52226038	0.23110128	-0.50835172
0.76985088	-0.52752912	-0.24130152	0.36534929	0.03287134	-0.44697135
0.80472545	-0.30847314	-0.20473568	0.01951904	-0.19784653	-0.70085230
0.79461232	-0.21040131	-0.35551101	0.05391706	-0.48738360	-0.65593900
0.95914535	-0.09402923	-0.30432020	0.14643371	-0.50130620	-0.18352141
0.66531733	-0.29706867	-0.22309217	0.09853267	-0.64937747	-0.06868930
0.87658151	-0.10883307	-0.35599948	0.39318207	-0.29941985	0.01175568
0.90969430	-0.34727614	-0.24765733	0.50847644	-0.08823440	0.12571325
0.98550515	-0.17845639	-0.29198971	-0.04205389	-0.35737409	0.31449455
1.00828852	-0.28242406	-0.14522731	0.71434413	-0.29071088	-0.12335282
0.98305093	-0.17255606	-0.10264047	0.20149388	-0.03270966	-0.00118336
0.97029926	-0.32739672	-0.14283620	0.01894387	-0.83689994	0.03105733
0.90781292	-0.33872593	-0.09793945	0.36841424	-0.04286435	0.00050920
0.99105176	-0.09588788	-0.18217657	0.86599105	-0.38755528	-0.02405405
1.01714847	-0.11547436	-0.23824840	0.46116454	-0.09125834	-0.19014567
1.19762088	-0.07575293	-0.35791384	-0.11609682	0.08640496	0.01060936
1.30670015	-0.22969529	-0.26092835	-0.03765235	0.24027045	-0.05501126
1.21382529	-0.36455912	-0.35239424	0.08497059	0.42195218	-0.33062252
1.19508952	-0.54951110	-0.44171173	-0.24545018	-0.43263937	-0.46946684
0.98140002	-0.45957319	-0.48955141	-1.13178459	-0.68627416	-0.54915867
0.43338985	-0.53012850	-0.55312668	-0.73127863	-0.89926080	-0.21476505
0.89446708	-0.84356848	-0.22619426	-0.46616853	-0.42948656	-0.25098250
1.30546509	-0.64582428	-0.29425576	0.28750475	0.50358387	-0.36394772
1.27555381	-0.51342584	-0.41585207	0.56105928	0.77733608	-0.16139358
1.20724357	-0.33514004	-0.35749762	0.80543385	0.73998074	-0.25403554
0.95623252	-0.16718077	-0.22682152	0.45380884	0.29338703	0.06750919
0.85687399	-0.26183970	-0.14978749	0.57935091	-0.02235506	0.55022144
0.74661198	-0.24743823	-0.16315569	-0.02346681	0.25109509	0.55496959
0.64788486	-0.16113183	-0.17662678	0.26891381	0.03952076	0.66328943
0.50235411	-0.17768032	-0.21625981	-0.33048782	-0.11351918	0.22856910
0.71823165	-0.27145840	-0.30646048	-0.26909879	0.21238511	0.17084489
0.88981919	-0.43498737	-0.13172348	0.04879185	0.55910054	0.23951177
0.90024657	-0.19952842	-0.28497058	0.26216369	-0.04281210	0.17343805
0.80831650	-0.19886961	-0.11814060	-0.42762069	-0.11195800	0.09315661
0.67376008	-0.17993106	-0.08292417	-0.14190974	-0.40163666	0.21486465
0.71392287	-0.23169767	-0.14040505	-0.33180835	-0.40524081	0.42184340
0.81354037	-0.24271662	-0.10371200	-0.06483637	0.13707265	0.11399277
0.86940328	-0.42719938	-0.18740272	-0.42002608	0.51308426	-0.08820226
1.03855384	-0.31581806	-0.05626940	-0.58004520	0.47404958	-0.20127345
1.14496901	-0.43553776	-0.15223173	-0.67925714	0.26915771	-0.12568847
1.24069116	-0.42957889	-0.02767994	-0.98795502	0.09009712	-0.04769295
1.16197841	-0.31924000	-0.12463910	0.35699479	0.59487391	0.32352219
1.33247845	-0.62826212	-0.08208070	-0.13713944	0.01314780	0.01794601
1.33003454	-0.72520389	-0.15260267	0.47572208	0.01851080	0.23259120
1.16466637	-0.64594124	-0.52516243	0.46126596	0.38358873	0.46016473
1.25983327	-0.91955235	-0.59282891	1.77375384	0.69880237	0.61761864
0.94128987	-0.75675172	-0.53814600	0.81165626	0.84127073	0.18326056
0.76727465	-0.35403368	-0.54320161	0.68179379	1.00280387	0.26623803
0.69363798	-0.40181515	-0.34214126	-0.64649358	-0.07622256	-0.02196941
0.81924110	-0.21197143	-0.36773329	-0.18315987	0.00375988	-0.23290121
0.81892413	-0.21317789	-0.43899772	-1.02021526	-0.37002848	-0.29515243
0.62011153	-0.40077962	-0.26339585	-0.19205427	-0.47626233	-0.21648622
0.97708862	-0.53185153	-0.24798656	-0.11970340	-0.13207249	-0.30342976
0.79944633	-0.43935238	-0.26539887	0.28135956	-0.18037840	-0.00486385
0.64340280	-0.34045975	-0.24910962	0.06234928	-0.00300542	-0.39706248
0.73465316	-0.39695479	-0.29049113	-0.13477608	-0.82025444	-0.53360543
0.80234466	-0.24717377	-0.21436590	0.17718716	-0.28433702	-0.21684874
0.81638466	-0.32179422	-0.17014524	0.25239333	-0.27167781	-0.12443534
1.05666446	-0.25409238	-0.14686778	0.45613455	-0.29908333	-0.05395822
1.03214405	-0.24423997	-0.23507722	0.61923177	-0.18455257	-0.04269408
0.91404737	-0.20177180	-0.20741858	0.24609304	-0.69862785	0.00572912
0.90821348	-0.10250622	-0.28686276	0.76226517	-0.19779266	0.03537132
0.95931276	-0.07384712	-0.23749586	0.64047294	-0.73620302	0.22652892
0.97792762	-0.15693798	-0.00867938	0.59083750	-0.27159742	-0.04004551
1.03719709	-0.23481008	-0.07083203	0.63679743	-0.12984603	0.17140879
1.00697282	-0.14194560	-0.04163771	0.53441269	0.25148218	0.02759323
1.03268784	-0.14249391	-0.01570369	-0.20929745	-0.16268994	-0.24076148
1.01827693	-0.08770775	-0.15267703	-0.07933687	-0.45407003	-0.38842127
1.35871437	-0.27392468	-0.43508032	0.28266072	-0.29449385	-0.08083439
1.40266215	-0.46727450	-0.40196366	-0.07974517	0.21287500	-0.05966192
1.13231184	-0.60047421	-0.50301317	-0.58618229	0.01178436	-0.08670284
0.81156791	-0.70575074	-0.58397262	-0.42822398	-0.02329737	-0.41816462
0.64668478	-0.60383222	-0.63045197	-0.83923919	-0.48048925	-0.51720101
1.10617096	-0.61803828	-0.50273697	-0.30452124	-0.21300809	-0.36072569
1.32196661	-0.60370976	-0.43902970	0.29449373	0.13789691	-0.33107094
1.50032132	-0.63948017	-0.46344906	0.31988878	0.75070542	0.12502503
1.22837529	-0.46617399	-0.37700851	-0.18980937	0.94653824	0.30819768
1.07021791	-0.19351740	-0.47531808	0.04101809	0.47909022	0.40303888
0.85523612	-0.05541669	-0.38194406	-0.64921431	0.31580721	0.69861887
0.74100931	-0.25555797	-0.17599357	-0.21972679	0.52933190	0.83944691
0.80053408	-0.30791909	-0.25752094	-0.45232088	0.07696525	0.68946262
0.53895346	-0.32437604	-0.26740713	-0.52022214	0.08209875	0.30034704
0.46406197	-0.37269090	-0.17345605	-0.18991861	0.09664456	0.33942971
0.57041828	-0.43620528	-0.22274955	-0.93992169	0.46339008	0.11880360
0.83574134	-0.34042258	-0.18125519	0.10744301	0.09506027	0.17767709
0.76782767	-0.31179230	-0.08098909	-0.13262620	0.03867603	0.13114613
0.66351627	-0.26841616	-0.15154336	-0.09846344	-0.47787142	0.24940274
0.81437734	-0.30167030	-0.14142217	-0.52824632	-0.40390163	0.20982047
0.79973688	-0.27421555	0.01239670	-0.08721813	-0.26271381	0.05589688
0.94286575	-0.42452493	-0.17934236	-0.25567438	0.01191870	-0.05741602
0.99299438	-0.34750543	-0.16339504	-0.77992827	0.34230632	0.06211065
1.01271410	-0.25143463	-0.07517027	-0.66685960	0.58642443	0.19449410
0.97808983	-0.30848292	-0.17832140	-0.09987147	0.37248414	0.08658092
1.30891074	-0.60022963	-0.13801409	-0.18025267	0.11547635	-0.13077788
1.18227219	-0.62763607	0.15217754	0.31471082	0.30309143	-0.05879380
