1.26352001	-0.89876979	-0.44685248	0.44607307	-0.25678063	0.13868459
1.25130368	-0.81038709	-0.66531313	1.52489558	0.37569311	0.60775863
1.18144278	-0.65521448	-0.76392316	1.17128878	0.69674018	0.36884703
0.54034179	-0.32902396	-0.42288588	0.85150524	1.12904532	0.27104513
0.61207670	-0.25119083	-0.34208261	0.21585186	0.76028829	-0.03972824
0.73155751	-0.19918898	-0.17102935	-0.55341969	0.01229518	-0.32319415
0.81779865	-0.53008460	-0.26027000	-0.35304858	-0.81481314	-0.31200547
0.92468201	-0.46538483	-0.09639383	-0.09602706	-0.64970540	-0.07985001
0.90968378	-0.57862889	-0.28563999	0.45919827	-0.19640287	-0.43593069
0.78032989	-0.42609052	-0.17688685	1.30716608	0.36700170	-0.81153149
0.86396176	-0.18716214	-0.30282308	0.37724640	0.14009592	-0.67672562
0.91006997	0.01422743	-0.12078632	0.16560869	-0.64018457	-0.70676741
0.62574634	-0.02885896	-0.12578973	-0.10987059	-1.36835517	-0.30546450
0.64658294	-0.21672776	-0.17249486	0.00855619	-1.19648768	0.12357609
0.83231876	-0.28647624	-0.22739014	0.35331834	-0.85455822	-0.08129651
0.94276387	-0.40523645	-0.11412797	0.37381402	-0.28967958	0.39657522
0.97592303	-0.25453679	-0.24443904	0.41638159	0.07671279	0.26860150
0.91072541	-0.32252969	-0.24511583	0.29782103	-0.17555513	0.38779163
0.98877716	-0.32780131	-0.12064347	0.25610432	-0.37966633	0.06625642
0.96328852	-0.09449398	-0.12335339	0.30326553	-0.29511524	0.28473930
1.17036796	-0.33399074	-0.09798959	0.83318918	0.26522755	0.17442343
1.27041139	-0.19878389	-0.06372726	0.26850857	0.23875856	0.00338358
1.18346943	-0.08436833	-0.16007425	0.11011521	0.32637071	-0.36541101
1.15202562	-0.04848044	-0.20261119	-0.35314366	-0.97914921	0.32082817
1.34726433	-0.26566388	-0.21247565	-0.40287310	-0.03360602	-0.16936991
1.26404552	-0.32760898	-0.18288754	-0.75071457	0.09380910	-0.27183966
1.06480681	-0.56464195	-0.45055700	-0.60896189	-0.43398468	-0.82763788
1.06028186	-0.68223190	-0.63768067	-1.06689804	-0.72928537	-1.04312626
0.89725585	-0.39431179	-0.64029987	-1.05757507	-0.73709386	-0.95721382
0.79251397	-0.76106159	-0.38799795	-0.84314361	-0.56773414	-0.71211439
1.11385564	-0.95768196	-0.40173483	0.08776262	0.02162371	-0.44767865
1.45566242	-0.60758045	-0.55572069	0.86805086	1.16598366	-0.21868730
1.42879444	-0.53148781	-0.38406530	0.95972226	1.44126773	-0.03305117
1.03012776	-0.18237088	-0.33233520	0.52004347	1.04595809	0.30379967
0.75073613	0.07159601	-0.32307718	-0.65745538	-0.07673041	0.76993757
0.54297779	-0.15105444	-0.28993112	-0.48399390	0.15758723	1.02481750
0.70259618	-0.23417574	-0.23330731	-0.74649320	0.06602126	0.78941523
0.62526600	-0.43778881	-0.11190253	-0.54639197	0.67426450	0.69435777
0.41652204	-0.49778353	-0.15144406	-0.67868154	0.99058860	0.66018134
0.70252205	-0.42542261	-0.27997278	-0.64293915	0.28431100	0.61165753
0.63420942	-0.25246864	-0.17210377	-0.37647205	0.27391459	0.15182359
0.78067435	-0.17287888	-0.22747588	-0.14310842	-0.00337404	0.43600049
0.72058648	-0.18758627	-0.08194602	-0.30137838	0.28558511	0.22005886
0.82721284	-0.31057629	-0.09185558	0.04549177	0.19105235	0.26178172
0.93874052	-0.30103734	-0.01394914	0.37126536	0.15739027	0.06055757
1.02985794	-0.36302168	0.02506030	-0.32195381	0.38923894	-0.10239119
0.78438507	-0.30563006	-0.10529411	-0.38996560	0.67075294	0.02547346
1.04310654	-0.13583074	-0.16212084	-0.83955130	0.15706319	0.27133586
0.91920691	-0.53301839	-0.06951022	-0.24356483	0.19575264	0.18135472
1.25900246	-0.46784208	-0.02675215	0.23148037	0.21301524	0.27164836
1.25838524	-0.24913431	0.02461543	-0.15467225	0.10837384	-0.09954027
1.35944971	-0.59004823	-0.19353557	0.09796017	0.32362786	-0.35344698
1.21482124	-0.76006136	-0.55037734	0.81689612	0.44175249	0.28536905
1.33288422	-0.93778881	-0.63796949	1.36721608	0.79390787	-0.13334469
0.80228856	-0.41007633	-0.56863397	0.79938622	0.64187825	0.42979228
0.76077064	-0.35333686	-0.51674989	0.30905778	0.85866776	0.42491765
0.76772919	-0.23213477	-0.39833170	-0.06158050	0.76298564	0.22189139
0.85329014	-0.37747406	-0.28378056	-0.80123482	-0.24662050	0.09315712
0.95949835	-0.48303935	-0.22918002	-0.53305216	-0.73426297	-0.05610666
0.79112107	-0.54833389	-0.25366537	-0.44966948	-0.09698083	-0.11874219
0.78301943	-0.55422201	-0.21053353	0.26084563	-0.40043421	-0.46079644
0.79090059	-0.39853691	-0.31544594	1.07957988	-0.63317735	-0.30665889
0.68945498	-0.35376242	-0.29336305	0.29669157	-0.87681133	-0.35693691
0.71295752	-0.19308903	-0.29080238	0.59862025	-0.66974044	-0.27723890
0.85671956	-0.09623395	-0.38335670	0.30987628	-0.46096128	-0.37873747
0.94764528	-0.14748691	-0.32482165	0.61452711	0.16511542	-0.13294634
0.81070546	-0.20200103	-0.28944352	0.66302500	-0.45731892	-0.47346513
0.96488285	-0.22583639	-0.12395620	0.34358104	-0.49193719	0.02152554
0.75748589	-0.06216897	-0.18800820	0.53080115	-0.71980086	-0.16581092
1.01368419	-0.08449195	-0.09443240	0.71751779	-0.17490158	0.24811854
0.90383387	-0.23032002	-0.18887488	0.37893752	-0.66547283	0.09052020
0.84867185	-0.17877552	-0.19159397	0.10752874	-0.35351673	0.28630601
0.96486391	-0.33041559	-0.09732917	0.28755334	-0.54112248	0.20742221
1.27869455	-0.33127459	0.01229049	0.80480582	0.30014058	0.14022950
1.16405380	-0.14850596	-0.00524802	0.35551260	-0.28456494	-0.04232972
1.19963004	-0.04572977	-0.07511384	-0.48931043	-0.14021907	-0.52324480
1.28585623	-0.32547555	-0.05340392	-0.03621159	0.06512886	-0.06470300
1.29316737	-0.43435502	-0.27518608	-0.61973631	-0.22000784	-0.35621191
1.39731653	-0.49328497	-0.44696894	-0.66639712	-0.75305202	-0.43349525
0.88538212	-0.44896343	-0.36323685	-1.27479120	-1.13489554	-0.42799411
0.63207758	-0.73520705	-0.45347380	-1.24915477	-0.67717360	-0.87815353
0.74431884	-0.68231861	-0.63475893	-1.12336095	-1.06896805	-0.46628225
1.06286493	-0.69845228	-0.59540105	-0.44662479	-0.65054979	-0.22129583
1.58530662	-0.74354457	-0.46133038	0.28573055	0.55674583	0.17297123
1.33481905	-0.58894304	-0.55827524	0.88488012	1.76102257	0.12250397
1.28223693	-0.21204968	-0.40165219	0.38528329	1.66016150	0.30133545
0.80993932	0.13865568	-0.12321781	-0.78526508	0.36346903	0.58439269
0.68936074	-0.09552942	-0.23765955	-1.32144819	-0.07973221	1.04475126
0.57552538	-0.33468080	-0.19784005	-0.18509646	0.59974408	0.50968649
0.71086527	-0.41444678	-0.11319965	-0.85503594	0.67082159	0.68860377
0.65400606	-0.46155117	-0.05405588	-0.54400478	0.59871664	0.36589352
0.65595062	-0.43040775	-0.13245304	-0.33785600	0.57121947	-0.28197491
0.70773355	-0.30821626	-0.10020415	-0.61232445	0.56131091	0.08659162
0.72181921	-0.14608528	-0.12620185	-0.86790980	-0.08402630	0.01564903
0.75899918	-0.06228257	-0.16858513	-0.48053880	0.07813546	0.41750643
0.75568883	-0.18088503	-0.10643523	0.46759483	0.06743882	0.28020137
0.78547162	-0.34051417	-0.07673930	-0.30237226	0.32260743	0.79733802
0.92303451	-0.13030891	-0.16765042	-0.00177202	0.37476958	0.26788960
1.03850380	-0.24794203	-0.09591539	-0.91881488	0.25674767	0.24239605
1.02147370	-0.36610962	-0.03459548	-0.71420673	0.27613910	0.33527120
1.05373942	-0.35552754	-0.07740719	-0.64964286	-0.17831805	0.02309868
1.25026741	-0.65063784	-0.01779111	-0.13190873	0.50462165	-0.08178245
1.17526098	-0.46512485	-0.05355854	-0.14419869	0.72863554	-0.02308047
1.34229986	-0.68559339	-0.14201933	-0.02366350	0.89909553	0.25117113
1.46662050	-0.79956436	-0.36597539	0.53282389	0.28592299	0.11118672
1.47068780	-0.75241591	-0.57668613	1.05013716	-0.43689843	0.27835185
1.01626065	-0.68822834	-0.60418715	1.53661108	0.37612296	0.30778154
0.60520768	-0.21225775	-0.44554689	0.23657044	1.28536228	0.28268375
0.72534867	-0.29406359	-0.35439780	-0.12745724	0.14321767	0.25472803
0.88286909	-0.30735877	-0.21313340	-0.16787501	-0.27223243	0.19174069
0.90378675	-0.22887206	-0.10770018	-0.36693692	-1.02398649	-0.08358448
0.88064317	-0.48764452	-0.17064858	0.18863353	-0.85544718	-0.54130648
0.86800535	-0.63933665	-0.18192729	0.06790794	-0.20589408	-0.57517522
0.76373915	-0.51169839	-0.00236057	0.37898976	-0.32917567	-0.83407974
0.78076007	-0.42973804	-0.15547538	0.62016474	-0.46948921	-0.61600166
0.82383283	-0.23571028	-0.18339551	0.43811801	-0.96597851	-0.45857817
0.55901928	-0.06268013	-0.23067604	0.39409240	-1.72550502	-0.37271824
0.79261542	-0.07942618	-0.25415049	0.49823597	-1.24071956	-0.19564204
0.68611696	-0.03694840	-0.18385937	0.61562553	-0.35619839	-0.41310241
0.94733070	-0.29630291	-0.26504396	0.21692778	-0.49966467	0.26852294
0.90190008	-0.13639964	-0.25162889	0.20479506	0.35753808	0.16227775
0.94520815	-0.27201231	-0.30381192	0.70120579	-0.55525443	0.01664316
1.18216785	-0.10768899	-0.19052319	0.70076644	-0.57028957	-0.17139171
1.08414679	-0.18209786	-0.21837782	0.34899546	-0.02884761	-0.20517945
0.98823687	-0.17454317	-0.12310690	0.02124296	0.25402469	-0.02947836
0.94050755	-0.18059449	-0.17862625	0.38757275	-0.06188671	0.02586877
1.18952501	-0.08379766	-0.09223964	0.49003398	-0.13891820	0.25710194
1.37710490	-0.07858722	-0.10265644	0.16971583	0.23538407	-0.59289268
