0.96895450	-0.35081985	-0.18118505	-0.07544746	0.04143182	-0.00742436
0.96414114	-0.33590315	-0.19211604	-0.06170086	0.03411760	-0.04293814
0.98139084	-0.35216103	-0.18335983	-0.05611448	0.06072645	-0.04397070
0.96746138	-0.32587186	-0.18529106	-0.00605542	0.08210059	-0.02941351
0.96989598	-0.34528114	-0.18421278	-0.05147968	0.07549811	-0.00696951
0.97487214	-0.31791596	-0.16758285	-0.09178034	0.05811782	-0.05322857
0.96954646	-0.32759720	-0.15843944	-0.01614735	0.06867232	0.00072942
0.97810501	-0.32963023	-0.15753228	-0.02431937	0.08451561	-0.02896081
0.97299281	-0.33708030	-0.16565636	-0.00085384	0.03677468	-0.02381788
0.95367242	-0.31898356	-0.16238384	-0.01902311	0.04027991	-0.00940775
0.96469959	-0.30356629	-0.16648189	0.00733274	0.01933082	-0.04542608
0.97861057	-0.32024696	-0.17600019	-0.01095539	0.03795728	-0.03049979
0.96263309	-0.31554544	-0.17246575	-0.01128461	0.02353350	-0.03371877
0.97328372	-0.33095239	-0.17530426	-0.09474612	0.04288981	-0.04035823
0.96922785	-0.33981948	-0.16464154	-0.00952431	0.04729303	-0.02210390
0.96439500	-0.33047229	-0.16885640	-0.03739264	-0.00104262	-0.03835507
0.95648860	-0.33223467	-0.18187278	-0.09694470	-0.02440283	-0.00205043
0.96811347	-0.33365874	-0.15681006	-0.04186433	-0.01668780	0.03450203
0.95535523	-0.34132596	-0.18234998	-0.07206605	0.01052012	0.04437668
0.94721925	-0.35629239	-0.17639732	-0.07911635	0.00062696	0.02625494
0.94239763	-0.36063597	-0.17825295	-0.06220403	-0.03757354	0.03671273
0.95108722	-0.36159768	-0.17933150	-0.07720150	-0.05351583	0.07158639
0.95885547	-0.34638963	-0.17620737	-0.07339991	-0.01702704	-0.01076613
0.95269805	-0.33804588	-0.19903594	0.02955609	-0.01242813	0.00757884
0.96752602	-0.34762957	-0.20022419	0.00492190	-0.02151374	0.03617202
0.95030154	-0.34450573	-0.18230790	-0.05535914	-0.02949391	-0.00111783
0.94823904	-0.35787621	-0.18278861	-0.04254984	-0.01119618	0.05838964
0.93819210	-0.35302709	-0.18590012	-0.03281723	-0.02878680	0.02921986
0.94313549	-0.33180007	-0.20318709	-0.01029902	-0.07887588	0.08455537
0.96019540	-0.34366732	-0.19224682	-0.07345199	-0.06851027	0.05476447
0.98099812	-0.35993102	-0.17514188	-0.06105031	-0.03677482	0.06852128
0.97017300	-0.36064379	-0.16879482	-0.10171378	0.00297959	0.01017645
0.96086876	-0.33175562	-0.16994204	-0.02263417	0.03181908	-0.02081309
0.96479990	-0.34394896	-0.18109228	-0.03190341	-0.00717001	-0.00270582
0.95406959	-0.35119343	-0.18355152	0.03451108	-0.02800446	0.01608617
0.96542558	-0.35738194	-0.18278298	0.00759962	0.02083647	-0.00578049
0.96726482	-0.33753196	-0.18937442	-0.04097546	0.00922818	-0.00106830
0.96070017	-0.34122416	-0.18814920	-0.07264427	0.02058347	0.02661121
0.96051378	-0.34419707	-0.18629680	-0.00500733	0.01851717	0.03415815
0.95119038	-0.35551958	-0.18657863	-0.07503462	0.02909483	0.01487020
0.96389189	-0.35883036	-0.19496783	-0.09367874	0.03528546	0.06285382
0.96092127	-0.35306589	-0.18619344	-0.06334832	0.01771335	0.00998854
0.95085312	-0.36827090	-0.19296817	-0.08019040	0.01977662	-0.03590325
0.95572578	-0.37560274	-0.20008386	0.05356195	0.03346561	-0.04331102
0.94828706	-0.35346821	-0.19750439	-0.01298862	0.02738758	-0.04560156
0.93872182	-0.39324844	-0.19084335	0.02836497	0.02178054	0.04861778
0.93460382	-0.36481741	-0.18399313	0.01229327	-0.03275839	0.03268403
0.93045037	-0.35433689	-0.18646900	0.08049520	-0.03996934	0.02604435
0.94649248	-0.37173171	-0.18452280	0.00804774	-0.10282021	0.04128318
0.94189631	-0.35788021	-0.20075898	0.01658500	-0.06979039	0.04724389
0.94333875	-0.34920192	-0.19866389	0.01075961	-0.05620744	0.06417309
0.94759609	-0.36471151	-0.18354764	0.00412437	-0.06144253	0.01716827
0.96385706	-0.35731033	-0.17860735	0.01124542	-0.04439076	0.01571972
0.95824390	-0.34030982	-0.18271123	-0.03836376	-0.03358901	-0.06423888
0.95468360	-0.34303374	-0.19264377	-0.02420109	-0.02838006	0.02237998
0.95735779	-0.37000764	-0.18269362	-0.07312576	-0.03373664	0.06584386
0.94841129	-0.34133512	-0.19549243	0.01401548	-0.00410387	-0.00587101
0.95588442	-0.36755132	-0.19907501	-0.00621548	-0.01622699	-0.04499745
0.96330141	-0.38094493	-0.19321620	-0.02229603	0.00190359	-0.06422969
0.97986434	-0.36361971	-0.20417962	-0.03643781	0.00746050	-0.07815078
0.98491249	-0.33664493	-0.19682392	-0.02180762	0.03097403	-0.05349981
0.97167726	-0.31797683	-0.19864093	-0.03899656	0.04813988	-0.02348435
0.94400688	-0.35027851	-0.19000594	-0.04351057	0.04397788	-0.00697330
0.94744307	-0.33926766	-0.18443045	-0.07792547	-0.00639372	-0.05155899
0.94427037	-0.33687609	-0.17554991	-0.03273328	0.01824316	-0.03321376
0.95304746	-0.37131917	-0.18242347	-0.00435869	0.03956218	-0.02906156
0.95244320	-0.34354446	-0.17960850	-0.06499259	0.00864722	0.02717706
0.94705947	-0.34704226	-0.18306323	-0.04207853	-0.00475286	-0.01475858
0.93561467	-0.33227010	-0.18290650	-0.03579023	-0.03366658	0.03645897
0.93800231	-0.34604636	-0.19244178	-0.06024354	-0.04888123	0.00168559
0.95204934	-0.32558569	-0.20086559	-0.06991038	-0.07121669	0.01562732
0.94478866	-0.33885376	-0.19952092	-0.04612054	-0.07023668	-0.03099210
0.95276364	-0.34041486	-0.20922366	0.00874334	-0.05090561	-0.01786216
0.94457544	-0.36856192	-0.20486541	0.02209869	-0.05377220	-0.03406491
0.94505875	-0.34238405	-0.18853644	0.01603813	-0.11152441	0.00103933
0.96057063	-0.37611510	-0.17626428	0.02726901	-0.07518601	0.02189090
0.96597283	-0.38723723	-0.20796203	0.11435553	-0.06624194	0.03293197
0.95972280	-0.38626882	-0.20807226	0.07394413	-0.04164284	-0.01594334
0.94007843	-0.36793087	-0.19613140	0.06243878	-0.05534168	0.04217575
0.95365860	-0.36000281	-0.18957882	0.08930836	-0.08055148	0.05595257
0.95377531	-0.33682499	-0.20449996	0.09052662	-0.10319746	0.04214692
0.96360968	-0.35276871	-0.21072761	0.08492828	-0.05955509	-0.05036167
0.96912453	-0.33612323	-0.21525109	0.07631197	-0.01875493	0.03927963
0.97138589	-0.34860599	-0.20876067	0.12324302	-0.03914263	0.04278435
0.96265302	-0.35707017	-0.20528694	0.11740706	-0.01768627	0.00290611
0.96373512	-0.37271804	-0.20909157	0.08271587	-0.04380287	0.00653619
0.96112939	-0.36040276	-0.21616352	0.05483838	-0.01536964	0.00795710
0.95395429	-0.35259406	-0.20878682	0.15407089	-0.00513614	-0.00514862
0.96050654	-0.36692489	-0.20647539	0.11302808	0.00860107	-0.05133017
0.94795478	-0.37829261	-0.20989399	0.09103501	0.00157080	-0.07703565
0.93971607	-0.40530165	-0.22299403	0.09403404	-0.00331812	-0.02622200
0.95468315	-0.39637888	-0.21994047	0.15794966	0.05696862	-0.11614680
0.96385495	-0.39544228	-0.22639442	0.06169045	0.06190641	-0.12782819
0.95753818	-0.37962574	-0.21426744	0.17945521	0.08363828	-0.16348235
0.95685535	-0.35829504	-0.20952916	0.10072154	0.03913582	-0.11257221
0.93962436	-0.33531734	-0.17943562	0.10842698	0.05298422	-0.07523064
0.95887821	-0.31425401	-0.19161610	0.11561164	0.03515835	-0.03865354
0.95263518	-0.30535137	-0.16334321	0.05408785	0.00457915	-0.03402091
0.95064820	-0.28152618	-0.15405981	0.01693895	-0.04060537	0.00370140
0.94749336	-0.29049923	-0.15002131	0.01159529	-0.05133762	0.00315709
0.96419969	-0.31563405	-0.17468487	-0.01831750	-0.04126453	0.03047832
0.97825202	-0.31305736	-0.17667162	-0.09057702	0.01567169	0.04506815
0.98343829	-0.30217073	-0.18335651	-0.17265742	0.03668369	0.02176481
0.98010954	-0.30143676	-0.16616487	-0.14610071	0.06377205	0.06545360
0.98204560	-0.31527606	-0.16909029	-0.17163366	0.02417109	0.02446038
0.95992986	-0.33212433	-0.16623900	-0.16510294	0.02700074	0.06771839
0.96287550	-0.33978954	-0.17603785	-0.15903211	-0.00269162	0.03939995
0.96327794	-0.34835827	-0.16954276	-0.21913324	0.04616456	0.02612184
0.96409221	-0.34144773	-0.17935609	-0.16110593	0.00829860	0.01080121
0.96920993	-0.34306911	-0.17489094	-0.12391822	0.05320476	0.03145320
0.95506771	-0.36437621	-0.17661861	-0.12976277	0.02923297	0.07429394
0.95568430	-0.33626325	-0.18040067	-0.16977397	-0.00682211	0.04008178
0.96615883	-0.34718056	-0.17129419	-0.11555661	0.00027654	0.08721180
0.96243143	-0.34697423	-0.18474367	-0.09887271	-0.01079610	0.01949297
0.96451500	-0.34199953	-0.18631963	-0.14406066	0.01561247	0.05965953
0.96726226	-0.33289875	-0.19310091	-0.15798918	0.02687295	0.09337006
0.96184704	-0.32612401	-0.18423304	-0.14272811	0.03299951	0.10623861
0.94533681	-0.34417734	-0.17886495	-0.16421751	-0.00880110	0.07317477
0.95804404	-0.34970791	-0.18778455	-0.12441292	-0.05876039	0.05459270
0.96117936	-0.36180337	-0.18466248	-0.18157578	-0.02860663	0.11534176
0.95555723	-0.34018573	-0.18608964	-0.17142258	-0.03541078	0.09738113
0.95867023	-0.33064811	-0.19329755	-0.18226320	-0.03929084	0.10550030
0.95343187	-0.34458331	-0.18390157	-0.15332365	-0.06396208	0.10978516
0.94969241	-0.35538231	-0.19449824	-0.19145183	-0.04055278	0.12734299
0.95982024	-0.33284017	-0.18465934	-0.17221762	-0.04469303	0.11089332
0.95423853	-0.31849566	-0.19046809	-0.18572262	-0.04657304	0.09361587
0.94562125	-0.34145012	-0.19180588	-0.14412778	-0.01099954	0.13284125
0.95541418	-0.35870403	-0.19663170	-0.16180613	-0.04000327	0.11922360
