0.95201992	0.29976500	0.22321418	-0.01910899	-0.04883912	0.03387434
0.94381272	0.29755120	0.23489772	-0.00023935	-0.01881970	0.03894863
0.94963863	0.29536629	0.23541406	-0.01811469	-0.04677587	0.03537529
0.95180822	0.29945781	0.22683233	-0.01536314	-0.03839072	0.02941605
0.94967769	0.29485686	0.21889604	-0.02994737	-0.04423881	0.02881673
0.94755506	0.30187211	0.21336602	-0.01395260	-0.04160196	0.01834499
0.94933769	0.29416262	0.22075152	-0.02424997	-0.04659016	0.02659428
0.94544930	0.29438968	0.22672089	-0.02840096	-0.05503462	0.04142466
0.94496265	0.29147642	0.22577771	-0.00388913	-0.02609845	0.03204699
0.94793238	0.28320597	0.23018012	-0.02485168	-0.03790883	0.02819022
0.94909399	0.28868106	0.24064352	-0.00611120	-0.01526638	0.03556422
0.94968418	0.29187792	0.24524676	-0.00581106	-0.00823830	0.03904854
0.94826611	0.28822253	0.24111016	-0.00932221	-0.02407848	0.02527176
0.94832582	0.28946491	0.23268084	0.00214608	-0.01710535	0.02756247
0.94439420	0.29196315	0.23164824	-0.00584453	-0.01147115	0.02543726
0.94542763	0.29094341	0.22846670	-0.02061778	-0.02174936	0.02188937
0.94518487	0.29664013	0.22581482	-0.00701662	-0.03127934	0.03370570
0.94949752	0.29471212	0.23274441	-0.01610624	-0.00764797	0.02076470
0.94778253	0.29985985	0.23097803	-0.01459024	-0.00998810	0.02168365
0.94951433	0.30741619	0.22427638	-0.00516190	-0.04513157	0.01233735
0.94374702	0.29243550	0.22999299	0.00359813	-0.04012501	0.01404080
0.94334212	0.28437364	0.23164879	0.01041334	-0.05580761	0.02151757
0.94747371	0.28956292	0.22847729	-0.00475151	-0.04308198	0.02633291
0.95674461	0.29145009	0.22311991	-0.01660822	-0.02727810	0.01650397
0.95168686	0.29628439	0.22805001	0.00856077	-0.01966150	0.01642136
0.94864046	0.29765744	0.23322360	-0.01479646	-0.00977269	0.01599484
0.94884158	0.29814342	0.23417763	-0.01031156	-0.00874848	0.00642902
0.94664360	0.29825487	0.22721005	-0.04245592	-0.00180893	0.01859202
0.94831550	0.30415392	0.22608298	-0.03227273	-0.02838703	0.02164581
0.95089283	0.30888262	0.22528722	-0.02837695	-0.02629902	0.02583788
0.94225742	0.30031567	0.23386677	-0.00778392	-0.03208695	0.02015240
0.94726501	0.29352844	0.23124356	-0.00706117	-0.02079270	0.02001243
0.94579325	0.29133073	0.23424064	-0.02900787	-0.01582288	0.02687332
0.94400888	0.30307486	0.22703098	-0.00761038	-0.00957801	0.00297476
0.94589549	0.29354994	0.22813656	-0.00167248	-0.02021561	0.01059499
0.94729012	0.28843787	0.22870458	-0.00006332	-0.01088372	0.01077617
0.94681063	0.29424182	0.23520402	-0.00498015	-0.00866052	0.01424313
0.94885779	0.29148364	0.24213110	-0.00373696	-0.01121864	0.02636840
0.94621186	0.29245032	0.22326482	-0.00520506	-0.02034761	0.02531731
0.94648203	0.29179616	0.22889461	0.01058494	-0.02912221	0.01784444
0.94828388	0.29296778	0.22733696	-0.01053077	-0.01978422	0.02072336
0.94603702	0.28989655	0.21821442	-0.01989452	-0.03287605	0.00109010
0.94817116	0.29894915	0.22360513	-0.00724300	-0.01681851	0.00596867
0.94522655	0.29177919	0.22836198	-0.00896353	-0.00154770	0.01590691
0.94862468	0.29316944	0.22518883	-0.01721482	-0.02555395	-0.00490082
0.94653772	0.29075368	0.23300550	-0.02073594	-0.02218852	0.00875595
0.94371453	0.30504403	0.22861560	-0.01682334	-0.02280072	0.01098167
0.94431887	0.30826784	0.22567273	-0.01989325	-0.01755946	0.00114043
0.94552475	0.29774276	0.23091221	-0.00914059	-0.03055054	-0.00216876
0.94959295	0.29785508	0.23260756	-0.00597720	-0.02083488	0.00710335
0.94672038	0.29464173	0.22501045	-0.01497602	-0.01394932	0.00273487
0.94706794	0.29198778	0.22225777	-0.01397538	-0.00774134	0.01178197
0.94547948	0.29320894	0.22308797	-0.01295394	-0.01878358	-0.00735881
0.95304410	0.28573165	0.22485261	-0.01117249	-0.00839973	-0.00648133
0.95052061	0.28962321	0.23611300	-0.00770877	-0.00817611	-0.01434206
0.95345907	0.29696331	0.24880957	-0.00265663	-0.02714089	-0.02119859
0.94705445	0.31091883	0.22813576	-0.01730158	-0.02319531	-0.01368195
0.94765276	0.29540752	0.22481710	-0.00523927	-0.00078552	0.01490731
0.94666806	0.29800269	0.22390626	-0.00674374	-0.00871907	0.01970993
0.95079626	0.29025748	0.22322944	0.00814709	-0.00446768	-0.00400984
0.95184547	0.29620288	0.22796405	0.00167070	-0.00276272	0.01348033
0.94488696	0.30342638	0.23376719	0.01478890	-0.01468798	-0.00373698
0.94934714	0.30081890	0.23293492	0.01421675	-0.02194033	0.01041013
0.95573995	0.30373148	0.22255892	-0.00913712	-0.02353071	0.00736027
0.95364826	0.30341426	0.22246751	-0.00661047	-0.00741121	0.01708348
0.95207740	0.29277934	0.22085347	-0.00117258	0.03036565	0.01636503
0.95153827	0.29501414	0.22364064	0.00392163	0.00547765	0.00666010
0.94587513	0.29569660	0.22620534	-0.00442473	0.02246776	-0.00862699
0.94837518	0.30528919	0.21674582	-0.00734658	0.01812446	-0.01509862
0.94323683	0.29967095	0.21496679	-0.02016785	-0.01589625	-0.01243837
0.94485324	0.29598784	0.21725978	-0.01895792	-0.01309655	0.01206414
0.94832288	0.29488570	0.21797226	0.00149107	0.00593848	-0.00342202
0.94498322	0.29408963	0.22419392	-0.00506948	0.00441167	0.00066528
0.95343815	0.30577254	0.22643030	-0.03063293	0.01079835	0.01441259
0.95225540	0.30468705	0.22935541	-0.03692346	0.01581343	0.00804592
0.94428024	0.29208218	0.24113673	-0.04344393	0.00128419	0.00391009
0.94821801	0.28357280	0.24641836	-0.00114656	0.00671594	0.00942032
0.94468289	0.28367421	0.24455868	0.00836943	-0.02283084	-0.01333092
0.94534439	0.29065825	0.23415123	0.03033277	-0.02286374	-0.01738556
0.94473686	0.29073684	0.22452821	0.01357727	-0.01516695	-0.00104071
0.94574688	0.29300757	0.22027189	0.02668843	0.00430869	0.01179413
0.94936291	0.28968097	0.21681301	0.03019458	0.02568786	0.01945060
0.95490832	0.28675934	0.22088201	0.02729681	0.01635279	-0.00321281
0.95021457	0.29416893	0.22904575	0.01903518	-0.00056106	-0.01595629
0.93882466	0.30525394	0.22741948	0.00687757	-0.00642929	-0.00855252
0.94171667	0.30372746	0.22454343	-0.00794007	-0.02086936	-0.00583431
0.94697141	0.31274791	0.22424230	0.00817287	0.02366242	-0.00470206
0.94618929	0.31314704	0.22166748	0.00562789	0.01746751	0.02117828
0.94685964	0.31447062	0.22623491	0.00025848	0.00372744	0.01305895
0.95051928	0.31221603	0.22584221	-0.00843508	-0.00360570	0.01146805
0.94757791	0.30643210	0.22053400	-0.00863595	0.01067389	-0.00131244
0.95152915	0.30553025	0.22568840	-0.00625450	-0.02107619	0.02065917
0.95055852	0.29751237	0.22101093	0.00223557	-0.01500032	0.01067729
0.95118582	0.28061572	0.21679574	-0.00214679	0.00591020	0.00541856
0.95728873	0.27851327	0.22995567	0.01128731	-0.00445433	-0.00414195
0.95974389	0.27926403	0.22760367	0.00855366	0.00285227	-0.00704469
0.94860632	0.28661853	0.22854052	0.00594769	0.00415205	0.00606204
0.94607201	0.29152433	0.23152957	0.00862444	-0.00079805	0.00038889
0.95058093	0.28892393	0.23728809	0.01092635	0.00961197	-0.00270837
0.95637120	0.28190307	0.23497060	0.02470162	0.01861715	-0.00966404
0.94826954	0.29323548	0.23123967	0.02903426	0.01564954	-0.00338545
0.94089372	0.28641184	0.23095579	0.03507038	0.00262704	-0.00699850
0.94437004	0.30232999	0.23373358	0.03140668	-0.00689904	-0.01367991
0.94505330	0.30772315	0.22295333	0.01574096	-0.01827161	0.00711348
0.94937387	0.29587236	0.22079147	-0.01186264	-0.01676273	0.01506843
0.95379091	0.29341287	0.20898783	-0.04539834	-0.01363834	-0.00049516
0.95466662	0.29598868	0.21881151	-0.02183332	-0.01922124	0.00550728
0.94780940	0.29697711	0.21652878	-0.00395724	-0.02110320	0.00720550
0.94845533	0.29347364	0.21396343	-0.01317616	-0.03123093	-0.00063318
0.95076011	0.29919715	0.21709290	-0.01042362	-0.02375915	-0.00457840
0.94926046	0.29673143	0.22024824	0.00780691	-0.01529280	0.00250750
0.94779643	0.29588641	0.22061986	0.01257391	-0.00731554	-0.00958473
0.95332459	0.29071211	0.21473931	0.00428843	0.00391116	-0.00528088
0.95171267	0.29521620	0.21139205	-0.00209420	-0.00891718	0.01813653
0.95246321	0.29886506	0.21344370	0.00025026	0.00009716	0.00850496
0.95400067	0.29207822	0.21776636	0.00318580	-0.00150205	0.00792811
0.95140399	0.28815605	0.21027397	-0.00667596	0.02366347	-0.00803464
0.95296123	0.28861492	0.22077843	0.00825169	0.00424017	-0.01196242
0.95373146	0.29867593	0.22506963	-0.01578633	0.00724771	0.00650566
0.94933198	0.30018289	0.22286797	-0.00792985	0.00872309	-0.00319099
0.94708777	0.29766646	0.22217753	-0.00615288	0.01507597	-0.01659567
0.94736897	0.29272036	0.21843155	0.00610421	0.00686110	-0.00501802
0.95028889	0.29219329	0.22026722	0.00473467	-0.01401775	-0.00807170
0.95122976	0.29784213	0.22055846	0.00139358	-0.01696567	-0.00875747
0.95491808	0.29376685	0.21780443	-0.02456837	0.00386726	0.00645428
0.95318103	0.28766979	0.21268784	0.01294306	-0.00158609	0.00356474
0.95511078	0.28889127	0.21284386	0.00560907	0.02797977	-0.00982486
0.95239444	0.29105869	0.21059668	-0.00929641	0.00815178	-0.01849217
