0.95234389	0.29756965	0.21489012	0.00424619	-0.01608324	0.00327733
0.95092854	0.29388108	0.21068133	-0.01008828	-0.00128517	0.00539319
0.94966213	0.29629250	0.21011963	0.00092009	0.00061040	0.00592594
0.95017920	0.29482972	0.20729210	0.01327554	-0.00445316	0.00547466
0.94867518	0.29840230	0.20927815	0.02205540	-0.00329878	-0.00192304
0.94962196	0.29525531	0.21717109	0.00471294	0.00195493	-0.00161702
0.95378681	0.29368077	0.21611372	0.00459410	-0.00585287	0.00426311
0.95187168	0.29766659	0.20682407	0.00356685	0.00065987	0.00037446
0.95033603	0.29532919	0.21816022	-0.00149162	0.01037053	0.00164873
0.94668684	0.29688260	0.21770695	0.00732130	0.00877108	-0.00253760
0.94802592	0.29795227	0.21405894	0.00214135	-0.00615158	-0.00575816
0.94711565	0.29896952	0.22045063	-0.00537266	-0.00878298	-0.00015793
0.95383066	0.29661476	0.20676899	-0.00925331	-0.00659496	-0.00076051
0.95407825	0.29698774	0.20862174	-0.00206954	-0.00996618	0.00202617
0.95244492	0.29839431	0.20770946	0.00108905	0.00326943	-0.00101471
0.95232660	0.29772915	0.21393978	-0.00231755	0.01095820	0.00057978
0.94785363	0.29312029	0.21158717	-0.00001023	0.01207631	-0.00472729
0.94950708	0.29898713	0.20959281	-0.00199647	0.00181807	-0.00534206
0.95057070	0.30069772	0.21323058	-0.00343998	0.00070456	-0.00590131
0.94822189	0.29583538	0.21935514	-0.00392452	-0.00864997	-0.00666999
0.94715444	0.29700650	0.21107150	-0.00647274	-0.00919783	0.00286747
0.94863218	0.29995036	0.21000389	-0.00602442	-0.01128307	-0.00021922
0.95082856	0.29859392	0.20996414	-0.00436864	-0.00426995	0.00341316
0.95315746	0.29590499	0.21610862	-0.01819164	0.00321623	0.00161721
0.95505696	0.29403003	0.21362833	-0.00848853	0.00682962	-0.01352179
0.94996653	0.29400713	0.21481844	0.00080604	0.01277576	-0.01298003
0.95159235	0.30133345	0.21627764	-0.00271218	0.00771932	-0.00974100
0.95528539	0.29521495	0.21188201	-0.01178463	0.00801524	0.00028170
0.95520302	0.29956060	0.20669080	-0.00558624	0.02113026	0.00232207
0.94744963	0.29690231	0.20844011	-0.00366065	0.01879814	-0.00000855
0.94801551	0.29809698	0.21408858	-0.00362953	0.01471011	-0.00205617
0.94858642	0.30107604	0.21415743	-0.01538713	0.02602920	-0.01238405
0.94908867	0.30177863	0.22457098	-0.01530697	0.00982198	-0.00494625
0.94801275	0.30588558	0.22292745	-0.00832542	0.00352326	0.00225730
0.94985515	0.30122228	0.21702347	-0.00574465	-0.00052509	-0.00036351
0.95258905	0.29911924	0.21330503	-0.00475797	0.02214565	-0.00282047
0.95170591	0.29921061	0.21530274	-0.00527874	0.01400094	-0.00288742
0.94689013	0.29456147	0.21036123	-0.00585357	0.00989554	-0.00493562
0.94752145	0.29734163	0.21183756	-0.01320414	-0.01310458	-0.00391145
0.94758726	0.29490066	0.21290233	-0.00748240	0.00522803	-0.00077123
0.95248400	0.29646242	0.21875421	-0.00314860	-0.01281654	-0.00224181
0.94863206	0.29773096	0.21718443	0.00180144	0.00934297	-0.00381251
0.95018329	0.29348314	0.21470546	0.00230215	-0.00166660	-0.00260072
0.95386135	0.29744791	0.21950956	-0.00584017	0.00607812	-0.00996348
0.95231349	0.29841269	0.21237938	-0.00113696	0.00970891	-0.00416956
0.95028992	0.29878621	0.21051433	-0.00194940	0.00615751	-0.00102745
0.94578250	0.29741333	0.20727025	0.00557616	0.00363639	-0.00505023
0.94936213	0.29841133	0.21098673	-0.00590179	-0.00010943	-0.00468609
0.94968996	0.30478745	0.21967035	-0.00761482	-0.00719288	-0.00077104
0.94808421	0.30598957	0.21499183	-0.01125952	-0.00428779	0.00077598
0.94988428	0.29841790	0.21550047	-0.01272171	0.00798998	-0.00301532
0.95014270	0.30213638	0.21677436	0.00215816	0.01184798	-0.00839790
0.94767047	0.29593206	0.21827201	-0.00381054	0.00721694	-0.00597745
0.94680595	0.30186865	0.21894628	-0.00402042	-0.00763673	0.00107625
0.94756071	0.29706353	0.21327844	-0.00920992	0.00178122	-0.00678481
0.95153380	0.29626351	0.21666730	0.00594374	0.00505741	0.00205901
0.94853454	0.29753522	0.22393545	0.01365863	0.01634033	-0.00237540
0.94609194	0.29861638	0.22626740	0.00658340	0.00715196	-0.00892108
0.94469710	0.29976469	0.22596768	-0.00557778	0.00715193	-0.00744201
0.94794981	0.30551925	0.22314855	-0.00529813	0.01750645	-0.00224212
0.94681312	0.30219275	0.21483380	-0.00258494	0.00782486	-0.00431687
0.95003159	0.30060026	0.21402917	0.00500350	0.00881153	0.00062429
0.94746765	0.30199538	0.21192443	0.00092616	-0.00111054	0.00169302
0.94591423	0.29914375	0.21426035	0.00615330	0.00574692	-0.00344695
0.94776725	0.29783680	0.21281703	0.00224059	0.01236836	-0.01084177
0.95085886	0.30253666	0.21144458	-0.00421685	-0.00569148	-0.00547910
0.94841919	0.29810401	0.21951039	-0.01784955	0.00496457	0.00865808
0.94861938	0.30260682	0.21329614	-0.01532295	0.00295939	0.00457093
0.94909999	0.29986613	0.21286746	-0.01196792	0.00240423	0.00257062
0.95048130	0.29882857	0.21490548	-0.00300282	0.01157320	0.00331570
0.95009921	0.30150369	0.21718954	0.00020826	0.00956752	-0.00173667
0.94579409	0.30150870	0.21640691	-0.00079892	0.00699029	0.00463545
0.94501017	0.29812787	0.21021868	0.00070971	0.00621442	0.00482019
0.95071308	0.30201100	0.21874013	0.00198344	-0.01230642	0.00027809
0.94506178	0.30650827	0.21159887	-0.00108381	-0.01312092	-0.00547319
0.94631421	0.30450383	0.21755368	0.00600125	0.00015499	0.00416459
0.94668040	0.30704970	0.22103808	0.00108501	-0.01197368	-0.00121422
0.94607626	0.30910851	0.21575935	-0.00107436	-0.01502352	0.00615596
0.95013738	0.30673289	0.21140514	-0.00454737	-0.01032668	-0.00100675
0.94895607	0.29883564	0.21503239	-0.00564495	-0.01182769	0.00619297
0.94541670	0.30144641	0.21655253	-0.00639347	-0.00979184	0.00734290
0.93828225	0.29417692	0.21755733	-0.00743984	0.00150593	0.00135229
0.94467280	0.29922911	0.21805748	-0.00100250	-0.00972074	-0.00088728
0.94650777	0.29260488	0.22011657	0.00241029	-0.00382388	0.00149469
0.95026197	0.29341015	0.22319221	0.00639807	0.00974086	-0.00013353
0.95209626	0.29000844	0.22598272	0.01706288	0.01375060	0.00999563
0.94945307	0.29286923	0.21966971	0.01556688	0.01109862	0.00612745
0.94756354	0.30312756	0.21481408	0.00079916	0.00958899	0.00332787
0.95089723	0.30265649	0.21603717	0.01229100	-0.01109567	0.00374792
0.94784857	0.29651502	0.21710046	0.00828568	-0.01858893	0.00499354
0.94590516	0.29839318	0.21875105	0.01901280	-0.00976617	0.00948001
0.94953605	0.30019068	0.21619360	0.00675803	-0.02098355	0.00847614
0.94883143	0.29853301	0.21029758	-0.00045487	-0.00682954	0.00624094
0.94904670	0.30266916	0.20561103	0.01116981	-0.02217134	0.00822641
0.95002530	0.30415324	0.20728404	0.00229162	-0.00098102	0.00758858
0.94702549	0.30030814	0.21163852	0.00009988	-0.00251887	0.00090747
0.94718379	0.30193362	0.21205748	0.00470696	-0.00310515	0.00116442
0.94638040	0.30171682	0.21842685	0.01169793	-0.01438989	0.00947690
0.94810311	0.30386387	0.21627830	0.01091956	-0.00273461	0.01081268
0.94790383	0.29727845	0.21453072	0.01666147	-0.02276661	0.01099812
0.94888523	0.30056740	0.21371404	0.00509430	0.00045891	0.00712715
0.94726320	0.30199177	0.21242069	0.00393686	-0.00759158	0.01606156
0.95282154	0.29644297	0.21693974	0.01180879	-0.00490823	0.01235510
0.95189409	0.29655674	0.20986977	0.01098619	0.00538304	0.01206289
0.95486534	0.29478205	0.20823584	0.02183437	0.01275180	0.00834995
0.95656693	0.29912961	0.21292001	0.02259336	0.00893157	-0.00159167
0.94880463	0.29819831	0.21676927	0.00126018	0.00566578	0.00003586
0.94867386	0.29864781	0.21230744	-0.01074401	0.00311218	0.00617363
0.95449507	0.30069702	0.21120101	0.00277724	0.00782348	0.00839318
0.95732036	0.29668245	0.22255796	-0.00018532	0.01664388	0.01008180
0.96007699	0.29354525	0.20785563	0.00414209	0.01763546	0.01017730
0.95160520	0.29631893	0.21058519	-0.00207535	0.03337768	-0.00534159
0.95130006	0.29853605	0.21941468	0.01631635	0.04673214	-0.01088586
0.95166563	0.30255045	0.22257877	0.01520628	0.04329175	-0.00903057
0.94723857	0.30044850	0.22281256	0.02044653	0.04993511	-0.00232775
0.94775592	0.29548421	0.21821977	0.02619245	0.05760539	-0.01347169
0.94709992	0.29342105	0.21951560	0.01155934	0.04425462	-0.01231383
0.94884281	0.30366500	0.21698163	0.03243739	0.04183440	-0.00953932
0.94906429	0.30179964	0.22175518	0.03433976	0.03879970	0.00250279
0.94651303	0.30287184	0.22184717	0.03110188	0.02076862	0.00942993
0.95305406	0.30528293	0.22414093	0.03420011	0.03266083	0.00606625
0.95600284	0.29983624	0.22013274	0.03050238	0.05363551	0.00224526
0.95521539	0.29353121	0.22653166	0.00671010	0.03423083	0.00292899
0.94725774	0.28943757	0.23768404	-0.00177008	0.01094111	-0.00830804
0.94369569	0.29419497	0.22837495	-0.00460124	0.01736242	-0.01309349
0.93924315	0.30241964	0.21517228	-0.00364617	0.00005219	-0.00462648
0.94349392	0.30740508	0.21742808	-0.00752483	0.01575080	0.00193359
0.94911536	0.30904180	0.21794165	0.00986475	0.01087197	-0.00007666
