0.94268564	0.29890675	0.22723572	0.00478580	-0.00435565	0.00298802
0.94100008	0.30611726	0.22530293	-0.00092779	-0.01445051	-0.00162116
0.94649068	0.30607516	0.22044175	-0.00036417	-0.01646034	-0.00200410
0.95167265	0.31054515	0.21285465	0.00154035	-0.02182210	-0.01187007
0.94704461	0.31366272	0.21321199	0.00664027	-0.02621624	-0.00173070
0.94375612	0.30995490	0.20531041	-0.00074761	-0.00316804	0.01646710
0.94937912	0.30592427	0.20881775	0.01245260	-0.00055956	0.02092003
0.95050652	0.29960201	0.21984849	0.00837346	-0.00147663	0.00764309
0.94728387	0.30075743	0.21251904	-0.00802722	-0.00038767	-0.01262326
0.94726381	0.30748696	0.21364084	-0.02284983	0.00167265	-0.01882996
0.94935174	0.31098245	0.22865822	-0.03258202	-0.00467958	-0.00892796
0.94662648	0.30648521	0.22625060	-0.00441944	-0.00337525	-0.00733436
0.94551053	0.30665938	0.22030192	0.00041314	-0.00297383	-0.00145665
0.94987394	0.30864281	0.22646868	0.00039435	0.00098671	-0.00006721
0.95032358	0.31020529	0.22629322	-0.00760831	0.00586251	-0.00467165
0.95122700	0.30527682	0.22942669	-0.00048349	0.00228415	0.00292492
0.94676113	0.30638034	0.22508897	0.00012463	-0.00216950	0.00526800
0.94376074	0.29882517	0.22120621	0.00376954	-0.00673681	-0.00459020
0.94150391	0.29900471	0.22438353	0.00428255	-0.00256141	0.00129027
0.94487498	0.30282420	0.22081251	0.00191567	0.00668209	0.00126686
0.94536922	0.30541757	0.21482568	-0.00270787	-0.00037738	0.00121023
0.94560012	0.31087953	0.21901198	-0.00009593	-0.01261151	-0.00178157
0.94624009	0.30751986	0.22029300	-0.00151747	-0.01057967	-0.00246386
0.94572122	0.30725767	0.22150442	-0.00709375	-0.00542941	-0.00081680
0.94588734	0.30885937	0.21861208	0.00707293	-0.00284919	-0.00526539
0.94133915	0.30340582	0.22068115	-0.00148230	-0.00157696	-0.00036394
0.94262237	0.30092920	0.21077994	-0.01576480	-0.00695462	-0.00551083
0.94606209	0.30971397	0.22126320	0.00496142	-0.00275905	-0.00798627
0.94564946	0.31182970	0.22361969	-0.00333913	-0.00527991	-0.00048563
0.94746785	0.31608587	0.21618178	-0.02072942	-0.01361893	-0.00110119
0.94381311	0.30932202	0.21732868	-0.02207787	-0.00702900	0.00614267
0.94164920	0.30064735	0.22160617	-0.01125306	-0.01298688	0.00159457
0.94825803	0.29961775	0.22741222	0.00126664	-0.00374084	-0.00692752
0.95028457	0.29958814	0.23671667	-0.00642615	-0.00901537	-0.01222756
0.94596309	0.30252564	0.23131490	-0.01363642	-0.02050747	-0.00207299
0.94122418	0.30515055	0.23391721	-0.01130487	-0.01836573	0.00431909
0.94330836	0.30368550	0.23435951	-0.00031401	-0.00834687	0.00297735
0.94610292	0.30817407	0.21956483	0.00684118	0.00384399	0.00374135
0.94733085	0.30628006	0.22426772	0.00940050	-0.00158029	0.00024027
0.94784605	0.30386366	0.22457718	0.00147903	-0.01146251	-0.00406812
0.95235979	0.30928727	0.22985595	0.01806027	0.00150165	0.00211751
0.94886452	0.30712575	0.22662427	0.02502094	-0.00456227	-0.00556045
0.94414671	0.31043222	0.23086770	0.02099468	0.01045689	0.00491224
0.93575360	0.30989316	0.22306972	0.02394886	0.01694506	0.01354247
0.94154935	0.31102053	0.21349117	0.01845294	0.01669964	0.01669513
0.94342001	0.31861733	0.20661815	-0.01113983	0.00720540	0.00345794
0.94263257	0.31591762	0.20113208	-0.00865311	0.00393656	-0.00003756
0.94155123	0.30895180	0.20915498	-0.00183090	0.00676939	0.00012686
0.94406947	0.30805867	0.22103663	-0.00405767	0.02049767	0.00703862
0.94263167	0.30966057	0.21255697	0.00730231	0.02278719	-0.00149810
0.94258289	0.30858484	0.22103959	0.00271816	0.01880621	-0.00529867
0.94545775	0.30740916	0.22635739	-0.01445975	0.02015599	-0.00415622
0.94184899	0.30624793	0.22780578	-0.01361975	0.01837851	-0.00396783
0.94572488	0.30302372	0.22573509	0.00748545	0.00900211	-0.00385542
0.94464269	0.29593195	0.21977583	0.00528121	-0.00295256	-0.00151525
0.94547363	0.30069990	0.22787879	0.00837843	0.01293123	-0.00251175
0.94668635	0.29700495	0.22174748	-0.00510295	0.00220011	-0.00645425
0.94218480	0.29854616	0.23481708	-0.01996106	-0.00879567	-0.00231034
0.94403569	0.29871581	0.22909094	0.00508450	-0.00849328	-0.00686064
0.94316304	0.30183610	0.23132150	0.00144735	-0.01488574	0.00178005
0.94669376	0.30253809	0.22750572	0.00223376	-0.01811807	0.00845971
0.94922999	0.30513337	0.22950853	0.00536198	-0.00141695	0.00948945
0.95036124	0.30563224	0.21692726	0.01182363	-0.01396714	0.00124184
0.94700915	0.30544321	0.22265112	0.00368616	0.00482105	-0.00482709
0.94556192	0.30379813	0.21970369	-0.00246086	0.00032416	-0.00790033
0.94425057	0.30464826	0.22421047	-0.01546264	-0.01233380	-0.00850259
0.94810739	0.30715103	0.22188430	-0.01181459	-0.00197489	-0.01247786
0.94790599	0.31041247	0.22346894	-0.01129374	-0.00882851	-0.01450428
0.94743410	0.31127953	0.22165160	-0.00214222	-0.00406802	-0.00571487
0.94671932	0.31596665	0.22742018	-0.02276643	-0.00624957	0.00702247
0.93863925	0.31100384	0.22210820	-0.01073614	-0.00560587	0.00125742
0.93800118	0.30643516	0.22607475	-0.00651672	-0.00658403	-0.00522312
0.94676737	0.30818200	0.22572908	-0.01165612	-0.01204053	-0.00896564
0.95148166	0.29946140	0.23039667	0.00439982	-0.00778259	0.00221687
0.94857555	0.30212276	0.22228592	-0.00802759	-0.00704254	0.00938008
0.94885814	0.30866053	0.21471077	-0.00206479	-0.00090833	0.00465345
0.95073826	0.31476525	0.21199057	0.00098838	-0.01110318	-0.00443459
0.94700324	0.30863708	0.21827934	0.01127465	-0.01678517	-0.00126793
0.94086316	0.29882006	0.22810278	-0.00614904	-0.00800736	0.00562472
0.94374830	0.30658196	0.23373444	-0.00628631	0.00515204	-0.00191334
0.94412318	0.30724932	0.22078360	0.00000813	0.00432733	0.00136419
0.94660848	0.30767452	0.22179489	-0.00728626	0.00064127	0.00226997
0.94508836	0.31002387	0.21723602	-0.01549685	-0.01984609	-0.00557435
0.94616906	0.31077176	0.21672772	0.00056246	-0.01139437	-0.00511063
0.94425415	0.31039714	0.22179315	-0.01570492	-0.01209381	-0.00254382
0.94408839	0.31462689	0.22361021	-0.00482193	-0.01321093	-0.01029327
0.94558199	0.30784449	0.22245605	-0.00173070	-0.00591311	-0.00470151
0.94811985	0.30280888	0.22282509	-0.00540808	-0.00878588	-0.00256695
0.94536378	0.30770024	0.22089162	-0.00626247	0.00070348	0.00062132
0.94705258	0.31008379	0.22020933	-0.00836686	0.00135631	0.00559141
0.94839179	0.30396680	0.21921283	-0.00783851	0.01105309	0.00709506
0.94682317	0.30656769	0.22656839	-0.00169853	0.00708469	0.00666437
0.94505586	0.30850187	0.21295783	0.00213069	0.00062483	0.00162531
0.94226700	0.30838938	0.21151408	-0.01839677	-0.00629935	-0.00132518
0.94640275	0.31100988	0.21351335	-0.01107921	-0.01085190	-0.00327664
0.94722988	0.30956516	0.21842464	0.01877795	-0.00095492	0.00256759
0.94801390	0.30939952	0.22471889	0.00554967	-0.00489041	0.00428853
0.94514923	0.30681108	0.22336090	-0.00800794	0.00426833	0.00090728
0.94794911	0.30861654	0.22262483	0.00212679	0.00323272	-0.00297249
0.94831246	0.30583644	0.22055724	-0.00638826	0.00980594	-0.00155974
0.94756081	0.30891093	0.22207646	0.01784692	0.00016097	-0.01039531
0.94972319	0.30935244	0.22169160	0.00503202	0.00520199	0.00289272
0.94781224	0.31125511	0.21310416	0.01306622	0.00287971	-0.00116092
0.94587493	0.30997616	0.22008554	-0.00081912	0.01562718	0.00068272
0.94677354	0.31562377	0.21641301	0.01067068	0.01411704	0.00862187
0.94684486	0.31213952	0.21959763	0.02090226	0.00839101	0.00856510
0.94460615	0.30585812	0.22532145	0.01972798	0.01596854	0.00775502
0.94547578	0.31050643	0.21707777	0.01431326	0.01432988	0.00923661
0.94440627	0.30328819	0.21847471	0.01727432	0.01841983	0.00227731
0.94383574	0.30241934	0.21947696	0.01753519	0.01954962	-0.00378363
0.94194497	0.30404315	0.21898933	-0.00933878	0.01282035	0.00158275
0.94160108	0.29720977	0.21673083	-0.00642740	0.00196791	0.00761758
0.94688099	0.30112710	0.22223830	-0.00278856	0.01192470	0.00110388
0.95036891	0.29891196	0.21887811	0.01039872	0.00844630	-0.00657911
0.95224120	0.30606967	0.22357464	-0.01082114	0.00773632	-0.00252630
0.94730276	0.30530620	0.23268256	0.00438024	0.01717298	-0.00769409
0.94622541	0.30701901	0.23518543	-0.00975801	-0.00109364	-0.00078273
0.94776768	0.30741853	0.22961656	0.00192991	-0.00417494	-0.00034019
0.94480036	0.30430625	0.22238064	0.01140062	-0.01363610	0.01019414
0.94497335	0.30112535	0.21811677	0.00154698	-0.01008088	0.00587199
0.94502010	0.30724747	0.21845564	0.00332053	0.00143117	0.00652359
0.94460428	0.31311094	0.22703065	0.00133154	0.02310481	0.01040609
0.94540097	0.31012764	0.21977521	0.00321541	0.01741528	0.01065939
0.94603274	0.30712850	0.21332424	0.00797876	0.01570381	0.00536468
0.94303712	0.30615632	0.22611726	0.02215066	0.01932906	-0.00593984
0.94271019	0.30242948	0.21669854	0.01110658	0.01881766	0.00418347
0.94515290	0.30351202	0.22221517	0.00659974	0.00226820	0.00063604
0.94384716	0.30930142	0.22385235	0.00761355	0.01417840	0.00339184
