1.02675383	-0.07671600	-0.09410231	0.19646772	0.26548253	-0.12586983
1.03894422	-0.05902405	-0.10796280	0.21069461	0.27526877	-0.10114529
1.03689028	-0.05423596	-0.10008133	0.30367957	0.29107676	-0.11450618
1.02944813	-0.05148164	-0.10958410	0.26257794	0.31822018	-0.11163299
1.02816912	-0.07243131	-0.11756842	0.26335635	0.34311218	-0.10077578
1.02218537	-0.07113239	-0.10933868	0.28387618	0.27113583	-0.15377559
1.00601776	-0.09278829	-0.13286812	0.23675911	0.23878347	-0.18024723
0.99618620	-0.09083730	-0.13813325	0.20853675	0.26154949	-0.21058747
1.00405096	-0.07538043	-0.14609020	0.23709471	0.27254570	-0.21119794
1.00281370	-0.08349508	-0.14026106	0.20611698	0.27362650	-0.21172605
1.00002078	-0.09272458	-0.12223734	0.17588909	0.23159249	-0.23494635
0.98598601	-0.08897106	-0.10543183	0.23228226	0.16702346	-0.25362879
1.00708329	-0.10333973	-0.10448948	0.14809059	0.13723196	-0.19598003
1.03062826	-0.08013395	-0.09623960	0.14004479	0.13837004	-0.21035436
1.05376144	-0.05157268	-0.10699191	0.15208687	0.21816363	-0.17278178
1.05045724	-0.04263509	-0.11911083	0.15566614	0.19361062	-0.10485293
1.03445624	-0.04377111	-0.12526732	0.17895257	0.17462516	-0.13022388
1.02537023	-0.05175792	-0.12995714	0.19079825	0.27719854	-0.14070076
1.02347733	-0.06951745	-0.12633357	0.21756242	0.15101103	-0.14729788
1.02520746	-0.06861304	-0.11031091	0.19559259	0.21528700	-0.13930787
1.01591496	-0.06120566	-0.11182452	0.21510717	0.15410670	-0.09731330
1.01618331	-0.04429311	-0.12195424	0.16571327	0.21869418	-0.16729195
1.02473843	-0.02981777	-0.12511564	0.16816290	0.29635070	-0.14927681
1.01331858	-0.04488421	-0.12062635	0.16488708	0.19225525	-0.12051610
1.02578205	-0.05822516	-0.11448477	0.17278566	0.20883139	-0.11927899
1.01137545	-0.04429586	-0.10665282	0.13335893	0.17643231	-0.14164864
1.01726284	-0.06289847	-0.11705477	0.19428478	0.22979727	-0.10088048
1.02597074	-0.05893311	-0.11022851	0.17063166	0.21324217	-0.09585094
1.02137223	-0.07350590	-0.11555662	0.18942775	0.18410638	-0.13768093
1.01682823	-0.06517826	-0.10843588	0.17296626	0.16693866	-0.12619971
1.02377793	-0.07683534	-0.08134818	0.16246787	0.22564773	-0.09923905
1.01803269	-0.07290785	-0.07900814	0.11972239	0.22986925	-0.12735275
1.01868299	-0.06698729	-0.09801996	0.11642065	0.20971378	-0.08745390
1.02657341	-0.05398525	-0.10412414	0.14703309	0.15688539	-0.11921732
1.02615829	-0.06177848	-0.10798667	0.15405870	0.07756367	-0.11890518
1.02660201	-0.06676507	-0.10601581	0.17500342	0.15636933	-0.09543519
1.02385261	-0.05449564	-0.09999495	0.17821170	0.14812578	-0.10954702
1.01804786	-0.05911757	-0.11018739	0.14220704	0.16354942	-0.04743084
1.01843572	-0.05649424	-0.09693309	0.13494500	0.16066973	-0.07605919
1.00696363	-0.06448066	-0.12019984	0.13626622	0.17721633	-0.09658813
1.01748953	-0.05985909	-0.12165166	0.11977817	0.14812965	-0.07929156
1.02001621	-0.05499228	-0.12684687	0.15544729	0.15582708	-0.04783311
1.02449776	-0.06308928	-0.11919417	0.18431305	0.14552938	-0.08898073
1.02450231	-0.06060200	-0.12165474	0.10791202	0.19281156	-0.10483988
1.01704560	-0.04184398	-0.10770767	0.09918337	0.16499878	-0.05587087
1.02124085	-0.05563869	-0.11127536	0.11078218	0.20310363	-0.07445421
1.03257688	-0.05013415	-0.10833648	0.08307575	0.10308422	-0.10903714
1.01685859	-0.06248359	-0.11786404	0.11622957	0.20887044	-0.08272959
1.02473256	-0.05939259	-0.10459989	0.14226487	0.12351898	-0.12130650
1.01906366	-0.06312479	-0.10642476	0.09903366	0.13342102	-0.09534754
1.02818742	-0.05458683	-0.11746047	0.12081379	0.19474084	-0.13022272
1.01649516	-0.06442488	-0.10812985	0.12688620	0.19040004	-0.14610465
1.01831379	-0.05166191	-0.11186437	0.15566751	0.22212470	-0.08439973
1.02237516	-0.04789751	-0.08447680	0.11892507	0.09605816	-0.10190217
1.02805775	-0.04193971	-0.07842317	0.13427880	0.22117833	-0.11179242
1.02790280	-0.04036272	-0.10529840	0.16324978	0.15117172	-0.07705534
1.01709278	-0.05533823	-0.09506128	0.13783567	0.15596543	-0.09506161
1.03114325	-0.05117391	-0.10301272	0.12052843	0.10761636	-0.05456405
1.01474508	-0.03746589	-0.09551993	0.15663157	0.14864154	-0.03106710
1.01752243	-0.02694190	-0.11370427	0.10279372	0.13645782	-0.08121891
1.02744716	-0.03959047	-0.10647873	0.10508504	0.09788736	-0.03422971
1.01243063	-0.03872900	-0.11269205	0.07237721	0.06991978	-0.03454269
1.01479158	-0.05867670	-0.09835775	0.08868960	0.08750032	-0.00811364
1.01966315	-0.05829665	-0.10091101	0.10676249	0.10491164	-0.04538480
1.02557009	-0.04892706	-0.09487075	0.07372945	0.13097601	-0.09751232
1.03730896	-0.06601217	-0.10403756	0.10084399	0.13562846	-0.02281439
1.03492417	-0.04327140	-0.11442375	0.07702220	0.15001208	-0.04764357
1.02550878	-0.05021074	-0.10850982	0.10609108	0.12661244	-0.03546349
1.02422035	-0.05653724	-0.10467680	0.12905450	0.10288766	-0.05012402
1.01283719	-0.05231132	-0.09500824	0.08588899	0.12260542	-0.04677464
1.00885013	-0.05079462	-0.10831339	0.07271010	0.12271606	-0.07455821
1.00874790	-0.05984574	-0.09578009	0.09073925	0.03600275	-0.05252089
1.00786911	-0.05070553	-0.10018554	0.06203442	0.12705560	-0.04088105
1.01365681	-0.03403441	-0.10514344	0.06160816	0.12812875	-0.05320921
1.02006524	-0.05113736	-0.09752229	0.10211006	0.16531648	-0.08368237
1.05725752	-0.04730995	-0.07114271	0.05947282	0.10659193	-0.11384383
1.03572997	-0.07017650	-0.07623520	0.13503841	0.19986530	-0.09361174
1.02336709	-0.07704353	-0.07930278	0.07846091	0.12788250	-0.10081143
1.00829720	-0.06892686	-0.08406817	0.12307705	0.03315805	-0.05211278
1.00881133	-0.06091575	-0.09915943	0.10103819	0.05808864	-0.04821896
1.02013780	-0.04441005	-0.11612041	0.09816267	0.08804622	0.00005578
1.02358852	-0.04129157	-0.11247782	0.09917862	0.15894645	-0.02295157
0.99989087	-0.04939751	-0.10159425	0.03663347	0.10366146	-0.04051481
1.01399600	-0.02257769	-0.08459858	0.02294901	-0.00428813	-0.06021717
1.01885160	-0.00909813	-0.08231416	0.04787504	-0.03152129	-0.08182900
1.02143552	-0.02446567	-0.08530825	-0.00575465	-0.02359499	-0.03869408
1.03719983	-0.04125152	-0.08314098	0.03695731	0.03666540	-0.00272879
1.03342097	-0.03758323	-0.09278037	0.12278807	0.02839683	0.00059380
1.03600479	-0.08260537	-0.08642022	0.09723441	0.10208964	-0.05355400
1.04057148	-0.09067106	-0.09870082	0.09359477	0.05341584	-0.09513994
1.03115586	-0.09955933	-0.10322837	0.09616771	0.12427570	-0.08828832
1.01084716	-0.09083924	-0.09620708	0.10885314	0.07947870	-0.06118237
1.02696158	-0.06475461	-0.09800094	0.16187797	0.10055653	-0.11335293
1.02824176	-0.04424786	-0.09343835	0.12165373	0.15803570	-0.06703928
1.01789071	-0.04297536	-0.10034958	0.13075991	0.04884611	-0.11048967
1.01354584	-0.04252185	-0.10404523	0.12383145	0.07569224	-0.08309353
1.01594658	-0.03751732	-0.10172559	0.11951009	0.03823121	-0.13856799
1.00967136	-0.03950579	-0.11055554	0.05712128	0.02832622	-0.14864751
0.99977892	-0.03115570	-0.10798232	0.07300190	0.02330723	-0.13662303
1.01450069	-0.02797347	-0.08187433	0.05018161	0.03085851	-0.05218324
1.02965857	-0.00392080	-0.08010112	0.08942741	0.02656700	-0.06946300
1.05205832	-0.00764451	-0.08589151	0.04279728	-0.04501952	-0.02981658
1.05525801	-0.00752777	-0.07925362	0.03942174	0.01799403	-0.01372458
1.03692059	-0.02479756	-0.08144296	0.02280625	0.01122410	0.00250248
1.03299300	-0.02868562	-0.08241997	0.02615321	-0.09325076	0.06040708
1.03006609	-0.05128330	-0.09004510	0.06349758	-0.01903076	-0.01525660
1.02716749	-0.05713230	-0.08310509	0.06646164	-0.00223702	-0.00431820
1.01908569	-0.06040280	-0.10728073	0.02308527	0.04836647	-0.00307783
1.00825999	-0.06210844	-0.12044536	0.02697102	0.00678660	0.00998517
1.01100109	-0.05885270	-0.12029671	0.02383571	0.04522724	0.02471632
1.00641051	-0.07674740	-0.12136837	0.04072974	0.10959199	0.01100316
1.02085175	-0.06785748	-0.10755110	0.04105298	-0.04948387	-0.00874057
1.01954990	-0.05551846	-0.10759236	0.05510461	0.06568090	-0.04893409
1.02487398	-0.04977154	-0.09781179	0.05714270	0.03730130	-0.05583726
1.02700959	-0.04184750	-0.10644669	0.05532547	0.03654298	-0.03813027
1.01827244	-0.04851316	-0.10490927	0.08738222	-0.00252054	-0.02315770
1.00917277	-0.02551232	-0.11972871	0.02300869	-0.01518100	0.00832462
1.02788597	-0.05697310	-0.10083359	0.03224119	-0.04355551	0.09192051
1.01692001	-0.06462236	-0.11788151	0.02527213	0.03421788	0.00522497
1.01621183	-0.03198483	-0.11210999	0.01155061	0.09346541	0.02123554
1.03627012	-0.03406014	-0.10578400	0.04607378	0.03923233	0.00494276
1.03824863	-0.03167523	-0.09953923	0.01990981	0.02475606	0.02201986
1.03555527	-0.04121906	-0.10834249	0.08074817	0.06629020	0.04803529
1.02530873	-0.04836461	-0.12065757	0.08584456	0.02427706	0.07336083
1.02909046	-0.06620376	-0.11988252	0.05063591	-0.00924912	0.01277142
1.00678440	-0.07098900	-0.13321511	0.07239411	0.02077618	0.00717189
1.00500233	-0.07490466	-0.12302374	0.02809559	0.03008864	0.02732201
1.02099292	-0.07679718	-0.12395031	0.02990192	0.04281432	0.01079469
