1.02561776	-0.01859613	-0.08081077	0.00633156	-0.01292281	-0.00159852
1.02366264	-0.01776359	-0.07822921	0.00164043	-0.01312308	0.00529599
1.02174348	-0.02322364	-0.08136462	-0.00785265	-0.02017676	0.01297485
1.02323077	-0.02576496	-0.08136974	-0.00597240	-0.01866064	-0.01141445
1.01949005	-0.01918997	-0.07860561	-0.00481170	-0.01456705	-0.00495636
1.02308038	-0.01928671	-0.07990262	-0.00043288	-0.02961540	-0.00723232
1.01761928	-0.02487281	-0.07997377	0.00346237	-0.01560849	-0.01053722
1.01977651	-0.02274446	-0.07664322	-0.00430641	-0.01971109	0.01305766
1.01999697	-0.02113935	-0.08011395	-0.01199086	-0.02100989	0.02056680
1.02196681	-0.02229839	-0.07661717	-0.01432761	-0.03779629	0.01210195
1.02575057	-0.02755104	-0.08406984	-0.00553756	-0.02578461	0.02583830
1.02661466	-0.02691743	-0.08308197	-0.00711530	-0.03444455	0.03138162
1.04039100	-0.02052473	-0.09041726	-0.00758053	-0.02172162	0.03179922
1.03446377	-0.01613391	-0.08745566	-0.01280102	-0.00657672	0.02988976
1.02891413	-0.02065344	-0.08275230	-0.01391208	-0.00111616	0.02441533
1.02309775	-0.00651783	-0.08442212	-0.00266527	-0.00325590	0.01734786
1.01886306	-0.01299694	-0.08469574	-0.00318735	-0.01909039	0.02076120
1.01464407	-0.01839057	-0.09080608	0.00156509	-0.01662206	0.01526965
1.02064829	-0.01341147	-0.09210676	0.00643874	-0.01357377	0.03286407
1.01807163	-0.01509651	-0.08946332	0.00672177	-0.00266642	0.02204097
1.02183152	-0.01536282	-0.08698061	0.01063831	-0.00473144	0.01890035
1.02521583	-0.02231920	-0.08814704	-0.01165916	-0.00285404	0.02211530
1.02686624	-0.02349861	-0.08370235	0.00194705	0.00075815	0.03146059
1.02803276	-0.02711780	-0.09127937	-0.00050443	-0.00181075	0.02406714
1.03199483	-0.02684948	-0.09230330	-0.00095038	0.00159280	0.03713552
1.03650300	-0.02927813	-0.09462075	0.00945927	0.00423828	0.02972763
1.03141926	-0.03465188	-0.08959150	-0.00200810	0.00350498	0.01758146
1.02549569	-0.02199390	-0.08472974	-0.00833177	0.00636792	0.03848103
1.02335738	-0.03003635	-0.08204343	-0.00629954	-0.00751655	0.03312268
1.02051585	-0.02121266	-0.08075184	0.00712452	0.01185145	0.02118700
1.01845767	-0.02272170	-0.08700068	0.01067285	0.00936688	0.04017374
1.02068881	-0.02777337	-0.08115188	0.01437101	0.00654485	0.03148403
1.02148876	-0.01966557	-0.08706376	0.01098960	0.01041198	0.02022262
1.02620607	-0.02797343	-0.08612955	0.00347417	0.00950867	0.02227029
1.02667331	-0.03148398	-0.09142487	0.00823431	0.01299566	0.02717122
1.02632099	-0.03388528	-0.08960599	0.00301333	0.00664286	0.01527916
1.02779352	-0.03605691	-0.09460304	-0.00748848	0.00713835	0.02194759
1.02969608	-0.03473999	-0.08896770	-0.00568720	-0.00499293	0.01617736
1.02594420	-0.04142408	-0.09529955	-0.01039288	0.01058631	0.03483800
1.02588768	-0.03276013	-0.08783228	0.00051733	0.01858482	0.01777328
1.02312100	-0.02962816	-0.08197441	0.00074840	0.02103148	-0.00242661
1.02361402	-0.03760338	-0.08211267	0.00873481	0.01048913	0.00157537
1.01689783	-0.04004391	-0.07746016	-0.00671511	0.01556105	0.00667082
1.01473447	-0.03819606	-0.07412998	0.00172976	0.00356316	0.02438729
1.01744402	-0.03507203	-0.07452392	-0.00078317	-0.00071056	0.01520593
1.01759756	-0.03070603	-0.08497095	0.00406297	-0.01019237	-0.00804086
1.02005873	-0.03135533	-0.08874245	0.00503792	-0.00173225	-0.01240201
1.02655468	-0.03539171	-0.08624885	-0.00280345	0.00132361	-0.00452674
1.02543597	-0.03783282	-0.08635616	0.00078087	-0.00135220	-0.01390464
1.01929710	-0.03592889	-0.09038689	-0.00585494	0.01548560	0.00468642
1.02198764	-0.03555429	-0.09111851	-0.00451420	0.01450940	0.00312066
1.02486320	-0.03666174	-0.08767006	-0.01205876	0.00506979	-0.01815283
1.02920910	-0.03455578	-0.08189477	0.00041946	0.01992968	-0.00225284
1.02279342	-0.03062211	-0.07963895	0.00975073	0.02130956	0.00329632
1.02568045	-0.02994770	-0.07645861	0.00427614	0.01421294	0.00369742
1.01899605	-0.02630924	-0.07785414	0.00606764	0.01063081	0.00532551
1.02784822	-0.02785197	-0.07763447	-0.00067031	0.02439430	0.01172028
1.02827094	-0.02705304	-0.08187970	0.00175760	0.01650147	0.00054038
1.02612488	-0.02680438	-0.08606984	-0.00728204	0.01344990	0.01139921
1.02716462	-0.02878777	-0.08492295	0.00036142	0.01762925	0.00957817
1.02190073	-0.02692810	-0.08073797	-0.01324852	0.01238614	0.01050925
1.02509278	-0.03443821	-0.07195494	-0.01864908	0.00605840	-0.00638789
1.02709179	-0.04336867	-0.08032660	-0.01535702	0.01223223	-0.00372350
1.02486596	-0.04292386	-0.07792784	-0.01145366	0.00427810	0.00056831
1.02270263	-0.04056710	-0.07541752	-0.01803411	-0.00924591	0.00225881
1.01983554	-0.04323536	-0.08116103	-0.02162597	-0.02250228	0.00744128
1.01938794	-0.04020145	-0.08739608	-0.01875798	-0.01757945	-0.00495530
1.02257290	-0.03671571	-0.08399631	-0.01049443	-0.01104565	-0.02165539
1.02648569	-0.03831540	-0.08432807	0.00127804	-0.01954906	-0.02378282
1.02298199	-0.03134434	-0.07126097	-0.00015878	-0.01352246	-0.02743932
1.02418974	-0.03297353	-0.07391859	0.01542573	-0.00734875	-0.01961960
1.02022990	-0.03779961	-0.08058863	0.00589824	-0.00507492	-0.02015789
1.02630798	-0.02894556	-0.08725576	-0.00854662	0.00391580	-0.02114459
1.02205320	-0.03431681	-0.08142397	0.00035139	-0.01972725	-0.02288461
1.02191578	-0.03521420	-0.07999229	-0.00203344	-0.01873055	-0.02667181
1.02529285	-0.03151645	-0.08385728	-0.00098067	-0.01920676	-0.02135372
1.03122093	-0.02853437	-0.08350624	-0.00478371	-0.00994724	-0.03175497
1.02195632	-0.03340238	-0.08708161	-0.00441545	-0.01937587	-0.02942493
1.02940424	-0.03317173	-0.08596151	-0.00721614	0.00686211	-0.03021595
1.02449705	-0.02834037	-0.08388821	0.00241268	0.02568285	-0.03128278
1.02507899	-0.03420153	-0.08301822	0.00214773	0.01435769	-0.01260599
1.02954374	-0.03095764	-0.07652188	-0.00315322	-0.00932444	-0.02197568
1.02795239	-0.03173207	-0.07899469	-0.01811663	-0.02403897	-0.01954418
1.02545402	-0.02499242	-0.07542152	-0.02160210	-0.03072928	0.00045641
1.02886166	-0.02869604	-0.07092783	-0.01414927	-0.03857904	-0.01864452
1.02543719	-0.02760857	-0.08592309	-0.00480520	-0.02003147	-0.02596482
1.02593948	-0.02589561	-0.08283737	0.00452667	-0.01729643	-0.00596355
1.02358222	-0.02577721	-0.08879159	0.00235159	-0.00766459	-0.00767067
1.02433584	-0.02233811	-0.08175400	-0.00816029	-0.00017878	-0.00095173
1.02028209	-0.03108163	-0.07429369	-0.00218687	-0.00140888	-0.01103310
1.02436600	-0.02680775	-0.07911301	0.00133629	-0.01387365	-0.01592411
1.03020844	-0.03031699	-0.07917824	0.00449347	-0.01345242	-0.00818888
1.03042884	-0.01762382	-0.07672656	0.00282312	-0.02392733	0.01248835
1.03154445	-0.01992543	-0.08441988	-0.00042207	-0.01677319	-0.00491439
1.02736439	-0.02914482	-0.07312102	-0.00422872	-0.00722489	0.00339432
1.02488507	-0.02717172	-0.07906606	-0.00546453	0.00003857	0.01529440
1.02526535	-0.02763677	-0.08532555	-0.01489117	-0.01837307	0.00333568
1.02262800	-0.02477471	-0.08846579	-0.00774137	0.00384965	0.00207369
1.02303866	-0.02898000	-0.09542052	-0.00774583	0.00377416	0.00233687
1.01991813	-0.03264893	-0.08885369	-0.00298512	0.00855431	0.01101542
1.02556314	-0.02793189	-0.08882091	0.00188663	0.00464011	0.00029135
1.02792773	-0.02810329	-0.08503226	-0.00270950	0.00622275	0.01849302
1.02699206	-0.03839670	-0.08623165	-0.00383521	0.00307967	0.00103776
1.02291841	-0.02975332	-0.08126920	-0.00319956	0.00233821	-0.00016310
1.02338614	-0.02871539	-0.07751543	-0.01774241	-0.00638304	0.00531727
1.02394984	-0.02491713	-0.07094917	-0.00597060	-0.00727150	-0.01397679
1.02084339	-0.02658570	-0.07845227	0.00118990	-0.01643028	-0.00496744
1.02356318	-0.02719154	-0.08527792	0.00692885	0.01035916	-0.01271897
1.02192514	-0.02888625	-0.07807586	0.00507769	0.00673554	-0.00584589
1.02082334	-0.03109635	-0.07759506	-0.00481513	-0.00911799	0.00119119
1.02364706	-0.03008071	-0.08245024	-0.00863955	-0.02271032	-0.00147408
1.01800136	-0.02441348	-0.07531770	0.00337372	-0.01068319	-0.00901149
1.02070334	-0.02968250	-0.06980675	0.00984854	-0.00476271	-0.01434058
1.01990861	-0.02466669	-0.07403639	0.02095776	0.00995967	-0.01963674
1.01923739	-0.03314826	-0.07829024	-0.00330547	-0.01307188	-0.01129136
1.02599092	-0.03082086	-0.07535419	-0.00160601	-0.01405786	-0.00500735
1.02401457	-0.03010281	-0.08473057	0.00286136	-0.00924641	-0.02174095
1.02519883	-0.03075837	-0.08445173	0.00569857	-0.01198452	-0.01294711
1.02597369	-0.03165836	-0.08649974	0.00492833	-0.00926390	-0.02198585
1.02420266	-0.02809026	-0.08257522	0.00648585	-0.01168007	-0.00638459
1.01932419	-0.03350104	-0.07867169	0.00172560	-0.00163346	-0.01246621
1.02560241	-0.02781796	-0.08467890	0.00053789	-0.01128098	-0.01786609
1.02782902	-0.03098664	-0.07996305	-0.00551472	0.00261310	-0.02127261
1.03070423	-0.02801103	-0.07210636	0.00231209	-0.00686533	-0.01305790
1.02584297	-0.01352444	-0.05727782	-0.00422244	-0.00266023	-0.00776289
1.02832967	-0.01830568	-0.06459998	-0.00141454	-0.01377687	0.00925844
1.02764760	-0.02354689	-0.07782648	-0.00842448	-0.02594964	0.00586381
1.02511324	-0.02743833	-0.07699207	-0.00175867	-0.01662713	0.00193133
