0.21885936	0.61908558	0.78397503	0.01139395	-0.01072963	0.00120876
0.22010577	0.61618918	0.77559902	-0.01165550	0.01006005	0.00652443
0.21246416	0.62033753	0.76476130	-0.01391473	-0.03300364	0.00416012
0.21860590	0.60779617	0.77346127	-0.01076153	-0.00150845	-0.00021431
0.21625934	0.61905109	0.77221386	0.01501672	-0.00691246	0.00110695
0.21688569	0.60994038	0.77176111	-0.00865061	-0.03169243	0.00023827
0.21763359	0.61627018	0.77262554	-0.01588917	-0.01704993	-0.00370327
0.21598757	0.61920438	0.77129010	-0.01065308	-0.00021429	-0.00542664
0.21872587	0.61850678	0.78429636	-0.00741825	-0.01231287	-0.00240506
0.22021455	0.61437382	0.76729151	-0.01838367	-0.01379979	-0.00683234
0.21177511	0.60795268	0.78065617	0.00095384	-0.03993084	-0.00312338
0.21904118	0.61915109	0.77647302	0.00629136	-0.04836572	-0.00222479
0.22684019	0.61587299	0.76752024	0.02279511	-0.05013374	-0.00211479
0.21456767	0.61179945	0.77406636	0.03125702	-0.06374818	0.00111240
0.21761823	0.60979995	0.77679326	0.01930541	-0.06006434	0.00033000
0.21781681	0.60956367	0.78210822	0.03063152	-0.05864019	0.00626561
0.21864432	0.62584027	0.78129486	0.01590534	-0.07038512	-0.00050016
0.21824979	0.61889927	0.77484479	0.03732342	-0.06671797	0.00350291
0.22118453	0.61188713	0.76112133	0.05017951	-0.03255734	0.00638501
0.21745358	0.61195735	0.77055861	0.03003319	-0.03971104	0.00640681
0.22242238	0.61607039	0.76701795	0.02546301	-0.07590659	-0.01258959
0.23066913	0.62077963	0.75767945	0.01320610	-0.03969943	-0.01462265
0.22725749	0.63049986	0.75613031	0.00345668	-0.06569369	-0.02083754
0.22409960	0.63204393	0.75813738	-0.02410757	-0.07883073	-0.01270021
0.22437840	0.63361866	0.75995788	-0.01190166	-0.09065594	-0.00744573
0.23077221	0.62282378	0.76994723	-0.01772665	-0.02136292	-0.00972838
0.23867338	0.61191501	0.76790426	-0.01363209	-0.03909335	-0.00376145
0.23378789	0.60069462	0.76946194	-0.00665955	-0.01901882	-0.00978070
0.22226817	0.58748782	0.77662074	0.01001083	-0.04575741	-0.00705866
0.22680416	0.59643037	0.77348741	0.02108455	-0.02869077	-0.00156278
0.22795194	0.60347457	0.77771743	0.04353020	-0.05094636	-0.00037845
0.21744710	0.61237818	0.77012689	0.02794083	-0.04920722	0.00898719
0.23363200	0.61898169	0.76225806	0.04276483	-0.09270991	-0.00322407
0.23698059	0.61721709	0.76392746	0.04879007	-0.06785379	0.00168836
0.22290857	0.61812209	0.77743439	0.02614196	-0.06093868	-0.00253474
0.23124065	0.62315036	0.76905098	0.03732058	-0.10473594	-0.00241809
0.22607122	0.62876269	0.77460039	0.02706500	-0.12181421	-0.00029149
0.22437737	0.63265008	0.75846621	0.02378791	-0.09943431	-0.01078420
0.23891311	0.63325128	0.74295392	0.00939375	-0.11476665	-0.00118940
0.23753981	0.63304317	0.75265912	0.02304045	-0.06215802	-0.01193364
0.24441605	0.62531517	0.76245169	0.01841340	-0.06210465	0.00217677
0.24309985	0.62344389	0.76091800	0.00826702	-0.08564216	-0.00192453
0.24807333	0.62490262	0.75329679	0.01897664	-0.07519670	0.00127920
0.25073267	0.61094769	0.76485984	0.04416188	-0.06607182	0.00218552
0.24239557	0.61090714	0.76412377	0.04417809	-0.02187075	0.00782742
0.24389285	0.62010844	0.76008568	0.04761054	-0.01774088	0.00343145
0.24188104	0.61978225	0.75360197	0.02032897	-0.00731740	-0.00711118
0.24412540	0.62350732	0.75614217	0.01179847	-0.00917607	-0.00253070
0.24979961	0.63148854	0.75670847	0.02372547	-0.03892071	0.00010410
0.25004705	0.62176136	0.76088045	0.00253226	-0.03244448	-0.00237865
0.24344399	0.62975648	0.75232621	0.01589529	-0.01595243	-0.00218051
0.24731730	0.63615753	0.74964956	-0.01140908	-0.01751473	0.00051898
0.24915293	0.63291780	0.75031022	-0.00828492	-0.02961191	-0.00488639
0.24301551	0.62808517	0.75382193	-0.00707437	-0.00950778	0.00157617
0.24944000	0.62799052	0.74810570	-0.01663060	-0.03638554	0.00306362
0.25254912	0.62511998	0.75465150	-0.01049687	-0.00325681	0.00830080
0.25037173	0.62167214	0.75612649	0.01564367	-0.01753506	0.00112312
0.25479629	0.62947183	0.75013662	0.00461847	0.02447403	-0.01298764
0.24727590	0.62800530	0.76436791	0.00195373	-0.01557746	-0.01466903
0.25136405	0.63759774	0.76167642	-0.01911037	-0.01868854	-0.00675237
0.24799629	0.63201701	0.75011879	-0.01690674	-0.01093141	-0.00114594
0.25119071	0.62578728	0.74378223	-0.01343128	0.01434185	0.01073796
0.25707715	0.62087323	0.75067101	-0.02373568	0.03675838	0.00876095
0.25863415	0.62549439	0.75153571	-0.03037417	0.06631018	0.00510448
0.24447507	0.62261959	0.77236842	0.00871825	0.03770834	-0.00230621
0.23916697	0.62282084	0.77430520	0.01730661	0.03081017	0.00181384
0.24188607	0.62146279	0.76521968	0.02014246	-0.01950796	-0.00004622
0.24068857	0.63182935	0.75149858	0.01695854	0.00626585	-0.00058740
0.24271337	0.62870289	0.76318285	0.01827518	0.00072025	0.00688131
0.24158825	0.63152784	0.76985690	0.00814543	0.01067360	0.01024576
0.24263866	0.62663911	0.75739841	-0.00710964	0.01081552	0.00968909
0.23713246	0.62887090	0.75222457	-0.00585963	0.02011573	0.00519242
0.23896558	0.63452408	0.75553086	0.01150038	0.02768282	-0.00033355
0.24553548	0.62428998	0.75268354	-0.01162450	-0.02254743	-0.00190326
0.24567695	0.62872225	0.75372308	-0.00264176	0.01329990	-0.01166640
0.24724903	0.62327131	0.75209707	-0.02810117	0.03685858	-0.01319617
0.25153590	0.63411724	0.74962128	-0.00693580	0.02749883	-0.00539655
0.24437136	0.63384458	0.74947149	-0.00554057	0.03457426	-0.00117091
0.25703688	0.63198178	0.76095521	-0.00762014	0.04501652	0.00448375
0.24484792	0.61903568	0.75914410	-0.01870954	0.04899892	0.01187799
0.23674269	0.61207841	0.76188755	0.00593232	0.03318588	0.00526585
0.22697074	0.61769723	0.76563603	0.00535307	0.05397249	-0.00232563
0.22944450	0.62561152	0.76238028	-0.01165507	0.00819952	-0.00316153
0.24356339	0.63912080	0.75051685	-0.00495102	-0.02491152	-0.00367324
0.23736128	0.63581868	0.74293183	-0.03108259	0.00566645	-0.00347580
0.23568720	0.63311837	0.75236206	-0.03145085	-0.00374452	-0.00313473
0.23921388	0.64374573	0.75745882	-0.04060912	0.04049492	-0.00499957
0.24300782	0.64339764	0.75398378	-0.02673211	0.00952705	0.00082981
0.24450525	0.62007281	0.75513152	-0.03339294	-0.00442092	0.00465430
0.24956381	0.60181213	0.76442214	0.00074608	0.02436824	-0.00012193
0.24276287	0.59508454	0.76353600	0.00007365	0.03890222	-0.00729102
0.24480921	0.60457320	0.76188839	0.01041556	0.04787400	-0.01131632
0.22760578	0.61017041	0.76641277	0.01258796	-0.00216450	-0.00868190
0.23496618	0.60284809	0.76532996	-0.00253389	0.01935404	0.00262494
0.23920382	0.61037823	0.76688252	-0.00833761	0.03013433	0.00480363
0.24639601	0.62924807	0.76180309	-0.00986640	-0.00414913	0.01053660
0.23908861	0.62048229	0.76652566	0.00215473	0.03946099	0.00719805
0.24265713	0.61859360	0.75845872	-0.00256679	0.04773681	0.00771135
0.23042162	0.63521948	0.76023676	0.00785970	0.02116434	0.00491399
0.23471632	0.62396265	0.75755324	0.01487956	0.02418362	0.00629055
0.23874291	0.63016514	0.76334000	0.00289173	0.06426550	-0.00088588
0.23498096	0.62395064	0.77370119	0.00322397	0.02135938	-0.00016829
0.23837219	0.61236227	0.76907697	-0.00160692	0.03511375	0.00407183
0.23978188	0.62256167	0.76513964	0.03520070	0.00979015	0.01377555
0.23052033	0.63560958	0.76772194	0.01432138	0.01586027	0.00370330
0.24559048	0.62632052	0.76072217	0.00143909	0.00938967	0.00824928
0.23615153	0.62611416	0.75360609	-0.00519122	0.03787639	0.00162085
0.23284481	0.63026215	0.74816313	-0.03176688	0.03125231	-0.01153095
0.23941744	0.63184448	0.75037298	-0.03942138	-0.01023974	-0.01148713
0.23871885	0.62730743	0.75792206	-0.03314669	0.01804263	-0.00012347
0.23838451	0.62790120	0.75643852	-0.03027605	0.01601761	0.01063979
0.23454827	0.61058574	0.75687267	-0.01350315	0.04114549	0.00021043
0.23412780	0.62069611	0.76858591	0.01053743	0.00281836	-0.00396844
0.22435452	0.61305111	0.77792344	0.03251757	-0.01180299	-0.00129101
0.23589160	0.61641698	0.77030887	0.00982206	-0.01659486	0.00272987
0.22640124	0.60727921	0.75678184	0.01326183	-0.00659431	0.00023966
0.22933902	0.61894279	0.77355427	0.01974882	-0.01574884	0.00662689
0.23289786	0.62171718	0.76622797	0.00843160	0.01068089	-0.00393564
0.24106077	0.62426844	0.76066260	-0.01279307	-0.01541392	-0.00342408
0.23985790	0.62415610	0.75034192	-0.03898258	0.01766228	-0.00097842
0.24353158	0.62648753	0.74725838	-0.03589838	0.02974141	0.00521745
0.24513591	0.62106222	0.75550557	-0.03476476	0.06602622	0.00781734
0.22776606	0.61715786	0.76283242	-0.01189542	0.06531847	0.00131933
0.23183981	0.61531470	0.76461220	0.00063367	0.08047412	0.00205500
0.23169894	0.61910055	0.77081339	0.00334477	0.01549594	0.00449557
0.22880318	0.61654014	0.76207948	0.00101382	0.02028802	0.00649945
0.22740369	0.63012576	0.76933678	0.01759802	0.05929086	0.00869080
0.23411242	0.61872251	0.76540085	0.00667514	0.02326031	0.00949392
