0.16748919	0.61317085	0.78948229	0.00920112	-0.00606023	0.00450892
0.16261129	0.61271284	0.78735618	0.00733966	0.00156596	0.00345677
0.15728466	0.60926399	0.79457668	0.01528993	-0.00510111	-0.00085900
0.15785303	0.61215185	0.80155109	-0.00256023	-0.00705358	0.00354952
0.15756302	0.60870251	0.78986277	0.00733446	-0.01220960	0.00545071
0.16122657	0.60997867	0.78755653	0.00396754	-0.01076687	0.00236910
0.15720938	0.60957146	0.78844725	0.00786218	-0.01581941	0.00164645
0.15828669	0.60832537	0.79110759	0.00278296	0.00573406	-0.00002863
0.16677468	0.60969230	0.78680447	0.01697167	-0.02964028	0.00056696
0.16648834	0.61021848	0.78433898	0.00227478	-0.00457198	-0.00389073
0.16600939	0.61410198	0.78309310	0.01750459	-0.00104620	0.00314951
0.16356073	0.61086853	0.78482608	0.00881560	-0.01799775	0.00241934
0.16400808	0.60744181	0.78795215	0.00850570	-0.01956924	-0.00127173
0.16432469	0.60666026	0.79062059	0.00856857	-0.01291604	-0.00065802
0.16546954	0.60718807	0.78747709	0.00071181	-0.04962479	0.00140502
0.16721556	0.61023897	0.78853462	0.00393416	-0.00311364	-0.00304845
0.16183926	0.61175877	0.79106587	0.00415086	-0.02592840	-0.00130266
0.16689155	0.61681897	0.79252447	0.01490253	-0.03497679	-0.00238410
0.16303440	0.61084005	0.79468947	0.01051529	-0.01658173	-0.00047164
0.16743825	0.60823816	0.80226722	0.00837838	-0.04835732	0.00157904
0.17081188	0.61313598	0.79372547	0.01092712	-0.03232102	-0.00193511
0.17070907	0.61616248	0.78751780	0.01539270	-0.04138182	-0.00252665
0.16569622	0.61382189	0.79211958	0.00868851	-0.05905648	-0.00384205
0.16881491	0.61646210	0.78933474	0.00711766	-0.04416931	-0.00049820
0.16750451	0.61647708	0.78870838	0.01102518	-0.03498009	-0.00181446
0.16693090	0.61232339	0.78228817	0.01998537	-0.03126602	-0.00289749
0.16728385	0.61011748	0.78290529	0.02003680	-0.04115364	0.00003211
0.16434967	0.61420289	0.78426061	0.00767078	-0.06505004	0.00114246
0.16775883	0.61670760	0.77569712	0.01954630	-0.04422276	-0.00066853
0.17803115	0.61461818	0.77758060	0.01697038	-0.06796898	0.00213644
0.18000015	0.61251025	0.78047881	0.02191363	-0.04028897	0.00009008
0.17768692	0.61533799	0.77729899	0.02836428	-0.02792975	-0.00449197
0.17861168	0.61511347	0.77906672	0.02417607	-0.02993641	-0.00790949
0.17864832	0.61120791	0.78489572	0.00708649	-0.03132373	-0.00818775
0.17898474	0.61491342	0.79203520	0.00709982	-0.02812837	-0.00638233
0.18432794	0.61680950	0.78838774	0.01377656	-0.03841677	-0.00081895
0.17712653	0.62140281	0.78148795	0.01243667	-0.03991601	0.00205350
0.18243213	0.61868465	0.78354499	0.02097552	-0.07091272	0.00571077
0.18068288	0.61458643	0.78156684	0.01815830	-0.05657264	0.00605280
0.17657809	0.61198155	0.77785958	0.02361228	-0.09067381	0.00268790
0.18403502	0.61216366	0.77874773	0.00918135	-0.04707323	0.00482203
0.18643524	0.61053296	0.77801543	0.01554404	-0.04861489	0.00126522
0.18778022	0.60966467	0.78621279	0.00998559	-0.01004667	-0.00298761
0.19023036	0.61395417	0.78733258	0.01928115	-0.04204818	-0.00191171
0.18988415	0.61345477	0.78039128	0.01977631	-0.06038578	-0.00267856
0.18427346	0.61893362	0.77656758	0.01512017	-0.01972483	-0.00282265
0.18279029	0.61935468	0.78023896	0.01253003	-0.01994785	-0.00609335
0.17996579	0.62232091	0.78329696	0.00450653	-0.01641580	-0.00135017
0.18696820	0.62300462	0.76848884	0.00249061	-0.00570833	-0.00151566
0.18676800	0.62127141	0.77413942	0.00258980	0.01289662	-0.00052479
0.18572434	0.62627369	0.77399322	0.00480453	0.00708995	-0.00378897
0.18745370	0.62270389	0.78044764	-0.00093160	-0.00399367	-0.00110215
0.18462593	0.62238901	0.78613724	0.00017473	0.00135519	-0.00397738
0.18797438	0.62264736	0.78237976	-0.01345639	-0.00543519	-0.00090588
0.18813629	0.61991413	0.77973882	-0.00444803	0.01881277	0.00084346
0.18542784	0.61810907	0.78218488	-0.00323338	-0.01087868	0.00021026
0.19373445	0.61646613	0.77735865	0.00379422	0.03480708	0.00050453
0.19122546	0.61697570	0.78047321	-0.00429928	0.01666692	0.00161854
0.19006945	0.61763570	0.77829187	0.00582032	0.00398353	0.00179536
0.18972160	0.61768429	0.78471587	-0.01603749	0.01229077	0.00580971
0.19402322	0.61886029	0.78603857	0.00210995	0.00478631	0.00463473
0.19056921	0.61854720	0.77858603	0.00095982	0.03120023	0.00416822
0.18766211	0.61681417	0.77304460	-0.00770019	0.01369410	0.00565776
0.18121279	0.61701735	0.77428203	0.00421083	0.02466344	0.00388538
0.19049690	0.61647518	0.78158882	-0.00620733	0.00339934	-0.00143078
0.18920606	0.62009028	0.78632985	-0.00832017	0.03598856	-0.00595240
0.18964638	0.61950926	0.77941245	0.00063509	0.02580298	-0.00776285
0.18924900	0.61826298	0.78479371	-0.00492224	0.01260719	-0.00755014
0.18631990	0.61835588	0.78587827	-0.01564183	0.03851273	-0.00470227
0.18920134	0.62059374	0.78914530	-0.00705659	0.02456139	-0.00250168
0.18754614	0.61777010	0.78563089	-0.01735106	-0.00155028	0.00044961
0.18230684	0.62158999	0.78248371	-0.00890958	-0.00791205	0.00110610
0.18292315	0.61769118	0.78178451	-0.01371675	0.02312707	0.00441165
0.18363714	0.61614738	0.77989774	-0.01038902	0.04901885	0.00456128
0.18670053	0.61442110	0.78163255	-0.01105920	0.04305068	0.00365324
0.18216952	0.61600686	0.78277188	-0.00375505	0.05690402	-0.00218227
0.17610898	0.61451119	0.78209472	-0.01692019	0.05592405	0.00017899
0.17864588	0.61664204	0.78667644	-0.01943994	0.04271932	-0.00301527
0.17505679	0.61651667	0.79500186	-0.02135150	0.04857566	-0.00492329
0.17631442	0.62059748	0.78632316	-0.01896780	0.03810762	-0.00054745
0.17469968	0.61753804	0.78966279	-0.01956215	0.02777196	0.00548453
0.18265973	0.61588684	0.79005515	0.00004668	-0.00392357	0.00196701
0.17801353	0.61575044	0.78164405	-0.00975354	0.02824656	0.00177557
0.17564494	0.61277340	0.78149551	-0.01219220	0.01918082	0.00267642
0.17626243	0.61118764	0.78540371	-0.00740930	0.02147940	0.00100071
0.17956763	0.61275390	0.78682823	-0.01087179	0.02751601	-0.00349165
0.17582670	0.61178171	0.78701741	-0.01584337	0.03663893	0.00198849
0.18190998	0.61015786	0.78734059	-0.01049493	0.02024622	0.00278038
0.17716535	0.61180615	0.78000117	-0.00724503	0.05342132	0.00358544
0.17088098	0.61358218	0.78222542	-0.00698845	0.04303627	0.00197523
0.17477983	0.61269544	0.78064984	0.00209435	0.03083360	-0.00271287
0.18434059	0.61180532	0.78071728	-0.00169979	0.03871827	-0.00236261
0.17723347	0.61253148	0.78538374	-0.00513658	0.01840725	-0.00061666
0.17322869	0.61551140	0.79451335	0.00279341	0.03671490	-0.00644744
0.16712319	0.61874987	0.79557564	-0.01068999	0.03068877	-0.00516163
0.16909956	0.62100133	0.79651551	-0.00493762	0.02131531	-0.00103546
0.17342081	0.61564382	0.79387145	0.00258838	0.04019810	0.00174625
0.16952908	0.61947355	0.79242105	-0.01043032	0.03910217	0.00510340
0.16716097	0.62035326	0.77119658	-0.00598540	0.01393752	0.00476249
0.17113840	0.62032123	0.77626500	-0.00663801	0.01853623	0.00236235
0.17269994	0.61992450	0.78075244	0.00192021	0.01897027	0.00120977
0.16321839	0.61773285	0.78199976	-0.00493855	0.01136257	0.00352518
0.16515365	0.60980496	0.77726423	-0.00429671	-0.01523525	0.00510267
0.16247723	0.60937548	0.78698561	-0.00783750	0.02474543	0.00301448
0.16679251	0.61406278	0.77965059	-0.00977299	0.02139212	0.00410865
0.16853554	0.61614569	0.78447849	-0.00547861	0.03205915	-0.00040043
0.16702506	0.61536817	0.78373512	-0.00568738	0.02520452	0.00196343
0.15967614	0.61309543	0.79477802	-0.01202167	0.03054238	0.00334680
0.16481079	0.61410648	0.79418240	-0.00891387	0.04526591	0.00382292
0.16784460	0.61228355	0.80029047	-0.00414824	0.02458287	-0.00267608
0.16801896	0.61368571	0.79926496	-0.01134738	0.05018172	-0.00379811
0.16636118	0.61019583	0.80151986	-0.01025654	0.03214086	-0.00843820
0.17218162	0.61017473	0.78711607	-0.00265361	0.02022450	-0.00541292
0.16298324	0.60989761	0.78636588	-0.00361303	0.00638657	-0.00254620
0.17118214	0.60805606	0.78837919	-0.00704438	0.03198155	0.00173679
0.16301719	0.60856774	0.78206943	-0.01472364	0.03001664	0.00353305
0.16607034	0.61136933	0.79356493	-0.00719637	0.02819761	-0.00085309
0.16237064	0.61036980	0.79596436	-0.01536088	0.01219722	-0.00330952
0.16181157	0.61250472	0.80048693	0.00679924	-0.01333500	-0.00214033
0.16397077	0.61204345	0.79318735	0.00160100	0.00054008	-0.00068733
0.15754041	0.61566678	0.79589677	0.00226305	-0.00068135	0.00078609
0.16408590	0.61360139	0.77931526	0.01455856	-0.02751982	0.00102913
0.15721003	0.61381179	0.77744286	0.00060973	-0.01190894	0.00276832
0.16245474	0.61085927	0.78472187	0.00219422	0.00422430	0.00035826
0.15731518	0.60997749	0.78845492	-0.00417969	0.01709748	-0.00015993
0.16317932	0.61260402	0.78715348	-0.00007115	-0.02720295	0.00172841
0.17185353	0.61312306	0.78321912	0.00320094	-0.01496895	0.00190473
0.16792828	0.61412704	0.77979471	-0.00021981	-0.00670168	-0.00091523
