1.11430042	-0.18427685	-0.15642751	-0.12455314	-0.16088177	-0.14713813
1.19260528	-0.07468910	-0.13413776	0.70301971	-0.42956108	-0.46589154
1.04281140	0.01995830	-0.20494518	-0.48330014	0.41883146	-0.37353856
1.18963677	-0.24041212	-0.09123945	-0.56474173	-0.62497531	-0.35449423
1.35290046	-0.53536652	-0.27538565	-0.56032249	0.14523884	-0.23491139
1.08389488	-0.44103492	-0.38936491	-1.07902201	-0.44544174	-0.28701847
1.00533530	-0.51660453	-0.53716721	-1.36375618	-0.70988471	-0.37653914
0.56325362	-0.68855581	-0.67833188	-0.56492999	-0.10353339	-0.54527555
0.88484107	-0.69452892	-0.39709605	-0.16090814	0.29988743	-0.14022515
1.35252527	-0.62983950	-0.29876165	-0.18114548	0.66419150	-0.29710156
1.19651376	-0.59501943	-0.32509676	0.25469787	1.18028354	0.30856504
1.19565833	-0.02757984	-0.27260870	0.14163211	0.60177269	0.44245821
1.12740938	-0.13920743	-0.24016245	-0.07612047	0.40153465	0.63057448
0.57530762	-0.30210617	-0.16840693	0.04298926	0.58377909	1.08746842
0.45009104	-0.28020999	-0.05397209	-0.68194335	0.50103457	0.95112869
0.33088804	-0.34143177	-0.07827063	-0.43574873	0.38041535	0.45678486
0.33122233	-0.29436891	-0.20701705	-0.70052380	0.62686891	0.59897954
0.64852151	-0.16972154	0.01720121	-0.73489321	-0.02834084	0.05261818
0.52786483	-0.04255292	-0.23584554	-0.79847684	0.48188476	-0.10888780
0.77129342	-0.27897159	-0.16588075	-0.07542662	0.14010471	-0.00848037
0.87715916	-0.25043181	-0.12529711	-0.46758309	-0.23386869	0.28422963
0.80338620	-0.45292947	-0.14785008	-0.53662701	-0.33685125	0.41669585
0.85499693	-0.21254375	-0.06388422	-0.44416841	-0.45481912	0.02260639
0.92730779	-0.41044781	-0.01061377	-0.17889995	0.30884698	0.09420462
0.94948259	-0.36945800	-0.08096077	-0.27252161	0.48776195	-0.02374412
1.17310407	-0.35519903	-0.05241736	-1.01164318	-0.42719145	0.07877252
1.26337320	-0.50696543	0.08943160	-0.42189192	-0.25430676	0.01254476
1.39716177	-0.63051524	0.14847740	0.59460684	-0.02507741	-0.03645485
1.53016734	-0.47248264	0.02578429	0.83996673	-0.05757611	-0.03636890
1.39046700	-0.63324104	-0.16037712	0.40885636	0.53692185	0.14946018
1.30266691	-0.71626254	-0.23144700	0.85092578	-0.33929770	0.40324296
1.00825128	-0.71246127	-0.32653823	1.15382870	0.77354796	0.58624760
0.80359669	-0.53791570	-0.51384255	0.67200698	1.25227284	0.47820651
0.68016945	-0.47211396	-0.40507678	0.41156436	1.24713723	0.25670967
0.86860163	-0.29085407	-0.54418761	-0.19509700	0.23009353	0.30851410
1.03820981	-0.32644322	-0.38352133	-0.50107935	-0.43921657	-0.14492796
1.11010044	-0.59458305	-0.51502233	-0.42715665	-0.37215494	-0.58269243
0.83286329	-0.69858785	-0.21234254	-0.19132731	0.30760954	-0.76962397
0.70619568	-0.56070994	0.06014123	0.84555003	-0.11941254	-0.52075447
1.07947829	-0.40601170	-0.28008212	0.64070530	-0.35865188	-0.61106312
0.52236104	-0.26651305	-0.26090724	0.08620038	-0.85783680	-0.68251140
0.36389753	0.07897248	-0.15166016	-0.01699684	-0.68591223	-0.46219718
0.57305561	-0.05786633	-0.11322887	-0.10044208	-0.83316133	-0.30400712
0.83778378	-0.13987807	-0.45196443	0.73583259	-0.64586745	-0.03710128
0.90184329	-0.31080500	-0.24080230	0.39267126	-0.19947491	0.11096985
0.85518913	-0.13811092	-0.24056526	0.40819205	0.18322617	0.31427807
0.98301755	-0.43857640	-0.13304554	0.65669129	-0.38899306	0.13233111
0.98736835	-0.30746670	-0.25063910	0.89902078	-0.30885266	0.14691944
0.92680819	-0.25236893	-0.24728420	0.28380803	0.17743253	0.26046963
0.94683628	-0.19002944	0.05983993	0.63965723	0.16238757	0.19576477
0.98952347	-0.02538740	0.08488761	0.63387519	-0.01078161	0.20915757
1.14820381	-0.13306459	0.11274099	-0.08461810	-0.36110346	-0.01873625
1.11081662	0.13329117	-0.24311610	0.30814095	-0.39938550	-0.02598245
1.40267961	-0.13091643	-0.00322853	-0.39797443	-0.55709514	-0.35510690
1.28331000	-0.33804813	-0.28558015	0.00464949	-0.04133370	-0.27520199
1.20575693	-0.65545059	-0.45193102	-0.68740991	-0.51177647	-0.28371258
0.89118127	-0.47037179	-0.32101708	-0.72955799	-0.21002292	-0.33712705
0.84765879	-0.61421271	-0.53488219	-1.17452248	-0.21871635	-0.20833707
1.05957430	-0.67017873	-0.35056108	-0.77576908	-0.36503286	-0.52546500
1.14492792	-0.68199003	-0.16108664	-0.19882620	0.08736656	-0.06173665
1.48938260	-0.58664580	-0.15136144	0.26883118	-0.12120602	0.18035338
1.01066305	-0.52266836	-0.33616568	0.59845463	1.40269101	0.37395177
1.10308566	0.01275531	-0.32197604	0.35819639	0.73271616	0.34010597
0.74260645	-0.08908759	-0.13336812	-0.26907141	0.05154789	0.33052782
0.87857315	-0.11478844	-0.08103733	-0.21154753	0.55070110	0.55326263
0.56295953	-0.14349315	-0.04882730	-0.15678696	0.71620966	0.57036117
0.62859208	-0.20115136	-0.10820079	-0.56099695	-0.03235099	0.40424674
0.48780168	-0.30545180	-0.00634304	-0.70531452	0.89614857	0.57675247
0.56908037	-0.28007580	-0.02952677	-0.16919294	0.51206226	0.24637903
1.02609499	-0.18238312	-0.08145106	-0.68397690	0.17337455	0.25887675
0.92933435	-0.31950167	-0.00479402	-0.08273800	0.56247182	0.08797721
0.87269358	-0.20318255	-0.06020796	-0.19852635	0.08117245	-0.00639794
0.84697646	-0.40907784	-0.06826269	-0.26006727	0.27323835	-0.11711522
0.90144074	-0.15793256	0.05499295	0.07546354	-0.17222769	0.09091379
1.02978064	-0.29424557	-0.08467263	-0.53399022	-0.36666213	0.25991259
1.16121643	-0.30800260	-0.12503917	-0.96816055	0.30745528	-0.06402781
1.26841995	-0.35153720	0.03758613	-0.25926815	-0.00124396	0.18959480
1.10312288	-0.52032739	0.06831501	-0.01636121	-0.12402620	0.17259929
1.34374349	-0.45574519	0.26101185	0.35342170	0.69459007	0.18133975
1.07276033	-0.42986528	0.04506983	0.41368069	0.47272983	0.09744288
1.12953710	-0.66233282	-0.15222361	0.12877409	0.11564821	0.03292999
1.20944984	-0.73727010	-0.65817259	1.44973810	0.05555610	0.65760337
0.86110207	-0.75218695	-0.81715770	1.20888744	0.55762635	0.32253793
0.96605471	-0.51848447	-0.43486339	0.65343412	1.36389159	0.56223557
0.77482545	-0.23802700	-0.27335703	-0.15979281	0.87186952	0.22130868
0.45174276	-0.11027592	-0.32931088	-0.36759322	0.03806032	0.23192633
0.95602448	-0.11553612	-0.28414013	-0.23497717	-1.36687424	-0.64424205
1.05421584	-0.39741485	-0.19926102	-0.24110690	-0.92859218	-0.49138316
1.01650833	-0.51561989	-0.06427371	-0.13465003	0.12562100	-0.60039708
0.83903063	-0.38233397	-0.16049780	0.53559858	0.07390328	-0.87689909
0.68558150	-0.39896710	-0.27114641	0.53993660	-0.54430223	-0.78208933
0.76522882	-0.27792058	-0.08331764	0.36907085	-0.49958443	-0.77403340
0.52230251	-0.26536487	-0.21619501	0.23136866	-0.49589654	-0.62007666
0.59644242	-0.16455040	-0.24886931	0.09207079	-1.19714596	-0.33828259
0.93640892	-0.29880749	-0.26474149	0.05705156	-0.05771304	-0.10995310
0.80181877	-0.30979338	-0.08536700	0.69968599	-0.06059527	-0.29859916
0.88924041	-0.26376339	-0.30675871	0.82061676	0.25679307	0.17193399
0.75443534	-0.14472836	-0.28283655	0.69163109	-0.36124060	0.04919164
0.75783579	-0.08383853	-0.20887831	0.64479287	-0.08243425	0.49677654
1.02595949	-0.21300422	-0.25478464	0.55081961	-0.05191860	0.08002598
1.04857696	-0.22956570	-0.03944027	0.51965899	0.23476495	0.05890526
1.16464013	-0.27632310	-0.02543077	0.27220294	0.24864382	-0.00550304
1.07030743	-0.22706370	0.02097075	0.90431955	-0.15535114	-0.19941307
1.17595970	0.09020425	-0.14036123	0.23192366	-0.42384743	-0.41486007
1.48035283	-0.20603801	-0.02140545	-0.21176531	0.58164397	-0.38053438
1.29613790	-0.20001799	-0.19158175	-0.17371830	-0.12324059	-0.10897033
1.17529677	-0.33125984	-0.16423920	-0.46942061	-0.33565609	0.19800078
1.10581617	-0.41097680	-0.49600636	-1.25751796	0.20394570	-0.43930810
0.61318634	-0.59929059	-0.62842899	-0.87766340	0.03079774	-0.55250931
0.58678989	-0.56906234	-0.30960031	-1.03166559	-0.14112286	-0.57689304
0.99660353	-0.49439950	-0.31400901	-0.33528470	-1.47673889	-0.25155561
1.63361991	-0.45236930	-0.35442197	-0.13931707	-0.50045826	-0.14026021
1.69913039	-0.44177147	-0.44573361	0.46861200	1.12006995	0.38394899
1.35617761	-0.30489146	-0.55481200	0.14533318	2.09852292	0.50396146
0.68750159	-0.30747956	-0.17701682	-0.78887881	1.19670129	0.63228091
0.82643252	-0.40506003	0.04090045	-0.30660446	0.54502300	1.05047223
0.34859920	-0.22519283	0.16687012	-0.20507472	-0.63528144	0.60186401
0.53378558	-0.32794574	-0.21866251	-0.94505923	0.15667672	0.79728099
0.50815739	-0.11314000	-0.12221348	-0.65111489	0.50249047	0.66132588
0.95617962	-0.20953811	-0.18790082	-0.72416785	0.12771850	0.18498524
0.70843196	-0.31449712	0.04132597	-1.02848533	-0.29718780	0.08878547
0.68702157	-0.33561562	-0.09980824	-0.27862367	0.53854527	-0.00253617
0.53860383	-0.32463302	0.00600361	-0.46093533	-0.07685590	0.23116279
0.65096931	-0.47514529	-0.13239162	-0.19172672	0.03318114	0.12501586
0.94261990	-0.20520180	-0.10580771	0.24622240	-0.27074281	-0.06752929
1.24986269	-0.23921651	0.00372370	-0.39263475	0.36060507	-0.27946980
0.88743435	-0.27311517	-0.01367095	-0.79421327	0.06858576	-0.02247814
1.00593417	-0.51524088	-0.03049320	-1.07549249	-0.33762566	0.14734452
