0.35246121	-0.28348951	-0.22459592	0.44890247	-0.29151452	-0.83739069
0.70812249	-0.28207387	-0.07084955	0.69428695	-0.30295327	-0.40863284
0.64764717	-0.24609246	-0.15287570	0.18597548	-0.58916314	-0.54836542
0.80975011	-0.07161474	-0.33587066	0.53918206	-0.46302433	-0.09381783
0.70168656	-0.00927150	-0.42120410	0.60271911	0.11116988	0.09260588
0.98707877	-0.04717055	-0.15093636	0.31103331	-0.50258460	0.24635488
0.92519684	-0.11181122	-0.06150419	0.65533458	0.14057187	0.13958793
0.96693611	-0.29722094	-0.31364095	0.84828220	-0.42205120	0.18109665
0.93477995	-0.29348826	0.04393514	0.59948270	0.03394615	0.00814287
1.33567875	-0.16774127	-0.08217727	0.66510631	0.12922409	0.11674324
0.97912013	-0.27850444	0.06284333	-0.17729738	0.30090156	0.14062614
0.79562426	-0.23117601	-0.02220096	0.24341208	-0.13687407	0.01402019
1.05208656	-0.16988154	-0.20796527	0.11948673	-0.56639036	-0.20618277
1.00305857	-0.16727081	-0.03622125	0.32605497	-0.02053455	-0.60876147
1.47483604	-0.12185535	-0.18283216	-0.13154540	0.21129604	-0.06607050
1.48241912	-0.24427119	-0.23944130	-0.50219093	0.03680588	0.11272777
1.20112070	-0.40238424	-0.38683146	-0.77688599	0.40523952	0.25838141
1.00983266	-0.35888624	-0.41483480	-0.57350573	-0.00595721	-0.17085874
0.69891056	-0.50915866	-0.57542850	-0.94015306	-0.42596010	-0.52657405
0.60157604	-0.72640066	-0.44278126	-1.32726645	-0.76442205	-0.14355164
1.21901149	-0.59026157	-0.19692218	-0.58295512	-0.49775998	-0.13041265
1.56921598	-0.72322516	-0.40089776	-0.56109172	0.23310198	0.09202430
1.33807517	-0.29091081	-0.47644911	-0.01430800	0.98116590	-0.15829496
1.23565783	-0.33988524	-0.31816092	0.17900447	0.97342121	0.49212284
0.57231753	-0.12858394	-0.08532415	-0.21229740	1.16299246	0.95902415
0.59985897	-0.25134198	0.01411544	-0.24367089	0.15862560	0.50421530
0.53851564	-0.26527962	-0.07598903	-0.35589780	-0.07837377	0.64287504
0.90328336	-0.11343226	-0.25363024	-0.43235965	-0.13721039	0.56686573
0.39593384	-0.19680307	-0.11041061	-0.49786132	0.30928949	0.45271457
0.75530836	-0.16992208	-0.07753601	-0.72046611	0.36001747	0.13838979
0.78763010	-0.18790858	-0.18119937	-0.58709315	-0.08409086	0.45835396
0.90876715	-0.32370351	-0.12718751	-0.63242095	0.40079859	0.07249775
0.97989656	-0.46713067	-0.16723042	-0.75616434	-0.10741718	0.23654378
0.82161538	-0.47582632	-0.04332285	0.09237993	-0.05679520	0.11615019
0.89099063	-0.36537112	-0.05943592	-0.66230794	-0.00483501	0.23700341
1.27839424	-0.23763640	-0.05047649	-0.24704085	-0.19483264	-0.37942946
0.97868302	-0.30008792	0.00374390	-0.61168951	0.05627163	-0.00862054
1.20829505	-0.35559581	-0.22101714	-0.37291010	-0.00528964	0.26602488
1.21944369	-0.69907120	0.01100846	0.42490050	-0.13833160	-0.17633112
1.27219426	-0.47069168	0.02471534	0.02274784	0.48820289	0.01068182
1.41176426	-0.59996458	0.21199182	0.25737697	-0.12308746	-0.63565235
1.28675810	-0.57969013	-0.22727476	0.20716075	0.38247824	0.11991456
1.15313317	-0.61900951	-0.46426961	0.54306889	0.08500498	0.66275233
0.94811381	-0.91229209	-0.56819651	1.10049501	0.75208206	0.48960723
0.85865905	-0.69076909	-0.47868180	0.59320115	1.42021565	0.35813509
1.03922739	-0.41898765	-0.54121968	0.31872355	0.72302577	0.20524816
0.62369522	-0.36051343	-0.16590699	-0.58816934	0.29749128	-0.37516443
0.88696025	-0.33332190	-0.10610424	-0.19832566	-0.71852212	-0.51517379
0.93253977	-0.50245167	-0.25637411	-0.94277061	-0.96003946	-0.36233550
0.94236342	-0.60697318	-0.13683863	0.28234245	-0.56106339	-0.57809955
0.91496054	-0.56122030	-0.22994120	0.53362706	-0.78186661	-0.54879401
0.72926021	-0.48836463	-0.26058094	0.34780713	-0.08695393	-0.60232988
0.65520714	-0.05903680	-0.37468292	-0.04334123	-0.47973458	-0.69942504
0.69581422	-0.04599423	-0.23372990	0.40586257	-1.00426734	-0.66153924
0.87324527	0.02304957	-0.26400852	0.57482135	-0.88967484	-0.12634430
0.99216562	-0.25315957	-0.39995080	0.26188827	-0.57168298	0.00956693
0.98503597	-0.29856046	-0.13895115	0.47270855	-0.37691231	0.17339990
0.66327526	-0.23696838	-0.29822443	0.70120434	-0.15173499	0.17076589
0.88392611	-0.14782186	-0.04972391	0.22517077	0.17525467	0.11919578
1.09986535	-0.03152179	-0.12180930	0.35500703	0.17898210	-0.03172017
1.07851018	-0.22835527	-0.21985424	0.35707901	0.53715602	0.09874828
1.08551125	-0.13368581	-0.13693988	0.75366555	0.12859125	0.07342929
1.16035903	-0.10920049	0.00057327	-0.03148211	0.04719631	0.06156206
1.24283915	0.06874863	-0.14175937	0.59381405	-0.42931372	-0.09904976
1.06726875	0.04196308	-0.17431006	0.37210269	-0.81191639	0.04015629
1.31091212	-0.12452199	-0.18890790	-0.05372650	-0.23600676	-0.41450464
1.32339474	-0.41051073	-0.33938992	0.47788844	0.15550607	-0.20343261
1.32414471	-0.61146139	-0.40198676	-0.06791602	0.35453830	-0.02794562
0.98294841	-0.50019924	-0.38949212	-0.94770331	-0.30231345	-0.54061763
0.67331011	-0.59716701	-0.60769878	-1.14183156	-0.59951112	-0.47771964
0.86283238	-0.82584574	-0.42101117	-0.47976274	-0.64271799	-0.67357675
1.14678539	-0.63065344	-0.27313776	0.01784341	-0.25466159	-0.14374742
1.30696059	-0.58971333	-0.40460757	0.84119792	0.64015399	0.02444059
1.38246184	-0.32306388	-0.46394859	0.70183195	0.78475449	-0.01097131
1.10739497	-0.28878627	-0.44378654	-0.11234140	1.31866271	0.07735044
0.72732575	-0.31538044	-0.23834492	-0.08622755	0.42427701	0.53690609
0.58776729	-0.29586038	-0.08692727	0.39217759	-0.10432693	0.72895221
0.44126717	-0.33166574	0.00828973	-0.35583821	0.09115356	0.51137278
0.56261969	-0.31814059	-0.06001033	-0.28743594	-0.06311293	0.43075689
0.76934333	-0.25588099	-0.26222970	-0.55386072	0.65946845	0.45513025
0.59797529	-0.33455803	-0.13986896	-0.30084710	0.41826900	0.04594224
0.89001723	-0.43820141	-0.04934408	-0.15782988	-0.28381248	0.38219435
0.74047168	-0.16229300	-0.14873857	-0.46936991	0.23027445	0.32064140
0.77515174	-0.20235061	-0.12175182	-0.30890817	0.15218412	0.30908718
0.75781395	-0.38756842	-0.06691036	-0.56809241	0.27205466	0.25814879
0.87722666	-0.32808014	0.02330408	-0.36910261	-0.05282216	0.01620828
1.04773915	-0.41395887	0.03368056	-0.50024548	-0.00646449	-0.16545022
1.12023609	-0.44640579	-0.27403678	0.02338317	0.60182034	-0.25483937
0.82052880	-0.29962364	-0.13927458	-0.03890209	0.05718918	0.06037741
1.09689323	-0.32768994	-0.06643938	0.12218651	-0.25595931	0.05948725
1.22348277	-0.56765877	0.07909771	0.06003474	-0.04805160	0.02455871
1.07678628	-0.74330384	-0.21405017	0.63027816	0.29679468	-0.16158278
1.23282592	-0.80886185	-0.33813067	0.62214607	0.28916626	0.19304110
1.30417699	-1.03052295	-0.69776705	1.13589334	0.72872157	0.44664528
1.08391942	-0.72273795	-0.61713160	1.28847444	1.04657374	0.76677902
0.79044996	-0.54133899	-0.44665712	1.52316577	1.34560334	0.10852532
0.71299880	-0.27783725	-0.28288908	0.33282703	0.69414414	-0.11909373
0.71328751	-0.41044728	-0.24728456	-0.04408642	0.11547621	-0.14396935
0.93899252	-0.36940548	-0.33731313	-0.42093733	-0.73554482	-0.57389614
0.94995777	-0.55495994	-0.30100817	-0.01049415	-0.63492672	-0.64043934
0.99137306	-0.47575239	-0.14552822	0.93726839	-0.32792320	-0.58964214
0.57652277	-0.41378297	-0.11461633	0.57322882	-0.26980572	-0.39913721
0.35838334	-0.27911569	-0.32102711	0.04244969	-0.91380928	-0.46504305
0.68557338	-0.18799273	-0.07689096	1.15296384	-0.95341962	-0.37843553
0.87692931	-0.24864761	-0.20357985	0.25261172	-1.12340752	-0.41042493
0.90500713	-0.14703437	-0.22212698	0.39208216	-1.06517420	-0.33861710
0.92273144	-0.42094786	-0.22610341	0.70270475	-0.45527889	-0.16238981
1.12039174	-0.27033062	-0.23698470	1.17566074	-0.29277512	-0.21362733
1.00149037	-0.16339045	-0.34026235	0.69071271	-0.07834122	0.12697179
0.95277216	-0.14835707	-0.12844610	0.37144814	-0.03277092	0.17296240
1.15534579	-0.10812922	-0.17736991	0.57071232	-0.15022242	-0.14681511
1.07909308	-0.22344832	0.08140424	0.25266371	0.19396710	0.07602414
1.01891468	-0.27803466	-0.16445601	0.12068986	0.52998878	0.05027770
1.09220823	-0.17661213	0.07761593	0.32864472	0.17454017	-0.00582719
1.00353233	0.06403333	-0.17417805	0.45587137	-0.14130421	-0.06783638
1.05539625	-0.00105668	-0.18717985	-0.07713509	-0.65263769	-0.41566852
1.48934675	-0.12615351	-0.25305446	-0.29384844	-0.08440205	0.03922641
1.33952021	-0.47916648	-0.32636370	-0.15211439	0.52155250	-0.23564254
1.13181419	-0.63289512	-0.45317871	-0.55090361	-0.41891283	-0.93182129
0.68581389	-0.50553250	-0.53460614	-0.79796056	-0.69147889	-0.67845465
0.77031432	-0.47575227	-0.58084612	-1.04607526	-0.67660953	-0.41023293
0.83310391	-0.63710174	-0.62340480	-0.05680347	-0.61599037	0.09721791
1.51656443	-0.52935717	-0.45093322	0.15321495	-0.04800586	0.34289322
1.69309729	-0.48839223	-0.65612136	-0.14248510	0.66307614	0.32473432
1.06196041	-0.36813449	-0.52339118	0.00377773	1.23538705	0.35613175
0.83982333	-0.14964481	-0.22030858	-0.03398341	1.05958611	0.65625799
0.63277092	-0.07688095	-0.13685218	-0.28145149	0.38352238	0.72077899
0.53857151	-0.32859772	-0.04455709	0.01599596	-0.04401209	0.48404769
