0.47529391	-0.25804797	-0.20154998	0.15563611	-0.18564559	0.62349455
0.60023626	-0.12294162	-0.20803996	-0.35753989	-0.06197683	0.46377838
0.57296257	-0.30276935	-0.14540823	-0.40405487	0.14057491	0.16050709
0.62044882	-0.35925814	-0.15148307	0.15447124	0.32809700	0.43759924
0.66190574	-0.32131947	-0.19904776	-0.44523546	0.39463095	0.04238834
0.55117355	-0.51682142	0.03803538	-0.44776029	0.12132911	0.18180976
0.73108922	-0.39877538	-0.05271741	-0.01438597	-0.40538367	0.06748673
0.73933387	-0.48326167	-0.01966800	0.05595637	0.15888153	0.03928056
0.92575812	-0.36342691	-0.09704092	-0.18680509	0.46428424	-0.08133060
1.06405538	-0.27185954	-0.20357875	-0.25400623	0.66339108	-0.25404924
0.94559802	-0.31024210	-0.19369955	-0.54369207	0.16660892	-0.04879851
1.23793651	-0.36844603	-0.12331672	-0.31838060	-0.32792134	0.00699265
1.24498068	-0.53129598	0.19024841	0.23815537	0.35147404	0.09385158
1.43879539	-0.45886710	0.13053671	0.28784416	0.54847040	-0.06207323
1.38585064	-0.60799776	-0.19316418	0.48636773	-0.03138360	0.08280321
1.47851764	-0.66877434	-0.41268607	0.75735673	0.09499717	0.27149647
1.45381450	-0.76860894	-0.51030163	1.05177731	0.64396883	0.49724546
0.93366832	-0.65496339	-0.68851088	0.69601820	1.06000996	0.03702283
0.84418543	-0.47802244	-0.56564942	0.33478873	1.14433540	0.41304530
0.72830049	-0.28085197	-0.25731559	0.09523917	0.10080227	-0.20688191
0.90724662	-0.31342461	-0.21585522	-0.17850049	-0.65295945	-0.44565339
0.84064606	-0.47202881	-0.22617107	-0.18662547	-0.75526301	-0.86487003
0.99229949	-0.56331002	-0.08832398	0.68222875	-0.29013723	-0.56813468
0.97355550	-0.47262636	-0.27286131	0.43752705	-0.17076682	-0.62127356
0.66602956	-0.40587450	-0.17541533	0.49178240	-0.59361344	-0.40190309
0.56132329	-0.12238456	-0.11608763	0.22904930	-0.92266901	-0.55394563
0.91353784	-0.08900950	-0.25281632	0.14630849	-0.90477602	-0.26752766
0.71162780	-0.22969172	-0.19459272	0.14460445	-0.98982813	-0.30744300
0.86045614	-0.24700850	-0.25351044	0.96469282	-0.07770336	0.00662231
0.95736552	-0.22901207	-0.35809863	0.66471711	-0.21209123	0.18956306
0.79791745	-0.34491581	-0.23012383	1.02220748	-0.36829369	0.22676541
0.79498447	-0.19387163	-0.15092504	0.64936882	-0.07787867	0.07613672
1.19281301	-0.06539924	-0.22974735	0.36604775	-0.05703117	-0.02699848
1.20491611	-0.07943079	-0.07017924	0.05291794	0.35002674	-0.23404879
1.00187303	-0.18679943	-0.11401653	0.38659355	-0.02554927	-0.26999281
0.95151447	-0.03941199	-0.09990509	0.25251346	0.24669066	0.30226267
0.72696715	-0.05276753	0.07639010	0.05008765	-0.02177948	-0.22723562
1.11025766	-0.01225528	-0.14145071	-0.24786344	-0.49884903	0.02777384
1.30260026	-0.21905322	-0.07795233	-0.08033338	-0.13147340	-0.11341179
1.17199297	-0.35940298	-0.29297419	-0.24427063	0.16311153	-0.43906697
1.15987373	-0.52240824	-0.39944592	-0.48509921	0.01252111	-0.00055330
0.76024242	-0.43653031	-0.51245595	-0.81703491	-0.30462217	-0.22245518
0.85072762	-0.60938066	-0.64958763	-0.67635638	-0.05259592	-0.69626625
0.76923867	-0.73233832	-0.50296443	-0.41956967	-0.07805639	-0.39701670
1.42165421	-0.67708415	-0.43446610	-0.37594104	-0.32855168	-0.15896529
1.58665737	-0.53412491	-0.47816317	0.29060777	0.86975750	0.04274868
1.29126010	-0.35147986	-0.53300244	0.13120282	1.01027915	0.44832436
1.14314475	-0.14214699	-0.25621068	0.21793736	1.16252567	0.69047257
0.72157034	-0.14658675	-0.17622385	-0.10242253	0.98865651	0.64137228
0.41422622	-0.13586802	-0.07765775	-0.44671306	0.41574346	0.89939280
0.66743387	-0.19811279	0.01258158	-0.55322111	0.57046643	0.55897725
0.39287454	-0.32960853	-0.25868035	-0.33375521	0.32174782	0.70727829
0.51360799	-0.39706592	-0.04233870	-0.65601357	0.12843849	0.39644213
0.72681623	-0.24618679	-0.13068023	-0.35177121	0.06068608	0.31506297
0.58507490	-0.27864705	-0.06709141	-0.60114567	-0.25134015	0.33497804
0.78724862	-0.18987074	-0.12536637	-0.17782088	-0.41398036	0.21827208
0.94222734	-0.23727998	-0.15001320	-0.77100246	-0.02699919	0.35282934
1.00419553	-0.20083273	-0.11828126	-0.67787400	-0.21515626	0.02375109
0.94815657	-0.35405102	-0.19772439	-0.83079570	0.62364389	-0.25971849
1.18337912	-0.38075747	-0.06954202	-0.36611417	0.29067242	-0.08197260
1.26025563	-0.33917159	-0.04749122	-0.30377581	0.75281139	-0.10953123
1.32970371	-0.39063960	-0.11504567	-0.71438152	-0.37204778	0.09842229
0.87879421	-0.42820951	-0.07015192	0.11144242	-0.49594390	0.15833949
1.18703132	-0.66167285	0.06325895	0.23865572	-0.29931260	0.14760116
1.28800181	-0.67917121	-0.08975143	0.73048034	-0.04866194	-0.19924045
1.50572093	-0.67301239	-0.35132543	0.83953384	0.14476795	-0.08070432
1.42240240	-0.74315369	-0.51687208	1.14848572	0.70621592	0.02543497
1.07360723	-0.68867339	-0.45083072	1.26960111	1.66690673	0.57241325
0.91012867	-0.62762406	-0.57725298	0.86867263	1.86811426	0.27891571
0.67001098	-0.23560090	-0.34937289	0.05750321	0.44803810	-0.18728284
0.86028677	-0.06636660	-0.21704932	-0.59238764	-0.42991035	-0.19769798
0.79640822	-0.41562101	-0.21840558	-0.38897963	-0.60478264	-0.38446223
0.97130182	-0.50665804	-0.11164196	-0.47815980	-0.69619575	-0.48233307
0.92395927	-0.50259777	-0.25661884	0.43714646	0.20909149	-0.48125313
0.79848795	-0.38908706	-0.19624407	0.55853460	-0.38138812	-0.48930229
0.65392486	-0.25530614	-0.24892094	0.27236317	-0.44713899	-0.43000309
0.67216478	-0.22310213	-0.15334403	-0.02801208	-0.88469687	-0.39465679
0.61266286	-0.30962507	-0.34498454	-0.05911186	-1.15347031	-0.31105939
0.61753307	-0.23997984	-0.18214582	0.28161851	-1.09229843	-0.17704103
0.98135054	-0.24465300	-0.19332494	0.45840956	-0.52089488	-0.30772847
0.72831464	-0.25183143	-0.21741867	0.65159249	-0.57446768	-0.02557885
1.04854944	-0.13646085	-0.14871480	0.58557780	-0.24454769	-0.00428559
1.03836669	-0.04379171	-0.14332387	0.35657807	-0.10046542	-0.12847637
1.06537725	-0.11925894	-0.27692370	0.93030064	-0.33397891	0.25132576
1.15265632	-0.11960309	-0.22813568	0.61948717	-0.19912429	0.14722736
0.90454425	-0.20332544	-0.15031278	0.55000894	-0.11158577	0.19188851
1.01723319	-0.12636239	-0.08357463	0.32539754	-0.25587447	0.08399730
1.22861942	-0.07786188	0.03417385	0.07690024	-0.22248031	-0.00780928
1.26003647	-0.06944663	-0.16531124	0.03506827	-0.42173091	-0.21045204
1.23379497	-0.06601960	-0.15126762	-0.00154491	-0.30263529	-0.08645217
1.28499279	-0.15494483	-0.28641906	0.26601973	0.03010594	0.10752117
1.33197556	-0.39362068	-0.16605045	-0.64624906	-0.89597761	-0.51956379
1.15631038	-0.54179721	-0.39358536	-0.79222925	-0.43961874	-0.51573945
0.72375855	-0.49217936	-0.53310218	-0.76832718	-0.47272339	-0.46233423
0.66384701	-0.70966829	-0.53028325	-0.53265577	-0.38736917	-0.54764425
1.23471066	-0.66860034	-0.50812043	-0.22967629	-0.07164092	0.09555420
1.39956425	-0.67060860	-0.38140640	-0.35952212	0.37949523	-0.11633853
1.56362892	-0.47438091	-0.68285374	0.09917245	0.70174870	0.32784166
1.27799554	-0.26064302	-0.35242792	0.11086555	0.43744773	0.43091084
0.73000264	-0.11763681	-0.32423032	-0.49894301	0.87445531	0.86559186
0.62506132	-0.19608020	-0.12362409	-0.04303450	0.20530176	0.70808587
0.42701491	-0.18069824	-0.03846355	-0.39202659	0.55834760	0.71702488
0.27152712	-0.23684860	-0.17555553	-0.77168049	0.20421651	0.47054527
0.61580150	-0.36863048	-0.05516757	-0.54902343	-0.08948754	0.52983171
0.24870017	-0.27442743	-0.12890880	-0.30803528	0.33670913	0.20348272
0.55701501	-0.34658940	-0.13944774	-0.56513870	0.16836305	-0.30948089
0.82701988	-0.33387925	-0.01810400	-0.13308184	-0.01821581	0.00198928
0.73806729	-0.35179156	0.00545000	-0.63698016	0.29142487	0.21150366
0.88453141	-0.35324038	-0.09523537	-0.10869966	0.53227679	-0.13482302
1.02190632	-0.17188013	-0.11393388	-0.29156769	0.30424556	-0.15885721
1.01172225	-0.38126477	-0.07669914	-0.06163266	0.25720697	0.08200135
1.23993469	-0.32774647	-0.11193851	-0.40243695	-0.00755896	-0.32953817
1.02338579	-0.32890259	-0.09005332	-0.24854303	0.02492799	0.14519074
1.13449547	-0.48436670	-0.19553599	0.20004807	-0.12379271	-0.04957080
1.41743567	-0.48969238	-0.09489225	0.80630618	-0.21702140	0.15222974
1.31354981	-0.58440581	0.00484505	0.66518070	0.35416418	0.03925912
1.10211042	-0.58015436	-0.20147777	0.17566462	0.31055826	0.26392217
1.37238683	-0.81603340	-0.58151970	1.00344136	0.15430073	0.40725646
1.06727682	-0.75026927	-0.72911471	0.92144800	0.90482308	0.43580289
0.86865885	-0.52392586	-0.39689079	0.41475492	0.94688146	0.02683386
0.78154320	-0.16490622	-0.37636262	-0.09065051	0.49071470	-0.15947298
0.77644512	-0.18291046	-0.25169050	-0.57152191	0.14693727	-0.06543914
0.76326808	-0.28452939	-0.22586792	-0.32401228	-0.80936424	-0.33282719
0.97229231	-0.59010077	-0.24261469	-0.10314677	-0.97765732	-0.58093509
0.75485070	-0.61387141	-0.19245098	0.20065976	0.09382351	-0.59958840
0.81982254	-0.34546332	-0.09210896	0.72261567	-0.25496006	-0.28342570
0.80486594	-0.29015583	-0.08676581	0.27217458	-0.39716583	-0.60686272
0.58664741	-0.21976542	-0.12892154	0.04868826	-0.67340873	-0.35240670
