1.27200344	-0.41152820	-0.33967772	-0.03160193	0.02263469	-0.10016575
1.15704688	-0.48855753	-0.37172566	-0.54785332	-0.22777014	-0.25059030
0.67235776	-0.54606988	-0.51013833	-1.50148989	-0.52558882	-0.38804578
0.77209238	-0.74252351	-0.55670861	-0.61316969	-0.29257276	-0.38204032
1.05029780	-0.83521327	-0.49037447	-0.35821469	-0.30673228	-0.26997363
1.44035623	-0.60280660	-0.53504574	0.32333171	0.20361292	0.20012550
1.39909312	-0.42539560	-0.46777106	0.62707268	1.19304813	0.24536200
1.49896764	-0.20110202	-0.28123949	-0.08952357	0.97577029	0.72986858
0.74197295	-0.12469389	-0.29592365	0.29154608	0.40674548	0.65816819
0.84790362	-0.19063126	0.05315032	-0.15390910	0.19660028	0.76762144
0.48001651	-0.11820245	0.05921092	0.00496910	0.02039891	1.06776413
0.61345297	-0.21530335	-0.10457833	-0.64776649	-0.04346130	0.56473150
0.51078697	-0.27514384	-0.03550177	-0.33975872	0.33098294	0.59253044
0.44690603	-0.17190645	-0.15294508	-0.91380700	0.76909207	0.29843770
0.61470214	-0.30202679	-0.28136929	-0.40548911	-0.15768745	-0.03446081
0.66480891	-0.26313293	-0.06894886	-0.18219725	-0.37010459	0.12474324
0.72099091	-0.33428521	0.02813143	-0.86756048	0.14827822	0.01651268
0.79211584	-0.35301918	0.07318971	-0.72636037	-0.07287607	0.16589441
1.02468275	-0.35791359	-0.01476027	-0.13943795	0.29983161	0.06578264
1.06308311	-0.42151985	-0.09937012	-0.49102726	0.23711256	-0.36228098
1.01059025	-0.36899447	-0.03182047	-0.32479322	0.58724982	-0.19942303
0.98811197	-0.35543293	-0.21327563	-0.47395262	0.16938914	0.16793348
1.40773815	-0.35238027	-0.04649541	0.14551984	-0.31868727	0.32399559
1.49167535	-0.68758894	0.08862940	0.75200849	0.47243945	0.21201751
1.30220936	-0.68925490	0.00534167	0.44205235	0.47561935	0.09895191
1.43383365	-0.66280662	-0.10825835	0.55652344	0.39699736	0.36922114
1.29743844	-0.73899588	-0.30676718	0.53175623	0.08863229	0.32461117
1.08041934	-0.80544977	-0.47194976	1.19198890	0.82591798	0.47491723
0.84304058	-0.51379953	-0.45018136	0.71409215	1.41535740	0.29270368
0.94036020	-0.27468392	-0.32604310	0.51321431	1.21875247	0.35984486
0.79321715	-0.20782837	-0.35395675	0.12322412	0.15390547	0.24757253
0.90609018	-0.38923640	-0.40314102	-0.50904548	-0.82608821	-0.19325628
0.86611830	-0.42759933	-0.31730504	-0.05011115	-1.09472962	-0.79207300
0.88260162	-0.58915897	-0.05137190	0.30024370	-0.33079909	-0.48306021
0.89250993	-0.62629766	-0.11590598	0.46210813	-0.11577082	-0.83542756
0.60038300	-0.32190590	-0.13270283	0.47987088	-0.11917502	-0.54566520
0.61831757	-0.25359462	-0.23333574	0.75603657	-0.64323947	-0.63633325
0.40979737	-0.09805242	-0.25712528	0.40932708	-0.31435069	-0.66362013
0.86679460	-0.05608334	-0.23527515	0.83277722	-1.07622403	-0.29347929
0.76359237	-0.23119297	-0.31586449	0.45530829	-0.41981918	-0.08195559
0.93302071	-0.04391160	-0.30535673	0.71659381	-0.03596619	0.13619282
0.69662849	-0.11777630	-0.12285847	0.80689408	-0.47626499	0.33920587
0.87436379	-0.20674298	-0.10115656	0.49425662	-0.49508144	0.10750576
1.05359309	-0.10454906	-0.18809367	0.16694791	-0.06217096	0.14790617
1.03572837	-0.18476830	-0.09176537	0.17059273	-0.33001917	0.03390068
1.09066109	-0.24721342	-0.07716524	0.38829314	-0.05873030	0.12288965
0.87434718	-0.06860069	-0.02085835	0.74690033	0.08769081	0.26710600
1.22680952	-0.02706013	0.03173238	0.41697892	-0.18335458	0.17288481
0.99559420	-0.00571838	-0.08507272	0.02459654	-0.15949032	0.05957517
1.47746126	-0.31082082	-0.28529172	-0.62465066	-0.76376182	-0.26921397
1.72254142	-0.28957586	-0.32510704	-0.53802038	-0.22677865	-0.44185986
1.35874275	-0.34420058	-0.47804195	-1.14154027	0.36100088	-0.11313867
1.10535683	-0.40546692	-0.47227003	-1.13187854	-0.04704882	-0.23256292
0.63812034	-0.66082641	-0.62360292	-1.89099198	-0.63135426	-0.43431190
0.77504612	-0.74080164	-0.42451820	-1.42074409	-0.36091473	-0.26821008
0.97205333	-0.74741575	-0.28001147	-0.17258177	0.23191665	-0.09527691
0.86537295	-0.77136099	-0.29768252	0.67577964	0.14166496	-0.15283587
1.49908979	-0.66627434	-0.27627592	0.53955865	0.03421470	-0.02303948
1.36786896	-0.31842007	-0.23134179	-0.08339336	0.54798464	0.19395897
1.00790462	-0.24124920	-0.39260852	-0.08808660	-0.25993708	0.59143697
1.02036358	-0.09177369	-0.29317950	-0.27862743	0.49177763	0.53699474
0.78108506	-0.13878436	-0.10751040	-0.53339798	0.20568208	0.50527695
0.66440180	-0.36122374	-0.13302002	-1.05538936	0.17258455	0.48284156
0.82593889	-0.34709882	-0.15803179	-0.41064603	0.39225223	0.51543543
0.58808726	-0.22361300	-0.23521930	-0.20122174	0.43466492	0.05010310
0.80539451	-0.18432367	-0.11809505	-0.76974055	0.51276641	0.20247500
0.74845933	-0.29186251	-0.03459354	-0.58980366	0.07105742	0.20323143
0.65603917	-0.24772950	-0.03463492	-0.30667141	-0.04818453	0.33214340
0.76081041	-0.30330733	-0.03331314	-0.54152599	0.29601044	0.23339438
1.00560845	-0.21484085	0.00890130	-1.08461167	-0.10452287	-0.21005516
0.88625072	-0.28593622	-0.02113090	-0.54952530	0.51942637	0.28569877
1.08878303	-0.38290081	-0.01299899	-0.80953140	0.41288294	-0.06283317
0.93437754	-0.19354594	0.03996751	-0.85271861	0.16872110	0.20071214
0.97933468	-0.43684615	-0.08597210	-1.06523283	0.30107794	-0.02821986
1.02707890	-0.53145303	-0.00129404	-0.17930175	-0.15752300	0.31488950
1.15376913	-0.54215439	0.10146741	0.17804851	0.48527594	0.05799688
1.33019360	-0.39575926	0.16284859	0.41550694	0.41548967	-0.14444643
1.22427846	-0.31103564	0.02806204	0.23909237	0.58889342	-0.05874188
1.29168162	-0.52341438	-0.20353280	0.21746556	0.10860168	0.24188018
1.18338472	-0.73635108	-0.47635468	0.85652083	-0.07715027	0.65819848
1.02932741	-0.81638676	-0.47274230	1.28983309	0.41669848	0.40933743
0.88751624	-0.61054615	-0.68382857	0.42951080	0.89145234	0.27867782
0.78698275	-0.20229138	-0.49061726	0.17975711	0.42036927	0.31896499
0.82516652	-0.29873033	-0.47430795	0.04565237	-0.25109632	-0.14605918
1.03274994	-0.23000934	-0.23509217	0.30877541	-0.65261797	-0.34090659
0.93951105	-0.38527349	-0.25610803	-0.38491371	-1.01264164	-0.41074790
0.80801840	-0.36997450	-0.09510467	0.03843688	-0.38415782	-0.39273560
0.82428625	-0.45471662	-0.21107972	0.93281519	-0.58251000	-0.42186686
0.89334337	-0.39676723	-0.05313033	0.37977125	-0.46081038	-0.34464965
0.77785632	-0.36523870	-0.07091636	0.59749158	-0.56870398	-0.29845869
0.57843974	-0.12582837	-0.20488784	0.39483571	-0.60384220	-0.52920517
1.01637247	-0.10686356	-0.23940796	-0.29472582	-0.61030567	-0.34496145
0.95451097	-0.17382443	-0.13889596	0.88239095	-0.47385558	-0.00877292
0.84683312	-0.12508529	-0.26261476	0.05931806	-0.63184474	0.10476015
0.63443313	-0.24734767	-0.03850840	0.64876671	-0.37751431	0.11877149
0.84155100	-0.16115083	-0.02290632	0.57953132	-0.18419678	0.09727871
1.04425956	-0.22544792	-0.02346624	0.85510485	-0.25428093	0.26094993
0.87017774	-0.16747990	-0.15531816	0.30406092	0.06040981	0.24454241
0.93154263	-0.28859201	0.01369777	0.63866273	-0.05267406	0.15032792
1.00263965	-0.17858908	-0.04110324	0.37645388	-0.08773309	-0.02879100
1.09401446	-0.12952082	-0.04988956	0.55637314	-0.03310291	-0.19498889
1.15835817	-0.06750388	-0.18013145	-0.05084314	-0.03048140	-0.09273434
1.15100235	-0.10698894	-0.10231323	0.04256314	-0.31325917	-0.08041505
1.34519455	-0.28802972	-0.16753531	0.25830125	-0.00492670	0.20943647
1.35728242	-0.37009509	-0.14464888	-0.09410933	0.06087675	0.10210494
1.07503581	-0.32883955	-0.48653838	-0.08504602	0.61634986	-0.36932382
0.74656187	-0.49151721	-0.56382236	-0.74494851	-0.16014098	-0.42719585
0.69303519	-0.69041123	-0.43529980	-1.03011870	-0.16679123	-0.64091137
0.77318755	-0.59742954	-0.38822875	-1.05609050	-0.07200408	-0.32547291
0.89620223	-0.59979237	-0.16799609	-0.38437919	-0.18955199	-0.12246825
0.95976810	-0.55781118	-0.40541813	-0.36533194	-0.06305009	0.02363618
1.19613956	-0.45644143	-0.33456305	-0.00926945	0.71409664	0.11522944
0.90214791	-0.27441701	-0.45341758	-0.02070198	0.68987117	0.37362678
1.20641560	-0.35524196	-0.29904441	-0.21615763	0.39971321	0.46535917
0.91771481	-0.29960702	-0.19816812	-0.18021918	0.34097236	0.60769357
0.55120983	-0.26259892	-0.07209978	-0.03945470	-0.20697790	0.59785027
0.73086387	-0.30653076	-0.11916928	-1.32781255	0.26837811	0.55262424
0.73828288	-0.11166484	-0.26022485	-0.60721455	0.40485730	0.73320183
0.71711618	-0.16335642	-0.25830934	-0.57516870	0.50148781	0.01890119
0.94031192	-0.30563491	-0.12634558	-0.64380350	0.11255729	0.17158788
0.71575877	-0.37518862	-0.13356105	-0.67586372	0.12548573	0.12408757
0.87476461	-0.34121516	0.03885366	-0.89040529	0.25058107	0.25669208
0.73858063	-0.42779108	0.01265496	-0.77320886	0.24019249	-0.12908715
0.86900536	-0.44095490	-0.03283029	-0.87030943	0.27796396	0.14437083
1.09370662	-0.48481847	-0.03586695	-0.08280463	0.06044994	-0.05792722
1.00120025	-0.46946652	-0.13844013	-0.78387212	-0.01908406	-0.05665216
1.01564387	-0.28524674	-0.11870164	-0.49628477	0.00435578	-0.38895091
1.12650394	-0.44183232	0.05545580	-0.39259979	-0.24667652	-0.15207424
