0.42720432	-0.40458092	0.03197931	0.33268232	0.13706814	-0.71256945
0.66184323	-0.07926000	-0.02057891	0.46560104	0.34345757	-0.49959505
0.48874767	0.00816440	0.05686315	-0.09577231	-0.25086171	-0.66479161
0.62761804	-0.12012954	-0.05916701	0.17103048	-0.10010904	-0.61395932
0.58254132	-0.02910011	-0.12234605	0.07535387	-0.34988835	-0.19487279
0.88273515	-0.01226234	-0.14053755	-0.01456203	-0.39441929	-0.43924147
0.69774033	-0.23591706	-0.04517702	0.00960219	-0.04966454	-0.33337104
0.75033490	-0.33364052	0.09389977	-0.00294925	0.07137389	-0.55473464
0.81433364	-0.36794317	-0.09549821	0.59150038	0.21284649	-0.61320933
0.76931218	-0.32418055	-0.16995026	0.57850635	-0.10813408	-0.48920955
0.62115233	-0.37797051	-0.01200978	0.68089827	0.16227214	-0.17382356
0.87531113	-0.48838355	-0.29947025	0.29778219	-0.13236274	0.16950116
1.56049635	-0.68143822	-0.61215675	0.66530022	0.05999560	0.33977910
1.68162600	-0.46656872	-0.70901051	0.84492397	0.41464659	0.27930718
1.70885675	-0.36725411	-0.69146311	0.96197298	0.53623767	0.48116991
2.00740953	-0.78687985	-0.45869086	0.82760204	0.81729086	-0.14550949
1.97290304	-0.42127805	-0.01993792	0.69939003	1.06423368	-0.65606646
1.05704836	-0.29240175	0.46230360	0.40702252	0.14241391	-0.78119137
1.23450725	-0.23430412	0.26006787	-0.06300341	-1.15167123	-0.42479306
1.39444974	-0.01496314	0.25113690	0.07025857	-1.31437283	-0.16050098
1.19446874	0.13078693	-0.28849424	-0.14509773	-1.07719354	-0.05485028
1.42155172	-0.12199949	-0.55606300	-0.09368043	0.13961622	-0.08580111
0.95956688	-0.10984968	-0.19157710	0.40269786	-0.27201218	0.08288268
0.58036987	-0.17326472	0.08584736	0.11374880	-0.62569764	0.26935876
0.43722391	-0.38206088	0.00039507	-0.06877849	-0.55878504	0.08779181
0.56206331	-0.19532194	-0.29932174	-0.01786443	-0.98475901	0.47543901
0.52306105	-0.24465315	-0.21956574	0.33991571	-1.12754097	0.16265607
0.39381580	-0.25907962	-0.22840525	0.31894851	-1.03840233	0.54618846
0.67526343	-0.09390166	-0.36477112	0.11363280	0.04947734	0.47956367
0.74472975	-0.21791164	-0.43318381	0.30060835	-0.24409319	0.27633239
0.69448883	-0.31285345	-0.17608926	0.61931683	0.16830680	0.45107937
0.76036553	0.01887485	-0.13370324	0.88500543	0.20070685	0.17288003
0.57196894	-0.19121125	-0.15018034	0.24415426	-0.07105485	0.37985296
0.36968468	-0.03156693	-0.04116582	0.71336376	0.09641759	0.68800787
0.58626708	-0.07084927	-0.23405300	0.27214765	-0.36938539	0.40491176
0.76005785	-0.14495473	-0.04864471	0.40202506	0.19352491	0.37764107
0.65345150	-0.31408965	0.02610684	0.05484308	-0.57139172	0.09688841
0.81102614	-0.08073291	-0.20002904	-0.02854087	-0.08467316	0.03796181
0.88059659	-0.12230668	-0.34341918	0.36454011	-0.06915426	0.05901454
0.75096600	-0.09870576	-0.04925106	0.32470518	0.20149707	0.13943261
0.94555670	-0.27590359	-0.15407100	-0.15027942	0.58260363	0.26970987
1.07326436	-0.28009564	-0.12001778	-0.40296409	0.54991450	0.11294345
1.10944260	-0.50749793	-0.19377048	-0.03569146	0.14704891	-0.25127014
1.15834435	-0.80797927	-0.42785696	-0.07946695	0.16352319	-0.09060209
0.99342521	-0.52869944	-0.46547485	0.21401758	-0.16726181	-0.05317875
1.26157706	-0.70038351	-0.29656646	0.09735565	0.62144153	-0.20042319
1.50215719	-0.62491632	-0.12614047	0.48796454	0.11140691	-0.00539064
1.73263743	-0.60890945	-0.19752703	0.64695571	-0.49100922	-0.07516244
2.16383659	-0.54073469	-0.24985134	0.76181004	-0.31438932	-0.24143848
1.63198472	-0.73801402	0.03718875	0.82619925	0.13840797	-0.46330997
1.45166932	-0.52437194	-0.23646716	0.97742005	0.65311943	-0.50956045
1.29093190	-0.24158227	0.19649073	0.44593166	-0.23175634	-0.18991896
1.32097297	-0.35240627	0.07454439	0.46680030	-0.38160231	-0.02771341
0.94035540	-0.05018071	-0.24251634	0.81347318	-0.22567424	0.23280753
1.13944247	-0.15805014	0.00256183	0.21229632	-0.24302366	0.27001396
0.70867295	-0.16953947	-0.04880305	0.35732269	-0.46439307	0.25759583
0.30863731	-0.02854095	-0.00456243	-0.11165589	-0.23213975	0.16992607
0.57445857	-0.19001475	-0.07347819	0.10699088	0.00539820	0.38738520
0.62009533	-0.27406746	0.10485323	0.12306277	0.27343277	-0.07413723
0.73627535	-0.15481299	0.03791378	-0.39142809	0.63461096	0.15381768
0.86327248	0.17498077	0.07924158	-0.22998288	0.65767571	-0.42226302
0.53951029	-0.09988063	-0.07905338	-0.22921678	0.60194299	-0.31147643
0.95328896	-0.10964496	-0.07343738	-0.59925619	-0.01928438	-0.48081811
0.72614932	-0.26179213	-0.09667719	-0.35570160	-0.39144256	-0.63110778
0.77702483	-0.43830408	-0.00356422	-0.28499836	-0.70183507	-0.01891818
0.97684968	-0.38293626	-0.04879984	-0.22284915	-0.77572624	0.05064224
0.75243758	-0.34040715	0.00169495	-0.21053820	0.15676391	-0.06427129
0.81388073	-0.48323283	-0.23786173	0.17059138	0.17277163	-0.00913013
0.47067586	-0.34828492	0.30223432	-0.29741648	0.86904302	-0.15792950
0.94170803	-0.18596716	-0.22073408	0.47353722	0.42023146	-0.12715098
0.64446226	-0.58839819	-0.33739433	0.10206529	-0.52862569	-0.06158504
1.42194164	-0.37412134	-0.46172210	-0.29599775	-0.06688815	0.73185241
1.91662359	-0.56826134	-0.82094829	-0.11908076	0.27280837	0.71732905
1.80815787	-0.50095222	-0.97794383	0.24362480	0.94052345	0.48686428
1.82657276	-0.60845131	-0.75503068	0.60671740	1.22360676	0.07977819
1.79446280	-0.68619767	-0.27854218	0.38491889	0.82058709	-0.69594614
1.55460098	-0.41348823	0.23202746	0.16872460	0.94721348	-0.96973961
1.13358745	-0.24932749	0.28395101	0.03417662	-0.14048017	-0.65873871
1.43038496	-0.23088197	0.18246191	0.30948743	-1.43998502	0.16965891
1.61175795	0.03213017	-0.29486351	-0.01456485	-0.33168709	0.09075351
1.23305552	-0.20356400	-0.44420343	-0.21772782	-0.30087148	0.35761477
1.07637147	-0.33018134	-0.38385617	-0.36839298	-0.09267384	0.44623031
1.14282949	-0.21895136	0.02257903	-0.04475888	0.26649565	0.34174652
0.64794245	-0.32662582	0.01811963	0.32981618	0.08626537	0.33607697
0.83899890	-0.36051853	-0.13350890	0.29447632	-0.43137568	-0.00403236
0.68820380	-0.09242226	-0.18402549	-0.08109208	-0.35971737	0.15133769
0.76412837	0.13492983	-0.19975131	-0.04917432	-0.53697888	0.23269924
0.58962648	0.17689375	0.03598433	-0.17582824	-0.59907884	0.24808731
0.76329218	0.06432811	0.00234882	-0.67583843	0.33089380	0.33323864
0.89687113	-0.00405012	0.14636080	-0.82351570	0.77107494	0.25673914
0.54537664	-0.12147093	-0.28887260	-0.53264378	0.34227419	0.59716050
0.35998445	-0.10196643	-0.19940614	-0.40749114	0.53579785	0.40048270
0.59555754	-0.13457714	0.16192020	-0.58474926	0.70314393	0.30923630
1.14697234	-0.14994623	-0.00722619	-0.50338850	0.32810575	0.84432327
1.21086738	-0.06434202	-0.04950843	-0.50502286	0.34503507	0.16499257
1.07841671	0.05180723	-0.15647866	-0.63863199	0.40005292	0.31825152
0.77030436	-0.03919845	-0.26252137	-0.58510711	1.00419749	0.11487744
0.86707703	0.14907914	0.02502265	-0.73516062	0.55456795	-0.02828824
0.53268774	-0.13822262	-0.14070695	-1.07732877	0.89558723	0.39636307
0.50301366	-0.27217956	0.03398940	-0.33594758	0.57191233	-0.00316036
0.95817473	-0.45088990	-0.00058577	-1.34621865	0.55725710	0.07800706
0.78850888	-0.67213449	-0.43055267	-1.26620097	-0.51021844	-0.40557397
1.20419620	-0.85241743	-0.66656669	-1.15970775	0.54652952	-0.61692392
1.59939986	-0.96506500	-0.26325422	-1.48799922	0.77894006	-0.17691528
1.55920296	-0.96402460	-0.47705295	-1.42481095	-0.02855229	-0.16360596
1.88129009	-0.74758682	-0.48832813	-0.92352318	-0.66991514	-0.05357159
2.00875913	-0.34119296	-0.27616880	-0.87104989	0.66648241	0.22571417
1.57715161	-0.25969220	-0.29084381	-0.96087684	0.75583985	0.30856014
1.75534459	-0.30275365	-0.37841767	-0.58278333	0.59466909	-0.14999738
1.23489291	-0.50663721	-0.23375755	-1.31476647	0.37306439	0.30486643
1.18690597	-0.40882954	-0.13882992	-1.04222190	0.70493858	0.26052199
0.93921010	-0.41599176	-0.30968678	-0.63960087	-0.07277808	0.50767792
0.37753632	-0.31125677	-0.32096963	-0.98204656	0.27875721	0.77450923
0.75121517	-0.29588391	-0.58482329	-1.14717447	0.29368820	0.80390471
0.70139169	-0.21960583	-0.22945985	-1.40340430	0.45173175	0.71304221
0.61535715	-0.24029839	-0.28338496	-1.22096805	0.59390352	0.82622333
0.85829374	-0.20561266	-0.36424703	-1.88320291	-0.07338534	0.72433573
0.40163359	-0.42118272	-0.08705146	-1.32874032	0.74470232	0.39615924
0.59923272	-0.60976963	-0.16087112	-1.35102438	0.49540882	0.35642155
0.73937819	-0.50490713	-0.11090692	-0.73214939	0.29864645	0.52923127
0.71801622	-0.25920684	-0.04908289	-0.81494342	0.09839687	0.07072508
0.76589694	-0.39323545	0.07311915	-0.73675232	0.67592713	-0.04047103
0.70250657	-0.17736865	0.06981687	-0.75953703	0.53157823	0.01445990
0.75181982	-0.31840683	-0.01520747	-0.48949264	0.25944963	-0.14403704
0.64348926	-0.19008657	0.15468605	-0.65039354	0.03450625	-0.25343968
0.61941013	0.00275151	-0.04596698	-0.50938147	-0.21286751	-0.20242301
0.99792492	-0.17493729	0.02723188	-0.54941442	0.17709507	-0.44011540
0.95041204	-0.54306294	-0.01212806	-0.36561683	0.49309538	-0.40705476
