0.62702787	-0.30170695	0.00709369	0.59375782	-0.11056337	0.00648399
0.54671306	-0.31532361	-0.12808471	0.54182209	-0.04324269	0.03172973
0.55650009	-0.17567691	-0.01595957	0.57904374	-0.96291431	0.09281976
0.55153343	-0.02388950	-0.31604941	0.09494476	-0.99108363	0.14018254
0.39103418	-0.07426792	-0.04717949	-0.11023608	-0.55533426	-0.09300092
0.63916068	-0.19448671	0.02238723	0.28631997	-0.10437488	-0.05702098
0.50382965	-0.49681321	-0.02383125	-0.14546067	0.02880127	-0.18384190
0.52241700	-0.22088716	-0.20679473	0.49507985	0.45504899	-0.70655790
0.69388835	-0.22538621	-0.10691664	0.21321097	0.67992757	-0.73575386
0.75344471	-0.10328217	0.09821667	-0.09497105	-0.00465406	-0.70760955
0.69113772	-0.46375252	-0.02706444	-0.09196591	-0.27915250	-0.70451980
0.65454106	-0.39585166	0.05378234	-0.25716309	-0.70155093	-0.12730283
0.57225326	-0.32415782	0.00990766	0.65230742	-1.22936428	-0.41804388
0.71975627	-0.34670264	-0.13760243	0.83140710	-0.55801330	-0.48784094
1.11663001	-0.43202742	-0.07479276	1.00671507	0.60818666	-0.34879954
1.01809983	-0.43125480	-0.09410625	1.17830133	0.25590329	-0.02260938
1.09488388	-0.40837824	-0.33251418	0.71452541	0.00388328	-0.07851553
1.36313500	-0.54370232	-0.63509220	0.89931295	-0.36321132	0.16677868
1.52093942	-0.49102809	-0.46262214	0.93498195	0.17148695	0.21333986
1.62389279	-0.58027108	-0.58447074	0.52525150	1.17153731	0.07366796
1.60496954	-0.56577312	-0.28800243	0.61299570	0.48097965	0.30405894
1.69717324	-0.61541948	-0.36316709	0.62573807	0.55293507	-0.32511406
1.49691152	-0.18037967	-0.25262811	0.32728287	0.03240664	-0.46156467
1.26262307	-0.34037074	0.25460124	0.31530318	0.55897585	-0.81549605
1.00559399	-0.37912772	0.14525111	0.31793262	-0.14842064	-0.25096083
1.21321616	-0.04704783	-0.02412663	0.17707380	-0.99896175	-0.08129613
1.01781157	-0.18617589	-0.06308869	-0.18485623	-1.59193064	-0.07554794
1.01409915	-0.19308372	-0.32860671	0.06653995	-0.75920899	0.13131687
0.77308381	-0.11224542	-0.22295624	-0.22466159	-0.69293216	0.21106614
0.68494265	-0.16655614	-0.07605481	0.46308267	-0.62844418	0.14371704
0.30153742	-0.22383340	-0.09461209	0.19984428	-0.80743915	0.26488062
0.60085730	-0.28046799	-0.21320407	0.41589092	-1.31429378	0.17850746
0.53574283	-0.19996757	-0.21401766	0.45215826	-1.03143532	0.35942241
0.67528044	-0.09510990	-0.26507181	0.75263473	-0.54236313	0.37808898
0.91950611	-0.06933472	-0.20917469	0.29474152	0.40899296	0.27605592
0.95315019	0.17717903	-0.15598787	0.12294988	0.33596424	-0.26824338
0.60581227	0.08707801	-0.11396131	-0.00008080	0.41724173	0.22754087
0.55615408	-0.06566579	-0.16745773	-0.18734786	0.19718078	0.33635023
0.60751730	-0.19506689	-0.17432758	-0.44181260	0.08265282	0.25398704
0.52195945	-0.00673804	-0.07715288	-0.02851236	-0.11830702	0.23708433
0.78475829	-0.30850696	-0.20596150	0.00172206	0.18738029	0.30765653
0.42494091	-0.36670508	-0.22635698	-0.20351436	0.70970716	0.12643595
0.77366908	-0.13020101	-0.14103899	0.18413046	0.58669172	-0.12198469
1.02798815	-0.60859170	-0.22375951	0.05703664	0.68404237	-0.08064958
1.18741488	-0.59487701	-0.37236538	0.37303201	0.60981068	-0.32979976
1.53632658	-0.51109928	-0.18613978	-0.28968804	0.36860498	-0.38095491
1.48734412	-0.89621070	-0.23637256	-0.14432271	-0.33273162	-0.09410724
1.61986105	-0.79777168	-0.19352384	-0.24688418	-0.69026295	0.38156566
1.63236208	-0.67384756	-0.16677250	0.43397827	-1.13474617	0.06735235
1.47099476	-0.93859469	-0.39056592	0.12074089	-0.27884177	-0.01626498
1.32659348	-0.61932085	-0.09932003	0.72277211	0.02986023	-0.14346179
1.24769159	-0.42318106	-0.01430785	0.33291912	0.18143303	-0.15778483
0.57770459	-0.45487468	0.00092653	0.27009163	-0.57580803	0.47545322
0.97699491	-0.30434152	0.01939274	-0.17009985	-0.49444671	-0.04580523
0.78532679	-0.15328585	-0.07152891	-0.32940479	-0.75023806	0.06291215
0.44503909	-0.39758109	-0.13788848	-0.17444005	-1.05885631	0.18116262
0.56532048	-0.10295521	-0.14170827	-0.30298454	-0.47557348	0.11656253
0.30649100	-0.23003585	-0.12084479	-0.28980851	-0.46353804	0.34328034
0.68850682	-0.26747076	-0.04131747	-0.21773870	0.30892012	-0.17032750
0.58989350	-0.21615233	0.09566131	-0.41629386	0.49967468	-0.23824004
0.61002034	-0.37880207	-0.09362183	-0.65458898	0.27175869	-0.44970377
0.28777673	-0.24583226	-0.11566954	-0.45430866	-0.08316641	-0.37225857
0.36162329	-0.18486253	0.06425522	-0.43874427	-0.32305974	0.03516510
0.69020137	-0.23927128	-0.10034672	-0.19269146	-0.54764280	-0.18327979
0.55221552	-0.40252430	-0.11781678	0.14588469	-0.78504473	-0.49288927
0.85673050	-0.36330421	-0.15679557	0.60764327	0.49048114	-0.22870205
0.62688458	-0.51004941	-0.04854312	0.49076250	0.47615033	-0.33515485
0.70121898	-0.63125079	-0.26321227	0.39059867	-0.52382639	-0.12482371
1.26839754	-0.56355913	-0.52163963	0.38994556	-0.42956877	0.22645628
1.74477080	-0.72746410	-0.57764336	0.66911453	0.23981527	0.38861486
2.03333065	-0.55989404	-0.53771098	1.08190448	1.17378135	-0.10549972
1.74501832	-0.41953005	-0.53217605	0.65588729	0.98343241	-0.16723880
1.97516714	-0.43322958	-0.42672657	0.57418396	0.56208802	0.13401873
1.38529432	-0.31961840	-0.09388617	0.28279825	0.81713531	-0.03221282
0.96917827	-0.57915699	0.05488772	0.37056682	0.37705842	-0.52694456
1.08512182	-0.14430508	0.09681420	0.19718024	-0.13289129	-0.48742133
1.29981013	-0.31653934	-0.20606520	-0.11878162	-1.55321298	-0.05106907
1.28916100	-0.11989812	-0.32622707	-0.58372366	-0.79025352	0.16034872
1.01929743	-0.13751612	-0.34052847	0.06512872	-0.13075059	0.45761370
0.90577324	0.01954346	-0.23933636	-0.30097900	0.17182821	0.10844915
0.45358277	-0.25961438	-0.08303090	-0.30453282	-0.05887436	0.08257902
0.45817765	-0.00537641	-0.07646483	0.23445750	-0.28431980	0.36666585
0.50020501	-0.25808525	-0.06561104	-0.08422611	-0.50162082	0.56848630
0.91865578	-0.08415206	-0.24145368	-0.07842044	-0.67740551	-0.06252270
0.74325843	0.04130064	-0.00941481	-0.27125254	-0.22048913	0.15091474
0.68488237	0.02617047	-0.09134749	-0.25678308	0.54112736	0.00428565
0.73871335	0.04803040	0.03310800	-0.36343657	0.67242155	0.19788588
0.66328639	-0.09294221	-0.01524075	-0.48031405	0.72861557	0.13853075
0.56076260	-0.20182924	0.15432698	-0.43484686	0.79247400	0.44812241
0.72892389	0.07854794	-0.12316614	-0.80339031	0.90568053	0.68428256
0.66382432	-0.03163409	0.06252670	-1.34666383	0.10515738	0.61356033
0.55548654	-0.16447407	0.14253340	-0.93824243	-0.21262593	0.32053451
0.90019448	-0.15025247	-0.01768246	-0.50303457	-0.03887592	0.29237090
1.07353674	-0.37896292	-0.03574423	-1.03144654	0.10380486	0.20522822
0.96014844	-0.28695294	-0.14204898	-0.89200731	0.34018730	-0.10984452
0.86256825	-0.43754767	-0.41745741	-0.87674427	0.96908197	-0.26770248
1.08754892	-0.62617422	-0.29358192	-0.98191013	0.90286839	-0.45689590
1.02830613	-0.63341594	-0.42616536	-1.20844136	0.67658244	-0.36901863
1.34323890	-0.71064403	-0.24867236	-1.17085700	0.66463969	-0.33878194
1.75606761	-1.02882239	-0.25923482	-1.22836744	-0.14823511	-0.28798128
1.56877290	-0.56020857	-0.16488404	-1.05417884	-0.81471947	0.08255942
1.94294360	-0.55851593	-0.32230908	-0.64196933	-0.05563031	0.15267950
1.58195735	-0.41228948	-0.22873431	-0.54452488	0.81586946	0.47595215
1.29016283	-0.29466038	-0.18915233	-0.66829789	1.00655450	-0.08513980
1.30169129	-0.43752274	-0.04823850	-0.24731102	1.26260699	0.30596715
0.82124359	-0.38261295	0.15144667	-0.37333369	-0.01246018	0.49263540
0.66214204	-0.23220636	0.08798830	-0.75020331	0.04481579	1.04869520
0.69711439	-0.00898654	0.03522784	-0.83914653	-0.50084163	0.90057046
0.55683607	-0.20936597	-0.11204964	-1.52765441	-0.26223364	0.95796172
0.79507286	-0.27080726	-0.12784144	-1.07369753	0.11548519	0.56264675
0.75107509	-0.20429286	-0.10261451	-1.35668184	0.06368879	0.46107099
0.74357048	-0.51239383	0.01782118	-1.03767976	0.76409991	0.29582229
0.55795177	-0.35017586	-0.03541659	-0.50292433	0.67454701	0.40149849
0.76137613	-0.53494825	-0.13346157	-0.80093798	0.72554480	0.34070563
0.72507389	-0.32911395	-0.10640005	-0.37232491	0.38529800	-0.02758496
0.60639773	-0.39263562	-0.00718150	-1.19169568	0.82629255	-0.31449467
0.70360167	-0.26024033	-0.04268171	-0.42106824	-0.03701045	-0.04972476
0.85884737	-0.28148550	-0.23954341	-0.79202261	-0.34103404	-0.31256879
0.79992683	-0.23866199	-0.12523726	-0.14094837	0.43559194	0.01415884
0.73631612	-0.13351175	0.00592445	-0.22550583	0.88978447	-0.21388121
0.45869945	-0.34961634	0.06369615	-0.73031144	0.69809643	-0.09497415
0.73582081	-0.12619798	0.11894701	-0.67546556	0.68515061	-0.15677863
0.86773220	-0.35212216	-0.10955660	-0.62496600	0.40728471	-0.02397995
1.05369473	-0.39349191	-0.32193434	-0.36306307	0.12162357	0.33928941
1.85262977	-0.59399259	-0.62987621	-0.50017629	0.29309424	0.42779327
1.49686454	-0.89094207	-0.75482114	0.25107771	0.68831637	0.46546227
1.27464257	-0.83644853	-0.49286056	0.17344903	0.90897764	-0.15337698
1.52768427	-0.71931460	-0.67596003	0.13876077	0.50404064	-0.25971690
