0.93783609	-0.33014509	0.07430686	0.19058157	-0.12415665	-0.37002277
1.19350364	-0.53051459	-0.15848521	0.02494956	0.46901542	-0.28680545
0.62633256	-0.50955228	-0.10467695	0.23088353	0.37703411	-0.34302435
0.70250026	-0.20226567	-0.30001653	0.29515457	0.05547522	0.26008409
1.31920661	-0.60248391	-0.49435373	0.51288226	-0.62479590	0.18765260
1.62205867	-0.40844849	-0.67665566	0.42812995	0.03327395	0.07028784
1.71535518	-0.70121210	-0.55906513	0.85480110	1.11364174	0.26645882
1.76639811	-0.65260399	-0.55311231	0.20469666	0.45645222	-0.12205753
1.42090729	-0.50607686	-0.46116664	0.37858825	0.52467224	-0.07203653
1.43605141	-0.45854773	-0.23410884	0.45928782	0.87455812	-0.26718968
0.94053406	-0.57985478	0.08891777	0.27438350	0.65815891	-0.33607916
0.95683272	-0.35765345	0.15849692	-0.05517576	0.06367853	-0.50562842
1.44461979	-0.16021227	-0.27642224	0.20266789	-0.86555630	0.10754372
1.24452698	0.04233881	-0.48026309	-0.27648082	-0.99769266	0.28544911
0.99956882	-0.15511705	-0.29858271	0.15824259	-0.26557384	0.00457966
0.60964589	-0.24621300	-0.25958050	-0.10761257	0.36788746	0.16791240
0.53231992	-0.05326498	0.05743473	-0.20227879	-0.08429822	0.24061599
0.35074073	0.01086004	0.00410672	-0.12232118	-0.37496446	0.11270497
0.82721130	-0.12599061	-0.30190892	-0.08721528	-0.69299169	0.08727190
0.57452916	-0.06709113	-0.26819444	-0.25868150	-0.59401503	0.58279143
0.65534633	0.07509179	-0.24793580	-0.65871594	-0.02273787	0.08007628
0.72112927	-0.06726598	-0.06283934	-0.32437428	0.00593133	-0.02785676
1.04250061	0.07468174	-0.19284158	-0.56706258	0.98897390	0.45627022
0.72968667	0.09561175	-0.03161153	-0.48393358	0.80474403	0.53960345
0.75220637	0.15753727	-0.15964826	-0.55233703	0.81594247	0.29749948
0.84341534	-0.10405012	-0.18514685	-0.74506144	0.97628616	0.63251717
0.42541542	-0.00240625	0.11645954	-1.21035447	0.81491893	0.37584612
0.84089646	-0.25885539	0.08957479	-0.88546775	0.79307782	0.30444922
0.79138199	-0.16421772	-0.09389167	-0.94231386	0.09407753	0.11502469
0.92588314	-0.14227563	-0.06029851	-1.19585387	-0.27286585	0.08521260
1.02448634	-0.12035126	-0.14368946	-1.07586213	0.43237751	0.00275081
1.21696937	-0.62194950	-0.36500153	-0.70794502	0.48129692	-0.11634024
0.97389867	-0.48048288	-0.27305825	-0.86866521	1.29173688	-0.57302358
1.00469590	-0.51291458	-0.42098577	-1.07397005	0.98515764	-0.76199334
1.51301384	-0.80033923	-0.21356552	-1.35987171	0.46099557	-0.34704578
1.75316814	-0.60264573	-0.04022556	-1.14640719	-0.52049670	-0.31501624
1.80115144	-0.63211604	-0.25178121	-0.61036117	-0.52132693	-0.05246507
1.79101439	-0.46298044	-0.31872472	-0.85133540	0.04206872	0.15918944
1.47603575	-0.49519931	-0.31039461	-0.37605482	0.96415410	0.02427949
1.41231207	-0.48856215	-0.12094780	-0.26911177	0.90635343	0.09834970
1.41302220	-0.16649536	-0.01028132	-0.19107955	0.32654435	0.26834540
0.95832940	-0.65697059	-0.08893472	-0.64500196	0.01428397	0.44147510
0.97814957	-0.27700233	0.26642006	-0.26187839	-0.34087918	0.74555515
0.55609577	-0.13226972	-0.21179570	-1.02758632	-0.33693225	1.14956993
0.79232546	-0.00681818	-0.39184079	-0.86130457	0.20070946	0.59421180
0.57010965	-0.07669122	-0.19053289	-1.32917816	-0.25355085	0.79262650
0.75695843	-0.28273713	-0.24570785	-0.83147723	0.01080756	0.70194614
0.50183562	-0.36193485	-0.15996629	-0.74022952	0.43207479	0.38874829
0.58922743	-0.39624627	-0.09221405	-0.61114952	0.28546253	0.27052006
0.52425330	-0.43227714	-0.10511015	-0.49783282	1.00664005	0.53455740
0.61366406	-0.27874844	0.09898776	-0.82354577	0.28165135	-0.12248412
0.69407760	-0.38012090	-0.13224691	-0.74739315	0.19705493	-0.24650096
0.74370281	-0.08958004	-0.10366358	-0.41999909	0.25670633	-0.11748818
0.90414135	-0.22299585	-0.06372460	-0.69317320	0.53228030	-0.01513688
0.77711276	-0.31576076	0.07949379	-0.30125564	0.52144653	0.04786828
0.71689292	-0.29544350	-0.23696738	0.32786486	0.38738009	-0.21879692
0.65425717	-0.05303643	0.16230883	-0.40667305	0.93681110	-0.10949871
0.76046861	-0.14936430	0.09961308	-0.50651743	0.52685617	-0.19269254
0.62558348	-0.34854269	0.06618795	-0.36902952	0.48573760	-0.04430604
1.07846005	-0.42389315	-0.36719426	-0.50792117	0.11864395	0.17294441
1.59085735	-0.72092791	-0.42853835	0.41870732	0.13802534	0.61999084
1.51081182	-0.82783938	-0.71878250	0.55407033	0.88227355	0.26477715
1.19664043	-0.75767843	-0.63874390	0.35732938	0.63196880	-0.20916154
1.56826548	-0.65233764	-0.70792451	0.33417628	0.30716123	0.24770494
1.49783747	-0.59392050	-0.35411637	-0.03580608	1.23800443	-0.34010412
1.31658740	-0.41867378	0.21090593	-0.24008296	0.41081468	-0.79589263
1.00500134	-0.50711584	0.18256509	0.01265856	0.16076091	-0.29439510
0.99838170	-0.20725067	0.18388980	-0.64213620	-0.88108581	0.09051312
1.16318453	-0.16906286	0.08526779	-0.37125817	-1.35076529	-0.05065913
0.97310686	-0.38135849	-0.24700325	-1.15783740	-0.66017303	-0.03001717
1.21819006	-0.53625653	-0.26077354	-1.46087856	0.08533796	0.15767616
0.75729224	-0.35563587	-0.00194559	-0.53922453	0.18395983	0.21225638
0.81483966	-0.53905922	-0.11474527	-0.78286750	0.11758094	0.14206493
0.67081885	-0.26156137	-0.18582982	-0.23304083	-0.63928253	0.20608609
-0.02433877	-0.22200901	-0.08706858	-0.41626929	-0.92117489	0.31316486
0.95272657	-0.11213849	-0.29510390	-0.72287875	-0.53966551	0.06107117
0.44317529	-0.07711419	-0.06416538	-0.37699911	-0.94318894	0.62157065
0.37340924	-0.28356766	-0.17771141	-0.41876706	-0.46285968	0.29373661
0.51841201	-0.18710823	-0.14139846	-0.35819223	0.15854171	0.03895512
0.50552656	-0.17801918	-0.06671548	-0.28970278	0.66620427	0.42614235
0.48830109	-0.10303657	-0.13416748	-0.14594695	0.01329980	-0.00521823
0.80182756	0.04417905	-0.28248722	0.12490571	0.16757940	0.18990038
0.97038933	-0.27289120	0.03133494	0.07682255	0.42500260	0.22345416
0.79239977	-0.17886635	-0.13672267	-0.02444831	0.84558573	0.25014442
0.96587854	-0.00092667	-0.00968984	-0.27714986	1.05987532	-0.10776183
0.80336655	-0.00698258	-0.00804957	-0.57469237	0.65713352	0.14350345
0.59743061	0.07217948	-0.10916398	-1.12316273	-0.08462309	0.00548792
0.84477034	-0.14818585	-0.34904534	-0.83419851	-0.41314831	0.27747160
0.86447641	-0.59021204	-0.43294881	-0.51450712	-0.01649774	0.21434056
1.29664908	-1.15180185	-0.56573760	-0.91276193	0.21559942	-0.44991580
1.71379373	-1.00071609	-0.23506591	-0.91790866	0.44875897	-0.43541995
1.32636862	-0.94336688	0.01324555	-0.11201948	0.50786985	-0.43406933
1.75229335	-0.73246427	0.13825837	-0.55784262	-0.60139864	-0.28754671
1.93857126	-0.76197094	-0.18484521	-0.35416826	-1.08466696	-0.04811665
1.55540914	-0.25042845	-0.34522473	-0.00109343	-0.55737331	-0.15629110
1.56340763	-0.55949630	-0.49595510	-0.18488038	0.63342920	0.71300148
1.28097826	-0.57891849	-0.06450878	0.11591755	0.75067531	0.57123111
0.82304862	-0.47017022	0.01230074	0.40907011	0.63336708	0.32161585
0.77204931	-0.45704526	0.26528223	-0.37397884	-0.56705893	0.23637362
0.69359494	-0.11504457	-0.11913633	-0.58331226	-0.68561520	-0.03728019
0.70144701	0.09462616	-0.19869060	-0.63572374	-0.65617559	0.17951123
0.54475629	-0.37437775	-0.38507214	-0.89662965	-0.52764875	0.30168123
0.63586959	-0.20602507	-0.23267092	-0.71541961	-0.58997274	0.60536912
0.49983576	-0.24158545	-0.17680131	-0.76296206	0.36762018	0.31040259
0.57082114	-0.36440157	-0.01950888	-0.87544472	0.01207108	0.19050666
0.62267775	-0.00198853	0.16536597	-0.19298018	-0.22092406	-0.09578601
0.46685438	-0.05319865	-0.09222696	-0.46447804	0.02689419	0.04417673
0.55869454	-0.31055910	-0.03042376	-0.65180640	-0.04105323	-0.14183133
0.55944984	-0.18886736	-0.08230739	-0.43933637	-0.43784569	-0.19079911
0.53497080	-0.20342577	-0.10964611	-0.60996910	0.08733456	-0.50386951
0.61124203	-0.08364698	-0.11781537	-0.12335963	-0.33232530	-0.16415414
0.28845961	-0.12712843	-0.26592056	-0.20293879	-0.39951455	-0.09079669
0.70373294	-0.53167213	0.02976246	0.29374503	-0.16172252	-0.47505527
0.60302834	-0.37400757	0.16111940	0.39255411	0.26453710	-0.51433526
0.68927847	-0.23038608	-0.29146312	0.51321439	0.28752660	-0.57241501
1.17980220	-0.44598149	-0.20057814	0.64437102	0.52042875	-0.42243340
1.56421729	-0.88696345	-0.53433801	1.04089325	0.20886587	-0.40138202
1.58621391	-0.82349949	-0.60735194	1.19098433	0.94540995	-0.66657301
1.72509645	-0.54650355	-0.61752796	1.06267394	0.72913043	-0.15830517
1.90625921	-0.34072737	-0.90864905	0.37297808	0.63756871	-0.03426134
1.89495676	-0.36316202	-0.61825508	0.76443360	0.10018105	-0.16221653
1.47324993	-0.63128733	0.03977438	1.08536145	0.33868776	-0.21329049
1.27553174	-0.27520878	0.12930827	0.42558547	-0.42711467	-0.29081399
1.31373660	-0.21108451	0.07376334	0.32282484	-1.25790000	0.19263787
1.43358569	-0.20702600	-0.14112587	0.46445556	-1.35245675	-0.10155047
1.15013405	0.07018617	-0.33681023	0.20618098	-0.17728099	-0.01776297
1.00438888	-0.22657174	-0.31196028	0.57510186	-0.49548655	0.17220828
0.60302105	-0.40507718	-0.26050022	0.44905245	-0.63784957	0.29405413
