0.75082626	-0.67634086	-0.35185405	-1.24277554	1.46244236	0.35395620
0.98580710	-1.18404833	-0.77007689	-1.78881961	1.28512947	0.09094141
1.53925009	-1.17862416	-0.68918626	-0.88990104	1.04958229	-0.27078255
1.86086306	-0.97053821	-0.62031419	-0.50320178	1.19395066	-0.04239692
1.62037219	-1.04019945	-0.51702263	-0.93386357	-0.19807579	-0.18412002
1.29908771	-1.01213415	-0.31985684	-0.89109211	-1.28330794	0.38850726
1.44167985	-0.55303333	-0.48672025	-0.72828961	0.14894202	0.09368169
1.30166272	-0.52544698	-0.37543259	-0.70805033	1.04633339	0.16082301
1.19582838	-0.65271660	-0.13515863	-0.69786036	1.64529293	0.00596836
1.35731397	-0.65290647	-0.29231961	-0.68667033	0.86538660	0.59024200
1.06828596	-0.65973031	-0.10103142	-1.11893995	-0.10479537	0.15655800
0.64969746	-0.32120977	0.10208689	-1.05506547	-0.41872152	0.59251155
0.82047289	-0.22273164	-0.23044652	-0.67156678	-0.02651742	0.70510123
0.49895264	-0.52638482	-0.14716883	-0.93425778	0.34515062	0.32679337
0.45217504	-0.28387848	-0.29342668	-0.93697787	0.17966140	0.74901672
0.40218387	-0.14105101	-0.30706942	-1.35025209	0.30006429	0.74378880
0.50716385	-0.24873747	-0.41603394	-1.46058183	1.01528422	0.76141120
0.70848735	-0.48152196	-0.09479160	-1.49238995	1.14303393	0.37965011
0.27687990	-0.42361046	-0.00426415	-1.13222585	1.06922580	0.01289343
0.54505390	0.03186086	0.05129714	-1.19511221	-0.41261499	-0.06529861
0.32153297	-0.20606121	0.02340268	-1.46674670	0.16073171	-0.19576082
0.39329196	-0.31246682	-0.08271268	-1.01970814	0.50494674	-0.30649916
0.40004117	-0.27396251	0.01436395	-1.20687139	0.30231404	-0.60136691
0.79397105	-0.24631359	0.08008290	-0.69006027	-0.36808122	-0.55436484
0.78765902	-0.31211541	-0.13440603	-0.99247585	0.30770767	-0.36245513
1.07914269	-0.62894274	-0.09369285	-0.69900028	0.11546999	-0.58992866
1.09222769	-0.48766743	-0.25688774	-0.03770497	0.75999994	-0.65968423
1.07923535	-0.32760504	-0.42352338	-0.13575509	0.98987475	-0.64655820
0.89576078	-0.50398995	-0.24548331	-0.41714377	0.12749845	-0.20168797
0.90227217	-0.74910336	-0.15089655	0.25864304	-0.26524693	-0.15891654
0.84118973	-0.57629583	-0.52236775	0.04713742	-0.52366534	0.31846581
1.38708974	-0.52161663	-0.83476641	0.00831557	0.26379493	0.20091458
1.89078223	-0.78699535	-0.81663929	0.42486154	1.21156727	0.40453368
1.69237773	-0.67338689	-0.79976882	0.12969812	0.69191559	0.58022047
1.59404355	-0.99593407	-0.76106877	0.02565147	0.35742003	0.07532988
1.64179881	-0.59640733	-0.39993706	0.40392107	0.43641927	-0.18622780
1.24066360	-0.43961412	-0.09563368	0.35843435	-0.15694772	-0.45063574
1.03282884	-0.36550818	-0.21171291	0.38845752	-0.31828712	-0.81557315
0.96357151	-0.30687559	-0.12783461	0.29794238	-0.92647573	-0.31148019
0.99566669	-0.12955701	-0.38394954	0.60602743	-1.91596074	-0.46647618
0.90659980	-0.16689524	-0.43681232	0.87424201	-0.91542018	-0.02223246
0.92695398	-0.17473351	-0.42050558	0.61707718	0.19576131	-0.05462797
0.84798363	-0.27202291	-0.25238477	0.51775410	-0.22645286	-0.28470962
0.19523312	-0.09379691	0.00032530	0.49239304	-0.69356918	0.05103393
0.21954581	0.12462901	0.05537456	1.10552196	-0.96563281	0.36359345
0.06875617	-0.15687180	-0.05720083	0.23031984	-1.17890173	0.14518663
0.44121102	0.01692958	-0.15397521	0.67695065	-1.55565344	0.05000468
0.53695649	0.13186864	-0.08602784	0.35456542	-0.38980893	-0.15551155
0.57037970	-0.26015271	-0.16574286	1.08892753	-0.18213934	-0.01923908
0.75446926	-0.23176011	-0.21245200	0.97488896	-0.18324555	0.40884375
0.60006909	-0.17454724	-0.30915238	0.72299427	0.69554560	0.31179901
0.47551020	-0.24449109	-0.16901975	0.91480858	0.54670829	-0.19031524
0.98982244	0.09396318	0.05535500	0.43804461	1.08457181	0.01600078
0.36172780	-0.17591419	-0.08107411	0.00029155	-0.29905643	-0.24253551
0.18379671	-0.15155740	-0.29558605	-0.28758704	-0.21399267	-0.26488994
0.88409510	-0.38278953	-0.25392136	-0.16652543	0.42021939	-0.07557949
0.85539232	-0.68569098	-0.36447185	0.16198202	0.21850442	-0.06345973
1.15745084	-0.95571100	-0.36517812	0.16413206	0.40326601	-0.26893066
1.73837644	-1.02493793	-0.26390681	-0.04418648	0.51629760	-0.69683690
1.81585052	-1.03854530	-0.21926460	-0.16957574	0.25716411	-0.79211151
1.94063461	-0.78368781	-0.05477809	0.22364575	-0.62809924	-0.44889365
1.81020480	-0.63551445	-0.27151187	-0.09087515	-1.10733298	-0.05397753
1.41510300	-0.37657718	-0.22166585	0.17627295	-0.52310098	0.39056432
1.42911312	-0.36864765	-0.06675114	0.51929754	-0.16934472	-0.11291309
1.32805897	-0.68294624	0.02163608	0.91292171	-0.28052058	-0.18132798
0.78278130	-0.67101310	-0.13855992	0.58451540	-0.29996685	0.06519726
0.75841774	-0.37898641	-0.01715241	0.66709675	-1.16587588	0.25102720
0.77306197	-0.11326099	-0.14883162	0.37976688	-1.20817066	-0.10523788
0.76796658	-0.26322282	-0.14365508	0.71198125	-0.59388958	-0.18630076
0.64026897	-0.19190907	-0.24005199	0.30066928	-0.38701180	-0.00612868
0.15480446	-0.10403671	-0.14531668	0.27053741	-0.21447311	-0.06158359
0.42314750	-0.13612961	0.01781541	-0.10092376	0.26599663	-0.04748753
0.41910312	-0.26449914	0.16304623	0.00350782	-0.02351630	-0.25052019
0.66251234	-0.11566238	-0.14039950	0.28005312	0.19899492	-0.44775607
0.67137061	-0.14728077	0.13009701	0.52061297	-0.29000851	-0.67313970
0.58461464	-0.39452735	0.04359332	0.13712133	-0.77711936	-0.55956074
0.61284859	-0.29628100	0.00298218	0.33573920	-0.78195423	-0.54027159
0.86018327	-0.48219457	-0.24566975	0.24537458	-0.68168889	-0.80542789
0.94848869	-0.31618271	-0.13234924	1.06337245	-0.55179229	-0.48466250
0.78877270	-0.41090361	-0.19545770	1.11922180	0.04524072	-0.43699984
0.85584267	-0.33799849	-0.20383830	1.17617112	0.41933081	-0.42500016
1.16570227	-0.24581070	-0.47027211	0.68725126	0.09026819	-0.42047126
2.02040684	-0.82954047	-0.72814582	1.15182232	-0.41717592	-0.28914546
1.78336679	-0.61023232	-0.61831102	1.15162169	0.93125952	-0.13564697
1.81209270	-0.66273358	-0.41514717	1.04753001	1.11162353	-0.21117557
1.82856107	-0.41865366	-0.40632546	0.49456714	0.75480716	-0.42049930
2.00061394	-0.53733976	-0.48943089	1.06495989	-0.01887057	-0.01980186
1.63167450	-0.35057981	-0.23751860	0.83934049	-0.04705955	-0.54839112
0.96302674	-0.13439373	0.04973467	0.35142249	-0.14481937	-0.37404071
0.75238324	-0.08899952	0.11561738	0.14270984	-0.10040215	-0.12090939
1.20761418	-0.24884399	-0.28800752	0.30344689	-0.78234095	-0.09067816
1.51414862	-0.27356668	-0.04921514	0.62000087	-1.88432237	0.22375172
0.99801195	-0.20091887	-0.20713495	0.71506382	-0.57333666	0.04978856
0.57666478	-0.33116806	-0.14739200	0.66559306	-0.72743060	-0.17170402
0.51003576	-0.27683359	-0.03034767	0.57582639	-0.55337447	0.44602829
0.58544179	-0.31688262	-0.19188950	0.12699172	-0.83301026	0.32037156
0.81107556	-0.26794984	-0.13136625	0.12870697	-2.08997859	0.17326665
0.46631713	-0.22439367	-0.36963458	0.63121529	-1.06070653	0.42804747
0.78735380	-0.02157418	-0.39257396	0.26414796	-0.69030649	0.19441054
0.82709611	-0.34329964	-0.38372684	1.08887643	-0.51068023	0.21982625
1.06668124	0.02723038	-0.13278505	0.70303288	0.07544537	-0.01731226
1.15559887	-0.04956917	-0.12410484	0.78392486	0.19265202	-0.15529682
0.73747768	0.02783702	-0.25030525	0.97334843	0.63880392	0.03063714
0.55066290	0.11751290	0.12572373	-0.09781319	-0.16259456	0.04264078
0.40138188	-0.06169301	0.07967183	0.46449939	-0.61246453	0.05304210
0.66943971	-0.25903143	-0.03578685	0.14099887	-0.89420843	0.17814244
0.84323387	-0.06727783	-0.32821368	0.57166290	-0.69867002	-0.17818236
1.02233377	-0.06886687	-0.23724889	0.85239657	-0.08166555	-0.16576274
0.94848356	-0.51179130	-0.45466153	0.55000804	0.11371530	-0.52307774
1.09323304	-0.41776686	-0.30324284	0.66553286	1.03356736	-0.58300529
1.45369047	-0.50751902	-0.29357167	0.36890235	0.53986264	-0.63130403
1.79024436	-0.60393606	-0.18489528	0.06094495	0.62814769	-1.00937005
1.89295647	-0.86848517	-0.13654466	0.30112151	0.24077368	-0.51408757
1.76111299	-0.63793394	-0.12012834	0.26324685	-0.44982469	-0.15374352
1.80988291	-0.70094871	-0.10039349	0.47699839	-0.65557043	-0.58593392
1.75051305	-0.34706344	-0.21263358	0.26416698	-1.26198906	0.03424466
1.63658181	-0.40565384	-0.36581626	0.44477147	0.73574560	0.09643982
1.31576406	-0.47623547	0.05113207	0.62950550	0.02918525	0.05769226
0.88739086	-0.27266409	0.11913512	0.95925784	-0.06032027	-0.07555892
0.52838368	-0.51518805	0.00445607	0.49238113	-0.56130718	0.18470950
0.47776499	-0.15340088	-0.04842995	0.53115324	-1.11299626	0.43920346
0.46304075	-0.23105641	0.04171486	-0.02644380	-0.63465991	0.21029938
0.69813653	-0.23218621	-0.01382352	0.57530589	-1.02582197	0.22451077
0.59350699	-0.05443494	-0.13735524	0.27502116	-0.67455446	-0.11168597
0.61106031	-0.53938528	0.06279546	0.09960395	-1.24538356	0.04499132
0.76910814	-0.21104025	-0.09531001	0.11814830	0.04242626	-0.26105148
0.38702746	-0.34853524	-0.14862515	0.44675935	0.00906787	-0.28483093
0.41835524	-0.20470168	-0.01839846	0.14844773	0.54573755	-0.44704457
