1.20641618	-0.54793917	-0.49498870	-0.64236179	-0.25311464	0.43796538
1.22276090	-0.60746089	-0.30429449	-0.57939160	-0.50275515	0.60975326
1.19802077	-0.67509647	-0.47549196	-0.47735508	-0.33138987	0.24814721
1.01926524	-0.50017506	-0.56784326	0.12599024	-0.07576798	0.68176614
0.96617186	-0.58967784	-0.56641292	0.06529997	0.25521487	1.14487945
1.15184756	-0.51186324	-0.65448039	-0.14167549	0.50661209	1.14613649
1.13012767	-0.40658916	-0.73154846	0.27102445	0.90521469	0.85029937
1.13759836	-0.72508854	-0.43573352	-0.08578398	0.45980317	0.44503900
0.77693408	-0.51070522	-0.22598188	0.30758589	0.09564986	0.27544166
0.73953531	-0.56613482	-0.20222481	0.62083159	-0.20114978	0.59758722
0.81201063	-0.46692501	-0.16347022	0.35107413	0.17154637	0.40119971
0.87582679	-0.43863090	-0.43108807	0.37798129	0.15175347	0.87398770
0.57365486	-0.37438679	-0.38981715	0.81752812	0.05196109	0.02944305
0.22610616	-0.20023312	-0.41600818	0.58201840	0.01388530	0.31580454
0.40239184	-0.16409074	-0.17987989	0.09347561	-0.11376872	0.38815201
0.49349401	-0.09718566	-0.27869324	0.30263063	0.25836506	0.29145165
0.47689563	-0.60778798	-0.23629307	0.11436497	-0.20183958	-0.18933329
0.48943130	-0.46104104	-0.18580930	0.14833420	0.09672801	0.09789252
0.61423460	-0.09801316	-0.20468760	0.18059572	-0.45015169	-0.06639962
0.62337137	-0.38353058	-0.18587598	-0.03452993	-0.42129261	0.06180420
0.73306652	-0.49393569	-0.08115199	-0.26702993	-0.86721473	0.10397795
0.97482371	-0.53920830	-0.09034855	0.08040581	-0.31476138	0.23877284
0.95473859	-0.34666256	-0.09464355	0.26932162	-0.11465219	0.18452554
1.21031663	-0.42773888	-0.02762386	0.22929393	0.36855475	-0.04258845
1.15479069	-0.44734336	-0.15158245	0.03165309	1.07599581	0.20612698
0.87039216	-0.59169953	-0.06011519	0.01603224	0.80204050	-0.02717867
1.07117582	-0.53541926	-0.06558400	0.33754335	0.76127994	0.18405608
1.30466015	-0.76641689	-0.17843573	0.01265546	0.45454522	0.11345794
0.98341587	-0.97046357	-0.54362440	0.42263887	-0.62933430	0.41996017
1.10592343	-1.13708465	-0.57571147	0.38610633	-0.08489077	-0.06778093
1.10554757	-0.79973862	-0.52909973	-0.43378883	-0.00047461	-0.56641636
0.90424266	-0.85329083	-0.42939364	0.18442133	0.10299783	-0.04589092
0.83448139	-0.86445657	-0.48681575	0.06572380	-0.54737716	-0.25494624
0.96219115	-0.69386814	-0.43533720	-0.02017329	-0.71106955	-0.18612637
0.95974035	-0.69779592	-0.43117300	-0.02411351	-0.64273373	-0.81358794
0.82673475	-0.59390617	-0.42046939	-0.43854711	0.12453529	-0.58514149
0.74326348	-0.25652272	-0.21297339	-0.10533384	-0.08818248	-0.96184789
0.80826595	-0.24181633	-0.28287166	0.22475699	-0.23014927	-0.81781525
0.53294556	-0.37943666	-0.25546122	-0.29796727	-0.01637840	-0.73062900
0.41606507	-0.64389809	-0.15526778	-0.13785046	-0.24447100	-0.68124969
0.32665194	-0.42652555	-0.21260534	-0.16437625	-0.62597148	-0.86920058
0.47351255	-0.30770659	-0.13005105	-0.48340397	-0.86541646	-0.87194398
0.41786712	-0.20929760	-0.20289750	-0.36102592	-0.45301998	-0.80487996
0.71490709	0.00706013	-0.32864006	-0.22319550	-0.27638405	-0.91385991
0.63891484	-0.27305983	-0.36321833	-0.49162419	-0.74513798	-1.01074951
0.63906288	-0.53206050	-0.41097901	-0.18592754	-0.05256269	-0.76549923
0.60937418	-0.24890960	-0.31065242	-0.27120119	0.00817962	-0.73942155
0.86142100	-0.42815309	-0.32814456	0.25707944	-0.35581664	-1.02360215
1.10953398	-0.24607161	-0.28771862	-0.10703624	-0.84722757	-0.37592416
1.22838112	-0.12690801	-0.23875909	-0.27641452	-0.22160744	0.04927888
1.40159601	-0.27366603	-0.34179777	-0.32384586	-0.01447491	-0.02741185
1.43395868	-0.22262846	-0.39109268	-0.02372176	0.38644641	0.16385286
1.09178775	-0.14761396	-0.32796543	-0.00309320	0.26729336	0.02555280
1.28662916	-0.56849130	-0.33778401	-0.12417223	0.13199906	0.20217137
1.23711296	-0.26226780	-0.46013525	-0.65471458	0.00831652	0.55635951
1.33968094	-0.50734888	-0.55098938	-0.54388048	-0.65004837	0.18573446
1.28282577	-0.69699324	-0.53681040	-0.42099397	-0.17447230	0.54300193
0.78774812	-0.54429885	-0.66645067	-0.20916502	0.33460061	0.76490256
1.24575660	-0.57232353	-0.62809750	0.14743386	1.14310944	0.75229157
0.89887569	-0.66878378	-0.57487518	0.09813487	0.94891997	0.61916733
0.77483811	-0.42134073	-0.43161043	0.15087910	0.97647767	0.38552124
0.77929843	-0.61615761	-0.32625922	0.28141720	-0.12320527	0.55303064
0.73081153	-0.64186911	-0.37939074	0.45732256	0.04163970	0.90001722
0.90433839	-0.41418216	-0.28677080	0.54375361	0.24072882	0.83322363
0.70198092	-0.25269741	-0.35410710	0.77616170	0.52978667	0.55056596
0.25383091	-0.58787292	-0.19605556	0.60734351	0.47032899	0.24961557
0.50646951	-0.54880389	-0.15679880	0.32852350	0.61906189	0.53843461
0.60378417	-0.47795583	-0.29596869	0.60163800	0.05691700	-0.29462402
0.55667157	-0.22227995	-0.26472033	0.31607813	0.22609194	0.28266461
0.53954828	-0.53027080	-0.22383819	0.23798287	0.55834003	-0.03783172
0.64072011	-0.36327127	-0.21203595	0.18453418	0.22386180	0.01660269
0.66034379	-0.54524025	-0.10227664	0.05145583	-0.18183234	0.05756778
0.66317959	-0.40730047	-0.25219088	0.23483176	-0.23106763	0.01494305
0.67632171	-0.31220254	-0.09216703	0.25606739	0.13048475	0.18527953
0.95400606	-0.67407250	-0.05786984	-0.16287463	0.03925578	-0.20659261
0.79224909	-0.34595901	-0.18804311	0.01830942	0.23900554	-0.12482680
1.17713559	-0.52269302	-0.06514966	0.00889412	0.33049143	-0.09238255
1.00348115	-0.27539568	-0.00989389	0.12969142	0.28783645	-0.25097966
1.24182313	-0.24978355	0.06370481	0.12877321	0.45662596	0.13565608
1.39898827	-0.42404957	-0.01950812	-0.28603334	0.39209724	0.10741041
1.07849717	-0.45060241	-0.14657858	-0.40714049	0.21519508	-0.25295646
1.25118754	-0.62061007	-0.29662476	-0.25379450	0.04267021	0.06213609
0.95533911	-1.43371921	-0.26149616	0.73899841	-0.00490438	-0.63118623
0.87840997	-0.98065930	-0.32969017	0.34670855	-0.29380993	-0.48821450
0.72941836	-0.64571036	-0.33418200	0.71679820	-0.18518238	-0.87271803
0.89030309	-0.76980818	-0.33241839	0.36744522	-0.12174873	0.04965493
0.53870620	-0.91783412	-0.34464099	0.71502354	-0.53689822	-0.70539298
1.00074369	-0.79026608	-0.29153563	0.94321983	-0.93220179	-0.60320957
0.92126768	-0.54501032	-0.31954574	0.60782064	-0.46954341	-0.64665205
1.11863558	-0.36970490	-0.57341102	0.28037086	-0.38826687	-0.80800044
1.09358789	-0.11967660	-0.37378108	0.69308260	-0.32784780	-0.79401616
0.92904403	-0.51848941	-0.17339421	0.33222686	-0.28783997	-0.73781357
0.80740482	-0.33131529	-0.24740149	0.67440754	-0.88343393	-0.93706576
1.02731777	-0.39221800	-0.36206249	0.60101655	-0.92159364	-0.71262747
0.88376163	-0.44344533	-0.29107676	0.54347707	-0.74583696	-1.19039468
0.70441765	-0.03831348	-0.36256705	0.67058885	-0.52900572	-0.97926961
0.58174710	-0.55266150	-0.44822346	0.39284257	-0.67476027	-0.67926107
0.60478021	-0.13998440	-0.38677353	0.56592790	-0.66886870	-1.13990764
0.75686604	-0.58678508	-0.42345173	0.49880746	-0.77604256	-1.12307541
0.67037108	-0.34991766	-0.28245330	1.09471753	-0.01663845	-1.38133630
0.57674212	-0.18822447	-0.30538981	1.30310642	0.10847450	-1.27963610
0.44053544	-0.40206845	-0.22374756	1.11658961	-0.07987353	-1.35772632
0.57920585	-0.13506532	-0.23742690	0.96385448	-0.06572092	-1.35889101
0.70403142	-0.07483740	-0.25333885	0.94214808	-0.34212446	-0.88735666
0.53894255	0.25912628	-0.24868447	0.75139859	-0.44078816	-0.99166280
0.91086203	-0.19990353	-0.29208295	0.39664761	-0.45000243	-0.74611442
0.83494491	0.05719567	-0.22339775	0.82810776	-0.22954557	-0.43192889
1.08545998	0.18204344	-0.28613616	0.54179817	-0.07618999	-0.34029189
1.30448015	-0.00690485	-0.11267552	0.62956631	-0.09940292	-0.03718170
1.38545133	-0.45724300	-0.16401887	0.65344738	-0.25985453	0.30511259
1.61237035	-0.35489065	-0.21409701	0.49452871	-0.10064896	0.79667651
1.48459118	-0.20282443	-0.37630775	-0.00582628	0.12450964	0.56624149
1.58508529	-0.50887760	-0.45488188	-0.18325248	-0.59111819	0.33129696
1.25768901	-0.59642223	-0.50583272	-0.61054089	-0.52684555	0.36267336
1.18440878	-0.91307602	-0.77747832	-0.19433943	-0.62472286	0.50865749
1.12914761	-0.65361832	-0.80374688	-0.34169673	0.28476493	0.76984740
1.28347300	-0.26727525	-0.67822815	-0.14883563	0.94946223	1.18463423
0.88466553	-0.32547853	-0.50915500	0.26813503	1.10616676	0.96171018
0.91283186	-0.50151447	-0.34542892	0.45732060	0.30181508	0.61425369
0.52076468	-0.45254181	-0.21433174	0.32182455	0.25782532	0.69050282
0.52777854	-0.42691458	-0.11382463	0.40365031	-0.69132733	0.61782019
0.65410989	-0.33348053	-0.18443241	0.99796362	-0.03391557	0.37252978
0.49337655	0.10228988	-0.29054285	0.98886668	-0.07759413	0.44314879
0.53277654	-0.25630118	-0.25943788	0.71706093	0.28992432	0.10079659
0.40479840	-0.09733178	-0.34034108	0.68224210	0.44832048	0.13269360
0.76436367	-0.01564786	-0.24714948	0.85680260	0.51859656	-0.33060471
0.31321403	-0.31608439	-0.26086079	0.14217559	-0.04240399	0.19784355
0.57182116	-0.08353548	-0.19433258	0.30291151	0.54625082	0.34341340
