0.68354574	-0.39039384	-0.32997789	0.70150077	0.23420103	0.83773792
0.67924535	0.07446966	-0.20981359	0.85641883	0.47797065	0.76823848
0.32260551	-0.48134274	-0.42474568	0.54930562	0.62109679	0.57127046
0.62688145	-0.33925885	-0.12523943	0.17891413	0.68348045	0.44574560
0.25061423	-0.38477712	-0.38154956	0.31618212	0.13540654	0.26884068
0.66914553	-0.39923567	-0.08770797	0.69629208	0.29354437	0.62310993
0.73518491	-0.28760984	-0.04303305	0.57427196	0.19809647	0.44803514
0.44751080	-0.29538057	-0.28414060	-0.27434257	0.24951536	-0.16526957
0.69291456	-0.26060520	-0.10068122	0.20060246	-0.10892249	-0.24915129
0.85379689	-0.63294681	-0.06241037	-0.26793926	-0.20826874	0.29308579
0.73584840	-0.75704776	-0.16387975	-0.09534524	-0.17873036	-0.02856416
0.80653424	-0.58156543	-0.03970683	0.02270693	-0.03663638	0.05095361
0.67575787	-0.35266775	-0.06354766	0.05501393	0.10737772	-0.15094761
0.83673366	-0.33484081	0.15554922	0.15163857	0.19694697	0.03242018
1.25297386	-0.37215223	-0.01446709	-0.00374479	0.29408957	-0.27775479
1.32408440	-0.43362066	-0.14804754	0.26346128	0.10824743	-0.05243370
1.21109607	-0.78245702	-0.10760196	0.38259083	0.02056586	0.17766303
1.12460742	-1.01823028	-0.21924586	0.01027497	0.30803796	-0.43908352
1.01045145	-1.43943922	-0.42944116	0.36321161	-0.01496431	-0.34861475
0.99202726	-1.09973828	-0.35132755	0.93138345	-0.25958547	-0.82013314
1.08278992	-0.67361723	-0.28264099	0.59540216	-0.19757384	-0.20887966
1.01034578	-0.63726956	-0.54168162	0.13869985	-0.23722182	-0.37184711
0.63229431	-0.81874463	-0.28880016	0.90566667	-0.52214032	-0.93070708
0.59024909	-0.60810046	-0.38220300	0.72767206	-0.77429378	-0.61734167
0.91678563	-0.55485931	-0.42924813	0.68184246	-0.58958685	-0.84576786
0.92544554	-0.58159959	-0.48416769	0.25852438	-0.60845869	-1.09133590
1.26921819	-0.44180392	-0.46235675	0.63122642	-0.36224239	-1.01535031
1.06028828	-0.53726619	-0.17638653	0.71014207	-0.26930977	-0.51475800
0.90496335	-0.18676117	-0.34768238	0.69728660	-0.81531532	-0.60253586
0.70178788	-0.26170215	-0.42255941	0.69849439	-0.85369174	-0.43067410
0.79222658	-0.45530517	-0.28866946	0.39957766	-0.86745472	-0.27590181
0.77426140	-0.30697708	-0.25908780	0.09939034	-0.90124345	-0.70077851
0.66214047	-0.20885442	-0.25581468	0.71197303	-0.76204231	-0.90538391
0.70196078	0.10510248	-0.44648799	0.39131288	-0.76481898	-0.91530136
0.49811409	-0.55401203	-0.38607245	0.42203194	-0.57606810	-0.72205607
0.62390730	-0.47089190	-0.39109782	0.60222329	-0.38204286	-1.51692437
0.36206961	-0.43241868	-0.25590951	1.02962877	-0.16471176	-0.99803564
0.72710159	-0.43380717	-0.35300223	1.17257087	-0.09196143	-1.10075786
0.77136932	-0.06583206	-0.23727981	1.12323009	-0.52604894	-1.19250421
0.56029683	0.36481409	-0.14940690	0.85376841	-0.56414643	-0.84539447
0.73125637	-0.25597709	-0.25614238	1.03882488	-0.50718244	-0.72851464
0.91995766	0.11950770	-0.33277152	0.69581210	-0.64383207	-0.54685267
1.16131562	0.10006537	-0.31950607	0.17773932	-0.61402050	-0.75732262
1.16281290	0.09899737	-0.10473444	0.59746695	-0.11771211	0.04488008
1.21072627	0.18930365	-0.08107214	0.62454767	-0.06269806	-0.07031627
1.43462966	-0.29015156	-0.05095858	0.79663810	-0.23103893	0.53036222
1.42143361	-0.13089742	-0.23395242	0.32473660	-0.03956044	0.40201176
1.53253032	-0.25741176	-0.54459931	0.63356994	-0.29024645	0.56952013
1.57520428	-0.42389350	-0.38737399	-0.22803274	-0.86179599	0.49940679
1.61211310	-0.48683328	-0.49784107	-0.53872302	-0.52111668	0.04188851
1.27193034	-0.77004774	-0.54064415	-0.63093688	0.02109037	0.19418588
1.20024233	-0.54593682	-0.87060083	-0.43507057	0.49069451	0.74595671
1.15467899	-0.60834066	-0.90148966	-0.50570654	1.02255774	0.69124487
0.99622572	-0.68937617	-0.54487068	-0.19143834	0.74647286	1.29844722
0.79363206	-0.71752236	-0.52031135	0.59570082	0.67383556	0.78502387
0.65531838	-0.64935466	-0.23977082	0.45500877	-0.19343968	0.55672942
0.53341496	-0.48348238	-0.18694511	0.63775947	-0.47133480	0.85364055
0.43275304	-0.44080899	-0.34972240	0.65287673	0.13379434	0.41697254
0.33556323	-0.32655172	-0.29137929	0.88960206	0.30380758	0.36052516
0.59224646	-0.11413889	-0.50864727	1.11891616	0.79165227	0.44260346
0.42136412	0.14891843	-0.36281287	0.74367179	0.36790411	0.54050835
0.31548040	-0.29107277	-0.08366773	0.70257012	0.34879113	0.35921504
0.46760700	-0.07213911	-0.16735019	0.39898040	0.47654849	0.39680412
0.61065643	-0.13477512	-0.19947092	0.22237602	0.42721533	0.15610752
0.63321903	-0.19188633	-0.19923129	0.01189648	0.14789072	0.33623895
0.84380134	-0.26956478	-0.25899281	0.06965861	-0.08497509	0.55216162
0.95195788	-0.53630975	-0.20720129	0.20600161	0.14198459	0.57662104
0.83000591	-0.63186422	-0.14369356	-0.29583375	0.10253466	0.48221038
1.00499044	-0.57057903	-0.23659444	0.20674728	-0.15448542	-0.14359596
0.90033183	-0.68287169	-0.19910968	-0.30453105	0.08935144	-0.28762627
0.89507932	-0.71608592	-0.28272312	-0.42179124	0.35908622	0.55900824
0.74951917	-0.24592337	0.04238708	-0.07059613	0.67113162	0.49466655
1.14666516	-0.40800881	0.04217015	-0.55479623	0.57492386	-0.43022077
0.93943872	-0.17557804	0.12478421	-0.37041108	1.02484456	0.04753891
1.00359098	-0.39419649	0.05984921	-0.83978096	0.90797125	0.42130753
0.91702476	-0.50068894	-0.00958419	-0.73273061	0.91011938	0.37282184
1.29726987	-0.67136603	-0.20174753	-0.50583519	-0.01695417	0.20437613
1.14060989	-0.63414883	-0.27340112	-0.24598629	-0.48271722	0.58885215
1.06706797	-0.90618720	-0.24349113	-0.35428859	-0.68231719	0.32324032
0.92462094	-0.79711654	-0.45531039	-0.53390084	0.30160880	-0.20013679
0.92583858	-0.54048035	-0.49760382	-0.98798506	0.01033361	-0.02801817
0.73170884	-0.40185545	-0.44206993	-0.69599048	-0.08297038	0.31797462
0.95198724	-0.55016547	-0.39880898	-0.84267494	0.42719579	0.16732519
1.06264281	-0.56490191	-0.36739647	-1.21360216	-0.20700143	-0.43156284
1.05358181	-0.77090115	-0.59579191	-1.12733088	-0.09508663	-0.90061766
1.00959365	-0.33505352	-0.48091062	-1.60550955	-0.19388179	-0.68251416
0.97571759	-0.16173584	-0.19163642	-1.14178250	0.01716492	-0.82361139
0.62170702	-0.65902590	-0.41492080	-0.59519263	0.13035001	-0.81226332
0.57133369	-0.74760750	-0.30033437	-0.88742149	-0.19784471	-0.50290502
0.31028661	-0.36024599	-0.30311202	-0.24910185	-0.31817826	-0.86729796
0.62272827	-0.42674737	-0.14209789	-0.92585003	0.07777683	-0.25157268
0.46443761	-0.19849589	-0.26537354	-0.58478920	-0.00521979	-0.03720404
0.47731797	-0.14247268	-0.30061896	-0.66031121	0.18114930	-0.38019813
0.68093902	-0.18604166	-0.24014400	-0.85793693	-0.18658655	-0.55356125
0.84324260	-0.26905137	-0.41208049	-0.78518904	-0.01475430	-0.34673524
0.80656775	-0.30541169	-0.36032373	-0.97202119	-0.41769885	-0.61220131
0.73610098	-0.35818099	-0.25435040	-0.86169231	-0.58596784	-0.59844947
1.01702400	-0.25336426	-0.27507349	-0.81602883	-0.23874739	-0.35078027
0.95873141	-0.25043258	-0.46922548	-0.39535433	-0.99171358	0.19761479
1.33535171	-0.06482696	-0.30179847	-0.64856793	-0.24843857	-0.23305085
1.15731906	0.04281892	-0.34279723	-0.76642872	0.10733974	0.28728578
1.20708941	-0.13896476	-0.32304713	-0.73582651	0.72065523	0.19470427
1.14725193	-0.09095564	-0.24204451	-0.52284722	0.28716034	0.78961206
1.42251840	-0.10660278	-0.54781383	-0.92186153	-0.07639657	1.02491045
1.40179641	-0.28409676	-0.45338118	-0.55206210	0.19842264	0.75192409
1.33126090	-0.64215627	-0.60048926	-1.01241428	0.20423183	0.95368734
1.33859401	-0.55202363	-0.59179123	-1.20197398	-0.16595062	0.88067677
1.04146881	-0.61281579	-0.71637023	-0.99243269	0.26176249	0.78123623
1.02027271	-0.53376251	-0.50535843	-0.25316762	0.49510466	1.33361217
1.19783825	-0.44526093	-0.66271749	-0.32844907	1.20979442	1.31534837
1.23266380	-0.42721746	-0.43014233	-0.36259696	1.37074174	0.76488195
0.90167978	-0.68053979	-0.41797246	-0.40199852	1.12279254	0.61102618
0.86708893	-0.14783101	-0.10974152	-0.54403550	0.72365945	1.25167560
0.85385661	-0.28654914	-0.14688462	-0.43601817	0.55329595	0.73669971
0.74531336	-0.28400061	-0.10580317	-0.27268849	0.19046682	0.87634088
0.76658189	-0.34919006	-0.26293295	-0.21873172	0.47615140	0.57831586
0.61653866	-0.35427110	-0.13289899	-0.26903878	0.37495170	0.74857523
0.43779804	-0.47503210	-0.19879459	-0.38731461	0.38156454	0.67620523
0.63890919	-0.25105612	-0.33747248	-0.20282440	0.16402917	0.82745148
0.55815753	-0.50123418	-0.20500253	-0.46346277	0.65264688	0.39061407
0.70849015	-0.39927150	-0.23008628	-0.00329777	0.50782192	0.53486434
0.66321931	-0.44658004	0.02967410	-0.40070941	0.16755491	0.51817271
0.66280079	-0.50792819	-0.12571736	-0.62958672	-0.19692333	0.84440845
0.72067960	-0.36300227	-0.01068672	-0.74293664	-0.20990892	0.57626636
0.67500704	-0.34545867	-0.16674903	-0.44836495	0.09617205	0.43891279
0.90683179	-0.31600322	-0.21125122	-0.39072494	-0.15296530	0.07313667
1.03737049	-0.54684403	-0.16682350	0.00484470	0.66617949	-0.08907485
1.06261300	-0.54688985	-0.13718599	-0.46567219	1.23749825	0.40276375
