1.01832871	-0.15621682	0.06778781	-0.08626464	-0.00686472	0.00037806
1.01606541	-0.15982416	0.06853926	-0.07915929	0.01595771	-0.00870528
1.01704942	-0.16668290	0.06978125	-0.06278187	0.01487454	-0.02004929
1.01488171	-0.17119227	0.07596652	-0.06086888	0.00888213	0.00198619
1.01555850	-0.16996874	0.07043944	-0.04063585	0.00879783	-0.00053302
1.01282214	-0.16469512	0.07379043	-0.06722116	-0.01718383	0.00117056
1.01454147	-0.17254293	0.06959053	-0.01990456	0.01385486	0.00226781
1.01292469	-0.18199031	0.07228832	-0.04168085	-0.02714962	-0.00623952
1.01409316	-0.18369398	0.07669300	-0.05012852	-0.00718681	-0.00181547
1.01496987	-0.17888921	0.07802536	-0.03669064	0.01368924	0.00228139
1.01578216	-0.18240275	0.07747503	-0.02583405	0.00171689	-0.00861578
1.01597365	-0.17580648	0.07559409	0.05833479	-0.00117912	0.00264668
1.01326310	-0.18877618	0.07395519	0.07174251	0.00595146	0.00328489
1.01477445	-0.18094213	0.07275632	0.03521309	0.00167991	0.00382291
1.01437912	-0.16880416	0.06903710	0.02046816	0.02158778	0.00562395
1.01452815	-0.16543456	0.06566548	0.09402221	0.00545221	0.00743160
1.01610646	-0.16589111	0.07048873	0.05629588	0.00244248	-0.01246005
1.01541876	-0.16636752	0.08035872	0.01358646	-0.00530466	-0.00357342
1.01585254	-0.16195467	0.08025008	0.04962306	0.01363689	-0.00242295
1.01997785	-0.16900470	0.07275362	0.05101132	0.02183632	0.00159833
1.02030978	-0.16230247	0.07806573	-0.00630984	-0.01666403	-0.01873393
1.02165281	-0.16268620	0.06046039	0.06861650	-0.02897463	-0.01144637
1.01990275	-0.17244800	0.06100700	0.04483352	-0.02540418	-0.00173521
1.01478510	-0.17199959	0.07402656	0.07652562	-0.04936791	0.01076742
1.01013974	-0.18404397	0.07855071	0.06577320	-0.02813611	0.02851347
1.01209307	-0.16057985	0.07885428	0.11097647	-0.02403124	0.02280020
1.01604098	-0.16841799	0.07949366	0.05556377	0.00714207	0.00978305
1.01419193	-0.16394376	0.07912942	0.10237549	0.00980174	0.01146986
1.01809538	-0.17141088	0.08620777	0.10867869	0.01400296	-0.00262460
1.01837433	-0.16794611	0.08993185	0.02749307	0.03259425	0.00719026
1.01989930	-0.16124973	0.08732905	0.08432568	0.03611654	0.00676916
1.01627908	-0.15216807	0.07604887	0.05437768	0.00535202	-0.00120780
1.01067354	-0.14301839	0.07812885	0.01901736	-0.00361111	0.00003506
1.01068511	-0.14641135	0.07651972	-0.01417926	-0.01400796	0.01300538
1.01539905	-0.15401417	0.07945470	-0.04230412	-0.01307783	0.01017043
1.01846996	-0.16122474	0.07812544	-0.04129848	0.00564164	0.01768528
1.01835747	-0.16639547	0.07104825	-0.03999078	0.00036473	0.01977135
1.01843552	-0.17802882	0.07619350	-0.02421991	0.02225463	0.00692814
1.01234400	-0.18740508	0.06501110	0.00743223	-0.00492753	0.01420701
1.01274834	-0.17591631	0.07255892	-0.05301918	-0.00604234	0.02023241
1.01401939	-0.16894243	0.07587207	0.02372354	-0.01312266	0.02447749
1.00986560	-0.16956469	0.06600549	0.03611681	-0.00625676	0.00917549
1.01654239	-0.16874378	0.06991700	0.02076513	0.00316644	0.02015876
1.01880035	-0.15132125	0.06711625	0.03353401	0.00012935	0.00451458
1.01929837	-0.15266823	0.07560890	-0.00563660	-0.00148452	0.01414856
1.01612011	-0.16918063	0.07654472	0.01849039	0.00366964	0.00689532
1.01732181	-0.15819075	0.08201682	-0.02193488	-0.00501800	-0.00017141
1.01295117	-0.15507328	0.07592903	-0.05783142	-0.01341581	-0.00489969
1.01070979	-0.15700582	0.07408626	-0.07592737	-0.01249173	0.00470546
1.01164816	-0.15234689	0.07925994	-0.07294768	-0.01044795	-0.00623918
1.01164140	-0.16557299	0.08251084	-0.06926043	0.00045717	-0.01771771
1.01273009	-0.17227318	0.08463449	-0.05069892	0.01520551	0.00482969
1.01361441	-0.16631542	0.07801911	-0.02630379	-0.00787978	-0.00353399
1.01441871	-0.16795203	0.08336071	-0.11043091	-0.00047192	-0.01123595
1.01421981	-0.17350371	0.07705635	-0.04595898	-0.00352544	-0.01222804
1.01155091	-0.17267815	0.07702807	-0.01580569	0.01265630	-0.00522763
1.01230105	-0.17828582	0.07524856	-0.03613850	0.01146477	0.00619286
1.01284394	-0.17387228	0.06974043	0.02275774	0.00837772	-0.00043213
1.01189660	-0.17385057	0.06624427	0.01810577	-0.01393016	-0.00238223
1.01449351	-0.18248802	0.07129555	-0.01197103	-0.00680514	0.00319460
1.01494088	-0.17312731	0.07272534	0.03532109	0.00623563	-0.00409020
1.01589571	-0.15906990	0.07218776	-0.00410464	-0.00033822	0.00099325
1.01354419	-0.16074409	0.06707007	0.06980623	-0.00130226	-0.00823408
1.01388793	-0.16065678	0.07650231	0.05363043	-0.00190569	0.00467778
1.01578535	-0.16595821	0.07479450	0.02619078	-0.00421452	0.01622354
1.01599203	-0.16442361	0.07125856	-0.02366246	-0.01339031	0.00210684
1.01450388	-0.15930853	0.07032997	-0.01191785	-0.01835311	0.02407006
1.01599108	-0.14606639	0.06958000	0.05045595	-0.01818120	0.02338825
1.01453829	-0.16614753	0.07184408	-0.02555057	-0.02093190	0.01972642
1.01277948	-0.16696067	0.07656800	-0.02034470	-0.02325849	0.01397574
1.01191686	-0.16802058	0.07047338	-0.01139261	-0.03300542	0.02415666
1.01202617	-0.16263817	0.07800261	-0.04751931	-0.02288661	0.01870652
1.01198578	-0.16979594	0.07477965	0.02472012	-0.01786106	0.01852366
1.01402004	-0.17680824	0.07383876	-0.01300143	-0.03445307	0.01595066
1.01643226	-0.18300451	0.06735951	-0.03160459	-0.03850837	0.01659218
1.01830953	-0.17853590	0.06247250	0.07270689	-0.04939519	0.03354244
1.01731985	-0.18306197	0.06529887	0.01657422	-0.04758127	0.03242591
1.01774838	-0.16561901	0.06974378	-0.01926205	-0.04369331	0.02483121
1.01740400	-0.15852544	0.06084006	-0.01135632	-0.04013041	0.02172286
1.01581188	-0.15932097	0.07109027	-0.06544711	-0.03352027	0.02382068
1.01650999	-0.16493649	0.07583918	-0.08839064	-0.03662085	0.01679342
1.01899682	-0.16089046	0.07514644	-0.07932902	-0.04302076	0.02323459
1.01801361	-0.15649371	0.07222850	-0.10575639	-0.03916185	0.00956042
1.02281439	-0.15692067	0.07236811	-0.11395117	-0.01850223	-0.00186669
1.02023685	-0.16262023	0.06850403	-0.05647203	-0.00286374	0.00138825
1.01787735	-0.18284408	0.06040313	-0.04691345	0.00816891	0.01353495
1.02053693	-0.18034723	0.06090629	-0.04439129	0.01697601	0.00214136
1.02262942	-0.17536020	0.06299402	0.01174667	0.00481257	0.00339193
1.02374113	-0.17680924	0.06540372	0.01383971	0.01725516	-0.01012223
1.01899864	-0.18022744	0.06617730	0.00840271	0.03681824	-0.02400612
1.01882081	-0.17731792	0.06078897	0.01580806	0.05453785	-0.02208586
1.01857144	-0.17320663	0.06706071	0.04109209	0.03762127	-0.02809194
1.02217179	-0.18169789	0.06306513	0.07865809	0.04817941	-0.02616378
1.01856727	-0.17768650	0.06798928	0.08435809	0.04238074	-0.02705808
1.01970844	-0.17957276	0.06475384	0.14933413	0.03549391	-0.02801621
1.01802960	-0.19489242	0.06105629	0.11407098	0.04311378	-0.01368248
1.01366228	-0.19417402	0.05911145	0.18695804	0.03246896	-0.01247605
1.01134271	-0.18778516	0.06034901	0.17382795	0.02393644	-0.01556826
1.01466904	-0.19158218	0.06831578	0.21145809	0.02463433	0.01119985
1.01244820	-0.17767788	0.07093156	0.14437008	0.03942086	0.00910835
1.01331799	-0.17078764	0.07805981	0.15824372	0.04118730	0.00153367
1.01083767	-0.16526325	0.07753368	0.10748925	0.01792386	-0.00010365
1.01434723	-0.17480199	0.07480284	0.15411956	0.03932052	0.00030567
1.01340194	-0.18232048	0.06544596	0.10546161	0.02004455	-0.00593520
1.01534150	-0.16786474	0.07019584	0.08232404	0.03190985	0.01407116
1.01759425	-0.14893255	0.07384569	0.05473310	0.03904076	0.01381002
1.01370632	-0.14572780	0.06844009	0.10317009	0.01191043	0.01129553
1.01516175	-0.16157924	0.07027942	0.01531623	0.02028267	0.00890653
1.01770413	-0.16330622	0.07554264	0.02453168	0.01436458	0.00625165
1.01544678	-0.15712806	0.08118177	-0.01469245	-0.00518432	0.01048636
1.01295348	-0.15090372	0.07120585	0.00653514	0.02457279	0.00587433
1.01576267	-0.14139401	0.07422780	-0.04670555	0.00515952	-0.00560932
1.01470218	-0.16002335	0.08229478	-0.02228490	0.01240284	0.01002455
1.01794439	-0.16456755	0.08641100	0.03322982	0.01579552	0.00370230
1.02025507	-0.17028629	0.08191924	-0.05691092	0.00848581	-0.00167725
1.02012395	-0.17063671	0.08099781	-0.00662134	-0.01692627	-0.00104253
1.01745584	-0.16823596	0.07516631	-0.00255236	-0.02110135	0.00114824
1.01630192	-0.17207044	0.07770559	-0.01060351	-0.00619027	-0.00076631
1.01924110	-0.15906107	0.07816732	-0.00726221	0.00316720	0.01292764
1.02171666	-0.15168295	0.08044150	-0.00438424	-0.00682704	0.00543694
1.01774137	-0.16081147	0.08099801	0.00591916	0.00153229	0.00403928
1.01203748	-0.15737320	0.08439999	0.00073045	0.01147344	0.00596632
1.01612449	-0.15900108	0.07784098	-0.04370734	0.00676759	0.00332089
1.01790628	-0.16574944	0.07742006	-0.03724411	-0.00611967	0.00226230
1.01723862	-0.16153695	0.07889194	-0.04633050	-0.00153954	-0.00342841
1.01979926	-0.16435652	0.08549644	-0.01864878	0.00588904	-0.00944090
1.01747397	-0.15909915	0.08899295	-0.03987308	-0.00003657	-0.00151726
1.01327969	-0.16865402	0.07934199	-0.01362437	0.01375531	-0.01242692
