1.01746448	-0.16572591	0.06986671	0.00957744	-0.01270445	0.00323591
1.01668241	-0.15990791	0.08127551	0.03579362	-0.00779929	0.02054777
1.01293976	-0.16299088	0.07100428	0.01221161	-0.02314754	0.01642361
1.01506079	-0.16097168	0.06820511	-0.00402581	-0.01313257	0.02456352
1.01546598	-0.15953243	0.07195993	0.02082676	-0.02580708	0.01721833
1.01233501	-0.16151956	0.07340407	-0.00056305	-0.01763634	0.00141642
1.01163340	-0.16061622	0.07801991	-0.00278221	-0.02386979	0.02155183
1.01215749	-0.15838287	0.07121157	-0.03214233	-0.02940675	0.01949758
1.01442466	-0.15842959	0.07451798	-0.04811947	-0.03232153	0.01675808
1.01682203	-0.17440670	0.07086748	-0.01141956	-0.04242801	0.02964047
1.01581529	-0.18265843	0.06572598	-0.01936232	-0.04993479	0.03624125
1.01707406	-0.18024571	0.06419824	0.02710644	-0.05132605	0.03203934
1.01480195	-0.18288128	0.05782414	-0.03583819	-0.05720607	0.02661288
1.01540155	-0.17043474	0.07082677	-0.03720744	-0.03079639	0.01741599
1.01669278	-0.16118125	0.06379232	-0.02481474	-0.03944930	0.02413739
1.01672362	-0.16066017	0.06774745	-0.09754966	-0.04479185	0.01126109
1.01711425	-0.15731113	0.07554136	-0.05222384	-0.04128017	0.02599755
1.01639278	-0.15680691	0.07837349	-0.03983978	-0.02185326	0.02695723
1.01992089	-0.15702301	0.07341504	-0.09801436	-0.03338385	0.01490144
1.01944770	-0.16197192	0.07036244	-0.07381796	-0.02088377	0.02186606
1.01806825	-0.16196611	0.06365214	-0.06562196	-0.01830545	0.00827681
1.01909996	-0.17037029	0.06220761	-0.03503470	0.00742954	0.00514795
1.01802778	-0.17901576	0.06887780	-0.01567538	0.00412918	-0.00997307
1.02156914	-0.17375745	0.06372033	-0.05097667	0.00576756	-0.00945292
1.02366972	-0.17876690	0.06524861	-0.00965167	0.02909325	-0.01008313
1.01963350	-0.17202213	0.06281623	0.02449263	0.02923351	-0.02072807
1.01650399	-0.17524513	0.06509170	0.03528375	0.03534083	-0.02278394
1.01808530	-0.17335283	0.06379986	0.05514598	0.03107524	-0.02979951
1.02123721	-0.17989634	0.06483605	0.05574470	0.05340033	-0.02900410
1.01910784	-0.18672432	0.07091562	0.09925274	0.04923072	-0.02146048
1.01970160	-0.18818566	0.06027871	0.11555182	0.04869549	-0.01445154
1.01754161	-0.19638930	0.05773021	0.18071984	0.02077017	-0.01189702
1.01187411	-0.19072496	0.05929490	0.09364413	0.03362894	-0.00985858
1.01311857	-0.19020717	0.06007041	0.16941816	0.02514796	-0.00766719
1.01353062	-0.18530839	0.05899081	0.12631813	0.02502419	-0.00866987
1.01615959	-0.17329119	0.07417550	0.11767693	0.02046998	0.00897871
1.01152282	-0.16283928	0.08204355	0.15276519	0.01660900	0.00187034
1.01328173	-0.16374277	0.07666243	0.10163651	0.03573686	0.00065865
1.01364696	-0.17804386	0.06610955	0.11384075	0.03444110	0.01073310
1.01360817	-0.16493851	0.06288272	0.08732180	0.03640861	-0.00286351
1.01563797	-0.17206274	0.07264369	0.08233462	0.02008146	0.01882968
1.01672341	-0.15944411	0.07110195	0.11972210	0.01856887	0.00132508
1.01456584	-0.14765961	0.06967777	0.09643625	0.02055350	0.01721857
1.01197148	-0.16230339	0.06830334	0.08196886	0.02281630	0.00938362
1.01693583	-0.15095849	0.07011740	0.03566418	0.00996325	0.01720957
1.01330030	-0.15830432	0.07357653	0.02344322	-0.01547935	0.00756984
1.01256344	-0.15383742	0.07346801	-0.00313274	0.00843156	0.00353296
1.01445393	-0.16112400	0.07367531	-0.01209987	-0.00525695	0.00558799
1.01979768	-0.15801918	0.08063267	-0.03634250	-0.00511668	0.00191037
1.01897093	-0.16677446	0.08211359	-0.03430706	0.00218117	0.00860198
1.01985511	-0.16179428	0.07537380	0.01283951	-0.00217628	0.00842594
1.02019017	-0.16404480	0.08131210	0.01575167	0.00879289	-0.00248334
1.01626419	-0.15886357	0.07493387	0.00114969	-0.00565893	-0.00039579
1.01620094	-0.15781853	0.07517970	0.04783982	0.01558348	-0.00205619
1.01928376	-0.16200479	0.08184100	0.01237841	-0.00424622	0.00739145
1.02076626	-0.15301762	0.08115521	0.01221482	-0.00351113	0.00986290
1.01694532	-0.16206165	0.07920679	-0.00270390	0.00108734	0.01596614
1.01127533	-0.15692600	0.08197429	-0.00489220	0.00922944	0.00557595
1.01457735	-0.15757729	0.07841184	-0.04998015	-0.00616645	-0.00140454
1.01623454	-0.15503316	0.07883854	-0.04747216	-0.00697060	0.00200539
1.01929091	-0.16857544	0.07982631	0.01596833	0.00360085	0.00372633
1.01965226	-0.17715426	0.07334584	0.00536758	0.00050094	-0.00319206
1.01704273	-0.16355141	0.08606035	-0.04664736	0.01158279	-0.00482183
1.01332381	-0.15993916	0.08133256	-0.03618249	0.00151852	-0.01464753
1.01362004	-0.16209324	0.07708381	-0.01018521	-0.00246367	-0.00600533
1.01264126	-0.15888424	0.08206782	-0.02602168	-0.01031070	-0.00045512
1.01585615	-0.15611073	0.08431103	0.01481292	-0.00589077	-0.00117211
1.01620521	-0.16015000	0.07466883	-0.06036063	0.00551305	-0.00037115
1.01731624	-0.16497374	0.08588205	0.01359318	0.02836988	-0.00914728
1.02104515	-0.16532363	0.08809719	-0.02265595	0.01284663	-0.00976474
1.01544038	-0.16229168	0.07870327	-0.04829084	0.01204907	-0.00769298
1.01118014	-0.16662127	0.08116542	-0.00346406	0.00980578	-0.02488482
1.01261367	-0.16794251	0.07780791	-0.04621941	0.01586775	-0.00847942
1.01302119	-0.16118112	0.08035333	0.02567548	0.00997575	-0.01119629
1.01271114	-0.16345595	0.07177364	-0.03583390	0.01112485	-0.01400112
1.01284076	-0.17198865	0.08034097	-0.00335268	0.01127758	-0.00526844
1.01643698	-0.17018797	0.07660468	0.00093092	0.00699043	-0.00339636
1.01236443	-0.16193357	0.07712201	-0.01620543	0.00033616	-0.00780750
1.01825539	-0.17540763	0.08378888	-0.01328921	0.00278865	-0.00591179
1.01820274	-0.16878379	0.08760541	-0.03707589	0.00799502	0.00196019
1.01863426	-0.16356919	0.09758216	-0.01337647	-0.00102349	-0.00453707
1.01737517	-0.16788004	0.08731506	0.04516111	0.00681687	-0.00124713
1.02039175	-0.17259724	0.08105568	-0.01687703	-0.01130546	-0.00924648
1.01657548	-0.16479982	0.08021690	-0.02532367	-0.00126665	-0.00862344
1.01674910	-0.17156758	0.07686808	-0.01139135	-0.02037639	-0.00332852
1.01927869	-0.16875489	0.08201245	-0.03895326	-0.01494588	-0.00190902
1.02068776	-0.16803777	0.07944772	-0.00070740	0.00283388	0.00478837
1.01708970	-0.17444381	0.07840821	-0.02058522	0.00434829	0.00403418
1.01272037	-0.16176420	0.08282764	-0.01834598	0.01142897	0.01144533
1.01266659	-0.15949669	0.08224441	0.03665150	0.01563044	0.00222876
1.01380368	-0.16927237	0.08359620	0.04427938	-0.00070343	0.00723654
1.01476691	-0.16862871	0.08121202	0.03966433	-0.00706482	0.00631432
1.01364683	-0.16711074	0.08742939	0.02213708	0.01206547	0.00414698
1.01677088	-0.16014715	0.08247541	-0.01238055	0.01250490	0.00821292
1.01918287	-0.16644834	0.08275405	0.01270597	-0.01672529	-0.00574762
1.01790599	-0.16472780	0.08115275	0.03897978	-0.00280127	0.00644386
1.01912243	-0.16667411	0.07988251	0.03096743	-0.01303045	-0.00448320
1.01779737	-0.16631973	0.08127324	-0.01720914	0.00000979	0.00875944
1.01362362	-0.16043995	0.07892160	-0.00390120	0.01949661	0.01352350
1.01361664	-0.16085983	0.08849337	0.00811425	-0.00380003	0.00476334
1.01175260	-0.16266781	0.08507262	0.06034349	-0.00356662	0.01031398
1.01546175	-0.16842849	0.08181749	0.01630779	0.01146713	0.00213552
1.01784143	-0.16849666	0.07550198	0.01479934	-0.00174173	0.00801968
1.01508956	-0.17182299	0.06731144	0.02116637	0.00386358	0.00222255
1.01325414	-0.16858738	0.07944533	0.03897750	-0.01266328	0.01444746
1.01742255	-0.17139058	0.07765758	0.06035291	-0.01212803	0.02440292
1.01436723	-0.16429772	0.08000359	0.00704292	-0.01547296	0.01341062
1.01309976	-0.16364530	0.07907978	0.00931149	-0.01475540	0.01450344
1.01627526	-0.16308048	0.08707777	0.03718107	-0.02398452	0.01608132
1.01512166	-0.16722523	0.08690520	0.03209211	-0.01255354	0.02103244
1.01506767	-0.17369023	0.08720141	-0.01633548	-0.00541658	0.02086466
1.01707940	-0.16363878	0.08364765	0.02788242	-0.02595320	0.02103535
1.01842166	-0.17767415	0.08296178	-0.00407353	-0.02159702	0.01423923
1.01467026	-0.18375265	0.07860705	0.05724024	-0.02819995	0.01933193
1.01684034	-0.17558953	0.08126316	0.01502260	-0.02785932	0.03027068
1.01508807	-0.16657978	0.07692126	0.08465787	-0.03637879	0.02858444
1.01524417	-0.16328183	0.06850483	0.07891836	-0.02796758	0.02636131
1.01436118	-0.16908113	0.08350960	0.02788952	-0.04309352	0.02627926
1.01626607	-0.17472976	0.08176128	0.06339376	-0.02699352	0.02935319
1.01689012	-0.16190563	0.08209323	0.06793502	-0.02357710	0.03664896
1.01445200	-0.16635739	0.08506455	0.07872524	-0.02524168	0.03976479
1.01452050	-0.16273441	0.07930443	0.04098531	-0.02449144	0.04276251
1.00877939	-0.16207188	0.07349898	0.01288074	-0.01226388	0.03846964
1.01226642	-0.16346107	0.07016450	0.05702206	-0.01004334	0.04036255
1.02015959	-0.16765837	0.07790416	0.03610293	-0.02446523	0.02813694
1.01574934	-0.16810155	0.08201533	0.04840173	-0.01560156	0.02881312
1.00975536	-0.16208476	0.08762373	0.02418981	-0.02508420	0.02367092
1.01421766	-0.16125882	0.08422849	0.03684119	-0.01945378	0.01737592
