0.80644357	0.39487720	0.45324776	-0.00218588	0.00715188	-0.00365986
0.81140530	0.39149646	0.45256256	0.00399774	0.01416166	-0.01214688
0.81002348	0.39658124	0.44732348	0.00527255	0.00863199	-0.00773720
0.81221336	0.39586491	0.45112426	0.00109276	0.00888786	-0.00504914
0.81437215	0.40348817	0.45454893	-0.00005757	0.02158673	-0.00472831
0.81147609	0.40398916	0.44784074	-0.00029109	0.01210466	-0.00733208
0.81043027	0.40239975	0.45219924	0.00412832	-0.00081946	-0.00674521
0.81253412	0.40043208	0.44789697	0.00400183	-0.00028379	-0.00906245
0.81640997	0.40357276	0.44311981	0.00285161	0.00124893	-0.01243860
0.81777953	0.40219871	0.43882419	0.00130974	0.01005507	-0.00937941
0.81813033	0.40230982	0.43720933	-0.00432365	0.00019937	-0.01441594
0.81994376	0.40268748	0.44187673	-0.00555594	0.01005340	-0.01387982
0.81817520	0.40559072	0.43906865	-0.00140063	0.00622406	-0.01036095
0.81523955	0.40565953	0.44515883	-0.00442915	0.01092367	-0.00890483
0.81792729	0.40506095	0.44045454	-0.00259141	0.01406039	-0.00298369
0.81709406	0.40838295	0.43982992	-0.00604849	0.01562121	-0.01536006
0.81507993	0.40673412	0.43718890	-0.00495412	0.00486756	-0.02298483
0.81628655	0.40448258	0.44039708	-0.00317690	0.00175574	-0.01506439
0.81430661	0.39877622	0.43888730	-0.00695380	0.00463169	-0.02229502
0.81095540	0.40322410	0.44288921	-0.00680214	0.01457736	-0.01443834
0.81523782	0.40014780	0.44242594	-0.00961513	0.01441941	-0.01585140
0.80970177	0.39953088	0.43925335	-0.00452382	0.01152921	-0.00835487
0.81198855	0.40557178	0.44173569	-0.00448531	0.01047369	-0.01758052
0.81231288	0.40454296	0.44342722	-0.00481110	0.01200537	-0.02199401
0.81386203	0.40279971	0.43946425	-0.00928557	0.01156529	-0.01385997
0.81590063	0.40297133	0.44283589	-0.00761308	0.01269660	-0.01393450
0.80903744	0.40212419	0.45367884	-0.00436960	0.00255651	-0.01613926
0.80988939	0.40224110	0.45212789	0.00057826	0.00005166	-0.01093257
0.81399472	0.40043619	0.44142595	0.00178656	-0.00619312	-0.01902807
0.81677950	0.40138589	0.44251464	0.00061610	0.00606499	-0.01015843
0.81490638	0.40190304	0.44352533	0.00254843	0.00099009	-0.00695719
0.81057021	0.40372663	0.44393820	0.00078163	0.00494844	-0.01242798
0.81084295	0.40237461	0.44414130	0.00345281	0.00879645	-0.01229472
0.81490218	0.40006435	0.44504653	0.00235559	0.01682232	-0.01993246
0.81431276	0.40043594	0.44355988	0.00008626	0.01633635	-0.01754978
0.81248154	0.40366059	0.44393701	0.00368994	0.01012936	-0.01774501
0.81067598	0.40794307	0.43942105	0.00280017	0.00491597	-0.01293375
0.80633595	0.40974341	0.44358719	0.00065623	-0.00062886	-0.01515241
0.80921709	0.40606985	0.44273647	-0.00359540	0.00655765	-0.01901694
0.80756277	0.40208885	0.44000077	-0.00299707	0.02059880	-0.00955172
0.80859937	0.40447377	0.44427777	-0.00102189	0.01151598	-0.00809392
0.81083513	0.39861430	0.44007832	-0.00509225	0.00623664	-0.00269907
0.81409534	0.40099194	0.44171708	-0.00365753	0.00897542	-0.00775796
0.81426804	0.40194409	0.44224828	-0.00242645	0.01391296	-0.00716732
0.80952052	0.40548136	0.43738887	-0.00146369	0.00632262	-0.00483002
0.80351422	0.41090829	0.44652045	-0.00101278	0.00628953	-0.01387572
0.80613622	0.41412205	0.44751205	-0.00174219	0.00389427	-0.00924272
0.81011583	0.40466801	0.44496723	-0.00384843	0.00932294	-0.01022040
0.80982028	0.39963340	0.44408514	-0.00346358	0.00999953	0.00228141
0.80958550	0.40506466	0.45066019	-0.00407087	0.01028837	-0.00164247
0.81150510	0.40262793	0.44925744	-0.00208010	0.00314199	-0.00985736
0.81106393	0.40620129	0.44154425	-0.00195035	-0.00055532	0.00067141
0.81265131	0.40353779	0.44571860	-0.00309857	-0.00253758	0.00168070
0.81059552	0.40824939	0.45124444	0.00344818	-0.00488681	0.00048410
0.80874845	0.40663905	0.44870329	0.00225801	-0.00588112	-0.00361642
0.80903603	0.40652286	0.44792990	0.00190470	0.00110114	-0.01321303
0.81381055	0.40509780	0.43838888	0.00007025	0.00537748	-0.01703059
0.81721224	0.39980546	0.43743452	-0.00199950	0.00642457	-0.01497771
0.81586781	0.40255866	0.43081238	-0.00453646	0.00014552	-0.00793080
0.81070110	0.40411483	0.43901735	-0.00556807	-0.00014044	-0.00963417
0.80803648	0.40309526	0.44703804	-0.00867863	-0.00130826	-0.00951020
0.80651937	0.40571684	0.44159356	-0.00164607	-0.00628081	-0.00019704
0.81098053	0.39998246	0.43915731	-0.00629902	0.00231271	-0.00574750
0.80962039	0.40196797	0.44773089	-0.00395918	0.00585456	0.00024322
0.81098588	0.40444557	0.45317773	-0.00264732	0.00203784	-0.00590501
0.81521806	0.40472074	0.46041811	-0.00362876	0.00200334	-0.00965943
0.81279773	0.40330834	0.45264261	-0.00138001	0.00099262	-0.00735133
0.80940945	0.40776446	0.44556596	-0.00077348	0.00100999	-0.00680351
0.80683841	0.40461273	0.44353980	0.00099390	0.00314500	-0.00954943
0.81030594	0.40615803	0.44493641	0.00125712	0.00402303	-0.00357894
0.81511699	0.40933316	0.45057978	0.00672704	0.00651012	-0.00510053
0.81184962	0.40917155	0.44821062	0.00545555	0.00334232	-0.00324423
0.81005991	0.41010886	0.44911357	0.00496145	0.00034732	-0.00296354
0.81268095	0.41204662	0.44158902	0.00367059	0.00230665	-0.01035595
0.81275297	0.40820483	0.44804633	0.00224369	-0.00618102	-0.00892220
0.81054518	0.40872200	0.44637728	-0.00158542	0.00317411	-0.00007691
0.81242066	0.40402449	0.44160885	-0.00494806	0.00453091	-0.00466166
0.80833769	0.40740633	0.44807755	-0.00069163	0.00502218	-0.00167545
0.80428303	0.40438402	0.43982558	0.00050398	-0.00335092	-0.00248270
0.80677719	0.40764654	0.44394056	0.00170372	-0.00349319	-0.00906392
0.80770987	0.40650071	0.44092396	-0.00925486	0.00135864	-0.00791779
0.80815442	0.40183869	0.44189492	-0.00360418	0.01680423	-0.00814700
0.80884973	0.40489419	0.44153199	-0.00229008	0.01091016	-0.00657803
0.80920848	0.40731585	0.43572971	0.00154311	0.01070312	0.00064127
0.80530919	0.40766917	0.43435847	0.00150261	0.00158852	-0.00327560
0.80575876	0.40814418	0.43467566	0.00127786	0.00267389	-0.00127815
0.81091597	0.40616619	0.44651772	0.00449517	0.02557913	-0.00135461
0.81012173	0.41008890	0.44109336	0.00242100	0.01518298	-0.00094156
0.81145413	0.40737986	0.44635896	-0.00021862	-0.00086741	-0.00195629
0.81101826	0.40339166	0.44827534	-0.00117644	0.00658982	0.00221465
0.81009364	0.40835771	0.44201900	0.00578434	0.00092511	-0.00029384
0.80743356	0.40607691	0.44698582	0.00091243	-0.00031410	0.00737527
0.81069355	0.40915509	0.44723465	0.00192097	0.00533814	0.00575702
0.80769784	0.40599341	0.44947609	-0.00448209	-0.00339279	0.00854094
0.81091859	0.40445372	0.45396649	-0.00072754	-0.00359198	0.00129067
0.81356189	0.40913853	0.45510733	0.00247446	-0.00083309	-0.00043805
0.81363906	0.40735716	0.44870598	0.00422250	0.00194144	0.00690167
0.80680222	0.40957507	0.44673972	0.00271685	-0.00892594	0.01433876
0.80811683	0.41065025	0.43658573	0.00218188	-0.00870421	0.01126637
0.80646987	0.40751492	0.43591024	0.00414107	-0.00879155	-0.00271020
0.80809977	0.40815342	0.44173712	0.00594657	-0.00349379	0.00352458
0.80938919	0.40848903	0.44333480	0.00468310	-0.00006577	0.01245251
0.80940283	0.40423339	0.43988954	0.00632993	-0.00774003	0.01373893
0.81396165	0.40917854	0.44478508	0.00882725	-0.00495449	0.00671993
0.81246332	0.40510031	0.44351974	0.00907006	-0.00765249	0.01166600
0.81324125	0.40458285	0.44104640	0.00822870	-0.01000033	0.01640116
0.81617600	0.40285689	0.44462834	0.00373960	-0.00625030	0.00733899
0.81260637	0.39881947	0.44391100	0.00293649	-0.00952297	0.00881446
0.81602308	0.40275644	0.44431043	0.00365019	-0.01149709	0.00397158
0.81397087	0.40172843	0.44495100	0.00023029	-0.01202307	0.00303333
0.81059561	0.40239868	0.44155846	0.00355088	-0.00597811	0.00023712
0.81380016	0.40076575	0.43868701	0.00286981	-0.00735368	0.00540510
0.81056507	0.40122217	0.43735819	0.00334720	-0.00046668	-0.00086937
0.81175523	0.40338332	0.42971735	-0.00038316	-0.00624289	0.00989689
0.81582104	0.39972831	0.44274244	0.00049118	-0.00701085	0.00273539
0.81346747	0.39901040	0.44582942	0.00274501	-0.01652168	-0.00005499
0.81266647	0.40727494	0.44058292	-0.00041690	-0.00741554	0.00565323
0.81205842	0.40113807	0.43846774	-0.00141177	-0.00543619	0.00404650
0.81885817	0.40333739	0.44849599	-0.00022193	-0.00229658	0.00310104
0.81623536	0.39974117	0.45197517	0.00200340	0.00060445	0.00162080
0.81474355	0.39824465	0.44113399	0.00178861	0.00440117	0.00362693
0.81057500	0.40569769	0.43528365	0.00594194	-0.00094740	0.00144394
0.81482861	0.40617376	0.44164529	0.00498349	-0.00224693	-0.00403035
0.81163426	0.40512341	0.44432772	0.00040797	-0.00660489	0.00157644
0.81724806	0.40048476	0.43982653	-0.00394659	0.00742889	-0.00344862
0.81206524	0.40153029	0.44800935	-0.00401648	0.01110277	-0.00326272
0.81245436	0.40612867	0.44802085	0.00102088	0.00629450	0.00113831
0.81245016	0.40219206	0.44671481	0.00250596	0.00276458	-0.01140046
