0.82181083	0.40606952	0.44500809	0.00078047	0.01344799	-0.01619772
0.80648759	0.40720389	0.43825349	0.00124666	0.01203573	-0.01451796
0.81381185	0.40635358	0.43901612	-0.00202413	0.01652953	-0.01429751
0.81033993	0.41061488	0.44425430	-0.01243918	0.00492661	-0.01874830
0.81561026	0.40766740	0.43760988	0.01026081	-0.00074076	0.00268589
0.81194241	0.40638961	0.44932629	-0.00861287	-0.00473928	-0.02895432
0.82000674	0.40650516	0.44107336	0.00318484	0.00542126	-0.01052969
0.81098138	0.40582193	0.44657061	-0.00521301	0.00410320	-0.01475035
0.80669903	0.40176634	0.44590510	-0.00053573	0.00130521	-0.01612165
0.80587765	0.40076078	0.45130270	-0.01036752	-0.00808943	-0.03553434
0.81218870	0.40301474	0.44522320	-0.00511791	0.00701934	-0.04214775
0.80861076	0.41859759	0.44613106	-0.00062877	0.01427944	-0.00545628
0.81146047	0.40459360	0.43369348	-0.00189913	0.00018523	-0.00440223
0.80470035	0.40684665	0.44051377	0.00481952	-0.00022789	-0.00713448
0.81084265	0.39867615	0.43516273	0.01087700	-0.00982528	0.00752584
0.80619904	0.40488574	0.43443234	0.00391116	0.00715435	-0.00315005
0.81260569	0.40224605	0.43556834	0.00263886	-0.00055999	0.00497044
0.80848592	0.40800176	0.43631398	0.00554330	-0.00320335	0.02184947
0.81324887	0.40716193	0.45120289	0.00048729	-0.00759714	0.00980758
0.80703546	0.41199539	0.44449070	0.00006394	0.00723809	-0.02740588
0.81707107	0.41109674	0.43975745	-0.00189377	-0.00123547	-0.00975444
0.81740939	0.40909454	0.43929654	-0.00538668	-0.00156511	-0.03879009
0.81640213	0.40762226	0.44167268	0.00059770	-0.00257278	-0.04991725
0.81278261	0.41035336	0.44816454	0.00288678	-0.01129299	-0.06411747
0.80474919	0.40106862	0.44612377	0.00038985	-0.00526413	-0.00397930
0.81422003	0.40725919	0.44401213	-0.00993795	0.00092837	-0.02117689
0.80516110	0.40328336	0.42628805	-0.00997711	0.00096133	0.00047138
0.81602987	0.40446330	0.44765558	-0.00658756	-0.00088147	-0.01007104
0.81190357	0.41259923	0.44194422	-0.00212570	-0.00591190	0.00181753
0.80997557	0.39942275	0.43428461	-0.00644919	-0.02381019	-0.00063168
0.81868670	0.39936232	0.43942964	-0.01464454	-0.00667787	-0.04011136
0.81656842	0.41241469	0.44870581	-0.02587729	-0.00156179	-0.04575652
0.81905718	0.40121500	0.46160634	-0.02478651	-0.00177400	-0.06982153
0.82105854	0.40549798	0.46213026	0.00003903	-0.00047393	-0.10586576
0.80413038	0.40062012	0.44521221	0.02415028	-0.00503903	-0.06518663
0.79996209	0.40677607	0.43317364	0.02881030	0.00298248	-0.05084098
0.79255192	0.41445485	0.42437548	0.01989226	-0.00409381	0.00043868
0.79727382	0.42122097	0.44036110	0.01366992	-0.01810915	-0.01788283
0.80228766	0.42233980	0.43944447	0.00883046	-0.00076904	-0.04012657
0.79766663	0.41696094	0.43329383	0.00293081	-0.00815787	-0.00404209
0.79971665	0.41992156	0.42631342	0.00729105	-0.01021555	0.02932613
0.80264877	0.41708193	0.44049902	0.00665717	-0.00243299	-0.00256494
0.82532862	0.41856464	0.44739004	0.01476326	-0.01477617	-0.04102697
0.82788860	0.41122996	0.45358810	0.01663135	-0.01595758	-0.06997389
0.81790455	0.41017718	0.43865572	0.01353388	0.00978883	-0.10865952
0.81102502	0.41146614	0.42194426	-0.00064556	0.04102796	-0.04651168
0.78934922	0.42411729	0.41607773	0.00096249	0.01482517	-0.05008911
0.79243357	0.43131122	0.42235182	-0.00565333	0.01620617	-0.01805725
0.79291198	0.43504715	0.42986730	-0.02296153	0.02711926	0.01515394
0.79604197	0.42960358	0.43609667	-0.02639775	0.01473710	-0.00771759
0.79659272	0.40585799	0.44060932	-0.01826877	0.02846325	0.03077605
0.78940907	0.40881639	0.44905241	-0.02786931	0.05226162	0.02178237
0.79831639	0.41889920	0.45235361	-0.02493885	0.01111825	0.03489895
0.80124312	0.42631351	0.44811140	-0.02591801	0.02624023	0.09014068
0.81185556	0.43083716	0.45213566	-0.01907296	0.02782011	0.07154130
0.80786771	0.42008665	0.45913182	-0.00600025	0.00595367	0.03785855
0.80199253	0.41388017	0.44692822	-0.00865095	0.01273619	0.02968993
0.80350731	0.41574284	0.44062420	-0.00574752	0.00829130	0.06256952
0.79987148	0.41639565	0.43705503	0.00380725	0.02021784	0.05392858
0.81054600	0.41699743	0.44729749	-0.00637181	0.01189802	0.03046566
0.81392706	0.41809260	0.44632812	0.00287578	0.01655832	0.00384032
0.80611805	0.41876877	0.44297963	0.00708825	0.02323080	0.01728057
0.79428671	0.42427617	0.44810689	0.00011505	0.01221742	0.02523538
0.80542628	0.41572509	0.43911562	0.00773262	0.00279206	0.03647735
0.80889323	0.41075963	0.44082510	0.00861796	0.00241544	0.00132690
0.79280292	0.41896692	0.44069867	0.00772004	0.00098898	0.01109754
0.80572272	0.42278760	0.43944564	0.01167414	-0.00972591	0.05991197
0.81199697	0.41272445	0.44436691	0.00795823	-0.00560684	0.03651324
0.80881305	0.40214997	0.44483681	0.01296365	-0.01232513	0.02608644
0.80423203	0.40465037	0.44632169	0.00528979	-0.00227055	0.04443442
0.81063556	0.40466849	0.44895404	0.01160046	-0.00864979	0.03480762
0.80522311	0.40828040	0.44727801	0.00303377	-0.00568184	0.01906132
0.81562906	0.40932949	0.44918914	0.00338557	-0.00754878	0.03628646
0.80696919	0.40945509	0.45181597	0.00416098	-0.01354703	0.01737777
0.80943375	0.40232022	0.45038065	0.00769946	-0.01293391	0.03500594
0.80690206	0.39855448	0.44311578	0.00569137	-0.00110887	0.03088484
0.81194610	0.41152194	0.44887541	0.02021252	-0.00917782	0.04119177
0.80197125	0.41428113	0.44229633	0.01147734	-0.00708736	0.06550314
0.80746266	0.40475598	0.45482482	0.01719130	-0.01989102	0.04586071
0.80459089	0.40134537	0.44234144	0.01783820	-0.01541985	0.04331738
0.81380165	0.40913882	0.43572397	0.01710446	-0.02409088	0.05150257
0.81330416	0.40524067	0.43980509	0.02088693	-0.02000715	0.04116934
0.81211754	0.40159062	0.44452216	0.01990214	-0.00905150	0.01908564
0.81412120	0.40245658	0.43988131	0.01678907	-0.00911108	-0.00069663
0.81770475	0.40369569	0.44797584	0.01314786	-0.00998911	0.02306017
0.80931088	0.40481477	0.45423377	0.00863907	-0.01770654	0.00556398
0.81499646	0.40659961	0.44935825	0.00664208	-0.00817024	0.00731642
0.81381623	0.40431192	0.45619764	0.01951506	-0.01485461	0.02385704
0.81891844	0.40236632	0.44591326	0.00800434	-0.02001264	0.00626811
0.81661967	0.40315451	0.44698133	0.00264201	-0.01966128	-0.00081166
0.80514109	0.40576719	0.43560789	0.00813284	-0.03197082	0.03124969
0.81516572	0.39934603	0.43827937	-0.00230382	-0.02520431	-0.00676193
0.82104961	0.39642155	0.44662997	-0.00255247	-0.01321992	0.01192247
0.80877883	0.39900799	0.44697869	0.00885308	-0.01425290	-0.02124831
0.81146275	0.40691059	0.43995246	0.01607946	-0.02493312	0.01983787
0.82014133	0.40545952	0.44045054	0.01059611	-0.02363480	0.04078292
0.81996282	0.39712160	0.43636616	0.02040883	-0.00007183	-0.00455910
0.82427580	0.40041601	0.43922409	0.00877296	0.00177602	0.00159407
0.81541041	0.40508384	0.44173930	0.01584818	0.00393404	-0.01519584
0.82114292	0.40205804	0.44044815	0.00845315	-0.02093242	0.01014079
0.82070166	0.40256825	0.43137118	0.00812459	-0.01933354	-0.04227483
0.81144538	0.40483873	0.42842451	-0.00058242	-0.01131341	-0.01077992
0.82386141	0.40127112	0.43241570	-0.00040891	0.00296357	0.00124740
0.81782937	0.41127040	0.43688154	-0.00109907	0.00627187	0.00267729
0.81630852	0.40054196	0.43301866	-0.00266540	-0.01604876	0.02797140
0.81601891	0.39459170	0.43360573	0.00239104	-0.00597005	0.01289131
0.81600493	0.40712481	0.44022647	-0.00089392	-0.01513464	-0.01954287
0.82052393	0.40600467	0.43492775	-0.00353853	-0.02670796	-0.02566967
0.81263552	0.40174111	0.43120988	-0.00467663	-0.02579647	0.00820083
0.82201108	0.40738819	0.43584497	0.00244969	-0.01034304	-0.00860167
0.82172131	0.39695583	0.42996340	-0.00958385	-0.00153312	-0.01249407
0.81862439	0.40034974	0.44456738	-0.00223252	-0.00004178	-0.00367623
0.81756667	0.40387948	0.43843444	-0.00955954	0.00205482	-0.00261834
0.81528905	0.39340556	0.43828859	-0.00211923	-0.00207493	-0.01690005
0.82078528	0.40348706	0.43030501	-0.00465384	-0.00027370	-0.00570963
0.82174456	0.40009295	0.44430058	-0.00898818	-0.00141666	0.01513030
0.81919902	0.40780456	0.43304800	-0.00559605	-0.00136521	-0.01404773
0.81252314	0.40560803	0.43146293	-0.01093012	0.01888981	-0.00173516
0.81337775	0.40187102	0.43236150	-0.00471221	-0.00612491	0.00071854
0.81189579	0.40303205	0.43266537	0.00227552	-0.00025241	-0.00756313
0.82617369	0.40959173	0.43814803	-0.00655468	0.00925497	-0.01401468
0.81527086	0.41585445	0.43896972	-0.00730270	0.00998700	-0.01946432
0.81464548	0.41314183	0.43693836	-0.01107151	-0.00270383	-0.02036039
0.81644502	0.40903875	0.43012087	-0.00443453	-0.00010182	-0.02029670
0.81547819	0.40835473	0.43906384	-0.00539081	0.01095828	0.01481972
0.81373285	0.40260100	0.44095415	-0.00832334	0.00943965	-0.02606481
0.82072682	0.39894413	0.43527504	-0.01218335	0.01091535	0.00650877
0.82033586	0.40234753	0.44083693	-0.00641225	0.01185427	-0.00970705
