0.95604720	0.16891591	0.29323116	-0.08919541	0.04185064	-0.09885375
0.96130285	0.17052192	0.28939157	-0.07031489	0.03137997	-0.08354329
0.96372927	0.17196760	0.29308447	-0.08294619	0.03375059	-0.09136483
0.96493890	0.16682052	0.29870883	-0.07117936	0.04370560	-0.09493148
0.96354249	0.17063939	0.29292063	-0.06098444	0.03916222	-0.07844812
0.96582737	0.16972386	0.29371731	-0.07675827	0.03229631	-0.09173188
0.96088047	0.17133427	0.28668631	-0.06304290	0.03075426	-0.11500553
0.96142113	0.16892147	0.28659056	-0.07474392	0.04779817	-0.09296387
0.96241629	0.17166528	0.28363361	-0.07411012	0.05556730	-0.06888732
0.96568439	0.17278492	0.28983486	-0.07951749	0.04991755	-0.07572838
0.96382315	0.17432001	0.28958549	-0.07321312	0.04281940	-0.09626939
0.96167469	0.17229826	0.28484690	-0.07401647	0.04141401	-0.09196072
0.96456408	0.17487996	0.26863517	-0.05953242	0.02917176	-0.07869706
0.96420597	0.17668636	0.28876698	-0.04799234	0.04560196	-0.10257282
0.96726176	0.17570333	0.29136335	-0.06908249	0.04577900	-0.06935505
0.96944539	0.17216654	0.29747148	-0.06208193	0.03758923	-0.06696847
0.96656901	0.16990077	0.29237617	-0.07159987	0.04605053	-0.08138687
0.97012920	0.16687848	0.29852708	-0.06524114	0.03930834	-0.05048900
0.96638574	0.16720910	0.29670338	-0.08282375	0.01398307	-0.06678381
0.96636686	0.16514117	0.29534523	-0.05667348	0.02732119	-0.08558238
0.96586057	0.16655535	0.29083448	-0.06252858	0.04097864	-0.08998427
0.96319282	0.17212830	0.28748974	-0.05570948	0.02789805	-0.05163284
0.95980664	0.17542845	0.29016707	-0.06407711	0.04456094	-0.05676672
0.96532886	0.17243905	0.29054165	-0.05973243	0.02733131	-0.07933137
0.96153567	0.17983010	0.29625421	-0.04659148	0.01831637	-0.05355755
0.96195211	0.17548671	0.30254972	-0.05290792	0.02621412	-0.03623918
0.96387052	0.17137096	0.29745777	-0.04367358	0.02868858	-0.05573717
0.96795881	0.17146946	0.28849408	-0.04152697	0.03466688	-0.05832197
0.96959724	0.17473241	0.29382259	-0.07822436	0.02452398	-0.06115113
0.96700573	0.16820186	0.29587394	-0.03791893	0.02120038	-0.05148145
0.96887310	0.17689622	0.28984657	-0.04634872	0.03058965	-0.03149321
0.96852109	0.17769902	0.29170892	-0.06561494	0.03749752	-0.05879562
0.96811673	0.17029340	0.29081622	-0.04630867	0.04176106	-0.04552121
0.96753592	0.17042598	0.28609431	-0.04611183	0.02589245	-0.02636651
0.96445165	0.16841407	0.28583996	-0.03617929	0.04205539	-0.02066959
0.96968716	0.16991054	0.28924436	-0.05439904	0.01408101	-0.04145015
0.96523369	0.16944335	0.29466121	-0.04211136	0.01740219	-0.04444948
0.96572852	0.16891359	0.29548087	-0.03371270	-0.00325614	-0.01963238
0.96548483	0.16272850	0.29554407	-0.05253496	0.00388494	-0.04235449
0.96576078	0.16116236	0.29301936	-0.03809101	0.01458119	-0.05064616
0.96867018	0.16645021	0.29625107	-0.03684604	0.00438804	-0.03354442
0.96777862	0.16467363	0.28662304	-0.03778119	0.01887829	-0.03268936
0.96593169	0.16781286	0.28956253	-0.03452094	0.03829642	-0.02565863
0.96638221	0.17310467	0.28598414	-0.03472933	0.03362760	-0.02798354
0.96894805	0.16859730	0.28620307	-0.04400806	0.03689909	-0.04000512
0.96485352	0.17388107	0.29334627	-0.04074709	0.02343979	-0.03315904
0.95974652	0.16642611	0.28794586	-0.05874058	0.00286625	-0.06788292
0.96747970	0.16968068	0.28739274	-0.06849482	0.01365371	-0.02333660
0.96790209	0.17073302	0.28666516	-0.02872208	0.02675579	-0.03514309
0.96876695	0.16508787	0.28724967	-0.03889664	0.01415981	-0.02207069
0.97003356	0.16176367	0.28302774	-0.03604749	0.03119209	-0.00175322
0.97121406	0.16185780	0.28180049	-0.03708630	0.01687762	-0.02854885
0.96718609	0.16263251	0.27578389	-0.03792786	0.03333129	-0.02982770
0.96440592	0.16797055	0.27801043	-0.03891901	0.04600182	-0.02451133
0.96502132	0.17257491	0.28569051	-0.01779770	0.03726332	-0.00512358
0.96635491	0.16961536	0.28596122	-0.04249373	0.02943713	-0.03189819
0.96798920	0.17603818	0.28896096	-0.03102287	0.01008253	-0.03488095
0.97133613	0.17245299	0.28522176	-0.04331357	0.03168557	-0.03348855
0.96779406	0.17245550	0.28598570	-0.02950317	0.01785351	-0.02705638
0.96398772	0.16844547	0.29045017	-0.01970293	0.00122106	-0.02656724
0.95912781	0.17095816	0.28942368	-0.02079000	0.00930817	-0.02272718
0.96248510	0.17002618	0.28612537	-0.01780849	0.01601077	-0.00049814
0.97232291	0.17001481	0.29846483	-0.01437639	0.00500203	-0.02240154
0.96605609	0.16985209	0.30686575	-0.01589987	-0.00924887	-0.01926203
0.96526428	0.17327966	0.30013406	-0.01685664	-0.02249501	-0.00505077
0.96337335	0.17027766	0.29079098	-0.02847150	-0.01983419	-0.02734725
0.96189202	0.17178543	0.28788227	-0.00306468	-0.01219380	-0.00115437
0.96921119	0.17340171	0.29234770	-0.00796649	-0.02717509	0.02345228
0.96763811	0.17333905	0.28793562	-0.01046230	-0.03225587	-0.01691385
0.96851948	0.17664357	0.29017191	-0.02668730	-0.02262017	-0.00652231
0.96737785	0.17056765	0.28158982	-0.01443795	-0.01030252	-0.01989178
0.96777444	0.17302407	0.27890479	-0.00312797	-0.01793594	0.02643221
0.96220550	0.17227314	0.28102969	-0.01648773	-0.01359262	0.00571935
0.96512177	0.17538982	0.28293711	-0.01210365	-0.01305088	-0.00004382
0.96216619	0.17706884	0.28635841	-0.00433665	-0.02646341	0.02164042
0.96461480	0.17246367	0.29045318	-0.00880437	-0.03453237	0.01215927
0.96695351	0.16770289	0.27937152	-0.01515099	-0.01386182	0.01430137
0.96898300	0.16890018	0.27888312	-0.01883920	-0.02410249	0.02002297
0.97010302	0.16520531	0.27638442	-0.01116053	-0.01432297	0.01118138
0.96750308	0.17283323	0.27030963	-0.01054207	-0.04454558	0.00499503
0.96373086	0.17591752	0.27397497	-0.00281787	-0.04210955	0.02011347
0.96529383	0.16986768	0.28821512	0.00359936	-0.03727070	0.01791297
0.96844400	0.16902006	0.27838993	-0.01949438	-0.04074241	0.00161460
0.97331565	0.16723883	0.28041538	-0.01557114	-0.02825470	0.01683957
0.97380655	0.17288883	0.26954574	-0.01585375	-0.00759764	0.01333785
0.96461685	0.16762488	0.27380781	-0.02324990	-0.01028946	0.00744944
0.97347837	0.17157067	0.27679291	-0.01112597	-0.01018257	0.00629293
0.97559859	0.16812426	0.28258656	-0.00557435	-0.02357113	0.01345045
0.97197977	0.16722387	0.27682187	-0.02195331	-0.00989051	0.00045333
0.97123824	0.17036676	0.27059359	-0.01579158	-0.01044031	0.00261622
0.96436528	0.16996730	0.26942405	-0.01735342	-0.00318717	-0.00716602
0.96613456	0.16668750	0.26910877	-0.02445488	-0.00626083	0.01320890
0.97187849	0.15732938	0.27355602	-0.00529914	-0.02375310	-0.00154798
0.97443658	0.16445482	0.27884515	-0.01159643	-0.01071706	0.01597454
0.97347565	0.16320063	0.27142775	-0.02269427	0.00146957	0.02145553
0.97377277	0.15846943	0.27269695	-0.00162225	-0.01540105	0.00629289
0.97236881	0.16047592	0.26976650	-0.01496036	-0.00283763	0.03243578
0.96754008	0.16603244	0.27815104	-0.01593301	0.00988047	0.01830012
0.97005362	0.16528749	0.27169144	-0.01205027	-0.00562438	0.00536015
0.96796319	0.16247055	0.26664594	-0.01590212	0.02301023	-0.00237892
0.97381023	0.16492867	0.27857668	-0.00553943	-0.00223731	0.01187571
0.97445537	0.16097416	0.27041388	-0.01731058	0.02673849	0.00662540
0.97401220	0.15910018	0.27637575	-0.01638007	0.02458000	0.01246785
0.97046029	0.16274524	0.28282040	-0.01378946	0.01662325	0.02370388
0.96880843	0.16170933	0.28413673	-0.01766388	0.00478764	0.01104376
0.97041751	0.15861530	0.27832244	-0.01090239	0.01062767	0.03024247
0.97668237	0.15299590	0.27555397	-0.01205486	0.02011610	0.00982855
0.97176311	0.15501141	0.26944024	-0.01249015	0.03704958	0.03241308
0.97282335	0.15995456	0.26628216	-0.02394334	0.02047400	0.04130502
0.97102371	0.15556224	0.26431108	-0.02030994	0.00961021	-0.00339797
0.97037756	0.15378081	0.27230335	-0.01350082	0.03295606	0.01136240
0.97491894	0.15059848	0.27123466	-0.01781132	0.02676600	0.02643332
0.96941246	0.15811105	0.26938617	0.00501190	0.02137939	0.00124799
0.96725917	0.15590824	0.27944379	-0.00031146	0.01632914	0.01477904
0.97297843	0.16305571	0.27417932	-0.00814929	0.02294375	0.02121504
0.97200386	0.16806736	0.27451303	-0.01020076	0.00878298	0.02600469
0.97603001	0.16009217	0.26596744	-0.00577041	0.01356186	0.01302135
0.97211584	0.16201018	0.26924147	-0.03327510	0.00719791	0.01626767
0.97512528	0.16187173	0.26417418	-0.02058481	0.02343167	0.00685742
0.97413116	0.16280843	0.27700964	-0.03542816	0.02556588	0.01108729
0.97094815	0.16305096	0.27210775	-0.01501957	0.03066484	0.00769310
0.97498405	0.16255555	0.27209049	-0.01080354	0.00449617	0.01930356
0.97319614	0.16161371	0.27552573	-0.00646982	0.00806118	0.02056795
0.97472425	0.15992544	0.26694372	0.00950609	0.01263151	0.02863613
0.97472070	0.15839877	0.27752317	-0.00042302	0.02002946	0.01951237
0.97821814	0.15419181	0.27282418	-0.00837449	-0.00636356	-0.01071611
0.97442233	0.16173789	0.27248164	-0.02050974	0.01946649	0.02195859
0.97432905	0.15781191	0.28226719	-0.00633776	0.02921597	-0.01555605
