0.96340420	0.17492262	0.29583468	0.00086238	0.00144743	-0.00327072
0.96447157	0.17741061	0.29030599	0.00273154	-0.00288690	-0.00811307
0.96952185	0.17044136	0.29324499	0.00333550	-0.01934351	-0.00895352
0.97366566	0.17011193	0.30088742	0.00379103	-0.01360558	-0.00239440
0.96948679	0.16865870	0.28371032	0.00279351	-0.00403001	-0.00292162
0.96992262	0.17030764	0.29708871	0.00043142	-0.02776215	-0.00438034
0.96372174	0.16734587	0.29965159	0.00217351	-0.02575631	-0.00742685
0.97038587	0.16807862	0.29144540	-0.00405651	0.00046616	-0.00720505
0.97095251	0.16969335	0.28809730	-0.00600128	0.00841552	-0.01856287
0.97231129	0.16948578	0.28859058	-0.00125070	0.02283956	-0.00851970
0.97022456	0.17622424	0.28973500	-0.00447862	-0.00294445	0.00114767
0.96405329	0.17454978	0.29225536	-0.00063438	-0.00957796	-0.00471005
0.96582815	0.17135590	0.28908691	-0.00263460	-0.01148482	0.00080509
0.96443613	0.17135467	0.29452862	-0.00261253	0.00528109	0.00405480
0.96598685	0.16808174	0.29487654	-0.00435565	0.00485143	0.00740791
0.96396992	0.16851566	0.29031790	-0.00449115	0.00799469	-0.00278409
0.96795327	0.16980807	0.28399838	-0.00212626	0.01020195	0.00858326
0.96552699	0.16479367	0.29665122	-0.00787780	0.00410023	-0.00699570
0.96235973	0.16470591	0.29830922	0.00141675	0.01491536	-0.01210737
0.96604781	0.16667151	0.29410757	0.00151805	0.01148248	-0.01004209
0.96050255	0.17383562	0.29158349	-0.00204286	0.00453410	-0.00206158
0.96386706	0.17238178	0.29599467	0.00139719	-0.00498789	-0.00861169
0.96574573	0.16918468	0.28712780	0.00251801	-0.00301099	0.00127771
0.97101334	0.17106994	0.29578022	-0.00234328	-0.01097099	0.00162609
0.96811976	0.17393103	0.28775947	-0.00203295	0.00570535	0.00019007
0.96467873	0.17592636	0.28883226	0.00317735	0.01501484	-0.00474706
0.96942823	0.17224790	0.27768419	-0.00018388	0.02027085	-0.00390595
0.96556294	0.17544744	0.29570635	0.00014969	0.00795105	-0.00131013
0.96654271	0.17334701	0.28868660	-0.00216590	0.00222324	-0.00712290
0.96731152	0.17656645	0.28313870	-0.00322155	-0.01655506	-0.00002102
0.96789347	0.17183117	0.29930345	-0.00465900	-0.01551001	-0.00195240
0.96239001	0.17441079	0.28221067	-0.00654264	-0.00155714	-0.00134446
0.97121474	0.17158855	0.29430766	-0.00068032	-0.02056382	0.00415202
0.97119291	0.17160494	0.29626223	0.00386917	-0.00287352	0.00203739
0.96699867	0.17001084	0.28800866	0.00165874	-0.00844873	0.00065198
0.96544688	0.16742424	0.28641786	0.00605591	-0.01244195	-0.00516221
0.96416252	0.16859471	0.29292221	0.00757964	-0.01384328	0.00492168
0.96444286	0.16822549	0.28914983	-0.00072310	-0.01037448	0.00405570
0.96612878	0.17674447	0.28904479	0.00208877	-0.02359508	0.01345634
0.96859984	0.17250157	0.28729184	0.00311503	-0.01682364	0.00997197
0.96556788	0.16745067	0.28894565	-0.00424877	-0.01850674	0.00148591
0.96356148	0.16939747	0.29082582	0.00035962	-0.01853638	0.00724454
0.95852533	0.16754626	0.29242782	0.00504542	-0.02172277	0.00752201
0.96751988	0.17239552	0.29908281	0.00378055	-0.02040377	-0.00043061
0.96558625	0.16696066	0.27800217	-0.00071375	-0.02785967	0.00434896
0.95729825	0.16853492	0.28603683	0.00174761	-0.01865646	0.01025833
0.95897065	0.16484744	0.28733157	0.00541063	-0.03609642	0.01106140
0.96479694	0.17073828	0.28635866	0.00310228	-0.03097140	0.01481147
0.96874641	0.16905983	0.28960010	0.00763381	-0.00902268	0.01213250
0.96813478	0.17349111	0.27852324	0.00622495	-0.03110182	0.00472398
0.96368817	0.17471250	0.27573135	0.00541594	-0.03413278	-0.00113329
0.96695973	0.17262683	0.29285071	0.00093906	-0.02833224	0.00425305
0.96670404	0.17172038	0.29418972	0.00382882	-0.01152991	-0.01009229
0.96766336	0.17249421	0.29121720	0.00926650	-0.03376164	-0.00018913
0.96818270	0.17429403	0.27872397	0.00731501	-0.03955602	-0.00075875
0.96488129	0.17172742	0.29293779	0.00500092	-0.02359753	0.00274934
0.97208435	0.16980945	0.28091109	0.00273634	-0.01767819	0.00467308
0.96390938	0.16865119	0.28369833	0.00127178	-0.02496063	0.00902549
0.96358423	0.17580416	0.28699008	0.00195148	-0.03066268	0.01264138
0.96559972	0.17835543	0.28300964	-0.00313983	-0.02818910	0.01342575
0.96940342	0.17109404	0.29695217	0.00219159	-0.03565879	-0.00138750
0.96687215	0.16838476	0.29025859	0.00256691	-0.03634117	0.00767347
0.96529712	0.16910852	0.28402551	0.00008878	-0.03407173	0.01081146
0.96829044	0.16790971	0.27532715	0.00362036	-0.02513490	0.00986826
0.96894440	0.16320234	0.27649518	0.00244796	-0.02870858	0.01262666
0.96597053	0.16533464	0.28588350	0.00068664	-0.01852262	0.01698251
0.97108774	0.17069457	0.29499657	0.00572301	-0.01130968	0.01802020
0.97114841	0.16555024	0.28363805	0.00349463	-0.00662140	0.01727166
0.96851598	0.16993098	0.26897103	0.00290534	-0.02908069	0.01818130
0.96672754	0.16709237	0.27870266	0.00098871	-0.02790532	0.00932312
0.96784256	0.16436292	0.28321816	0.00250925	-0.01873584	0.01491207
0.96745138	0.16921126	0.29233915	0.00634269	-0.03060064	0.01469549
0.96678069	0.16635683	0.28357230	0.00832441	-0.04423336	0.01071350
0.96957655	0.15976612	0.28200841	0.00879170	-0.04427005	0.01791068
0.97303793	0.16793755	0.27372459	0.00871050	-0.02403403	0.01479193
0.97208129	0.16583211	0.27095572	0.00681969	-0.04070274	0.01440559
0.97165641	0.16174626	0.26263657	0.01332078	-0.05500245	0.01953759
0.97237197	0.16396757	0.27136208	0.01129647	-0.05716838	0.01681772
0.97373277	0.16240178	0.27374968	0.00814327	-0.04444364	0.01805767
0.97304338	0.16441222	0.27396305	0.01003268	-0.04055841	0.02127375
0.97641461	0.16763897	0.26096154	0.00523997	-0.03295496	0.01716788
0.97259826	0.16258680	0.26395941	0.00755670	-0.02748326	0.01206149
0.97405071	0.16316313	0.25785185	0.00477378	-0.02134720	0.01370819
0.97863726	0.16619641	0.25370688	0.00791886	-0.03350506	0.01593694
0.97900941	0.16570600	0.25463235	0.00702820	-0.03497844	0.01253005
0.97797303	0.16241335	0.25410677	0.00243275	-0.02460532	0.02066948
0.97471757	0.15978119	0.25666607	0.00376954	-0.02772486	0.01858819
0.97579331	0.15991185	0.26508437	0.00362573	-0.02973375	0.01234130
0.97360732	0.16236258	0.26725109	0.01270567	-0.03297531	0.01055977
0.97259149	0.15556415	0.26262505	0.01228385	-0.03317725	0.01732311
0.97264174	0.15882289	0.27396021	0.00839757	-0.00401659	0.01744394
0.97816020	0.16353808	0.27547996	0.00775909	-0.02212516	0.01177220
0.97959483	0.15914443	0.26329718	0.00437799	-0.02131580	0.00220374
0.97745596	0.15354193	0.26540303	0.00554919	-0.00687491	0.00718352
0.97456221	0.15184421	0.26615882	0.00484080	-0.00376718	0.00317831
0.97342651	0.16137493	0.26302238	0.00546927	-0.01522428	-0.00368162
0.97945663	0.15913980	0.26011511	0.00073207	-0.02018132	-0.00659373
0.97632116	0.15578912	0.27068476	-0.00019587	-0.01127802	-0.00420987
0.97281649	0.15673195	0.27139307	-0.00291892	-0.01960281	-0.01334759
0.97281933	0.14987093	0.26219425	0.00197829	-0.00722890	-0.00980324
0.97049637	0.15406560	0.26009670	0.00329444	-0.00584705	-0.00921902
0.97273125	0.15514530	0.26219741	0.00407648	-0.00041963	-0.01202975
0.97878749	0.16321053	0.26344617	-0.00081979	-0.00327243	-0.01282533
0.97499440	0.16828163	0.26051815	0.00583365	0.00541766	-0.01285298
0.97492938	0.16524280	0.26099631	0.00371396	0.00227198	-0.00830533
0.97665550	0.16698725	0.26137453	0.00387029	-0.00886086	0.00017892
0.97598342	0.16489028	0.26357411	0.00279191	-0.01613709	-0.00723010
0.97715647	0.16377982	0.25347620	0.00816537	-0.01518294	0.00115808
0.97961059	0.15682331	0.26598790	0.00368512	-0.01127676	0.00093388
0.97496745	0.15733898	0.24952906	0.00239657	-0.01146997	0.00907524
0.97769460	0.15776031	0.25473028	-0.00137951	-0.00597009	0.00401583
0.98213596	0.16095557	0.26025629	0.00140641	0.00228143	0.00026059
0.97808349	0.16113133	0.26284883	-0.00028881	-0.01274694	0.00630791
0.97730577	0.16193580	0.25197542	-0.00175012	-0.01671303	0.00178156
0.97751001	0.16476814	0.24912836	-0.00295274	-0.01439774	0.00454320
0.97980771	0.16356365	0.26454586	-0.00035852	-0.01641816	0.00823790
0.97385486	0.16162835	0.26064945	-0.00295626	0.00745740	0.00241551
0.97755818	0.15644898	0.26575415	-0.00317622	-0.00647647	0.00144635
0.97893491	0.16261418	0.24601531	0.00064383	-0.00112403	0.00276102
0.98060944	0.15889225	0.24151608	-0.00318893	0.00880148	0.00211438
0.98177292	0.15944799	0.24976475	0.00104462	-0.00113225	-0.00061753
0.98212294	0.16083247	0.26558234	-0.00165115	0.00343132	0.01125164
0.98004858	0.16352568	0.25685474	-0.00581034	0.00520173	0.00842166
0.98033904	0.16252603	0.25171410	0.00040966	0.00570761	0.00744349
0.98014223	0.16659265	0.26260852	-0.00559459	0.01227078	0.00835061
0.97545147	0.16272059	0.25463385	-0.00502513	0.00026041	0.00493855
0.97263887	0.16350095	0.25980665	-0.00622712	-0.00251891	0.00762873
0.97495741	0.16158399	0.25930802	-0.00734831	0.01455008	0.00888350
