0.05027280	0.66766094	0.76181644	-0.00043380	0.00787276	-0.01605274
0.05039543	0.66930238	0.76031302	-0.00357106	0.01326032	-0.01666166
0.04874047	0.66466395	0.75940818	0.00161988	0.01386692	-0.01463731
0.04826494	0.66757941	0.76031546	0.00714520	0.01217268	-0.01158664
0.04831469	0.66607490	0.76291530	0.00843141	0.00875004	-0.00855818
0.05271479	0.66422604	0.76071625	-0.00689620	0.00887035	-0.01351786
0.05230767	0.67254073	0.76928262	-0.00550866	0.01085651	-0.01073939
0.05043932	0.66478036	0.76616085	-0.00840586	0.00849695	-0.00509727
0.04949709	0.66751978	0.76201458	-0.00212199	0.00923387	-0.01556334
0.05058373	0.66887445	0.76010201	-0.00432566	0.01197241	-0.02054218
0.05527908	0.66098991	0.76117671	-0.00098220	0.00809581	-0.01417172
0.05326366	0.66527367	0.75863203	0.00154903	0.00340623	-0.01203103
0.05219285	0.65884991	0.76071838	0.00120681	0.00721801	-0.01321982
0.05466142	0.65989816	0.76132848	0.00554549	0.00904647	-0.01273727
0.05521967	0.66117516	0.75835890	0.00646871	0.00940830	-0.01190014
0.05372675	0.66262946	0.76436667	0.01077889	0.00724633	-0.00414251
0.05366701	0.66637272	0.76937668	0.01229006	0.00794599	-0.00756954
0.04948767	0.66617155	0.76225454	0.01108291	0.00429332	-0.01019400
0.04881714	0.66254335	0.76209504	-0.00172327	0.00582880	-0.00857928
0.05079708	0.66228500	0.76489767	0.00983465	0.00262582	-0.01047676
0.05506493	0.66107137	0.76154669	0.00761035	-0.00173260	-0.00551785
0.05755302	0.66517530	0.75985035	0.00548203	-0.00012377	-0.01940939
0.05728470	0.66254632	0.75965533	0.00072932	0.00063832	-0.01772138
0.05857479	0.66772170	0.76063461	-0.00406860	0.00440808	-0.01804552
0.05745545	0.66636460	0.76281638	-0.00104281	0.00692195	-0.01765081
0.05379647	0.66997240	0.76414870	-0.00290288	0.00610538	-0.01969780
0.04660221	0.67003713	0.76033866	0.00155574	-0.00016008	-0.01606205
0.04796980	0.67184455	0.76649348	-0.00152884	-0.00231373	-0.01699895
0.04993665	0.66579551	0.76298213	0.00131213	-0.00080869	-0.00577452
0.04490467	0.66938278	0.76561144	0.00765551	0.00009561	-0.01082086
0.05099170	0.66382547	0.76693385	0.00706298	-0.00125977	-0.00619207
0.05385867	0.65948674	0.76922003	0.00115965	-0.00167182	-0.00007378
0.05236537	0.65696915	0.76587741	0.02341672	0.00163272	-0.00924061
0.05014683	0.65755644	0.76573974	0.02325930	-0.00221620	-0.00041154
0.05335737	0.65952171	0.76233779	0.02335493	0.00455731	-0.00170998
0.05424478	0.66142293	0.76279118	0.02737976	0.00302274	0.00357180
0.05697126	0.66508806	0.75930830	0.03821105	0.00080925	0.00044005
0.05561930	0.66849459	0.75416496	0.02477361	0.00265053	-0.00068363
0.05472058	0.67218502	0.75354183	0.03313902	-0.00433331	0.00095943
0.05848503	0.67457372	0.75245783	0.02466831	-0.00185051	-0.00624490
0.05918187	0.67752199	0.75293311	0.02346295	0.00100250	-0.00964243
0.05480113	0.67727673	0.75470842	0.01147050	0.00110190	-0.00850899
0.05226963	0.67616273	0.75788060	0.01216657	-0.00384826	-0.00932359
0.05622411	0.67851500	0.76147770	0.00764451	0.00226278	-0.02035019
0.05552117	0.67685842	0.75690347	-0.00117913	-0.00078883	-0.00960872
0.04968436	0.66998307	0.75410801	0.00910705	-0.00284394	-0.01693141
0.05488673	0.66483910	0.75463831	0.01118118	0.00037588	-0.00985663
0.05870000	0.66577102	0.75787728	0.00407033	0.00546730	-0.00564013
0.05479742	0.66598413	0.75986226	0.00998519	0.00125373	-0.01268010
0.05296434	0.66428101	0.76087992	0.00301963	0.00437039	-0.00404389
0.05538106	0.66522069	0.75613006	0.01696404	0.00228004	0.00828881
0.05874301	0.66760053	0.74959141	0.01734391	0.00275476	0.00299387
0.05242831	0.66830083	0.75498961	0.00809770	0.00547999	-0.00086528
0.05499014	0.67381313	0.76344350	0.00531421	0.00232274	-0.00131189
0.05424592	0.67578049	0.75450458	-0.00917578	0.00550760	-0.00052679
0.05356996	0.67332337	0.75401683	-0.00332295	0.00948853	-0.00793041
0.05816642	0.67261873	0.74754950	-0.00507731	0.01141871	-0.01189642
0.05459414	0.67486625	0.74261923	-0.02257843	0.01251785	-0.00826381
0.05337537	0.66901813	0.75263482	-0.00970797	0.01309346	-0.00873231
0.04920030	0.66952864	0.75598897	-0.01207388	0.01589864	-0.01034416
0.04695749	0.66616090	0.75937278	-0.01320734	0.01105660	-0.01383423
0.05156155	0.66888241	0.75952136	0.00223742	0.00690515	-0.00908167
0.05036020	0.66653646	0.76747964	0.00579888	-0.00040221	-0.00440830
0.05133319	0.66284163	0.76286836	0.00363457	0.00396231	-0.00527129
0.05200533	0.66311524	0.76140987	0.00817377	0.00891348	-0.00040421
0.05674951	0.66797013	0.76245955	0.01590440	0.00923072	0.00817216
0.05423039	0.66421086	0.76210325	0.01565014	0.00400668	-0.00304080
0.05294322	0.66818077	0.76561765	0.01273320	0.00460932	0.00081126
0.05123404	0.66745774	0.76347434	0.00436602	0.00591712	0.00125969
0.05191240	0.67129941	0.75396029	0.00871702	-0.00238711	0.00459719
0.05408059	0.67500851	0.75847917	0.00710894	0.00100385	0.00561598
0.05709070	0.67912465	0.75785510	-0.00307163	-0.00572536	0.00107154
0.05782162	0.67350018	0.74851950	0.01076175	0.00000404	-0.00124889
0.05687600	0.67167416	0.74329179	0.00330242	0.00406740	-0.01417540
0.05841428	0.66827476	0.74498139	0.00440175	0.00603806	-0.01073797
0.05477393	0.66661630	0.75079380	-0.00390494	0.00648347	-0.00670836
0.04713739	0.66895331	0.75008214	-0.00028458	-0.00574728	-0.01044490
0.04696402	0.66956436	0.75421193	0.00174465	0.00172812	-0.00937126
0.04908854	0.67298418	0.75552084	0.00558747	0.00689578	-0.00995601
0.04747611	0.66968788	0.76305021	-0.00871968	0.00200700	-0.00325222
0.05030303	0.66414683	0.76212546	0.00233184	0.00408860	0.00670397
0.05702131	0.66619727	0.75851277	-0.00027822	0.00611568	0.01126769
0.05507544	0.67101125	0.75524216	0.00486938	0.00609190	0.00021386
0.05494091	0.66899943	0.75512147	0.01101867	0.01027299	0.00065724
0.05680799	0.66635933	0.75462171	0.00799991	0.00928185	0.00077217
0.05490678	0.66462306	0.75731920	0.00020788	0.00696779	-0.00082612
0.05835659	0.66117370	0.75515774	0.00024297	0.00092257	-0.00064401
0.05931132	0.66336277	0.75713926	0.00788933	0.00414882	-0.00665295
0.06361223	0.66209804	0.75868803	0.00837717	0.00507427	-0.00567015
0.05448627	0.66785715	0.75750412	0.01199161	0.00235833	-0.00127262
0.05182400	0.67708664	0.76265388	0.00800874	-0.00199068	-0.00302894
0.05148777	0.67592709	0.76462155	0.00979694	-0.00145669	-0.00791287
0.05017212	0.67359288	0.75885824	0.00070901	-0.00023487	-0.00723204
0.04818504	0.67423686	0.75270949	0.00811926	0.00414800	-0.00382056
0.04547413	0.66886491	0.75187851	0.00965764	0.00159600	-0.00387480
0.04883054	0.66661717	0.75962452	0.00543319	0.00060025	-0.00036360
0.06093876	0.67163254	0.76339508	-0.00584265	0.00332901	-0.00064264
0.05848964	0.67101152	0.76521564	-0.00224453	0.00141996	-0.00709022
0.06136567	0.67008516	0.76019294	0.01114530	0.00280772	0.00019037
0.06358677	0.67287135	0.74944023	0.00399479	0.00460111	0.00582608
0.06113247	0.67301965	0.74920987	0.00912933	0.00670343	-0.00105043
0.05691493	0.67212901	0.74322898	0.00638379	0.00140905	0.00780300
0.05726530	0.66859473	0.75268573	0.00568399	0.00194720	-0.00443039
0.05598336	0.66459162	0.75524788	0.00726456	0.00338846	-0.00715885
0.05182653	0.66570424	0.75186194	0.00916395	0.00254034	-0.00510971
0.05467601	0.66934671	0.75520419	0.00342768	0.00414805	-0.00587005
0.05649346	0.67213276	0.75221553	-0.00465010	0.00606149	-0.00072866
0.05256554	0.66617315	0.75470707	0.00052549	0.00480672	0.00061270
0.05574025	0.67447618	0.76145060	0.00206221	0.00722835	0.00381084
0.05530718	0.67216808	0.75625917	0.00766488	0.01330677	0.00250567
0.05619068	0.67043911	0.76117606	0.00213854	0.00814481	0.00083618
0.05738661	0.67323234	0.75837264	-0.00366133	0.00241278	-0.00449808
0.05264351	0.67665429	0.76405504	-0.00829950	0.00339371	-0.00812504
0.05819776	0.67490056	0.75867411	-0.00069961	0.00350213	-0.00355039
0.05617368	0.67150986	0.75567005	-0.00171015	0.00237090	-0.01270225
0.05984154	0.67194153	0.75128202	-0.00651684	0.00310050	-0.00272466
0.05662201	0.67255711	0.74944183	-0.00320039	0.00221417	-0.00320718
0.05874744	0.67203551	0.75721501	0.00014103	0.00459131	-0.00215936
0.05789634	0.67189967	0.76336587	-0.00729210	0.00329708	-0.00491619
0.05738718	0.66996904	0.75931647	0.00080706	0.00118170	-0.00624430
0.05776290	0.66886400	0.75961508	-0.00354002	0.00520561	-0.01242724
0.05655715	0.67052481	0.76030895	0.00330347	0.00840426	-0.00752390
0.05703635	0.66693314	0.75796987	-0.00170264	0.00542200	-0.01115360
0.05882221	0.66888983	0.76268761	-0.00627685	0.00221911	-0.00862748
0.05649630	0.67206127	0.75909138	-0.01297977	0.00310251	-0.00436476
0.05956494	0.66312139	0.75945197	-0.00524387	-0.00061976	-0.00097063
0.05769364	0.66679905	0.76173382	0.00339909	0.00222442	-0.00750052
0.06037003	0.66666352	0.75541914	0.00344194	0.00063652	-0.00413207
