0.13178172	0.72899630	0.68563137	-0.00286192	-0.00234048	-0.02316183
0.13294889	0.72866534	0.68690787	-0.01124766	0.00094680	-0.02281017
0.13164432	0.72649282	0.68678913	-0.02369081	-0.01032231	-0.01518606
0.13563034	0.71949452	0.68209701	0.00416538	0.00594510	-0.02026257
0.13588124	0.72321848	0.66685703	-0.03056254	0.02579348	-0.02014560
0.13774845	0.73277407	0.66850547	-0.03944255	0.02014126	-0.02129428
0.12770100	0.73438229	0.67455521	-0.05260819	0.02501026	-0.02402770
0.11416101	0.75112947	0.67858177	-0.06621593	0.02298433	-0.02964467
0.11102467	0.74720572	0.68537237	-0.05532677	0.01751068	-0.02376795
0.11801449	0.73933774	0.70634013	-0.06593522	0.01208795	-0.03489790
0.11523184	0.73581793	0.70809992	-0.04278144	-0.01871314	-0.03391576
0.12659054	0.71953762	0.69908125	-0.04108952	-0.00728365	-0.03313296
0.13071387	0.71219231	0.71054723	-0.01683336	-0.00294904	-0.03117327
0.12832635	0.70800910	0.70243696	-0.02277485	0.00313298	-0.02975745
0.12968783	0.70881694	0.70494332	-0.00988573	0.01515973	-0.02698359
0.11156188	0.71285470	0.70538425	0.00687992	-0.00391395	-0.00486538
0.11397449	0.71237477	0.69271697	0.01542460	0.00001879	-0.00147230
0.11916350	0.71352900	0.69239990	0.01908676	-0.00694743	0.00467465
0.13084820	0.72339914	0.69469648	0.01812021	-0.01450649	-0.00390255
0.13231586	0.72072812	0.69034098	0.01143871	-0.00790179	-0.00727174
0.13735709	0.72128382	0.68511113	-0.00462660	-0.00160274	-0.01303455
0.13555862	0.72771826	0.69188193	-0.00999247	0.00085453	-0.02764272
0.13045041	0.72171886	0.69344826	0.00747303	-0.00673418	-0.02487445
0.11486952	0.72883219	0.69496994	0.01293801	-0.02749873	-0.01576377
0.12230685	0.72868893	0.69011479	0.03056362	-0.01782835	-0.02670884
0.12431864	0.72526094	0.69447219	0.02585656	-0.01277574	-0.01866761
0.11728337	0.72950259	0.69002363	0.02562314	-0.01909990	-0.01330246
0.12639951	0.73164526	0.69140506	0.02120619	-0.02209938	-0.01533067
0.12892375	0.73001994	0.69160081	0.02566524	-0.01656838	-0.00516607
0.12580308	0.73409809	0.68976256	0.01848378	-0.01311589	0.00045609
0.12799654	0.73206715	0.68866872	0.01797689	-0.01969048	-0.01332428
0.13086396	0.73579355	0.68185287	0.02070932	-0.01383441	-0.00120916
0.13012999	0.73023552	0.68566742	-0.01248388	-0.01019461	-0.00917552
0.13857119	0.73954129	0.67782992	-0.00987662	-0.00530820	-0.01689389
0.13675578	0.73509865	0.66981241	-0.03752637	-0.00730430	-0.01527460
0.13652236	0.73580259	0.67832126	-0.02951604	-0.00066240	-0.01868526
0.13358850	0.72949058	0.68159942	-0.01712981	-0.00099606	-0.03039629
0.12764003	0.73138271	0.67911996	-0.03562409	-0.00743619	-0.02096443
0.12781659	0.72847545	0.68115154	-0.05616577	-0.00797723	-0.02469971
0.12485484	0.72826307	0.69857338	-0.03000604	-0.01397293	-0.02538429
0.12219904	0.72828958	0.70360434	-0.00836591	-0.02073463	-0.02236014
0.11936646	0.72133931	0.68983429	-0.02437702	-0.01670355	-0.02502666
0.12869819	0.72231254	0.68805372	-0.00230869	-0.00631919	-0.01174896
0.13013447	0.71699447	0.69463953	-0.00367428	-0.01006245	-0.00371553
0.12671926	0.72368570	0.69997351	-0.00230220	0.00106825	-0.01110860
0.12412823	0.72141739	0.68652137	0.01619503	0.00024186	-0.00435341
0.12607333	0.72928408	0.68712928	0.02809134	-0.02198431	-0.00774587
0.13059250	0.72871850	0.69414452	0.00402992	-0.01510904	-0.00834478
0.12367260	0.74273694	0.69542981	0.01004995	-0.00707380	-0.00720861
0.13285052	0.74058529	0.68087802	0.00437442	-0.00570577	-0.00942472
0.12445079	0.73724743	0.67856061	-0.00026425	-0.00423855	-0.01275738
0.12894284	0.73619937	0.67308072	0.00613859	0.00024101	-0.02831722
0.12674122	0.73547723	0.67200018	-0.01423409	-0.00874932	-0.01830505
0.12561971	0.73583340	0.68307203	-0.01962325	-0.01944239	-0.02271564
0.12645806	0.72770682	0.68325739	-0.02272554	-0.00208978	-0.02459759
0.12566029	0.73562551	0.68957215	-0.02815914	-0.00633626	-0.01565031
0.12369834	0.72129698	0.68886866	-0.02197625	-0.01846480	-0.01639765
0.12586486	0.73000751	0.69693930	-0.02023827	-0.00475163	-0.02351185
0.12280125	0.72897283	0.68989385	-0.01471540	-0.00188847	-0.01844429
0.12632654	0.72966775	0.68123333	-0.01323016	-0.01015499	-0.01130712
0.12774039	0.73572401	0.68785754	-0.03793562	0.00007457	-0.01290621
0.13189447	0.73939602	0.69264992	-0.01421212	0.00073487	-0.00532429
0.12861440	0.72606209	0.69239618	0.00477635	0.00478194	-0.01649658
0.12953678	0.73563425	0.68192853	0.00586014	-0.01030159	-0.01655969
0.13434802	0.73523425	0.69153004	-0.01335575	-0.01268670	-0.02656824
0.12827566	0.73210954	0.68791372	-0.01823490	-0.00356902	-0.02441448
0.12918714	0.73813239	0.68166937	-0.03192851	-0.00092615	-0.01357799
0.12361704	0.73407442	0.68445781	-0.01289181	-0.00807441	-0.01278594
0.13302965	0.72933929	0.69899936	-0.02123105	-0.00277161	-0.01170870
0.13116857	0.73153377	0.69864759	-0.01526561	-0.00689639	-0.02636310
0.12500265	0.73176648	0.69965724	-0.00795755	-0.00691084	-0.02765380
0.12988379	0.73021475	0.69170953	-0.00285941	-0.00518670	-0.01543463
0.12473095	0.73570031	0.69715185	-0.02268598	-0.00642722	-0.01790215
0.12260015	0.73208465	0.68679440	-0.02471042	0.00071794	-0.02167887
0.12227919	0.72898561	0.68868577	-0.01576266	0.00008552	-0.02044836
0.12267597	0.73740783	0.68331096	-0.01572835	0.00041826	-0.01463301
0.12685344	0.73274553	0.68599987	0.01110198	-0.00106434	-0.01664957
0.12281265	0.73472487	0.67710204	-0.00637977	0.00285210	-0.01305864
0.12391242	0.73301809	0.68094693	0.00252747	-0.00313155	-0.00636154
0.13043807	0.72842598	0.68186387	-0.01437751	0.00066546	-0.00790958
0.12832998	0.73549922	0.68335654	-0.02429749	-0.00243355	-0.01528220
0.13149736	0.72227291	0.68842633	-0.00057273	0.00636791	-0.01748771
0.12920872	0.72597015	0.68063969	-0.02605495	-0.00667783	-0.02532272
0.12933424	0.72990300	0.68499007	-0.01652363	-0.00172415	-0.01991991
0.12616857	0.72283124	0.68402111	-0.03375181	0.00230433	-0.01321772
0.12888765	0.72540387	0.68090454	-0.03477997	-0.00597816	-0.01533825
0.12916597	0.72220926	0.68280723	-0.02850686	-0.00411412	-0.00662534
0.12279269	0.73473996	0.68461843	-0.02235801	0.00155958	-0.00513064
0.12363433	0.73075034	0.68660966	-0.01475865	0.00023870	-0.00537406
0.12404553	0.73472858	0.68534268	-0.01578877	-0.00895756	-0.00992993
0.12839119	0.72976833	0.68707931	-0.01452745	0.00428765	-0.01408740
0.13053545	0.72615010	0.69110010	-0.01389032	-0.00766725	-0.01531778
0.12922948	0.71940092	0.69106451	-0.01166161	-0.00932467	-0.01104910
0.12250712	0.72587582	0.68219850	-0.00404245	-0.00861478	-0.01951570
0.12470905	0.72761073	0.66723173	-0.00199585	-0.00492478	-0.01102894
0.12982612	0.73176291	0.68165491	-0.02437946	-0.00468429	-0.01159525
0.12919920	0.72439060	0.69223146	-0.01558152	-0.01087913	-0.01954031
0.13229829	0.72861854	0.68564317	-0.00937669	-0.00898284	-0.02047717
0.13034572	0.72586847	0.68579048	-0.01345825	-0.01404721	-0.02089283
0.13447039	0.72932308	0.68701872	-0.02892698	-0.01271709	-0.02105117
0.12852349	0.72972241	0.68280220	-0.00342552	-0.00332328	-0.01264096
0.13073731	0.72293744	0.68671474	0.00175164	-0.00411916	-0.01133739
0.12926652	0.73556770	0.68268198	-0.01534381	-0.01498945	-0.00944554
0.12607115	0.72761925	0.68478170	-0.00048923	-0.01749279	-0.01532571
0.12790668	0.73159533	0.68590861	-0.01664990	-0.00395272	-0.01630904
0.13222535	0.73415675	0.67815775	-0.00821416	-0.00739458	-0.02477698
0.12823421	0.73107954	0.67264576	-0.00660935	-0.00851074	-0.01958464
0.12910398	0.73483957	0.68417475	0.00004061	-0.00362194	-0.01496447
0.12943274	0.73145888	0.68153739	-0.01168999	-0.00621876	-0.01427160
0.12878655	0.73191193	0.68272492	-0.02218928	-0.00116404	-0.01832697
0.12616533	0.73222593	0.67030916	-0.00136034	0.00485507	-0.02074562
0.13125283	0.72684115	0.68129803	-0.03757910	0.00121008	-0.01784444
0.12681608	0.73797522	0.68228466	-0.02111117	-0.00799196	-0.00862758
0.12424609	0.73494336	0.67404875	-0.02657717	-0.00142466	-0.00611183
0.12448435	0.72706318	0.67762787	-0.03844955	0.00073206	-0.02104475
0.12425705	0.73721698	0.68542628	-0.02919897	-0.00632760	-0.01603305
0.12229066	0.72756715	0.68583588	-0.04011384	-0.02714480	-0.01674441
0.12419107	0.72528812	0.70199951	-0.04338398	-0.02221209	-0.00557839
0.12985956	0.71438132	0.68736378	-0.02684685	-0.02238418	-0.01226052
0.12884224	0.72247066	0.68719747	-0.02006419	-0.02102065	-0.00884303
0.13141605	0.72303323	0.68734304	0.02399394	-0.01501781	-0.00770965
0.13107101	0.71540325	0.68491312	0.00237465	-0.01542987	-0.00820992
0.13023257	0.72563080	0.67973599	-0.01241025	-0.00809126	-0.01217608
0.12233076	0.72788392	0.67910658	0.01628670	-0.00091067	-0.01488415
0.12451575	0.73472105	0.68269956	-0.00039057	0.00594172	-0.00693513
0.12545757	0.73772172	0.68586919	-0.03112419	0.00769818	-0.01519483
0.12613772	0.74033384	0.67967160	-0.04174019	0.01463584	-0.00891599
0.12378150	0.73490202	0.68187352	-0.04800800	0.02022696	-0.00930738
