0.12918776	0.72788213	0.68994385	0.00256853	-0.00085360	-0.00331409
0.12763092	0.72672876	0.69107643	0.00315104	-0.00350358	0.00088062
0.12681265	0.72707300	0.68647239	0.00763947	0.00184682	0.00760052
0.12837664	0.72769572	0.69047519	0.00755988	-0.00461384	0.00337138
0.13045920	0.72710744	0.68786982	0.00668361	-0.00187341	0.00028555
0.13257955	0.72318239	0.68552184	0.00907443	0.00218942	-0.00059601
0.12891042	0.72722163	0.67879913	-0.00056683	0.00324767	-0.00210915
0.12863183	0.73068926	0.67984396	0.00220147	0.00350709	0.00412861
0.13066931	0.73548974	0.69259808	0.00462564	-0.00195764	0.00725402
0.12780486	0.72934825	0.69586700	-0.00375514	-0.00314063	0.00130867
0.12817072	0.72872796	0.69228301	-0.00830655	-0.00814053	0.00709876
0.13190368	0.73224301	0.69437221	-0.00392044	-0.01448993	0.00219634
0.13495530	0.72444720	0.69380105	0.00343701	-0.01451945	-0.00033208
0.13791521	0.72859911	0.69261083	0.00740362	-0.00274090	-0.00176388
0.13612825	0.72859374	0.69136847	0.00673033	-0.00181350	-0.00636638
0.13149994	0.72620528	0.68744794	0.00665021	0.00104429	-0.00712331
0.13207677	0.72735062	0.68442229	0.00867735	0.00165462	-0.00336500
0.12977703	0.73278915	0.68628852	0.00501689	0.00214697	0.00199324
0.12999241	0.73643120	0.68619032	0.00011452	0.00536031	0.00017371
0.13200003	0.72877075	0.68299469	-0.00562264	0.01457910	0.00360996
0.13673690	0.73011953	0.68714599	-0.00802771	0.00901632	0.00153041
0.13898828	0.72856538	0.68781413	-0.00888443	0.01341384	0.00314717
0.13499794	0.72991571	0.68464490	-0.00834906	0.01028543	-0.00184756
0.13390626	0.72759507	0.68753171	-0.00482159	0.00484178	-0.00251546
0.13631158	0.72723719	0.68642149	-0.00485301	0.00318008	-0.00287533
0.13431974	0.72614769	0.69300463	-0.00321305	0.00510845	-0.00551819
0.13384514	0.72891305	0.69409281	0.00576918	-0.00823888	-0.00860472
0.13461158	0.72565300	0.69064830	0.00200332	-0.00671869	-0.00178586
0.13249794	0.72522438	0.68567556	0.00544037	-0.00293758	0.00170094
0.13387399	0.72717686	0.68785397	0.00926564	-0.00828743	-0.00089180
0.12895309	0.72793797	0.68600931	0.00890177	-0.00694720	0.00208976
0.12997731	0.73012410	0.69199918	0.00431394	-0.00906168	0.00547097
0.13390331	0.72764764	0.68287551	0.00570813	-0.00136452	-0.00019226
0.13205757	0.72665299	0.68023403	-0.00033083	-0.00496899	0.00377213
0.13436391	0.72429698	0.67568637	-0.00352271	0.00336967	-0.00058418
0.13584681	0.73017361	0.68392045	-0.00591675	-0.00384448	-0.00611573
0.13490337	0.73266733	0.69140265	-0.00667304	0.00374562	0.00004951
0.13212193	0.73125087	0.69909438	-0.00265362	-0.00353448	-0.00007116
0.12922476	0.73413462	0.69230994	-0.00410616	0.00578412	-0.00489229
0.13173535	0.72885328	0.69026132	-0.00311324	0.00491764	0.00111515
0.12974609	0.72446802	0.69056486	-0.00607526	0.01221591	-0.00262806
0.13095593	0.73039312	0.68462166	0.00054802	0.00152293	0.00174473
0.13085334	0.72910287	0.68179670	0.00110079	-0.00112659	0.00285900
0.13105166	0.73026713	0.68611437	0.00728204	0.00089900	0.00130952
0.12986427	0.72606149	0.68175464	0.00565293	-0.00021875	0.00183741
0.12943645	0.72960547	0.68131847	-0.00087096	0.00702450	0.00490059
0.13179016	0.72685390	0.68370331	0.00403058	-0.00190979	0.00298714
0.13034986	0.73049874	0.68008269	-0.00057149	-0.00558583	0.00233763
0.13242847	0.72758626	0.67768501	-0.00097559	-0.00591190	-0.00353424
0.13370529	0.72781969	0.68384671	0.00365512	-0.00615085	-0.00011829
0.12908445	0.73487311	0.69518884	-0.00041057	0.00518319	0.00316534
0.12971512	0.73115089	0.69273269	-0.00124662	0.00901233	0.00634403
0.12762545	0.73468093	0.69398578	-0.00004975	0.00323326	0.00369481
0.13433868	0.72808371	0.69551839	-0.00383947	0.00087509	0.00113423
0.13629317	0.72794466	0.69518902	-0.00211394	0.00028817	0.00003681
0.13499785	0.73111716	0.68895617	-0.00283854	0.00766202	-0.00223626
0.13154539	0.72527010	0.69000227	-0.00118086	0.00338676	-0.00430934
0.13367399	0.72654890	0.69174738	-0.00068757	0.00066332	-0.00491134
0.12986635	0.73006933	0.68934884	-0.00274801	0.00382993	-0.00226182
0.12885885	0.73782335	0.68204495	-0.00284157	-0.00116325	-0.00287511
0.12617748	0.73775132	0.68277955	-0.00259091	-0.00412691	0.00000529
0.13125657	0.73288908	0.68206363	-0.00099026	-0.00507248	-0.00223258
0.13462483	0.72769800	0.68666062	0.00205395	-0.00373743	-0.00173854
0.13885144	0.72745082	0.69327594	0.00446195	0.00023137	-0.00385317
0.13896433	0.72680972	0.69843894	0.00272748	0.00134381	-0.00907516
0.13573384	0.73135023	0.69349665	0.00722022	0.00566868	-0.00767034
0.13170710	0.73401286	0.69834665	0.00998379	0.00738759	-0.00203326
0.13021363	0.73277579	0.69249426	0.00668462	-0.00206718	0.00481970
0.13238062	0.72866314	0.68824339	0.01132824	0.00693275	-0.00189396
0.12932811	0.73054445	0.68200454	0.00181651	0.01095853	0.00724810
0.13166372	0.73370533	0.69239974	-0.00530233	0.00272179	0.00151410
0.13254920	0.72712642	0.68190404	-0.00691223	0.00876472	0.00563957
0.13678278	0.72743567	0.68535665	-0.00414325	0.01130214	-0.00658106
0.13862250	0.72339346	0.69089292	-0.00613466	0.01027783	0.00282789
0.13484659	0.72845890	0.69371757	0.00123698	0.00495155	-0.00071625
0.13360914	0.72812181	0.68930637	0.00248799	0.00808516	-0.00191629
0.13441881	0.72777125	0.68508812	-0.00285322	0.00589134	0.00000368
0.13490954	0.72734302	0.69116558	-0.00128038	0.00894835	-0.00213821
0.13529596	0.72514753	0.68685948	0.00127688	0.01158263	0.00140386
0.13248205	0.72732510	0.68898988	0.00558311	0.01517972	-0.00191887
0.12993942	0.72976102	0.69258927	0.00425923	0.00452060	-0.00243423
0.12741785	0.73221550	0.69193300	0.00554873	0.00796650	0.00146049
0.12935620	0.73481152	0.68817569	-0.00119475	0.00978264	0.00221561
0.12683188	0.73214549	0.68101987	0.00146214	0.00485792	0.00461079
0.13270816	0.73177711	0.67966196	-0.00366737	0.01099065	0.00640687
0.13529128	0.72917440	0.67500947	-0.00493164	-0.00286429	-0.00075415
0.13304791	0.72761728	0.68157598	-0.00580876	0.00482462	-0.00291085
0.13399338	0.73083095	0.68320977	-0.00838465	-0.00127498	-0.00133077
0.13351405	0.73065667	0.68776741	0.00336173	0.00180018	-0.00475451
0.13023098	0.73360675	0.69026961	0.00273807	0.01066344	-0.00118081
0.12609017	0.72976806	0.68829850	-0.00061684	0.00869677	-0.00483681
0.12612155	0.73093312	0.68882745	0.00502143	0.00640184	0.00176772
0.12691558	0.72922063	0.69422412	0.00815027	0.01196126	0.00477482
0.12381919	0.72960801	0.68832572	0.00702642	0.00351705	-0.00300574
0.12943726	0.72564328	0.68675343	0.00530561	0.00616471	0.00435991
0.13048274	0.72929641	0.68282411	0.00405474	0.00023930	0.01145211
0.13167329	0.72752895	0.68756369	0.00069612	0.00120163	0.00796168
0.13552663	0.73062642	0.69327994	0.00072122	0.00050427	0.00521141
0.13422917	0.72716413	0.69315182	0.00053014	0.00085979	-0.00273041
0.13375971	0.72902385	0.68207688	0.00273252	0.00347835	-0.00248188
0.13161343	0.72713150	0.68968413	0.00641339	0.00495155	-0.00102653
0.13300035	0.72993647	0.67549409	0.00024349	-0.00094715	0.00336496
0.12940259	0.72741757	0.67805705	-0.00425769	-0.00151303	0.00189708
0.12820557	0.73254875	0.67383820	-0.00013117	0.00027493	0.00148456
0.12835639	0.73345804	0.68121265	-0.00377435	-0.01039127	-0.00461137
0.12850496	0.73598264	0.68223789	-0.00470083	-0.00470376	0.00369261
0.13210805	0.73681550	0.68901232	-0.00367660	-0.01244353	0.00214730
0.13650056	0.73437138	0.68281706	0.00056253	-0.02270948	-0.00933264
0.13496119	0.73040832	0.69045562	-0.00029081	-0.01583876	-0.01467454
0.13103515	0.72792030	0.68876784	-0.00285401	-0.01686540	-0.00934478
0.13203172	0.72075202	0.68535734	0.00037685	-0.00829614	-0.00041873
0.12836358	0.72235217	0.68552690	0.00135286	-0.00954092	0.00147172
0.13129158	0.72263315	0.69267159	0.00125112	0.00498971	0.00198619
0.13779940	0.72477081	0.69257494	0.00147117	-0.00967098	0.00325241
0.13354522	0.72616792	0.69606588	0.00279267	-0.00528701	0.00044937
0.13700386	0.73343658	0.70299738	0.00565830	0.00405071	-0.00397011
0.13964031	0.72902583	0.70317309	0.00635094	0.01010151	-0.00665517
0.13403822	0.72774830	0.69587880	0.01059138	0.00370211	-0.00630069
0.13258721	0.72982095	0.68574807	0.01008484	-0.00243842	-0.00286393
0.12825591	0.72831658	0.68740982	0.01066293	0.00160799	0.00586433
0.13005294	0.73157587	0.69014309	0.00692921	-0.00005672	0.00598305
0.12966436	0.73027810	0.68598291	0.00039284	-0.00268636	0.00629717
0.13015497	0.72706182	0.68039790	-0.00071175	0.00690635	0.00051273
0.13553432	0.72875565	0.68390350	-0.00486527	-0.00064411	0.00039123
0.14182017	0.73079262	0.68683936	-0.00796591	0.00476683	-0.00071348
0.13396581	0.73027543	0.68167544	-0.00816374	0.00741591	-0.00217810
0.13140013	0.72372581	0.69600656	-0.01096764	0.00080149	-0.00648824
0.13202976	0.72231124	0.68668588	-0.00934170	0.00874132	-0.00705096
