0.13988916	0.72835160	0.69440629	0.00507843	0.00115592	-0.00596155
0.13461331	0.72822389	0.69750329	0.01198407	-0.00013418	-0.00395425
0.13352270	0.73588545	0.69802744	0.00784995	0.01190100	0.00135306
0.13153734	0.73099627	0.69056689	0.01170510	0.00694820	0.01062224
0.13507726	0.72554384	0.68727673	0.00366972	0.00229937	0.00727889
0.13233702	0.72960271	0.68540061	-0.00527954	0.00341210	0.00539184
0.13029857	0.72743361	0.68225398	-0.00475504	0.01029647	0.00538542
0.13280910	0.72674366	0.68173460	-0.00505220	0.00584987	0.00439777
0.13488709	0.72889415	0.68916774	0.00094220	0.01361153	-0.00298361
0.13700680	0.72375241	0.69640823	-0.00378923	0.00786451	0.00077949
0.13412583	0.72859105	0.69275065	0.00297435	0.00449669	0.00366732
0.13169202	0.73014283	0.68822310	0.00137296	0.00488284	-0.00307135
0.13326965	0.72432127	0.69092154	0.00526870	0.01261853	0.00576315
0.13204170	0.72752962	0.68835652	-0.00035828	0.00981181	-0.00420956
0.13568068	0.72411202	0.68639888	-0.00226130	0.00501264	0.00024170
0.13024479	0.72740552	0.69416177	0.00261915	0.00858697	0.00004674
0.13175864	0.72868984	0.69748322	0.00845765	0.00610565	-0.00159234
0.13201087	0.73600808	0.69198919	0.00928699	-0.00089967	0.00204038
0.12633139	0.73426933	0.68658075	0.00418621	0.01505788	0.00423564
0.12796806	0.73119558	0.68320968	0.00048228	0.00733604	0.00605852
0.12683788	0.72451955	0.67841489	-0.00124075	0.01063076	0.00655570
0.13446574	0.72857543	0.68211171	-0.00033207	0.00408534	-0.00231776
0.13486677	0.72930883	0.68373129	-0.00231312	0.00462306	-0.00726964
0.13157761	0.72970504	0.68175720	-0.00626231	0.00646562	-0.00608988
0.13206575	0.72794968	0.68771732	0.00278318	0.00498261	-0.00621787
0.12990795	0.73306426	0.68597874	0.00362159	0.00078612	0.00088302
0.12813969	0.73372592	0.69259755	0.00158732	0.01053117	-0.00397363
0.12895274	0.72652441	0.68717573	-0.00098667	0.00029434	-0.00094103
0.12468948	0.73677362	0.69200509	0.00712955	0.01131648	0.00137542
0.12233401	0.73038866	0.69734705	0.01580611	-0.00057282	0.00167720
0.12665845	0.72862333	0.68001745	0.00602727	0.01095935	0.00215493
0.13042864	0.72595170	0.68366038	0.00347026	0.00551833	0.00780052
0.13648539	0.72991954	0.68391455	-0.00450473	0.00275150	0.00321034
0.13451924	0.73172028	0.69181827	-0.00179815	0.00378711	0.00440138
0.13636853	0.72941159	0.68768944	-0.00132866	0.00157630	0.00341770
0.13318286	0.72762720	0.69153412	-0.00688707	0.00816767	0.00122914
0.13544970	0.72817797	0.69274760	0.00206468	-0.00465372	-0.00490051
0.13358774	0.72778430	0.67866051	-0.00129675	0.00283954	0.00800740
0.13491744	0.73004102	0.67726362	-0.00493693	0.00006170	0.00575867
0.13158784	0.72957512	0.67705766	-0.00484545	-0.00058565	-0.00171594
0.13124898	0.72977631	0.68733487	0.00060761	-0.00253444	0.00391601
0.12934219	0.73617614	0.67819364	-0.00595060	-0.00842859	0.00442391
0.13363817	0.73508123	0.68316530	-0.00524994	-0.01631656	0.00183335
0.13665735	0.73321243	0.69045635	0.00535500	-0.01940753	-0.00727820
0.13463006	0.72870773	0.68376102	-0.00472063	-0.01823900	-0.01479825
0.12922403	0.72109682	0.68896911	-0.00070054	-0.00382635	-0.00835905
0.13461032	0.72855947	0.67947333	-0.00428639	-0.00863291	-0.00043911
0.13084857	0.71774975	0.69036897	-0.00169165	-0.00757223	0.00268082
0.13133666	0.72062862	0.68739073	-0.00092269	-0.00407155	0.00587473
0.13652237	0.72428061	0.68985006	-0.00147427	-0.00634765	0.00609635
0.13729096	0.72859370	0.69592699	0.00507788	-0.00239962	0.00276836
0.13536896	0.72637450	0.70081092	0.00707169	0.00234427	0.00356931
0.13976512	0.72653414	0.69588636	0.00308019	0.01448236	-0.01286379
0.13536925	0.73133436	0.68666075	0.00826759	-0.00213956	-0.00771142
0.13136358	0.73059141	0.68876581	0.00962408	-0.00324873	-0.00553905
0.12626780	0.72755769	0.68834922	0.00831156	-0.00157768	0.00439829
0.12773831	0.73221432	0.68722639	0.01009116	0.00705605	0.00361568
0.13267686	0.73166573	0.68689217	-0.00257640	-0.00323839	0.00536774
0.13115197	0.72754494	0.68742336	0.00217985	0.00192203	-0.00016489
0.13440344	0.72712197	0.68215523	-0.00886756	-0.00077320	-0.00335486
0.14052043	0.73291017	0.68371766	-0.00779066	0.00228601	-0.00662035
0.13511479	0.73102242	0.68927873	-0.00845963	0.00818859	-0.00223651
0.13231107	0.72279535	0.68700167	-0.00798707	0.00632512	-0.00780916
0.13131045	0.72328398	0.68892036	-0.00552637	-0.01235852	-0.00454435
0.13177339	0.72009371	0.68823357	0.00432168	-0.00007105	-0.00150624
0.13094541	0.71864184	0.68663358	0.00573820	-0.00127497	0.00058989
0.13220317	0.72389875	0.68483870	0.00440055	-0.00120114	0.00377181
0.13643878	0.72713721	0.69148590	-0.00356216	0.00863120	0.00260876
0.13117228	0.73281162	0.68700660	-0.00074564	-0.00579820	-0.00083738
0.13013877	0.73538464	0.69259306	0.00327849	0.00158910	0.00826901
0.13087375	0.74026328	0.69035966	-0.00189945	0.00539200	0.00567533
0.13002059	0.74131410	0.69256445	-0.00306170	0.00850257	0.00085493
0.13368686	0.73048334	0.69219825	0.00065517	-0.00412960	-0.00978553
0.13000508	0.72524995	0.67951985	-0.00396649	0.00299269	-0.00022089
0.13476455	0.72604271	0.67505419	0.00123123	0.00653040	0.00058776
0.13715093	0.72853677	0.67768968	0.00402332	0.00915683	0.00070917
0.13685586	0.72305690	0.68201141	-0.00310133	0.01675708	-0.00289847
0.13336102	0.72166199	0.68282405	0.01083924	0.01947819	-0.01220671
0.13161954	0.72785506	0.69271552	0.01300820	0.03818037	-0.01363945
0.13115264	0.73342787	0.70116719	0.01243788	0.02991790	-0.00430127
0.12567289	0.73288816	0.69052481	0.00758875	0.01497853	-0.00621651
0.11970136	0.73644486	0.68668733	0.01513350	0.00110803	0.00288860
0.12260971	0.74285326	0.69274860	0.00363473	0.00791570	0.00090051
0.12826184	0.74059453	0.68788458	-0.00350874	-0.00515470	0.00319195
0.13227382	0.73949658	0.68131468	-0.01432020	-0.00185714	0.00216772
0.12432456	0.74340143	0.68188807	-0.01197323	-0.01202828	-0.00296913
0.12889744	0.73763275	0.67883680	-0.02020539	-0.00050141	-0.00171885
0.12595268	0.73550408	0.68518902	-0.01403417	-0.01225779	0.00358318
0.12966250	0.73136972	0.69876675	-0.01954532	-0.01020973	0.00406184
0.12691434	0.73192683	0.69333569	-0.00304311	-0.01327622	0.00390769
0.12689672	0.73092824	0.69024380	0.00654973	-0.00546728	0.00386982
0.12680556	0.73054893	0.68758108	0.00552719	-0.00302223	0.00787965
0.12325976	0.72549967	0.68625023	0.00135377	0.00667213	0.00603593
0.12344089	0.72969760	0.68217034	0.00910724	-0.01092842	0.01276864
0.12426283	0.72934249	0.68803735	0.00978091	0.00579626	0.00843857
0.13192949	0.73462869	0.68264068	0.00233070	0.00004878	0.00365840
0.12942667	0.73509563	0.68340926	0.00773809	0.00257118	0.00189729
0.13028150	0.72993949	0.68076646	0.00465823	-0.00185757	-0.00478241
0.13041230	0.73462007	0.68434249	-0.00469283	-0.00390597	-0.00022122
0.13118265	0.73540853	0.68709173	-0.00892877	-0.00361282	0.00286438
0.12943155	0.73266365	0.69674813	-0.01346837	-0.00367677	0.00255938
0.12954665	0.72581213	0.68500112	-0.01034991	-0.00867680	0.00377892
0.13280541	0.72366139	0.68405925	-0.00554653	-0.00332501	-0.00281479
0.12908023	0.72171288	0.69300809	-0.00244265	0.00500849	0.00118307
0.12777829	0.72802630	0.69036478	0.00775739	0.00163406	-0.00401335
0.12773948	0.72592593	0.68943356	0.00356683	0.00089877	0.00290866
0.12544961	0.73368924	0.69398274	0.00607232	0.00927116	0.00450516
0.12488519	0.73662403	0.69172014	0.01044982	0.01418365	0.00360942
0.12611688	0.73749435	0.69947255	-0.00045858	-0.00098760	0.00370486
0.12582523	0.72842093	0.69242147	-0.00259887	0.01688753	0.00280967
0.12716986	0.72216886	0.69132812	-0.00820189	0.00749666	0.00357705
0.12882404	0.72755481	0.69533626	-0.00100988	0.01010289	-0.00091083
0.13532502	0.72902564	0.68814944	-0.00618242	0.01395382	0.00218353
0.13058774	0.73062724	0.68415935	-0.00792554	0.01272194	0.00314777
0.13341686	0.72752464	0.68702334	-0.00687509	0.02841088	0.00285325
0.13463937	0.73143486	0.69324694	-0.00771425	0.01815124	0.00256448
0.13577986	0.72594913	0.68739105	0.00096895	0.01052166	-0.00946104
0.13231727	0.72820334	0.68743600	-0.00276308	0.02357087	-0.00285981
0.13276324	0.72533266	0.68424773	0.00010526	0.02349777	0.00079481
0.12705060	0.72262948	0.68930258	0.00316804	0.02166681	0.00554308
0.12760608	0.72995919	0.69169197	-0.00028690	0.03234293	0.01078054
0.12582876	0.72771301	0.69038187	0.01247366	0.01889589	0.00733258
0.12755045	0.72782850	0.68525499	0.00240177	0.01857200	0.00363014
0.12876848	0.73512198	0.68703610	0.01344438	0.01507796	0.00292019
0.13111634	0.73534682	0.68645168	0.00502499	0.02544346	0.00567056
0.12715664	0.73598835	0.67799464	-0.00555907	0.01272320	0.00388560
0.12605040	0.73413272	0.67639106	-0.00640081	0.01908202	-0.00052388
0.13122552	0.73674784	0.68027949	-0.01062219	0.01971926	0.00158220
