1.51272960	-1.01528427	-0.11052770	1.66746350	1.01026598	0.91579218
0.77806798	-0.57363951	0.00986510	1.58054634	0.28440682	-0.21209797
0.59160570	-0.24740795	0.13218093	0.59878875	0.10221105	-0.22179707
1.22469596	-0.19499406	0.02534105	0.31489779	-0.31342644	0.21746768
1.45054037	-0.29257776	-0.05311488	0.48265655	-0.32610199	-0.03670751
1.19042420	-0.25283466	-0.11020873	0.88468159	-0.23642592	-0.15506091
0.75173943	-0.40807907	-0.13425505	0.63497863	-0.49824059	-0.63932126
0.55900324	-0.27785378	-0.07422714	0.47541670	-0.73063359	-0.26230343
0.48356577	-0.39918795	-0.24477589	0.93673594	-0.68142147	-0.24095246
0.22130642	-0.07878879	-0.01759369	0.48513902	-0.87503099	0.09984132
0.78295038	-0.16932068	-0.09176469	0.74089749	-0.51255809	0.02043261
0.69474787	-0.08408980	-0.06994911	0.77930947	-0.35079136	0.19344084
0.70876277	-0.24541539	-0.03369460	0.77979004	-0.50751908	0.12071211
0.71458272	-0.25007139	0.34227506	-0.06967654	-0.27098509	-0.06238875
0.76009684	0.03007982	-0.01048159	0.48788595	-0.11297306	0.45220665
0.79297468	0.03649480	0.05804304	0.15993298	0.03410584	0.42081572
1.09005126	0.11295667	0.03124230	0.11697156	0.18799516	0.51670579
0.96753171	0.08910495	0.07839418	0.16223369	0.07215982	0.19152129
1.24926394	-0.33896229	0.46280812	0.70836490	-0.05946811	0.44876770
1.20760359	-0.25520487	0.49328904	0.62992250	-0.22304246	0.19970525
1.22036058	-0.38635268	0.21847646	1.19934017	-0.18493422	0.35122424
0.99990518	0.16547259	0.30388187	0.56548582	-0.07327577	-0.34567965
1.25334758	0.08037510	0.26540641	0.59780355	-0.17342381	-0.55547348
1.24308528	-0.17186486	0.16922417	0.82354019	-0.54993472	-0.03800061
1.34379791	-0.12933693	0.01953078	1.12659684	-0.10124735	-0.31859989
1.04113264	-0.09700380	-0.44921303	0.10303018	-0.32967396	-1.32631560
1.33110070	0.03630430	-0.44369477	-0.15519054	-0.13500781	-1.68289379
1.35065721	-0.13471777	-0.06888978	-1.09960517	-0.10483479	-1.25592369
1.58168322	-0.36691737	-0.06022471	-0.64099062	-0.07740852	0.07277944
1.77147185	-0.62271537	-0.25655425	-0.69842640	0.18094895	0.32554277
1.66454431	-0.60445756	-0.17155582	-0.52746598	0.58373278	-0.17221711
1.38573864	-0.23562396	-0.08047533	0.24221918	0.68181441	0.64755169
1.12872839	-0.15419101	0.04227155	-0.84125373	0.56371653	0.29974788
0.80914618	-0.23092338	0.15419852	-0.66678224	0.69603984	0.24182704
0.72140131	0.06017922	0.09383008	-1.18173321	0.73934071	0.30910447
0.34818188	-0.04580201	0.12287677	-0.90032237	0.12766924	0.28545358
0.40961994	-0.17435737	-0.01751638	-1.00406731	0.25732355	0.66863257
0.43201683	-0.29724663	0.16300378	-1.06118171	0.12484216	0.44427476
0.62280252	-0.18021774	0.06338391	-1.11563182	0.13991663	0.05189092
0.18393310	-0.36470840	0.02392722	-0.94714341	-0.21655529	-0.04405259
0.68210466	-0.23740667	0.25186261	-0.58172732	-0.31569564	0.15965153
0.52130725	-0.03809027	0.26225276	-0.30490425	-0.16088882	-0.06398783
0.79307136	-0.17595040	0.22603597	0.13816920	0.16221678	-0.42731143
0.95158167	-0.17820562	0.13010339	-0.27663818	-0.10690236	-0.87461976
1.43819065	-0.16010179	0.15654991	-0.24118879	0.26720145	-0.49106875
1.11850009	-0.03196713	0.22551788	-0.49714291	-0.09653927	-0.24129377
1.46426408	-0.10871136	0.19156217	-0.34068769	-0.11096778	0.62371387
1.32778931	-0.19285824	0.46517905	-0.35571676	0.20989226	0.16286037
1.08544115	0.03419945	0.42265118	-0.43998353	0.13977537	0.67548698
1.41800046	-0.49135514	0.15790138	0.00628367	0.40200935	0.35477058
1.56274404	-0.81058349	-0.26495036	0.50235908	0.23530347	1.07232906
1.18171551	-0.88479737	-0.11197604	0.78618294	0.45834133	-0.24173378
0.70771074	-0.60762331	0.11233551	0.84011651	0.77776863	0.08149980
0.86594222	-0.27510988	-0.02843000	0.33118924	0.20658853	-0.05487834
1.10153262	-0.15123408	-0.00625096	0.10365729	-0.30667291	-0.35687589
1.19604595	-0.48817161	-0.02181948	-0.12500205	-0.54761708	-0.54010173
1.04404095	-0.43804760	-0.10380009	0.69458975	-0.74225134	-0.11137383
0.79109471	-0.32620498	-0.10759884	0.97587534	-0.67012535	-0.55053901
0.61196974	-0.13832311	-0.01872990	0.45029981	-0.50851797	-0.10634563
0.33631308	-0.05621547	0.03191627	0.69482280	-0.85812871	0.00928224
0.73901230	-0.22608454	-0.02230097	1.41643345	-0.74634731	0.04044942
1.08053627	-0.18345264	-0.04066739	0.63759974	-0.61448612	-0.00603437
0.73112827	-0.24870949	0.13231974	0.71973301	-0.37867990	-0.02477945
0.84155672	-0.08116336	0.16404669	0.97284186	-0.53683825	0.51051555
0.86217589	-0.19039398	0.17642762	0.63212515	-0.24212496	0.85497095
0.69140440	0.18301143	0.22360104	0.28985982	-0.29771499	0.18676406
0.87867554	0.15662445	0.05303468	0.05496257	-0.21221247	0.62877708
0.88636977	-0.23521693	-0.03416256	0.29094369	0.06743246	0.37532276
1.11779054	-0.03729685	0.07100001	0.21048614	-0.22693396	0.55963528
1.17725303	-0.35731007	0.28948187	0.84568429	-0.06693208	0.20361410
1.09960756	0.04325026	0.10324503	0.01911349	-0.17488466	0.25494536
1.13574061	-0.13858293	0.10878255	0.56745933	-0.07837522	0.11820957
1.50047621	0.04777283	0.30725600	0.85752405	-0.33109844	-0.02326485
1.42736976	0.00374451	0.26892525	0.53237789	-0.24019353	-0.29863081
1.50281806	-0.45396831	-0.04479322	0.22532867	-0.55134905	-0.82307286
1.20151941	-0.70183655	-0.02601501	-0.06827083	-0.24138569	-0.62566749
1.27749209	-0.28599254	-0.28847897	-1.24644929	-0.16925086	-1.09158506
1.06458052	-0.14008571	0.03644809	-0.46530563	-0.17948208	-0.38840412
1.23066138	-0.70122241	0.02736063	0.21960900	0.29575112	-0.34867485
1.32794007	-0.60767572	-0.14754562	-0.60504044	0.29914075	-0.36225660
1.44807283	-0.39740953	0.16595313	-0.42800107	0.34414238	0.30360031
1.36843050	-0.33082462	-0.00046559	-0.54354882	0.63467613	0.15788661
0.96036126	-0.24386041	0.03024597	-0.40665293	0.68685373	0.19029850
1.06108850	-0.22858518	-0.11352563	-0.65115984	0.43390605	0.47046415
0.83283812	-0.17844587	0.08623734	-0.80386458	0.41098307	0.32009475
0.39839372	-0.06543968	0.10895150	-0.53648811	0.48811595	-0.06150889
0.62470072	-0.41315223	0.13350956	-0.77491106	0.39618319	0.14484469
0.56993305	-0.04473285	0.09966580	-0.84019618	0.11230744	0.12738866
0.49660316	-0.30980097	0.12580919	-0.70986159	0.10237512	0.34102624
0.36374041	-0.06521882	0.08003274	-0.20025733	-0.01081919	0.18489724
0.53730581	-0.16177039	0.24033255	-0.30362634	-0.21931141	-0.13440885
0.63723566	-0.04717544	0.15741367	-0.52984940	-0.29972086	-0.75291334
0.88775188	-0.40939554	0.38099671	0.06579873	-0.21958569	-0.35625903
1.09491036	-0.13499323	0.05357958	-0.23076385	-0.11934758	-0.31405123
1.13820747	-0.01313521	0.23334524	0.16510797	-0.11014896	-0.33518242
1.14983379	-0.06970094	0.37059720	-0.59960438	0.07429980	-0.23526926
1.24594909	0.00632583	0.22827987	-0.33480365	0.04635967	0.33602268
1.37740900	-0.09325136	0.45148641	-0.75338914	0.36947484	-0.47874359
1.14078735	-0.10243706	0.62402728	-0.48883415	0.98958624	0.46683066
1.13076845	-0.07635528	0.35350211	-0.36504263	0.59135103	0.69403729
1.64538326	-0.63255727	-0.31011995	0.53368929	0.62736019	1.01212047
1.33941402	-0.93107398	-0.02221951	1.05062844	0.57784633	0.00391444
1.28591675	-0.82578795	-0.06373320	1.22821121	0.85271967	-0.24213937
0.77656331	-0.27269419	0.05658608	-0.43313665	-0.06559873	-0.14557280
1.05388183	-0.12348015	0.06325009	0.03732490	-0.03555078	-0.31312409
1.14624268	-0.30923798	0.10480640	-0.00073842	-0.09960791	-0.53059542
0.87339350	-0.31871101	-0.00109616	0.46648150	-0.26975811	-0.26432320
0.93408035	-0.45946075	0.03444565	0.89225313	-0.48758908	-0.41178451
0.63950444	-0.31290281	-0.18307929	0.08639413	-0.54784752	-0.27773241
0.60251374	-0.23368412	-0.18276326	0.75606362	-0.55467640	0.00722397
0.46693676	-0.27530131	-0.22145984	1.17450745	-0.67847460	-0.26274347
0.62547840	-0.39489643	-0.16463817	0.82337480	-0.76123983	0.17039970
0.77155469	-0.09051336	-0.15538359	0.99556414	-0.25794724	0.25272665
0.69215744	-0.05318613	-0.01870103	0.72910319	-0.44495154	0.06334291
0.67131506	0.06648681	0.00360752	1.09858884	-0.60505318	0.42470046
0.81919363	-0.11216961	0.06287549	0.03139072	-0.22290868	0.06572479
0.97049147	0.07437874	0.06764379	0.24197276	-0.18632992	0.16659598
1.06981536	-0.03246031	0.14884590	0.21831861	-0.29379096	0.18088286
1.11200919	0.12583757	0.21383350	-0.32966760	-0.12864871	0.62753795
1.37231270	-0.20689802	0.32417678	0.35535617	-0.10489175	0.57058071
1.00635413	-0.10777898	0.22618818	0.28427132	0.02069772	0.69470555
1.15780339	0.14255094	0.26977320	0.92290917	0.06145152	0.05244412
1.14246423	0.23126029	0.38664608	0.20652537	-0.34027131	-0.18129048
1.10289851	-0.26131161	0.21546001	0.79040539	-0.41068203	-0.09963875
1.34373974	-0.45484819	0.08404863	0.15789334	-0.19079680	-0.16719428
1.69762943	-0.31311959	0.06200299	-1.04534488	-0.10158028	-1.28154150
1.48286631	-0.21583046	-0.17952735	-0.87567630	-0.34198765	-1.18575551
1.06853778	-0.31001058	0.02214519	-1.08157838	-0.34909362	-0.57784852
