1.28077313	-0.60906809	0.14843613	-0.39722140	0.03494029	-0.78888387
1.47702894	-0.56564102	0.15806526	-0.13088214	0.17942549	-0.05144708
1.53754957	-0.37494430	0.20270184	0.12342929	0.08784502	0.31880515
1.18174520	-0.22372579	0.12353190	-0.13227712	0.57650860	0.47691398
1.12094094	-0.21701435	-0.07480612	-0.66251253	0.66046689	-0.11220307
0.78141852	-0.18450038	-0.00828896	-1.16581547	0.51172765	0.87558020
0.69853562	-0.27173353	0.24289966	-0.74320309	0.57222951	0.26328957
0.61506172	0.08670926	0.14495233	-1.20576021	0.47491348	0.62320877
0.64746622	-0.00402255	0.17242603	-0.67252302	0.39461043	0.61114223
0.63454990	-0.28882345	0.19529148	-0.40107317	0.36933981	0.33054397
0.60888396	-0.30773317	0.02734179	-0.98275534	0.43507379	0.87302942
0.59468485	-0.32607966	-0.01095950	-0.72158664	0.20717907	0.47286104
0.54408685	-0.15053584	-0.01654081	-1.03651999	0.00221724	0.13613419
0.56775586	-0.07626751	0.26979524	-0.41925323	-0.10619252	-0.19801727
0.63308164	-0.14382921	0.28350396	-0.57479048	-0.10133901	0.28531577
0.69007549	-0.18065747	0.17580985	-0.21055314	-0.31170584	-0.04464700
0.79746429	-0.34846599	0.10959758	-0.61752492	0.08618075	-0.27036005
1.12776700	-0.13995692	0.18741469	-0.60697277	0.07291745	-0.73238240
1.38504155	-0.35462432	0.29495850	-0.30843796	0.43318874	0.17633314
1.28854334	-0.18079106	0.38924758	-0.08848179	0.30296768	0.18877077
1.24945332	-0.05679614	0.57410119	-0.62273068	-0.09419902	-0.03082010
1.61188756	-0.27722229	0.51837168	-0.85294802	0.01290944	0.45946558
1.25914830	-0.17809711	-0.11452124	-0.54401257	0.18485051	0.69354327
1.45977779	-0.63986753	0.03222940	0.30732241	0.60672349	0.67254712
1.28745029	-0.81889544	0.12305454	0.54943871	1.27972784	0.10693161
0.88740210	-0.57127839	0.04192709	0.62341839	0.87599612	0.41244039
0.84128094	-0.26456884	0.00610846	0.38028993	0.11354030	-0.53055848
1.33413182	-0.29902523	-0.13795820	0.12090365	-0.00617122	-0.45417122
1.17891722	-0.54441776	-0.02706358	0.25039606	-0.44919972	-0.40845356
1.22043999	-0.35258412	0.12411124	0.69051351	-0.20557949	-0.80994196
0.85581834	-0.42459536	0.06512622	1.15088222	-0.35954221	-0.10539614
0.53516717	-0.40016324	-0.09473886	0.92080708	-0.42809819	-0.32288748
0.70502313	-0.33835788	-0.02813607	1.28312810	-0.96774415	0.09555962
0.66896194	-0.05121925	-0.13751948	1.47920046	-0.60988923	-0.26116437
0.92080779	-0.30550342	-0.21873196	1.27563675	-0.82461273	0.33219342
0.69074626	-0.08163919	-0.16458970	0.79149682	-0.41551534	0.13173270
0.68035614	-0.07807896	0.32508588	0.78010387	-0.66942168	0.49992734
0.90166548	0.08531421	0.31508657	0.80337767	-0.20619656	0.53225507
0.89176343	-0.03715489	0.00168227	0.86263996	-0.10827781	0.36715121
0.95338118	-0.06327497	0.26127693	0.36609017	-0.28070825	0.31594487
1.11241224	0.15450157	0.07816736	0.19427658	-0.26407032	0.87221491
0.79056840	0.19233416	0.15097727	0.09840989	0.04511557	0.25937802
1.09032752	-0.20501121	0.32241779	0.71266549	0.00500071	0.24006115
1.10686966	-0.28337970	0.31628279	0.66903732	-0.01199897	0.09536593
0.92991652	-0.14235334	0.13376187	0.40629693	-0.19238693	0.18015046
1.20208518	-0.06124092	0.49747276	0.17203862	-0.44298602	-0.61827236
1.40702922	0.00265797	0.53347516	0.61185641	-0.39297495	-0.54872298
1.42195159	-0.28653728	0.15116636	0.77958887	-0.66804974	-0.59256082
1.38048303	-0.28166544	-0.12933286	-0.62298115	-0.32028809	-0.94598782
1.27112692	-0.30536000	-0.07769933	-1.18980868	-0.15217985	-1.46220810
1.15843181	-0.21008885	-0.16796307	-0.65570962	-0.33335293	-0.58276419
1.48678832	-0.46204753	0.15149912	-0.12864929	-0.03317458	-0.65037279
1.62643356	-0.61769616	0.03025907	-0.26803864	0.13396378	-0.33518260
1.61861828	-0.52857828	-0.07682342	-0.09038603	0.73587991	0.14567808
1.38115926	-0.12045685	0.06560528	0.07779915	0.84661308	1.21833355
1.09551413	0.00784336	0.07261096	-0.98488257	0.67311829	0.76533692
0.73978397	-0.06804285	0.17551108	-0.66546158	0.31306195	0.00445097
0.83804512	-0.11696716	0.21278119	-1.35954566	0.18492973	0.48721539
0.91365013	-0.20156427	0.14611278	-1.24691218	0.19649958	0.48026350
0.45296058	-0.01253258	-0.03651562	-1.04516681	0.00330457	0.80590187
0.51982278	-0.14282103	0.02964636	-0.58810069	0.08438071	0.40594979
0.59278085	-0.31165941	0.07814241	-0.66545094	-0.04013562	0.25118577
0.70733026	-0.24692677	0.12741725	-0.64682551	0.18450209	-0.29092421
0.63676441	-0.24673917	0.10405953	-0.94731000	-0.32008253	-0.05327923
0.58403863	-0.24916723	0.27340773	-0.61879854	-0.32341004	-0.15640553
0.69267506	-0.22641754	0.46850858	-0.21958176	-0.17129494	-0.19292248
0.65996510	-0.15897430	0.12760078	-0.02185096	-0.42958009	-0.27413576
0.99980722	-0.37009345	0.13708589	0.16816755	0.36288665	-0.47685661
1.29322849	-0.14277811	0.27552261	0.20881668	-0.10857827	-0.49879106
1.40553285	-0.19206239	0.44208804	0.17533621	0.02853057	0.07414028
1.30025721	-0.04077041	0.43288599	-0.14284317	0.24874958	-0.07494987
1.57236313	-0.04437654	0.50843961	0.04368102	-0.03352948	0.14715002
1.64299305	-0.24762232	0.03053729	0.01015657	0.61732165	0.08968942
1.60882849	-0.61745189	-0.15744894	0.11732575	-0.08910160	0.70783859
1.15893600	-0.72365148	-0.07565115	0.99875254	0.40974623	0.17743820
1.18284344	-0.70640789	0.17221704	0.57499229	0.71921001	0.21688279
0.90612995	-0.20592426	-0.25746295	0.35875613	0.93806166	-0.17745697
1.06344143	-0.17321625	-0.04050282	0.27680642	-0.02341394	-0.18879983
1.34623064	-0.43464744	0.11127805	0.21000506	0.06156329	0.36909177
1.35455019	-0.46462939	0.05251495	0.16186482	-0.24399177	-0.25165883
0.77651012	-0.30059089	-0.03648331	0.55132794	-0.36736115	-0.10935532
0.66306796	-0.33115024	0.00085892	-0.22467426	-0.29632383	-0.60990380
0.65941787	-0.20613031	0.03393853	0.29198887	-0.80536317	-0.29009063
0.46425290	-0.24347837	-0.13742351	0.70339577	-0.53807156	-0.21100587
0.48590498	-0.16160931	-0.26217848	0.72898272	-0.61505693	-0.01808162
0.57400061	-0.11210139	-0.10996760	0.91118696	-0.50539359	0.30322294
0.63811788	-0.23672473	0.12826326	1.03669802	-0.30072105	0.23843083
0.88913421	-0.08397570	-0.05307473	0.14835072	-0.30000606	0.76239273
0.79566087	0.16316247	0.10133475	0.45709578	0.13200978	0.56725186
0.77134353	-0.02906050	0.18730145	0.50236355	-0.20402343	0.54224885
0.98853408	0.02714885	0.12843050	-0.12680116	0.25281743	0.44281995
1.23317002	-0.18339817	-0.00729458	0.02933989	-0.15350575	-0.09605401
1.14259097	-0.05024707	0.10069440	-0.01390695	0.25648608	0.51806962
1.09203143	-0.14600541	0.14673812	0.54980506	0.15799417	0.23354343
1.16045691	-0.06248793	0.09792357	0.73621177	0.00290777	0.49753673
1.14032636	-0.15948904	0.21624385	0.53363181	0.02239301	-0.03681944
1.00322033	0.02242529	0.17615905	0.81333836	-0.29435484	-0.27386755
1.18300799	-0.03339651	0.36075759	0.59042300	-0.38249671	-0.58908762
1.38041239	0.03609883	0.23230526	0.31557409	-0.16591831	-0.47995075
1.28993607	-0.25529514	0.14415116	-0.14290778	0.01498831	-1.53019073
1.13752133	-0.28855991	-0.13704014	-0.44321323	-0.62020752	-1.90820076
1.16343067	-0.14000733	-0.33040765	-0.95930078	-0.03784767	-1.05820513
0.97649484	-0.15075690	-0.03519846	-0.01777488	-0.06453812	0.18229340
1.13313849	-0.52765493	-0.01226464	-0.28714005	0.00431560	-0.28376134
1.57512173	-0.46457860	-0.09677088	-0.38469562	0.05621144	0.05420015
1.68062040	-0.42156291	0.06719263	-0.85936894	0.20898173	0.30251756
1.38729201	-0.28998432	0.05090918	-0.58789104	0.40174562	0.54932987
0.92483560	-0.34252600	0.19955869	-0.44614079	0.45838756	0.46581375
0.81169636	-0.45498561	0.03879266	-0.54451884	0.42665398	0.35096102
0.80641845	-0.12231458	0.09897782	-0.46371772	0.57779967	0.31633693
0.59875902	-0.06939071	0.12989203	-0.83206584	0.29973049	0.55795382
0.57364526	-0.02772613	0.02550192	-0.64337569	0.50767872	0.73528258
0.49671554	-0.22475315	-0.04469181	-0.52161052	-0.11800667	0.69173678
0.70728496	-0.22757714	0.17004787	-0.61845691	-0.15664684	-0.02624032
0.66447352	-0.25852501	-0.00815450	-0.55757821	0.18254919	-0.04408408
0.50355903	-0.18986007	0.23209901	-0.46586523	-0.25555003	0.08601234
0.69020908	-0.33056793	0.32081793	-0.37600973	-0.11273289	-0.35528065
1.01426620	-0.17677318	0.13631560	-0.34754619	-0.08511573	-0.29762761
1.05356383	-0.30909492	0.23525344	-0.14695507	0.07310905	-0.10104730
1.05078798	-0.14140372	0.29496299	-0.32208301	0.24548639	0.10987476
1.47139093	-0.21096213	0.09872058	-0.13139023	0.30102650	-0.04203152
1.23597959	-0.24228856	0.30032911	0.02913957	0.22247617	-0.03818129
1.33302465	-0.13904115	0.40794044	-0.17694422	0.66795722	0.34640777
1.71244943	-0.56509871	0.22543354	-0.07331461	0.34163696	0.39933925
1.90370688	-0.68939405	-0.18875454	0.23037412	0.50946629	1.05379113
1.30349029	-0.61855275	0.01848359	0.80650854	0.74248977	0.51250466
0.68572078	-0.39969523	0.38418541	0.64296172	0.83089756	-1.04431198
0.74077302	-0.24971896	0.08624673	0.15418302	0.58517603	-0.08244888
