0.67219177	-0.05092940	0.32421250	-1.04480427	-0.22187296	-0.16273442
0.74490135	-0.13322541	0.24471641	-0.46793037	0.34562469	0.19456075
0.91372403	-0.06146576	0.05582486	-0.98686306	0.25826101	-0.06883576
1.16935282	-0.05689202	0.16561516	-0.35416130	0.37316514	-0.36500933
1.49515219	-0.17351124	0.34321099	-0.94351303	-0.32764001	0.36517452
1.37135551	-0.28671066	0.56617742	-0.79110019	0.27896249	0.19870224
1.40197480	-0.25525162	0.56225064	-0.62383744	1.09074961	0.07795080
1.44935001	-0.26681854	0.08238843	-0.29693258	0.32647336	0.45211438
1.55028025	-0.60732543	-0.21736230	0.00505527	0.25795333	0.54341664
1.64366888	-0.96528907	-0.20351024	0.63645165	1.02389623	0.57788527
1.20442870	-0.79141245	0.13675231	0.88653784	1.17344622	-0.49393454
0.89822621	-0.17550532	0.19275776	0.26151536	0.65730805	-0.22572638
0.98110936	-0.20196584	0.03936227	0.21153684	-0.43663741	-0.41949836
1.50986201	-0.21408063	-0.09396705	-0.49784483	-0.18077461	-0.43807655
1.24083679	-0.11837828	-0.07985975	-0.50074737	-0.43012976	0.02815140
1.02732833	-0.37950848	-0.09597861	0.03907221	-0.35257584	-0.72961626
0.71224947	-0.31148145	0.09374330	-0.29793482	-0.28994123	-0.39194460
0.64435700	-0.52755447	-0.04533224	0.17204802	-0.27636562	-0.54387571
0.74489777	-0.18987322	0.09311142	0.82972002	-0.50500451	-0.17280306
0.80155778	-0.19430295	-0.06885191	0.70476053	-0.71493736	-0.33661910
0.82224398	-0.21171343	-0.08782942	0.67481255	-0.71174128	0.64433170
0.71135635	-0.00438166	0.09689453	0.42664057	-0.28994430	-0.10176100
0.95450000	-0.11742201	-0.02063219	0.77039794	-0.20136175	0.04941428
0.66394890	-0.38560158	0.08785383	0.61036857	-0.07363916	-0.08660620
0.98398387	0.00967327	0.03806124	0.45046839	0.03842258	0.49001330
0.85817509	0.01958363	0.14623307	0.16681513	-0.18141909	0.25342109
0.72895800	-0.03761176	0.25826973	0.35149517	-0.03480324	0.11118518
0.99453987	-0.09381313	0.32169366	0.56384198	0.11356180	0.38910180
0.90046148	-0.24607431	0.27671455	1.16983996	0.35069472	0.15972645
1.23898574	-0.04628163	0.07358594	0.98082491	-0.10663324	0.51018345
1.08704460	-0.00312919	0.25075397	0.43315184	-0.16066244	0.00609404
1.20447650	-0.07595937	0.27975737	0.00218606	-0.24865452	-0.44373781
1.30197516	-0.29352347	0.15883125	0.14461801	-0.47749272	-0.44990010
1.47800977	-0.37140697	-0.31051478	0.12947733	-0.44864520	-1.48743853
1.52180261	-0.32530043	-0.21431307	-0.62104780	-0.22761327	-1.93383028
1.30778818	-0.51636439	-0.17475106	-0.44203040	-0.08593763	-1.25532204
1.37090563	-0.59098093	-0.04573489	-0.80896018	-0.07581961	-0.39640115
1.18552025	-0.90684578	0.03733052	-0.38217823	-0.10162672	-0.34841805
1.64280518	-0.50146855	0.03391011	0.56088990	0.35205998	-0.09465205
1.68691555	-0.50112547	0.04801926	0.02273433	0.57810787	0.36609129
1.48399241	-0.18540281	0.19769045	-0.21465224	0.70272825	0.01455948
1.26534724	-0.21540053	-0.12859032	-0.89183653	0.35143555	0.27165524
0.90802176	-0.09881687	0.16553916	-0.95383660	0.24047528	0.12333731
0.64107857	-0.01741387	0.04269241	-1.17756343	0.49072820	0.06658526
0.60095121	0.00925841	0.04135952	-0.82830136	0.54930653	0.02469050
0.39649726	-0.15467020	0.17204935	-0.94935956	0.16201054	0.78175757
0.57241724	-0.16181731	0.04901483	-1.02640129	-0.04840724	0.14932419
0.38026353	-0.38877624	0.00227952	-0.89245760	0.17002192	0.24922173
0.40346628	-0.19563001	0.05291818	-0.33802900	-0.30122191	-0.00692467
0.52926098	-0.17328589	0.16921291	-0.33291095	-0.21931019	0.03729416
0.33010406	-0.21536148	0.21684796	-0.68487096	0.03897808	-0.70785668
0.60418077	-0.10824549	0.25706539	0.11749412	-0.05790601	-0.28393113
0.80897997	-0.11189035	0.16013730	0.28775402	-0.05263251	0.00127525
0.87711504	-0.15656114	0.28653452	-0.31682501	0.17175071	-0.35119641
1.19161272	-0.07992828	0.14134216	-0.28989412	0.08524935	-0.28868034
1.59891016	-0.01948490	0.25282152	-0.20555014	-0.15904680	-0.23241787
1.67209641	-0.08242615	0.39214624	0.25434755	0.30232735	-0.24077300
1.69276012	-0.12478542	0.54874821	-0.74631853	0.14529120	0.33498475
1.42281845	-0.13575683	0.25144574	-0.43000190	0.72617974	1.03476691
1.51826442	-0.53829080	0.08882431	0.28840131	0.49647145	1.13533778
1.47811193	-0.82120197	-0.16468350	1.41063563	0.57638961	0.74483094
0.70672554	-0.59463435	0.02072953	1.21009610	0.62042368	-0.09965334
0.39086551	-0.16562220	0.10012407	0.12885088	0.23077961	-0.45347495
1.10898322	-0.45154880	0.03516433	0.21339313	-0.23110571	0.00419525
1.61644555	-0.33997268	-0.05206511	0.48359327	-0.39932343	0.13335561
1.29497002	-0.36134137	0.05127759	0.75481844	-0.06194355	-0.36619164
1.01267951	-0.41052041	0.06589676	0.42076298	-0.12366135	-0.25885450
0.90597463	-0.27562672	-0.04090365	1.16917778	-0.23787054	-0.47416163
0.57238948	-0.32444705	0.07487744	0.41908455	-0.65689922	-0.12128369
0.69866694	-0.06917921	0.00773424	0.45225790	-0.86468455	-0.72185959
0.61391389	0.05419673	-0.06247218	0.64293899	-0.88336781	0.06531347
0.42193372	-0.08112525	-0.17346015	0.97836602	-0.69287142	-0.04198983
0.90280929	-0.01287956	-0.09851837	0.88503508	-0.58026306	0.34771692
0.83840004	-0.03184435	0.02250545	0.88768064	-0.18186989	0.34735380
0.48426800	-0.19075628	-0.05003661	0.51721298	-0.15643970	0.68182226
0.76741565	0.07496672	0.09157524	0.47169606	-0.12949066	0.68948586
0.67667121	-0.03257843	0.13315456	0.40346619	-0.24933653	0.66421493
1.00005120	0.10189865	0.20596459	0.20747546	0.04099174	0.47813338
0.97772736	-0.20585612	0.19153194	-0.06709444	-0.45417206	0.68637133
1.17358661	-0.32207458	0.12470393	0.63665577	-0.16193013	0.00920513
1.33006591	-0.19655025	0.26289646	0.82363393	0.09653880	0.03779092
1.11657615	-0.01931279	0.39544635	0.37233144	-0.00460745	0.05448975
1.19282925	0.19740834	0.28042583	0.21175088	-0.52358511	-0.69747938
1.15082202	-0.22764079	0.35610273	1.09558064	-0.56594675	-0.48693729
1.41329789	-0.29698334	0.24463990	0.88994799	-0.25062264	-0.35808558
1.12093505	-0.24292840	-0.17048523	0.47512523	0.00483523	-1.26568797
1.24162310	-0.26623870	-0.18022931	-0.59096420	-0.11686269	-1.35728478
0.91720366	-0.51445613	-0.18556804	-0.70299399	-0.02681241	-0.84006755
1.13954734	-0.60744433	-0.08058288	-0.54923815	-0.04030510	-0.51902069
1.47141380	-0.40643922	0.12442035	-0.47015172	-0.06925505	-0.29987061
1.49505112	-0.49284262	0.17524917	0.24756314	0.11334491	0.04924175
1.61517857	-0.43302485	0.00397898	-0.60861964	0.69160753	0.57974262
1.29174540	-0.08653150	0.12323631	-0.83208197	0.54560530	-0.10429310
1.05541557	0.04281802	0.02612531	-0.83752492	0.16728952	0.39643709
1.07687334	-0.16843515	0.09122346	-1.49993350	0.62083224	0.90571477
0.73365878	-0.12299223	0.06639594	-1.28930844	0.55789643	0.21798120
0.68507566	-0.24047658	0.19063959	-1.41847145	0.59282235	0.27283498
0.36108697	-0.03908366	0.04536589	-1.44858481	0.34918381	0.37190876
0.46119869	-0.15458486	0.02349789	-0.78127074	0.28515194	0.41978202
0.50846067	-0.08804120	0.11190493	-0.61296193	0.15560778	0.05013174
0.61653467	-0.22240427	0.11334828	-0.98259644	0.20908362	0.21050136
0.35211149	-0.19387659	0.13393470	0.04596642	-0.13872947	-0.29132545
0.38258094	-0.25055152	0.23343191	-0.05972712	-0.03574917	-0.57748213
0.76619319	-0.01995583	0.38312833	-0.00547102	-0.00166207	-0.38096899
0.72135299	-0.26640440	0.29906100	0.06141636	-0.27782584	-0.48982693
1.15915767	-0.32547367	0.31327396	0.04819956	0.01399720	-0.20528608
1.26247325	-0.30170441	0.33454927	0.17362818	0.51226381	-0.23761949
1.43462796	-0.20707958	0.33909475	-0.27356189	0.12632540	0.52294090
1.41779935	-0.05125307	0.45866042	0.01046245	0.48843261	0.08130046
1.45518917	-0.21194418	0.20477956	-0.20974447	0.40525366	0.15736510
1.47475989	-0.55499014	-0.03485949	0.41879754	0.50875920	0.78799018
1.55829217	-0.86056866	-0.11074305	0.81995916	0.75115406	0.53326640
1.03146255	-0.71243531	0.08775183	0.79813073	0.74784706	-0.05161388
0.71754949	-0.28990559	0.08717455	0.58566994	0.78649058	0.21045049
0.84336602	-0.24689291	-0.05797011	0.35820491	-0.31330805	0.29765174
1.37027517	-0.33322865	-0.04846823	0.29341045	-0.31647821	-0.15278867
1.22395585	-0.38942678	-0.06023120	0.51111513	-0.22343716	-0.23926755
1.06955048	-0.41260487	0.13047482	0.62809783	-0.62876498	-0.40677238
0.84415952	-0.31539702	-0.10621327	0.74906494	-0.67944336	-0.49451373
0.57622708	-0.15151194	0.17686829	0.33451925	-0.34239353	-0.36751337
0.50504199	-0.19832069	0.02677273	0.83667271	-0.88205790	-0.15544293
0.77595609	-0.21182319	-0.03734369	0.53498993	-0.63409449	-0.20152615
0.76895371	0.01694508	-0.11663885	0.44019408	-0.73932921	-0.08886021
0.96512358	-0.09136389	0.01071078	0.45711921	-0.14594162	-0.12652600
0.86347098	-0.09349095	0.01689212	0.59123719	-0.24004244	0.28714399
0.78985606	-0.09232428	0.04003898	0.33354523	0.06941832	0.29576704
0.77721199	-0.05751967	-0.05613596	0.73950800	-0.19891820	0.76601026
0.78171831	0.07116185	-0.02697730	-0.00207525	0.02907019	0.18973573
