0.86971668	-0.08520354	0.23885580	-0.38376405	0.35549137	-0.10269898
0.60876178	-0.27117048	0.17860435	-0.43894836	-0.12218727	-0.11088041
0.81415321	-0.27873461	0.13611710	-0.13447411	0.27929952	-0.02844130
1.06418777	0.06638345	0.23562060	0.21098672	0.48868429	-0.46169788
1.18335176	-0.29547124	0.04049743	-0.21980863	0.99634489	-0.01597089
1.25060249	-0.37761898	0.05542177	-0.03774026	1.08158164	0.09090456
1.27443561	-0.57607245	0.07412398	0.00780465	0.76407578	0.20761483
1.56027003	-0.28482486	0.01959592	-0.33719845	0.66821313	-0.14786980
1.24188769	-0.30966015	0.03055497	-0.11316780	0.70961344	-0.18905731
1.79129217	-0.11477795	0.22197946	-0.10744321	0.54652077	-0.01896661
2.00193101	-0.12881854	0.34905515	-0.33329348	0.74784930	-0.22545306
1.76072528	-0.12876998	0.28585096	-0.50471878	0.49628400	-0.26099838
1.32951092	-0.23814322	0.28960562	-0.05724397	0.69383013	-0.39417656
1.09079708	0.11853697	0.27581706	-1.00723026	-0.05770230	-0.32533314
0.91353109	-0.01300331	0.20786105	-1.01750974	-0.25827832	0.09488403
0.84379814	-0.06251216	0.16626890	-1.00309480	0.00839046	0.22647335
0.85127638	-0.00854816	0.10184838	-0.92962730	0.42742151	0.35070714
0.52305574	-0.02149466	0.02804261	-0.61746796	0.08435478	0.24675688
0.63952857	0.04177950	0.15809631	-0.77773847	0.00734871	0.40103602
0.74378434	-0.14361826	0.09173417	-0.94822677	-0.56518682	0.18753159
0.50791486	0.17924534	0.06626602	-0.34691840	0.11511927	-0.04409493
0.75050912	-0.10005167	0.02659690	-0.87227342	0.74380054	-0.05797067
0.13828251	0.23793164	0.10338976	-0.93897034	0.72208558	0.06031729
0.24091292	-0.13422364	0.02395257	-0.94962150	0.50171901	-0.44320203
0.44399256	0.26296822	0.14699011	-1.26530165	0.21643074	-0.37607215
0.69504985	0.39091241	-0.06220959	-1.75091581	0.07163452	0.03869585
0.84789848	-0.15542161	-0.00496519	-1.91182222	0.12785308	-0.28589790
0.80386537	0.01474228	0.04851657	-1.83957521	0.09830779	-0.25525262
1.09293924	-0.64134856	0.10459348	-1.90343730	0.38361409	-0.53982363
0.75021833	-0.48957876	0.20518783	-1.33045296	0.64597718	-0.73225262
0.99938925	-0.46987452	0.00180790	-0.77827662	0.57375537	-0.68650905
1.23663920	-0.51289592	0.06906144	-1.38426805	0.05938827	-0.65493782
1.33162805	-0.55335211	0.28551485	-1.44542035	-0.20049671	-0.67466277
1.65249378	-0.49518558	0.45818269	-0.77237610	-0.06257981	-0.25108663
2.31332146	-0.95516097	0.42311090	-0.40313913	-0.07868103	-0.15128608
1.63629283	-0.54168728	0.39983008	0.52218006	0.21471736	0.47764899
1.18106248	0.16812660	0.33956327	-0.25329423	0.27565631	0.02877567
1.02852905	0.09523479	0.26087225	-1.10745958	0.93404342	-0.06046331
0.82811618	-0.17004078	0.26905086	-0.96433070	0.33396581	0.21685265
0.61177234	-0.15092422	0.19326379	-0.67892206	-0.38948704	0.59023712
0.46642438	-0.22636805	0.19244625	-1.19419328	-0.24167563	0.64471591
0.49624772	-0.10426861	0.04716212	-0.81910288	0.20300993	0.43486367
0.36922525	-0.07901187	0.10969975	-0.98169355	-0.22357151	0.41108342
0.43968408	-0.19583875	0.04723814	-0.63293164	0.03317097	0.15621525
0.80973886	-0.19899829	0.13830197	-1.02604562	-0.04886830	-0.15971375
0.34587788	0.02160556	0.20000116	-0.90486702	0.29596343	-0.67521940
0.34655109	-0.14296053	0.11578308	-1.04104933	0.23917006	-0.40821159
0.59449218	-0.29984876	0.16327868	-0.75013850	0.26688857	-0.25596831
0.72460978	-0.17498359	0.12730225	0.06087810	-0.30473035	-0.43351818
0.66380069	-0.48593663	0.22493625	0.43641930	-0.48814723	-0.02845023
0.88606049	-0.38556022	0.13802988	0.67193161	-0.35366622	-0.40448043
0.92073997	-0.55963681	-0.00563266	0.02440434	0.16333442	0.06454233
1.34830059	-0.28467913	-0.03086970	-0.20474048	1.22655196	0.48025074
1.15977870	-0.36290773	-0.01092460	0.15448620	1.15178630	0.46946341
1.11265197	-0.41035473	0.15961577	0.50346661	0.60489547	0.25030460
1.62646795	-0.25176402	0.10296044	-0.21127074	0.50002766	0.11494064
1.83393758	-0.15629910	0.26716960	0.40915302	0.42436070	0.02967556
2.01564591	-0.11026508	0.42159761	0.20458401	0.49336536	-0.16578331
1.82114127	0.02781097	0.52593196	-0.34987790	0.34431856	-0.10665425
1.43136316	0.13002884	0.43922557	-0.86911506	0.17456631	-0.24772070
1.54803222	0.13190412	0.31182098	-1.56480650	0.05321244	-0.04967977
1.24988342	-0.25608394	0.16223401	-0.88421154	-0.31350953	-0.21842420
0.98342356	-0.28009408	0.27072404	0.01213251	-0.32622872	0.31372977
0.68394085	-0.02607188	0.06837249	0.02252001	-0.43484357	0.13507736
0.74736611	-0.06610336	0.02704683	-0.11074960	-0.32439616	0.48226083
0.55813556	-0.17213207	0.06177382	-0.03382323	-0.66434534	0.69170341
0.42735326	0.00217443	-0.12988333	0.02159480	-0.14290385	0.56972817
0.48982506	-0.00783620	0.08653449	0.13280026	-0.01275284	0.36316777
0.81887071	-0.05207874	-0.13596846	0.01029381	-0.31542670	0.17458055
0.46565462	-0.05339965	-0.09356642	-0.11059645	0.49283206	0.12665219
0.23803620	0.02209036	-0.00152609	-0.08672076	0.30657648	-0.19706501
0.31379209	0.20754533	0.15070333	-0.35003674	0.29152206	0.09321289
0.50268011	0.03477027	0.22654125	-1.01980005	0.17213530	-0.02717061
0.46934384	0.35089378	0.20852816	-0.68219865	0.03526558	0.11301251
0.76198084	-0.09849229	0.09602939	-1.13760528	-0.33087491	-0.15523032
1.07451076	0.25045357	0.05984863	-1.66463248	-0.15917708	-0.08264586
1.24664622	-0.15025291	-0.00883664	-1.72327862	0.26185556	-0.28612882
1.08563921	-0.54803251	-0.01336806	-0.61527714	1.24054315	-0.98833224
1.47674086	-0.69831782	0.12775590	-0.35177236	0.08929640	-0.76675850
1.42033846	-0.65896721	0.40984158	-0.61744053	-0.39390611	-0.58536196
1.43924468	-0.14527697	0.31473287	-1.63255874	-0.32583670	-0.45388563
1.48464976	-0.40140042	0.42745089	-0.22249995	-0.30559340	-0.49187810
2.10279758	-0.22937440	0.34898812	-0.25939362	-0.02859509	0.02828314
1.53601050	-0.12574288	0.34359803	0.33352214	0.53853905	0.68465874
1.38782484	-0.32368840	0.25090085	-0.43075311	0.70611274	0.27863935
0.98253812	-0.09050145	0.23910260	-0.79981429	0.39112323	0.03823694
0.80590080	-0.10308861	0.23999135	-0.63705922	0.19181421	0.21781507
0.81509841	0.04226472	0.20692057	-1.00376361	0.34559275	0.31335747
0.75184646	-0.14486506	0.12389251	-1.10410891	-0.39940211	0.51112182
0.39043476	0.01374914	0.13219791	-1.02169822	-0.41818716	0.84249680
0.60406420	0.06511711	0.05124748	-0.72058846	-0.30825995	0.44753004
0.42880271	-0.14364012	0.07047841	-0.23423613	-0.36694723	-0.17767119
0.48268455	-0.06620636	0.01307586	-1.01839901	0.57333057	-0.18499454
0.50914976	-0.25932649	0.13009526	-1.09215735	0.38718963	-0.57597059
0.41344954	-0.17668655	0.08024087	-0.17930325	0.14886199	0.00462926
0.40922115	-0.50425123	0.04794005	-0.01706549	-0.44044622	-0.17228274
0.80976173	-0.44820435	0.11557542	0.43803216	-0.72757893	-0.01961334
1.24121441	-0.34150239	0.19446075	0.97702657	-0.47818338	0.04410044
0.93270192	-0.28782759	0.06730748	-0.13557373	0.42910609	-0.07539218
1.23235874	-0.34573813	0.01563033	0.31245260	0.88030073	0.39531930
1.49390193	-0.39861891	-0.11404131	0.17601232	0.50662648	0.35418068
1.23267676	-0.20672501	0.03692662	-0.30382199	-0.00896455	-0.02543813
1.15221329	-0.25565830	-0.04949903	0.06590307	0.23043654	-0.30560170
1.58673323	-0.40094281	0.05230841	-0.51291934	0.37040868	-0.04774761
1.31460076	-0.21356756	0.22748591	0.11765562	0.07094141	-0.20882340
1.36068409	-0.03983572	0.18426706	0.11644737	0.17338163	-0.20998589
1.20119463	-0.13880387	0.18076052	-0.33470217	0.16469244	0.05429918
1.27310695	-0.15031380	0.26527113	-0.59109234	-0.05028199	-0.31600763
1.11031748	-0.06669456	0.19087521	-0.88254716	-0.25399125	-0.36365628
0.68793803	0.05579276	0.15537718	-0.86585500	-0.18430779	0.24946917
0.98035756	-0.15576692	0.08707452	-0.27027553	-0.03003706	0.19913540
0.71316582	0.09431262	-0.04695688	-0.85649809	-0.15244415	0.35872146
0.84508623	-0.07579120	0.09094221	-0.29613839	-0.02891066	0.22484454
0.71080833	0.08489848	0.10894575	-0.11205603	-0.05921226	0.43001029
0.43264417	0.01451928	0.19038740	-0.74022445	-0.05697039	0.37949957
0.54944174	0.05032204	0.08726807	-0.29761282	-0.34148056	0.13364748
0.70623426	-0.04884042	0.17144517	-1.41394603	0.27244038	-0.02654520
0.59946907	0.15313406	0.13603129	-0.84100698	0.25263042	0.08470195
0.56801021	0.11031593	0.11525916	-1.31268978	0.15745565	0.02534921
0.79983659	-0.07868639	0.04813562	-0.94865065	0.71697589	0.05349111
0.79402599	-0.14572112	0.01804354	-1.11365212	-0.18978752	-0.07011489
0.66753302	-0.48606903	-0.02841639	-1.53035157	-0.04457492	-0.49002337
1.21156579	-0.60108788	-0.08970803	-0.73791148	0.52576133	-0.62310516
1.05347522	-0.77912625	-0.08840686	-0.62068921	0.72575846	-0.32860179
1.46329607	-0.44588850	0.24384105	-0.13866298	0.67194391	-0.28131075
1.52599712	-0.56984649	0.26785428	-0.58621736	0.41969071	-0.35424789
1.69554119	-0.25885187	0.32202164	-0.78592377	0.17496055	-0.34993002
1.76780389	-0.18522406	0.21447972	-1.15912065	-0.34679900	-0.17664840
