1.03075110	-0.28850513	-0.06384427	-0.13293291	-0.01180589	0.04073075
1.02163153	-0.22163715	-0.05869254	-0.23088415	0.02238771	0.03015341
1.00970195	-0.25582454	-0.04530170	-0.26532682	0.00010223	-0.11593105
1.04043410	-0.19646258	-0.02477064	-0.07914120	0.10684481	0.00705987
1.01958775	-0.25410747	-0.01713605	-0.01285207	0.08138551	-0.04115486
0.98649901	-0.26033629	-0.04360141	-0.03948759	0.00928880	0.01967101
1.00590606	-0.18728608	-0.02707350	0.13339372	0.01662609	-0.02146199
0.99330070	-0.27791531	-0.01807097	-0.00704522	-0.06356131	-0.01167418
1.00965599	-0.23153041	-0.02676702	-0.18830898	0.04352838	-0.03968214
0.98848851	-0.23824828	-0.03158065	0.09156643	-0.07791688	0.05521723
1.00022623	-0.22236193	-0.01074076	-0.07344508	-0.03317551	0.03091041
1.00609009	-0.26782612	-0.02526305	0.00831558	0.04421566	-0.00989357
1.01080746	-0.18768676	-0.00464884	0.03879226	-0.04699298	-0.02973809
1.00475076	-0.17624930	-0.05269120	-0.00850726	0.01136750	-0.04513394
1.01614437	-0.25157748	-0.01026183	0.15794620	-0.03469097	-0.01650153
0.99729151	-0.15411146	-0.01774953	-0.08501017	0.10500559	-0.01292598
1.00676453	-0.25186299	-0.03548806	0.32120594	0.00676688	-0.05993572
1.00407468	-0.34516467	-0.02355055	0.13340032	-0.03615738	0.07689199
1.01212691	-0.23518277	-0.04860949	0.05885171	-0.08554302	0.00635209
1.01615770	-0.22411867	-0.01593811	0.06534515	-0.07509009	-0.02460400
1.00563106	-0.25450311	-0.03441963	0.04863258	0.13889835	-0.00492165
1.02314953	-0.14499615	-0.05123727	-0.00837969	-0.14734417	0.11920744
1.00451414	-0.19608199	-0.02480121	0.32204882	-0.02738997	0.08928050
1.00217530	-0.26303303	-0.04529625	0.14057645	0.01962919	0.01591527
1.01805520	-0.17723762	-0.04898118	0.08516937	-0.08068482	0.01763563
0.98954402	-0.21948527	-0.08371787	0.05071863	0.08317178	0.08410533
1.01238564	-0.17151921	-0.02117591	-0.08220494	-0.02151232	-0.05124430
0.98701878	-0.21518444	-0.01989206	0.22760358	-0.03491567	-0.04435344
1.00965706	-0.20133362	-0.02821241	0.01018902	0.01924952	0.00635669
1.00475647	-0.22536720	-0.04585592	0.08675493	-0.05436683	0.01278716
1.01160023	-0.25786814	-0.02385116	-0.05491934	-0.10785207	-0.03354598
1.01870238	-0.25631548	-0.04385956	0.10122699	-0.09580765	0.07234141
0.99240857	-0.20750410	-0.02833894	0.14078957	0.07835765	-0.00493915
1.04338853	-0.21417004	-0.03211177	-0.03516814	-0.05592984	-0.01272739
1.00931204	-0.23830760	-0.03444828	0.18019523	0.09685889	-0.08163060
1.01772408	-0.23293589	-0.01110243	-0.07506721	0.04104207	-0.02718268
1.02926959	-0.23594030	-0.03886441	-0.06901542	-0.02258209	-0.02956098
1.00591102	-0.23541572	-0.01331172	0.07433944	0.02103822	-0.01124981
1.00707589	-0.20157160	-0.01899757	0.18784170	0.10375541	0.03838273
1.02181255	-0.20269202	-0.01457462	-0.16728607	-0.07294733	0.03806308
0.99292995	-0.24429760	-0.03425242	-0.16164232	-0.01555864	-0.04495115
1.01440469	-0.22965967	-0.01038769	0.24346975	-0.00491544	0.00760167
1.02483626	-0.21535927	-0.05107038	-0.02438804	0.12006406	-0.02268644
0.99408100	-0.20263390	0.01532186	-0.02963396	0.04238045	-0.02002666
1.02274472	-0.12785238	-0.03934822	-0.00165161	0.03234967	-0.02318142
0.97371073	-0.22581812	-0.00727751	-0.14684023	0.09505108	-0.01779717
1.01059520	-0.17630523	-0.01543710	0.01809760	-0.07907068	-0.11484240
0.99017243	-0.22645739	-0.00453018	-0.07598804	0.00374241	0.06569595
1.02773784	-0.29994794	-0.04844467	-0.16425758	0.01467770	0.02666686
1.02814695	-0.19325781	-0.02206203	0.17122978	0.07025687	0.01349252
1.02196276	-0.23200148	-0.01957978	-0.09467972	0.00092435	-0.00009043
1.02028579	-0.24889579	-0.01487143	0.12095902	0.06920109	0.02028785
1.01128114	-0.25300904	-0.04985416	0.00408936	-0.06484427	-0.03243988
1.03628391	-0.25816683	-0.01738921	-0.01451667	0.04649712	0.01820853
0.98381966	-0.23521411	-0.01941979	0.07654252	0.02267098	-0.01597957
1.04075382	-0.18503697	-0.04073384	-0.03548100	-0.01315835	-0.01479825
1.01699901	-0.24927814	-0.01478472	0.04957088	0.01701889	0.00446686
0.99403522	-0.21465656	-0.05512046	0.18027196	0.03511143	0.06686787
1.02635006	-0.24405758	-0.02012109	-0.02055670	-0.06184261	0.03475314
1.02879785	-0.29642040	-0.00393504	0.07908547	-0.07929354	-0.04635062
1.00740046	-0.27502867	-0.02787862	-0.07638074	0.05519393	0.00400453
1.03677704	-0.26931342	-0.02874546	-0.02171264	-0.11969542	-0.05365005
1.01888592	-0.20478986	-0.01214198	0.12230639	-0.06658321	-0.02581715
0.98603019	-0.19506923	-0.01737803	-0.03364001	-0.04922525	-0.00823922
1.01044694	-0.21368000	0.00809051	0.04017806	-0.23142569	0.03003700
1.01158116	-0.17351919	0.00230468	0.21683679	-0.08964612	-0.01135464
1.03235974	-0.23468991	-0.01946772	0.04244296	0.03245493	-0.02365083
1.03692006	-0.21429087	-0.03686140	0.23572455	0.01232921	-0.04831740
1.02981728	-0.20559126	-0.04448323	0.07125487	0.04090659	-0.03487425
1.04037442	-0.22451094	-0.02284166	0.15072706	-0.13899368	-0.06325710
1.00302875	-0.24667037	-0.01421616	0.34968699	-0.03582565	0.01389874
1.03986280	-0.27866617	-0.02779000	-0.02342390	0.01314735	-0.05874170
1.00377488	-0.27286163	-0.02532291	0.05758174	-0.07352023	-0.00374083
1.00964177	-0.26310947	-0.03963810	0.10924521	-0.07290691	-0.00200351
1.03299822	-0.20645139	-0.02387585	0.14886786	0.00965572	0.03859574
1.02055464	-0.23329923	-0.02483018	0.06952907	0.00975475	-0.02013789
0.99920083	-0.17809651	-0.03435959	-0.05624605	0.03352823	0.00786223
0.97087286	-0.24776749	-0.05665929	-0.05372728	-0.08062549	0.02929885
1.02818175	-0.14821912	-0.04623878	0.19486520	-0.06708450	0.00597983
1.00917368	-0.27195703	-0.02640463	-0.05369084	0.01491107	-0.03211065
0.99419985	-0.26064499	-0.03094583	0.19231299	-0.05166591	0.02831934
1.00430299	-0.18676288	-0.04648569	0.09902512	-0.07248994	0.02381592
1.01804598	-0.24846256	-0.00585241	-0.08202385	0.00822686	-0.03084805
1.02432860	-0.21327005	-0.02770136	0.15520151	0.10377193	-0.00683978
1.02654402	-0.26516932	-0.02508465	0.10862567	0.08121314	0.01483778
1.02422506	-0.21368527	-0.00200743	0.14681122	0.01644300	-0.01832143
1.03342432	-0.18658957	-0.02316333	0.25626302	0.06246307	-0.03418920
1.02553347	-0.24337624	-0.01720300	0.08734764	0.08532461	-0.03892000
1.00612281	-0.26619459	-0.02472973	0.01465022	0.07900645	0.01873081
0.99099354	-0.16511507	-0.00491058	-0.19233317	0.06913155	-0.04102797
1.00408371	-0.12747591	-0.01942691	0.05440503	-0.08671145	-0.00543102
1.03116044	-0.22296944	-0.00321840	0.07084622	-0.06677088	-0.03433189
1.01027322	-0.15598630	0.01564245	0.10439321	-0.12588496	0.13337362
1.01388769	-0.19835903	-0.00687342	-0.02717250	-0.07940514	0.04858596
0.99910823	-0.18239661	-0.00175630	0.00930888	-0.06427448	0.19226548
1.03499484	-0.19609109	-0.02490151	-0.11844777	-0.04919101	0.07395253
1.03107488	-0.23081738	-0.04697930	-0.14497120	-0.04811269	0.07912223
1.01657615	-0.11268571	-0.01316794	-0.00957030	-0.04785326	0.02670038
1.01014544	-0.15301158	-0.02863297	0.08627376	0.04860170	-0.00291181
1.00618857	-0.19471660	-0.01338865	0.09613523	-0.00654016	0.12408404
1.00729729	-0.31013015	-0.05122058	-0.11842127	-0.10255171	0.03782715
1.00105507	-0.20375192	-0.04900093	-0.03419319	-0.09169789	0.08355015
1.00737812	-0.25036180	-0.03234736	-0.17069209	0.04042128	0.11882425
1.03734042	-0.21888610	-0.01924494	-0.19133580	0.01250802	0.16421505
1.02884849	-0.21109034	-0.02040951	-0.06048961	0.07189547	-0.01314495
1.03926963	-0.09064974	-0.04023435	-0.28710896	-0.05607061	0.05667110
1.03444539	-0.23642962	-0.05014413	-0.32814836	0.08174836	-0.00768152
1.01051258	-0.25486889	-0.07838222	-0.35172816	-0.00778152	-0.02506563
1.01612076	-0.24330629	-0.03807467	-0.26541127	0.08924810	0.03808132
1.01267169	-0.22726887	-0.01732881	-0.39424421	0.00309198	0.04264685
0.98559236	-0.14192365	-0.06523039	-0.29913131	-0.01633840	0.07662083
1.01061269	-0.33713274	-0.01652662	-0.26126142	0.00284875	0.06592868
1.00723942	-0.31625104	-0.07354471	-0.27213999	0.01320539	0.08695256
0.99024587	-0.23005186	-0.02531112	-0.41339229	0.06117933	0.12910001
1.01072501	-0.29313388	-0.02412639	-0.22943081	-0.06450041	0.19330779
1.00873161	-0.31454763	-0.06704833	-0.38931881	0.05564908	0.09061635
1.02457473	-0.34427454	0.01353584	-0.18091907	0.12850777	0.05106948
0.98534033	-0.34292142	-0.01357776	0.12612521	0.17248182	0.12472920
1.00266249	-0.36790660	-0.00811435	0.41340679	0.01307004	0.16051316
0.99142931	-0.41631673	0.00728090	0.21839454	0.11724540	0.20009105
1.03276180	-0.34876305	0.07286255	0.72096077	0.24243973	0.14330695
1.02546861	-0.36081279	0.10753470	0.65847852	0.19594962	0.00411044
1.03244426	-0.13854349	0.08170597	0.31910679	0.28262863	-0.04057250
0.99296723	-0.02022079	0.02048003	-0.11784266	0.29988607	-0.21792154
0.93186615	-0.01567788	0.02335891	-0.27952424	0.14071222	-0.15291931
0.88357988	-0.17711039	0.07147229	-0.37421180	-0.02233685	-0.24237014
0.87581295	-0.22215942	0.11830479	-0.29146490	-0.19642198	-0.26038996
0.90831662	-0.27633535	0.13177162	-0.22473873	-0.30917697	-0.16175912
