1.00741200	-0.21753356	-0.03271368	-0.02455810	-0.01793517	-0.01720849
1.00506283	-0.21267905	-0.03161714	-0.08585714	-0.02683482	-0.00869510
1.00242512	-0.23297929	-0.03388572	-0.05743478	-0.02365493	0.00613256
1.00755776	-0.24966879	-0.03930356	0.03807202	-0.03287714	0.00524224
1.01397626	-0.24297940	-0.03659797	0.03569807	-0.03017071	0.00219546
1.01859423	-0.24275383	-0.03752584	0.06394175	-0.03381558	0.00793047
1.01459285	-0.23782579	-0.04536893	0.01236090	-0.01822832	-0.00151249
1.01148956	-0.24770918	-0.04015136	0.06338204	-0.02767687	0.00337037
1.01317126	-0.24084619	-0.02926463	0.06745968	-0.01195082	0.00536334
1.00945386	-0.22800947	-0.03231277	0.01732655	-0.02032029	0.00117861
1.01115357	-0.22914246	-0.02928558	0.08091381	-0.02202882	0.00337162
1.00459076	-0.22527680	-0.01708039	0.02797620	-0.01550929	0.00366577
1.00688056	-0.22543827	-0.03188654	0.05805610	-0.01395970	-0.01462640
1.00796409	-0.22204027	-0.02957936	0.06040816	0.01211005	-0.02154292
1.00398409	-0.22362060	-0.02595110	0.03113281	-0.00695217	-0.01202905
1.00692476	-0.22756290	-0.02644288	0.02799506	-0.00536390	-0.00965862
1.00822712	-0.23310406	-0.03050283	-0.01081491	-0.00455420	-0.00879500
1.01020767	-0.22749583	-0.03595797	0.03391190	-0.00041710	-0.01127859
1.01831479	-0.23021211	-0.03240449	-0.02419007	0.01144153	-0.01492667
1.01729021	-0.22545804	-0.03355609	0.01178464	0.01155961	0.00194776
1.01727692	-0.22346114	-0.03252276	0.03769338	0.00529432	-0.01257507
1.00903380	-0.22500327	-0.02971960	0.00095987	-0.00223735	-0.00612964
1.00568105	-0.23251270	-0.03136146	-0.00292552	0.00660642	-0.02856974
1.00256395	-0.22454838	-0.03395039	0.05165939	0.01566927	-0.01276164
1.00702819	-0.22915291	-0.03250688	-0.00872954	0.01345824	-0.00808421
1.00685355	-0.22096084	-0.03560425	0.05317889	0.01100764	-0.00585047
1.00903439	-0.22916776	-0.03534390	0.01161002	0.00090157	-0.01787430
1.01345277	-0.22613853	-0.03240435	0.04585984	0.00274073	-0.01167474
1.01259990	-0.23500672	-0.02774915	-0.04419086	-0.00177078	-0.02535342
1.01369310	-0.22852151	-0.02715735	-0.01227117	0.00967686	-0.00132338
1.00803321	-0.23278041	-0.02343184	-0.00217687	-0.00045872	0.00891613
1.00278474	-0.22821704	-0.01869303	0.01303819	0.00712699	0.01933439
0.99975787	-0.22825138	-0.02461614	-0.01736989	0.01060939	-0.00183114
1.00526650	-0.22124662	-0.02555513	0.06226305	0.00307420	-0.00129574
1.00967870	-0.23252171	-0.02438095	-0.03502832	0.01086214	-0.01304717
1.01310097	-0.22431955	-0.02986742	-0.02492390	0.01823914	-0.00835926
1.01430296	-0.23221135	-0.02973311	-0.07515347	0.01025259	0.00206359
1.01444243	-0.23845691	-0.02791602	0.04585327	0.00711333	-0.02024268
1.01271987	-0.23981933	-0.03037599	0.00938225	-0.00569898	-0.00563043
1.00754957	-0.23617325	-0.02792558	0.03061574	-0.00572855	-0.00617655
1.00102064	-0.22370410	-0.03080162	-0.03561616	-0.00280476	-0.00285285
1.00162848	-0.21381766	-0.02841812	-0.02914232	-0.00322236	-0.00179803
1.00986815	-0.22138165	-0.03053878	0.01280196	0.00934314	0.00298347
1.01214691	-0.22668804	-0.03375189	0.00808193	0.01053442	0.01070973
1.00950799	-0.21465948	-0.03715773	-0.03025241	0.00509434	-0.00608406
1.00916694	-0.22454998	-0.03256996	-0.03525033	0.00721215	0.00018779
1.01057493	-0.22920500	-0.03642030	-0.00411490	0.00407610	-0.00891011
1.01052167	-0.23257587	-0.03210923	0.01142778	0.00277457	0.00378991
1.01122222	-0.23171542	-0.03021677	-0.02470039	0.00943921	-0.00294940
1.01032825	-0.23008787	-0.02528798	0.01708690	0.00880252	-0.00867029
1.00850484	-0.23797906	-0.03212668	0.06560939	0.01372904	-0.00068110
1.01135208	-0.23507126	-0.03431579	-0.02155999	-0.00410561	0.01002054
1.00813705	-0.22708700	-0.03627120	0.01896322	0.00112814	-0.00313726
1.00536222	-0.23420636	-0.03430752	0.05398347	-0.00418604	0.00736235
1.00639281	-0.22969681	-0.02954480	-0.01055355	-0.00837168	-0.00933665
1.00551562	-0.22629803	-0.03288180	-0.03264276	-0.01258500	0.00737999
1.00923179	-0.22953875	-0.03016065	-0.01787710	-0.01554666	0.01210889
1.01008965	-0.23623372	-0.02743406	-0.02625542	-0.00341318	0.00746797
1.01018067	-0.23603761	-0.03492370	0.02271784	-0.00995621	0.00113428
1.01004726	-0.23054112	-0.03688531	0.07156326	0.01223565	0.02112118
1.00953291	-0.23493699	-0.03296948	0.03962828	0.00501915	0.00522655
1.00854433	-0.22444926	-0.02789435	-0.03557539	-0.00105734	0.00672620
1.01219001	-0.22680793	-0.02953254	0.00792648	0.00997734	0.01892952
1.00924749	-0.22716911	-0.03389027	-0.02010350	0.00739260	0.00562247
1.00890921	-0.22877887	-0.03443842	-0.04680352	-0.00283466	0.00871903
1.01059749	-0.23273869	-0.03712579	-0.02100709	0.01014863	0.00701516
1.01125597	-0.22448505	-0.04171121	0.01165886	0.01257939	0.01344791
1.01025510	-0.23160313	-0.04096208	-0.00862997	0.01346810	0.00880939
1.00979407	-0.22607237	-0.03920828	-0.00843167	0.01083701	-0.00054143
1.01056606	-0.22888606	-0.03793438	-0.04669935	0.03318089	0.00127320
1.00754341	-0.22766970	-0.03211339	-0.00457948	0.02055375	-0.00569037
1.00521338	-0.22890697	-0.03738197	-0.04526640	0.01970550	0.00089113
1.00313032	-0.23031494	-0.03282272	0.02588471	0.00215653	0.00770290
1.00578486	-0.22295367	-0.02660442	-0.02075424	0.00791554	-0.00192045
1.00738020	-0.22163146	-0.02834273	0.02903438	0.01474588	0.00585252
1.01181869	-0.23328001	-0.02175889	0.03453690	0.00078750	0.00436321
1.00755226	-0.21905938	-0.02483814	-0.00960974	-0.00015767	0.01151205
1.00938041	-0.22608563	-0.02773098	-0.05075093	-0.00434070	-0.01166444
1.00661353	-0.22213845	-0.02799340	-0.07488830	-0.00131520	0.00461751
1.00395930	-0.23247940	-0.03093576	-0.02825362	-0.00542353	0.00288038
1.00961016	-0.23077332	-0.03362681	-0.04095154	-0.01110801	0.00263584
1.00794703	-0.22472585	-0.03530031	0.02203149	-0.00772774	-0.00235860
1.00130208	-0.22707024	-0.03623702	-0.04724721	-0.00756610	0.02373702
1.00377763	-0.22798627	-0.03591382	-0.05318907	-0.00840474	0.03047476
1.00527733	-0.22133399	-0.03597452	-0.08574101	-0.01756811	0.01504927
1.00718365	-0.23306883	-0.03110693	-0.09821415	-0.01560891	0.01085841
1.01174589	-0.21979776	-0.03504418	-0.02488732	0.00446266	0.00909944
1.01210834	-0.23000257	-0.03800524	-0.11907697	0.00702864	0.01362599
1.01110565	-0.21065171	-0.03697706	-0.09268905	0.01483579	0.01040947
1.01335053	-0.22246527	-0.03592667	-0.13915688	0.02103512	0.01206977
1.00865845	-0.21666389	-0.03847636	-0.09320119	0.01075550	0.00416158
1.01124734	-0.22029355	-0.04121010	-0.15210859	0.02190886	0.01452747
1.01336539	-0.22166785	-0.04249812	-0.16387173	0.01646087	-0.00807825
1.00977792	-0.22742964	-0.03395945	-0.17114516	0.02263771	0.00317146
1.00857054	-0.22914646	-0.04496990	-0.17987638	0.01662451	-0.01033078
1.00623265	-0.22532126	-0.04534721	-0.20892230	0.01736182	-0.00917147
1.00829510	-0.23077462	-0.04788941	-0.19201052	0.01683115	-0.00172744
1.00818914	-0.22668543	-0.04867081	-0.09009990	0.02680243	0.00212070
1.00847976	-0.23311918	-0.04666454	-0.16021633	0.01370502	-0.00302498
1.01152603	-0.23534472	-0.04536997	-0.16319905	0.02630891	-0.01119650
1.01360382	-0.23291251	-0.04508461	-0.14581425	0.02080695	-0.01796593
1.01036678	-0.23265543	-0.04204800	-0.13693370	0.02150085	0.00193478
1.01388638	-0.23251704	-0.03240070	-0.11827824	0.01792191	-0.01838184
1.00631437	-0.22989040	-0.03437369	-0.08881211	0.01584139	-0.01058934
1.00863817	-0.23901716	-0.03751569	-0.05425446	0.02674901	-0.02463925
1.00846041	-0.22915044	-0.03615652	-0.14567584	0.03558659	-0.02467556
1.00556976	-0.24018641	-0.03982506	-0.09313494	0.02755516	-0.01986592
1.00987955	-0.23481069	-0.03737757	-0.04559940	0.01673220	-0.03805118
1.00907920	-0.24057848	-0.02943274	-0.01287772	0.02466786	-0.03438719
1.00983145	-0.23281636	-0.03175734	-0.09348217	0.03587467	-0.02975871
1.00835282	-0.22520619	-0.03544172	-0.05436333	0.03089544	-0.03986310
1.00953070	-0.23449683	-0.03422351	-0.05439973	0.03617009	-0.03389349
1.00208774	-0.23716119	-0.02860539	-0.02765541	0.02414988	-0.02478814
1.00633875	-0.24538214	-0.03795439	0.05136707	0.01922669	-0.03383159
1.01463905	-0.25315317	-0.03610012	0.08473564	0.01261962	-0.05909784
1.01018491	-0.24553520	-0.03536015	0.07864890	0.01895619	-0.05708617
1.00980042	-0.24655469	-0.03765609	0.09002871	0.02209163	-0.04148709
1.00862943	-0.25142617	-0.03820010	0.12934598	0.01051420	-0.03230238
1.00724111	-0.24037356	-0.03728798	0.09808958	0.01571181	-0.05912781
1.00764818	-0.22988918	-0.04148741	0.16589375	0.01787606	-0.05561177
1.00973668	-0.21458844	-0.03817289	0.15939311	0.00425814	-0.06741907
1.00921434	-0.21344783	-0.03748301	0.19930862	-0.00225268	-0.05800963
1.01398337	-0.21635167	-0.02994579	0.14066756	-0.00081825	-0.04179479
1.01190809	-0.21537698	-0.02537242	0.10499966	-0.00909370	-0.02482401
1.01337254	-0.21360526	-0.02465138	0.11621112	-0.01648361	-0.01629386
1.01300707	-0.21044207	-0.02367045	0.14251645	-0.00374859	-0.02392630
1.01040529	-0.22574320	-0.02998458	0.15105714	0.01974152	-0.02259979
1.01283772	-0.21510334	-0.02292612	0.09438005	-0.00231967	-0.00130960
