1.00632395	-0.23122936	-0.04320404	0.00198435	0.01711494	-0.00355313
1.00886489	-0.24098651	-0.04012554	0.00778228	-0.00184074	0.00512077
1.01407316	-0.22751602	-0.03214417	0.02266616	0.00722891	-0.01911657
1.00818984	-0.23052803	-0.03759204	-0.02175027	0.02518175	-0.01084579
1.01208002	-0.23734764	-0.04325047	-0.04468255	0.00721687	0.00387067
1.01147518	-0.24653388	-0.03249519	-0.03491436	0.01839185	0.00951722
1.00930107	-0.23087742	-0.04419674	0.03118935	0.02376805	-0.00603415
1.00521797	-0.22082818	-0.03048367	-0.04090265	0.02077886	-0.00870275
1.00758095	-0.23522464	-0.02962306	-0.05641076	0.00344002	-0.01478172
1.00591382	-0.22577101	-0.03465895	0.07634512	0.02425748	-0.00754376
1.00978609	-0.23591951	-0.02977458	0.00885369	-0.00674501	0.00069426
1.00660021	-0.23005279	-0.02514953	-0.01628983	-0.00346635	0.01409968
1.00938888	-0.22873004	-0.02939860	0.00475509	0.00170509	-0.01331194
1.00924425	-0.21860922	-0.02585757	-0.03053765	0.00854300	-0.00367828
1.01029091	-0.22236532	-0.03034679	0.04489491	-0.00816345	-0.00392193
1.00775317	-0.22779796	-0.02677715	0.03328428	-0.02282228	0.01254486
1.00840288	-0.22227776	-0.03082734	-0.04319228	-0.00068601	0.01041776
1.00748625	-0.22681892	-0.04203784	0.02979961	-0.00355792	0.01923654
1.00547378	-0.23016172	-0.03491162	-0.04998623	0.00757196	0.00499678
1.00496782	-0.23141505	-0.03695392	0.08097528	-0.01063902	0.01100709
1.00243061	-0.23313471	-0.02959341	-0.06810135	-0.00847377	0.01492454
1.01071306	-0.22995962	-0.03399615	-0.04276369	-0.00133940	0.02041286
1.01135895	-0.23325211	-0.04046253	-0.05614311	-0.00858803	0.00097420
1.01341388	-0.22250330	-0.03232792	-0.07724242	-0.00980820	0.00481801
1.00968106	-0.23184281	-0.03632012	-0.14322737	0.00176826	0.02206774
1.00791188	-0.21346945	-0.03354112	-0.13009071	0.02317055	0.00276044
1.01035576	-0.21226274	-0.03731415	-0.08228752	0.01006400	0.01452604
1.00827703	-0.23206941	-0.04070458	-0.17653984	0.01089313	0.01396255
1.01028200	-0.22037377	-0.03636488	-0.12981145	0.01389967	0.01824546
1.00806906	-0.21656436	-0.02716913	-0.10828020	0.01620042	0.01347461
1.00896278	-0.22623493	-0.03687778	-0.15507007	0.00548370	0.00486784
1.00659400	-0.22166630	-0.03773297	-0.15666952	0.01246106	-0.00109238
1.00603890	-0.22769687	-0.04867614	-0.16977750	-0.00213717	-0.01076864
1.01135322	-0.23276269	-0.04475378	-0.15990373	0.01467610	-0.01046253
1.00655550	-0.23821947	-0.05546814	-0.09646787	0.00807011	0.00717306
1.01077096	-0.25108579	-0.04471757	-0.17134875	0.01762257	-0.01585316
1.00965071	-0.23413747	-0.04326552	-0.13006549	0.03522517	-0.02171852
1.00991320	-0.22497004	-0.04035647	-0.12272878	0.01618238	-0.01094703
1.01474902	-0.23490047	-0.04156327	-0.14624754	0.01809296	-0.02057982
1.00881570	-0.23320959	-0.03840971	-0.07267171	0.01848418	-0.01834000
1.00664875	-0.23821210	-0.03427421	-0.06670694	0.02168805	-0.00782452
1.01178238	-0.22547866	-0.03334638	-0.06425972	0.05173231	-0.01101593
1.00797455	-0.23416892	-0.03235841	-0.09696787	0.03842451	-0.01067674
1.00664125	-0.23551961	-0.03754628	-0.08016697	0.03743236	-0.02474681
1.01075498	-0.23674362	-0.03191763	-0.06753361	0.02926217	-0.03019139
1.01006992	-0.22932206	-0.02910664	-0.08592880	0.04986679	-0.02172903
1.00819765	-0.23153012	-0.03624278	-0.10404705	0.02409612	-0.03793699
1.00803271	-0.23143893	-0.03509970	0.04411386	0.02646457	-0.02212815
1.00478237	-0.23865567	-0.02737930	-0.02012091	0.01076771	-0.03477876
1.00884853	-0.24768612	-0.03569130	0.04077609	0.01761837	-0.02960697
1.01617164	-0.25853308	-0.04166534	0.06801023	0.02024526	-0.03882858
1.01406715	-0.25982638	-0.03219495	0.14184873	0.01653325	-0.06485513
1.00742849	-0.23589772	-0.04161716	0.15388628	0.01724235	-0.04050992
1.00693899	-0.23869578	-0.02501285	0.17319211	0.02606077	-0.02552920
1.00562227	-0.23285747	-0.03068047	0.14303402	-0.00306241	-0.04825794
1.00806211	-0.23099955	-0.03960530	0.13978254	0.01363807	-0.05178004
1.00878409	-0.22369951	-0.04766133	0.19274358	0.01380725	-0.07137579
1.01083536	-0.19540057	-0.03285607	0.16577851	0.00652080	-0.05355879
1.01326720	-0.22135064	-0.02213765	0.12076857	-0.00996046	-0.04911734
1.01437000	-0.22004696	-0.02150573	0.14684540	-0.00501463	-0.02966654
1.01406878	-0.21684859	-0.02169751	0.12478783	-0.00734644	-0.02330675
1.01572609	-0.21750836	-0.03341289	0.16045439	-0.00540287	-0.02744713
1.01058543	-0.21424478	-0.02465271	0.10611193	-0.00145546	-0.01169495
1.01287329	-0.23001958	-0.02602037	0.21127397	0.00368661	-0.01598156
1.01096716	-0.21927570	-0.01757154	0.14651637	0.01282566	-0.01766929
1.01554548	-0.20130678	-0.00823000	0.13603106	-0.01390615	0.00053113
1.01477608	-0.19890350	-0.01717935	0.13693470	0.01012949	0.01141921
1.01753531	-0.20359107	-0.02074238	0.13154387	0.01411810	-0.01210880
1.01868143	-0.20423005	-0.03004779	0.11151210	0.01530463	-0.01268225
1.01748008	-0.20480858	-0.02542269	0.10527341	0.00762463	0.01162779
1.01788917	-0.20149113	-0.01247381	0.06031397	0.03063526	-0.00607020
1.01917118	-0.19852657	-0.01250714	0.07211876	0.02945101	-0.00719779
1.01895140	-0.19884471	0.00413096	0.03549717	0.02230733	0.00174973
1.01701652	-0.20005557	-0.01933060	0.03677248	0.03807776	-0.00472944
1.01387407	-0.19814078	-0.03335747	0.07561194	0.03793644	-0.01078253
1.01475529	-0.19956123	-0.02184924	0.06592270	0.07153895	-0.02328226
1.01066597	-0.20995075	-0.02102772	0.00635000	0.05909461	-0.01801066
1.00915225	-0.20461200	-0.02037432	0.06435384	0.05263112	-0.02408808
1.01458657	-0.20377509	-0.01427617	0.07832045	0.05659409	-0.01094276
1.01436447	-0.19752106	-0.00064477	0.10934024	0.03533472	-0.01911149
1.01050323	-0.19784171	-0.00266504	0.07034889	0.04172417	-0.00771097
1.01036297	-0.19013665	-0.00364033	0.02947830	0.01692866	-0.01276982
1.00695204	-0.20882356	-0.00910860	0.02189417	0.01080460	-0.01807798
1.00321673	-0.20253208	-0.01462900	0.01854087	-0.01267849	-0.00601718
1.00578836	-0.21361529	-0.00395435	0.00582147	-0.02005961	0.01079463
1.00490861	-0.21030492	-0.01785929	0.02117043	-0.03333149	0.00952368
1.00635630	-0.21529631	-0.00878727	0.01683903	-0.04874416	0.00347372
1.00431334	-0.21950874	-0.02350602	0.02685593	-0.05783909	0.00447450
1.00741928	-0.21662968	-0.02194932	0.00275441	-0.05547950	0.02163036
1.00862800	-0.20481255	-0.01864656	0.08695440	-0.05114555	0.02454784
1.00805542	-0.20611147	-0.01740885	-0.02964260	-0.04270023	0.02418855
1.01093931	-0.20163503	-0.02488422	0.09745809	-0.03816631	0.03376001
1.01217048	-0.20837441	-0.01435631	-0.02493674	-0.03528414	0.03678678
1.01219629	-0.21033585	-0.01093318	-0.00831401	-0.06467069	0.03302698
1.01211861	-0.21737572	-0.01940418	0.01593463	-0.03357552	0.02764147
1.00985548	-0.21338385	-0.01189395	0.03766028	-0.03794856	0.02223040
1.01316622	-0.20752225	-0.02016436	0.01868681	-0.03926875	0.01127055
1.01530582	-0.22053309	-0.03022746	0.03360545	-0.01227986	0.02395712
1.00955199	-0.22225703	-0.02205482	-0.02213259	-0.02432159	0.01167812
1.01286533	-0.21165567	-0.02921780	-0.04190594	-0.03275592	0.02419032
1.01071968	-0.20227519	-0.01936280	-0.00216600	-0.04146077	0.01022588
1.01177170	-0.21790505	-0.01650546	0.03905454	-0.03289338	0.01173888
1.01541213	-0.20006176	-0.02487600	0.05382131	-0.02483029	0.00252701
1.01400482	-0.20421058	-0.03084317	0.01285955	-0.02566345	0.01038296
1.01187076	-0.19989164	-0.01254257	0.00300082	-0.03211073	-0.00775248
1.01074105	-0.21059648	-0.01143433	-0.04631305	-0.04094104	0.01288721
1.01191870	-0.18989435	-0.02920506	-0.06415032	-0.03810090	0.00154263
1.00686551	-0.20002223	-0.02022597	-0.05839694	-0.03792327	0.00463879
1.01228203	-0.20659312	-0.03171412	-0.10194153	-0.04234727	0.01758401
1.01050892	-0.20659114	-0.02754646	-0.09221821	-0.03780503	0.01642218
1.01338958	-0.19918657	-0.03328582	-0.14061503	-0.02763079	0.00816803
1.01220984	-0.20293614	-0.03363193	-0.11244284	-0.01848812	0.02773120
1.01342126	-0.20547206	-0.03250656	-0.13355441	-0.01855041	0.02671545
1.01278196	-0.22085730	-0.02907395	-0.15681725	-0.01273731	0.02506170
1.01162799	-0.20711724	-0.02071333	-0.11616378	-0.02002259	0.00479577
1.01541085	-0.21233835	-0.03192406	-0.13997534	-0.01240912	0.00942133
1.01971363	-0.20619109	-0.03311318	-0.13118174	-0.01706231	-0.00741880
1.02199475	-0.21182568	-0.04230698	-0.10437251	0.00694571	0.00703584
1.01946824	-0.19825689	-0.03700998	-0.12367589	0.01523365	0.00873215
1.01505315	-0.20457746	-0.03161932	-0.14952032	0.01117694	0.00254997
1.01220025	-0.19270968	-0.03533067	-0.14394447	0.01689955	-0.00417050
1.01493821	-0.18899403	-0.03118738	-0.16008955	0.03115518	-0.00157393
1.02013968	-0.20082664	-0.02782134	-0.20818839	0.01478105	0.02169403
1.02034641	-0.20231734	-0.01876454	-0.15743966	0.02483444	-0.01275849
1.01782287	-0.19357285	-0.03565392	-0.18544768	0.03112429	0.00111451
1.01589781	-0.20084138	-0.04001901	-0.14495209	0.04390460	0.01306295
1.00764298	-0.21891730	-0.04067821	-0.21944623	0.02569592	-0.01344214
1.01336965	-0.21216818	-0.03376019	-0.12788636	0.00170152	0.01598427
