1.01359333	-0.21331549	-0.03708616	-0.00176916	0.00878195	0.00343497
1.01228300	-0.21609702	-0.03815563	0.00470101	0.00206530	-0.00024916
1.01207149	-0.21734296	-0.03966292	0.00652094	0.00683319	-0.00059006
1.01270302	-0.21953930	-0.03982097	0.00257047	0.00658477	0.00296024
1.01000870	-0.22281299	-0.03197959	0.01665007	-0.00807022	0.00291150
1.00798566	-0.22149316	-0.02783684	0.01775286	0.00009428	0.00393798
1.00837246	-0.22037306	-0.03174824	0.00798799	0.00518500	0.00561716
1.00902441	-0.21269225	-0.03877432	0.00610193	0.00275460	0.00328257
1.00862626	-0.21386680	-0.04162524	0.00911679	-0.00402755	0.00114672
1.00924406	-0.21327434	-0.03701477	0.01626500	-0.00357247	0.00120498
1.01191044	-0.21282571	-0.03102259	0.01222837	-0.00014957	0.00090939
1.01130388	-0.21205972	-0.02949679	-0.00634699	0.00307208	-0.00349885
1.01197324	-0.21593001	-0.03319515	0.01113368	-0.00132757	-0.00155111
1.01061977	-0.21433185	-0.02608999	-0.00705625	0.00164405	0.00138895
1.01043451	-0.21778430	-0.02560363	-0.00800138	0.00458334	0.00026689
1.00942136	-0.22318866	-0.02132613	-0.00120970	-0.00160093	-0.00433989
1.00877018	-0.21668959	-0.03043802	-0.00507629	0.00557015	0.00565260
1.00824514	-0.21859276	-0.03355428	0.00431244	0.00184052	0.00247592
1.00821250	-0.21721992	-0.03242580	-0.00184531	-0.00048127	-0.00136529
1.00982297	-0.21484747	-0.03312036	0.01512491	-0.00209556	0.00261682
1.00986708	-0.21878602	-0.03419698	0.01384722	0.00457272	0.00087403
1.01057645	-0.21932346	-0.03834579	0.02032063	0.00713260	0.00243859
1.01104781	-0.21338336	-0.03794047	0.01040884	0.00645076	-0.00211079
1.01212493	-0.21377030	-0.03702287	0.01544658	-0.01169014	0.00125371
1.01000739	-0.21074135	-0.03532715	0.02373636	0.00068561	0.00055203
1.01279320	-0.21285345	-0.03310892	0.00988761	0.00041546	-0.00157771
1.01257954	-0.21584137	-0.03334817	0.00308037	-0.00469494	0.00022858
1.01057709	-0.21600555	-0.02666541	0.00326746	0.00488306	0.00260198
1.00919997	-0.21665085	-0.03490374	0.00662952	-0.00257670	0.00377376
1.01060735	-0.21488246	-0.03111029	-0.00684800	0.01390065	0.00141695
1.01087790	-0.21597035	-0.03078928	0.00045394	-0.00436978	-0.00420360
1.00802023	-0.21381392	-0.02905239	0.00733240	-0.00236722	-0.00681576
1.00979972	-0.21405316	-0.03768104	0.00014509	-0.00389340	0.00061935
1.00949182	-0.21747049	-0.03552492	0.00857561	0.01358832	-0.00466662
1.01126873	-0.21532950	-0.03258876	0.00113401	0.00965484	-0.00072480
1.00989275	-0.21539080	-0.03029413	-0.00693873	0.00029822	-0.00100220
1.00982483	-0.21742189	-0.03018234	0.00273226	0.00163892	0.00194297
1.01131078	-0.21573818	-0.03188622	0.00180634	0.00074196	0.00160808
1.01395534	-0.21091839	-0.03708116	-0.00835195	0.00547013	-0.00277730
1.01669118	-0.21803678	-0.03310127	-0.00802377	0.00583267	-0.00148728
1.01511122	-0.22438698	-0.03353714	0.00544984	0.00539077	-0.00286647
1.01300787	-0.22480506	-0.03612528	-0.00065734	0.01135773	-0.00498759
1.00947421	-0.22194147	-0.03019978	0.00925022	0.00452583	-0.00160033
1.00969531	-0.21870120	-0.03517266	0.00664071	0.00456495	-0.00125381
1.01397557	-0.21714164	-0.02915329	0.00368312	0.00497567	-0.00229110
1.01359959	-0.21798906	-0.02409442	0.00836238	-0.00371476	0.00187645
1.01211266	-0.22124281	-0.03255733	0.00134366	-0.00046669	-0.00166757
1.00905282	-0.21558902	-0.04608940	0.00930289	0.00760435	0.00493510
1.00754285	-0.21601886	-0.04988465	0.01336985	-0.00140624	0.00030621
1.00823100	-0.21806327	-0.04402145	0.00678584	0.00887210	-0.00163997
1.01037769	-0.21415563	-0.03537591	0.01275135	0.01433072	-0.00686244
1.01446507	-0.21623810	-0.03362023	0.01129472	0.00121976	-0.00043182
1.01230441	-0.21803195	-0.02548383	0.02458829	0.00618725	-0.00141689
1.00965772	-0.21729169	-0.03442029	0.02631738	-0.00313807	0.00175348
1.00854348	-0.21669943	-0.02889446	0.01197465	-0.00223237	0.00050611
1.01113636	-0.21350076	-0.03483915	0.00924750	-0.00294701	0.00150172
1.01386979	-0.21212640	-0.03037695	-0.00520839	-0.00097572	0.01334894
1.01165162	-0.20711954	-0.02834007	-0.01193111	-0.00053531	0.00215748
1.01166109	-0.21290733	-0.04169866	-0.01285328	-0.00372750	0.00279980
1.01051903	-0.21430733	-0.03783179	-0.01761645	0.00945077	0.00555138
1.01100503	-0.21121541	-0.03390381	-0.02016549	-0.00572723	0.01241045
1.01065053	-0.21525960	-0.03140316	-0.02529016	-0.00001527	0.01383002
1.01246459	-0.21469967	-0.03130068	-0.02820446	-0.01741199	0.01756569
1.01384500	-0.21447235	-0.03022131	-0.02153518	-0.00633622	0.00047441
1.01541477	-0.22203242	-0.03154984	-0.00895530	0.00354561	-0.00573872
1.01320604	-0.22175997	-0.03688189	-0.02639817	0.01222416	-0.00516764
1.01303331	-0.22300897	-0.03552693	-0.01816642	0.00428017	-0.00701876
1.00699706	-0.22163522	-0.03397518	-0.00518877	0.00453013	-0.00789938
1.00677305	-0.21830791	-0.03079002	-0.01025778	0.00296483	-0.00468102
1.00930129	-0.21858077	-0.02909497	-0.00277590	0.00571849	-0.00102270
1.01281781	-0.21770102	-0.02650748	0.00132459	-0.00437709	0.00492180
1.01180259	-0.21946720	-0.02544844	-0.00022909	-0.01397672	0.00373636
1.00980907	-0.21715582	-0.02723930	-0.00545300	-0.01458395	0.00584271
1.00952804	-0.21827179	-0.03580659	0.00149878	-0.00929913	0.00060887
1.00639156	-0.21623321	-0.03876835	-0.01317767	0.01044789	0.00398405
1.00843696	-0.21556625	-0.03486418	-0.00321542	-0.00116334	0.00252094
1.01099361	-0.21181362	-0.02854137	-0.00730462	-0.00481614	0.00037294
1.00971069	-0.21379985	-0.03095641	-0.01022741	-0.00465039	0.00366418
1.01453493	-0.21574586	-0.02805343	-0.02206468	0.01020206	0.01049019
1.01025041	-0.22149861	-0.02662174	-0.00170953	-0.00578864	0.00926792
1.00971725	-0.22235229	-0.03844176	0.00770849	-0.01191766	0.00693357
1.01126394	-0.22561116	-0.05540711	0.00333211	-0.00728115	0.00022621
1.01254934	-0.22185344	-0.04127259	0.00541509	0.00956445	-0.00062513
1.00953865	-0.22247524	-0.02750884	0.00989097	0.00287562	-0.00619475
1.00659795	-0.22048611	-0.03626261	0.00841280	0.01849398	-0.00442485
1.00863138	-0.22287364	-0.02748704	0.02092151	0.02317402	-0.00365233
1.00599731	-0.21947680	-0.02162646	0.01531270	0.00230301	-0.00713634
1.00407935	-0.22094926	-0.02084421	0.03467158	0.01697894	-0.00781099
1.00804884	-0.21810133	-0.02761071	0.02264449	0.00711409	-0.00892127
1.01105569	-0.21620061	-0.03132122	0.02856906	-0.00577327	-0.00201784
1.01375353	-0.21699132	-0.03605985	0.01509335	0.00479789	-0.00119541
1.01053762	-0.21498743	-0.03533670	0.00789039	-0.00154039	0.00653337
1.00790616	-0.20809720	-0.03930917	0.00754702	-0.01615431	0.00808742
1.00931081	-0.21111224	-0.04331292	-0.00145548	0.01101233	0.00615671
1.01189273	-0.21148856	-0.03747957	-0.00859760	0.01093505	0.00932401
1.01221717	-0.21160480	-0.04200671	0.01264091	0.00586434	0.00750223
1.01472500	-0.21454250	-0.03748534	0.00077104	0.00770375	0.00312782
1.00956625	-0.21379088	-0.03662253	0.01490810	0.00127547	0.00139116
1.01186994	-0.20982006	-0.03661110	0.01294232	-0.01543124	-0.00034396
1.01429419	-0.21042643	-0.03486256	0.01443528	-0.01500745	-0.00258430
1.01082688	-0.21096059	-0.03733375	0.01566607	-0.00486939	0.00669567
1.00743381	-0.21414355	-0.03248200	0.02769621	-0.01410269	0.00290849
1.00934442	-0.21816777	-0.03587580	0.01592220	-0.00794479	-0.00146299
1.00750710	-0.21417290	-0.03348193	0.01454342	-0.01222738	-0.00493635
1.01105704	-0.21048379	-0.03849999	0.01650161	-0.02108751	-0.00312308
1.01024518	-0.20981675	-0.04380383	-0.00462531	-0.02534181	-0.00164110
1.01038258	-0.20778350	-0.03126212	-0.00930121	-0.01815692	-0.00260213
1.01268508	-0.20990779	-0.03767506	-0.00174107	-0.01843779	-0.00358268
1.00868379	-0.21025468	-0.03910355	-0.01337141	-0.01694972	-0.00740478
1.00827367	-0.21138877	-0.04566010	0.00551674	-0.02656639	-0.00193413
1.00756988	-0.21221965	-0.04029001	-0.01199989	-0.01710401	-0.00253749
1.01075285	-0.21512206	-0.04188176	-0.01401535	-0.03681182	-0.00310770
1.01028381	-0.21718797	-0.04385023	-0.01100196	-0.02549045	0.00074603
1.00737270	-0.21676939	-0.03869439	-0.00324304	-0.02139692	0.00235404
1.01239793	-0.21662537	-0.03827877	0.01703342	-0.02893635	0.00567166
1.00837688	-0.21922235	-0.04334317	0.00087016	-0.02751558	0.01370002
1.00880767	-0.21793467	-0.04028881	-0.00093131	-0.04207172	0.01106605
1.01027875	-0.21551576	-0.04619032	0.01523575	-0.03418352	0.00609411
1.01054638	-0.21752992	-0.04517950	0.03049378	-0.03188657	0.00888829
1.00982028	-0.21774652	-0.04347181	0.02931263	-0.04249098	0.00520969
1.01422819	-0.21767823	-0.04779375	0.03035018	-0.02409769	0.00734132
1.01134956	-0.21860613	-0.05075818	0.04351220	-0.03250616	0.00610390
1.01254498	-0.22062334	-0.04012106	0.03450251	-0.04114954	0.00480458
1.01130346	-0.21538063	-0.04038764	0.02849639	-0.03132728	-0.00044762
1.01093538	-0.21628220	-0.04022803	0.02432404	-0.03914434	0.00428839
1.01255088	-0.21649149	-0.03917668	0.02953539	-0.02833647	-0.00498745
1.01391573	-0.21702959	-0.04004557	0.03134725	-0.03062717	0.00424526
1.01260755	-0.21908957	-0.04321805	0.02318959	-0.03854183	0.00231398
