1.02499633	-0.20975111	-0.05383816	-0.19612578	0.06169955	-0.08146396
1.00610313	-0.21219446	-0.04146237	-0.17182668	0.10895507	-0.07412441
1.00474305	-0.22514605	-0.03700000	-0.20900178	0.08921870	-0.09007051
1.01458142	-0.18884991	-0.04141129	-0.23858398	0.10827147	-0.09038832
1.00183065	-0.19404326	-0.04016044	-0.38185917	0.12922605	-0.05477608
1.01872227	-0.21467662	-0.03131548	-0.28373619	0.05735623	-0.08734649
1.01310280	-0.20820232	-0.04811521	-0.19568077	0.08141202	-0.05541409
1.01748107	-0.21471359	-0.04749474	-0.15467552	0.09961520	-0.04077413
1.01763151	-0.20650374	-0.05367199	-0.12380711	0.10029386	-0.06694801
1.02059903	-0.21647490	-0.05175784	-0.09234149	0.10996126	-0.06767754
1.01140122	-0.21649780	-0.03559508	-0.05376295	0.08153215	-0.07879827
1.01143565	-0.20535609	-0.02526181	-0.14156395	0.10197874	-0.05019332
1.00774138	-0.19874042	-0.03454677	-0.08120688	0.11880142	-0.09606449
1.01139286	-0.20352968	-0.03333258	-0.09873309	0.15124505	-0.08408617
1.00841890	-0.19275860	-0.01684106	-0.17710583	0.14847495	-0.11833996
1.00440184	-0.20893353	-0.00942621	-0.17750988	0.15316723	-0.13747381
1.00601034	-0.21176736	-0.01940306	-0.23081416	0.12404614	-0.13398896
1.00076327	-0.23757709	-0.03353616	-0.15910911	0.15590503	-0.11734575
0.99932627	-0.25805759	-0.03608544	-0.23921735	0.11285879	-0.12882012
0.98879353	-0.28917491	-0.03254682	-0.33602230	0.12258996	-0.12835415
0.97780712	-0.34213278	-0.02892851	-0.16011878	0.08435809	-0.10827062
0.98595025	-0.35496328	-0.02750042	0.03350557	0.06598484	-0.11497631
0.99164255	-0.34784837	-0.05741588	0.11173666	0.07375770	-0.07447619
1.00106196	-0.30665692	-0.04183982	0.22627702	0.11621661	-0.04804167
1.01162734	-0.29526418	-0.05227244	0.29500676	0.14378109	-0.02713951
1.00528818	-0.25114573	-0.07210098	0.27373334	0.14485143	-0.05921774
0.99724409	-0.24433803	-0.05789578	0.21867131	0.11660498	-0.05020672
1.00579596	-0.19700366	-0.07288613	0.12502840	0.10980886	-0.07343149
1.01159001	-0.21991518	-0.08756230	-0.06243531	0.13382561	-0.10548360
1.01698218	-0.20357041	-0.07571037	-0.07816582	0.13750325	-0.08611377
1.01752518	-0.18818025	-0.09127054	-0.17715220	0.14390701	-0.09037542
1.00219972	-0.22155469	-0.07945025	-0.15373588	0.16046962	-0.12320598
0.99413505	-0.24016154	-0.06089650	-0.22215293	0.16541628	-0.11732848
0.99848807	-0.25681521	-0.08053686	0.01182563	0.14126275	-0.15168815
1.00496802	-0.28251620	-0.06710266	-0.15504444	0.11268388	-0.14373959
1.00807196	-0.26931361	-0.05855857	0.05219314	0.15051118	-0.11936212
0.98881792	-0.28728694	-0.05824177	-0.07752175	0.08695487	-0.11137736
0.98002781	-0.30026687	-0.03966132	-0.07136704	0.09147248	-0.10969154
0.97988071	-0.33129987	-0.03428010	-0.03474189	0.06772442	-0.13068070
0.99148568	-0.36612042	-0.02927561	0.05582930	0.03017198	-0.12179220
0.99737720	-0.33041333	-0.04206450	0.27095217	-0.01196657	-0.14253121
1.00664538	-0.30949594	-0.03739716	0.37409279	0.02381342	-0.13409042
0.99147163	-0.27957885	-0.04752007	0.29866903	0.04916021	-0.13029596
0.99958330	-0.29641321	-0.05348510	0.30124937	0.03568921	-0.12470570
0.99500197	-0.25388685	-0.04150968	0.28030802	0.06428901	-0.13298787
0.99803185	-0.30072667	-0.04536559	0.34554938	0.08935900	-0.14020878
1.00920170	-0.27030762	-0.03221860	0.27732946	0.10780823	-0.15335493
1.00686090	-0.25783384	-0.03213349	0.32335907	0.06614672	-0.13375827
1.00332971	-0.25230971	-0.03658768	0.23191152	0.05608561	-0.10897890
1.00610948	-0.23590163	-0.05078876	0.20749734	0.10058145	-0.13418224
1.00517924	-0.25635969	-0.05480546	0.17894828	0.13165167	-0.11284416
1.00048550	-0.23428274	-0.04600191	0.08673646	0.10898138	-0.10241042
1.01211299	-0.22493978	-0.03944759	0.12291274	0.08554600	-0.08263997
1.00849973	-0.23871250	-0.04870441	0.14157891	0.10585744	-0.11443098
1.00901975	-0.23540523	-0.03772085	0.05372879	0.13049670	-0.11801084
1.00777823	-0.25998675	-0.02778085	0.01336824	0.12519284	-0.11504009
0.99773904	-0.23980314	-0.03731648	-0.05232870	0.07238982	-0.10472730
1.00489941	-0.23560461	-0.04079466	0.05208417	0.09655033	-0.14217638
1.00942774	-0.24088565	-0.03298334	-0.11317742	0.11969116	-0.13348757
1.00538103	-0.21996750	-0.03407027	-0.02598106	0.14439884	-0.13948472
1.00229892	-0.23314085	-0.03477822	-0.10377071	0.13722948	-0.15244037
1.00167115	-0.26007834	-0.02780410	0.01795813	0.13525199	-0.15643979
1.00402483	-0.24551730	-0.01480775	-0.05071579	0.13185810	-0.14849617
1.00459288	-0.26397591	-0.03319227	0.05350414	0.14278327	-0.14449543
0.99247070	-0.26510935	-0.01932550	0.01736794	0.12678033	-0.12546627
0.99959651	-0.26469513	-0.02714084	-0.00776437	0.09863655	-0.14549079
0.99585349	-0.26252588	-0.01517313	-0.00445098	0.10390540	-0.10939088
0.99658320	-0.26223982	-0.02587830	-0.05571222	0.09240281	-0.12734534
0.99030308	-0.27249917	-0.01726535	0.01861418	0.05084105	-0.10475615
1.00388684	-0.25139824	-0.02154946	-0.07894938	0.04287487	-0.12324229
1.01041186	-0.26332175	-0.03379041	0.08727556	0.04390365	-0.09546024
1.00755808	-0.23980088	-0.04232211	0.18731372	0.06781458	-0.10294311
1.01044681	-0.24448489	-0.02361923	0.09805258	0.11892618	-0.11336067
1.01161471	-0.24385068	-0.01712722	0.06233179	0.08150887	-0.12763729
1.01501859	-0.22438606	-0.02453689	0.10915940	0.06651033	-0.09456529
1.01128358	-0.25196862	-0.01971766	0.10342735	0.06280096	-0.09221801
1.00566794	-0.24749436	-0.02344998	0.04393210	0.07105808	-0.08812205
1.00153658	-0.23576965	-0.02701305	-0.06600544	0.05907794	-0.10669527
1.00343349	-0.24298493	-0.00926101	-0.04454907	0.06490416	-0.08985021
1.00825404	-0.23361884	0.00141340	-0.06406184	0.04492044	-0.09435056
1.01183816	-0.23645406	-0.01841752	-0.05111543	0.06147520	-0.08791240
1.00298460	-0.22004496	-0.01530631	-0.06224392	0.05385794	-0.08360634
1.00026989	-0.23983803	-0.01282573	0.05558409	0.04486429	-0.06665750
0.99973509	-0.25232218	-0.01218963	-0.07209670	0.03961376	-0.09223328
1.00277116	-0.23915395	-0.01116416	-0.03521551	0.05188570	-0.07881324
1.00234910	-0.22727342	0.00486835	0.01852164	0.04432114	-0.07794412
1.00900947	-0.23321960	-0.01039857	0.00190692	0.06527817	-0.05365194
1.00814030	-0.25968689	-0.01929454	0.03699089	0.04483407	-0.06755437
1.00799740	-0.23863078	-0.00292299	0.00024912	0.04129365	-0.05987535
1.00792805	-0.21780104	-0.02344657	0.06351073	0.09218127	-0.07038544
1.00235126	-0.21158260	-0.00610661	-0.00791070	0.05424364	-0.07406254
0.99971121	-0.23324632	-0.00559612	0.02577864	0.11081107	-0.05741148
1.00577556	-0.22084237	0.00736862	0.05446055	0.09181349	-0.05867312
1.00802850	-0.22775419	-0.00579845	-0.06024826	0.10736277	-0.07217018
1.00811748	-0.24453634	-0.03238114	0.05571218	0.09652228	-0.05384516
1.00666333	-0.21798003	-0.02567752	-0.02098824	0.09197421	-0.07536987
1.00399557	-0.23632680	-0.01092450	0.06264157	0.04131378	-0.07961219
1.00098052	-0.26817055	-0.02257689	0.00292224	0.10557092	-0.07635537
1.00498261	-0.23248791	-0.03213823	0.07085591	0.08669999	-0.06976072
1.00405964	-0.24880647	-0.03268136	-0.01181510	0.06621663	-0.06540046
1.00695472	-0.22468513	-0.02521786	-0.04283480	0.07001237	-0.04897665
1.00774526	-0.23772928	-0.02576968	0.06580000	0.07664368	-0.06481636
1.00459233	-0.24198038	-0.04267573	0.05598527	0.04963290	-0.05979792
1.00089503	-0.22237350	-0.03616449	0.06996449	0.04126002	-0.04420838
1.01259871	-0.25780206	-0.03163367	-0.08595802	0.04891827	-0.06263667
1.00502199	-0.28935225	-0.02818227	-0.07958484	0.07454716	-0.08034084
1.01135093	-0.20306551	-0.02071220	-0.03443849	0.05938527	-0.05395394
1.00550452	-0.23629453	-0.02352273	-0.07144348	0.06946047	-0.06773930
1.00698372	-0.24950828	-0.02309234	-0.11774530	0.03596384	-0.07808084
1.00687165	-0.24620522	-0.02644894	-0.10556479	0.05034207	-0.06374255
1.00680244	-0.24539171	-0.01587068	-0.03725464	0.03929565	-0.04638980
1.00885515	-0.23582517	-0.00346364	-0.08709913	0.04982031	-0.07073677
1.00952133	-0.24919150	-0.01986499	-0.17645005	0.03539005	-0.08612608
1.00584394	-0.23729971	-0.03353166	-0.05126192	0.02169609	-0.04973276
1.00121430	-0.25502881	-0.04169667	-0.07731209	0.06283182	-0.05887956
1.00954375	-0.26459650	-0.01970533	0.05410761	0.04623523	-0.04298498
1.00823962	-0.26849991	-0.03230289	-0.04780588	0.02649552	-0.06594048
1.00684941	-0.24274642	-0.03983236	0.06793161	0.03174738	-0.07183697
0.99954477	-0.27343025	-0.02079781	-0.02502126	0.02255721	-0.03612576
1.00732635	-0.25205201	-0.00481645	-0.05750932	0.03892251	-0.04924792
1.00206219	-0.24377597	-0.02273396	-0.10964139	0.00517490	-0.03877710
1.01010596	-0.21662210	-0.01387000	-0.06989060	0.04043960	-0.03345377
1.01132088	-0.21975591	-0.03301355	-0.01418018	0.02943378	-0.05679661
0.99871544	-0.24666537	-0.02517632	-0.02894867	0.06556963	-0.04572648
1.00091135	-0.24140934	-0.02409702	-0.13038554	0.03954446	-0.03736613
1.00165220	-0.24078408	-0.02751545	0.08956008	0.01701531	-0.02042937
1.00834064	-0.23545173	-0.03616795	-0.06560015	0.04645464	-0.02544182
1.00496413	-0.22458665	-0.03905241	-0.01158550	0.00232432	-0.02416164
