1.01483937	0.07507836	0.13913921	-0.04355271	0.25859806	-0.11474518
0.99565682	0.07946921	0.15442365	-0.09221738	0.26262089	-0.09418153
0.99363938	0.08230179	0.15900798	-0.10063662	0.25410009	-0.04719092
0.99557039	0.05667659	0.13845008	-0.05670546	0.10718856	-0.03761508
0.99974878	0.05560723	0.16538573	-0.04943128	-0.02278094	-0.06340238
0.99837852	0.04545819	0.15273927	-0.08006289	0.00514185	0.00610002
1.01094873	0.05808349	0.13809328	-0.03188252	-0.02978663	-0.05270436
1.01034092	0.05594787	0.13494921	-0.01511878	-0.02062726	-0.02227617
1.01019971	0.05496557	0.13138996	-0.02537305	-0.13947966	-0.00850024
1.00517240	0.07854601	0.11781615	-0.05735176	0.04212951	-0.00966612
1.00754779	0.08141359	0.12332425	-0.01098111	-0.06514923	-0.01324152
1.00983038	0.06306435	0.10572640	0.01764873	-0.11124399	-0.01350212
1.00620724	0.07767467	0.11642525	0.00165670	-0.05562102	-0.05273833
1.02077964	0.07232399	0.10173031	0.00596092	-0.12753198	-0.01357387
1.01831233	0.06564863	0.09319849	0.02754053	-0.12790226	-0.02145243
1.01996357	0.07369273	0.10373640	0.04390415	-0.02327455	-0.00401277
1.02691912	0.07219685	0.10782494	0.06844363	-0.09286970	-0.04848471
1.02214665	0.08114078	0.10292011	0.03176932	-0.08288747	-0.03271659
1.01936997	0.08701183	0.10252218	0.06333096	0.02976198	-0.02377754
1.02108153	0.08607261	0.10696068	0.07225999	-0.09889179	0.00917276
1.01868142	0.10112410	0.11378469	0.06886778	0.00499321	0.00929137
1.02114429	0.07879383	0.11747066	0.06089994	0.00789952	0.00042896
1.02273475	0.08155977	0.10324422	0.06537865	-0.08279163	0.03315686
1.01126195	0.08312836	0.09685949	0.02916878	-0.03477596	0.01888338
1.00668155	0.07873064	0.10307703	0.04012198	0.00339754	0.02711577
1.01209241	0.08622512	0.08471016	0.01126109	-0.14659562	0.00497595
1.01245340	0.09447100	0.10162952	0.03340076	-0.12736474	0.01360494
1.01402743	0.08984833	0.09398516	0.01241932	-0.08691798	0.01991951
1.01963330	0.08848797	0.09059409	0.03619862	-0.15558283	0.02866179
1.01867098	0.08725598	0.08494534	0.05093067	-0.05934476	0.01746844
1.01616468	0.08220106	0.06772405	0.02257683	-0.13386429	0.02108353
1.01176441	0.07953275	0.09235854	0.04636323	-0.12527675	0.01828079
1.02750216	0.07820620	0.08524881	-0.00929071	-0.19150960	0.00641611
1.01687942	0.06778185	0.08037778	0.02920150	-0.10671062	0.00565863
1.01281766	0.05933590	0.05452370	-0.02268030	-0.12357524	-0.02334321
1.01215373	0.07682361	0.07775938	0.00147149	-0.06823750	-0.02572775
1.01816459	0.07680574	0.06544411	-0.02435545	-0.03830691	-0.02222711
1.04095435	0.06380265	0.04903408	0.00048624	0.00467279	-0.07754146
1.02460325	0.06186233	0.06086342	0.02281387	0.03971846	-0.07990404
1.02130293	0.07417334	0.06653032	0.02104124	0.11413150	-0.06352265
1.02378447	0.07709784	0.06807758	-0.00037585	0.01330538	-0.08411617
1.01919173	0.08722105	0.07376090	0.05267951	0.04802045	-0.07023449
1.01722580	0.08925803	0.06520942	0.01765240	-0.06795496	-0.07061841
1.02345154	0.07542905	0.08551222	0.01292102	-0.00430494	-0.07566828
1.00932400	0.08552945	0.07500553	-0.03215631	0.08195145	-0.05896022
1.01376817	0.10015012	0.07855803	0.00256652	0.05011799	-0.04753532
1.01852713	0.09133066	0.06394649	0.00042556	-0.00216628	0.01901304
1.02387995	0.09191782	0.07518350	-0.02484402	0.03077462	-0.05533049
1.02823301	0.08878889	0.06632973	-0.00253140	0.12849811	-0.02859205
1.01280962	0.08774643	0.08886249	0.01546237	0.03141089	-0.04852026
1.02068326	0.09307605	0.09138334	-0.01098175	0.11504340	-0.03559122
1.01168935	0.09499509	0.10467531	0.02774958	0.07929378	-0.05002253
1.01145433	0.09465825	0.10031247	0.04375017	0.10569778	-0.00202633
1.01654367	0.10123658	0.06485439	0.01562872	0.04170451	0.01062467
1.02015310	0.10836371	0.06864127	0.01090365	0.01509240	-0.02531696
1.01911662	0.10389411	0.08836026	-0.01517175	0.03863046	0.03706138
1.02183340	0.09977170	0.09048131	0.02171864	-0.02946019	-0.00564674
1.00906864	0.11036753	0.07504615	-0.01201401	0.02295433	0.01804871
1.00926730	0.09907704	0.08211071	0.01833030	-0.08852927	0.02903597
1.00704518	0.07972374	0.09323002	-0.04414553	-0.06344327	0.02636522
1.01600639	0.09966409	0.09310880	-0.02893707	0.02736687	0.03020934
1.00585148	0.08997572	0.07916499	-0.02210295	-0.04558946	0.06354920
1.02202449	0.09530247	0.08341145	0.01766569	-0.05723433	0.01727497
1.02676929	0.09138758	0.07624102	-0.01444721	0.06397242	0.00882965
1.04058286	0.09347361	0.06453645	0.03021295	0.10544960	0.03885984
1.02752078	0.08690696	0.08269233	0.02633744	0.13661334	-0.01282326
1.00878113	0.09171417	0.07565245	0.03612742	0.08006700	0.03672784
1.02434183	0.09401970	0.06846801	0.02398743	0.04939905	0.04649488
1.01034299	0.10438257	0.10108364	0.02749759	-0.02419635	0.02188156
1.01054742	0.10273882	0.08953530	0.01748213	0.04671847	0.06458838
1.01048020	0.08230427	0.08193654	0.02119817	0.04821756	0.04046766
1.00846865	0.09324443	0.07646822	0.00578017	0.07025896	0.05044977
1.01267382	0.09422192	0.06166656	-0.01299974	0.01241631	0.06305409
1.01631237	0.08671051	0.07524917	-0.00546324	0.11209437	0.03203475
1.02211182	0.08411242	0.06507727	0.02054107	0.14637030	0.04680273
1.02038967	0.07772988	0.06987718	-0.01124897	0.08426278	0.03685368
1.02237987	0.08567314	0.06802295	-0.00607782	0.09997559	0.04911083
1.01164527	0.06867896	0.05887156	-0.02082057	0.03260061	0.04932774
1.01080198	0.08425324	0.06388584	-0.02421101	0.06650030	0.03135143
1.01678763	0.07990731	0.06969227	0.03289284	0.02271829	0.01660438
1.02272469	0.08284095	0.08740919	0.02386940	0.10196919	0.03455928
1.01508590	0.07992496	0.09159951	0.01317119	0.02957226	0.02940954
1.01538288	0.07882400	0.08943293	0.03307210	0.01944285	0.02272678
1.01933484	0.07575094	0.08053002	0.03152958	0.01116442	0.00351467
1.03153812	0.07935546	0.06524016	-0.00601700	-0.06580964	0.01572660
1.02154443	0.07936806	0.07271973	-0.00091364	-0.03714716	0.01009096
1.02230865	0.07952133	0.07824847	-0.01110123	0.00854082	-0.00626185
1.01639074	0.08733466	0.08798690	-0.00690820	-0.00023100	-0.00155205
1.01993851	0.07985820	0.07699339	0.00511569	-0.02068568	0.02708591
1.02418049	0.08247318	0.07220408	-0.00336826	0.02503513	-0.00486439
1.02420178	0.08874350	0.07513831	-0.00956312	0.01877292	0.03758758
1.02108448	0.07489461	0.06417641	0.00325257	0.02241529	-0.00114862
1.02271019	0.07004503	0.06877642	-0.01302826	-0.02179283	0.01009829
1.02193585	0.07341146	0.07392444	0.03305320	0.06250773	0.00399008
1.02329533	0.06549353	0.06823900	0.02232365	0.09582636	-0.00857011
1.01521780	0.06562814	0.06375424	-0.00595772	0.08484211	-0.02385566
1.02595432	0.06580531	0.06688400	-0.00538314	0.12454851	-0.00861119
1.02103832	0.07254535	0.06977834	-0.01103013	0.04507137	-0.01896670
1.02509927	0.07580393	0.09172716	0.01590029	0.08786353	0.00006202
1.02503142	0.07996643	0.06498200	0.00918916	0.03590430	-0.00196214
1.02118529	0.07465917	0.07739124	0.02619714	0.06906013	-0.00840193
1.01596472	0.07676088	0.08427119	0.00266460	0.06299783	-0.03734797
1.02230653	0.07195726	0.08371375	0.01362200	0.09282500	0.01029190
1.01761483	0.08635968	0.08815116	0.03204653	0.09938825	-0.01910239
1.01513030	0.08931502	0.07462505	0.00908740	0.11785631	-0.00217590
1.01058472	0.08885124	0.09138515	-0.00025106	0.05425696	-0.02458025
1.01334057	0.08623814	0.09943026	0.02607052	-0.00471409	-0.00442461
1.01304394	0.07377298	0.09467345	-0.00544999	0.04496299	-0.02688462
1.01995801	0.06977118	0.08937687	0.01515216	0.05873131	-0.00784615
1.02324903	0.08401742	0.10920765	0.00582555	0.00689059	0.03252390
1.03048740	0.07844797	0.09690351	0.00114239	0.08233152	0.00272320
1.01681108	0.08686803	0.10583355	0.00679088	0.15675261	-0.04889675
1.02314991	0.07693830	0.09327955	-0.01119672	0.07324652	-0.02633421
1.01814160	0.07221669	0.09020740	0.00851863	0.06310435	0.01965228
1.01890219	0.09130327	0.09043764	-0.01422115	0.09143371	0.02096199
1.01806243	0.09741714	0.11271802	0.00563829	0.10055614	-0.00033470
1.02379218	0.09831481	0.09772554	0.01712613	0.03002617	-0.03770043
1.01935051	0.08283539	0.09403277	0.01200238	-0.00376593	-0.01254041
1.01531955	0.07846141	0.09512120	0.00004649	0.00998013	-0.00106721
1.02031835	0.08506108	0.08507271	0.01248710	0.03364889	0.00849783
1.01687666	0.08064456	0.09668731	0.02906787	0.10052961	0.01286017
1.01558324	0.08603270	0.07390656	0.01320157	0.08018016	-0.00769482
1.01048550	0.08405364	0.12485003	0.02069266	0.09882893	0.00125603
1.01797929	0.08460957	0.10234416	0.02301020	0.09291439	0.00722337
1.02150877	0.08514407	0.09736410	0.00463781	0.12773315	-0.03927078
1.01391667	0.08456427	0.11161939	-0.00072276	0.04828657	-0.00317221
1.01678174	0.08042346	0.11811429	0.05258576	0.08307081	-0.03085556
1.01083465	0.07975803	0.11101511	-0.02645414	-0.00159386	0.00999051
