0.11563364	0.75951378	0.66421799	0.10311021	-0.06632395	0.13793005
0.10419920	0.76524152	0.65091463	0.08441781	-0.04866574	0.12625465
0.10489172	0.75023824	0.65774986	0.08964533	-0.08899746	0.13560029
0.11173206	0.76235317	0.65378026	0.08649172	-0.12990252	0.10920821
0.10810082	0.75258650	0.65394230	0.08212164	-0.12234469	0.09688340
0.10786975	0.75740059	0.65473350	0.07818816	-0.11046488	0.11461612
0.11472213	0.75734357	0.65022494	0.05974701	-0.06617574	0.09469137
0.11923617	0.76336599	0.65568877	0.04244611	-0.07808145	0.10479099
0.11852357	0.76624226	0.66141968	0.03745210	-0.10548535	0.09828828
0.12163830	0.76326105	0.66181931	0.05421377	-0.10051658	0.10094972
0.11807652	0.77166143	0.66454963	0.07083653	-0.05923792	0.07784611
0.12237720	0.76346083	0.66034418	0.04726821	-0.09009444	0.08440309
0.11098871	0.75033517	0.66097625	0.03465149	-0.08930497	0.08745291
0.10566932	0.74189035	0.65960169	0.06750007	-0.02757089	0.09550426
0.10593263	0.75018236	0.66786007	0.04715763	-0.06570515	0.10859710
0.11026345	0.74288207	0.66571789	0.06368757	-0.08586123	0.08569162
0.10984555	0.75733495	0.66524233	0.04050980	-0.06381467	0.09402645
0.11226941	0.75381839	0.66527827	0.05737459	-0.09524131	0.07844743
0.11188732	0.74149028	0.67069689	0.07471270	-0.08798133	0.09555477
0.11160885	0.74631143	0.66527945	0.07047526	-0.09112301	0.09410763
0.10291079	0.73841228	0.65956112	0.04219528	-0.08992150	0.08678442
0.09744999	0.74021887	0.66128644	0.06631834	-0.09937215	0.10414042
0.09625651	0.73987179	0.65534131	0.05535397	-0.10014643	0.08197164
0.10698605	0.75005105	0.65255604	0.08535386	-0.06326667	0.08235783
0.09085317	0.74695531	0.65762829	0.07529439	-0.09021601	0.10652030
0.09426679	0.75713847	0.65911201	0.07171257	-0.09251606	0.11262015
0.09820282	0.75051689	0.65781459	0.10087505	-0.10059737	0.07449951
0.10365672	0.75202556	0.66603650	0.06390384	-0.09246304	0.09163758
0.10420579	0.76402746	0.66274642	0.09081097	-0.09194172	0.08355762
0.10832137	0.75529534	0.67507551	0.08944995	-0.10121026	0.10179337
0.10440733	0.75058855	0.66855922	0.06724350	-0.11158667	0.08146420
0.10857054	0.75194218	0.66291351	0.06056769	-0.07494910	0.08474077
0.11194984	0.75037210	0.66189051	0.05274899	-0.04905633	0.08965563
0.10779794	0.74335229	0.67068440	0.02687777	-0.08164297	0.09120436
0.10826676	0.75883040	0.67816811	0.05066346	-0.06787164	0.10137054
0.11128022	0.75497428	0.66996646	0.02861871	-0.07326987	0.05799084
0.10253311	0.75705631	0.67353949	0.04436215	-0.07393982	0.09255067
0.10286584	0.75306705	0.66473854	0.03624639	-0.09061183	0.06103066
0.10807837	0.74972115	0.65828825	0.04235177	-0.07650842	0.04860819
0.09476177	0.75725982	0.66734999	0.05011683	-0.05831221	0.04630170
0.10114472	0.75101514	0.65778224	0.01481371	-0.08660227	0.07129990
0.10236681	0.75504995	0.67775499	0.02092091	-0.06247968	0.08537837
0.10618593	0.74967705	0.66828571	0.01008294	-0.08980272	0.08209231
0.10684345	0.73901176	0.66918333	0.01406111	-0.05225068	0.05962135
0.10883024	0.75109150	0.67179131	0.03373292	-0.06699575	0.06276827
0.10807743	0.75192877	0.66587743	0.04771987	-0.06563465	0.06670355
0.10146633	0.73853558	0.66298358	0.05363567	-0.06276595	0.07314671
0.09506331	0.74639563	0.66436866	0.05114501	-0.06079659	0.08404511
0.09688490	0.75821037	0.66263561	0.03511839	-0.05156958	0.04836801
0.10341297	0.75933456	0.66157704	0.04172327	-0.07440814	0.06055675
0.10491809	0.75542118	0.67208367	0.03747747	-0.05571034	0.08283715
0.10898231	0.74997513	0.66226806	0.03690872	-0.04782524	0.07087848
0.10805427	0.74992591	0.66767867	0.03388562	-0.04709960	0.07174755
0.10917454	0.75282203	0.67031112	0.01742665	-0.05532337	0.04343371
0.10340561	0.74846080	0.66607552	0.04307987	-0.07833996	0.07329452
0.10172409	0.75911572	0.66498267	0.04195032	-0.09162276	0.03363529
0.09270923	0.74912565	0.66526743	0.01508235	-0.06159363	0.02162512
0.09565351	0.75662878	0.66223920	0.01376381	-0.03946382	0.04242852
0.10065182	0.75818221	0.66055677	0.02105002	-0.06046125	0.05879413
0.09621576	0.75479307	0.66524731	0.03519083	-0.03358168	0.06670344
0.09112403	0.75565994	0.67742510	0.03320176	-0.04807244	0.05698196
0.09881550	0.75229579	0.68375702	0.01652214	-0.05937210	0.02514681
0.09992994	0.75492048	0.67091467	0.02301296	-0.07872883	0.08506545
0.09738231	0.74877035	0.67087315	0.04915605	-0.07116417	0.06121593
0.10601053	0.74929870	0.67329688	0.03305234	-0.04799520	0.04034394
0.09948269	0.75068694	0.67222915	0.03903307	-0.05623606	0.03846788
0.10130939	0.75444946	0.67689484	0.03693558	-0.02887408	0.03290582
0.10199455	0.75474990	0.67694347	0.01061307	-0.06673018	0.03978043
0.10341244	0.74793614	0.66271191	0.00914854	-0.00467449	0.02783955
0.09908666	0.75832063	0.66825105	0.04268360	-0.03181276	0.02781078
0.10015519	0.75014506	0.67704848	0.00555752	-0.02271950	0.02479173
0.10519300	0.75628004	0.68283401	0.02535975	-0.02581441	0.01884407
0.09791980	0.75024684	0.66993907	0.02581426	-0.04576587	0.02162225
0.09618210	0.75119950	0.67515797	0.02253181	-0.05986076	0.03341226
0.09041865	0.74637925	0.65998217	0.01622171	-0.03858131	0.04455185
0.09122028	0.75043930	0.65763379	0.01524164	-0.04640647	0.06361883
0.09031578	0.74986948	0.66239374	0.01939800	-0.03433170	0.04533342
0.10459358	0.76026352	0.65939731	-0.00538749	-0.06909023	0.02434702
0.10285303	0.75374753	0.66051700	-0.01775753	-0.04770187	0.04859983
0.10706577	0.76263706	0.67781340	0.01053380	-0.02061369	0.02519609
0.10143576	0.75815969	0.66849262	0.02909252	-0.05367007	0.02911182
0.10336560	0.75743272	0.67443093	0.02261861	-0.06528289	0.02946138
0.10271926	0.75079480	0.66189428	0.02579012	-0.02846723	-0.00261155
0.10444077	0.74495524	0.65782291	0.00736782	-0.03345902	0.01336526
0.10774911	0.75691599	0.67279950	0.02222680	-0.03170510	0.05890841
0.09892570	0.75403260	0.67772467	0.00522219	-0.05496519	0.02429284
0.10175599	0.74308394	0.66470651	-0.00755352	-0.03990743	0.03949921
0.10001201	0.75346796	0.66396176	-0.00411083	-0.03893098	0.03021797
0.09722153	0.75222372	0.66237722	-0.01657247	-0.02720455	0.00822771
0.10336371	0.74732088	0.65911435	0.00897876	-0.03595499	0.01883996
0.11094354	0.74905674	0.65988213	0.00304881	-0.04786034	0.00657292
0.10764392	0.75474052	0.66056650	0.01008908	-0.05144330	0.02688354
0.11520721	0.74451292	0.66852249	-0.01340174	-0.06591734	0.03066597
0.10008146	0.74977292	0.66068806	0.00463140	-0.05609280	0.00487398
0.09451849	0.76147922	0.67779674	0.00126023	-0.03250351	0.00647856
0.08520122	0.76450682	0.68820925	0.00771331	-0.03275567	0.02755062
0.09296095	0.76889087	0.67886428	-0.02673539	-0.03279544	0.01419980
0.09538838	0.75816706	0.67261054	-0.00304300	-0.04373076	0.01521267
0.09591795	0.74893915	0.67275793	-0.01823258	-0.01607607	0.06223312
0.09789989	0.74314708	0.66913003	0.02283898	-0.01646989	-0.00894222
0.09302243	0.74317038	0.66619066	-0.02016239	-0.02590633	0.06167146
0.09620651	0.75560836	0.67342629	0.00919155	-0.03749754	0.05982385
0.09636144	0.75591813	0.67494115	0.01779516	-0.05190572	0.04834571
0.10169245	0.76802316	0.67483328	-0.01570474	-0.04422008	0.06843701
0.10453277	0.76648810	0.68103766	-0.00887152	-0.03791675	0.06898493
0.12049196	0.75586118	0.66382662	-0.03748910	-0.01304037	0.06662648
0.12645731	0.74464906	0.67002739	-0.05727634	0.03211307	0.06230332
0.10962608	0.72502060	0.66991101	-0.04544241	0.04152766	0.02702165
0.11513636	0.73410474	0.66367353	-0.02948467	0.01936634	0.01976320
0.09307762	0.73386171	0.67630160	-0.01705630	0.00898547	0.01931159
0.08731727	0.72622959	0.68268757	0.01376063	-0.01774363	0.03373810
0.09088202	0.72861741	0.70023916	0.02699086	-0.03184231	0.03352490
0.09556104	0.73163347	0.69299256	0.04669036	-0.05762526	0.02729088
0.09922242	0.72512721	0.69448064	0.05687198	-0.03009048	0.02352387
0.09688329	0.72959460	0.69706290	0.11239277	-0.07436128	-0.02745352
0.10713278	0.73386177	0.67990529	0.08129122	-0.04812431	-0.02445778
0.10559107	0.75385106	0.67300211	0.08486122	-0.05541552	-0.00061857
0.10679940	0.75532339	0.67082459	0.07779943	-0.07605073	0.01266340
0.09680375	0.76235699	0.66039892	0.07479825	-0.05419170	0.01048496
0.10044202	0.75810557	0.66576293	0.07283863	-0.05279928	-0.01102068
0.09844371	0.76286714	0.66277534	0.06338062	-0.06432420	-0.00595871
0.10069922	0.76319829	0.66087193	0.04325450	-0.03162336	-0.00089747
0.11017234	0.76515364	0.64845749	0.04615182	-0.06062793	0.00826864
0.10769330	0.76186129	0.63096610	0.05660333	-0.05688215	-0.00795349
0.10830982	0.76538857	0.65362235	0.03214933	-0.05901227	0.00508686
0.10215583	0.76503257	0.65910433	0.02597919	-0.05701636	0.00514630
0.10295246	0.76412783	0.64981390	0.01283395	-0.04318195	0.00518870
0.10610510	0.76623231	0.64850393	-0.01878625	-0.00656485	-0.00807889
