1.24040525	-0.60887693	-0.42167179	-0.06941162	0.24177890	0.26219297
1.95733889	-0.80648737	-0.27536175	0.52204445	0.12137648	-0.27525190
1.72832519	-0.51612482	-0.13079974	0.04389257	0.08468138	-0.36886365
1.49403828	-0.44754175	0.03147180	0.17592886	0.17155209	-0.81506337
1.80553867	-0.20610512	0.05062810	0.29007654	-0.67822859	-0.41086532
1.18399797	-0.12192822	-0.10393891	0.36453814	-0.52751619	-0.02720643
1.44572151	-0.21497998	0.01870771	0.67224290	-0.75354755	-0.26887675
0.88464004	-0.34990501	-0.04726689	0.93250685	-0.53218882	-0.06154508
0.48864357	-0.38953611	-0.02668708	0.97217890	-0.63118199	0.17649983
0.78038731	-0.24196084	-0.06546484	0.66414836	-1.11010506	0.21905770
0.68976876	0.10209711	-0.14601292	1.24453485	-0.94506928	0.43711123
0.36265382	-0.00457636	0.02480702	0.69369328	-0.70463955	0.75607952
0.24333273	-0.28315165	-0.10119046	-0.10251714	-0.86001576	0.57892407
0.61359825	-0.06977733	-0.00294100	0.78473046	-0.23810706	0.61716189
0.71570780	0.05575850	0.03509507	0.76027658	-0.05398871	0.32945628
0.74120479	-0.10366544	-0.02670852	0.35626580	0.25342485	-0.05221960
0.69915890	0.16256862	0.10996941	0.88309470	0.55805981	0.11960173
0.73148795	0.10080566	-0.03397327	-0.00767962	0.44230930	-0.06126306
0.89615372	0.04898845	-0.08074507	0.04545978	0.73564414	-0.15138577
0.52287625	-0.02141158	-0.12573840	-0.78680795	0.20333553	-0.09664488
0.62217437	-0.38749264	-0.17277557	-0.54184940	-0.25623905	-0.02495980
1.33169077	-0.55007254	-0.32259989	-0.22891048	-0.56981917	0.01904630
1.12928979	-0.73400110	-0.32887324	-0.66416866	-0.26416978	-0.21675980
1.66029607	-0.78833750	-0.15410958	0.13432148	-0.09423514	-0.55420042
1.64516139	-0.54110398	-0.14831418	0.73083831	-0.41292363	-0.38035363
1.86140958	-0.64249604	-0.13201722	0.93128527	-0.11964912	-0.39099144
1.89140730	-0.39529932	-0.07316025	0.35100204	0.08167334	-0.51753225
1.83028150	-0.29706878	-0.03250739	0.09686895	-0.11968631	0.01966049
1.41968134	-0.26906896	0.03916589	0.96958548	0.05082112	0.51498810
0.83370168	-0.07625763	0.05878903	0.65623209	0.25264121	0.46592080
0.94799876	-0.10382275	0.11400036	-0.16535861	0.23307401	0.22561528
0.85376520	-0.19549181	0.06263781	-0.86217974	-0.21628413	0.49100094
0.83825626	-0.16105381	0.10675172	-0.27124113	-0.27234397	0.33419332
0.67644397	-0.16170509	0.13285481	-0.79094858	-0.70827879	0.45954158
0.74270077	-0.02474181	-0.02346924	0.72623803	-0.43323635	0.40713752
0.56679108	-0.31868222	-0.02613417	-0.26275628	-0.11120674	0.35239596
0.60626309	-0.15892647	-0.09699517	-0.04647765	-0.24957616	0.10157167
0.39015708	-0.15910441	-0.03775324	0.00842906	0.06676710	-0.28325305
0.52360049	-0.27744659	-0.06532493	0.50319408	0.18430464	-0.15818751
0.39716382	-0.43591149	0.00800930	0.67364797	-0.43808227	-0.50438963
0.55443444	-0.32818715	-0.04381226	0.36876522	-0.38934715	-0.22617447
0.73799594	-0.30287082	0.02598432	1.13991235	-0.71185473	-0.73323300
0.85595676	-0.43081515	-0.00303672	1.91829944	-0.53567838	-0.48327908
1.02469379	-0.43167819	-0.08097216	1.45457379	-0.20930128	-0.04210982
0.61990556	-0.45410605	-0.39525323	2.11512806	-0.31892879	0.72892840
1.40655635	-0.18121802	-0.23808997	1.55273699	0.32720906	0.62804627
1.32380082	-0.22899199	-0.31420581	1.47444829	0.27493343	0.34457727
1.42332861	-0.41196634	-0.22849928	0.49486809	0.58342993	0.08926189
1.48589148	-0.42343375	-0.03275092	0.67676817	-0.07109223	-0.28220792
1.67682835	-0.28697312	-0.12532142	1.07485469	0.11921916	-0.18360135
1.47157271	0.13178336	0.04354001	1.02889791	0.06729193	-0.46270080
1.52773783	0.26024466	0.02568576	0.38509156	-0.21907342	0.08784292
1.11558128	-0.07586194	-0.10095872	-0.33240600	-0.64116188	-0.44564217
0.99951551	-0.39958266	-0.00081261	0.21289150	-0.78568855	0.24410565
0.53472744	-0.36255943	0.05540838	1.28244443	-0.75287278	0.19715858
1.00992879	-0.39901403	-0.11439838	1.18687114	-0.92298195	0.13881260
1.21641277	-0.23778629	-0.02880303	1.38743167	-0.67194000	-0.10890189
0.67539717	-0.33943930	-0.20523477	1.88595258	-0.23693553	-0.11692480
0.95622452	0.04912977	-0.07931188	1.15890172	-0.12462686	-0.48161332
0.91628950	0.06009116	-0.11139689	0.76415471	-0.21816335	-0.27838012
0.94163389	0.23860284	-0.11085158	0.59072990	-0.11748272	0.04874067
0.58489605	0.09475812	0.02418842	0.40688297	0.52124600	0.22829523
0.75714982	0.11073718	0.12996203	0.79854919	0.21317673	0.27375458
0.81857307	0.06728260	0.08136168	-0.92993199	0.17594721	0.16312596
0.86142946	0.03555886	-0.11882530	-0.00525746	0.08873577	-0.10311087
0.52155507	-0.29347264	-0.25176318	-1.08344911	-0.24061954	0.18773826
0.72833799	-0.40575287	-0.26039123	-0.71476447	-0.31924770	-0.29388447
1.13771956	-0.46735837	-0.15788223	-1.17023175	0.07254765	-0.23744154
1.40908127	-0.65524527	0.01945997	-0.78259679	0.17429689	-0.63871423
1.34442740	-0.38962981	-0.07176163	-0.07074925	-0.02253593	-0.66680189
1.37357994	-0.60795092	-0.08900398	-0.08968467	-0.21367314	-0.00925321
1.70012085	-0.67490034	-0.10165706	0.27916662	-0.07259157	-0.19911343
1.88896726	-0.62055216	0.02280608	0.26616996	-0.14312994	0.20666774
1.35887504	-0.53068418	-0.05730586	1.02467502	0.24043863	0.09898473
1.49945649	-0.31431768	0.04075098	0.75387706	0.50600600	0.39093396
0.83296267	-0.10126910	0.14580085	0.05561021	0.07850076	0.42483884
0.85965352	-0.12295055	0.04983329	0.27020162	-0.10741449	0.42202324
0.42400916	0.03595690	0.05739661	-0.25463960	0.03857491	0.60320261
0.67664626	-0.06076336	0.18275521	0.01061245	-0.35457808	0.53272244
0.34641104	0.01806036	0.14219163	-0.54259891	-0.27808368	0.39738418
0.40470302	0.01641413	-0.08487514	-0.34670510	0.16441796	0.35654416
0.62425401	-0.02564139	0.09217954	-0.85423884	-0.00649650	-0.15535427
0.41030504	-0.17720236	0.04385013	-0.26086080	0.08276067	-0.23986835
0.46994433	-0.20124967	-0.01223937	0.16294022	-0.04448571	-0.09745134
0.31449868	-0.18920432	-0.03689283	0.65634909	-0.38662303	-0.13124137
0.20035471	-0.58758025	0.00477811	1.02605629	-0.23714718	-0.37154561
0.56713143	-0.58535501	0.00509300	1.66048569	-0.35940850	-0.29687408
0.68639802	-0.41462898	-0.03594128	2.04057873	-0.28887043	-0.35160611
0.80497747	-0.55624987	-0.22438521	2.19808225	-0.15176939	0.16264448
0.87991314	-0.47364928	-0.37321031	1.75385718	-0.00680073	0.43623318
1.01018824	-0.26535915	-0.23908011	1.27380512	0.32778376	-0.07557874
1.54140923	-0.05516054	-0.15927592	-0.10077057	-0.10102795	0.09358121
1.37332450	0.08614473	-0.07974216	0.51561555	-0.01902051	-0.02227959
1.45707310	-0.37818544	-0.03548545	0.59693410	0.30853263	0.40871641
1.58013063	-0.38832245	0.01447816	1.02290450	-0.04248745	-0.11168912
1.56884328	-0.12978708	0.05584716	0.17966748	0.06996255	-0.38939022
1.20522342	-0.23683286	-0.00281505	-0.13649253	-0.09393070	-0.15485154
1.37292403	-0.17542668	0.09003024	0.54395233	-0.60311333	0.18825223
0.95110557	0.04805178	-0.03948353	0.35410639	-0.86533368	-0.08751314
0.85217772	-0.06779782	-0.01132085	0.78986687	-0.59189370	0.25758046
0.85214902	-0.03988300	-0.08590979	1.09849703	-0.85770605	0.53093146
0.70669875	-0.17333070	-0.25100002	1.21158693	-0.56260506	0.34875719
0.49075216	-0.13790599	-0.22101511	0.29477716	-0.97204005	0.22768859
0.38796467	-0.04891851	0.02706492	0.81844311	-0.07485475	0.44556735
0.48459185	0.09886323	0.06239594	1.16664804	0.04202880	0.27131791
0.71091908	0.13249944	-0.01811956	0.61319946	0.48508018	-0.04763103
0.47541990	0.03256026	0.01972815	0.32723496	-0.07460475	0.17973133
0.80499326	-0.19383264	-0.08843065	0.20922420	0.11592814	0.27701536
0.92283078	0.11106839	-0.17897727	0.48715242	0.16174665	0.25047091
0.63730272	-0.11761244	-0.25176462	-0.37661767	-0.22481107	0.19529017
0.68912062	-0.42852562	-0.42133157	-0.78035022	-0.40773138	-0.15631696
0.98673127	-0.74392179	-0.12946146	-0.77082650	-0.57857021	-0.28741980
1.48743683	-0.73002893	-0.03661616	-0.50465455	0.04980598	-0.48144653
1.80190043	-0.55285422	0.00655122	1.23456941	0.06375027	-0.52794697
1.54853856	-0.31539049	-0.07653882	0.35666743	-0.02873805	-0.50324583
1.92710303	-0.49023547	-0.03188464	-1.07004686	-0.43866035	-0.47045342
1.94990162	-0.45277323	-0.04559326	0.57934652	-0.26484083	-0.07393374
2.07600984	-0.44266718	-0.01438538	1.01788408	0.47980482	0.11394955
1.14406253	-0.55937733	0.00679735	0.82381610	0.38786868	0.11680188
1.24629415	-0.25243662	0.08629439	0.90453274	-0.01790811	0.12945882
0.73932744	-0.06259232	0.00500546	0.58923800	0.28062144	0.10896863
0.78081081	-0.11461407	0.03885039	-0.29334374	-0.13000589	0.35933205
0.79884720	0.04604936	0.10930169	0.14811902	-0.10951960	0.37725383
0.71511772	-0.05346004	0.14915630	0.20820015	0.00099451	0.20235203
0.80569765	-0.18025474	0.09535785	0.11066744	0.14687730	0.14524746
0.46269552	-0.14827879	0.08847159	0.18140139	0.41847950	0.00315980
0.53717551	-0.28386119	-0.02932243	-0.17481040	0.37529741	0.13017597
0.16975116	-0.40734177	-0.05495810	0.91807343	0.00155938	0.25920866
