0.83452276	-0.25965176	-0.02988402	-0.14757052	0.46449414	0.14388095
1.06566364	-0.14000755	-0.08667640	0.10006304	0.69272822	0.23936093
0.89931650	-0.22541503	-0.09370196	0.35068507	0.83919877	-0.13903150
0.88732808	-0.11164923	-0.04202473	-0.09229888	0.35686533	-0.04062744
0.98162324	-0.41100319	0.01784256	0.29455343	0.55587351	0.22345162
1.04299347	-0.22926500	0.05626302	0.05454414	0.24319558	0.02777289
0.96761546	-0.30477633	-0.10112879	0.16270555	-0.05264816	-0.14109737
0.92740434	-0.15245919	0.17873348	0.66240939	-0.01299472	0.06526772
0.86590936	-0.25153657	0.12859588	0.42530416	0.15435025	0.15991930
0.77744818	-0.33807906	-0.04618782	0.33308539	0.15169798	-0.21509868
0.83878005	-0.38673401	0.07212021	0.14269503	-0.06668796	-0.16927241
1.03989002	-0.35539929	0.13734507	0.54852281	-0.23087286	-0.04113680
0.84265686	-0.34364881	0.23481178	0.54453682	-0.34974612	-0.34042077
0.97303807	-0.24348587	0.11872695	0.39816750	-0.34136717	-0.01125232
1.02190091	-0.01995466	-0.00346487	0.71948111	-0.18098838	-0.10221763
0.96865441	-0.04857350	0.08328302	0.88363114	-0.66926342	-0.02309514
1.41163312	-0.15174027	0.15924208	0.96918127	-0.35923035	-0.28950001
1.09636101	0.13550995	-0.02684085	0.33860150	-0.59426672	0.06638345
1.38106627	0.17577056	-0.07371642	0.10573074	-0.35529838	0.33307651
1.06511991	-0.03036103	-0.12851446	-0.35452919	-0.45459193	0.24454478
1.30599733	-0.44149456	-0.05350441	0.12201937	-0.40858641	0.65786396
1.33865047	-0.66202806	-0.05280734	0.65500140	-0.64627692	0.27220083
1.33596278	-0.50036223	-0.21133043	0.76375567	-0.57140880	0.25815822
1.48646584	-0.78385759	-0.20823013	0.74604848	-0.41303019	0.54912134
1.11797945	-0.40897146	-0.01477369	0.71149228	-0.50052883	0.24509037
0.77299523	-0.67534955	-0.18540105	0.20751694	-0.77403715	0.02467885
0.95852055	-0.74633804	-0.22397135	1.02921778	-1.00422659	-0.21179484
1.27877678	-0.84203737	-0.44150754	1.11824830	-0.37685265	-0.07677293
1.25455383	-0.59353438	-0.33022566	0.66059160	-0.02040141	-0.39768250
1.00875802	-0.45151135	-0.16426952	0.65994014	-0.42309842	-0.48850783
0.95824088	-0.48313545	-0.27713296	1.13409868	-0.44143581	-0.85149139
0.90672049	-0.45473195	-0.13000604	1.47491733	-0.30817290	-0.78740055
0.99775404	-0.50727459	-0.22973173	1.73089453	-0.46893738	-0.71114859
0.85812569	-0.31517629	-0.08205530	1.62055960	-0.58802337	-0.99652489
0.79469960	-0.03381677	-0.14421130	1.77675142	-0.99780219	-0.89970897
0.43541055	-0.26560287	-0.20050760	1.80059412	-0.69754272	-0.67133235
0.55805448	0.01837650	-0.21409730	1.37970423	-0.90785089	-0.69837942
0.54103101	-0.22686267	-0.10951644	0.48985210	-0.65026942	-0.76771483
0.85667692	-0.28612250	-0.15960465	0.98389400	-0.76039222	-0.92786173
0.68500514	-0.33714507	-0.30716956	0.98439170	-0.48512727	-1.15479010
0.69623589	-0.34721816	-0.21044424	1.24978087	-0.86113597	-1.03731483
0.75266650	-0.06241486	-0.30356827	1.26946826	-0.44959278	-1.12529181
0.67176068	-0.15018421	-0.26914987	1.41981154	-0.20394286	-0.88535639
0.66792989	0.03403252	-0.22834633	1.52981481	-0.29921805	-0.41929934
1.27551934	0.13642355	-0.06038897	1.34588982	-0.12109517	-0.25453188
1.16477025	0.20278317	-0.11908356	0.72684867	-0.50953489	-0.30155367
1.22393619	0.18047397	-0.17088698	0.83446717	-0.38198179	-0.12579584
1.06312930	0.26462727	-0.14498847	0.42545267	-0.54190574	0.08677535
1.22271246	-0.07664137	-0.09681653	0.99376448	-0.72848768	0.05615514
1.49891570	-0.15842773	-0.24794475	0.97990383	-0.18611603	0.54212758
1.72706865	-0.66444337	-0.57532855	0.91310969	-0.29421164	0.35425215
1.83522870	-0.55457722	-0.51793718	0.43003672	-0.09873757	0.30235818
1.50563152	-0.80633923	-0.36316204	1.08899094	-0.18994546	0.25409858
1.20793794	-0.66057115	-0.31381628	0.62861700	-0.24615543	-0.00156172
1.06658551	-0.50019922	-0.30805675	1.15870100	-0.20895732	0.47622282
1.26162808	-0.45445287	-0.27955336	0.87536068	0.40737719	0.07267009
1.10636916	-0.40533836	-0.15861755	0.69881574	0.65318052	0.50606783
1.20055870	-0.29904175	-0.11140225	0.36050824	0.20557479	0.81621522
0.80062692	-0.37593080	-0.05545670	0.65376854	-0.01715801	0.65898768
0.93813200	-0.35452268	-0.09994918	0.92632698	-0.49723099	0.67398952
0.45489599	-0.38789312	-0.04450079	0.85383378	0.22825950	0.47654542
0.37883712	-0.56982947	-0.10842307	0.99608252	-0.13048061	0.80999888
0.41248025	-0.20071805	-0.03249376	0.79934933	-0.09707461	0.66219480
0.41765290	-0.34414006	-0.20980538	1.21720686	-0.11106167	0.36071119
0.70373509	-0.16500012	-0.10375229	0.80356596	-0.03507412	0.05975885
0.62595075	-0.15277409	-0.10676355	0.65927239	0.05470685	0.27558062
0.60025691	-0.27950674	-0.02331831	0.39018294	-0.02097878	0.04745613
0.58794212	-0.34384376	0.05010241	0.45273623	0.01603353	0.05590623
0.75760595	-0.30995941	0.22791069	0.46274353	0.06307559	-0.22995192
1.03679641	-0.36473750	0.17650668	0.65446301	0.03559232	-0.40493721
1.00274083	-0.18207514	0.07924699	0.74256877	0.29894372	-0.60285131
1.20086181	-0.11578402	0.28264226	0.23398563	-0.09897058	-0.17819774
1.12274100	-0.39149729	0.28731731	-0.02016458	-0.11871276	-0.02968264
1.09318256	-0.28210253	0.13499756	0.10848188	-0.42197404	-0.41682002
1.20045838	-0.65453808	-0.29574893	0.52352249	-0.87896733	-0.30300793
1.60826707	-0.75559814	-0.43671511	1.02034825	-0.78529402	-0.40944736
1.52493813	-0.71410298	-0.28055849	1.34658427	-0.28142334	-0.68275848
1.22668448	-0.66431252	-0.15972525	1.00961271	0.04823471	-0.59225036
0.82473930	-0.60905656	-0.48363295	0.79841645	-0.57837440	-0.52198061
1.14835901	-0.60088259	-0.24197726	0.85202909	-1.32752979	-0.12463335
1.23002757	-0.39917558	-0.32749339	1.08590540	-0.52967895	-0.17945239
1.15376911	-0.64370202	-0.36229752	1.49425409	-0.24663726	-0.58654808
1.07834406	-0.33751099	-0.09441516	1.87915081	-0.49562831	-0.53598849
0.93894341	-0.23246760	-0.36756964	1.39908081	-0.61719813	-0.80902497
0.55338142	-0.42734447	-0.19863491	1.57255236	-0.76962093	-1.03829812
0.49033279	0.00002878	-0.22300714	1.45460305	-0.77829870	-0.85364025
0.52589903	0.02995787	-0.20603049	1.43031993	-0.89980878	-0.72971260
0.75256183	-0.09318945	-0.30745439	1.33662835	-0.85243434	-0.44223162
0.54759157	-0.27737132	-0.30253843	1.03552220	-0.83296529	-0.83089044
0.33828269	-0.15982961	-0.21134931	1.08921456	-0.22978879	-0.73416960
0.79086279	-0.04260588	-0.23273206	0.80956992	-0.43400371	-0.84503864
0.66405996	-0.04764110	-0.10579471	1.23175494	-0.60623835	-0.73601151
0.85460161	-0.24173417	-0.09041995	1.18918432	-0.50144478	-0.23084796
0.98300533	-0.14521874	-0.26753141	1.23272372	-0.78615851	-0.12895087
1.10031303	-0.05264440	-0.34099753	1.01745716	-1.03989865	-0.64553722
1.29984336	-0.02337895	-0.14316683	0.91022004	-0.36147441	-0.44320053
1.28073564	0.00998008	-0.22600660	0.66978403	-0.32832038	-0.11195728
1.22479857	-0.03584651	-0.01866767	0.44010828	-0.29843277	-0.01394708
1.40920043	0.07820420	-0.17016796	0.38583587	-0.11524848	0.10767077
1.50807492	-0.15157510	-0.23197954	0.35377813	0.12762650	0.49957589
1.48199536	-0.56579214	-0.41455613	0.63742528	0.14880976	0.03238149
1.62808429	-0.57954451	-0.49839958	0.18944398	0.60696273	0.02489992
1.49390201	-0.39122892	-0.42020108	0.17829514	0.48964325	0.08911356
1.38165278	-0.64057606	-0.49894720	0.09650384	0.49977973	0.00966930
0.88356493	-0.80610650	-0.44655907	0.84566935	-0.13263469	0.45432129
1.03039958	-0.52225316	-0.30612965	0.91140364	0.23989258	0.31285793
1.42647679	-0.80309859	-0.25724525	-0.04964820	0.71192694	0.56461015
1.08813380	-0.37592854	-0.16735103	0.11179379	0.41888715	0.78639057
1.08589462	-0.17896552	-0.06706253	0.56096130	0.13736019	0.70389420
0.98208851	-0.28082399	-0.21582721	0.59183832	0.25953775	0.83857084
0.85741105	-0.27805396	-0.09181486	0.25476887	0.35143643	0.86944871
0.35764199	-0.26086301	0.03095887	0.62338219	0.12703735	0.46966174
0.28510829	-0.34090273	-0.12714512	0.97198196	0.04257733	0.69558292
0.76644971	-0.32676512	-0.11562886	0.58175760	0.04344351	0.59764752
0.62438834	-0.40649407	-0.14153079	0.94814138	0.16984642	0.34102678
0.27511018	-0.42433376	0.01948876	0.45799221	0.22739816	-0.08696506
0.53611531	-0.35180724	0.05420818	0.60488656	-0.15233155	0.29690332
0.44296242	-0.20138619	0.03502213	0.55457077	-0.38479669	0.02660860
0.55045914	-0.35913225	0.09850922	0.62943335	-0.29357172	0.21740831
0.63716046	-0.29665581	0.12525309	0.19460128	-0.04700002	-0.17558415
0.78120400	-0.42297152	0.19405482	0.56294125	0.02432429	-0.17941100
1.12808753	-0.26375739	0.16906946	0.50209448	-0.04807212	-0.22754227
1.03855693	-0.58182380	0.03584779	0.23052195	-0.28508488	-0.36334441
1.20973283	-0.66877003	0.04497383	0.57579806	-0.69239057	-0.19447462
1.39661430	-0.84910668	-0.22893401	0.55230083	-1.15710955	-0.32317143
1.68099587	-0.89045848	-0.20292540	0.95276049	-0.70491784	-0.24487884
1.41713477	-0.76288579	-0.29258296	0.45257771	-0.29448793	-0.83701674
1.13504689	-0.55114726	-0.20891081	0.69627360	-0.46755616	-0.49975393
