1.02277794	-0.00909802	-0.03033182	0.02081687	-0.05558228	0.00454544
1.02525595	-0.00422573	-0.02535454	-0.00213135	0.01757451	0.00842259
1.02670209	-0.00367310	-0.02930264	-0.03621450	-0.00654792	0.00064861
1.02364169	-0.00940946	-0.03304332	0.02256594	-0.01333475	-0.00673104
1.02631409	-0.02111267	-0.02730743	0.01646758	0.00565447	0.00607219
1.03175051	-0.01031874	-0.02665531	-0.00647321	-0.01662145	-0.00346842
1.02522381	-0.00209487	-0.03463934	-0.03424501	0.01376158	-0.00880797
1.02352726	-0.01030768	-0.02333974	-0.00411535	-0.00700540	-0.00684261
1.02617395	-0.01600920	-0.03116276	0.00733579	-0.01569294	-0.00409299
1.02937766	-0.01421812	-0.02379622	0.01692228	0.04444450	-0.00377316
1.02937609	-0.01627937	-0.01858917	0.01542846	-0.02804608	0.00894465
1.02605290	-0.01779577	-0.03677112	-0.00134044	0.02508183	-0.00549027
1.02729790	-0.02261297	-0.03793671	0.00027898	0.00433232	-0.01472175
1.02767028	-0.01309603	-0.00976280	-0.00521396	0.01327193	-0.01741832
1.04057352	-0.01309672	-0.03557159	-0.01239875	0.03441309	-0.01368597
1.02929462	-0.01209014	-0.02632876	0.02063697	0.03366167	0.01006851
1.02211748	-0.00891039	-0.02876866	0.00492657	-0.01087090	0.00334781
1.02330809	-0.00701662	-0.02129230	0.02142270	0.02868403	0.00395528
1.02667400	-0.00999004	-0.03332736	-0.03448468	0.02506680	-0.01134473
1.02582001	-0.01049122	-0.03006174	0.01931096	0.00906944	-0.01053163
1.02841529	-0.01540469	-0.03998587	0.02689142	0.01814057	-0.00296261
1.02365187	-0.01057477	-0.03571891	0.01380884	-0.00793145	-0.00660413
1.03077277	-0.01524679	-0.02110517	-0.01847452	0.01176488	-0.00765407
1.03235403	-0.01764577	-0.03333230	0.00360728	0.01692021	0.00198452
1.03274471	-0.00623481	-0.03411467	0.02433769	-0.00962741	-0.00807668
1.02786134	-0.02377165	-0.03593238	-0.03691920	-0.02970432	-0.00333766
1.02550728	-0.01725384	-0.02426902	0.00127968	0.00978930	-0.00609256
1.02774294	-0.01595193	-0.00949165	0.00746985	0.00280763	-0.00858406
1.02960876	-0.01794546	-0.02135650	-0.02617881	-0.01207693	-0.01019476
1.02717738	-0.01615497	-0.01707794	0.02075586	0.02805861	-0.01878609
1.02444621	-0.01446338	-0.01877718	0.05130701	0.01019860	-0.00902428
1.02881621	-0.01449049	-0.02684002	0.05085637	0.03806479	-0.01247189
1.02739366	-0.00864752	-0.02231388	0.01612203	-0.00735249	-0.00980202
1.02526894	-0.00681765	-0.02171383	0.00708851	-0.02124484	-0.00148239
1.01611517	-0.00859059	-0.00931822	0.02701154	-0.01867628	-0.00766984
1.02177008	-0.00339309	-0.04115448	0.02895871	0.02268191	0.00884014
1.02499444	-0.01636284	-0.03995342	0.00310570	0.04909704	-0.00152435
1.02631024	-0.01110367	-0.03750523	0.01022625	0.06913215	0.00067603
1.02640148	-0.00965968	-0.02503523	0.00968409	-0.01369132	-0.02020618
1.02295269	-0.00828195	-0.02929295	0.00816335	0.01768693	-0.00990365
1.01821636	-0.00939732	-0.03417263	0.00891266	0.03132793	0.00487167
1.02748156	-0.01218566	-0.03265415	-0.01174401	-0.01252079	0.00063448
1.03340310	-0.01826800	-0.02884034	-0.01747065	0.02047982	0.00602474
1.02997722	-0.01196800	-0.02595742	-0.02991887	0.05033333	-0.00255057
1.02614207	-0.02010128	-0.02130100	0.02940763	-0.00734438	-0.00265729
1.02803276	-0.01223986	-0.00437485	0.02547606	0.00474366	-0.00691474
1.03544560	-0.00391300	-0.02302613	-0.00554671	0.02093756	-0.00502971
1.02962372	-0.01303040	-0.02668860	-0.01529056	0.00227268	-0.00030351
1.02529245	-0.01099911	-0.01661791	-0.00485209	-0.01968603	0.00303232
1.03210986	-0.01135804	-0.02291123	-0.01236289	0.03080677	-0.00143692
1.03055244	-0.01361290	-0.01462460	0.02307446	0.01656735	-0.00338629
1.02757360	-0.00678945	-0.02561575	-0.02045039	0.00963939	-0.00538215
1.02918896	-0.00685969	-0.02957848	0.04309108	0.00784262	0.00031582
1.02564823	-0.01099309	-0.01443964	-0.01445072	0.00715812	-0.00036551
1.02058934	-0.01276004	-0.01784813	-0.02105046	-0.02690139	-0.01234187
1.02126546	-0.01272940	-0.02126944	0.02972417	-0.02526719	-0.00681867
1.02458178	-0.00989988	-0.02126395	0.01686710	0.00882139	-0.00551776
1.03215069	-0.00808886	-0.02301060	0.00703353	0.02128762	-0.00638847
1.02402179	-0.01520456	-0.00841449	0.02351003	-0.00094545	0.01178932
1.02287552	-0.00198058	-0.00823403	0.02527905	-0.01332307	0.01199477
1.02575803	0.00356938	-0.01269090	0.02272088	-0.04066300	0.00980777
1.02113562	0.00447717	-0.01601995	0.03802848	-0.02168736	0.00792394
1.02883163	-0.01303935	-0.01765847	-0.02326916	-0.06373831	0.02143212
1.03087272	-0.00540424	-0.02616534	-0.01520673	-0.03128498	0.00940046
1.03079831	-0.02055506	-0.02895631	-0.01696755	0.02693717	-0.01479036
1.03429617	-0.01494290	-0.03946089	-0.01428613	0.03320227	-0.02780682
1.03051068	-0.01319690	-0.03573605	-0.03632629	0.06637194	-0.03043912
1.02780891	-0.01966171	-0.03541354	0.01425479	0.07729188	-0.03223072
1.03362294	-0.01213078	-0.03169154	-0.04936838	0.10694371	-0.03737328
1.03022593	-0.02262221	-0.03332354	-0.03997020	0.07289238	-0.04819018
1.03233307	-0.02082853	-0.04206114	-0.09489420	0.10144468	-0.04330479
1.03418779	-0.02149653	-0.04171212	-0.04091478	0.12477334	-0.05379906
1.03285927	-0.03243819	-0.03637957	-0.07699543	0.09507584	-0.03420210
1.02137625	-0.02014221	-0.03399915	-0.13619867	0.07477602	-0.02290137
1.02205288	-0.01108364	-0.00262613	-0.11948533	0.04241568	-0.00717465
1.02096167	-0.01339540	-0.01143795	-0.11657022	-0.00056164	0.00806983
1.01816835	-0.01005474	-0.01368887	-0.11697811	-0.03942979	0.01460376
1.01988967	-0.01656473	-0.00618362	-0.10931807	-0.01515707	0.02579683
1.02051800	-0.01242165	-0.02265977	-0.06378958	-0.04883904	0.00691526
1.03823451	-0.01410359	-0.04378337	-0.03842607	-0.02848942	0.00448500
1.04385856	-0.03119841	-0.03800012	-0.00829050	0.03615814	-0.00008989
1.04173618	-0.01882338	-0.04991929	-0.03209627	0.07636243	-0.01794632
1.04057441	-0.01356121	-0.02763013	0.02676313	0.07201392	-0.02974373
1.03873984	-0.01228674	-0.01641199	0.01867588	0.04232033	-0.02863606
1.04503522	-0.00572895	-0.01174643	-0.02014962	0.13210018	-0.01703588
1.03829617	0.00268245	-0.00387694	0.04427998	0.14724984	-0.02706201
1.02661280	0.00731978	0.01154757	-0.02988046	0.12868305	-0.01915220
1.01581885	0.00985180	0.01146668	-0.01648632	0.12978086	-0.02627979
1.00335781	0.01409162	0.02038020	-0.02913564	0.04587676	-0.00626298
1.01205110	0.00580902	0.01328540	-0.03125525	-0.01627664	-0.00618282
1.01880747	-0.00740558	0.01346042	-0.00314941	-0.03912509	-0.00667206
1.01587221	0.00283076	0.00869787	-0.03747851	-0.01215971	-0.00204072
1.02373907	-0.01135009	-0.00492128	0.05549623	-0.04470543	-0.01287862
1.02666669	-0.01509582	-0.02738511	0.05287568	-0.01391602	-0.01418810
1.03655842	-0.01170347	-0.03418226	0.07656125	-0.01590868	-0.00255658
1.04285658	-0.00507417	-0.02606949	0.00348983	0.01886315	-0.00377142
1.03329985	-0.00093288	-0.02642038	-0.03036778	0.04539790	-0.02980734
1.02845049	0.00748466	-0.01753227	-0.01628028	0.08292771	-0.02919224
1.02522139	0.01981658	0.01078578	-0.08110983	0.06488502	-0.03261018
1.01982602	0.00456055	-0.00416064	-0.06780553	0.05147374	-0.03737210
1.02179819	0.00826298	-0.00799015	-0.10652006	0.05220915	-0.02417652
1.02594182	-0.00102188	-0.02499410	-0.10215541	-0.00409129	-0.02026066
1.02391116	-0.00342036	-0.00328307	-0.06154164	0.01775942	-0.02121333
1.03125672	0.00050407	-0.00144276	-0.10694753	0.05075378	-0.02688925
1.03100248	-0.00674681	0.00244934	-0.10614939	0.06469318	-0.02508473
1.02202025	-0.00271206	0.00258570	-0.02635148	-0.01231998	-0.01714412
1.02046068	-0.00344327	0.01369548	-0.06044732	-0.05471385	-0.00017726
1.01773339	-0.00114881	-0.01051532	-0.04536829	-0.06068478	0.00590741
1.02477272	0.00653079	-0.01587588	-0.01451804	-0.02630810	-0.00689888
1.02764422	-0.00746326	-0.01123269	-0.01362077	-0.02259340	0.00354753
1.03317315	-0.00588410	-0.00822857	-0.09199168	-0.00521242	0.00158073
1.02936007	0.00603147	-0.00933872	0.05956900	0.02612293	0.00779104
1.03286525	-0.00317046	-0.01342290	0.06631407	0.01234819	-0.00495186
1.03056978	0.00537460	-0.00228280	0.04776583	-0.02663526	-0.00431202
1.02560126	0.01164096	0.01061641	0.05503447	0.05025381	0.00167259
1.01763920	0.01333113	0.00377944	0.03574905	0.05205356	-0.01089815
1.01542147	0.01018048	0.01011758	0.01730036	0.02981956	-0.02232376
1.03082454	0.00995595	0.00341998	-0.01054349	0.03102252	-0.00791494
1.02898605	0.00811905	-0.00474547	-0.04040170	0.01445894	-0.01939287
1.02319921	0.00238568	-0.00707031	-0.08038423	0.03466869	-0.02377169
1.02751462	-0.00104817	0.00811586	-0.04481097	0.00026520	-0.01571931
1.01714947	-0.00482028	0.01248116	-0.00812806	0.05192401	-0.02091166
1.02193369	0.00472892	-0.00190343	-0.00096439	0.01678922	0.01338208
1.02344801	0.00138697	0.01610140	0.02763921	-0.03983446	-0.00727923
1.02280226	-0.01044182	-0.01195217	0.10296937	-0.07910745	0.00302404
1.03754157	-0.01467626	-0.01769505	0.08686946	-0.02049477	0.02575362
1.03171627	-0.00867824	-0.01850142	0.13006350	0.01698949	0.01699553
1.02333719	-0.00749846	-0.01238909	0.08742610	0.01343362	0.00146427
