1.01999019	0.06929931	-0.10829521	0.00932988	-0.01176784	0.00931182
1.01883684	0.06226481	-0.11791191	0.00447852	-0.00667022	0.00515683
1.01666898	0.06614213	-0.10599007	0.00352130	0.01107163	0.00524068
1.02014202	0.06141053	-0.11223174	0.01665717	-0.00579044	0.00793288
1.01930712	0.06012739	-0.11801276	0.00474585	-0.01624806	0.00150397
1.01612697	0.05956524	-0.11483585	0.00885527	-0.02472341	0.00551598
1.01513769	0.05840856	-0.10701678	0.00663201	-0.01525852	0.00198699
1.01874512	0.06486670	-0.10860231	0.01103677	0.00113456	0.01158953
1.02287869	0.07040769	-0.11802676	0.00431397	0.00432670	0.00348150
1.02015271	0.06893886	-0.11029186	0.00435794	0.00701633	0.00102097
1.01942330	0.06203640	-0.11770599	0.00424966	-0.01984093	0.01596656
1.01960169	0.06005379	-0.11484707	0.01158164	0.01887699	-0.00064560
1.01782103	0.06913613	-0.11179297	0.00576899	-0.00520096	0.01474466
1.01795684	0.06906679	-0.11862898	0.00869967	-0.00673225	0.00584663
1.01745828	0.06975107	-0.09987670	0.01817010	-0.00873135	-0.00030007
1.01425790	0.06580852	-0.10762519	0.00995383	0.00884142	-0.00170177
1.02084938	0.06118198	-0.10917465	0.00612540	0.03136904	0.00453555
1.02760919	0.06020888	-0.11116179	0.01197320	0.01853555	-0.01502106
1.02354224	0.05578743	-0.11771421	0.00604836	0.05619541	0.00073296
1.01858118	0.05963305	-0.10589641	0.00113169	0.01611310	0.00344681
1.02051042	0.05991111	-0.10253073	-0.00310049	-0.02222912	0.00756110
1.01890101	0.06064725	-0.10432196	-0.00558650	-0.01033151	0.00916093
1.01639821	0.06518721	-0.10339389	0.00237129	0.01393815	-0.00199502
1.01487381	0.06507651	-0.11497982	0.00236861	0.02647389	-0.00352165
1.00845563	0.07164585	-0.09236839	-0.00384853	-0.01295458	-0.00307708
1.01346034	0.07226377	-0.09940634	-0.00388389	0.01497342	-0.00401771
1.01897374	0.07063884	-0.10519168	0.00343583	-0.03015860	-0.00100496
1.01434088	0.07390751	-0.11472231	-0.00475059	0.00339579	0.00725154
1.01533901	0.06648500	-0.11228496	0.01218446	-0.00005511	0.00237427
1.02027223	0.06404123	-0.09990338	0.01558259	0.01062318	0.01087379
1.02075678	0.06328287	-0.09142362	0.00056122	-0.02832183	0.01001810
1.01845646	0.06434533	-0.11096444	0.00337434	-0.01108006	0.00976366
1.02169546	0.06571007	-0.10901557	-0.00408263	-0.03535566	0.00934604
1.02078172	0.06694731	-0.10817322	0.01651544	-0.05949996	0.01707790
1.01865525	0.06572807	-0.10001981	0.00735519	-0.03253309	0.00967904
1.01766861	0.06469601	-0.11060290	0.00658132	-0.00127405	0.01650980
1.02097925	0.06501764	-0.10661993	0.01040964	-0.01850437	0.00054088
1.01818800	0.06524254	-0.11729426	0.00848254	0.00388339	0.00721336
1.01815842	0.06393395	-0.10466789	0.00347402	-0.02013712	0.00513385
1.02038217	0.06803192	-0.09768204	0.00000189	-0.00887836	0.00771799
1.01695554	0.06443038	-0.10278066	-0.00620059	0.00536328	-0.00509913
1.01566473	0.06893923	-0.10771239	0.00744723	-0.02944150	-0.00245451
1.01923546	0.06886171	-0.10322721	-0.00521977	-0.02780017	-0.00409172
1.01716784	0.06628536	-0.10994888	0.00156007	-0.00058266	0.00296385
1.02330612	0.06822307	-0.10304151	0.00467197	-0.04561125	0.00418454
1.02057337	0.06244366	-0.11000854	0.00551923	-0.04341772	0.00509399
1.01658375	0.06170138	-0.12215542	0.00259338	-0.07494691	0.01659897
1.01984723	0.05810983	-0.11910517	-0.00405215	-0.03918593	0.02121172
1.01727764	0.06144503	-0.10698603	-0.00200617	-0.03726470	0.01211430
1.01846767	0.05685377	-0.11697613	-0.00202271	-0.03349521	0.00688537
1.02478943	0.05817238	-0.12281943	-0.00197230	0.02152776	0.00026577
1.02296820	0.06037960	-0.10156741	-0.00040924	-0.03647786	0.00137131
1.01720443	0.06200802	-0.10825449	-0.00352918	-0.05947099	0.00601679
1.01769168	0.06238015	-0.11252021	-0.00837979	-0.06402454	0.00879452
1.01457962	0.06469236	-0.12483964	-0.02516237	-0.05936434	0.00250305
1.01949218	0.06129431	-0.11757441	-0.02660045	-0.07590334	0.00505039
1.01844275	0.05916746	-0.11720876	-0.01431337	-0.05351518	0.00423182
1.02144712	0.05441127	-0.12466184	-0.00968294	0.00295873	-0.01483980
1.02639194	0.05542631	-0.11606702	-0.01276327	0.02784447	-0.00750761
1.02179930	0.06244689	-0.10663166	-0.01038256	0.01578635	-0.00802415
1.01919149	0.06698571	-0.10909276	-0.00613359	-0.05134378	-0.00311948
1.01851534	0.06345516	-0.11494985	-0.00612157	0.01626249	-0.00228781
1.02142517	0.05838500	-0.12626609	-0.00634212	-0.01381827	-0.00428168
1.01942276	0.06037080	-0.11215569	0.00262457	-0.02059913	-0.00003383
1.01246706	0.06239054	-0.11254220	0.00132593	-0.00058177	-0.00376252
1.01212088	0.07063014	-0.13522260	0.00350164	0.00890913	-0.00988521
1.01480654	0.06907437	-0.12398423	0.00174075	-0.02339940	-0.00604751
1.02314302	0.06944927	-0.10976925	-0.00045383	-0.03860703	0.00988762
1.01982308	0.06526218	-0.10614551	-0.00345268	-0.01434274	0.00753508
1.01445574	0.06658122	-0.11849119	0.00501491	-0.03917142	0.00676021
1.01121679	0.06341283	-0.10955324	0.00221314	-0.05071837	0.00860262
1.01288909	0.06742452	-0.12804957	-0.01237549	-0.04831358	0.01489670
1.01794638	0.06635275	-0.11642611	-0.01635952	-0.06114556	0.02680178
1.02115662	0.06317530	-0.10838978	-0.01407534	-0.07031374	0.02441380
1.01940756	0.06049121	-0.12470135	-0.00855494	-0.03360759	0.01899145
1.02008002	0.05636900	-0.13637579	-0.01235060	-0.05315279	0.02232299
1.01816330	0.05747971	-0.12227143	-0.01094902	-0.04407962	0.01776772
1.01154346	0.05525397	-0.13125149	-0.01449006	-0.01748315	0.00878005
1.01054907	0.05770535	-0.13827697	-0.00495842	-0.00273135	0.00320323
1.01263301	0.05861186	-0.14494234	0.00306298	0.01370070	0.00031686
1.01144943	0.05627026	-0.13445667	0.01003923	0.02620198	-0.00595821
1.01477924	0.05733677	-0.13038330	0.00551659	0.07051065	-0.01186215
1.01330344	0.06121419	-0.13557889	0.01436215	0.03818953	-0.01509048
1.01146623	0.05466396	-0.13168157	0.00888531	0.02218742	-0.00609185
1.01986450	0.06397792	-0.13429638	0.01174073	0.06669620	-0.01408434
1.02001819	0.06642513	-0.13707220	0.00013034	0.04171236	-0.01782992
1.02055097	0.06579007	-0.13240798	0.01571308	0.03357366	-0.01831906
1.02094327	0.06725535	-0.12058052	0.01859474	0.06784788	-0.03473410
1.01662561	0.06509763	-0.11431293	0.01219884	0.05322432	-0.02053339
1.01769721	0.06283888	-0.11468965	0.01414075	0.05548456	-0.02164335
1.01480597	0.06523787	-0.11559849	0.00735516	0.02678946	-0.01681048
1.01567011	0.06982252	-0.11376801	0.02145089	0.02318595	-0.00518117
1.01711352	0.06641908	-0.13002990	0.02080109	0.07111599	-0.00909344
1.01839089	0.06461434	-0.10844339	0.01371081	0.06045097	-0.02922396
1.01495321	0.06271083	-0.11978899	0.01597890	0.07716021	-0.01484026
1.01829834	0.05923881	-0.11246168	0.01826158	0.03180208	-0.01743036
1.01721848	0.06289128	-0.11983872	0.01574097	0.04689012	-0.02065488
1.02007097	0.06990099	-0.08964957	0.00781026	0.03399752	-0.01763595
1.01995429	0.06975007	-0.09797112	-0.01553495	0.02637261	-0.01450110
1.02064066	0.06793928	-0.12536016	-0.00629081	0.04575397	-0.01405498
1.01778845	0.06651364	-0.10923551	0.01154495	0.03047159	0.00230504
1.01691028	0.06993884	-0.11421833	0.00247857	0.05731327	-0.00851789
1.01640920	0.07081064	-0.10874781	0.01068225	0.05336110	-0.00787560
1.01330287	0.06757619	-0.12084749	0.01057088	0.02876115	-0.00282087
1.01778540	0.06306576	-0.12926496	0.01247572	0.01210410	-0.00979846
1.01558317	0.06780600	-0.11296336	0.01876473	0.03034126	-0.01028981
1.01683909	0.06715769	-0.11591744	0.01413087	0.05751786	-0.00852781
1.01902924	0.06190584	-0.11544167	0.01188837	0.05097337	-0.01250417
1.02286157	0.06383239	-0.11359548	0.01686149	0.06447636	-0.02032958
1.01817890	0.06480587	-0.11723638	0.01484942	0.07089276	-0.00705931
1.02112411	0.06805362	-0.10529855	0.00118209	0.07782673	-0.00765499
1.01635996	0.06954938	-0.10984380	0.00340704	0.08359001	0.00367933
1.01753263	0.06734755	-0.09530280	0.00466925	0.06424855	-0.01610118
1.01561042	0.07371782	-0.09441785	0.00499596	0.03771082	-0.01340499
1.01578040	0.07040343	-0.09203176	0.01467390	0.05130680	-0.01715661
1.01488809	0.07389619	-0.07947474	0.00026448	0.04696767	-0.00452885
1.01689896	0.07173393	-0.09778587	-0.00380394	0.03100546	0.00540676
1.01387877	0.07067773	-0.08482541	-0.00041297	0.05068874	0.00385095
1.01690653	0.07434800	-0.08503780	0.00482647	0.04327294	0.00561947
1.02042731	0.06844220	-0.09375261	0.00026808	-0.00053018	-0.00406959
1.01912750	0.06878147	-0.09849903	0.00998403	0.00792311	-0.00056245
1.02132005	0.07241749	-0.11176017	0.00295647	0.04588684	-0.00551750
1.02185585	0.07049517	-0.10479191	0.00325868	0.04109784	0.00202706
1.01955710	0.07473245	-0.10288508	0.00434633	0.02647806	-0.01020079
1.01772400	0.07202438	-0.09894569	-0.00936885	0.00985408	0.00396554
1.01931414	0.06760240	-0.09239042	-0.00181854	0.03326202	0.00755551
1.01839831	0.06562868	-0.09255421	0.00654806	-0.00707799	-0.00328656
1.01760501	0.06967099	-0.08404840	0.00844656	0.02341785	-0.01134086
