0.06117131	0.48486199	0.88385014	0.00641148	-0.05386263	0.00399729
0.06846098	0.48521297	0.87583994	0.02269291	-0.04979547	0.00033452
0.06705570	0.48604038	0.87219640	0.00245593	-0.03642783	0.00059198
0.06879738	0.48618092	0.87282630	0.00480671	-0.03228396	0.00361236
0.06673749	0.48751815	0.87661603	0.01414921	-0.02184495	0.00904116
0.07676507	0.48355701	0.87838184	0.01495180	-0.03756483	0.00637778
0.07882127	0.48315856	0.87466798	0.00634453	-0.01012298	0.00381382
0.07374627	0.48090438	0.88006285	0.00758337	-0.03997051	0.00438290
0.08443832	0.48229658	0.87667769	0.00764266	0.00846284	-0.00098416
0.07547645	0.48722948	0.87803984	0.00245389	-0.03868554	0.00084697
0.06963297	0.48474997	0.88021878	0.00418224	-0.00334362	-0.00117328
0.06985874	0.48747513	0.87672449	0.00425160	-0.03960386	0.00265423
0.07105796	0.49059804	0.87405926	-0.00545333	-0.02218853	0.00116346
0.06963887	0.49037934	0.87283776	0.01003315	0.00113608	-0.00145002
0.06964750	0.48296868	0.87751429	-0.00000460	-0.04087057	0.00113883
0.07517045	0.48623992	0.87574639	0.00725516	-0.04158294	0.00403944
0.07290690	0.48411568	0.87562743	0.00502950	-0.04802861	0.00181600
0.07836269	0.48220895	0.87954072	0.01589300	-0.05342339	-0.00125721
0.07487617	0.48337398	0.88516922	0.01422973	-0.02281135	-0.00218013
0.07174668	0.48924890	0.87951268	0.01250953	-0.02028908	0.00393492
0.07653715	0.48994596	0.87534833	0.00064776	-0.01463572	0.01142281
0.07930869	0.49251499	0.87706941	0.01020634	-0.01999515	0.01004734
0.07433520	0.48463024	0.87590523	0.02671851	-0.06027978	0.00941362
0.07692888	0.48211069	0.87469046	0.01035471	-0.04544463	0.01330209
0.07820615	0.48019581	0.87384791	0.00824055	-0.05082491	0.00238722
0.08103121	0.48686852	0.87362004	-0.00058051	-0.03855653	0.00371509
0.07184974	0.48616248	0.87434154	0.00840356	-0.04204313	-0.00111901
0.08071352	0.48965376	0.87324775	0.00599896	-0.01726016	-0.00990876
0.09601105	0.48923711	0.87895908	0.02124612	0.02353262	-0.00444905
0.08291388	0.49435020	0.87563998	0.02841901	-0.02133664	0.00543505
0.07724965	0.49238640	0.87671926	0.00551774	-0.03995488	0.00170852
0.07200855	0.48841602	0.87595102	-0.00614433	-0.01677579	0.00000920
0.08327481	0.49438469	0.88317213	0.00538004	0.00856704	0.00502476
0.08421311	0.49289260	0.87942409	0.00970782	-0.00457386	0.00820412
0.08542478	0.49224392	0.88093472	0.00918594	-0.02726345	0.00690537
0.07646070	0.49167318	0.87461261	0.00036037	-0.05690366	-0.00201344
0.07808403	0.49015853	0.87230576	0.01641704	-0.04104457	0.00093872
0.08974961	0.49018149	0.86978208	0.01524521	-0.03470679	0.00322203
0.09238225	0.48991575	0.86896062	0.01750857	-0.03412106	-0.00482831
0.09226547	0.48874804	0.87034494	0.01577148	-0.04129420	-0.00096688
0.08841950	0.48607237	0.87534394	0.00661875	-0.03789752	-0.00084390
0.08592533	0.48961288	0.87752696	0.02704988	-0.02343604	0.00291731
0.08672931	0.48992125	0.88111461	0.01540546	-0.01219943	-0.00453150
0.08730457	0.49481502	0.87876534	0.01435510	0.00241981	-0.00264015
0.07418580	0.49680360	0.86721988	0.01721869	-0.02332964	0.00113186
0.08600918	0.49560868	0.86261592	0.01361260	-0.00723992	-0.00971858
0.08928926	0.49244986	0.86810866	0.00258302	0.02575162	-0.00480543
0.08392711	0.49159005	0.87204306	-0.00019662	-0.00118221	-0.00357430
0.08089811	0.49098043	0.87328193	-0.00272960	0.01467781	-0.00058743
0.08876974	0.49358140	0.87325733	-0.00402933	0.02571933	-0.00746179
0.08772395	0.48964300	0.87586294	-0.00022662	0.05720207	-0.00298443
0.09220781	0.49164796	0.87787571	-0.00837109	0.04258401	-0.00594276
0.08929976	0.49182652	0.87303528	-0.01019629	0.04580743	-0.00501157
0.08564345	0.48816137	0.86831183	-0.01533710	0.06341984	-0.00271492
0.07834828	0.49132127	0.87063296	-0.01976661	0.02113293	-0.00599878
0.08274002	0.49059694	0.87826137	-0.01135184	0.04947922	-0.00571721
0.08228279	0.48857015	0.88711327	-0.01078263	0.05152809	-0.00353439
0.08001251	0.49025469	0.87777150	-0.01452366	0.02638500	-0.00197256
0.07974107	0.48649032	0.88058562	-0.00645214	0.02344851	-0.00600223
0.07977856	0.48607006	0.87392322	0.00257209	0.05788364	-0.00732501
0.07895275	0.48917308	0.88311785	-0.00439258	0.05142626	-0.00791326
0.08255402	0.49015195	0.88473305	-0.01473309	0.05435029	-0.00822035
0.08360258	0.48962872	0.88321338	-0.01746614	0.05838667	-0.00902865
0.08366552	0.49074304	0.87481872	-0.02131361	0.07460787	-0.00548314
0.07688599	0.49005152	0.86940402	-0.00897494	0.03537102	-0.00319423
0.07339483	0.49559685	0.87097019	-0.00496528	0.04527866	-0.00104880
0.06821879	0.49411315	0.88087715	-0.01327361	0.00547537	-0.00666923
0.07282359	0.49218728	0.87670085	-0.01935958	0.03869820	-0.00352318
0.08953779	0.48115851	0.87598532	-0.00602097	0.06919109	-0.01240082
0.09240854	0.48405594	0.87374015	-0.01511306	0.05903060	-0.01208135
0.07294457	0.48748741	0.87742521	-0.01527697	0.06225151	-0.01194619
0.06440881	0.48457127	0.87415721	-0.02025164	0.03488756	-0.00649102
0.06579647	0.49033133	0.87690711	-0.03576565	0.01869450	-0.00236672
0.06581093	0.49385116	0.87748012	-0.02244654	0.04433985	0.00541905
0.06855936	0.48810650	0.87989144	-0.01282236	0.06101216	-0.00454263
0.06596488	0.48719985	0.88506288	-0.01779634	0.02851095	0.00150333
0.06674569	0.48740054	0.89072742	-0.01840763	0.01275688	-0.00440921
0.06227562	0.48947748	0.88710022	-0.01794397	0.01784685	-0.00639801
0.07181513	0.48613840	0.88273635	-0.01759468	-0.00063178	-0.00472294
0.07628980	0.48448909	0.88158977	0.00013923	0.02716529	0.00078030
0.06836170	0.48509353	0.88457845	-0.00752094	0.01193649	0.00374956
0.06979268	0.48331311	0.88584699	-0.01310030	-0.00212065	-0.00429238
0.06660572	0.48856803	0.88374187	-0.00234655	0.03461387	-0.00494436
0.05462154	0.48698628	0.87694894	-0.00152185	-0.01376118	-0.00275525
0.06419391	0.48539082	0.87451579	0.00285621	-0.01036239	0.00410912
0.06391701	0.48853752	0.87582937	0.00667880	0.00295997	-0.00023913
0.06491470	0.48772978	0.88522971	-0.00332680	0.01218607	0.00270057
0.06401704	0.49125849	0.88573324	-0.00106598	-0.00411600	-0.00069360
0.07019468	0.49339609	0.88854015	0.00236043	0.00671699	0.00445429
0.07023244	0.48664494	0.88526666	-0.00478711	-0.01432219	0.00265592
0.06930677	0.48456512	0.88654844	-0.00367988	0.00636127	0.00006212
0.07123142	0.48333853	0.88393488	-0.00856313	0.00142488	-0.00377267
0.07169876	0.48336014	0.88120407	-0.01138234	0.01061614	-0.00239857
0.06766450	0.48774381	0.88493441	-0.00167596	0.01268963	0.00090626
0.06275071	0.48567552	0.88260972	-0.01005550	0.01167830	0.00306299
0.06073260	0.48509811	0.87678680	-0.00029397	0.01477772	0.00216563
0.06867867	0.48698504	0.87864400	-0.00483755	-0.00243938	0.00264121
0.07022708	0.48742936	0.88370032	0.01176526	0.01423087	0.00042097
0.06451601	0.48732498	0.88220581	0.00305491	0.00477214	0.00316564
0.06010610	0.48771047	0.88574404	0.00484569	0.00658436	-0.00347402
0.06250814	0.48774943	0.88684632	-0.00206551	0.00880655	0.00008119
0.06324653	0.48665859	0.88583155	0.00317982	0.00290007	-0.00242602
0.05827799	0.48650144	0.88789044	0.00571190	0.01929517	-0.00557988
0.06286142	0.48579564	0.88919677	0.00905547	0.00430198	0.00212834
0.06778705	0.48507167	0.87951760	0.00963635	0.00541481	0.00146901
0.06092002	0.48488299	0.87347534	0.00643182	-0.00768528	-0.00448516
0.06333589	0.48471162	0.87654180	-0.00126067	-0.00269482	-0.00121952
0.05850067	0.48456810	0.87865160	0.00963536	-0.02733790	-0.00672306
0.05706717	0.48692708	0.87836684	-0.00162157	-0.03558286	-0.00274388
0.05630683	0.48411624	0.87634407	-0.00730295	-0.00387880	-0.00532612
0.06809594	0.48484079	0.86721557	-0.00082989	0.03562200	-0.00173434
0.07223356	0.48498728	0.88000795	0.00825848	0.03930224	0.00303322
0.06499983	0.47875898	0.89422747	0.00725685	0.00209959	0.00036188
0.05662761	0.47815828	0.88458781	0.00372040	0.00071563	0.00153143
0.05815307	0.48285566	0.87603005	-0.00554869	-0.00030065	0.00573697
0.06194865	0.48976289	0.88720825	-0.00245519	0.01819091	0.00941245
0.05933161	0.48724190	0.88182616	0.00443668	0.03260903	0.00622234
0.05891029	0.48792248	0.88259794	-0.01027126	-0.01132268	0.00313121
0.05972871	0.48850222	0.88474234	-0.01680094	-0.02511965	0.00075969
0.05848227	0.48839101	0.87914836	-0.00986802	-0.01295975	0.00012553
0.05889371	0.48454586	0.88412326	0.00163407	0.00016348	0.00034183
0.05992984	0.48740247	0.88044291	0.00391910	0.00649612	0.00278164
0.06694740	0.48475389	0.88162303	0.00601687	-0.03263170	-0.00671785
0.06947432	0.48389337	0.88260326	-0.00164436	-0.02970705	-0.01043332
0.06072312	0.48214015	0.88042430	0.00394361	-0.01680106	-0.00515471
0.06234412	0.48324169	0.88120406	0.01060753	-0.04323455	0.00384505
0.06385132	0.48343796	0.87935346	0.00985542	-0.04484926	0.00345986
0.05865921	0.48437531	0.87981114	0.01205873	-0.01929355	0.00617800
