0.06651915	0.47692697	0.89544464	0.00387155	-0.01183581	-0.00536544
0.07623094	0.47914340	0.88828130	-0.00017963	-0.00740161	0.00125328
0.07450568	0.48085388	0.89018357	0.00191276	0.00317251	0.00268942
0.06773349	0.47844723	0.88421823	0.00709840	0.00478854	-0.00210504
0.06793351	0.48060386	0.87871062	-0.00108477	0.00600526	-0.00365358
0.06814036	0.47894824	0.88374845	0.00736103	-0.00086290	0.00220109
0.06482948	0.47947347	0.88216498	-0.00771832	-0.02763562	0.00146742
0.06806917	0.47623752	0.88693304	-0.00068527	-0.00098018	-0.00341392
0.06503260	0.47594277	0.88144490	0.01281228	0.01134295	-0.00681881
0.06127925	0.47868052	0.88687743	0.01009957	0.03128928	-0.00756630
0.06426443	0.48411414	0.88513320	0.00233262	0.03024063	-0.00606904
0.06221566	0.47815926	0.88115118	-0.00772469	0.01905640	-0.00182083
0.06276040	0.47931910	0.88199634	-0.02243222	0.01956813	-0.00230853
0.06316962	0.48367981	0.88292967	-0.00004805	0.00798994	0.00549239
0.06547943	0.48633739	0.87592812	0.01031237	0.00050491	0.00797569
0.06544139	0.48517505	0.88135471	-0.00290489	0.00861424	0.00973863
0.07191018	0.48623252	0.88398693	-0.00994766	-0.01510150	0.00636451
0.06603794	0.48434440	0.88085459	-0.00453583	-0.03600197	0.00353216
0.07188773	0.48660093	0.87694374	-0.00159876	-0.00814009	0.00022687
0.06803425	0.48291099	0.87728734	-0.01501420	-0.02461746	-0.00050354
0.07243740	0.48097186	0.87504814	0.00109871	-0.02970925	-0.00117323
0.07175551	0.48474420	0.87293702	-0.00522070	-0.01989547	0.00010820
0.07409055	0.48665280	0.88174117	0.00547083	-0.01450678	0.00547366
0.06697442	0.48310157	0.88974235	0.00714097	-0.05247996	0.00630296
0.06560330	0.48070088	0.89374335	0.00556636	-0.04879777	0.00291044
0.06721178	0.47989221	0.89190339	0.00888545	-0.03699125	0.00107269
0.07175353	0.48071542	0.88493934	0.01325571	-0.01803811	0.00349968
0.07606773	0.48570062	0.88445011	0.01377276	-0.03645193	0.00395425
0.07092507	0.48171515	0.89300837	0.00750109	-0.02806572	0.00573220
0.06935709	0.48209059	0.89419782	0.00538897	-0.05356764	0.00593123
0.07605185	0.48410440	0.88810783	0.00808914	-0.02919570	-0.00234881
0.07877102	0.48221256	0.87644304	0.01341088	-0.01711965	-0.00252019
0.08077077	0.48227786	0.87660446	0.00572430	0.00275066	-0.00053034
0.07608220	0.48841867	0.89039708	0.01119188	-0.00804920	-0.00460055
0.08095700	0.48081604	0.88789822	0.00539072	-0.01882316	-0.00456465
0.07827188	0.48312733	0.88150767	-0.00160989	-0.00949647	-0.00026131
0.08204614	0.48020109	0.88344991	0.00200969	-0.02698529	0.00141284
0.07809652	0.47753683	0.88267853	-0.00196987	-0.01588917	-0.00159537
0.07505143	0.48126690	0.88325701	0.01123136	-0.03926979	0.00778874
0.07967960	0.48092260	0.88625617	0.01072969	-0.04644567	0.00383443
0.08406641	0.48278018	0.88246810	0.02303380	-0.01954091	0.00543936
0.07939563	0.48352041	0.87752011	0.00641134	-0.02472079	0.00343590
0.08172853	0.48467556	0.88340678	0.01394979	-0.02333088	0.00188504
0.08293622	0.48411829	0.88924177	0.01933727	-0.02972647	0.00280091
0.07289468	0.48395315	0.88280515	0.02129665	-0.03123972	0.00287073
0.07541780	0.48422380	0.87488491	0.02707674	-0.04648791	0.00437671
0.08165638	0.48117951	0.88103197	0.01005677	-0.05928011	0.00449831
0.08528254	0.48621642	0.87716429	0.00281618	-0.03817881	-0.00407274
0.08411627	0.48385926	0.88493144	0.00956706	-0.03285076	0.00344088
0.09005707	0.48502003	0.87883150	0.00086413	-0.00253190	-0.00030306
0.09026608	0.48670076	0.88653696	0.01536624	0.00932215	-0.00149442
0.09018051	0.48719385	0.88548153	0.02784276	-0.00171302	-0.00111459
0.08426607	0.48357465	0.88133447	0.00872440	-0.03393235	-0.00095763
0.07820365	0.48374214	0.87580848	-0.00372128	-0.04388623	-0.00068598
0.08433707	0.48691334	0.87410752	-0.00451213	-0.02554052	0.00064145
0.08589137	0.49012181	0.87221948	0.00097453	0.00168246	0.00663607
0.08272681	0.48923064	0.88081955	0.01452900	-0.01265895	-0.00068204
0.09091395	0.49062607	0.87555548	0.00554712	-0.05590295	-0.00033684
0.09407035	0.48863983	0.88082001	-0.00226801	-0.02886867	-0.00140399
0.08702929	0.48856522	0.87795503	0.01093089	-0.02225880	-0.00480003
0.09171837	0.48583978	0.87749515	0.01645151	-0.02632497	-0.00264866
0.09312698	0.48522577	0.87397214	0.00208463	-0.01681445	-0.00225687
0.09305657	0.48553899	0.87886660	0.01486417	-0.01100667	-0.00043196
0.09977239	0.48559939	0.87383410	0.00208352	-0.00759135	-0.00081143
0.09573485	0.48499174	0.87150679	0.00797275	0.00244895	-0.00214758
0.09370848	0.48349644	0.86818330	0.02047140	-0.03684744	-0.00547249
0.09081793	0.48608260	0.86719877	0.00077126	-0.01887649	-0.00354052
0.09617712	0.48777805	0.86768053	0.01341467	-0.02050287	-0.00029868
0.09498819	0.48887528	0.87253554	-0.00005863	0.03797421	-0.00129492
0.08922310	0.48951442	0.87471673	0.00893928	0.02580946	-0.00156138
0.09197872	0.48611482	0.87050952	-0.00518401	-0.00280455	-0.00279679
0.08598570	0.49297984	0.87112646	-0.00408013	0.00365947	-0.00549800
0.09456663	0.48822607	0.86315330	0.00018085	0.03436655	-0.00217341
0.09245962	0.48759273	0.86709792	-0.00037860	0.03846263	-0.01042920
0.08847013	0.48744742	0.87816657	0.00135409	0.03786988	-0.01060849
0.08948137	0.48844333	0.88272958	-0.00181621	0.02541622	-0.00536528
0.09092170	0.48743512	0.88102698	-0.01492571	0.04050979	-0.00203729
0.08891666	0.48668638	0.87937234	-0.00828054	0.02742964	0.00152565
0.08495337	0.48670485	0.87781819	-0.00027790	0.06092797	-0.00118556
0.08648426	0.48888462	0.88194594	0.00029678	0.04975242	-0.00606401
0.08315441	0.48958197	0.87582673	-0.01279787	0.05416478	-0.00657478
0.07752102	0.48789455	0.88528534	-0.01645920	0.03692678	-0.00207850
0.08819872	0.48861916	0.87846932	-0.00950944	0.01222997	0.00062568
0.08188421	0.48605520	0.87670180	-0.00601357	0.03420588	-0.00138987
0.08313740	0.48489225	0.87970869	-0.01026560	0.04526286	-0.00433000
0.08501447	0.48576537	0.88019375	-0.01141896	0.02876693	-0.00536978
0.07940668	0.48615951	0.88204492	-0.00549971	0.02843921	-0.00013798
0.08183150	0.48759283	0.88508203	-0.00452452	0.02349119	0.00022632
0.07979919	0.48588543	0.88082907	-0.01085452	0.03987342	0.00483613
0.08565198	0.48325263	0.87872696	-0.01852996	0.03433315	-0.00543859
0.08379869	0.48614119	0.88280295	-0.00914089	0.04733198	-0.01052215
0.08924700	0.48336320	0.88415803	-0.01223231	0.05262941	-0.01700281
0.08147419	0.48104040	0.88518162	-0.01514900	0.07406823	-0.00675106
0.07382348	0.48308993	0.87794474	-0.01096967	0.03340405	0.00297257
0.07668276	0.48217068	0.88152184	-0.02674753	0.01985598	0.00049597
0.07349680	0.48547831	0.88818624	-0.02042264	0.02017488	0.00220547
0.07368123	0.48765906	0.88961943	-0.00047611	0.06532356	0.00675665
0.07957042	0.48462573	0.89352568	-0.00688910	0.03897425	0.00380009
0.07435476	0.48223202	0.88146230	-0.00609212	0.01024426	-0.00081969
0.06798245	0.48354113	0.88388840	-0.00881888	0.03534877	0.00267430
0.07000704	0.48276528	0.87763395	-0.01585151	0.00874575	0.00566869
0.07046058	0.48181865	0.88170381	-0.00773793	0.01341409	0.00153628
0.06838543	0.47929714	0.87206692	-0.00362567	0.02720256	0.00387364
0.07987949	0.48247974	0.87175062	-0.02001884	0.00126418	-0.00382105
0.07503484	0.48533345	0.87947794	-0.00496461	0.04185367	0.00871313
0.07733494	0.48235082	0.89664068	-0.00847032	-0.00896608	0.00606511
0.06460169	0.48440678	0.89293512	-0.01185711	-0.02771375	0.00069075
0.07393126	0.48410547	0.88388062	-0.01755951	-0.00117177	-0.00142768
0.07515615	0.48284250	0.88740691	0.00008549	0.00145090	0.00112129
0.07740860	0.48424297	0.88919787	0.00050335	0.00774064	-0.00158892
0.07165989	0.48287109	0.88742595	-0.00231829	0.00481174	-0.00352623
0.07039065	0.48355194	0.88793546	-0.00529780	-0.00985602	-0.00354296
0.06965790	0.48085803	0.88993670	-0.00522304	-0.00075564	-0.00045703
0.06992615	0.47947730	0.88677831	0.00029938	-0.00551567	-0.00031395
0.07813889	0.48482652	0.88238235	-0.00770833	0.01280736	0.00118274
0.07072023	0.48163861	0.88495842	-0.01463478	0.02352828	-0.00445150
0.06990253	0.48532087	0.88842477	0.00475019	0.01196651	0.00132281
0.07119908	0.48823020	0.88347121	0.00357731	-0.00356604	-0.00047105
0.06928715	0.48550871	0.88725709	0.00362254	0.01279931	-0.00194385
0.07111979	0.48188309	0.88468620	0.00103019	0.01373817	-0.00212469
0.06600524	0.48020804	0.88406034	0.00598761	0.00632083	-0.00417466
0.07051174	0.48102808	0.88378096	-0.00375577	0.02757441	-0.00105594
0.06715051	0.47972758	0.88214139	-0.00507022	-0.00676181	0.00372654
0.07410591	0.48456636	0.88488550	0.00706662	0.01441552	-0.00153222
0.06918816	0.48984831	0.87568511	-0.00242886	-0.00423694	-0.00216238
0.06787135	0.48388292	0.87800973	0.00336670	0.02605987	-0.00362322
0.06948597	0.48258208	0.87853733	0.00034749	0.01372419	-0.00438205
0.07470689	0.48344699	0.88297949	0.00355435	0.00444093	-0.00470935
