0.71504340	-0.22419872	-0.04445887	-0.65026687	-0.15899645	0.30361113
0.81142554	-0.27159685	-0.13187633	-0.42263594	0.56845679	0.20596669
0.89924399	-0.20670202	-0.00060697	-0.16896471	-0.80038446	0.15534954
1.07475030	-0.11905427	0.00173282	-0.22139423	-0.40957945	-0.11976352
0.92489846	-0.10152792	-0.11246405	0.01560837	-0.93496009	0.07038112
0.75959317	-0.11388289	-0.17510964	0.12965385	-0.46430479	0.02302576
0.89255185	-0.16514961	0.03276172	0.31946898	0.75356678	0.02191801
0.58020105	-0.10734492	0.01692378	0.61131350	-0.55638721	-0.00887231
0.91940786	-0.19205835	-0.01022082	0.25401633	0.15218108	0.07179259
1.06815695	-0.23153446	0.26882976	-0.03830263	-0.77891871	-0.13103168
1.08298597	-0.12215608	0.05540139	-0.13318809	-0.79066710	-0.17283138
1.40175030	-0.15937069	-0.03684605	-0.27875799	-0.91805638	0.19392868
1.42074388	0.09293605	-0.28196081	-0.18366606	0.04774387	0.14923065
1.32754574	0.08550185	0.01550747	-1.13815781	2.28034886	-0.14889580
1.07058861	-0.07144843	0.21240712	-0.90630156	1.81552261	0.15216115
1.17453043	-0.05461858	0.18451825	-0.49901791	1.50874044	0.38935104
1.12887821	-0.40873941	-0.20017217	-0.27621602	-2.08323673	0.25633691
1.15984983	-0.44359239	-0.50603920	-0.26765505	-1.89542957	0.65744390
1.15824628	-0.81529726	-0.72916640	-0.42521721	-0.51716427	0.60982558
1.22657346	-0.53272717	-0.60503119	-0.16170679	1.13124822	0.41137556
1.10733226	-0.35480015	-0.55924362	-0.52172275	1.89011173	-0.38671950
1.16760159	-0.11947957	-0.45295314	-0.04461288	2.50972868	-0.55796704
0.48440816	0.06724729	-0.13441200	-0.15431102	0.64617741	-0.36348437
0.77539484	-0.15503992	0.00221337	0.31265144	-1.10016228	-0.33016817
0.90250006	-0.46264177	0.20495954	0.32092909	-0.93123957	-0.37651736
0.94478667	-0.33804696	0.21908161	0.41998646	-3.09904086	-0.55971298
0.92803949	-0.12240739	-0.10617881	0.48328410	0.04860993	-0.56769632
0.98915166	0.00391407	-0.28211071	0.16944408	0.87541200	-0.00761069
1.14740281	0.03414042	-0.23479285	0.58338785	0.64422719	-0.01375942
0.66312603	-0.05038289	-0.21072884	0.83994932	1.07206365	0.27649687
0.86139524	-0.05436807	0.01574138	0.64762536	0.72675004	0.08630189
0.91769867	0.12539182	-0.01780945	0.34584036	-2.45364767	0.19028483
1.03954708	-0.04370981	-0.10418509	-0.16304940	-1.99875916	-0.04153487
1.03464982	0.06619610	-0.13519894	0.08057492	-2.52025966	0.10035298
0.96840779	0.10933578	-0.17514872	0.47242819	-0.18235110	0.04336222
0.96748323	-0.01257062	-0.21609470	0.27995911	1.80675760	0.22292751
0.94875470	-0.02619304	-0.15907733	-0.15180661	0.01878262	0.23961940
0.78744940	-0.02813295	0.18297833	0.22883735	0.33579843	0.25216794
0.99100225	-0.00656030	0.05607316	0.10252133	-0.45134486	0.31736572
1.14035337	-0.18799887	0.03743585	0.27836438	0.05261451	0.13869271
1.15703421	-0.07513237	0.05692634	0.49494563	0.12601804	0.44515138
1.20406061	-0.11882308	-0.13906926	0.99321154	-0.66980433	0.42067596
1.04820278	-0.17243056	-0.18059990	0.38540233	0.09021029	0.15120418
1.04818282	-0.20912681	0.05782230	0.57455210	0.07869010	0.49001641
1.15604462	-0.18344801	-0.16015219	0.35363119	-0.58866234	0.12888509
1.09963827	-0.10206165	0.04935336	0.58507193	-0.20577670	-0.10625005
1.24233565	-0.00314747	0.17730212	1.26459617	0.18890672	0.24637851
1.13620167	-0.19465930	-0.21242274	1.09398823	1.26185205	-0.20698216
1.12068630	-0.10993841	0.29197238	1.22804419	-0.95611461	-0.22818699
1.17741517	-0.08548829	0.08818368	0.56170892	-1.42398509	-0.31112859
1.07378298	-0.19678153	-0.07231787	0.15152573	-1.66131119	-0.18627398
1.13139422	-0.05045244	-0.45612890	-0.40829421	-1.17246716	-0.62571525
1.14201256	0.05311083	-0.42206130	-1.09813485	-1.17159267	-0.33270513
1.02912956	-0.23140498	-0.51085833	-0.57811855	-1.03025776	-0.19584249
0.99092451	-0.31189408	-0.51351864	-0.81889159	0.49804623	-0.51472237
1.17984766	-0.16841130	-0.27689344	-0.74990241	-0.71128000	-0.11003060
1.11632173	-0.09752150	-0.28004960	-0.37863214	-0.89128137	0.19409092
1.28886106	-0.22127522	-0.06548066	-0.27798060	-0.66105090	0.21048952
1.22745587	-0.29756310	-0.15595108	0.01452946	0.78094285	0.09424617
1.00037195	-0.24510087	-0.16930845	-0.12118275	0.26072288	0.32219050
0.87926613	-0.15077118	-0.12776126	-0.18564656	-0.13520409	0.15342168
0.87579797	-0.06272205	-0.40607622	-0.53067991	0.05824763	0.26325267
0.88134189	-0.11711734	-0.00026657	-0.64950021	-0.02746963	0.50879985
0.73423977	-0.10280938	-0.03657956	-0.72327756	1.14255031	0.32203427
0.65282352	-0.06319744	-0.14645757	-0.24633761	0.98753547	0.41671657
0.68418813	-0.25190059	-0.01091769	-0.62956931	-0.34519000	0.21500614
0.69654425	-0.06241232	-0.05100879	-0.41228280	-1.92665552	0.12560388
0.96884542	-0.28606710	-0.16010556	-0.20511708	0.80151699	0.15930096
0.95900754	-0.27579811	-0.12617214	0.00822778	-0.66606509	0.44940201
0.88216539	-0.27560467	-0.04628240	0.09628103	0.83970588	0.03564025
0.92761552	-0.21492763	-0.21012621	-0.19086303	0.37616859	-0.15499471
0.92310739	-0.08810938	-0.11512006	0.05947388	0.31265283	0.14080577
0.98864130	-0.19649086	-0.11124414	0.36254278	-0.95201325	-0.30467156
0.87357307	-0.22144802	-0.10697521	-0.09758851	1.10418077	-0.04346388
0.97845888	-0.09235022	0.02107716	-0.16893665	-0.96949712	-0.22066997
1.14428971	-0.14136593	0.13269862	0.35957343	-1.03795101	-0.18062120
1.31129131	-0.18351612	-0.15434092	-0.41806731	1.03310360	-0.24679364
1.37437015	-0.24257670	-0.12027830	-0.64579511	0.37926751	-0.30429244
1.20275193	-0.09042916	0.07433615	-0.79486657	0.16588892	-0.05803764
1.23595960	0.04871806	0.32752296	-0.77985659	0.72077734	0.06761982
0.94188082	0.11343482	0.19863969	-0.72346699	0.21475108	0.07444606
1.09320493	-0.07940600	0.14044216	-0.24682748	-0.53074664	0.23968831
1.12000927	-0.15321564	0.04088057	-0.01227826	-1.95966603	0.32090102
1.10006988	-0.47995327	-0.45472183	0.34436423	-2.57656124	0.59150582
1.34904007	-0.67013678	-0.83821889	-0.02611575	-0.56528211	0.61049424
1.26256042	-0.69401238	-0.98222713	0.00940934	1.50268005	0.12081451
1.01127557	-0.50492650	-0.48575971	-0.21555012	2.77600286	-0.13773239
0.90410426	-0.31143763	-0.17139065	0.15015190	4.27831654	-0.33934817
0.59288079	-0.03863598	0.17054874	-0.23933938	1.25414736	-0.01328480
0.47778752	0.15861452	0.07204742	0.46758993	-1.62601722	-0.10676333
0.61219648	-0.01367027	0.30636557	0.22320951	-3.02373555	0.01656272
0.88768707	-0.37491385	-0.30984656	0.67231726	-3.33810135	-0.69214596
1.01884511	-0.45757871	-0.43560552	0.04876681	-0.81837639	-0.72606440
1.02898146	-0.29948206	-0.49724017	0.50313090	-0.20495898	-0.59855490
0.98298382	-0.02212761	-0.32118680	0.29659779	2.49298660	-0.43215572
0.68497612	-0.10700024	-0.25731677	0.66721550	1.08756746	-0.11572613
0.87161001	-0.14682397	0.00859354	0.51919458	-0.17024548	-0.30092900
0.90261080	-0.15172635	0.00552673	0.86537474	-0.39549343	-0.38427430
1.00308833	0.03988638	-0.01923174	0.80673949	-0.18120611	-0.67832369
1.06028797	0.09802506	-0.20761005	0.52323697	-0.30248602	-0.32556385
1.02849167	0.14779294	-0.23308343	0.21775162	2.20247210	-0.12707362
0.88422898	0.20581802	-0.15740933	0.03373616	0.51845482	0.02493099
0.75199717	0.02954650	-0.06528681	0.26020622	0.92364075	0.08901658
0.52065110	0.05362788	0.20347114	0.00414428	-0.08489319	0.21415044
0.82115733	-0.08164585	0.02062472	0.08297439	-0.65692147	0.44125481
0.93972411	-0.18022627	0.08879480	0.67054919	-1.61715711	0.12070008
1.23209619	-0.20707339	-0.09072407	0.86709726	-0.30206191	0.09084306
1.49385082	-0.15420185	-0.10006255	0.12354927	0.17737937	-0.18940207
1.35055327	0.00877730	-0.28172925	0.42037750	0.66874658	-0.17055457
1.27256145	-0.03372943	-0.06917441	0.43983108	0.81244254	-0.09350053
0.98294913	-0.15283393	0.14498396	0.75182075	-0.80730226	0.03157115
1.09303357	-0.04803572	0.21634540	0.34981882	-0.68926113	-0.38704399
1.35437878	-0.44514820	0.00974882	0.43535186	-1.84406387	-0.23152012
1.39037226	-0.11030156	-0.38344442	-0.25708372	-0.88541177	-0.65997926
1.14184397	-0.19107329	-0.43871411	-0.49264972	2.12766686	-0.44278646
0.91043915	-0.09191403	-0.40694709	-0.28025608	-0.23562851	-0.38342902
1.21212172	-0.15832506	-0.29316928	-0.28400193	-0.21521104	-0.37163560
1.18742910	-0.21873355	-0.25650180	-0.23560709	-0.01202309	-0.13672146
1.10986831	-0.12697480	-0.24760086	0.01723668	-0.69742807	0.29385281
1.11080975	-0.07034027	-0.35130380	-0.09858737	-0.50954561	0.40533500
1.08856971	-0.21219662	-0.30918309	-0.02859892	0.14599249	0.50545566
0.85983002	-0.12980159	-0.30185287	-0.16049216	-0.26710366	0.56396985
0.72040933	-0.09354742	-0.14089232	-0.29754923	1.67362461	0.33441362
0.59129515	-0.13056297	-0.23461257	-0.35145367	0.87575198	0.39852224
0.57415385	-0.16347302	-0.20258732	-0.49528881	1.49611627	0.32267982
0.74421018	-0.23716163	-0.17377889	-0.34038462	-0.25724080	0.13062398
0.53411301	-0.35111709	0.16251295	-0.29799427	0.00891180	0.10311022
0.64951635	-0.29060061	0.11686345	-0.00414080	0.23889737	-0.06277622
