1.50485747	-0.52859429	-0.36348970	-0.16718559	1.00952066	-0.36609199
1.30996942	-0.29009718	-0.49264391	-0.70731292	0.67404470	0.06953444
1.48001427	-0.53000969	-0.53577235	-0.52070343	0.60575676	-0.09744852
1.55559082	-0.28352909	-0.02805535	-0.79199162	0.49804961	-0.08189752
1.33967194	-0.43145100	0.16656357	0.07566147	-0.28783857	-0.17999819
1.26190591	-0.25201948	0.01969189	0.68252087	-1.58987335	-0.06500623
1.16346982	-0.00845889	0.02536954	0.13495329	-1.03393196	-0.04885846
1.18141845	0.13134359	-0.18634109	-0.51152717	-0.06747587	0.42534590
1.36701140	-0.05792095	-0.54011118	-0.68819756	-0.46027142	0.48932059
0.82906515	-0.22153626	-0.22374467	-0.64014828	0.12531424	0.55987258
0.64776892	-0.11656952	-0.10560994	-0.54513156	0.00087193	0.25015481
0.81025454	-0.12396018	-0.11531231	-0.35146448	-0.61580613	0.22182231
0.71964226	0.11575184	-0.21820693	-0.78630048	0.12490905	0.35668818
0.69388658	-0.15337385	-0.16678512	-0.95023362	-0.07567709	0.48821024
0.23460945	-0.22401316	-0.26761919	-1.28490203	0.12179866	0.13928597
0.41169871	-0.22590824	-0.18140768	-1.00584022	-0.32132910	0.07718955
0.81192264	-0.20588975	-0.12754155	-1.03385303	-0.51052785	0.19439092
0.80356302	-0.08739251	-0.13141474	-0.63132228	-0.16598128	-0.23973881
0.69657129	-0.29271047	0.02196369	-0.66042099	-0.13206001	-0.43279355
0.91884649	-0.30020447	-0.26115524	-0.54067351	-0.17771331	-0.27947768
0.58429719	-0.00400816	-0.21267151	-0.29269416	0.51718963	0.16014810
1.26199150	-0.35068668	-0.21377281	-0.66471823	-0.71855129	-0.05562720
1.34568548	0.00141635	-0.19716872	-0.30136899	-0.34192432	-0.30384526
1.29996444	-0.14287153	0.10411622	-0.11529911	-0.45460858	-0.18404420
1.45602544	-0.39257801	0.00994195	-0.45059151	-0.11924615	-0.10661092
1.33664656	-0.28922376	0.03039925	-0.33778077	0.12845046	0.12856461
1.31714884	-0.12635203	-0.13262954	-1.05019026	0.02313268	-0.11367301
0.96284108	-0.32340638	-0.29491673	-0.65194278	0.55646040	0.14712819
0.94253071	-0.35539620	-0.34113811	-0.47578067	0.16318575	0.33232710
0.89258631	-0.24807988	-0.62205850	-0.14358059	0.24003683	0.39564180
1.12383858	-0.14186578	-0.88959296	-0.25752716	0.51514987	0.53618877
0.90735922	-0.30500116	-0.75117229	-0.20077231	1.03179994	-0.12416517
1.23448342	-0.15623179	-0.43591170	-0.29031254	2.69802077	-0.29310457
1.21498491	0.19276078	-0.58364610	0.23243377	0.28088659	-0.48114750
1.45812612	0.17430124	-0.44909926	0.26020176	-0.22213044	-0.09109282
1.27882397	0.08236128	-0.61971420	-0.96078377	0.72865106	-0.33816889
0.99547672	0.08670154	-0.38857761	-1.38560581	1.37250973	-0.43732065
1.09319362	0.00333632	0.21548182	-2.06484517	0.95942822	-0.83189217
1.18915889	-0.11068826	0.16683646	-1.16304282	0.36606737	-0.13767273
0.97897931	-0.02214503	0.20139722	-0.36076106	-0.20976112	0.16702953
1.07208588	0.03731429	-0.07153441	-0.37766793	-1.18643310	0.19275854
0.70630732	0.01662445	-0.38966976	-1.15613394	0.29952855	0.08057824
1.08836271	-0.02886447	-0.06249884	-0.79468593	-0.76091473	0.15012391
0.91688684	0.18086623	-0.16294338	-0.27553867	-0.09278814	0.03611734
0.74588432	0.23371868	-0.06959222	-0.33003968	-0.72987256	0.24366863
0.88296715	0.15232028	-0.07270061	-0.29218459	0.07814722	0.03884897
1.15131559	-0.03081489	-0.15672189	-0.52559417	-0.30980219	0.42350100
0.93477178	-0.04231045	-0.23749385	-0.85343326	-0.39035570	0.43162682
0.87158938	0.03298831	0.00867115	-0.68887677	0.75130095	0.33145948
0.87767775	0.07900045	-0.00015831	-0.61895602	0.12570110	0.33378957
1.02293950	0.10961438	0.02765257	0.00416986	0.91019618	0.41173089
0.91467570	-0.01541823	-0.02893219	-0.25093275	0.48917187	0.43174559
0.76648765	0.04804460	0.16866855	-0.06811606	-0.31290519	0.44447866
1.00306652	-0.01239812	-0.08279413	-0.15751078	0.44981177	0.50808717
0.84861679	0.02991416	0.04827481	0.41731941	-0.03240020	0.58320531
1.14657777	0.06753549	-0.28880258	0.12210270	0.49425098	0.45939733
0.85356465	0.14820423	-0.16102766	0.39798489	0.72340922	0.21969796
1.35783353	0.01430362	-0.18470341	-0.03741649	0.71741071	0.68181353
0.97424404	0.06067490	-0.20255804	-0.01854695	0.22595065	0.51517464
1.06836712	0.24718431	-0.17882727	0.15133322	0.04382821	0.19501357
0.69788152	0.38543354	-0.33703176	0.08590839	0.45845940	0.25194579
0.74048879	0.19259962	-0.08922281	0.35952556	0.79219044	0.26048436
0.98816177	0.08048480	0.07417320	-0.57660186	0.60713310	0.06511465
0.70160419	-0.06974419	-0.03491573	-0.33606196	-0.25188268	-0.12835400
0.30075480	-0.20911717	0.06146207	-0.00990242	0.74471007	-0.30268038
0.59328312	-0.14511911	-0.18932005	0.07458570	0.87891102	-0.19385587
0.47778933	-0.43448876	-0.48119415	-0.48057440	-0.99276476	-0.32578124
1.09287018	-0.58622535	-0.57697703	-0.92290390	-1.03749569	-0.10941242
1.84196620	-0.87397925	-0.99750388	-1.02041109	0.27303262	-0.54083224
1.86675098	-0.63076069	-0.66831252	-1.32028016	1.60923353	-0.38808259
1.47035664	-0.56471142	-0.43421874	-1.28064991	1.21063039	-0.28281729
1.34799641	-0.31399197	0.22014920	-0.76629228	0.05815423	-0.25318362
1.35729006	-0.14199384	0.14821967	-0.80073276	-0.18083063	0.22249534
1.52924764	0.04609493	-0.08212545	-0.96730590	-1.30340433	0.67012560
1.34031058	-0.46634987	-0.45871630	-0.63740183	-0.29869178	0.37136697
1.28854002	-0.37118490	-0.16988402	-0.37171224	0.31883084	0.13001555
0.76687842	-0.46512932	-0.12576000	0.20505122	0.39453913	0.40191778
0.67109449	-0.35178438	0.06256041	-0.00866685	-0.23280688	0.48549590
0.47784831	-0.04217763	0.08444006	0.55548567	-0.04768788	0.40832398
0.69419278	-0.16390887	-0.12154029	0.93084073	-1.56475686	0.25744313
0.53671106	-0.17542008	0.00142256	0.82515912	-0.95312108	0.37334507
0.79455941	-0.33826717	-0.10518337	0.68007757	-0.62527478	-0.48307014
0.85900259	-0.24199401	-0.05687980	-0.05800952	-0.16111166	-0.10471592
0.69563820	-0.06582762	-0.04565317	0.64348303	0.12630152	-0.44512344
0.39055911	-0.07995677	0.10338551	0.09694392	0.23272450	-0.51102485
0.54390559	0.01957701	0.04143714	0.47680684	-0.22777687	-0.44273089
0.68930608	-0.01011137	0.05288780	-0.03320863	-0.61924210	-0.27962422
0.60855115	-0.17514760	0.06530689	-0.55893843	-0.52981168	-0.55880501
0.48425454	-0.04669279	0.34915651	-0.36564010	-0.26697954	-0.84918749
0.83069308	0.02180343	-0.02401944	-0.47233890	-1.10834746	-0.68449757
0.83773463	-0.08790272	-0.08949048	-0.57978999	-0.66947475	-0.70962868
1.49075598	-0.43296530	-0.20833083	0.40496398	-1.76161255	-0.71206590
1.58775034	-0.36280555	-0.22819825	0.40192511	-0.56050221	-0.86019087
1.23556459	-0.29395274	-0.26272776	-0.03157574	-0.62297665	-1.19217027
1.07481410	-0.36937488	-0.24336583	0.69996190	-0.23956783	-1.03334774
1.09927949	-0.39388219	-0.18379414	0.56140996	-0.43868686	-0.68488045
1.24210306	-0.18968103	-0.22979490	0.75656841	0.25048159	-0.81353215
1.08716870	-0.29732988	-0.44715638	0.91588655	-0.32100223	-0.54425147
1.03990483	-0.12227974	-0.77307119	0.97713055	-1.13664312	-0.14916348
1.52789096	0.03370455	-0.91390416	0.76791073	0.09844965	-0.16334514
1.47738055	-0.22006380	-0.82097920	1.02712419	1.41926842	0.05130160
1.74436901	0.14675929	-0.64000970	1.06380589	1.41650493	0.12398578
1.28677079	0.09836954	-0.35861208	-0.21703285	0.35780404	0.04022802
1.23471452	-0.02214334	-0.11825250	-0.46283761	1.75785059	-0.08339149
0.94241944	0.24223322	0.11097947	-0.35833356	1.19847769	-0.52822625
0.63968662	0.28934588	0.15196153	-0.08775411	-0.23567771	-0.12189371
0.81911113	0.23498856	0.20542479	-0.01373789	-1.18311425	0.34502008
0.73711714	0.15682032	0.00530365	0.02118670	-2.68579438	0.59920290
1.11693467	-0.01075415	-0.14537063	-0.07484652	-0.85489856	0.04448576
0.94085329	-0.18373139	-0.17468177	-0.23823828	0.29623461	-0.18653005
1.13716412	-0.13976449	-0.39296452	0.42843183	-0.61514281	0.10268121
1.02888370	-0.04314469	-0.17869496	1.02703840	-1.01566135	0.36341790
0.93179650	0.21177637	-0.10763194	0.26775423	-0.87003480	0.62306176
0.83539107	0.15892752	-0.29788009	0.10144552	0.38088288	0.24748312
0.86056032	0.13806896	-0.33280425	0.03879950	-0.50855609	0.42833501
1.01515604	-0.04897315	-0.20627931	-0.29648064	1.17188399	-0.04571527
1.06333346	-0.02505874	-0.15310421	0.42548943	0.08848785	0.25191000
0.66923402	-0.04245848	0.03017568	0.77812818	0.37870469	0.50105891
0.92555843	0.00472153	-0.15706693	0.83331724	-0.11107823	0.31123259
0.70080404	-0.11991299	0.05597620	0.49469203	-0.17057137	0.51355798
1.01779757	0.02482424	-0.22996055	0.23958780	-0.01409252	0.53429422
1.02897674	0.02751559	-0.25972095	0.48265119	1.03071549	0.52281266
0.95996053	-0.05436076	-0.04667227	0.28255759	-0.02236682	0.83575890
0.77434937	0.05430748	-0.29245252	0.40191319	0.70566343	0.69788108
1.00470870	0.03272794	-0.12030543	-0.19180545	1.85458990	0.59575899
0.61239603	0.12797683	0.01715691	0.05895732	1.91674460	0.22177084
0.84837298	-0.00982208	-0.07553027	-0.56281033	1.04117597	0.36143814
0.03135093	-0.26176486	-0.18247189	0.00104984	-0.13089467	0.19777603
