0.37688289	-0.08852780	-0.33609000	0.35343178	0.04291306	-0.08024112
0.25982368	-0.21215378	-0.50686834	0.14492820	0.26791168	-0.32051795
0.76329358	-0.03333057	-0.71987123	-0.72760778	-0.90582849	-0.30783957
0.98739828	-0.71170504	-0.58434952	-1.16688633	-1.59041239	-0.18359894
1.68703871	-0.48529918	-0.92260880	-1.27349847	-1.19687492	-0.42021584
1.76246192	-0.58141251	-0.50995217	-1.18298330	1.35234379	-0.33728427
1.69014878	-0.65533682	-0.42037455	-1.29515353	1.64508399	-0.43461762
1.61433663	-0.50777623	-0.07437612	-1.11191021	0.60245190	-0.48847284
1.44437331	-0.00917432	0.27578010	-0.76631730	-0.14403197	0.06468783
1.50017302	0.18054552	-0.24123099	-1.29012700	-1.43388416	0.60239260
1.39682491	-0.23872632	-0.42859375	-0.39958509	0.28856293	0.53718195
1.24186569	-0.18473488	-0.32058611	-0.14136130	1.31526735	0.49922022
1.10301345	-0.26534570	-0.19677532	0.33856003	0.15327069	0.13596987
0.89729759	-0.22504402	0.07956885	0.63464256	0.87316551	0.44419655
0.50721941	-0.34051437	0.18059684	0.29832615	-0.60061439	0.34639547
0.35082580	-0.10065541	-0.08196207	0.64522214	-1.39544675	-0.11130157
0.77579765	-0.29008595	-0.06113195	0.33405503	0.30005735	0.05235500
0.54698132	-0.28001254	-0.04519360	0.48351534	-0.24473752	-0.24559231
0.48075231	-0.33940846	-0.30872960	0.26039158	-0.37802676	-0.43068809
0.85320270	-0.00128854	-0.04331702	0.13327499	0.64027262	-0.07469392
0.45604611	-0.10779370	0.02351360	0.35091483	-0.47215803	-0.34693155
0.72614023	0.05999794	-0.04052578	0.32540517	-0.84208447	-0.38906921
0.40511284	0.09587790	0.11929300	0.03201998	0.95819054	-0.51601423
0.93820028	0.09581663	0.07636883	-0.39592753	-0.74811369	-0.66218298
0.58826652	0.08066007	0.08649696	-0.56394721	-0.94664507	-0.76537171
0.61733188	-0.10725952	-0.04288575	-0.46480633	0.29314908	-0.45572515
1.18203483	-0.11884583	0.07266638	-0.33248080	-0.55686595	-0.85472654
1.28313309	-0.31090765	-0.07055769	0.47843777	-0.65549946	-0.61609245
1.41906501	-0.35928106	-0.23309835	0.43003656	0.15651180	-0.82927535
1.35161474	-0.35872894	-0.39798289	0.49069486	0.20267478	-0.83178214
1.10331439	-0.42033893	-0.25179181	0.67490457	-0.79032353	-0.98362855
1.37842940	-0.13948616	-0.27870482	0.57082710	0.11313706	-1.09368788
1.10023286	-0.17630906	-0.33745056	0.75456944	1.43497634	-0.62526637
1.01783007	-0.17412231	-0.59540613	0.75746556	0.17559826	-0.47818510
1.17239945	-0.28462795	-0.43928745	0.88394167	0.55911629	0.08103249
1.48012597	-0.12262779	-0.91539840	0.98540341	0.17473627	-0.36224817
1.63345119	0.02074678	-0.87096163	0.63086151	1.33514657	-0.18237348
1.64543745	0.13979718	-0.81487522	0.56949281	0.79848155	0.09069839
1.42948822	0.35493891	-0.50126568	0.04102619	1.49974745	0.24739258
1.11958791	-0.01583258	-0.15809568	-0.38915243	0.68666129	-0.61205357
0.63827810	0.30021819	0.15467034	-0.28980290	0.32129921	-0.23241620
0.77377927	0.14559235	-0.02029405	-0.25069458	1.04689810	-0.00266254
0.80255945	0.15418586	0.00975864	-0.38022239	-2.02340391	0.07638622
1.17041852	0.17795944	0.22763724	-0.18677214	-2.75402912	-0.08868810
0.62228567	-0.17967174	-0.27284413	-0.10751917	-1.18106537	0.16351422
0.79007765	-0.07542810	-0.13180837	0.03310828	-0.20002416	-0.06185647
0.84535961	-0.24679914	-0.43755867	0.22080264	-0.26292457	0.16519315
0.61742399	0.04643449	-0.18465484	-0.19313061	-0.64464549	0.36738660
0.98776430	-0.11023429	-0.00153283	0.11614043	-1.13632597	0.11857206
1.13480712	-0.00961549	-0.34867513	0.31168808	0.45638354	0.30149717
0.94906417	-0.20042000	-0.28291834	0.29690176	-0.06515198	0.06085536
0.71902412	0.01857000	-0.39892865	0.16938736	0.20328290	0.05898070
1.03239136	0.12281749	-0.14886340	0.06981222	0.73061582	0.22513891
0.88268237	0.07457664	-0.16314212	0.34861447	0.70553000	0.41700547
0.76541795	0.14040547	0.06222051	0.69645014	-0.36072126	0.46436302
0.55602580	-0.06025643	0.12690041	0.67302714	0.97485522	0.57443226
1.16059745	-0.14158343	-0.16168651	-0.04664020	1.20801952	0.31314782
1.26155738	-0.01497735	-0.14879995	0.58920534	1.81524835	0.61727490
1.17308317	-0.03124201	-0.19438492	-0.28622699	1.03718639	0.44082738
0.77845687	-0.03804663	-0.39348429	-0.34208038	0.52031784	0.61481742
0.98756033	-0.07664262	-0.09096978	-0.39031042	0.38419368	0.33123138
1.03064753	0.06646031	-0.02452164	-0.15663479	1.07629943	0.14653275
0.80046015	0.03893618	-0.21550540	-0.12260426	1.13082553	0.06434131
0.21700245	-0.05082795	-0.52760157	-0.42898765	1.31556139	0.04975461
0.04994394	-0.24395988	-0.26789039	0.14450101	0.22785241	-0.26897703
0.43319162	-0.52400864	-0.30588903	-0.62185697	-0.87119476	-0.63129923
1.45186474	-0.52864020	-0.25389017	-0.34100968	-1.54195386	-0.85024913
1.53436080	-0.25539364	-0.50451305	-0.14113661	-0.06871627	-0.57669502
1.41511439	-0.11887961	-0.72207389	-0.32847890	-0.21862504	-0.76713905
1.74122330	-0.35704467	-0.26448520	-0.16984117	1.61112154	-0.58162207
1.54087776	-0.27159052	0.02384630	-0.19418711	1.54022171	-0.51172391
1.88377800	-0.20886047	-0.19334767	0.03988551	-0.74945540	-0.07806077
1.48996714	0.05667569	-0.41294737	0.28061885	-0.84792365	0.16546618
1.68434019	-0.26780338	-0.15282765	-0.29926652	0.30643794	0.33089454
1.12511014	-0.43826196	-0.08580446	0.21875756	0.14320599	-0.10077923
0.76608402	-0.15652380	-0.01293106	0.14936953	0.28724501	-0.03109386
0.51352112	-0.26517805	0.37870468	-0.00967875	-0.57596749	0.37360739
0.43788743	-0.17657683	-0.03059975	0.26209088	-1.48585367	0.16858655
0.46666166	-0.20741498	0.01577895	0.68719699	-0.08126874	0.46628564
1.01721696	-0.19353377	-0.12555003	0.21349760	-0.52230288	-0.23287852
0.27789664	-0.02104041	-0.09498679	0.08643590	-0.58825438	-0.09850601
0.66414042	-0.11546260	-0.10906077	-0.16447970	-0.81553079	0.00657356
0.72101899	-0.08468383	-0.16969829	-0.00962696	-1.25819159	-0.41023074
0.62261228	-0.12555847	-0.06345174	0.15831858	-0.23701766	-0.31941039
0.73734923	-0.30987225	-0.08444072	0.40859487	-2.05714759	-0.12726813
0.77106370	-0.21409239	-0.42146392	0.21492952	-0.07529303	-0.12832815
1.45593996	-0.38727176	-0.34929481	0.63022273	-0.79388771	-0.26923829
1.24285203	-0.23551054	-0.45922081	0.49001927	0.45565039	-0.57985226
0.84473495	-0.22911889	-0.16460518	0.53423331	-0.39976575	-0.25992844
1.13601940	-0.53587452	-0.13706771	0.24300483	-1.50462549	-0.25474522
0.92243212	-0.18989352	0.08151985	0.41460397	0.17612796	-0.54239500
0.97005767	-0.32639783	0.00584938	0.38172246	-1.59742952	-0.44042492
1.26728041	-0.14531905	-0.14749328	0.48917060	0.07416631	-0.55913703
0.97071721	-0.19885291	-0.38288150	0.60741094	-0.48086162	-0.22277455
1.25115163	-0.43219736	-0.49588207	0.51687508	1.70462442	-0.03418563
0.92777708	-0.33400838	-0.36548998	0.73221221	1.99028379	-0.00777575
1.07425005	-0.23697316	-0.40740756	0.83133335	1.40316647	-0.00678728
1.40127928	0.06759579	-0.83224888	0.98854117	1.27307306	0.18461491
1.62113223	0.37275536	-0.56260322	0.42662006	0.66068758	0.17826381
1.73304485	0.08345194	-0.32497438	-0.41676358	3.65769505	-0.41314557
1.03599685	0.03509815	-0.17220392	-0.31501645	2.26786118	-1.03913968
0.75200626	0.14622771	0.11014148	-0.35870959	0.89040743	-0.18414756
0.57109018	0.34747285	0.32222643	0.58164081	-1.57938952	0.25721268
0.72541772	-0.01029773	0.19559889	0.45502423	-2.85688301	0.43380050
0.99491704	0.17075658	-0.15567723	0.09501987	-3.10892708	0.08425468
1.03604063	-0.25545382	-0.32346300	-0.36337996	-0.00511298	-0.22543225
1.04578980	-0.09053517	-0.57429325	0.34958867	0.84583977	0.08217978
1.05589327	0.06818760	-0.13966219	-0.11032322	0.50716596	0.00350464
1.03421184	0.09328083	0.06518398	-0.08563011	-0.62993138	0.28361251
1.37246187	0.03441531	-0.11539014	-0.11923823	0.32032380	0.39897043
1.18531965	0.10233021	-0.25066404	-0.06401497	1.68791122	0.42228511
0.86523939	-0.14283258	-0.07773980	-0.18399462	-0.22986901	0.45298249
0.71502982	0.13192481	0.04150476	-0.59459089	-1.19685684	0.95081861
0.99715589	0.03689719	-0.03776541	-0.64022794	-0.51243537	0.57281879
0.78992764	-0.06326589	-0.19180211	-0.19469444	-0.38821609	0.53323230
1.07168819	-0.26649807	-0.03446428	-0.23811608	1.23050106	0.45417930
0.83626039	-0.22275461	-0.13104811	-0.48271500	-0.12352473	0.19057019
0.83132406	-0.01934296	-0.17154290	-0.26809749	1.19569771	0.27704220
0.42702349	0.20233099	-0.13659983	-0.29350209	0.62994684	0.47632025
0.77470760	0.01698170	0.01325186	-0.67360370	-0.19865744	0.66565493
1.20721538	0.12078399	-0.07406201	-1.10815538	0.21660210	0.73409153
1.06770156	-0.00722181	-0.01145659	-1.22683724	1.26374309	0.63891375
1.00169290	0.26409960	-0.01708839	-0.87307453	0.84252790	0.90828612
1.25394508	0.05055187	0.22079794	-0.25276498	-0.52221458	0.96228722
0.75184473	-0.05891539	0.06956493	-0.42808421	-0.21593408	0.85722149
0.75121912	-0.13265695	0.04067144	-0.44804805	0.12700816	0.49881216
0.98515678	0.11675638	0.18090580	-0.44030294	-0.65125702	0.21161099
0.85033034	0.19492859	0.11767794	-0.28242843	0.08082675	0.37858944
