0.95975739	-0.09749192	-0.05804240	0.69386080	0.24215095	-0.32490265
1.13041039	-0.34493783	-0.13261242	0.83383850	0.10392549	-0.16690241
1.13697722	-0.12833624	-0.15564558	0.56338363	-0.10154991	-0.13049777
1.19775669	-0.39300344	-0.25431988	0.87320571	-0.15511045	-0.01948875
1.29110784	-0.15960559	-0.08754036	0.61928760	-0.12300887	-0.10488629
1.45244437	-0.17838606	-0.25547645	0.30175802	-0.39041633	0.03071805
1.08172239	-0.33105949	-0.31415262	0.35892062	-0.86202734	0.19820398
0.96291073	-0.54811495	-0.44023793	0.55822314	-0.83504926	0.02087559
1.30738790	-0.74248786	-0.85274673	0.24328724	-0.55232748	-0.17600901
1.42759106	-0.59705584	-0.70756720	0.62024643	-0.02199250	-0.48101078
0.81308387	-0.55654217	-0.58301334	0.67622902	0.17331386	-0.70932135
0.69990383	-0.42661458	-0.48112309	0.61311268	-0.09953001	-1.15461173
0.65237759	-0.17797643	-0.24228679	0.34811900	-0.25374674	-0.91106527
0.93664748	-0.39169676	-0.22644441	0.43057596	-0.53919878	-0.78285402
0.93315440	-0.29781171	-0.40095080	0.61515632	-0.93081414	-0.93778673
0.98311520	-0.34089306	-0.49072375	0.61184498	-0.33736996	-0.87765189
0.76418252	-0.25952060	-0.44397817	0.48943279	-0.29418208	-0.83833132
0.75921342	-0.10512309	-0.43163698	0.50554300	-0.43433570	-0.86392455
0.78208306	-0.09117288	-0.40367380	0.30567108	-0.68157799	-0.66205447
0.77730244	0.12575907	-0.37925880	0.75647418	-0.46744199	-0.77216108
0.65500547	-0.04291192	-0.32687893	0.50611649	-0.62134829	-0.80905108
0.76595082	-0.01569189	-0.17106253	0.21494263	-0.74423422	-0.53305385
0.92152294	-0.08081572	-0.24982739	0.14669980	-0.23369032	-0.43950008
1.06719552	-0.23415535	-0.25522723	0.34460261	-0.48924081	-0.89487574
0.96573025	-0.12829794	-0.26460471	0.12537933	0.02428229	-0.67126387
1.01344536	0.00704276	-0.44304054	0.04620655	0.71671755	-0.63351906
0.95781289	-0.04228520	-0.33330282	0.54796759	0.12563845	-0.59655983
0.74148805	0.08360720	-0.29691195	0.39099493	-0.28918776	-0.50401590
0.99806962	0.04428512	-0.30536335	-0.39354574	-0.19457641	-0.32963905
0.89262082	0.15687385	0.08896448	0.01404109	-0.38799453	-0.04650123
0.79769519	0.07773093	-0.01387878	0.13818820	-0.27648720	0.00500342
1.19910937	0.08027572	-0.12605897	-0.28270729	-0.43427309	0.11875056
1.41448921	-0.03637769	-0.23691292	-0.35310175	-0.88196630	0.26385279
1.44352057	-0.12510707	-0.05198272	0.21638560	-1.21840101	0.49199171
1.11134317	-0.23702198	-0.21974003	0.36617902	-0.17491610	0.27788093
1.26541817	-0.24178972	-0.77315536	0.55299329	-0.18763602	0.26378398
1.32744409	-0.33765304	-1.13128728	0.07295258	-0.61069545	0.13136606
0.95068591	-0.29130799	-0.78493277	0.46140115	-0.00558695	0.00964752
1.00760338	-0.44532723	-0.48731079	0.26503525	0.12001435	0.06208120
1.01014087	-0.32382588	-0.73839468	0.26177999	0.11378732	0.42968714
0.89308244	-0.17013168	-0.62759584	-0.18593949	-0.11842128	0.28312095
1.06361829	-0.22250842	-0.72567097	-0.20074149	0.38091268	0.08351571
0.94941507	-0.32641417	-0.40122377	-0.27344265	0.76231917	0.25562478
1.10117672	-0.26837441	-0.32907102	0.46309985	0.06141578	0.50983402
1.06925540	-0.32905392	-0.48894890	-0.10540625	0.07449046	0.20064707
0.84738589	-0.25449256	-0.53922724	0.39545482	0.64900187	0.20507156
0.84129924	-0.11969078	-0.35083624	0.06183214	0.69492401	0.38323728
0.59828215	-0.31253873	-0.40791847	0.40192383	1.04116986	0.55478608
0.60551298	-0.27428132	-0.24185834	0.84496513	1.06919023	0.11382369
0.49703133	-0.12506853	-0.19666995	0.92264668	0.81700921	-0.03339349
0.51900480	-0.16877213	-0.16440178	0.45458050	-0.10730417	0.14279351
0.51211747	-0.11980689	-0.17919049	0.26721204	0.38809443	-0.11312888
0.57674811	0.03216391	-0.25075858	0.36586869	0.73176740	-0.09017788
0.53334611	-0.15588830	-0.22793470	0.15798733	0.32239764	0.32905730
0.57489149	-0.27633941	-0.02366918	0.34085743	0.36515026	0.02770974
0.77725368	-0.41830019	-0.10025426	0.24756279	0.12561087	-0.11877960
1.10426012	-0.28074839	-0.15859760	-0.00769699	0.49674351	-0.02242420
0.97949386	-0.24335003	-0.20024074	0.24557747	0.80565218	0.20531242
1.25521148	-0.17170996	-0.27946865	0.53125197	-0.06178958	-0.08790286
1.67731101	-0.21448194	-0.14452859	0.39225858	0.14498281	-0.17356631
1.38940510	-0.25111410	-0.15548330	0.36515397	-0.49220615	0.03706867
1.31613838	-0.25483765	-0.31778010	0.50755294	-0.40092238	0.34892614
1.31941674	-0.24988245	-0.28746544	0.61350760	-0.41192680	0.32587582
1.24237429	-0.33883242	-0.59790411	0.57283362	-0.67805410	0.49080949
1.19247262	-0.52001464	-0.57172440	0.54491977	-0.42319609	0.27587380
1.08353928	-0.66024014	-0.45039835	0.64877870	0.14296260	-0.14302435
0.57221691	-0.40480520	-0.39289618	-0.13077346	0.06900338	-0.35873120
0.85741490	-0.26175598	-0.32498660	0.12002549	-0.56708957	-0.58223002
0.88606152	-0.18947511	-0.43708482	-0.01524435	-0.39553500	-0.71983284
0.88801799	-0.11392485	-0.43454091	0.10703195	-0.76603531	-0.90264656
0.82870447	-0.29975242	-0.57477952	-0.58977080	-0.10591287	-0.95856981
0.88624935	-0.19360842	-0.56954032	-0.02917411	-0.07401237	-0.53512732
0.71022526	-0.12303325	-0.52742053	0.18247248	0.43450827	-0.90202757
0.59132051	-0.22916711	-0.28243300	0.22627254	-0.07020070	-0.64369724
0.71664428	-0.22632743	-0.36049965	0.17427325	-0.33397993	-0.80280442
0.80143552	-0.21937241	-0.44965663	0.31383033	-0.35499891	-0.59603183
0.72630261	-0.10084834	-0.54804488	0.40054205	-0.45909261	-0.88211026
0.70731375	0.05022648	-0.39725756	0.08451385	-0.38360315	-0.49355583
0.74438885	-0.03287632	-0.44099614	-0.15255705	0.09388106	-0.54614123
0.93592677	0.00825559	-0.44222524	0.26568322	-0.07391975	-0.76005492
0.59564846	-0.10545446	-0.10184389	-0.02961686	0.28879766	-0.88208709
0.82925137	-0.16150721	-0.29424645	-0.18825036	0.07210336	-0.72269367
0.81863107	-0.09140614	-0.49039935	0.20606890	0.38118289	-1.00183619
0.77764278	-0.09448711	-0.41166014	0.07087162	0.44290290	-0.61628470
0.87481265	0.03606200	-0.21100019	0.12385190	0.60286631	-0.43186285
0.71510976	0.06236604	-0.37915807	0.37356462	0.07335502	-0.50102722
0.86904343	-0.02971227	-0.00365799	-0.32815516	-0.01648396	-0.17199006
0.77916172	-0.00514024	-0.31526967	0.20071689	-0.01198371	-0.01186618
0.89544153	0.17351916	-0.13589116	0.40671242	-0.13595760	-0.07583291
0.94421599	0.05652181	-0.23701186	0.46289815	-0.49016642	0.24134421
1.04332943	0.09536793	-0.21901518	0.16494579	-0.60198966	0.23670439
1.21775618	-0.07052163	-0.24911868	0.08385486	-0.23031624	0.13495422
1.32040825	-0.04859361	-0.06804449	-0.12928215	-0.61010712	0.35306225
1.13784158	-0.12487132	-0.26851696	0.06937395	-0.61104879	0.00606792
1.21157889	-0.12597932	-0.44644884	0.15377262	-0.72216511	0.17171053
1.41975089	-0.10387984	-0.51570557	0.22972374	-0.67531517	0.47318350
1.29909088	-0.08234267	-0.55277618	-0.21279018	-0.72503425	0.81684061
1.19796077	-0.13473140	-0.71444344	-0.49799729	-0.80987444	0.50630936
1.11604397	-0.31025594	-0.69394166	-0.34149181	-0.59715159	0.34674608
0.90854387	-0.34715878	-0.55226826	0.30030538	-0.39686943	0.02748260
0.94670885	-0.35196347	-0.72923281	0.00086908	0.58075584	-0.02709673
0.78702790	-0.28720910	-0.70290166	-0.10381433	0.42866576	0.09503036
1.00992625	-0.43761883	-0.76425692	0.19828320	0.51684931	0.11841754
1.03304131	-0.33693263	-0.70699884	0.42943022	0.52137437	-0.18756178
0.95453526	-0.28617604	-0.72167180	0.79454724	0.69354188	-0.10099716
1.05971101	-0.34783448	-0.52583881	0.91447399	0.63114750	-0.22103587
1.09110749	-0.34343725	-0.42768396	1.10101765	0.98807838	-0.20084373
0.95597329	-0.28289535	-0.24576680	1.58391693	0.84756264	-0.02629530
0.93222759	-0.30589779	-0.27517739	1.21499083	0.72433272	-0.08699945
0.76329588	-0.23044946	-0.30445564	1.04286564	0.64307322	-0.17299783
0.60642873	-0.07646850	-0.28013360	1.41844568	0.52442936	-0.05358574
0.67762892	-0.07738147	-0.35822766	1.25134486	0.18801144	0.17817733
0.36170048	-0.02364285	-0.20097087	1.04103314	0.90566226	0.08638685
0.50323642	-0.20694704	-0.46469197	0.84759601	0.68906210	-0.20060118
0.46181576	0.00263623	-0.32158896	0.04241877	0.53049051	-0.29595303
0.37306819	-0.24598265	-0.00939948	0.67336030	0.74937540	-0.17373243
0.50965447	-0.44424582	0.01735436	0.66368975	-0.17347534	-0.03592501
0.63922301	-0.45949795	-0.03516930	0.67941410	0.23364248	-0.01725645
0.71503995	-0.32469103	-0.05428802	1.07024785	0.05217456	-0.18187834
0.62533306	-0.20146260	-0.10858414	0.47043814	-0.06106730	-0.28622627
0.82258858	-0.13780985	-0.07999407	0.12382302	0.13445094	-0.33277983
1.19062846	-0.23150853	-0.08398445	-0.05729359	0.02902190	-0.22705973
1.08351912	-0.13083414	-0.02605275	0.27284537	-0.52598984	0.26647959
1.27710304	-0.17669198	-0.21267157	0.65411002	-0.53506653	-0.10127636
1.40394165	0.03810548	-0.34670119	0.07118090	-0.15362000	0.27004352
1.45345803	-0.13714175	-0.25132665	0.35097032	-0.41596612	0.63615026
1.39120104	-0.17738507	-0.11992359	0.21031829	-0.75021885	0.31771056
1.32048967	-0.12128254	-0.35993002	0.16900549	-1.14449955	0.56445798
