1.30349165	-0.29150678	-0.30549489	-0.11243273	-0.33276492	0.07242592
1.09792309	-0.24818972	-0.46883193	-0.18328120	-1.21663395	0.27930493
0.99276307	-0.42957339	-0.49297594	-0.70365100	-0.61852894	0.31259641
0.83744233	-0.50393788	-0.49313786	-0.15638916	-0.72591367	0.19460007
0.93423509	-0.59921042	-0.61628253	-0.02391944	0.19981175	0.30981025
1.03544368	-0.39653485	-0.72141061	-0.23810769	0.94137079	-0.52928983
0.74557369	-0.38545559	-0.57318963	-0.27305879	0.45231537	-0.64170157
0.73436005	-0.22703486	-0.44159097	-0.22228394	0.00374502	-0.73622317
0.76282649	-0.23055212	-0.37599284	-0.26805777	0.05989937	-0.79484561
0.71276990	-0.18823328	-0.45961794	-0.06758046	0.25427290	-0.52508500
0.75319567	-0.04302511	-0.33793771	-0.15469216	0.00591137	-0.71955935
1.00636062	-0.22795206	-0.57792073	-0.49641279	0.58365375	-0.62551893
0.91714561	-0.20783242	-0.55863648	-0.04427788	1.00686064	-0.49329724
0.82938589	0.02277102	-0.50442882	-0.09504149	0.43356354	-0.22658224
0.80412988	0.03103164	-0.31541840	-0.52645230	0.68068046	-0.13877201
0.65859637	0.02914229	-0.28351433	-0.58779628	-0.18140957	-0.41426855
0.80759839	-0.04194328	-0.40814181	-0.85976319	-0.38099677	0.01399328
0.72686047	0.01654357	-0.16891346	-0.80907455	-0.00880594	-0.15322448
0.84778994	-0.18871612	-0.27632097	-0.61629222	-0.10357822	-0.20188981
0.99153711	-0.10000889	-0.26078450	-0.37747726	0.37967342	-0.49282148
0.72999118	-0.03496354	-0.46161756	-0.42923112	0.87017101	-0.17244807
0.63826686	0.25211077	-0.32915433	-0.52794733	-0.28921158	-0.11898913
0.78235990	0.15309167	-0.13356671	-0.48162188	0.41508086	-0.22884748
0.84873436	0.19158708	-0.26877776	-0.40498386	-0.13914432	0.35586393
0.61120595	0.14381293	-0.22974897	-0.45234311	0.07949305	0.34072536
0.93381966	0.06100247	-0.25094789	-0.57398536	-0.36368026	0.40843811
0.99076834	-0.04953961	-0.25084802	-0.46040963	-0.01396767	0.29711790
1.20966132	0.07981610	-0.38821183	-0.48331810	-0.21631492	0.02906070
1.28269874	-0.28474240	-0.48257177	-0.65790326	0.01292690	0.34872922
1.25490358	-0.30477938	-0.30720286	-0.69840032	-0.73363200	0.18792128
1.04451281	-0.21157578	-0.42898006	-0.47157502	-0.20363448	0.45400517
1.28415370	-0.13221519	-0.77550267	-0.59316325	-0.20956032	0.45423533
1.15897153	-0.18223085	-0.65419881	-0.69069833	0.03468938	0.63254980
0.95134126	-0.44635012	-0.56507885	-0.32134831	-0.58998278	0.73972020
0.90859997	-0.40407486	-1.00721876	-0.00540091	-0.40297304	0.57445873
0.93106363	-0.49884311	-0.97628499	-0.20780581	0.95445796	0.53620277
0.97373800	-0.41620194	-0.94747674	-0.28478934	1.16962709	0.17651693
0.92749317	-0.36109415	-0.69684431	0.03445421	0.90514308	0.28176688
0.91356591	-0.40243818	-0.55611163	0.12591591	-0.11669619	0.16846574
0.89130949	-0.37937389	-0.45561820	-0.15167984	0.25738342	0.01176362
0.86584863	-0.35033260	-0.62608200	0.20547375	0.86861341	0.12613161
0.97252293	-0.19788459	-0.67841975	0.23345485	0.55128123	0.32787311
0.83322072	-0.19241304	-0.61663237	0.34047698	0.69638334	0.22061536
0.67304043	-0.15466337	-0.39132970	0.19026300	1.06195804	0.43419189
0.78199271	-0.12100699	-0.31225671	0.40452134	0.45759599	0.44464156
0.83871179	-0.27020328	-0.35700721	0.68739912	0.42351626	0.34845338
0.59480302	-0.34728213	-0.49517689	0.24691191	0.46489048	0.37925428
0.87825633	-0.33376788	-0.34446500	0.43992247	0.64028689	0.30170602
0.96784387	-0.24527540	-0.42127944	0.35363424	0.62315947	0.36127521
0.92010905	-0.24134861	-0.16217698	0.16966625	0.08298727	0.12881877
0.77100011	-0.24080586	-0.11426396	-0.51901060	1.04092475	0.37547954
0.76232749	-0.35615118	-0.06134776	-0.46634537	0.48940469	0.41099482
0.64097859	-0.26415735	0.07199741	-0.10613736	-0.00561371	0.54437832
0.43425263	-0.20903336	0.36534441	0.17461061	-0.17969340	0.23238705
0.58538857	-0.24928657	0.18842187	-0.04451767	-0.31198425	0.13223282
0.66593082	-0.44451502	0.14972260	0.18738187	-0.01565716	-0.34736767
0.84817991	-0.25525551	0.01441629	0.02360876	-0.91420639	-0.02151442
0.78451092	-0.23921941	-0.02963917	0.15180072	0.37804670	-0.12081858
1.02573580	-0.28753023	-0.06954053	0.48099890	-0.30211676	-0.04271171
1.22044764	-0.19241163	-0.10016771	-0.11605056	-0.13112120	0.04163861
1.11344167	-0.15874487	-0.32446261	-0.04925005	0.44557646	-0.14859012
0.94985591	-0.16546999	-0.29362652	0.50289470	-0.44132081	0.43005918
1.09029718	-0.43595698	-0.33756720	0.42212676	-1.30737868	0.28222040
1.09460701	-0.34260792	-0.33083678	0.78979082	-2.50453506	0.08917999
1.03152669	-0.55166407	-0.37143843	0.55445072	-1.40005035	0.08753121
1.13536875	-0.44870707	-0.70388354	-0.38664268	-0.32506810	-0.24631329
0.98838247	-0.56101201	-0.46846215	-0.14819543	0.75378074	0.03472014
0.87369651	-0.37260665	-0.49733129	-0.13497845	-0.19088833	-0.57869255
0.89078868	-0.46509423	-0.34888221	0.05371272	-1.15520555	-0.45670719
0.65812953	-0.47357150	-0.19923330	0.09853858	-2.17610696	-0.66184611
0.58349300	-0.32130009	-0.18550914	-0.02823521	-1.45604385	-0.40590661
0.97050645	-0.39124728	-0.76708880	-0.43894020	-0.17186782	-0.79530158
0.93294737	-0.45264042	-0.71437815	-0.23417392	1.25940777	-0.79021649
1.08464979	-0.18100765	-0.67125357	-0.35767570	1.17345181	-0.72726334
0.68480994	-0.40091102	-0.49917637	0.01142034	-0.04439623	-1.04560773
0.48660776	-0.27531247	-0.39022673	0.39184581	-0.06664688	-1.18610434
0.63888619	-0.12753361	-0.33796000	0.00464497	0.18501808	-1.04151767
0.68016417	0.00338636	-0.26866009	-0.07739114	-0.23847583	-0.68199791
0.88059242	-0.04392706	-0.23732017	0.32963726	0.42363040	-0.59423530
0.86544053	0.04416007	-0.44086470	0.16916781	-0.12915012	-0.27885161
0.99380408	-0.23782853	-0.52516587	0.21778148	-0.32510732	-0.67170622
0.89412938	-0.17452068	-0.59069812	0.25756303	0.84725312	-1.13918580
0.87340060	-0.09745119	-0.48329769	0.36567876	0.60350570	-0.88517171
0.77375432	0.11998355	-0.25279566	0.49174034	0.87321370	-0.54403068
0.68835947	0.24873706	-0.27301275	0.54412325	1.03666410	-0.84668455
0.56923422	0.20143883	-0.40551129	0.21367046	0.69428128	0.06493704
0.71604017	0.11277820	-0.15038092	-0.12677990	0.23832604	-0.01207873
0.71171085	0.08658495	-0.02515618	-0.06726260	-0.98640576	0.33779658
1.03117285	0.08096758	-0.11599687	-0.23402436	0.00089567	-0.27570579
1.09128867	0.09322675	-0.35916502	-0.18933330	0.37945152	-0.00102932
0.95880767	0.09697981	-0.21923606	-0.68591920	-0.15841076	-0.08187309
0.98630520	-0.04280306	-0.09679094	-0.05717203	0.26520399	-0.11417156
1.18878280	-0.04629409	-0.19708556	0.10684954	-1.00803301	0.02076959
1.24838925	-0.12366733	-0.08513866	0.20498207	-0.80391193	0.01682140
1.38294396	-0.08577429	-0.26222209	0.34214746	-0.73806687	0.02246253
1.26877594	-0.01603886	-0.50740292	0.34353926	-0.58529114	0.45595935
1.36152016	-0.13426990	-0.46168085	0.66147274	-0.72595610	0.28756244
1.40952429	-0.14390620	-0.62187460	0.61761302	-0.77874727	-0.08544488
1.29002748	-0.17750610	-0.59217955	0.18285219	-1.64891154	-0.06625336
1.05442558	-0.05860967	-0.42570298	0.12230549	-0.50678104	0.49981557
0.96011861	0.00088843	-0.44799945	0.59239715	-1.15799018	0.54391861
0.89936745	-0.11188928	-0.67856252	0.40071572	-0.74816644	0.55587132
1.20656843	-0.31654771	-0.70803495	0.04503149	-0.01399143	0.48855381
1.00774412	-0.28294151	-0.65465114	0.11486752	0.61645707	0.61247316
0.93308947	-0.32146514	-0.56453709	0.18186026	-0.12071477	0.23610904
0.85219699	-0.24163975	-0.47450613	-0.08170104	-0.16097901	0.27206626
0.81712617	-0.14678414	-0.56397215	0.29134157	0.23837508	-0.02114475
0.89727716	-0.06034867	-0.45957921	0.61449973	0.71423978	0.62004945
0.91000149	-0.29384816	-0.39745302	0.48385417	0.45200519	0.07011260
0.83838901	-0.29658505	-0.19337575	0.59432864	0.39763532	0.17235560
0.83974941	-0.30809662	-0.24262216	1.14255090	0.29828323	-0.19345131
0.69571344	-0.40530899	-0.18827587	0.61500357	0.40291790	0.02177341
0.61376471	-0.14959429	-0.20798776	1.23585570	-0.05498971	-0.00285412
0.43924672	-0.08820094	-0.30855743	0.72069673	-0.08725416	-0.20589831
0.56711583	-0.03888759	-0.25784742	1.09326231	0.65745212	0.31943433
0.71354124	-0.06619377	-0.52351740	0.71499505	0.18319269	0.28865685
0.70769867	-0.00805969	-0.32146207	0.25588783	0.71645456	0.30688999
0.79021329	-0.14029894	-0.14999797	0.40046868	0.86695934	0.57905827
0.74759554	-0.32407314	-0.11194925	0.10970291	0.61706222	0.13414429
1.06486021	-0.45245678	-0.14806157	0.57459207	0.72368425	-0.17084932
1.01698061	-0.31728706	-0.04222139	0.19784155	0.21653398	-0.46446566
1.04649665	-0.47074166	0.04862944	0.22296546	-0.24291247	-0.16182164
1.00522047	-0.25209204	-0.01006171	0.02778319	0.82049614	-0.17179937
1.04958263	-0.10276655	-0.03539764	-0.22696331	1.60931702	0.15129625
1.00266974	-0.12061906	0.03832366	0.17146262	0.32280157	0.21858115
1.03633125	-0.12744467	-0.07203034	-0.25201058	-0.20511321	0.06109047
1.24475021	-0.31948434	-0.14373669	0.26597497	-0.01561927	0.28093844
1.43299861	-0.32972831	-0.25121484	-0.03337780	0.13809401	0.14672793
