0.98776057	-0.10922431	-0.24682470	-0.05437343	-0.02352359	-0.00807414
0.99681836	-0.09939701	-0.24897001	-0.02054406	-0.09350310	0.00425083
1.00289157	-0.08850591	-0.24819050	-0.03078329	-0.01263526	-0.00114408
0.99758596	-0.09714569	-0.24359358	-0.05618881	-0.02757691	-0.00846378
0.99438825	-0.09904179	-0.24557184	-0.02222884	-0.04099170	0.00443373
1.00074948	-0.10473294	-0.25354126	-0.01823915	-0.07445293	-0.00828381
0.99621166	-0.10014596	-0.25619064	-0.01400761	-0.06827350	0.02579550
1.00189247	-0.10034381	-0.25132195	-0.03437111	-0.06405629	-0.00369551
1.00238258	-0.10821343	-0.25351078	-0.03594730	0.04203430	-0.00477066
0.99140105	-0.11354739	-0.25173349	-0.04426291	-0.04185485	-0.00351763
0.98814958	-0.10453833	-0.24693266	-0.03740733	-0.09940897	-0.00913484
1.00061473	-0.11062040	-0.24591077	-0.04296879	-0.03787956	-0.00984649
1.00348328	-0.10415277	-0.25150294	0.00342007	0.03123548	-0.00360012
0.99968312	-0.09531228	-0.24116452	-0.06117593	-0.05652412	-0.00392216
0.98953420	-0.09198034	-0.23540364	-0.08686600	0.00703035	0.02128305
0.98229446	-0.08808556	-0.23312343	-0.07505035	-0.11090994	0.00972346
0.98795197	-0.09168329	-0.23492132	-0.06108009	-0.14492335	0.03984610
0.99588514	-0.10113340	-0.24331931	-0.03928403	-0.11300709	0.02900735
0.99453962	-0.09986550	-0.25178829	-0.06847161	-0.05978369	0.02796364
1.00438906	-0.10145305	-0.25086581	-0.08188423	-0.12260218	0.05060851
0.99811654	-0.09847413	-0.24253284	-0.02664829	-0.04468872	0.04583644
0.99354705	-0.09298262	-0.24520006	-0.08189127	-0.11950996	0.04519117
0.99001713	-0.09963823	-0.24630632	-0.03949835	-0.04275748	0.03772063
0.99823885	-0.09100471	-0.24214938	-0.06506660	-0.04681042	0.03323923
0.99718482	-0.09415227	-0.24045993	-0.04865441	-0.03183841	0.02253401
0.99489011	-0.09322267	-0.24349871	-0.06435400	-0.01585442	0.01727262
1.00486306	-0.10023513	-0.23986116	-0.04328022	-0.00723618	0.03837512
0.99950215	-0.09345170	-0.23894150	-0.05407391	0.00908214	0.01684505
1.00272273	-0.09375020	-0.23385127	-0.03969334	0.03856761	0.00126053
1.00001599	-0.08391631	-0.23592706	-0.04579560	-0.02042321	-0.01274966
1.00681799	-0.08473146	-0.23201456	-0.02512653	0.10750161	-0.02014205
1.00179090	-0.08906617	-0.24075054	-0.02925553	0.12346725	-0.02726642
1.00611570	-0.09448181	-0.24124985	-0.04133948	0.10584025	-0.03691520
1.00541700	-0.09520528	-0.24152383	-0.04999700	0.13440988	-0.04069271
0.99168606	-0.09597025	-0.24096672	-0.01415787	0.13357274	-0.03369109
0.99294554	-0.09519806	-0.23550186	0.00120635	0.11809018	-0.04485015
0.99715108	-0.10328842	-0.24996533	0.01434552	0.14080645	-0.05554547
0.99819248	-0.09432056	-0.25618942	-0.00019088	0.11331940	-0.03780464
0.99881450	-0.10238943	-0.25353942	-0.01997276	0.20912819	-0.05914689
0.99778942	-0.10212633	-0.25271182	0.01748720	0.17912985	-0.04662046
0.98896384	-0.10336638	-0.24900676	0.01964353	0.11535392	-0.04390089
0.99102277	-0.09910913	-0.24731953	0.01908064	0.08693583	-0.04635048
0.99437858	-0.10056955	-0.24469179	-0.00239423	0.09594152	-0.03931103
0.99496717	-0.09051974	-0.24839489	-0.01073597	0.13342773	-0.01821416
0.99640388	-0.10253877	-0.25154973	0.01379196	0.08709282	-0.02428405
0.99261733	-0.10425141	-0.24888783	-0.00809645	0.02603882	-0.04565942
0.99124358	-0.10555348	-0.25258170	-0.03482178	0.06848110	-0.02654507
0.99127167	-0.10905183	-0.25820141	0.01251864	0.05792341	-0.01961385
0.99456849	-0.10435571	-0.24978395	-0.04782965	0.09366054	-0.01235734
0.99362150	-0.09987002	-0.24697749	-0.00320530	0.03457061	-0.02284574
0.99443062	-0.10211813	-0.23899166	-0.00451827	0.00510858	-0.00627535
0.99206072	-0.10577622	-0.24494743	-0.00066210	-0.00048160	0.00867238
0.99489456	-0.10883893	-0.23702000	0.00242144	0.05545233	-0.02719713
0.99457414	-0.09730349	-0.23231807	0.01032390	0.01487794	-0.02970893
0.98876859	-0.09733667	-0.23987912	0.03322401	-0.02925609	-0.01680752
0.99797205	-0.09210456	-0.24159594	0.00016579	-0.03209512	-0.00320319
0.99682039	-0.10119990	-0.24714057	-0.00146978	0.01440984	-0.01430567
0.99502692	-0.09872067	-0.24580702	0.00773444	-0.04131175	-0.02121917
0.98923141	-0.09647978	-0.24944708	0.01547605	0.00560864	-0.01275484
0.99077417	-0.09525235	-0.23418875	0.00920182	-0.01818556	0.00030101
0.98987778	-0.09538557	-0.23611698	0.02386558	-0.02107126	-0.01301821
0.99273591	-0.09035589	-0.24046852	0.01092080	0.01816684	-0.01213710
0.99266557	-0.09206752	-0.24389422	0.00261427	-0.00819718	0.00176149
0.99366607	-0.09740089	-0.24685495	0.01156095	-0.02138553	-0.00986574
0.99489673	-0.10384571	-0.24454307	0.03900889	0.02339147	-0.01863524
1.00727025	-0.10476022	-0.24827327	0.05148278	0.03013290	-0.03195380
0.99347998	-0.11027476	-0.25976039	0.01874477	0.08073830	-0.04094864
0.99202600	-0.11124185	-0.26388670	0.04639504	0.04542696	-0.03275070
0.99783598	-0.10429803	-0.25979020	0.02461898	0.05257955	-0.03495597
0.98916286	-0.10108755	-0.25658291	0.05346809	-0.00164492	-0.04206319
0.97812643	-0.08747163	-0.24764974	0.07594195	0.06460864	-0.03448515
0.99158699	-0.09136561	-0.24888679	0.07361909	-0.00866809	-0.00796705
0.99692716	-0.09262457	-0.25224505	0.06551544	-0.05309346	-0.02173236
0.99818850	-0.09146981	-0.25071029	0.02659607	0.06290837	-0.02730956
0.99822990	-0.08890015	-0.25981606	0.00140113	0.06435239	-0.01905122
1.00375053	-0.09212864	-0.25383310	0.00778344	0.12407283	-0.02652762
0.99940074	-0.10028859	-0.25706630	0.01708201	0.03899257	-0.03165508
0.99681748	-0.09826342	-0.25850838	-0.00668821	0.12628150	-0.00071595
0.99421669	-0.09814257	-0.25429897	0.03528067	0.05684667	-0.02961245
0.99446614	-0.09980396	-0.26424022	0.01558366	0.05582899	-0.04770991
0.99455002	-0.10377735	-0.26206750	0.01586990	0.05825540	-0.03746678
0.99399330	-0.09675081	-0.25383500	0.04801874	0.07883231	-0.03512566
0.99816132	-0.10115017	-0.24931656	0.02438946	0.09102425	-0.02654532
0.99720907	-0.09499342	-0.24480040	0.01404743	0.06525015	-0.02113665
0.99755485	-0.09555526	-0.24301539	-0.00584122	-0.00519052	-0.01816974
0.99538772	-0.08860848	-0.23601544	-0.01955673	0.04762722	-0.02788186
0.99657253	-0.08693915	-0.23785274	-0.00674708	0.03266092	-0.03143413
0.99344403	-0.08789033	-0.23647433	-0.01048136	0.02844614	-0.00421074
0.99658296	-0.09728498	-0.23621627	-0.02657240	0.10872672	-0.01465028
0.99740880	-0.09116847	-0.24753117	-0.00988978	0.02557610	0.00185430
0.99580587	-0.09973097	-0.24362169	-0.00460984	0.08183912	-0.01088128
0.99746831	-0.09847674	-0.23508187	-0.00063502	0.05771322	-0.02080290
0.99539707	-0.10013999	-0.24058190	-0.01564374	0.10537400	-0.01293710
0.99337512	-0.10301000	-0.23855633	-0.00830951	0.07196862	-0.02638669
0.99282461	-0.09677657	-0.23255800	0.01446102	0.03204406	-0.01726162
0.98915601	-0.09769518	-0.23928724	-0.02281068	0.08268045	-0.00340098
0.99409303	-0.09890576	-0.24289350	0.00949719	0.00393894	0.00927794
0.99725750	-0.10055358	-0.23979431	-0.00551486	-0.00098190	-0.00862450
0.99738763	-0.09812647	-0.23506827	-0.00191673	-0.02569795	0.01540137
1.00564143	-0.09306745	-0.24002952	-0.00857886	0.05050828	-0.01265611
1.00130409	-0.09815883	-0.23043499	0.00523595	0.02365665	-0.01436399
0.99446863	-0.09895556	-0.23200732	-0.01901551	-0.03016554	-0.02021037
0.99530090	-0.09661163	-0.22591009	-0.00795316	-0.01495459	-0.01836061
0.99460114	-0.09937802	-0.23714779	-0.00542533	0.03976826	-0.00828842
0.99682117	-0.10499851	-0.23877859	-0.04988111	-0.00554418	-0.00128214
0.99608035	-0.10339117	-0.23950859	0.01938685	-0.02053444	-0.00578081
0.99891452	-0.09987413	-0.25030775	-0.03359832	0.02467433	-0.00379956
0.99873366	-0.10489692	-0.24275494	0.02942110	-0.01885529	-0.00427111
1.00130572	-0.10022610	-0.24911886	-0.01858008	-0.01267702	-0.02449844
0.99454618	-0.10319607	-0.24437703	0.00777501	0.00270961	-0.01389487
0.99375471	-0.10033924	-0.23668924	-0.00772564	0.02311522	-0.00625124
0.99706980	-0.09797015	-0.24131750	-0.00533716	-0.05694386	-0.00312233
0.99382193	-0.09995690	-0.24429028	0.00487012	0.01818195	-0.01448167
0.99890643	-0.09014967	-0.24935832	-0.01279765	0.03021808	-0.00541145
0.99479472	-0.08802285	-0.24191896	-0.01285644	0.03001548	-0.00043551
0.99394623	-0.09324595	-0.23812058	-0.02379883	-0.03420762	0.01268671
0.99504824	-0.08661408	-0.23174833	-0.04454675	-0.02774552	0.00556801
0.99058976	-0.09933271	-0.23376095	-0.00720479	-0.05576042	0.00037759
0.99557708	-0.09611725	-0.24086790	-0.03383735	-0.03176197	0.00532331
0.99725903	-0.09812439	-0.24006808	-0.02370049	0.00163117	0.01929291
0.99995204	-0.09976891	-0.24396591	-0.04756695	0.00277314	-0.00907870
1.00036740	-0.10108099	-0.24370123	-0.06575867	0.00426406	-0.00048412
0.99642248	-0.10088950	-0.25099294	-0.01483882	0.02786904	0.00543355
0.99409283	-0.09852607	-0.25506434	-0.00026940	0.01927276	-0.00675436
0.99478904	-0.10685015	-0.26172618	0.00497094	-0.00437935	-0.00120616
0.99986201	-0.09957016	-0.25852236	-0.03064263	0.01059994	-0.00342738
0.99733336	-0.10047185	-0.26782928	0.00535228	0.03972535	-0.00709420
0.99712155	-0.09902708	-0.25689988	-0.01454620	0.00491102	0.00444504
