0.95046143	-0.14279019	-0.36247854	-0.00472318	0.00283013	0.04527245
0.95162007	-0.15837635	-0.35748282	-0.08164082	-0.02527082	0.01928825
0.95009899	-0.15569450	-0.36438662	-0.02720436	0.00047893	0.01947517
0.95279575	-0.13458163	-0.37030580	-0.12371688	0.04630861	0.07766950
0.94744037	-0.15562176	-0.36261026	-0.02187639	0.01803437	0.03667689
0.94371211	-0.13697093	-0.36835529	-0.10542068	0.07451827	0.06352442
0.94760405	-0.14044331	-0.36075857	-0.10747390	-0.00391995	0.01425454
0.94577373	-0.14184084	-0.36562201	-0.20968696	0.00152159	0.01036895
0.93687486	-0.14847934	-0.36866685	-0.07710583	0.00085283	0.06283242
0.94369953	-0.15995474	-0.35616285	-0.22577197	-0.00190087	0.06762901
0.94940319	-0.14280748	-0.34784845	-0.07645229	-0.01383641	0.03451512
0.94363940	-0.17195466	-0.35329945	-0.17501038	-0.03463295	0.04927377
0.94395769	-0.15308281	-0.35533410	-0.18186973	-0.01860750	0.01915209
0.95685200	-0.14984201	-0.36666517	-0.13738888	-0.01249343	0.05060638
0.94878879	-0.11465169	-0.36082867	-0.05662072	0.02739338	0.01414599
0.96012237	-0.15197885	-0.37971744	-0.09118458	0.04659756	0.06087465
0.95638125	-0.13528605	-0.37854526	-0.27214255	0.10837186	0.02760463
0.95368599	-0.14299857	-0.37028481	-0.24900265	0.16601482	0.08216297
0.95952890	-0.14164947	-0.36668866	-0.30553525	0.11917053	0.10136084
0.96420246	-0.12230511	-0.36752774	-0.37658805	0.10722870	0.07357271
0.94733463	-0.14390669	-0.37367138	-0.26787815	0.11431199	0.11879293
0.95259786	-0.15454706	-0.35406083	-0.26582430	0.08319895	0.09546353
0.93827667	-0.15381066	-0.36352616	-0.36166496	0.07349706	0.08452687
0.93235055	-0.13485646	-0.35532250	-0.37611938	-0.00401764	0.08647836
0.94942848	-0.13893108	-0.35287914	-0.35762654	0.07331908	0.08119125
0.95362275	-0.14829587	-0.36365309	-0.29233520	0.00543705	0.07129756
0.94873339	-0.14914872	-0.37691336	-0.13100854	0.05274019	0.08173209
0.95465854	-0.14776337	-0.37797633	-0.30896876	-0.00239033	0.05669686
0.94817121	-0.14470865	-0.39084486	-0.24335289	0.01594510	0.05932532
0.94360697	-0.15467564	-0.37892284	-0.27861022	-0.00736146	0.01858362
0.93266319	-0.15778881	-0.38795104	-0.12727191	0.02276769	0.05632258
0.93498642	-0.16500476	-0.38311118	0.02978613	0.04555838	0.00466158
0.95186169	-0.16293657	-0.38605361	-0.09587456	-0.00924620	0.02611340
0.95216397	-0.19137327	-0.38943576	0.09837708	-0.01645892	-0.04601939
0.94779634	-0.18638308	-0.39024373	0.15285600	-0.01892265	-0.05289806
0.94768314	-0.21351606	-0.37931700	0.30826511	-0.02777217	-0.03896649
0.94734027	-0.19878096	-0.38815057	0.24926448	0.00291960	-0.05706913
0.95163939	-0.18011980	-0.38571986	0.20703720	-0.04219626	-0.06037219
0.94755570	-0.16803742	-0.36339288	0.19639925	-0.01065337	-0.10320974
0.95850055	-0.18433917	-0.36174711	0.29063083	-0.07954237	-0.07075363
0.94858462	-0.15856867	-0.35896835	0.28732904	-0.03884206	-0.13763660
0.95054277	-0.16451006	-0.35836088	0.42825123	-0.08020720	-0.13340182
0.94363170	-0.15022003	-0.36109374	0.48924408	-0.10854613	-0.12686908
0.94447243	-0.11441337	-0.35276794	0.44389060	-0.07973453	-0.14175930
0.95360677	-0.12964898	-0.37158865	0.43848073	-0.05527029	-0.09070260
0.95474849	-0.14594091	-0.36971492	0.28143779	-0.07179630	-0.10821635
0.95390308	-0.15230690	-0.36173115	0.29894352	-0.02806162	-0.12804768
0.96193063	-0.13879258	-0.36552812	0.37740968	-0.00422413	-0.10498496
0.95600098	-0.15381824	-0.35871310	0.38085000	-0.01930026	-0.10072500
0.95333233	-0.14747683	-0.33571969	0.22446024	-0.06022544	-0.13788002
0.95586749	-0.13298392	-0.33862993	0.16239831	-0.03725037	-0.15131036
0.95520632	-0.11346233	-0.32611544	0.27645315	-0.03961787	-0.05730530
0.95546761	-0.11849941	-0.35104335	0.19430160	-0.09290136	-0.05676563
0.95265520	-0.14943166	-0.35397165	0.31891614	-0.01821882	-0.06054855
0.94780390	-0.13082506	-0.35874173	0.08517215	-0.00908379	-0.03848955
0.95159994	-0.13770792	-0.34866956	0.11442773	-0.07219633	-0.03626324
0.95399998	-0.13509685	-0.34918293	0.02186756	0.00628356	-0.02499823
0.95754962	-0.12031753	-0.35706301	0.15076565	-0.05461479	0.00236153
0.96338090	-0.15294581	-0.35361359	0.13100748	-0.02385249	-0.02428033
0.96398226	-0.13556592	-0.34652448	-0.05648213	0.01056289	-0.03707373
0.96399956	-0.12736603	-0.35133730	-0.12704451	0.02357865	0.02252078
0.95885946	-0.11539445	-0.33803994	-0.02618809	0.05502876	-0.00697125
0.95103594	-0.13681543	-0.34726301	-0.20532036	0.02306617	0.03232203
0.95763224	-0.12008968	-0.33758250	0.02144201	0.01365150	-0.00060000
0.95863546	-0.12565532	-0.33870072	0.01066009	-0.02177797	0.02545612
0.95479979	-0.13313437	-0.34241066	-0.05381012	0.00278646	0.01193341
0.96529853	-0.14663458	-0.34251395	-0.12069175	0.02816236	0.03320055
0.95700196	-0.13977346	-0.34718702	-0.26634576	0.03897244	0.04439849
0.96196335	-0.15479402	-0.35200033	-0.27024667	0.04187527	0.03746868
0.95753466	-0.13726661	-0.35769175	-0.12314307	0.00989514	0.01911582
0.96326576	-0.15325798	-0.34729510	-0.06132845	0.02536162	0.10337194
0.95493149	-0.16358876	-0.35417573	-0.23004649	0.04647362	0.09721161
0.95043744	-0.14771377	-0.36327066	-0.29826886	0.06622728	0.07783050
0.95208335	-0.16975515	-0.38168939	-0.25369579	0.00386362	0.06800295
0.94541775	-0.15767821	-0.37070018	-0.33079834	0.08620499	0.11585694
0.94803729	-0.15869963	-0.37260153	-0.18395218	0.08704354	0.06310976
0.95038453	-0.13946583	-0.37831524	-0.18988654	0.09413592	0.08019385
0.94001535	-0.17764032	-0.36974665	-0.29996180	0.02733089	0.03589199
0.94382525	-0.17283438	-0.37604393	-0.23628421	0.02507160	0.06572216
0.93900037	-0.18576865	-0.35687168	-0.12310970	-0.03332181	0.05460023
0.94252804	-0.19095315	-0.36582802	-0.16204229	-0.07389532	-0.02308328
0.94848060	-0.16393558	-0.38119671	-0.11574834	-0.02934466	-0.05286198
0.95338452	-0.18760607	-0.37169326	0.04269814	0.02444464	0.00418178
0.94962741	-0.18387852	-0.36666982	0.00440132	-0.03461730	0.04651637
0.94950322	-0.18180842	-0.36082529	-0.06615109	-0.05945769	-0.00527800
0.95376259	-0.15882503	-0.34732389	-0.00268643	-0.10608010	0.03527811
0.95255581	-0.14751973	-0.35216578	0.11920965	-0.10693866	-0.02256788
0.96184424	-0.15973826	-0.34279285	0.23692731	-0.14104669	-0.01447877
0.95859461	-0.13203818	-0.33567454	0.05341574	-0.08362962	0.03495147
0.96001580	-0.13999441	-0.34071311	0.00684446	-0.08819848	-0.02042512
0.96052872	-0.08997608	-0.35090973	0.05309220	-0.04213525	0.01267637
0.96994117	-0.11391268	-0.35718858	-0.05712373	-0.02177627	0.04008402
0.96652715	-0.09151605	-0.35552076	-0.17496797	-0.02975439	0.06005234
0.95207339	-0.08503483	-0.35932263	-0.33652502	-0.03381633	0.03538529
0.95392803	-0.10731056	-0.36065711	-0.20940487	0.00674606	0.12820197
0.96053448	-0.11217848	-0.35034964	-0.34676230	-0.00164226	0.05809869
0.95445038	-0.10365704	-0.35590598	-0.41229238	0.00050930	0.11914987
0.96004698	-0.13680935	-0.36698092	-0.43930189	-0.02308163	0.10658517
0.95175122	-0.14670968	-0.36454440	-0.22648035	0.00648453	0.10427690
0.94277382	-0.16063288	-0.36322958	-0.30142079	0.06265969	0.11151888
0.95489503	-0.17795712	-0.36177979	-0.22889375	-0.00809922	0.10241594
0.95592710	-0.18230591	-0.38229717	-0.31189521	0.01065590	0.07002449
0.94513839	-0.18327939	-0.38598418	-0.11926901	0.02283594	0.04474089
0.94455871	-0.18000514	-0.38109978	-0.16238429	0.01893452	0.06510548
0.94542275	-0.19171539	-0.36541005	-0.06668977	0.03143655	0.02083653
0.94890851	-0.20776380	-0.36368566	-0.05207333	-0.04728367	0.05210098
0.94279438	-0.17427547	-0.35816600	0.04112468	0.00011671	-0.00219486
0.94994303	-0.16722844	-0.35567048	0.14805617	-0.02768246	-0.02122641
0.94353232	-0.17004456	-0.37094498	0.18621194	-0.04239179	0.01281253
0.94755683	-0.13886555	-0.38479483	0.06934915	-0.05058605	-0.00177519
0.95395586	-0.13703753	-0.37353909	0.19322033	0.03055970	0.00710390
0.95211233	-0.15397121	-0.38348618	-0.00923156	-0.01347430	0.00426658
0.95268730	-0.13170660	-0.36449517	0.11920891	-0.04905685	-0.00151104
0.95721074	-0.14040138	-0.37438665	-0.04604528	0.01559707	-0.05137022
0.96070101	-0.12723328	-0.36968700	-0.11212944	-0.03199301	-0.04188412
0.94828605	-0.12838206	-0.38329906	0.01296976	-0.02492059	-0.02924877
0.95380751	-0.13836213	-0.37083409	0.02362525	0.02149249	-0.02700045
0.95629291	-0.11371519	-0.37138931	0.17786324	-0.03438449	-0.01425273
0.94872578	-0.14919998	-0.36239020	0.02502216	-0.03327098	-0.00020112
0.95088376	-0.13279480	-0.36515917	0.07494907	-0.04906310	0.01141828
0.95148824	-0.14368466	-0.34863333	0.02850355	-0.01054396	0.01616222
0.94255504	-0.16514450	-0.35442768	0.11311031	-0.06594651	-0.02197878
0.95579976	-0.15074850	-0.37552135	-0.01608469	-0.03268614	-0.03969786
0.94968760	-0.14409144	-0.35365827	0.08861132	-0.00553297	0.02729793
0.94477618	-0.15250951	-0.36767929	0.10581952	-0.04715581	0.00362776
0.94986406	-0.12213667	-0.36923587	-0.00405340	-0.05378096	0.04192718
0.94689820	-0.15517700	-0.37256438	0.14534106	-0.01754610	-0.01768306
0.95001142	-0.12934096	-0.36392427	-0.02235893	-0.01155216	0.03639517
