0.92219426	-0.16917752	-0.39148011	0.04153650	-0.06941538	-0.00189834
0.91584785	-0.17243714	-0.40035294	0.11691208	-0.12312100	-0.01858916
0.91971590	-0.17062863	-0.41313498	0.10100366	-0.07510586	-0.01110413
0.92019411	-0.18185772	-0.42965151	0.13618716	-0.07998556	-0.01092156
0.92356170	-0.18523781	-0.43644496	0.12339706	-0.05599276	-0.04735491
0.92424245	-0.17666713	-0.42913352	0.19101575	-0.04749236	-0.07011159
0.92422670	-0.16363171	-0.44066082	0.14495806	-0.01766130	-0.05721585
0.93606364	-0.17203352	-0.43710510	0.14703871	0.00516921	-0.07442349
0.93211674	-0.17120158	-0.42552874	0.09781130	-0.01451381	-0.09409445
0.92967471	-0.17399897	-0.43359221	0.20569453	0.04201300	-0.08778267
0.93009388	-0.17036282	-0.41175397	0.10212581	0.04812397	-0.08921739
0.92077307	-0.16478127	-0.41005052	0.29521086	0.03448698	-0.09652563
0.92277500	-0.16630864	-0.40231828	0.23952348	-0.02748251	-0.10336060
0.92398293	-0.16624532	-0.41171103	0.17408178	-0.01468667	-0.10177128
0.92607434	-0.16053932	-0.42276136	0.21791832	-0.02180571	-0.12350798
0.93006179	-0.16963516	-0.42061254	0.21015592	0.01381425	-0.09687881
0.93054668	-0.15455236	-0.41734933	0.14469657	0.01313751	-0.12300479
0.93057785	-0.14412641	-0.41892017	0.10668416	-0.03203670	-0.09469858
0.93252812	-0.15329656	-0.40012382	0.22888676	-0.03254303	-0.07717606
0.93274535	-0.15235022	-0.40121481	0.23506374	-0.06417364	-0.08423513
0.93801588	-0.14523415	-0.40729503	0.17668037	-0.02938929	-0.08603263
0.92910923	-0.14675619	-0.41258640	0.14177385	0.01543245	-0.12321489
0.93254222	-0.14163485	-0.42035874	0.15231204	0.01747252	-0.06770371
0.93308480	-0.14477061	-0.40374757	0.20647441	-0.02000984	-0.07396450
0.93931345	-0.15276630	-0.41255812	0.19435023	-0.00821286	-0.09129947
0.93737153	-0.14453346	-0.40992617	0.14736447	0.02120830	-0.05167136
0.93175879	-0.14633754	-0.41103642	0.07983140	-0.00001744	-0.05525475
0.93155749	-0.15095022	-0.40125338	0.07102937	0.02743509	-0.05763038
0.93086565	-0.14878688	-0.40170086	0.15666374	0.00122533	-0.05597794
0.93243766	-0.14773698	-0.41021840	0.03904278	-0.00236443	-0.07111632
0.92945393	-0.16513693	-0.41268916	0.20165459	0.02351209	-0.03590887
0.92908866	-0.15020588	-0.41130514	0.00655968	-0.00047975	-0.06949825
0.92574469	-0.14881715	-0.40107514	0.02895087	-0.00014105	-0.03607013
0.92639330	-0.15237444	-0.39590558	0.02596253	-0.01276201	-0.01234667
0.92658506	-0.15190986	-0.39104628	0.04183352	-0.04788418	0.00411356
0.93219259	-0.15235438	-0.39368114	0.03790837	-0.01599113	0.00434795
0.93559506	-0.16394498	-0.40230137	0.06430718	-0.06022632	-0.02663541
0.93295258	-0.17284582	-0.41222820	0.10476904	-0.03054539	0.00461118
0.92574719	-0.17185704	-0.40238185	0.05463570	-0.04203083	-0.01927011
0.92819421	-0.18214265	-0.40399001	0.15874589	-0.01988790	-0.00886715
0.93817825	-0.17741987	-0.41618578	0.09548403	-0.01487266	-0.02902941
0.94289899	-0.17602613	-0.40243366	0.03295546	-0.01821942	-0.00954832
0.94476606	-0.16826569	-0.41132158	0.11659293	-0.04625390	-0.02894234
0.93387903	-0.16983492	-0.40680642	0.04117372	-0.00916368	-0.05600505
0.92430939	-0.17288915	-0.40624524	0.14605832	0.00321091	-0.06527966
0.92820466	-0.18412425	-0.40466879	0.07306329	-0.02676106	-0.05733623
0.93063565	-0.17671461	-0.39838912	0.10807699	-0.03197263	-0.05258269
0.93496696	-0.18015243	-0.39527969	0.09889571	0.02081991	-0.07223715
0.93421375	-0.17834754	-0.41392205	0.19202825	-0.00264044	-0.04304318
0.93378612	-0.17592042	-0.41058007	0.18420392	-0.01711276	-0.04799352
0.93143821	-0.18741245	-0.41915521	0.23744106	0.05146455	-0.11022012
0.93527292	-0.18196310	-0.40322482	0.19576741	0.03731240	-0.12089258
0.93805647	-0.17953270	-0.40935879	0.20339132	0.03360894	-0.06700985
0.93385875	-0.17232122	-0.42043880	0.11931113	0.10627775	-0.08314529
0.92764573	-0.16878662	-0.40785479	0.21843442	0.06344088	-0.09003074
0.92831359	-0.15630852	-0.39816709	0.21609799	0.03273257	-0.07667541
0.92779303	-0.15743089	-0.40283240	0.17864912	0.02569826	-0.06625682
0.92749543	-0.16896857	-0.39964321	0.10756767	0.01682321	-0.06934860
0.92383436	-0.17135126	-0.40351763	0.08401156	0.02087379	-0.09016402
0.92385271	-0.15948170	-0.40108725	0.03539638	0.01894404	-0.02690424
0.92919708	-0.15952137	-0.40198306	0.03641028	0.01370501	-0.04510316
0.94016312	-0.15935146	-0.38578735	0.04294137	0.03570552	-0.05590295
0.93740997	-0.15520419	-0.38185499	-0.01044442	0.04965669	-0.01473963
0.92871011	-0.15209215	-0.38862401	0.01246714	-0.01244940	-0.00215603
0.93022562	-0.15710519	-0.39045966	0.01766980	-0.02122904	0.01877639
0.93275211	-0.16848388	-0.38721072	-0.05856984	-0.04420160	0.01304486
0.93022343	-0.17668857	-0.39003665	-0.00045451	-0.01764719	0.03700553
0.93580383	-0.17557823	-0.39121143	-0.13553977	-0.03674994	0.03319421
0.93240769	-0.16251410	-0.38549576	-0.11310641	-0.05880396	0.03149921
0.94043888	-0.17593815	-0.40112828	-0.06217413	-0.04366254	0.03886402
0.94183948	-0.17850311	-0.40609802	-0.01827867	0.01579948	0.03265700
0.93849661	-0.17264834	-0.40427536	-0.02791281	-0.02895056	0.05621693
0.93366153	-0.17436710	-0.40263839	-0.03252211	-0.01788964	0.02101961
0.92845471	-0.16356420	-0.40018479	-0.02850625	-0.04117450	0.01404214
0.93127242	-0.17363536	-0.40349632	0.01269538	-0.02764809	0.04136558
0.93535592	-0.18095112	-0.40162341	-0.08235326	-0.03396540	0.02653967
0.94328307	-0.17596844	-0.40509306	-0.00805405	-0.03296941	0.02976354
0.94034221	-0.17311055	-0.40711180	-0.04743307	0.01890229	0.00733016
0.93519636	-0.18032001	-0.40813467	-0.00258999	0.02652859	0.01338171
0.93520675	-0.17427544	-0.40017310	-0.07312239	-0.03815931	0.01525144
0.92604835	-0.17123349	-0.39506601	-0.05565372	0.03610769	0.00102667
0.92989970	-0.15303076	-0.40798246	-0.02431011	0.01862085	0.03132982
0.92529789	-0.17364378	-0.40706033	-0.00397359	-0.00905554	0.00263953
0.92948584	-0.17175981	-0.41622957	0.00870443	-0.00867035	-0.01811516
0.93457097	-0.17647561	-0.41158744	0.03804638	0.08227878	-0.03241666
0.93603788	-0.16605014	-0.39840649	-0.00749364	0.00883910	-0.00734196
0.93007292	-0.16376337	-0.40808004	-0.04551213	0.00245013	-0.02747721
0.93572693	-0.16687371	-0.39418302	-0.09608144	0.02742458	0.01569191
0.92654417	-0.17919314	-0.40546927	-0.03099344	0.02967231	-0.01854022
0.93026753	-0.16594876	-0.40220957	-0.12211972	0.01402140	0.03838916
0.93121923	-0.15215777	-0.40245203	-0.12373923	0.06054585	0.02526692
0.93199612	-0.15735501	-0.39673277	-0.10289588	0.04897769	0.02638414
0.93427352	-0.14732671	-0.39063740	-0.08094694	0.07479748	0.07114543
0.93405758	-0.13920290	-0.40169882	-0.11000892	0.05776042	0.04516513
0.92779458	-0.13440644	-0.39249681	-0.18673246	0.04120577	0.04544645
0.93360773	-0.13698310	-0.39405553	-0.21038311	0.05328843	0.05317707
0.93931967	-0.14330025	-0.41026517	-0.23912302	0.09372746	0.04193291
0.93919056	-0.14985072	-0.40685795	-0.27945853	0.08744509	0.06430817
0.93411332	-0.16405781	-0.40521110	-0.22094588	0.07162866	0.06160560
0.93777425	-0.16959820	-0.40139384	-0.18482709	0.07313715	0.10698893
0.93703683	-0.16594982	-0.40563706	-0.18839198	0.05547213	0.07718558
0.93968529	-0.18274307	-0.40223907	-0.20787770	0.02705138	0.08680109
0.93799022	-0.17330127	-0.41027281	-0.16040525	0.04850813	0.03485459
0.93821971	-0.16581749	-0.39613538	-0.16206012	0.08415068	0.05846852
0.93620577	-0.17315786	-0.39782154	-0.16516686	0.02517015	0.06236509
0.93108878	-0.17634070	-0.39651253	-0.20349911	0.04614771	0.05005407
0.93406427	-0.17146725	-0.39916928	-0.16549782	0.06234491	0.10396497
0.92884832	-0.16621107	-0.40256268	-0.19321380	0.08036998	0.05511375
0.92736614	-0.16338577	-0.39119047	-0.24387182	0.08054192	0.02309578
0.93426910	-0.16985619	-0.39790833	-0.22348342	0.06618564	0.03445528
0.93693439	-0.16203836	-0.40026841	-0.14852097	0.12630009	0.05445030
0.93823366	-0.16149671	-0.39607474	-0.11245371	0.07516822	0.05986160
0.93676566	-0.15925375	-0.39142428	-0.20801558	0.07707277	0.04309556
0.92871904	-0.15201479	-0.37011712	-0.20094553	0.03293343	0.06406242
0.92635663	-0.16634377	-0.38310990	-0.12719293	0.02546996	0.02178169
0.93782778	-0.16357645	-0.38859856	-0.20977769	-0.03009456	0.05251574
0.94034151	-0.16060442	-0.39434903	-0.13136422	0.02222967	0.02958916
0.93745660	-0.17517154	-0.39758569	-0.06239551	0.01198780	0.01173511
0.94265255	-0.16591472	-0.40069841	-0.09514578	0.03061876	0.02828599
0.93821410	-0.16758328	-0.39494179	0.00776437	0.01199853	0.01445247
0.93682723	-0.15415675	-0.40224386	0.01926252	-0.01579464	-0.02121694
0.93972904	-0.15973437	-0.39337809	0.03311506	-0.00778946	0.00731665
0.93696703	-0.16697864	-0.39406407	-0.03826895	-0.00842885	0.00649429
0.93208733	-0.15173264	-0.40053077	0.01245901	-0.01767023	0.00835674
0.93083854	-0.15219866	-0.39417142	0.03584083	0.00309705	-0.02393915
0.93778586	-0.15324266	-0.39301364	-0.01833596	0.04245906	0.00502801
0.93511697	-0.15790164	-0.38427992	-0.00768125	0.01289498	-0.00758682
0.94240064	-0.16832974	-0.38371561	-0.02465068	0.00743254	-0.01320583
