0.95956867	0.23813769	0.24397234	0.00460946	0.00586291	-0.00405950
0.96307350	0.23528540	0.24528356	0.00087638	0.00622836	-0.00187990
0.96404152	0.23375636	0.24461972	0.00307740	-0.00254234	-0.00416538
0.96419152	0.23250139	0.24980637	0.00414569	0.01027584	-0.00558995
0.96294472	0.23407006	0.24031213	-0.00040892	0.00653433	-0.00078987
0.96204264	0.23281181	0.24084793	0.00346543	-0.00012942	-0.00063285
0.96282954	0.23295381	0.24480811	0.00563351	-0.00679222	-0.00445820
0.96051860	0.23365929	0.24953786	0.00716872	-0.00160245	-0.00507328
0.96283488	0.23592560	0.24563430	0.00243612	0.00418994	-0.00592820
0.96027699	0.23603887	0.24616719	0.00407487	0.00282405	-0.00542128
0.95445784	0.23387188	0.24436217	0.00461421	0.00931816	-0.00206351
0.95888574	0.23568590	0.25009317	0.00037462	0.00516679	-0.00078875
0.96258016	0.23669382	0.25828747	0.00350104	0.00905296	-0.00042353
0.95719512	0.23672333	0.26172235	0.00411719	0.00833122	-0.00589968
0.96034565	0.23425038	0.25274174	0.00555501	0.00592885	-0.00262888
0.96471311	0.23519572	0.24531227	0.00206343	0.01630907	-0.00426807
0.96390352	0.23192703	0.24165310	0.00018746	0.00956466	-0.00811381
0.96228736	0.23474829	0.23956490	0.00811972	0.00217986	-0.00429000
0.96133755	0.23887230	0.23963045	0.00587039	0.01717980	-0.00234932
0.96243713	0.23838502	0.24817378	0.00604278	0.01205552	-0.00170231
0.96592949	0.23662428	0.24845012	0.00402413	0.01541038	-0.00762009
0.96340102	0.23269598	0.23778185	0.00447693	0.01103536	-0.01345924
0.96156191	0.23474283	0.24361342	0.00127412	0.00138307	-0.00246061
0.95911883	0.23670266	0.23806436	-0.00065133	0.01130255	0.00291088
0.96052740	0.23583651	0.24291053	0.00704131	0.00929954	-0.00278490
0.96135429	0.23237979	0.24695574	0.00560361	0.01499169	-0.01033545
0.96613352	0.23534831	0.24716452	0.00494529	0.01513090	-0.00807296
0.96133907	0.23644894	0.24669466	0.00675634	0.00871127	-0.00892243
0.96484874	0.24168966	0.24511730	0.00895744	0.00747065	-0.00711984
0.96214086	0.23539377	0.24464621	0.00318373	0.00616958	-0.00414305
0.96082038	0.23030623	0.24171372	-0.00061024	0.01665183	-0.00390550
0.96508433	0.23112889	0.24424606	0.00132687	0.00839175	0.00397316
0.96179032	0.23207951	0.24481996	-0.00013624	0.00463442	0.00221777
0.95910487	0.23373259	0.23957748	0.00024670	0.00412323	0.00312583
0.95938042	0.23434226	0.23941448	0.00088339	0.00896707	-0.00435892
0.96134828	0.23374650	0.24521180	0.00315877	0.01263408	-0.00407454
0.96067438	0.23264053	0.24466181	0.00362161	0.00876836	-0.00522863
0.96320193	0.23449130	0.25270758	0.00095494	0.01490961	-0.00126326
0.96032110	0.23397601	0.24765778	0.00678391	0.01134982	-0.00545294
0.96147366	0.23363459	0.24611801	0.00850523	0.00323856	-0.00200719
0.95967683	0.23352897	0.24550456	0.00412787	0.00949225	-0.00293782
0.95964713	0.23631498	0.24927446	0.00028533	0.00092086	-0.00437367
0.95684793	0.23378871	0.24659034	-0.00127648	0.00461675	-0.00202371
0.95966745	0.23306853	0.24115701	-0.00024755	0.00710685	-0.00540126
0.95755810	0.23548020	0.24327574	-0.00195807	0.00625528	-0.00755278
0.96052937	0.23581880	0.24226058	-0.00104210	0.00406362	-0.00517176
0.96476548	0.23588100	0.24606799	0.00114545	0.00839965	-0.00400201
0.96560116	0.23390033	0.24794892	-0.00075638	-0.00140594	-0.00353774
0.96652258	0.23352417	0.24133425	0.00070900	0.01230468	-0.00641160
0.96586922	0.23400068	0.24280112	-0.00341782	0.00565330	0.00078271
0.96373903	0.23273912	0.23614983	-0.00348874	0.01380276	-0.00769090
0.96209966	0.23384221	0.24204153	0.00644302	0.02046456	-0.00460231
0.95858824	0.23076985	0.24835915	0.00764326	0.01245809	-0.00126899
0.96044889	0.23550801	0.24863797	0.00638585	0.00724119	-0.00081385
0.96299377	0.23825474	0.25015080	0.00320178	-0.00669086	-0.00427689
0.96696557	0.23606410	0.24426686	0.00028209	0.00316901	-0.00176551
0.96126637	0.23583201	0.23526381	-0.00185903	0.00795658	-0.00127707
0.95908828	0.23351495	0.24014701	-0.00624784	0.01208023	-0.00187265
0.96133651	0.23241920	0.23991688	0.00272633	0.00895906	-0.00726526
0.96107983	0.23679825	0.23831144	0.01170144	0.01890616	-0.01024535
0.96600643	0.23985242	0.24563373	0.00655298	0.02196707	-0.01174553
0.96573255	0.23907182	0.24458437	0.00507857	0.01421223	-0.00699268
0.96000469	0.23630244	0.24379141	0.00980670	0.01229665	-0.00680219
0.96197047	0.23611462	0.24626101	0.00545215	0.00630134	-0.00156349
0.95955316	0.23514633	0.24882593	-0.00013276	0.00828767	-0.00018316
0.95811295	0.23623676	0.24903194	0.00236199	0.00728731	-0.00349745
0.95770007	0.23924907	0.25555442	0.00452158	0.00974625	-0.00305594
0.95944584	0.24151732	0.25088173	0.00469603	0.01046446	-0.00654418
0.95974480	0.23739497	0.24724054	0.01074304	0.01291046	-0.01063866
0.96339927	0.23271142	0.25239565	0.00445836	0.00459657	-0.01177545
0.96422529	0.23582064	0.24376382	0.00706442	0.01025597	-0.00717022
0.96168557	0.24108778	0.24785398	0.00894384	0.01622165	-0.00853961
0.96647394	0.23567087	0.24202616	0.00874779	0.00916087	-0.00516966
0.97059431	0.23332719	0.24535323	0.01265658	0.01633016	-0.00554437
0.96482883	0.23566220	0.24599310	0.00784211	0.02069512	-0.00904964
0.96503103	0.23790077	0.24922468	0.01228778	0.00863168	-0.00897554
0.96486532	0.23483279	0.25066206	0.01060314	0.01221086	-0.00509852
0.96321459	0.23581011	0.25033725	0.00424483	0.01317465	-0.00598545
0.96007871	0.23802571	0.24446668	0.00793257	0.00417097	-0.00385718
0.96155474	0.23792903	0.25463012	0.01015711	0.01175040	-0.00447726
0.95684436	0.23554712	0.25169509	0.00589074	0.01658912	-0.00297824
0.96186607	0.23690647	0.24835994	0.00807091	0.01593313	-0.00751679
0.96087144	0.23485187	0.25463209	0.00305340	0.01613588	-0.00642877
0.96254365	0.23435054	0.24986926	-0.00055313	0.01878518	-0.00859472
0.96267544	0.23054244	0.24910013	0.00536316	0.01877625	-0.00651830
0.96057506	0.23159989	0.24704822	0.01107384	0.01348218	-0.00775754
0.96093545	0.23300071	0.24864329	0.00539163	0.00388358	-0.00972814
0.96245113	0.23371703	0.25663874	0.00441540	0.01087356	-0.00810430
0.96217682	0.23335470	0.25938044	0.00941465	0.00451868	-0.00704108
0.96219105	0.23149050	0.25515100	0.01002115	0.01202743	-0.00953946
0.96298116	0.23378764	0.25331429	0.00178778	-0.00058596	-0.00523352
0.96065996	0.23479326	0.25085475	0.00128049	0.01411545	-0.00207891
0.96331221	0.23318044	0.24544123	0.00270814	0.02456968	-0.00476283
0.95924736	0.23611084	0.23849406	0.00723161	0.03327833	-0.00935851
0.95753780	0.23580348	0.24392265	0.00823717	0.02195435	-0.00601568
0.95873118	0.23827691	0.25631267	0.00294245	0.01224809	-0.00239944
0.95802869	0.23909969	0.25280951	0.01341776	0.00606671	-0.01088133
0.96084583	0.23925634	0.25173476	0.00062553	0.00779213	-0.00528148
0.96493076	0.24045949	0.24937489	-0.00162190	0.00705591	-0.00258182
0.96098244	0.23870277	0.24571604	0.00059683	0.01149570	0.00212686
0.95927218	0.23740227	0.24955162	-0.00083989	0.00734730	-0.00062089
0.95897332	0.23886144	0.25392468	0.00266359	0.00448953	0.00002799
0.95724591	0.23840547	0.24588826	-0.00080393	0.00250275	-0.00174274
0.95710702	0.23617955	0.24136913	-0.00536646	0.00679911	-0.00589809
0.95866391	0.23820040	0.24848097	-0.00101949	-0.00659477	-0.00488381
0.96368637	0.23608159	0.24872492	0.00205075	-0.00516096	0.00028395
0.96207355	0.23412497	0.24467498	0.00361542	-0.00989611	-0.00453359
0.95897452	0.23954701	0.25222343	-0.00190443	-0.00324373	-0.00498532
0.95851798	0.24221239	0.25711598	-0.00480247	-0.00759082	0.00197584
0.96416047	0.23957371	0.25055008	-0.00325850	-0.01139303	0.00315047
0.96176643	0.23846131	0.25649941	0.00119999	-0.00257931	0.01040099
0.96342134	0.23614022	0.26219325	0.00283707	-0.00468973	0.00563931
0.96228799	0.23738066	0.25678338	0.00509533	-0.00284652	-0.00237318
0.96472430	0.24046711	0.25360093	-0.00016243	0.00814795	-0.00450642
0.96340312	0.23893099	0.24840110	0.00027358	-0.00167242	-0.00242103
0.95919580	0.23994248	0.24895806	-0.00422382	0.00479454	-0.00476819
0.96156881	0.23900407	0.25066896	-0.00672392	0.00656719	-0.00780829
0.95947800	0.23861908	0.25534612	-0.00366773	0.00224813	0.00010642
0.95767994	0.23642523	0.25571988	0.00173348	0.00283390	0.00108771
0.96197927	0.23913477	0.25526828	0.00370232	-0.00324105	-0.00259710
0.96005528	0.23531265	0.24986893	0.00231329	0.00001729	-0.00224255
0.95955347	0.23493999	0.25177326	-0.00288150	0.00316436	0.00091656
0.95892544	0.23655857	0.25135602	-0.00514794	0.00201186	-0.00301724
0.95632515	0.23523169	0.24899082	-0.00595705	0.00878809	-0.00061516
0.95884662	0.23422682	0.25210313	-0.00204110	0.01629028	-0.00554122
0.96309619	0.23697933	0.24775321	0.00552453	0.01828311	-0.00946372
0.96296834	0.23881676	0.24778220	0.00513768	0.01387680	-0.00686936
0.96171223	0.23901333	0.24792748	0.00452794	0.00417891	-0.00362049
