1.01867443	0.08024887	-0.06224471	-0.00161031	0.13316860	-0.03282791
1.02197319	0.07708334	-0.07585981	-0.00637271	0.13993644	-0.05553477
1.02135095	0.08015738	-0.07432851	-0.00188716	0.16995004	-0.04825460
1.02087385	0.07060443	-0.08780897	-0.01744720	0.15357011	-0.05027687
1.01687540	0.07220230	-0.08822482	-0.02114020	0.13736755	-0.08524279
1.01423206	0.07804676	-0.08965023	-0.06558315	0.18191806	-0.07155163
1.01078497	0.08131741	-0.07755225	-0.07243654	0.16569713	-0.05352162
1.00893837	0.08537530	-0.07159073	-0.04493513	0.12073356	-0.06084583
1.01489888	0.08900476	-0.06114955	-0.04787407	0.20684124	-0.03384066
1.01494070	0.09533095	-0.04841326	-0.04184880	0.09252396	-0.03178364
1.01692353	0.10886108	-0.04305773	-0.01885141	0.12962684	-0.02962379
1.01439253	0.10873256	-0.03708919	-0.02983563	0.06112895	-0.03831591
1.01212236	0.10450730	-0.03435796	-0.01388791	0.04018556	-0.01441641
1.01861992	0.10081950	-0.05092846	-0.01097951	0.03005383	-0.01198567
1.01967118	0.09602418	-0.05099598	-0.00050430	0.09665053	-0.01778246
1.02190890	0.09218360	-0.05365036	0.01072411	0.09907966	0.00158466
1.02595315	0.09260921	-0.04333789	0.01466786	0.04068415	-0.01803678
1.02100793	0.08755119	-0.05174391	-0.00707092	0.07462196	-0.00330797
1.01968430	0.09289259	-0.04507685	-0.00002978	0.06582044	-0.01558704
1.01281985	0.09405023	-0.04277130	-0.01490201	0.01116694	-0.00648318
1.01194579	0.09684396	-0.03534707	-0.00374466	-0.02413277	-0.01708056
1.01474926	0.10198712	-0.03615996	-0.00606934	0.03232352	-0.02361315
1.01678184	0.09600921	-0.02843926	-0.02498356	-0.04093949	0.01047867
1.02648357	0.10991437	-0.05062339	0.01042983	-0.02438647	0.00724637
1.02181709	0.09757597	-0.04008836	-0.00387110	-0.00953302	0.00258047
1.02146521	0.09802363	-0.04080583	0.00716826	-0.01685366	0.03453200
1.02209912	0.09440793	-0.02804955	-0.00975008	-0.03587310	0.00533098
1.01756248	0.09295543	-0.03803772	0.00202650	-0.05019488	0.04117843
1.01494114	0.08768622	-0.04686891	0.01637460	-0.01718616	0.02847997
1.01937082	0.09041068	-0.04939025	0.02004309	-0.02125541	0.03224980
1.01741142	0.09715501	-0.03059415	0.00110620	-0.08340454	0.01430290
1.01700120	0.09455435	-0.04931698	0.01432931	-0.01028412	0.01730667
1.01759493	0.10082411	-0.05096655	0.02245420	-0.03323363	0.02259151
1.01883675	0.08499623	-0.03683084	0.01870184	-0.05858957	0.00103621
1.01582067	0.09928480	-0.05175361	0.00701646	-0.07874920	0.01291134
1.01933846	0.09305423	-0.05294110	0.01172069	0.02149734	0.01736403
1.02113147	0.10026862	-0.04910235	0.02080543	-0.03067673	-0.00120995
1.01813674	0.09273986	-0.05443325	0.00055534	-0.05890949	0.00696941
1.01972136	0.09983748	-0.05204179	0.00701670	-0.10281771	0.01587884
1.01734323	0.09852527	-0.05845422	0.00532687	-0.17266844	0.02314687
1.02133431	0.08315247	-0.06178664	0.01589631	-0.06029635	0.01898562
1.01785805	0.08842316	-0.06885411	0.00630937	-0.07722320	-0.00440942
1.01576911	0.08351838	-0.06160372	0.01154012	-0.02673951	0.03306952
1.01433667	0.09279564	-0.06178667	0.00748461	-0.04714970	0.01649675
1.01410321	0.09765571	-0.06648286	0.01454588	-0.05214696	0.02070319
1.01364781	0.09133728	-0.08413953	0.03392316	-0.04361288	0.01544553
1.01761049	0.08536257	-0.07548689	-0.00389768	-0.04677279	-0.00094198
1.02110409	0.09409880	-0.08275391	0.01302205	-0.02932893	-0.00189828
1.01728268	0.09668785	-0.05689886	0.01777399	-0.04522110	0.01072422
1.02084342	0.09480923	-0.05557034	-0.00229420	-0.01103932	0.01169942
1.01831352	0.09184780	-0.06374638	0.01230197	-0.05063029	0.02769537
1.01435565	0.10416428	-0.06204031	0.00992592	-0.01982842	0.01651989
1.01544215	0.10179622	-0.06540107	-0.00582204	-0.06242510	0.00888348
1.01859984	0.09341230	-0.07817223	-0.02313342	-0.04953777	0.03047738
1.01862037	0.09524169	-0.07834637	-0.00651075	-0.08647832	0.02332500
1.01781596	0.09689457	-0.08058163	0.01156478	-0.06927390	0.02072457
1.01732591	0.10027037	-0.07656976	0.00819339	-0.04147855	0.05469327
1.01850215	0.09998175	-0.07061667	0.03324542	-0.04020416	0.04736478
1.01970227	0.10250523	-0.06238766	0.02083153	-0.00274084	0.00871504
1.02079002	0.10058607	-0.07276233	0.02975948	-0.00287421	0.01185807
1.01761332	0.10230981	-0.07299880	0.02223371	-0.07700483	0.01615335
1.01533678	0.10265449	-0.07055896	0.03012320	-0.03537223	0.01685006
1.01902532	0.09745145	-0.07631859	0.02754165	-0.01990141	0.01006274
1.02079847	0.08801705	-0.07628600	0.01731891	-0.06943970	0.01633344
1.01856251	0.08804730	-0.08724824	0.00957083	0.02717223	0.01342407
1.02266455	0.09158352	-0.07464760	0.00433841	-0.01716808	0.01812887
1.02251368	0.09615653	-0.08086154	-0.00380256	-0.00014715	0.01817996
1.02102129	0.09088953	-0.07700306	-0.01163116	0.00058163	0.00712694
1.01568266	0.09408703	-0.07173656	0.01220707	-0.04189887	0.00991108
1.01661728	0.09024949	-0.06120659	0.00307337	-0.01016646	-0.00352794
1.01719520	0.08799016	-0.07689067	-0.00015039	-0.01324035	0.02278411
1.01757005	0.08791126	-0.06978074	0.01342530	-0.01376030	0.00336113
1.01728265	0.08541899	-0.08628893	0.00266697	0.00953901	0.01260366
1.01266092	0.08875678	-0.08245484	-0.00856721	0.01904082	0.00753462
1.01094009	0.08853736	-0.08593679	0.01041576	0.02813455	0.00659882
1.01365026	0.08826132	-0.06824252	0.00655141	0.07634033	0.00115543
1.02269016	0.09221859	-0.07027764	-0.00113425	0.03469348	-0.02238194
1.02278644	0.09832486	-0.07086952	0.02228236	0.05687149	0.01566424
1.01814390	0.10578627	-0.06811536	0.01562439	-0.00167280	-0.00295873
1.01434907	0.10423065	-0.07029936	0.01670322	0.00429326	0.00323756
1.01746638	0.10722735	-0.06611703	0.01020743	0.06090776	0.01326941
1.01957394	0.10097116	-0.07068911	0.02209186	0.07017980	0.01603086
1.02013156	0.10290834	-0.06759339	0.02383367	0.01116687	0.03273502
1.02124596	0.09018490	-0.06833963	0.00782937	0.00652132	-0.00500577
1.01255704	0.09456790	-0.06668142	0.03541842	-0.00023838	0.02463587
1.01351571	0.09204539	-0.07240292	0.01472160	0.02461061	0.02523558
1.01372798	0.08676082	-0.06178650	0.02624171	0.00578133	0.02376450
1.01872749	0.08552153	-0.06616886	0.01808171	0.06281700	0.02883096
1.02374809	0.09157726	-0.06032840	0.00011014	0.07222570	0.03438933
1.02369179	0.10402292	-0.05814297	0.02145024	-0.00692953	0.00114006
1.02524554	0.10443183	-0.07313713	0.01771856	0.04228232	-0.00753409
1.02023533	0.11175151	-0.07232876	0.01786243	0.07675095	0.02057677
1.01870065	0.10343830	-0.05384479	0.01298059	0.01076518	0.03679920
1.01767392	0.09532007	-0.07470310	0.00069931	0.01632366	0.03599044
1.01868253	0.09319308	-0.06296645	0.00841739	0.01565651	0.03572781
1.01411676	0.10781911	-0.05136674	0.01853059	-0.01767138	0.02503185
1.01469165	0.10688721	-0.05601241	0.01038842	-0.03199027	0.03383942
1.02122957	0.10134311	-0.04639160	0.00886775	0.05711690	0.02651077
1.02227918	0.09414813	-0.05368889	0.00610715	0.03380107	0.03466796
1.02200318	0.09925216	-0.05574153	-0.00045801	-0.00083142	0.03859533
1.02190551	0.09426718	-0.05393080	0.01283469	-0.00392914	0.03474706
1.01917415	0.09426180	-0.04916859	0.01579423	-0.04164956	0.03833973
1.01461227	0.10197590	-0.04691500	-0.00670217	0.02467543	0.03222835
1.00895370	0.09591275	-0.04570771	0.01439240	0.01509500	0.01543587
1.01310372	0.09678408	-0.04080693	-0.00164883	-0.02258436	-0.00214086
1.01737052	0.10468929	-0.04610641	0.03030647	-0.02699566	0.00689912
1.01493599	0.10387296	-0.05196517	0.02512394	-0.04931327	0.00071157
1.01641767	0.09958428	-0.06688492	0.00411332	-0.03829487	0.01209833
1.01866005	0.10047674	-0.05884688	0.02046153	-0.01198095	0.03244371
1.02025784	0.09823499	-0.04990886	0.02169642	-0.01107975	0.02540432
1.02004355	0.09110939	-0.05285562	0.02502966	0.03657524	0.01581269
1.02018240	0.09347006	-0.05070008	0.00495729	-0.01260868	0.02219382
1.02207208	0.09415027	-0.03944880	0.01880472	-0.04236942	0.02169892
1.01576005	0.09899566	-0.06078819	0.01809763	0.00163591	0.01740893
1.00827401	0.09180507	-0.05746105	0.02090369	-0.01061225	0.02110675
1.01243245	0.09467713	-0.05363387	0.00592009	-0.07038083	-0.00195886
1.01953261	0.09979899	-0.05581123	0.01269109	-0.02293118	0.00937996
1.01589630	0.09510274	-0.04813111	0.03108317	-0.03718958	0.00822916
1.02242816	0.10254204	-0.04947655	0.01747615	-0.02462121	0.00414900
1.02332347	0.09468324	-0.05251262	0.00445230	0.00091193	0.01105609
1.01994611	0.10190082	-0.03970975	-0.00594133	-0.08155489	-0.00562585
1.02232018	0.09933968	-0.04188778	0.00532469	-0.01790357	0.00492644
1.02187211	0.10178496	-0.04642745	0.01893146	-0.07177429	0.01456475
1.01604535	0.10262408	-0.04860127	0.01390114	-0.02693049	0.02631229
1.02184182	0.09742050	-0.05245842	0.02964508	-0.05596251	0.03623752
1.02149367	0.08997286	-0.04363379	0.01705405	-0.04029151	0.03093141
1.01827405	0.08767910	-0.03856475	0.02614998	-0.05882754	0.02359524
1.01489372	0.08825610	-0.04234013	0.02267871	-0.04196861	0.02572335
