1.02178727	0.11068480	-0.04113089	-0.01852909	0.00154952	0.00290859
1.01948727	0.10335635	-0.05396097	-0.00342551	-0.05645345	0.01308580
1.01805336	0.09847338	-0.03382221	0.00301758	-0.05544898	0.01234458
1.01982038	0.10777183	-0.04394847	0.00083152	-0.01232269	0.00384290
1.02308922	0.10392327	-0.05376049	0.01960701	0.00866609	0.02341042
1.02043836	0.10608455	-0.05470805	0.00958125	-0.04485786	0.02109764
1.01616898	0.11448963	-0.06148073	0.01106879	0.00733913	-0.00189882
1.01932148	0.10874815	-0.04567679	0.00213461	-0.00986749	0.01933381
1.01879380	0.10256068	-0.04743686	0.00302210	0.02382950	0.01529117
1.01987498	0.09696334	-0.04201843	0.00192037	-0.00522281	0.03302433
1.02141753	0.09025997	-0.05445018	0.00798140	0.06452377	0.00263494
1.01972696	0.09517584	-0.05369270	-0.00095025	-0.05611965	-0.00492479
1.01908809	0.09696089	-0.05037982	0.00868787	-0.04343688	-0.02475406
1.01659418	0.10494842	-0.04838231	0.02288798	-0.01548932	0.00306623
1.01556291	0.09983072	-0.04797277	0.01004637	0.04213630	-0.00424435
1.01590376	0.09998199	-0.06404143	0.00328883	0.00195964	-0.00782346
1.01619089	0.10111465	-0.05130965	0.00427576	0.01100315	0.00748610
1.02329619	0.10368192	-0.05236576	0.01631138	0.00692879	0.00364418
1.01866382	0.11012122	-0.05994714	0.00847298	-0.01431411	0.00358855
1.02148267	0.10342222	-0.05683072	0.01840070	-0.05455262	0.00095424
1.02097187	0.10861021	-0.04957786	0.01217520	0.04476757	-0.00425692
1.01977924	0.10966868	-0.03900694	0.00202509	0.00971021	0.01229693
1.01877328	0.10797215	-0.04848393	0.01329531	-0.03383413	-0.00499444
1.01460634	0.09857059	-0.04971393	0.02060033	-0.02421825	-0.00206018
1.01678526	0.10581445	-0.04633438	0.00923391	0.01111721	0.01942368
1.02649698	0.10657628	-0.05840472	0.02117012	-0.02989359	-0.00503109
1.02301361	0.10296360	-0.04465141	0.03700514	-0.07270368	0.00024425
1.01753352	0.10778281	-0.05660867	0.00914767	-0.02909728	-0.00116738
1.02152948	0.10098652	-0.05676138	0.02057224	0.02179236	0.01117899
1.01881774	0.10596619	-0.05341459	0.01920711	-0.01805378	0.01812553
1.01927892	0.10930601	-0.03636712	0.01786405	-0.05492619	0.01723114
1.01999284	0.11188545	-0.05024566	0.02391041	-0.04075055	-0.00590400
1.02000351	0.10803249	-0.05029933	0.02094964	-0.12689321	-0.00394572
1.02205351	0.10869340	-0.05892256	0.00686635	-0.08995635	0.02305943
1.01703451	0.11324019	-0.04389132	-0.01309851	-0.05823314	0.04501984
1.01097892	0.12280833	-0.04168063	-0.01071344	-0.09018461	0.05460479
1.01348393	0.11394814	-0.02285617	-0.00028916	-0.19622511	0.08652602
1.02622601	0.10614220	-0.04556520	-0.03236481	-0.25913624	0.06988859
1.02628864	0.08513608	-0.08283947	-0.04509219	-0.23626678	0.06278994
1.02143295	0.07617121	-0.10002853	-0.03746650	-0.11845034	0.04119485
1.01154152	0.08237314	-0.09742907	-0.04028970	-0.10847429	0.03231006
1.00619074	0.08208273	-0.12211648	-0.03565451	-0.08292214	0.03799588
1.00528091	0.07678341	-0.10357410	-0.03292635	-0.01743414	0.04163346
1.01031647	0.08777942	-0.11448521	-0.02217646	0.03131288	0.01129170
1.01350098	0.08744148	-0.10982532	-0.02270620	0.04558090	0.01164700
1.01645910	0.09535246	-0.09866986	-0.01297094	0.08351284	-0.00421577
1.02496291	0.09918978	-0.08205208	0.00941636	0.03748951	-0.00194470
1.02686478	0.10372857	-0.07420885	0.00996766	0.15115873	0.00146189
1.02604660	0.10826202	-0.07900993	0.00768995	0.03758356	-0.00378636
1.02044497	0.09572186	-0.08244981	-0.00965202	0.03739307	0.01290888
1.01572967	0.09536687	-0.05335106	-0.00340606	0.09007558	0.02829451
1.01586731	0.09883654	-0.06573428	-0.01532655	-0.03199073	0.01701215
1.01927595	0.09555603	-0.06412842	0.00108669	0.09167043	0.02888168
1.01806134	0.09329055	-0.06746558	-0.00472540	0.07325336	0.02116150
1.01696532	0.09614680	-0.06160378	-0.01176510	-0.05463908	-0.00420819
1.01560281	0.08870871	-0.07450139	-0.00976386	0.04803949	-0.00767609
1.01342080	0.09115062	-0.07899826	-0.00685249	0.09116135	0.00085900
1.01817788	0.09132929	-0.06228046	-0.01975181	-0.02670142	-0.00605241
1.02437902	0.09170546	-0.07542472	-0.00367813	-0.02937569	-0.01221915
1.01974871	0.08946626	-0.06989443	-0.00411009	0.02824700	-0.00521463
1.02091588	0.10955767	-0.08201093	0.01635449	0.04241941	-0.01888352
1.02414023	0.10377525	-0.04931160	0.00685735	0.01897046	-0.02096842
1.02354371	0.09698624	-0.06767495	-0.00485093	0.04971636	0.00935121
1.01856009	0.09998852	-0.06376737	-0.00009515	0.05924095	-0.00408712
1.02137666	0.09257933	-0.05227404	0.00826017	0.03866262	0.00187094
1.01777286	0.08744192	-0.06017817	0.02890999	0.02742985	-0.01561465
1.01846899	0.09789422	-0.05430190	0.00963675	0.03579638	-0.01217056
1.02138879	0.09306833	-0.03106402	0.01610410	0.04143845	-0.00053592
1.01725236	0.09325207	-0.05089061	0.01967251	0.03598475	-0.00999095
1.01815191	0.09096720	-0.05441076	0.02175987	0.01076804	-0.01833292
1.01431697	0.09769464	-0.05034953	-0.00250590	0.00767905	-0.01792214
1.01986467	0.09250957	-0.06836740	0.00600163	0.02378756	-0.01398423
1.02701957	0.10206600	-0.05888179	-0.00646943	0.04828365	-0.01361272
1.02711587	0.09723085	-0.04643847	-0.00089824	0.00127540	-0.02051421
1.02453534	0.09759544	-0.03720011	0.00357833	-0.00158614	-0.01262228
1.01905503	0.09949688	-0.05757580	-0.00980279	0.12204525	0.00533196
1.01498024	0.09354153	-0.04647094	-0.00512010	0.03724056	0.00571766
1.01888439	0.10535644	-0.03973578	-0.01400692	0.06242964	-0.01179482
1.01611163	0.10691414	-0.05955045	-0.00129074	0.05144619	0.00220693
1.01709924	0.09907145	-0.06710906	-0.00026697	0.00617512	-0.00155349
1.01674199	0.09905595	-0.07179623	-0.00848855	0.06075204	0.01675844
1.01746400	0.10168749	-0.05912216	-0.00033131	0.08051673	0.00892354
1.02073632	0.10012991	-0.06172263	-0.00878481	-0.06235773	0.03182937
1.02361401	0.09717912	-0.04729487	-0.00296610	0.03811903	0.00335140
1.01764510	0.10019678	-0.04902835	-0.01296235	0.14337495	0.01766520
1.01546807	0.10177098	-0.03864304	-0.01805042	0.02173957	0.01523156
1.01431183	0.09553400	-0.01759372	0.00035271	0.06190024	0.00802910
1.02032140	0.08969090	-0.04258262	-0.00382166	0.05595920	0.00847092
1.01759824	0.08515994	-0.03829953	0.00703788	0.03803071	-0.00056035
1.00862300	0.09064764	-0.06202554	-0.01968579	-0.01405132	0.00437870
1.01473575	0.08893399	-0.06099917	-0.01336815	-0.05679577	0.00535734
1.01222332	0.09796610	-0.05150203	0.00453630	-0.06742128	0.01122311
1.01730845	0.09640950	-0.04501475	-0.00432282	-0.03149079	0.01174681
1.02262908	0.09488070	-0.03897368	-0.00824224	-0.02311551	-0.00582074
1.02425144	0.09324347	-0.03597654	-0.00989404	-0.03718445	0.00142493
1.02119634	0.09101040	-0.04804266	-0.00992637	0.02435339	0.00066392
1.01746427	0.09861500	-0.06066389	-0.00661959	-0.03064254	0.01019701
1.01684908	0.09924738	-0.04920510	0.01406065	-0.03119869	0.01660642
1.02103816	0.08944480	-0.04849972	-0.00860462	0.02205210	-0.00527987
1.02046948	0.07302938	-0.03053585	0.00890922	-0.00058879	0.01606710
1.02194795	0.09192429	-0.04235333	0.02048616	-0.06016338	0.00936126
1.01834877	0.09450794	-0.03957601	0.00450350	-0.00760327	-0.00339223
1.02576473	0.08683164	-0.04884866	0.00887118	-0.03504358	0.02221345
1.02304494	0.08710964	-0.05094803	0.00813573	0.02070025	-0.00972815
1.02332600	0.09925717	-0.05542240	0.00253671	-0.03511533	-0.01749344
1.02380007	0.09702451	-0.05058597	0.00366077	-0.07172413	0.00270004
1.01604073	0.09248126	-0.04440204	0.01721437	0.01652490	0.00747619
1.00903238	0.09737837	-0.05366688	0.00996665	-0.00331307	-0.00771528
1.01221572	0.09404282	-0.05670466	0.00799832	-0.02319101	0.00106181
1.01965372	0.08569869	-0.03649368	0.00287932	0.00486537	-0.02663994
1.01738032	0.07904426	-0.05413414	-0.00955241	0.02280721	-0.02599687
1.01488237	0.08764802	-0.04323698	0.00047709	-0.04293883	-0.00845233
1.02363133	0.09889377	-0.04228640	0.01429258	-0.01095410	-0.01579697
1.02274070	0.10581502	-0.04178460	0.01326192	-0.03001564	-0.02920087
1.02271123	0.09403401	-0.06248888	-0.00155489	-0.01877376	-0.00304022
1.02403772	0.09227565	-0.06633813	-0.00958115	0.00011197	0.00854691
1.01650328	0.09487890	-0.08468327	0.00700428	0.04187211	-0.01192413
1.01467547	0.10326806	-0.06003076	-0.01447205	0.02695921	0.00516381
1.01528676	0.09681293	-0.04850254	-0.03491824	0.03921426	0.02194691
1.02192880	0.09591417	-0.05699437	-0.03657250	-0.00092265	0.03994224
1.02629444	0.09814525	-0.07084194	-0.02628243	0.06117814	0.04481544
1.01821255	0.09887521	-0.05856890	-0.02353164	0.06214372	0.04606581
1.01720957	0.10219904	-0.06280729	-0.03436754	0.02076184	0.05996244
1.01655878	0.09044600	-0.05815397	-0.02265502	0.06675768	0.06635362
1.02017360	0.09519588	-0.03889562	-0.03003569	0.05003681	0.06487013
1.01834286	0.09810892	-0.04438707	-0.02477340	0.07337480	0.06395941
1.02536900	0.09313984	-0.04139105	-0.02485859	0.07444422	0.07884752
1.02628449	0.08763902	-0.04900868	-0.05469426	0.14781247	0.07599371
