0.03624065	0.46302783	0.89822452	-0.00513505	-0.03841556	-0.00627386
0.02835787	0.46601661	0.89468328	-0.00603090	-0.04238412	-0.00705839
0.03452250	0.46695798	0.89280236	-0.00864946	-0.00323017	-0.00321153
0.03715879	0.46274196	0.89238552	-0.00046975	-0.02867525	-0.00740914
0.03643076	0.45960857	0.89421968	0.00320165	-0.01700396	-0.00899339
0.03766534	0.46356570	0.89453437	-0.00947431	-0.00604864	-0.00524896
0.03527771	0.46280848	0.90142894	-0.00093544	-0.01692812	-0.01038898
0.03054309	0.46014775	0.90060297	0.01622571	-0.05295012	-0.00878930
0.03512993	0.46078507	0.90325114	0.00677300	-0.07461251	-0.00368027
0.03147004	0.45780051	0.90111370	0.00932270	-0.02194439	-0.00404708
0.03638608	0.46171630	0.90196940	0.00866426	-0.00101560	-0.00377486
0.04724654	0.46294909	0.89418520	-0.00148869	-0.05678769	-0.00045562
0.04252935	0.45979057	0.89356503	0.00412755	-0.05338954	-0.00544976
0.04581125	0.46098237	0.89447928	-0.00024064	-0.00414856	-0.00581307
0.04983349	0.46527170	0.88714965	0.00280752	-0.03746315	-0.00883582
0.05029008	0.46759872	0.89490509	0.00031202	-0.02996913	-0.00899456
0.04974374	0.46165882	0.89779280	-0.00047993	-0.01707867	-0.01161606
0.04347005	0.45313315	0.89908780	-0.00107513	-0.02634747	-0.00488719
0.04882372	0.45607355	0.89534757	-0.00015206	-0.02053066	-0.00629831
0.04474020	0.46405926	0.88935128	0.00508132	-0.03382289	-0.00171990
0.04737465	0.46237810	0.89613458	0.00448191	-0.01237133	-0.00058820
0.04413590	0.46661252	0.90255833	0.00661596	-0.02954690	-0.00604360
0.04999313	0.46473125	0.89730045	0.01028668	-0.03452082	-0.00317595
0.05280635	0.46557734	0.89603084	0.01019818	-0.04271722	-0.01127071
0.05576980	0.46173639	0.89132900	0.00754719	-0.02394135	-0.01206219
0.04711677	0.46445969	0.89337766	0.00662714	-0.02130431	-0.00678528
0.05262338	0.46094977	0.89855492	0.01548266	-0.02815051	-0.00281405
0.06099647	0.46237110	0.89666451	0.00563352	-0.01623864	0.00153485
0.05826629	0.45808572	0.89429557	0.01155286	-0.00915486	0.00114035
0.05984061	0.45976962	0.89376301	0.00328797	-0.03000137	0.00627995
0.05012260	0.46239500	0.89022399	0.00122051	0.01245268	-0.00036652
0.04987890	0.46596981	0.88843568	-0.00999733	-0.02106293	-0.00364207
0.05772326	0.46401378	0.88460771	-0.00511919	0.00822767	-0.00813490
0.06523495	0.46660056	0.89327052	0.00327547	0.04635477	-0.01434566
0.05292770	0.46163085	0.89127557	0.00827174	0.04164884	-0.00948198
0.05417909	0.46190766	0.89492833	-0.00850217	0.00445953	-0.00842494
0.05443372	0.46811188	0.89122250	-0.01531926	0.00033177	-0.00455830
0.05451079	0.46970267	0.88981743	-0.01795948	0.03298314	-0.00215094
0.04665517	0.46727325	0.89433108	-0.01055457	0.06269903	-0.00139258
0.04350647	0.46462853	0.89740640	-0.00329333	0.03709375	0.00207358
0.04797455	0.46799533	0.89422309	-0.00386067	0.02700962	0.00165511
0.05535534	0.46680944	0.89286035	-0.00103724	0.03464474	-0.00356187
0.05749670	0.46560173	0.89227049	-0.00876357	0.03592864	0.00162028
0.05038855	0.46423689	0.89068275	-0.01265174	0.02201561	0.00170664
0.05250495	0.46071522	0.89337546	-0.01373236	0.04101693	-0.00004112
0.04522243	0.46163171	0.89475779	-0.01552149	-0.00036356	-0.00004845
0.04487787	0.46314731	0.89117969	-0.01555078	0.04473434	-0.00472640
0.05047687	0.46217781	0.89653800	-0.00707795	-0.00002976	-0.00601226
0.04307417	0.45783761	0.89748536	0.00073600	0.00588878	-0.00268327
0.05218135	0.45532602	0.89760453	-0.00031692	0.00316179	-0.00868180
0.05014360	0.46126055	0.90080082	-0.00889087	0.01662726	-0.00274044
0.04226725	0.46198312	0.89287209	-0.00433303	0.02362737	-0.00302437
0.03837020	0.46696209	0.89905684	-0.00498908	0.02175729	-0.00305269
0.04557549	0.46602510	0.89541605	-0.01025773	0.04435025	0.00096223
0.04898111	0.47045714	0.89260292	-0.00965862	0.03406196	0.00045708
0.04986923	0.46960647	0.88535253	-0.00868110	0.03010635	0.00157540
0.04673078	0.46569913	0.88844132	-0.01068526	0.05873717	-0.00290812
0.05086060	0.46244947	0.89787639	-0.01204120	0.06364044	-0.00275023
0.04209259	0.46487144	0.89595035	-0.00546533	0.02833693	-0.00440491
0.04697455	0.46124964	0.89552891	-0.00814537	0.02318836	-0.00181462
0.04319580	0.46472523	0.89743079	-0.01111490	0.03933410	-0.00331675
0.04121537	0.45778612	0.89640455	-0.00650267	0.03197031	-0.00190306
0.04053319	0.45815920	0.89763440	-0.00881601	0.00605219	-0.00052551
0.04182924	0.45507856	0.89546225	-0.01147566	0.01858135	-0.00343536
0.03626224	0.46130277	0.89449298	-0.00075993	0.02036356	-0.00737003
0.04829189	0.46094448	0.89543426	0.00059927	0.01889063	-0.00625258
0.05005276	0.46077902	0.89868720	-0.00107942	0.03621622	-0.00520364
0.04099501	0.46330499	0.90077163	0.00195026	0.00602664	-0.00301492
0.04298048	0.46025665	0.89925830	-0.00118315	0.01285602	0.00124852
0.04216325	0.46202306	0.90198789	-0.00209687	-0.01116303	-0.00109241
0.03843481	0.46259907	0.90865299	-0.00179764	-0.00599641	-0.00293977
0.04354859	0.46182409	0.90926484	-0.00408973	-0.02367361	-0.00106184
0.03858969	0.46687938	0.90366189	-0.01104646	-0.01992354	-0.00288381
0.03561082	0.46096359	0.90381258	-0.01441363	0.00721215	-0.00090405
0.03920696	0.45927624	0.89905126	0.00011166	0.02733951	-0.00571696
0.04519504	0.45565660	0.90008403	0.00075159	0.03228343	-0.00249868
0.04007392	0.45618456	0.89782018	-0.00192317	-0.00421882	-0.00318430
0.04193189	0.45318016	0.89882917	-0.01510249	-0.00292850	-0.00307478
0.03472233	0.45949307	0.89244565	-0.01825833	0.02277160	-0.00045155
0.03776024	0.46457297	0.88789815	-0.00669124	0.02965902	-0.00138610
0.03740782	0.46121172	0.89652160	0.00358853	0.01221219	0.00233161
0.03547151	0.46196558	0.89240316	-0.00117414	0.01206723	0.00488078
0.03376652	0.45653977	0.89852039	-0.00674870	-0.01453298	0.00646713
0.03582662	0.45827325	0.88926164	0.00051253	-0.03224770	0.00225473
0.04287979	0.45508413	0.88784176	0.00103193	0.00501356	-0.00232285
0.04209204	0.45138015	0.89343821	-0.00267461	-0.00169886	0.00004456
0.03969953	0.45225257	0.90649241	0.00180206	-0.00283456	0.00376390
0.04137833	0.45971182	0.90463957	-0.00324378	-0.00443998	0.00324401
0.04957715	0.45661972	0.90294359	-0.00094439	-0.02426765	0.00084380
0.05138044	0.45794408	0.89786879	0.00234214	-0.02335622	-0.00175459
0.04371354	0.46053179	0.89666934	0.00306400	-0.01746911	-0.00791139
0.03906211	0.45627918	0.89924444	0.00082124	-0.00876268	-0.00372150
0.04032783	0.45877024	0.89516710	0.00036326	0.02721188	0.00037891
0.03763985	0.46168829	0.89407059	0.00613141	-0.00106783	0.00098518
0.03727150	0.45983622	0.90555823	0.00625111	-0.00428182	0.00231897
0.03978760	0.45842512	0.90416301	0.00194535	-0.00499734	-0.00215650
0.04741515	0.45874266	0.89741598	-0.00276872	0.00747752	0.00314993
0.04225060	0.45753913	0.88825298	0.00019246	-0.00998760	0.00216106
0.04549959	0.45833597	0.89520973	-0.00265036	0.01770111	-0.00054985
0.04528228	0.45869740	0.89225390	-0.00748511	0.00066926	0.00103174
0.03915493	0.45858702	0.89471613	-0.00594129	0.00170924	0.00178014
0.04082637	0.45670359	0.89651997	-0.00846462	0.02172796	0.00230587
0.04185154	0.45675006	0.89606636	-0.00058063	0.01577678	0.00218234
0.03842382	0.45685730	0.90044531	-0.00007339	0.00896185	-0.00624427
0.04329049	0.46115822	0.89618650	0.00336165	0.00188444	-0.00137389
0.04266620	0.46088471	0.89785236	0.00396064	0.00033724	0.00029253
0.04660314	0.45837982	0.89903467	0.00548187	0.00889879	-0.00023935
0.03977353	0.46021279	0.90582213	0.00008725	0.02288099	0.00437400
0.03734247	0.46027421	0.90350991	-0.00446386	-0.00172105	0.00042173
0.04169874	0.45914261	0.90115165	0.00391386	0.00754878	-0.00599101
0.04211074	0.45689468	0.90197374	0.00945480	-0.00438438	0.00379648
0.04048430	0.46087830	0.90381313	0.00301071	-0.01234842	0.00819085
0.04223439	0.46038606	0.89848949	0.00186840	-0.00911796	0.00639286
0.04227049	0.46172545	0.89596610	0.00643923	-0.02291216	0.00116962
0.04320138	0.46189564	0.89528962	0.01188958	-0.01888138	0.00252459
0.04511888	0.46052046	0.89778772	0.00685393	0.00127466	-0.00187427
0.05008829	0.45811636	0.90079571	-0.00102728	0.00229504	-0.00384861
0.05327346	0.45765214	0.89943983	0.00149196	-0.00962856	-0.00556566
0.05311334	0.45592323	0.90089511	0.00504257	0.02316101	-0.00489151
0.04795303	0.45460269	0.90162043	0.00210623	-0.02374483	-0.00242140
0.04477898	0.45413916	0.89847403	-0.00928596	-0.01586870	0.00231460
0.04174004	0.45503407	0.89423611	-0.01176881	0.01381665	0.00330691
0.04274163	0.45439038	0.89682290	0.00473649	-0.02021521	0.00230007
0.03588825	0.45437170	0.89843255	0.00643709	0.01074883	0.00300886
0.04929031	0.45736838	0.89873200	-0.00062570	-0.04117679	-0.00037590
0.04556958	0.46288751	0.89621767	-0.00790266	-0.01523574	-0.00335199
0.05023159	0.45912676	0.89733012	0.00312371	-0.04050506	-0.00042497
0.04647471	0.46222019	0.89886490	-0.00494678	-0.00974934	0.00010593
