0.74732007	0.04762220	-0.00488441	0.29856602	0.15616953	-0.45980307
0.44915614	-0.19054317	0.00469311	0.64520222	-1.08656177	-0.02218687
0.38542915	-0.08627514	-0.12364709	0.50185109	0.80896682	-0.22937415
0.26511106	-0.05426996	-0.18185985	0.45779098	-2.42248183	-0.06345288
0.39506491	-0.01123480	0.14941684	0.30108773	0.35543395	-0.08475109
0.39041645	0.01961128	-0.12080450	0.66554652	-2.36900073	-0.43168148
0.27567917	-0.07072500	-0.08436395	0.37225116	0.24957717	-0.35987702
0.67315660	-0.19732987	-0.01685841	-0.27153864	0.34927302	-0.25010183
0.99588011	-0.05129703	0.18937167	0.31264687	-0.60033110	-0.67886579
0.87355413	0.06140645	0.00400978	0.00717496	-1.54487389	-0.50559756
1.17963322	-0.11292212	-0.00180299	-0.32499325	-1.50814744	-0.26645334
1.55920821	-0.15916289	-0.02821932	0.13014196	-0.10131545	-0.63135792
1.04330447	-0.40689856	0.07794231	0.00175662	0.11653176	-0.64121091
1.15219578	-0.39802391	0.08797077	0.77986088	0.78123781	0.15681480
0.85398194	-0.23459091	0.07143550	0.57412439	-0.74649803	0.02909564
1.38335579	-0.17220746	-0.39369306	0.38299795	-0.57055755	0.04495151
1.64607180	-0.22234659	-0.57381442	0.42678787	-0.46282844	-0.16673681
1.78072735	-0.20574321	-0.61723516	0.90628788	2.40270767	-0.00976449
1.72034683	-0.06867517	-0.62796415	0.84021728	2.65581969	0.15895015
1.25038753	0.16964889	-0.48378537	0.66397689	0.92504441	-0.10482785
1.12270936	0.50813014	-0.13607016	0.69041278	0.16590284	-0.05018964
1.46000038	0.27269253	-0.00170017	0.40152952	-1.18958670	0.06694898
0.93843244	0.15803523	-0.09548006	-0.12676826	-0.55355997	-0.12800319
1.03404551	0.10949219	-0.03202477	0.35401017	0.69812509	-0.12468375
0.84662854	-0.02935419	0.05882012	-0.00223219	0.02890811	0.02184663
0.77704868	0.33970845	-0.17211080	-0.31537705	-0.46981895	0.36092060
1.08754593	0.15597408	0.14164933	-0.17838129	-1.30297778	0.14519312
0.89497557	-0.03401931	-0.20971433	-0.22095972	-0.14943316	-0.26370069
0.86940863	0.17598032	-0.03060088	-0.03981027	-0.36707311	0.01688938
0.45344664	0.07149059	-0.03596639	-0.52171555	1.79149111	0.50400154
1.14944041	0.14520795	-0.11297310	-0.55489814	-0.33753203	0.37318862
0.77103532	0.15834855	-0.07809476	-0.42037570	-1.28789459	0.40581748
0.90364972	0.13508141	-0.28472608	-0.67325081	-0.20722074	0.43975638
1.03885074	0.10024535	-0.12728175	-0.27054323	0.37708098	0.03080225
0.88371820	-0.04817652	0.06077733	-0.15593018	-0.16389684	0.18010194
0.53879875	0.12238674	-0.02874566	0.10784876	0.45032548	0.30702700
0.53742007	0.04210231	-0.09000377	0.29859389	0.78367942	0.49196354
0.78636709	0.07812602	-0.16254693	0.05449195	0.09282094	0.04170759
0.83394280	0.02231874	-0.05148094	0.12938869	0.76399146	0.33641693
0.79214613	0.12413852	-0.02532998	0.05567958	0.46710289	0.74114198
1.13274309	0.09750127	-0.16081366	0.33024428	0.21131872	0.71166134
1.02956818	0.09614818	-0.18832583	0.31799244	1.84078531	0.91289619
0.97998785	-0.12694827	0.02685798	-0.67853146	1.96094882	0.74560638
0.99826174	0.00832868	-0.18180533	-0.39102475	2.16781093	0.71413248
0.71290834	0.00154139	0.07681286	-0.15860996	0.66810770	0.78233469
0.84968440	0.10627004	0.15892430	-0.17262958	1.94423712	0.65730004
0.48399032	-0.03243563	0.06093630	-0.08102412	-0.94565025	0.35568776
0.37234630	-0.14262612	-0.12514146	-0.04783170	-1.55749134	0.17461619
0.46562623	-0.42195679	-0.22981279	-0.56838408	-2.18023765	-0.25540179
1.10169362	-0.39813827	-0.27370801	-0.95863184	-0.77955869	-0.09595219
1.95068941	-0.54154736	-0.23800089	-0.96705695	0.53725259	-0.42926158
1.77630985	-0.23452792	-0.10987754	-0.76573471	0.90915229	-0.49190151
1.48032631	-0.31283399	-0.25905258	-0.13429782	1.80701060	-0.57468815
1.51975751	-0.30214903	0.05337966	-0.01878073	0.13204777	0.07809282
1.22831185	-0.18449283	0.31348555	0.27862825	-0.37546513	0.11579494
1.13309898	-0.17633784	-0.00968847	0.20156282	-0.50432359	0.13113855
1.25423077	-0.11696011	-0.09922651	0.19468246	0.02297009	0.40501715
0.90498170	-0.32446348	-0.02718764	0.50408513	1.11765223	0.34881335
0.96328257	-0.23545860	0.00500910	0.41773352	-1.09433633	0.27292135
0.50663565	-0.34174140	0.04083550	0.61452717	-0.07763449	-0.01819361
0.45485664	-0.28472535	-0.02669300	0.48793107	-1.70685414	0.19270655
0.37737135	-0.01015958	0.19015462	0.61540481	-0.73760810	0.14952377
0.80503703	-0.08491180	-0.02054011	0.41526162	-1.73851829	-0.39479217
0.79742306	-0.25689114	0.00795193	-0.13992998	-0.08308265	-0.24508129
0.52507529	-0.06538555	-0.21652342	0.12894930	-0.59947340	-0.45878309
0.33738385	-0.11206782	-0.08463375	-0.18066533	-0.48172969	-0.25634875
0.79967017	-0.13287655	-0.09647241	-0.29082189	-0.36485669	-0.49822700
0.96644585	0.00315536	0.02938004	-0.05360324	-1.27089430	-0.35500131
1.10215208	-0.09766463	-0.17891598	0.03851933	-0.79078243	-0.51627874
1.17591152	-0.19584481	-0.03682663	-0.50041780	0.18125445	-0.57283265
0.91814495	-0.15483590	-0.20900477	-0.31583787	-0.07865767	-0.51051412
1.08065717	-0.21449962	0.21500343	-0.08850189	0.77200298	-0.46170049
1.01543717	-0.24381552	-0.12726250	0.17896962	-0.33955199	-0.25994033
0.98906714	-0.23203247	-0.02508515	-0.16930061	-1.10756913	-0.48858111
1.37185626	-0.26287193	-0.07312904	0.45247197	-0.01415139	-0.21253351
1.32274596	-0.08212895	-0.20535429	0.22427020	-0.54676636	-0.65126177
0.89748755	-0.01849785	-0.15635090	0.21602798	-0.34138601	-0.53202289
0.86286474	0.06567476	-0.09258504	0.06153965	-0.32788112	-0.35187768
1.00780885	-0.27705691	-0.07782921	-0.04930651	0.15446526	-0.05611346
1.34996876	-0.24945137	-0.14904334	0.45148590	0.49917530	-0.11751950
1.23143056	-0.27145356	-0.29515358	0.17278423	0.51521751	0.15601068
1.39901042	-0.06086267	-0.18771534	0.39559130	0.90125611	-0.22218572
1.11943966	-0.11498503	-0.19200975	0.37558828	1.71005516	0.64104464
1.26677319	-0.12510968	-0.38753158	0.71337126	1.98351237	0.21425703
1.12788152	-0.08215991	-0.52995929	-0.03137003	1.19686743	0.03750103
1.61462720	-0.21871645	-0.51979422	-0.58657574	2.66206320	-0.56536505
1.24272622	-0.02543445	-0.09140160	0.12433754	3.26396032	-0.31569271
0.64180510	0.13466450	0.32671205	0.15271163	1.02242383	0.06050324
0.27105692	0.26794213	0.39142661	0.22819349	-2.78257825	0.01778599
0.63988227	-0.01360207	0.08743178	0.19463730	-3.21552114	0.17017020
1.12606274	-0.02236057	-0.15253562	0.16570491	-2.17882795	0.03070067
1.34673641	-0.05992275	-0.36792741	-0.05346718	-0.80736848	0.07013330
1.60060785	0.04348856	-0.56640948	0.20592659	0.70048421	0.15153701
1.29384477	0.09428746	-0.27276277	0.27603693	1.01915356	0.27616830
0.76878667	0.10496388	0.02841151	0.20472783	-1.32799587	0.39398358
0.91860197	0.04002885	-0.00956652	-0.24913727	0.05518255	0.14246097
0.71696870	0.15394259	0.06831806	-0.55765607	-0.47259646	-0.10353129
1.31397829	0.20721164	-0.15545137	0.15096547	-0.38907060	0.34713205
1.11110301	0.10447858	-0.03908588	-0.14138229	-0.18768391	0.27989439
1.27622202	0.11920613	-0.24898350	0.09465883	0.06456556	0.41121315
1.16066043	0.12972665	-0.01104433	0.15520542	-0.52633307	0.57134301
0.76715780	-0.02080244	-0.07115984	-0.03545605	0.77913726	0.70091766
0.75535709	-0.12633225	-0.13927753	0.48014332	-0.49023123	0.56633873
0.74605681	0.04214708	-0.29465593	0.40513646	-1.59057201	0.66846397
0.73545372	-0.07789772	-0.13378147	0.52928820	0.89317167	0.44957640
0.52009942	-0.17952734	-0.17478841	0.23862779	-0.43667295	0.21706318
0.74741195	-0.01328649	-0.13369260	0.28381014	0.04643628	0.18279555
0.67628004	-0.20055176	-0.22177588	0.56658648	-0.52763593	0.13725028
0.72395603	-0.09285455	0.01927045	0.27002783	-0.62701037	0.70556445
0.98971976	0.20127182	0.02128017	0.26644349	0.46572068	0.57369646
1.01461260	0.01235014	-0.14123263	-0.42249221	0.42907928	0.62467038
1.07052411	0.04551000	-0.07293491	-0.74072540	1.09471675	0.48724194
0.70250175	-0.08235021	-0.06871898	-0.47799909	2.13793848	0.15203548
0.69549636	-0.04555464	0.12040919	-0.69174043	1.30181287	0.00877569
0.74414472	-0.20795786	-0.05843430	-0.95223252	0.44007534	-0.00427433
0.25592457	-0.10109325	-0.26098521	-0.67742698	-0.19440758	-0.34374208
0.45641237	-0.05085386	-0.27016184	-0.73222379	-1.22165024	0.03089653
1.13088211	-0.10466266	-0.32193853	-1.21074806	-1.47752081	0.49420661
1.78564727	-0.62158299	-0.43878249	-1.11660062	-0.05249797	0.06230926
1.75880923	-0.58968385	-0.32469775	-0.58827355	-0.02918685	-0.10615153
1.83913619	-0.45584823	-0.09640071	0.19914959	0.37748113	-0.11685808
1.83958365	-0.46892557	0.22226410	0.75160247	-0.42032764	-0.22648470
1.58084962	-0.22461942	0.01414615	0.33783575	-0.04883526	0.24370997
1.48012073	-0.10880190	-0.07749765	-0.12614193	-0.95137441	0.34679941
1.46045604	-0.12070119	0.11594729	-0.05407824	-1.49899884	0.36565370
0.97219397	-0.20695354	0.04705467	-0.07575106	-1.72896470	0.66442278
0.68704294	0.02494162	-0.00992869	-0.04229679	-0.80525540	0.54471466
0.65517190	-0.16254590	-0.06232626	-0.09189870	-0.38053434	0.53498502
