1.90218425	-0.20282114	-0.07230665	-1.99258692	0.28223383	0.09141373
1.86298221	-0.25779657	-0.57653287	-1.53023612	-0.64915514	0.31744606
1.49246382	-0.27331969	-0.05329810	-1.52527463	1.58443228	0.44749173
1.20181364	-0.12704722	-0.27913563	-1.18854454	0.93653411	0.57466433
0.71083014	-0.20912773	0.17900898	-1.10271568	2.01573175	0.55112900
0.50199935	0.20710654	-0.21165459	-0.57691469	2.37910703	0.74671956
0.49784899	-0.00140602	-0.07965906	-1.35415499	1.22520073	1.01632231
0.59243021	-0.10777535	-0.06208443	-1.09629024	-0.46334241	0.46774974
0.64726365	-0.32539829	0.02681588	-0.96051571	-0.76674308	0.31694621
0.44992974	-0.32674196	-0.02945210	-0.40892064	-0.67418982	0.22099142
0.34309445	-0.03869403	0.09369866	-0.07104977	-0.35778917	-0.01098064
0.56950012	-0.16613339	0.03578831	-0.52127373	-0.32266748	0.27450264
0.38653926	-0.21833312	-0.03475699	-1.37371252	-1.18285431	-0.07672801
0.35504452	0.09040688	0.00101326	-0.84992199	1.23001657	-0.73840195
0.52281493	0.13441187	0.04775333	-1.49535664	1.64183947	-0.67241885
0.57293482	0.22693049	0.30335532	-0.83517182	-0.16725142	-0.77487153
0.48458762	0.09288551	0.37275917	-0.77106928	-0.77954346	-0.77040066
0.47239539	0.06197647	0.08442788	-1.13269266	-2.33220994	-0.42859414
0.96791374	0.00826123	0.06602536	-1.60487148	-1.45376227	-0.36759695
1.27589504	-0.26052401	0.16173687	-0.22468864	-1.59904169	-0.49040743
1.39839792	-0.38303471	-0.46616610	-1.30779967	-0.19582293	-0.38534983
1.71389858	-0.35566716	-0.60119935	-1.21484028	0.88054707	-0.75023515
1.29679749	-0.51089522	-0.05586524	-0.26283324	1.96031134	-0.51212950
1.25995170	-0.42793428	0.09917910	-0.00610762	0.27815220	-0.28049654
0.72492873	-0.07268885	-0.07272762	0.51442046	-1.16233814	0.01818245
1.19595928	-0.05747430	-0.39684348	0.07745683	-1.71569535	0.05484552
1.46967348	-0.14497038	-0.68466459	0.10551848	-0.73880707	0.18675501
1.91369450	0.03263425	-1.05763634	0.58579484	1.29012735	-0.16965317
1.89756908	0.04145603	-1.33908085	-0.00932826	2.52385357	-0.22559208
1.38141769	-0.10676402	-0.61578885	0.19694627	3.37924398	0.02064646
1.21080450	-0.17749853	-0.25508647	-0.23844959	2.31138711	-0.45917805
0.76304352	-0.04330000	0.23653949	-0.83603599	1.28805930	-0.36153208
0.49375864	0.16023175	0.43586855	-0.24960205	0.02565358	-0.30010857
0.70009026	0.34746950	0.41454015	0.01408359	-2.26471384	0.36616777
0.73491586	0.17272026	-0.04328175	0.09109762	-2.22370052	-0.17057585
0.94250092	-0.44229602	-0.42986399	-0.43538019	-1.27937692	0.11884796
1.08143040	-0.33754425	-0.10664784	0.79203240	-0.53227874	-0.10123030
0.63781222	-0.11811520	-0.11026957	0.99150961	-0.39168731	-0.48094665
1.14760605	0.12246902	-0.03196748	0.96611959	-1.84283313	0.29455416
1.06829466	0.32181080	-0.01709117	0.59052298	-1.88963738	0.36025479
1.12484694	-0.07891422	-0.11057837	-0.03124005	-0.44884311	0.14909716
1.14580421	0.20494602	-0.30086553	0.25682449	0.22564340	0.00203149
1.34729592	-0.04857597	-0.00354542	0.15358898	0.89970104	-0.11468670
0.70728825	0.20176846	0.03471284	-0.03132779	1.43821259	0.35014732
0.88400442	0.09950087	-0.19920909	0.06363523	-0.34673703	0.36701093
0.85917901	0.04683973	-0.46841434	-0.12075407	-0.27333216	0.44883287
1.12024852	0.15959792	-0.38757591	0.09619640	0.09875036	0.15739583
0.35067591	-0.20538786	-0.05074648	0.32286154	1.02968491	0.10992619
0.74686266	-0.04982674	-0.05671286	0.53080342	0.58826031	0.36073060
0.99349498	0.16449697	-0.06615375	1.07783479	-1.07869660	0.85685229
0.84892893	0.24961682	-0.12608025	0.49840551	-1.04179968	0.63759353
0.95013832	0.09070948	-0.19499238	0.63283570	1.94970347	0.69279153
1.36486720	0.40069413	-0.22517208	0.10229981	1.32098649	0.46187139
0.71620149	-0.04601651	-0.28445655	0.28114977	0.43232317	0.56013866
0.77954792	-0.01195057	-0.21173880	-0.05287167	2.03276004	-0.03062365
0.69911526	-0.34491086	-0.31845894	-0.11877681	0.85087596	-0.43439818
0.20464981	-0.20884419	-0.25943584	0.53247405	0.35670835	-0.34379403
0.16728678	-0.21054209	-0.13258729	0.22515734	-0.38908289	-0.46200026
0.80687936	-0.20175436	-0.11514267	-0.85384559	-1.56286599	0.00305907
1.54106183	-0.44826156	-0.36379377	-0.44378353	-1.71109612	-0.07815405
2.26342086	-0.53180015	-0.24358446	0.29020249	0.31025195	-0.33449959
1.38438112	-0.46306532	0.15554756	0.45336121	-0.02023262	-0.71050316
1.64302691	-0.26124986	0.20166630	1.11244124	1.94713323	-0.46255865
1.43493445	-0.02471720	0.10016730	0.66302567	-0.33806160	-0.13548492
0.92728368	-0.18271556	0.22590760	0.41696627	0.46659232	0.08239569
1.26573692	-0.12576449	0.32042024	1.04977124	0.68330466	0.28773180
0.97879444	0.03559282	0.23284301	0.42659742	-1.10966901	0.04370846
0.60383137	0.02050097	0.23488053	0.50072994	0.08808962	-0.19951550
0.77759476	-0.24927957	0.22638499	-0.18085682	0.60136589	0.26045898
0.52681984	-0.01686415	-0.09280378	0.31770750	-0.57125273	-0.03410553
0.29221081	-0.09073637	-0.22339732	-0.97189006	-0.47789494	0.15279539
0.31143669	-0.13045481	-0.04699950	-0.79710519	-1.26223445	-0.05626000
0.74705625	-0.06893577	-0.04984833	-0.55776208	-0.55982472	-0.49135565
0.96891644	-0.25559692	0.19659919	0.29920813	-1.10892844	-0.86153585
0.65467800	0.03457229	-0.01683782	-0.19438920	-1.13545612	-0.29445869
0.97280945	0.11804580	-0.28607265	-0.01888553	-1.98519497	-0.19325823
1.24158207	-0.19194098	-0.33456359	0.02072381	-0.48523986	-0.39853650
1.21266023	-0.18743590	-0.80990376	-0.48982169	1.31032027	-0.63958968
1.49527624	-0.51740551	-0.03461999	-0.53263381	0.47774501	-0.39803162
1.03021309	-0.44469766	-0.35310949	0.17943198	-0.26040829	-0.37092786
0.59528205	-0.31762158	0.06004890	1.10616807	-0.79837723	-0.54035818
1.19172844	-0.40835377	-0.10410169	0.58417834	-0.76235313	-0.37525895
0.76357990	-0.30848150	-0.19417342	0.87102492	-0.22382725	-0.54859791
1.37480556	-0.31798666	-0.00066127	0.44244807	-0.86572662	-0.49149118
1.65649894	-0.32842850	-0.37903577	1.03121738	-0.33149598	-0.46151775
1.10061551	-0.19090311	-0.46567928	1.65176423	0.47384527	-0.29617504
1.31929786	-0.39990033	-0.71060454	1.70249837	1.09624653	-0.20170888
1.14372900	-0.00024918	-0.74176229	1.20943703	1.07846083	0.06764500
1.60484893	0.04968744	-0.65186870	1.28342867	1.21695190	0.32866231
1.45655584	0.01887901	-0.56270682	1.21428774	2.88904683	-0.02844963
1.43464771	-0.15409200	-0.27587296	0.07070042	3.21387937	-0.60817992
0.56096694	0.03833382	0.28683218	0.72465048	2.56337608	-0.60087406
0.88576389	0.37506746	-0.05407972	0.61166608	-0.14441972	0.23912592
0.71196400	0.47992884	0.10721093	0.60010543	-1.19218974	0.23633389
1.02310679	0.03927248	-0.06639369	-0.29077790	-2.64550352	0.00249617
1.61199794	-0.18211892	-0.68273934	0.10468508	-0.88892042	-0.14613523
0.99494191	-0.08602006	-0.28131745	0.26161377	1.67186719	-0.29810544
1.14520950	0.06486582	0.15413838	0.89735920	1.64890871	-0.17148639
0.46721676	0.10669426	0.05017679	1.28925996	-0.75082542	0.06479000
0.49295851	0.37238342	-0.11999760	0.58843818	-1.37082889	0.85827323
0.76113253	0.18876460	-0.12786318	0.08127955	-0.90042502	0.50593840
0.81123446	-0.01629084	-0.08794813	0.45816966	0.55752268	0.36853068
1.03683617	0.37052795	0.00054796	0.37063756	-0.60546860	0.29198983
0.95829596	0.10285022	-0.29121623	0.47312150	-1.20032971	0.40028319
0.86794003	0.04464491	-0.03517315	-0.18101860	0.80262415	0.23800814
0.51940530	0.10114235	-0.13626869	-0.21837181	0.40364429	0.31755366
0.66087759	-0.14156742	-0.34942360	-0.00118959	-0.02359643	0.31185674
0.72194134	-0.15547466	-0.10719493	0.25296107	2.12506614	0.18804747
0.59665751	0.09394295	-0.07100520	0.34804678	0.72052338	0.23727850
1.14643826	-0.03130575	0.11476355	-0.14321420	-0.19436638	0.22824301
0.95454965	0.12891637	-0.06582645	0.23630826	0.76428851	0.11358789
0.80079963	0.05785879	-0.20226007	-0.22906231	1.48927300	0.08224283
0.54764180	-0.00319120	-0.33975738	-0.59344001	1.40766062	0.18422414
0.45120995	0.14612941	-0.03388966	-0.08192558	1.35213184	0.09642537
0.50141970	0.08969871	0.22497082	-0.68834034	-0.01637929	0.19047846
0.47056431	0.15582286	0.25544354	-0.48999394	-0.30111995	0.56384630
0.61588048	-0.03311586	0.17791705	-0.35880647	-0.39190867	0.36485987
0.47115287	-0.03627564	-0.24745241	-0.70706781	-1.21026668	0.36089961
0.86431637	-0.31135144	0.05014856	-0.72939742	-0.84281859	0.26070692
1.42520929	-0.52219148	-0.29988986	-0.63571951	-0.02752499	0.00449480
1.08613043	-0.45431575	-0.09040799	-1.15868971	-0.21230887	-0.19936185
1.45978110	-0.57456675	-0.12763223	-1.05375403	1.20644940	-0.41367741
2.59044314	-0.78472668	-0.18628429	-1.22113690	0.93702947	-0.74678629
1.97389274	-0.67280273	0.01547775	-0.37268383	1.59026048	-0.34594447
1.56690367	-0.25212498	0.19031471	-0.06940140	3.02784121	-0.74156063
1.19352615	0.30642576	-0.11349271	-0.00366499	1.69876970	-0.48891214
1.42997970	0.47849607	0.52049202	-1.05691218	0.27374416	-0.02384012
0.84473386	-0.02984873	0.15752321	-0.39858468	-0.18714531	0.10035107
