1.31792309	-0.11867866	0.27611624	0.56827692	-0.57470455	0.25629780
0.56592164	0.00822832	0.17528457	0.63992914	-0.83608377	-0.04883910
0.71743543	-0.35252358	-0.02858188	0.16989478	0.32159821	0.40955502
0.63573538	-0.06909630	-0.10942364	-0.09715393	-1.03229218	0.28901018
0.66654170	-0.06214038	0.08971560	0.07007824	-1.54013409	0.21116857
0.24045323	-0.03814518	-0.01427783	-0.20264795	-1.34654526	-0.17264196
0.26382120	0.05459537	-0.04603630	-0.41365355	-0.86121280	-0.63590050
0.69464944	-0.26522667	-0.09653366	-0.25466797	-0.15404437	-0.73960437
0.46005249	-0.16723597	-0.26997257	0.26696244	0.32255510	-0.54332321
0.47166213	-0.18158026	0.03672580	0.49617751	-0.33769935	-0.50945594
0.50919450	-0.29961888	0.02692815	-0.40011436	-0.57725017	-0.53080384
1.11611378	-0.08320138	0.09808986	0.48982737	-1.25813563	-0.60934125
1.15555770	-0.00743584	-0.32148471	-0.21968339	-1.01995978	-0.89986627
1.20953319	-0.09255409	-0.51392754	-0.26350917	0.01165406	-0.40440969
1.07297076	-0.27156787	-0.07892646	0.51819813	0.11074985	-0.47419397
1.06760824	-0.38892150	0.09370123	0.29794874	-1.52069295	-0.53599782
1.42030536	-0.24410462	-0.26726615	0.09363264	-0.40496350	-0.30021657
1.31400644	-0.31834846	-0.20860186	0.05709676	-0.77806348	-0.56185756
1.14645186	-0.33282824	-0.36326073	-0.04208650	-0.96456842	-0.73232966
0.96486597	-0.24632526	-0.08596734	-0.03980463	0.63037750	-0.34924530
0.89360727	-0.38185200	-0.44036944	0.71193294	-0.01076972	-0.56934825
0.74890014	-0.08691010	-0.37609674	-0.18985425	0.52424826	0.31878683
0.62590037	-0.07943810	-0.25712602	0.27871277	-0.10697373	0.35118712
0.91460228	-0.16374334	-0.36377723	0.15392650	1.76268890	0.25755773
1.82297136	-0.08342355	-0.51724239	0.18119626	0.47237024	0.33703234
1.94180130	0.16138597	-0.86397395	0.39035863	1.89318261	0.22482871
1.68369590	0.06982527	-0.66761323	-0.01020822	1.69569923	0.35624853
1.10428071	0.10283961	-0.45718122	-0.83890538	3.31418304	-0.02765866
0.81639654	0.21408744	-0.01269734	-1.95050336	1.77590092	-0.16003878
0.86532011	0.00996745	0.43114091	-1.07659690	0.57960038	0.15423705
0.99256304	0.11264665	0.69432730	0.45568085	-2.99011502	0.35966930
0.98643023	0.01338395	-0.05201205	0.10587616	-2.19505937	-0.06100006
1.07786697	-0.10431815	-0.07340984	0.44664645	-1.40598787	0.17183298
1.23907347	-0.03099712	-0.40558922	0.20033051	-0.35561184	-0.23113721
0.95338687	0.08444979	-0.03682770	-0.19635103	0.28581090	-0.11315377
0.96793187	0.01588844	-0.12218369	0.13089243	-0.89587823	0.26336292
0.80427435	0.05778068	0.01056015	-0.15264670	-0.13223882	0.16836368
0.96813539	-0.02006334	-0.18143446	-0.33229943	-0.44357207	0.19594140
0.52559157	0.09959671	-0.24083150	-0.19381013	-0.01045357	0.23338514
0.91476420	0.16336938	-0.17756076	-0.43032844	-0.01011154	0.01778406
0.73010114	0.21571441	-0.44834362	-0.26450754	-0.07220655	-0.10080514
0.76780114	-0.11089280	-0.03169773	-0.47817016	-0.12595059	0.23657404
0.86340996	-0.02987295	-0.07291243	-0.35942338	-0.14206674	0.31956690
0.69829958	0.24499396	0.30424215	-0.42912134	0.43373913	0.60987265
0.92221374	0.07988390	-0.07831588	-0.82261411	0.47056864	0.63563403
0.72744131	0.05625463	-0.09118647	-0.76290311	-0.29636875	0.81041664
0.71625189	0.06044526	0.23071997	-1.38982618	0.87200148	0.47887168
0.93240265	0.17960237	0.00395346	-0.91354518	0.31451172	0.53052398
1.16219704	0.23396742	-0.14208264	-1.54892296	1.96697201	0.60782202
1.00141245	0.08869089	0.07286370	-1.59111454	1.60216102	0.33904927
0.71896165	0.03369192	-0.03644553	-1.62160443	0.27883593	0.47252833
0.76148547	-0.10062239	-0.00058657	-0.73789572	1.07807649	0.60054046
0.62509283	0.00888608	-0.02698662	-1.25330610	-1.15712179	0.13475875
0.46208268	0.02824155	-0.35230649	-1.36601437	-0.66104155	0.28212858
0.80357192	-0.20689994	-0.29769738	-1.37926802	-0.12282076	0.39384269
0.74464654	-0.42169049	-0.46612715	-1.71733642	-1.52124554	0.46767614
1.22588982	-0.50823040	-0.46527961	-1.85684530	-0.88025259	0.34055194
1.71336215	-0.69467205	-0.61390995	-1.49301394	1.21206017	0.06191377
1.60148275	-0.69023231	-0.81907687	-1.40749871	0.58193381	-0.61430135
1.86419807	-0.65474861	-0.22962683	-0.83495258	0.03470113	-0.72630788
1.63580891	-0.46409610	0.01627890	0.44482934	-0.16426706	-0.74999003
1.80327396	-0.19534315	0.17102727	-0.27272930	-0.35774094	-0.05860770
0.84743299	0.17632323	-0.16098341	-0.86904394	-0.19390910	-0.02689679
0.98600313	0.25238597	-0.10905376	-0.10660447	0.80690560	0.81988522
1.05771684	0.03001097	0.17756802	-0.26288122	-0.05238007	0.61262607
1.18025920	-0.13396098	0.05781105	0.39246061	-0.47688278	0.43518801
0.86745788	-0.10867862	0.13560872	-0.40592914	-0.56936859	0.43231650
0.43137102	-0.19948223	-0.10772137	-0.35267755	0.07526070	0.43169838
0.77622718	-0.03422325	-0.14890819	-0.33560448	-0.56708807	-0.11048104
0.44940673	-0.13563276	-0.13302349	-0.61365153	-0.60071593	0.25714436
0.49856744	-0.16595471	-0.41013731	-0.85838185	-1.09468847	0.01574769
1.04201206	-0.28868176	-0.13112404	-1.23166481	-0.81710091	0.04887941
0.57504879	-0.28082411	-0.15482665	-0.64190351	-0.68787572	-0.05942251
0.88692374	-0.19276729	-0.05563525	-0.77082950	-0.33397200	0.05183745
0.47784286	-0.27240715	-0.28045298	-0.21618902	-0.05664576	-0.15934185
0.88695943	-0.20081759	-0.05914738	0.32726311	-0.63049355	-0.22148159
0.91401545	-0.13890033	-0.04906754	0.12258757	-0.44039989	-0.30054483
1.02932205	-0.22300479	0.27560971	0.03870282	0.65370019	-0.19565468
0.92872506	-0.09937461	-0.58379394	-0.45653534	0.40965843	-0.25812990
0.93468177	0.18516735	0.01089913	-0.75011097	-0.56803501	-0.13309383
1.18755926	0.03623476	-0.02299982	-1.51160192	-0.00206860	0.21576584
1.07881746	0.09777947	-0.19865398	-1.54120360	0.18246935	-0.18689559
1.35362234	0.02667259	-0.07013720	-1.53551913	0.79108278	0.26739654
0.90066099	-0.08207343	-0.08718902	-1.37072832	1.59233632	-0.24083907
1.26308548	-0.19388090	-0.04502604	-1.52238545	-0.05562146	0.14256309
0.99513184	-0.26302711	0.27402528	-1.43671823	-0.60618418	-0.16868165
0.81592235	-0.35568261	0.28698123	-1.11570066	0.29430029	-0.56937604
0.87216004	-0.10799279	0.24298580	-1.15727860	-0.80282894	0.03713999
1.09537055	-0.24081726	-0.06185515	-0.41660051	-1.95139727	0.23152132
1.28368613	-0.27795298	-0.86647116	-0.32637687	-2.02606433	0.44068783
1.14391269	-0.53419149	-0.76290096	-0.35734076	0.33576806	-0.18980588
1.56292718	-0.35140525	-1.13746844	0.08731029	2.20748866	-0.12557825
1.06819091	-0.23353195	-1.07471858	0.59362116	2.30112761	-0.33519186
1.28855764	0.15852805	-0.36571575	-0.14160903	0.88747588	-0.53664947
1.20425782	0.17674985	-0.56081836	-0.63926729	1.02149595	0.01926885
1.25962301	0.19805925	-0.34423870	-1.09692724	0.50449292	-0.37960750
1.25110182	0.10187172	-0.18352783	-0.98088721	0.74402509	-0.23525714
1.22996670	0.00454736	-0.55273215	-0.82514412	0.38021152	0.01370879
0.72963709	-0.03757940	-0.24902828	-0.61147080	0.93291901	0.10909513
0.74760113	-0.25616086	-0.11434784	-0.39581663	-0.09609510	0.07544065
0.92919889	0.09651607	0.08871967	-0.43880152	-0.04716846	0.07982997
1.13204186	0.09253540	-0.10133167	-0.57327077	-0.45899775	0.08559143
0.90636227	0.04661949	-0.05132064	0.19160931	-0.55019217	0.06665324
0.90902148	0.00935466	-0.04692233	-0.56872783	0.48244777	0.03778269
0.90822531	0.09086517	-0.28215244	-0.40355138	0.15990133	0.33877302
0.93508180	0.08573862	-0.12947162	-0.45920203	0.37062424	-0.34251734
1.20559398	0.16711160	-0.05123843	-0.32647468	0.67398370	0.19957727
0.88728200	0.25325431	-0.02598694	-0.21962906	-0.57774178	0.49983561
0.64078083	0.06101458	-0.06481447	-0.44927644	-0.83888896	0.48940391
1.15807851	0.16169865	0.02226517	-0.28454401	-0.64467275	0.77887897
1.02397474	0.02703413	-0.21983659	0.22154389	0.48183761	0.46035267
0.95378959	-0.17128186	-0.09099529	0.07137901	0.92415873	0.41143335
0.97135626	-0.07168445	-0.03996359	-0.39410279	1.14924454	0.10773713
0.84131565	0.24091796	0.25389791	-0.06832465	0.68375783	0.33909843
0.83496884	-0.15226745	-0.11291384	-0.02699100	0.21348880	0.53904501
0.87519415	-0.13579278	-0.13845370	-0.39573992	0.10815434	0.64285388
0.88246755	-0.11552301	-0.18741366	-0.80371287	0.24158351	0.47618181
0.95047922	-0.07612236	0.06027199	-0.55730058	0.46284693	0.20537913
0.88263083	0.00393808	0.03501270	-0.23355956	0.68223657	0.63443199
0.77726550	-0.11236534	-0.24733597	0.30192147	0.27483826	0.41313778
1.02818209	-0.15403713	-0.10263391	0.62671987	-0.27045983	0.29488516
0.96983288	-0.13066009	-0.21116003	0.31942509	0.47105788	0.25928800
1.26847935	0.19211369	-0.31478478	0.38316984	2.59995869	0.36115819
0.81639212	-0.08554652	-0.00112542	0.34318424	1.26527422	-0.26892131
0.61494348	-0.08663386	-0.14565225	0.84843764	0.03041366	-0.04129483
0.38799972	-0.01446324	-0.23725429	0.78432593	-0.96349563	-0.09245113
0.17757447	-0.44861183	-0.28976826	1.19277514	-1.11936909	-0.37597835
0.65821141	-0.36859180	-0.58226859	0.35228961	-1.58858574	0.05479600
