0.54560978	-0.23296659	-0.53147105	-1.31013977	-2.09702353	0.22907698
0.70858427	-0.57783657	-0.76592817	-1.66224056	-1.45251590	0.11878076
1.57688498	-0.76757486	-0.80077166	-1.82139022	-0.45906525	-0.32061765
1.63779318	-0.72301496	-0.68354280	-1.31666990	1.53959015	-0.44590804
1.65788613	-0.66195814	-0.61135528	-1.64651958	2.06847551	-0.43755129
1.61681132	-0.24728106	-0.35412102	-0.95893905	1.15284723	-0.09233684
1.60591674	-0.22703648	-0.04523773	-0.61845454	-0.08876528	0.03278169
1.46607452	-0.01379953	-0.28376108	-1.57678091	-0.01163353	0.06265109
1.43831050	-0.37889909	-0.22935465	-0.52757689	0.42203308	0.12315665
1.18612075	-0.18829263	-0.24958913	-1.61633717	0.04635615	0.58674116
0.80220536	-0.17195037	-0.23892320	-0.18360314	0.14592178	0.61989692
0.60613400	-0.34273211	-0.17657870	-1.14144240	1.15427281	0.84030996
0.74616877	-0.10942343	-0.13558486	-0.72723613	0.43164107	0.92462543
0.36594371	0.03794614	-0.13149020	-0.44159518	-0.18641232	1.00704901
0.31240446	-0.15168727	-0.07847427	-0.83902442	-0.83724867	0.58811167
0.50425073	-0.33038720	-0.07980484	-0.90084957	-1.31106863	0.20874269
0.74583662	-0.48108487	-0.23977039	-1.09125212	0.86316767	0.03836484
0.70588147	-0.35348776	-0.13310039	-0.61985489	0.50582826	-0.58909219
0.76484725	-0.32980391	-0.05325829	-0.11278968	0.67260127	-0.28869231
1.18034051	-0.21433480	-0.07218422	-0.41986680	0.72679773	-0.13800650
0.64639608	0.18816774	-0.03546902	-0.05787985	0.13352150	-0.20986978
0.45116954	0.06553729	-0.01067018	-0.55920544	-0.04759947	0.54372227
0.72860987	-0.05975005	-0.10683861	0.00105265	1.03549976	-0.06124289
0.76515148	-0.12220569	0.08264550	-0.68100910	0.27400152	-0.32856465
0.60383089	-0.22647122	-0.17992542	-1.56771219	-0.34788160	-0.67984595
0.70457464	-0.13542092	0.00330484	-0.63549729	-0.26624411	-0.65866906
0.94795249	-0.08810490	-0.05284975	-0.64904139	-0.97338124	-0.55265350
0.99745898	-0.34499907	-0.06322680	0.37771945	-0.47650499	-0.23459885
1.11869247	-0.16757057	-0.18285626	0.12730068	-0.78123174	-0.24041337
1.09457418	-0.30194709	-0.25060183	-0.15644222	-1.00410322	-0.29914022
0.95143280	-0.39059678	-0.16869397	-0.40590258	-0.68617447	-0.33561230
1.27775888	-0.18109135	-0.10488532	-0.49946616	-0.82968856	-0.62995209
1.33015477	-0.27749684	-0.17607111	0.13767718	-0.52188719	-0.63028592
0.89027368	-0.28822200	-0.21846196	0.42706051	-0.48621963	-0.40638503
1.08364438	0.04869996	-0.31693468	0.68512066	-0.98441168	0.05505236
1.42485681	-0.28865241	-0.73847351	0.88612859	-1.04892294	0.05179478
1.95334295	-0.07835212	-0.78558850	0.62214846	0.70085597	-0.30362876
1.34559124	-0.10359745	-0.73691196	1.51716100	0.56098583	-0.24540196
0.98978495	-0.08628873	-0.67145654	0.60253073	1.45806883	-0.08490328
1.26024953	0.03130818	-0.46482468	0.40324460	0.54047335	-0.23882769
1.18352571	0.16517032	-0.35604657	-0.13025634	-0.10867187	0.17681619
0.54041800	0.10679298	-0.44980597	-0.53461093	-0.45073446	0.36010264
1.05472621	-0.09441167	-0.79155712	-0.22002839	0.18447852	0.28237343
1.22317454	-0.17068497	-0.61484415	-0.69850183	-0.28635737	-0.27922235
1.17016354	-0.19018419	-0.41908593	-0.59108136	0.05300251	-0.68297663
0.92926285	-0.04966860	0.01204282	0.07637475	-0.36133155	-0.40855985
0.72773579	0.06768128	0.14993145	-0.34599255	-0.35832911	-0.25897589
0.92265378	0.02769918	-0.14534551	-0.09401813	-0.71533768	-0.24721570
1.02537488	0.24565903	-0.16205074	-0.13973957	0.26662661	-0.09088824
1.15092074	-0.00622980	-0.43092636	-0.09902784	0.30510627	-0.00104348
1.18998624	0.13949178	-0.08782332	-0.62049288	0.09362319	0.13863577
1.11211675	0.15447783	-0.17207222	-0.41170513	-0.00346931	0.15779071
0.86913867	-0.09017435	-0.09417912	0.12761224	0.36932157	0.36326422
1.10090357	0.30675020	-0.22561880	-0.06336021	-0.00447517	0.50344794
0.81431676	0.04527263	-0.26123838	0.32192506	0.25841276	0.62608146
0.90163689	-0.12015441	-0.19809693	0.12881877	-0.29470235	0.04369562
1.20351368	-0.05878141	-0.10180042	-0.06381775	0.28849466	0.22166470
1.09038838	0.02150035	-0.21585977	0.42248138	0.14478100	-0.00185036
0.78648353	0.10164395	-0.26416074	0.96275331	1.19752959	0.01798317
0.81814439	-0.11860324	-0.18597207	0.63730400	0.68629965	-0.08005186
1.10764827	0.08177111	-0.06128116	0.58856560	0.28725347	0.44696486
1.14473461	-0.02650860	-0.13401290	0.71035590	0.44982599	0.47439464
0.79701468	-0.00070035	-0.33126768	0.00929120	0.32757401	0.43664728
1.22599460	0.12299151	-0.38344048	-0.26247732	2.04493875	0.43325968
0.78940375	0.12392856	-0.14968132	0.54498126	1.14315700	0.43688526
0.88738812	0.10806078	-0.15372070	0.06648256	0.99250601	0.21001534
0.37928058	-0.06947275	-0.12970273	0.03139241	0.33329052	0.30922033
0.34327480	-0.19436474	0.02727684	0.14499105	-0.30035466	-0.02822884
0.53546009	-0.21095136	-0.11570603	0.03744851	-0.53549125	0.18994846
0.73913434	-0.24999211	-0.42992477	-0.52120393	-0.02955935	0.02245624
1.27181177	-0.45297863	-0.55474745	-1.21700610	-0.06198557	-0.31092999
1.59734524	-0.45602033	-0.43924004	-0.49570740	0.69314755	-0.21975886
1.68246657	-0.72156366	-0.62967056	-0.56287953	1.77668431	-0.61908392
1.60586047	-0.56665690	-0.23397159	0.75854265	0.43324605	-0.81820028
1.50250674	-0.33783758	-0.08731351	0.92054342	-0.29657460	-0.57750486
1.42519464	-0.12426205	0.09750797	1.58888302	-0.50135971	-0.15537124
1.68021276	-0.18458685	0.00062804	0.80460667	-0.38855217	-0.13189150
1.22788288	-0.11763666	0.06982919	1.41835724	-0.70288205	-0.45406163
1.04815287	-0.04961321	-0.02477443	1.30338671	-0.60564674	0.11978859
0.97795898	-0.16204060	0.07144822	1.11484862	-0.11701131	0.24722976
0.67476199	-0.13912548	0.04621230	0.82627498	-0.67439767	0.50954891
0.37177396	0.07909227	-0.08069836	1.31385953	-1.68684307	0.50470342
0.73336518	-0.14840452	0.14160090	1.09623872	-1.57557074	-0.06878334
0.87202001	-0.12415879	0.02082596	0.68261344	-0.88052880	-0.18072502
0.80010292	-0.39341914	-0.18560150	0.69770295	-0.61558827	-0.60324516
0.90701518	-0.16073110	-0.11377488	0.84373033	-0.03753006	-0.75001914
0.67863419	-0.20743221	-0.07547361	0.21714786	0.11238064	-0.61185647
0.44451777	-0.20004751	-0.04546805	0.80984446	-0.69473968	-0.25839497
0.54622099	-0.26487227	-0.16207459	0.36378686	-1.15208265	-0.44424810
0.77381662	0.06849262	-0.38144298	0.17361187	-1.02451096	-0.72540765
0.67316505	0.07684945	-0.48459329	0.81383299	-0.50844367	-0.39159280
0.73908580	-0.21802036	-0.17694482	0.57478877	-0.36389507	-0.61487960
0.95193189	-0.24971647	0.00563160	0.96630116	-0.02676447	-0.77154527
1.04878675	-0.25637322	-0.18975972	0.91797643	-0.77900552	-1.00405147
1.38384885	0.05605143	-0.28598099	0.57266933	-0.72420655	-0.57028337
1.17496579	-0.14006155	-0.28466494	1.08289375	0.19713387	-0.62105271
0.98379273	-0.01830345	-0.17230859	0.39181567	0.20946066	-0.62934223
1.00592425	-0.17915982	-0.11654933	0.26909401	-0.68889697	-0.58360692
1.14260893	0.04824381	-0.11240685	0.70365767	-0.46331577	-0.38840091
1.13152348	-0.08250441	-0.38268559	0.82087718	-0.12631901	-0.15509435
0.92950592	-0.04420241	-0.36660718	0.93110379	-0.10771102	-0.23656229
1.27953314	-0.18986974	-0.62890183	0.74096676	0.02966106	-0.17062123
1.07239446	-0.02340292	-0.34102224	0.81501603	-0.67135448	-0.16548820
1.22679065	-0.00583250	-0.74614534	1.24628268	0.09505301	0.00591539
1.05510257	0.00477893	-0.82758204	0.76343091	0.51672777	-0.03676302
1.34246529	-0.00797422	-0.69330076	1.22392834	0.02865217	-0.00914433
1.18831284	-0.23842144	-0.44452391	1.00979280	0.94938161	-0.16208876
1.45567838	0.07299695	-0.45903927	0.68306234	1.69645639	-0.06479782
1.34601789	0.13354020	-0.16660877	0.62709139	1.49765334	-0.32515055
1.25228395	0.27720648	0.04559891	0.30055517	0.38712540	-0.40970716
0.79594419	0.29628207	0.02081540	0.56627342	-0.89898189	0.05124979
0.57024104	0.08997891	-0.05735666	-0.17527038	-0.91907249	0.13454024
0.76487979	0.17638819	-0.15838731	0.31470481	0.10825937	0.22075113
1.26976611	0.21874324	-0.22555588	0.26593707	-0.30713158	0.07982824
1.06296522	-0.07737079	-0.20352104	0.09997419	-0.09651971	-0.01399599
1.00202024	0.05393107	-0.13458374	-0.08944336	0.39540623	-0.10217985
1.33021948	-0.09560869	-0.27988531	0.72094212	-0.29850570	0.53695836
0.95726027	0.27162031	-0.21854315	0.75214914	0.40866096	-0.07924708
1.21018091	0.08981897	-0.19159920	-0.15743277	-0.19708459	0.29573159
1.09688263	0.20577718	-0.06209055	-0.10615565	-0.02742863	0.49712202
0.81462310	0.17241551	-0.22339981	0.08915028	0.11248375	0.34295689
1.45487360	0.01810215	-0.25822192	0.01012159	0.39828122	0.16670273
1.05962795	-0.07522926	-0.09013697	0.72277993	0.56459560	-0.01654961
0.94078891	0.06097699	-0.12037705	0.17240470	0.70759007	0.17889342
0.73584577	-0.18097269	-0.01388219	0.49838880	1.16029797	0.16885009
0.48226515	-0.13375186	-0.28081191	0.89732232	-0.06517751	0.24419965
0.81642984	0.10833211	0.04872562	0.84977688	0.31692788	0.41880444
0.91892681	-0.06092603	-0.08793102	0.68266640	0.65271208	0.53889659
