0.70445191	0.01033764	-0.10579207	0.63868793	0.87616409	0.67252029
0.63252672	-0.08577336	-0.35604959	0.21239563	0.45705226	0.51476805
0.52711716	-0.07579119	-0.21828717	0.54958639	0.67384289	0.39907659
0.66529484	-0.20949803	-0.28857943	0.15537236	0.78686817	0.08382851
0.62269335	-0.34183899	-0.36079013	0.31464444	0.14902917	0.02900565
0.77917364	-0.36233820	0.02023461	-0.08531126	0.33026482	-0.09559011
0.90618598	-0.36924370	-0.10028043	-0.00914563	0.58354438	0.01634330
1.18761412	-0.25223937	0.05281919	0.18745590	0.86173211	-0.35366571
0.95014765	-0.10713616	-0.10624463	0.19818196	0.84840267	0.08694601
1.27068566	-0.27543776	0.25834160	0.26614664	0.02773587	-0.05830084
1.23363348	-0.25396017	0.16149272	0.30069313	-0.65394418	0.06963954
1.55579012	-0.05648868	0.17012666	0.28116572	-0.45216093	0.09050506
1.45844236	-0.06944224	-0.03389612	0.49121020	-0.72939716	0.50809176
1.28041667	-0.22911657	-0.13899865	0.22758557	-1.05407630	0.68284635
1.39060145	-0.34940934	-0.40200092	0.56520088	-1.35578115	0.56824168
1.39295748	-0.51344283	-0.51973011	0.34571661	-0.51370411	0.36343591
1.38667227	-0.50338453	-0.53739065	0.10918952	-0.06250531	-0.28802646
0.92633393	-0.45261145	-0.62315987	-0.12055463	-0.46104123	-0.29061823
0.79433030	-0.33845995	-0.51951832	-0.39330867	-0.47009660	-0.40912874
0.74221187	-0.20721706	-0.49636951	-0.55215320	-0.29328445	-0.52069431
0.67562013	-0.17333070	-0.63150140	-0.21729095	-0.10238408	-0.84862251
0.92102066	-0.35607567	-0.39177011	-0.47211356	0.36166715	-0.81514240
0.70998763	-0.21414027	-0.50164745	-0.25384227	0.01651081	-0.89966218
0.58468286	-0.31693924	-0.44877274	-0.06410779	-0.27131444	-0.82149588
0.81572808	-0.22938880	-0.42239004	-0.09579747	0.17550920	-0.66669433
0.78908602	-0.06059905	-0.55220463	0.04907915	-0.33336322	-0.91609232
0.72142483	-0.16247883	-0.57707819	0.16870589	-0.77809141	-0.66654726
0.79447400	0.02923664	-0.44334672	0.28108170	-0.53301892	-0.54175648
0.81684061	-0.09849615	-0.37073365	0.34713521	-0.70830854	-0.33249515
0.86401257	-0.02810991	-0.44109748	0.22889696	-1.02312300	-0.53694238
0.70499998	-0.29690093	-0.48018130	0.63044039	-0.58503241	-0.76685569
0.83503079	-0.26690089	-0.38697581	0.37381639	-0.48432422	-0.90953805
1.04737300	-0.24519362	-0.24903642	0.79766834	-0.00535701	-0.74505993
0.70221959	0.10721806	-0.29981203	0.87235501	-0.36066091	-1.03651073
0.58671252	0.23324106	-0.34831460	0.71778099	0.07541274	-0.79854587
0.59038973	0.07708984	-0.25943854	0.33661055	0.15737519	-0.67667253
0.56774286	0.01450492	-0.36772516	0.01965469	0.06437946	-0.27488440
0.81069128	-0.00978840	-0.25513588	0.39145418	-0.30253374	-0.50247151
0.68219665	-0.04553686	-0.13458091	1.08833851	0.14245865	-0.49752756
0.77268377	0.10161842	-0.24072632	1.17838560	-0.10622702	-0.16208157
0.93513602	-0.08492171	-0.38203546	0.70987785	-0.16405079	-0.11065213
1.09760552	-0.06456245	-0.39040278	0.79292706	-0.54874094	-0.23321754
1.06725580	-0.16507507	-0.36719104	0.93910777	0.42638474	-0.16751332
1.01388748	-0.07922271	-0.26060666	1.22393658	-0.16786464	0.08781563
0.98947097	-0.04211136	-0.51814083	1.11629754	-0.23635511	0.17306066
1.25889395	0.04114104	-0.37866109	0.54430188	-0.28836910	0.03057538
1.13375477	-0.16277540	-0.92500906	0.24654832	-0.19344293	0.14319667
1.22195479	-0.00882368	-1.03428663	-0.06292868	0.03971010	0.10948938
1.14682619	-0.22584139	-0.87000697	0.34186692	0.47336403	-0.11156432
1.13375946	-0.24518796	-0.42686863	0.51580121	0.08591612	0.10026728
0.79637938	-0.19261342	-0.68984871	0.83684134	0.36324297	0.10380481
0.81488337	-0.25901784	-0.84073093	0.61785526	-0.06859839	-0.09556969
1.20345449	-0.45351398	-0.48917510	0.68545641	0.00796821	0.00408336
1.05951400	-0.26313972	-0.60271133	0.58939724	0.21644552	-0.11937187
1.11064291	-0.13714378	-0.44323457	0.79974081	0.61498372	-0.05596032
1.17604743	-0.22898948	-0.63741123	0.62187490	0.04010086	-0.06962964
1.03308914	-0.21143158	-0.33058756	0.47302395	0.62966970	0.08948126
0.93027449	-0.17486565	-0.30312130	0.50444277	0.61282064	-0.18221975
0.85416610	-0.17500112	-0.30268052	0.97443196	0.63541053	0.21678618
0.68682625	-0.13675172	-0.23553136	0.78043604	0.49741029	0.37751824
0.73882007	-0.18943416	-0.39712751	0.73978342	0.76668742	0.01794528
0.62393097	-0.14890194	-0.28178603	1.01257271	0.21805484	-0.02066932
0.73073258	-0.06150868	-0.48562501	1.12831706	-0.27385194	0.08659168
0.67918664	-0.10449868	-0.39351644	0.86755986	-0.00856978	0.16237149
0.79630679	-0.06183715	-0.45456111	0.89795921	0.32210186	0.33764102
1.00231301	-0.24606849	-0.37423178	0.79621638	0.63024577	-0.10262618
0.90168961	-0.30334931	-0.35344073	0.84883209	1.06360812	-0.16413203
0.89060403	-0.30507698	-0.46538959	0.64725022	0.72439159	-0.14384096
0.87524961	-0.29865746	-0.26066428	0.57250059	0.15958703	-0.12860696
0.83532762	-0.25516122	-0.22932938	0.34796864	0.47996389	-0.23619330
0.78266684	-0.20709389	-0.13588828	0.61773169	-0.02311123	0.04665545
0.83986648	-0.28416197	-0.35593509	0.23097053	-0.06426024	-0.11089371
0.95305704	-0.16011712	-0.02003429	0.70303442	0.13903621	0.19840186
0.83603947	-0.31708038	-0.06762281	0.54979792	-0.05966083	-0.36694252
0.88985321	-0.24442108	-0.21614741	0.37804494	-0.21173685	-0.09308332
1.00886676	-0.23873928	-0.19994781	0.18451378	-0.15925890	-0.23393666
0.96572754	-0.20136848	-0.21204540	0.19742349	-0.11061636	-0.40825544
0.95724037	-0.20359985	-0.07395391	-0.22060228	-0.20626597	-0.14935652
1.02065393	-0.23336766	-0.01773050	0.09069013	0.09047450	0.25847060
1.05640598	-0.16544256	-0.08379676	0.32562370	-0.15446296	0.21461177
1.04839513	-0.10323288	-0.01442020	0.04832171	-0.50037035	0.19410782
1.07334165	-0.05230446	-0.22115115	0.03459480	-0.60620357	0.16834136
1.17433373	-0.21976048	-0.27786013	0.29869599	-0.08298335	0.07667767
0.95920679	-0.22773954	-0.26090783	-0.03232145	-0.07592987	0.41974799
1.03828408	-0.18756091	-0.21231847	0.16507095	-0.52898560	0.19556435
0.86789873	-0.30545764	-0.22343125	-0.06511025	-0.02846939	0.32338454
0.84453116	-0.17049056	-0.52864282	0.10478973	0.24035820	0.30796542
0.94097230	-0.26141408	-0.28940955	-0.20240423	-0.37904747	0.19796593
0.95822485	-0.29643196	-0.37886304	0.18632270	-0.78023554	0.06320665
1.02927923	-0.37585740	-0.17211981	-0.06928514	-1.03106970	-0.06876378
1.13626917	-0.12980726	-0.46297511	0.06298450	-0.40989561	-0.26515687
1.08276244	-0.12810860	-0.49784950	-0.28732124	0.93774994	-0.09594674
0.93593043	-0.12818989	-0.16085525	-0.19542961	0.84580972	-0.11324890
1.19928108	-0.39847007	-0.14792364	-0.10302919	-0.09574153	0.33148857
1.12991195	-0.38353511	-0.28037035	0.21576081	-0.81942109	-0.02435069
1.40721052	-0.39152852	-0.47655034	-0.13432880	-0.24070353	-0.16586202
1.34729710	-0.31869605	-0.29752639	-0.12321281	-0.30119295	0.21122432
1.54108102	-0.58715111	-0.60224187	0.02226259	-0.20917121	0.05214688
1.53248577	-0.46465380	-0.61071734	-0.27114940	-0.13248491	0.30698861
1.33936899	-0.36564872	-0.52819125	-0.36190458	-0.45599403	-0.00622373
1.01696729	-0.39858337	-0.43494762	-0.16697576	-0.77012021	0.00915227
1.09960491	-0.47642899	-0.25461558	0.02722508	-0.93993419	0.12085796
1.08836271	-0.37550992	-0.25618806	0.05434411	-0.84733855	-0.20009906
0.85056864	-0.36128334	-0.27678615	-0.14587504	-0.63271614	0.00592277
0.90980920	-0.43087039	-0.47321647	-0.02221155	-0.21446066	-0.48078535
0.70905373	-0.49414285	-0.33344882	-0.02002984	0.14978004	-0.34895210
0.64333477	-0.34503808	-0.40424676	-0.24742466	0.01821572	-0.54806738
0.79271792	-0.38854417	-0.56312142	-0.18313020	0.23707740	-0.69092333
0.77479392	-0.31531817	-0.33219363	-0.13779328	0.23848620	-0.76227600
0.69625193	-0.23880879	-0.38180635	-0.21275745	0.10641549	-0.53263030
0.67311501	-0.10267415	-0.30852469	0.05478184	-0.22793501	-0.42544401
0.82165630	-0.22106991	-0.42128591	0.00359845	0.11483460	-0.45617434
0.71168958	-0.22144690	-0.45773385	0.16765980	0.14948758	-0.47319873
0.70818618	-0.16266364	-0.31979960	0.13880424	-0.00159713	-0.56468573
0.75358546	-0.20011759	-0.32372206	0.48529064	0.15957852	-0.36595566
0.68789987	-0.11614434	-0.19907012	0.04832360	0.95116110	-0.30979294
0.71610883	-0.20424670	-0.25369771	0.23560915	0.26101232	-0.61494276
0.76937714	-0.07747705	-0.51474169	0.13899479	0.30151198	-0.43165391
0.78681753	-0.00284715	-0.58361883	-0.24263580	0.08873939	-0.40373017
0.83329960	-0.06329159	-0.67096882	0.03415064	-0.01569897	-0.15162480
0.77562873	-0.19539913	-0.34539086	-0.08129709	-0.67383014	-0.63695165
0.79814583	-0.12686299	-0.47558000	-0.18406472	0.21295528	-0.24071768
1.01604187	-0.18010407	-0.40042023	0.08907649	0.58110916	-0.38118483
1.00891308	-0.09760289	-0.42538631	-0.38593439	0.09625292	-0.70071511
0.98277330	-0.09116285	-0.54887532	0.16094650	-0.34903605	-0.38640751
1.02978366	-0.15953040	-0.39451350	0.45033868	-0.05892457	-0.60425745
1.10353687	-0.16045604	-0.44422465	0.55840420	0.91067039	-1.02393150
1.03625407	0.02485406	-0.23180369	0.00210898	1.08579764	-0.62974381
