0.97286480	-0.14500645	0.30709505	-0.01488211	0.01534818	-0.00165200
0.97206572	-0.14524982	0.30839728	-0.01456989	0.01101987	-0.00591923
0.97395096	-0.14846534	0.30369455	-0.00587430	0.01958797	-0.00247033
0.97256208	-0.15056943	0.30623809	-0.01902746	0.02902580	-0.00639405
0.97385867	-0.14792144	0.30745706	-0.01446894	0.03526245	-0.00051070
0.97367521	-0.15079519	0.31463355	0.00768043	0.01879501	-0.01832430
0.97330208	-0.15137554	0.31428987	0.00917466	0.02234180	-0.00106785
0.96833490	-0.14836875	0.31392922	0.01351580	0.01284022	0.00577584
0.96887239	-0.14478009	0.30762955	0.02807255	0.00050195	0.00812197
0.96400862	-0.13793289	0.30811758	0.01689741	-0.00475757	0.01474574
0.96676319	-0.13957883	0.30993402	0.02570115	-0.00813411	0.02026668
0.96404108	-0.14872885	0.30801796	0.02508461	-0.02169569	0.03156136
0.96876085	-0.14433234	0.31312409	0.00997206	-0.02562570	0.02788552
0.97505034	-0.15118444	0.30866650	0.02829027	-0.01784043	0.02007438
0.97601217	-0.14386473	0.30904594	0.01932112	-0.00659973	0.00886881
0.98251776	-0.13818336	0.30686060	0.01170248	0.00700611	0.01159200
0.97677719	-0.13393486	0.30535776	0.01430793	0.01126182	0.01978962
0.97510689	-0.14216132	0.30692981	-0.00763570	0.00298723	0.00780639
0.97870395	-0.14485274	0.30582268	-0.02386700	0.01651617	0.00240444
0.97333991	-0.14514211	0.30853346	-0.01019965	0.01261265	0.00491041
0.97107880	-0.14244089	0.31244087	-0.02531122	0.01619460	-0.01196079
0.96887894	-0.14627489	0.30892761	-0.03894895	0.00724543	-0.01062558
0.97001750	-0.14614330	0.30662015	-0.02454080	-0.01408375	-0.00965253
0.97338973	-0.14652875	0.30482207	-0.01944054	-0.00255747	-0.00607742
0.97418495	-0.15408011	0.29898345	-0.01702795	-0.01410157	0.00661925
0.97308541	-0.15490819	0.30391413	-0.00599643	-0.00203280	0.00386703
0.96800795	-0.15617415	0.30390294	0.00007292	-0.00653480	0.00298029
0.96882818	-0.15192040	0.30411264	-0.00247550	-0.00332376	0.01750609
0.97010534	-0.15839716	0.30802761	0.00190169	-0.00319141	0.01899954
0.97217688	-0.15020834	0.30822211	0.00689491	-0.01541855	0.01716621
0.97520935	-0.14474338	0.30408841	0.00277801	-0.00072698	0.01412571
0.97576167	-0.14486635	0.30706840	0.00240618	0.00486975	-0.00078508
0.97430817	-0.14487033	0.30326607	-0.00097478	0.00701060	0.00197039
0.97404153	-0.14030532	0.31049651	-0.00972658	0.00238303	0.01220865
0.97523819	-0.14107593	0.30356027	-0.01424156	0.00111526	0.00644281
0.97547259	-0.14136301	0.30784655	-0.00880008	0.02117577	0.00661317
0.97689621	-0.14171281	0.30972004	-0.00889034	0.01521266	0.00028393
0.97445171	-0.14442577	0.30918778	-0.01256868	0.00188760	-0.00235691
0.96822503	-0.14399464	0.30548598	-0.01245294	0.00588223	-0.00372329
0.96680589	-0.14248849	0.31376034	-0.02424222	0.00267246	-0.01107575
0.97189333	-0.15264725	0.31632731	-0.02379399	-0.00030635	0.00217789
0.97323061	-0.15205533	0.31868013	-0.02174783	-0.00571098	-0.00750607
0.97091550	-0.15711870	0.30851794	-0.01312678	-0.00951335	0.00118050
0.96990709	-0.15004057	0.30437014	-0.00590403	-0.00017025	0.01044493
0.96498794	-0.15857365	0.30791473	-0.01322156	-0.00777208	0.00117942
0.97191067	-0.15405291	0.30884932	-0.01490393	-0.00451785	0.01207260
0.97491995	-0.15834016	0.30329854	0.00334492	0.00431854	0.01130678
0.97143832	-0.16068769	0.30296534	-0.00060229	-0.01326929	0.00342272
0.96927021	-0.15864205	0.30248282	0.00394959	-0.01732655	0.00947288
0.96767236	-0.15457309	0.30376740	0.00893952	-0.00630112	0.01234159
0.97014990	-0.15366185	0.30233550	-0.00294817	-0.00667400	0.02129935
0.96999026	-0.14711066	0.30237376	0.00825567	-0.02030544	0.02092027
0.97499756	-0.14860501	0.30653272	0.01482645	-0.01917884	0.02582991
0.97154613	-0.15269611	0.30331160	0.00046458	-0.01849698	0.02164367
0.96935093	-0.14889383	0.30602607	0.00072149	-0.01160165	0.01388537
0.97140344	-0.15515418	0.30879203	-0.00976987	-0.01785640	0.01806586
0.97313007	-0.14763945	0.30783819	-0.01752095	0.00686096	0.00451760
0.97828084	-0.15477631	0.30952076	-0.01543997	0.00729057	0.00792826
0.97670087	-0.15616983	0.29707847	0.01002538	0.00526110	0.00340612
0.97158001	-0.15444269	0.28944759	0.00212181	-0.01029596	0.00326984
0.97203618	-0.15359728	0.29906475	-0.00956732	-0.00543995	0.01382748
0.96850555	-0.15216188	0.30374399	-0.00745189	-0.00439997	0.01464354
0.97108445	-0.15361992	0.30054333	-0.00622463	-0.01158761	0.01339757
0.97494144	-0.15273060	0.29752087	-0.00139508	-0.01064225	0.01924929
0.97022650	-0.16038339	0.30059787	0.00845985	-0.01569101	0.01346675
0.97454222	-0.16747056	0.30154702	0.00935292	-0.01081122	0.01578459
0.97108699	-0.16357389	0.30764813	0.02401997	-0.00739383	0.01429185
0.97312862	-0.15972101	0.31530837	0.02414426	-0.00799715	0.01016906
0.97083510	-0.16188045	0.31223742	0.01931777	-0.00646574	0.01513920
0.97198466	-0.16074480	0.30028212	0.01977845	-0.00068929	0.01712613
0.97308131	-0.16190496	0.30251583	0.01398686	0.00301198	0.00877335
0.97552593	-0.15595079	0.30095255	0.01993761	-0.00002010	0.00138936
0.97401458	-0.16196868	0.29991673	0.02636118	-0.00362618	0.01539120
0.97248784	-0.16121151	0.30698529	0.03239367	-0.00018972	-0.00025979
0.96958189	-0.16186340	0.30643486	0.01717217	0.00192767	0.00816406
0.96752507	-0.16225334	0.30343420	0.01349051	0.00016708	0.00349522
0.97002765	-0.15807644	0.30203010	0.01716953	-0.00987543	-0.01095515
0.96946430	-0.15423382	0.30463773	0.02476131	-0.00896779	0.00901667
0.97012388	-0.14890985	0.30418769	0.01085539	-0.00746373	0.00524775
0.96858374	-0.15223018	0.30903976	0.01562453	-0.01070664	0.01189485
0.97306424	-0.15161982	0.30393392	-0.00314036	-0.01250373	0.00432240
0.97411527	-0.15852057	0.30571063	0.01041977	-0.01513422	0.00982742
0.97560568	-0.15997793	0.30189283	0.00846948	-0.01634153	0.00691868
0.97602147	-0.16257120	0.30859565	0.00562437	-0.00909813	0.00203785
0.97291612	-0.15565183	0.29842192	0.00951469	-0.00240647	-0.00698693
0.97276746	-0.16726610	0.30382505	0.00831314	-0.01124986	0.00037372
0.97143533	-0.16457419	0.29798833	0.01046641	-0.01965447	-0.00298711
0.97261679	-0.16068556	0.29812677	0.00540794	-0.01865952	0.00417723
0.97128287	-0.16479905	0.29921526	0.00350310	-0.01976138	0.00699207
0.97069772	-0.15750743	0.30118415	0.00419178	-0.02227722	0.00403953
0.97749598	-0.15740497	0.29914353	-0.00027566	-0.00241610	-0.00433843
0.97638334	-0.15357688	0.30330898	0.00272518	0.00145458	-0.00438871
0.97289352	-0.16115544	0.30407021	0.00312726	-0.00681454	-0.01464206
0.97239325	-0.16169903	0.29669114	0.01437569	-0.00661939	-0.00877014
0.97307389	-0.15422146	0.29707561	0.00939507	-0.00689342	-0.00569041
0.97800454	-0.15569151	0.29372450	-0.00883665	0.00047725	-0.00793553
0.97608139	-0.15573519	0.29309490	0.00545778	-0.00909194	-0.01309950
0.97140227	-0.16099420	0.29537445	-0.02152482	-0.00352596	-0.01540985
0.97479546	-0.15733061	0.29952544	-0.01142495	0.01034315	-0.02108697
0.97217876	-0.15286948	0.29635241	-0.00609429	0.01166860	-0.01453786
0.97108203	-0.16044818	0.30712444	0.01268471	0.01442393	-0.01940472
0.97101728	-0.16016171	0.29614450	0.00202177	0.00312750	-0.02373638
0.97101322	-0.15439144	0.30054732	-0.00490216	0.00893518	-0.01811739
0.97106396	-0.15173172	0.29860649	-0.00723769	0.00579840	-0.01280146
0.97194892	-0.15126961	0.30802354	-0.00503681	-0.00372637	-0.01135290
0.97452190	-0.15855498	0.31611715	0.00667303	0.00658969	-0.01018182
0.97937351	-0.15683884	0.30746189	0.01466296	0.00382650	-0.00369864
0.97574834	-0.15390327	0.29924582	-0.00212237	0.00354882	-0.01511355
0.97216141	-0.15258486	0.28909708	0.00715035	-0.00443880	-0.01022265
0.97051207	-0.15787892	0.29521247	0.00972321	0.00177015	-0.00839021
0.96976677	-0.15565787	0.30463297	-0.00157201	0.00184574	-0.01713419
0.96506334	-0.15044465	0.29855949	0.00730586	-0.00248776	-0.01000503
0.97126620	-0.15179449	0.29900513	-0.00382098	-0.00893553	-0.00687124
0.97425165	-0.15583156	0.30765511	0.00052962	0.01048083	-0.00302323
0.97161372	-0.15370172	0.30512084	0.00862853	0.00034377	-0.00744414
0.97285504	-0.15115970	0.30702667	0.00251655	0.00725774	-0.01442181
0.97160741	-0.15048325	0.31424574	0.00542180	0.00348464	-0.00718591
0.97137783	-0.15253712	0.31161925	0.01065162	0.00298812	-0.00339298
0.97425211	-0.15350075	0.30774676	0.01043764	0.00250684	-0.00780400
0.97280741	-0.15404363	0.30588078	0.01182421	-0.00570130	-0.01432723
0.97362047	-0.15246439	0.31317368	-0.00170876	0.00619746	-0.01238224
0.97185692	-0.15345804	0.30984552	0.00236634	0.00873338	-0.00342917
0.97092814	-0.14932910	0.30160073	0.00335213	0.00252730	-0.00779192
0.96600576	-0.15006047	0.29991374	0.01434653	0.01064489	0.00326567
0.96863308	-0.15396162	0.30126337	0.00740564	0.00887047	-0.00093112
0.97615167	-0.14841027	0.30500667	-0.00333475	-0.00512613	-0.00527222
0.97715150	-0.15208537	0.30391113	-0.00960082	0.01817001	-0.00196909
0.97615818	-0.14792514	0.30819064	-0.00580980	0.00825454	-0.00861660
