0.78614715	0.49956798	0.37439964	-0.01293447	-0.00281834	-0.00586000
0.78455509	0.50270292	0.38199015	-0.00337458	0.01276106	0.00158589
0.78902114	0.50197884	0.37548955	0.00397662	0.00770112	-0.00492630
0.78887412	0.50092315	0.37851251	0.00059486	0.01689530	0.00023947
0.78714867	0.50377562	0.37087732	-0.00369421	-0.00041832	0.00162777
0.78768259	0.50828492	0.36695663	-0.00145659	0.00740962	0.00581209
0.79118950	0.50535999	0.37018938	0.00329541	0.00851402	-0.00066821
0.78816252	0.50329555	0.36537467	-0.00439465	0.00541058	-0.00620862
0.78874980	0.50215064	0.36729434	-0.01252533	0.00513114	-0.00878334
0.78530229	0.50288959	0.36815792	-0.01048916	0.01222726	-0.00985575
0.78496576	0.51103122	0.37669785	-0.00683970	0.00886578	-0.00318194
0.78299682	0.51368095	0.37718094	-0.00165436	-0.00578861	-0.00005573
0.77983993	0.51375140	0.37561855	-0.00145616	-0.01185887	-0.00259601
0.78108061	0.51232772	0.37680794	-0.00371098	-0.01766240	-0.00062746
0.78378661	0.50906921	0.37561424	-0.00218729	-0.01196409	-0.00289077
0.78293282	0.50526611	0.37627144	-0.00478639	-0.01962207	-0.00036377
0.78162527	0.50233956	0.37213037	-0.00127907	-0.01624775	0.00430910
0.78415878	0.50041868	0.37329028	-0.00350375	-0.01268427	0.00492957
0.78396501	0.50250121	0.37684586	0.00589742	-0.02140310	0.00195844
0.78333955	0.50005301	0.37610657	0.00368123	-0.04191945	0.00836596
0.78347325	0.50186199	0.37834513	0.00771797	-0.01708143	0.00717886
0.78255428	0.50385704	0.38135590	0.00493832	-0.03891093	0.00870642
0.78461324	0.50277974	0.37533344	0.00342794	-0.03508008	0.00498839
0.78862101	0.50250736	0.37076251	-0.00257484	-0.03271795	0.00941340
0.78773704	0.50209728	0.36667138	-0.00499860	-0.02149536	-0.00177439
0.78646678	0.50360946	0.36703422	0.00041156	-0.02136835	-0.00389892
0.78817115	0.50807562	0.36737193	0.00051771	-0.01422836	0.00292619
0.78903405	0.50918867	0.36653997	0.00001824	-0.01962418	-0.00079496
0.79006971	0.50822730	0.36373577	-0.00152065	-0.01359615	0.00427788
0.79175865	0.50468833	0.36297469	-0.00796131	-0.00178178	0.00224341
0.79107417	0.50511169	0.36167751	-0.01127230	-0.01393722	-0.00980928
0.79017201	0.50432208	0.36254133	-0.00429392	-0.01161536	-0.01198895
0.79144445	0.50545445	0.35949864	-0.01036472	-0.00787178	-0.00834297
0.78745402	0.50719363	0.35999953	-0.00613405	0.00575370	0.00075049
0.78595600	0.50797463	0.37808217	-0.00503025	-0.00264350	-0.00427490
0.78905001	0.50599942	0.38157225	-0.00393420	0.00726296	0.00002935
0.78469062	0.50989690	0.36892793	-0.00366331	0.00736204	-0.00186781
0.78767335	0.50963395	0.36072318	-0.00205046	-0.00290738	-0.00962910
0.78953081	0.50524571	0.36167086	-0.00827292	0.00474281	-0.00135593
0.78696512	0.50137309	0.36353232	0.00109738	0.00302587	0.00175659
0.78879395	0.50272262	0.35662123	-0.00341397	0.00605426	-0.00038051
0.79092364	0.50550930	0.36749794	-0.00111530	0.02854136	0.00511699
0.79109691	0.50169463	0.36020012	-0.00026286	0.01869190	0.00416501
0.78575650	0.50131882	0.36342154	0.00531543	0.00595805	-0.00367156
0.78670329	0.49765520	0.37125370	0.00904646	-0.02586328	-0.00437478
0.78669745	0.50092592	0.37567991	0.00341807	-0.00342526	0.00316004
0.78547932	0.50717038	0.37712316	0.00014950	-0.00473498	0.00816880
0.78567775	0.51038453	0.37296853	0.00741009	-0.01463920	0.01058194
0.78862374	0.50959482	0.37213572	0.00537622	0.00587980	0.00202958
0.79350713	0.50511098	0.36426462	0.00511423	-0.00002193	0.00622815
0.79223231	0.50253237	0.36115705	0.00493639	-0.00649145	0.00762085
0.79597696	0.50581832	0.35412681	0.00590385	-0.00559287	0.00718373
0.79402421	0.50703001	0.35564557	0.01019947	-0.01749791	0.00333186
0.78913286	0.50922261	0.36268480	-0.00279698	0.00265623	0.00262192
0.79117148	0.51144903	0.36562833	-0.00153704	0.00786049	-0.00359943
0.78971694	0.50835554	0.36045339	-0.00448157	0.01860984	-0.00747199
0.79117467	0.50920255	0.36583067	-0.01408201	0.02518119	-0.00712147
0.78986835	0.50617566	0.36146370	-0.01227417	0.02254864	0.00063753
0.79240745	0.50635588	0.36590657	-0.00858719	0.03184226	-0.00189388
0.78913932	0.50634108	0.37572635	-0.01615094	0.01352443	0.00100968
0.78771787	0.50509868	0.37362012	-0.00664712	0.02030221	-0.00369330
0.78719094	0.50326061	0.36936286	-0.00837517	0.02637839	0.00305335
0.78626363	0.50238460	0.36819416	-0.01050222	0.02825343	0.00010721
0.78668923	0.50096367	0.37414625	-0.00499272	0.01722655	0.00197227
0.78762836	0.49995779	0.36574373	-0.00187741	0.03138831	-0.00172403
0.78526207	0.50415244	0.36842678	-0.00229389	0.02348134	-0.00224275
0.78494460	0.50485287	0.37011301	0.00130837	0.01517428	-0.00378026
0.78289345	0.50653730	0.38345314	0.00778747	0.00704082	0.00153734
0.78386636	0.50678550	0.37776999	0.00739011	-0.00109088	0.01101669
0.78869809	0.50569701	0.37311234	0.01470418	0.02491515	0.01084474
0.79385168	0.50347449	0.36429476	0.00573812	0.03706307	0.00783512
0.79247154	0.49750477	0.37522508	0.00169940	0.03149427	0.00165163
0.78498393	0.49894163	0.37159438	-0.00140415	0.02353814	-0.00004478
0.78028995	0.50770805	0.37246986	-0.00360693	-0.00244651	-0.00400914
0.78421674	0.50821087	0.37838317	0.00025997	-0.01538609	-0.00312044
0.79049787	0.50989335	0.37888572	-0.00378935	-0.00398641	-0.00125475
0.79251633	0.51008444	0.36794509	-0.00860183	0.00672948	-0.00215406
0.79158424	0.50286498	0.37053653	-0.00988330	-0.00813306	-0.00846783
0.78786119	0.50147081	0.36872771	-0.00539588	0.01632009	-0.00429961
0.78328668	0.50200046	0.36604641	-0.00903816	0.00546225	-0.01028414
0.78115601	0.50449186	0.37425645	-0.00508747	-0.00597527	-0.01696666
0.78399460	0.50587287	0.37690131	-0.01526188	-0.00744469	-0.00769314
0.78192436	0.50853630	0.37180221	-0.00904749	-0.00807154	-0.00130670
0.78373284	0.51397621	0.37401271	-0.01194922	-0.01009530	-0.00331131
0.78257026	0.50718735	0.37356801	-0.00541006	-0.00795539	-0.00250916
0.78379047	0.50639935	0.37705877	0.00005912	-0.01019422	-0.00409321
0.78349958	0.50461689	0.37648913	0.00782339	0.00939741	-0.00116011
0.78470208	0.50346407	0.37048155	-0.00046022	-0.00318169	-0.00198283
0.78984133	0.50144530	0.37075836	0.00048026	0.00335500	0.00077275
0.78805200	0.50185724	0.37655230	0.00819037	0.00092884	0.00593507
0.78436527	0.50321616	0.37708780	-0.00169003	-0.00841867	-0.00231257
0.78326403	0.50551839	0.38061928	-0.00165047	-0.00417470	-0.00354302
0.78982283	0.50853943	0.37816128	0.00078533	-0.00844892	-0.00470346
0.78874614	0.50484882	0.37194188	0.00136453	-0.00009579	-0.00169487
0.79008103	0.50413658	0.37787756	0.00503008	0.00033668	-0.00278131
0.78642914	0.50939053	0.37478164	-0.00269712	-0.00977876	-0.00140922
0.78838683	0.50886538	0.37391844	-0.00347044	-0.00530671	-0.00103006
0.78579576	0.50708547	0.37191932	0.00326743	-0.01400885	-0.00221408
0.78315133	0.50771727	0.36762668	-0.00602619	-0.00889148	0.00165152
0.78555468	0.50354067	0.36504301	-0.00210932	-0.00654583	0.00159898
0.78726540	0.50354289	0.36756395	0.00057002	-0.01180550	-0.00341527
0.78593286	0.49945575	0.36978331	0.00327943	-0.00804545	-0.00307688
0.79027531	0.50424788	0.37512894	-0.00728542	0.00435037	-0.00467167
0.78816535	0.50220205	0.37342783	-0.00731787	0.01095331	-0.00722919
0.78853078	0.50924214	0.36904660	-0.00618130	0.00346894	-0.00593290
0.79276017	0.50619062	0.37452667	0.00105623	0.00834188	-0.00014579
0.78918835	0.50640445	0.37556912	0.00309748	-0.00061947	0.00086968
0.78778970	0.50395376	0.37884788	0.00458316	-0.00780933	0.00666696
0.78988351	0.50276257	0.38256473	-0.00508883	0.00262688	-0.00424653
0.78780066	0.50296711	0.37401546	-0.00577167	0.01183809	0.00192765
0.78728919	0.50404564	0.36492908	-0.00373268	-0.00559440	0.00031916
0.78898043	0.50513166	0.37748400	-0.00402479	-0.00479759	0.00144225
0.78548131	0.50708127	0.37103526	0.00281474	0.00442270	0.00263533
0.78893766	0.50824272	0.36822921	0.00487054	0.00742538	0.00254526
0.78680621	0.50938775	0.36253650	-0.00576642	0.00238122	-0.00273598
0.78680787	0.50444779	0.36973855	0.00004938	-0.00193333	0.00060814
0.78291921	0.50424997	0.37281591	-0.00402138	-0.00708841	0.00556370
0.78666758	0.50341568	0.37396488	-0.00931841	-0.00440960	0.00174410
0.78727159	0.50009521	0.37618186	0.00001431	-0.00664046	-0.00020260
0.79053527	0.49953300	0.37707295	-0.00460774	-0.00694135	-0.00710102
0.78975648	0.50104891	0.37915327	-0.00231466	-0.01400121	-0.00516044
0.79244082	0.50437602	0.37330275	0.00576788	-0.00457658	-0.00662902
0.79604341	0.50692650	0.37753740	0.00075079	0.00460611	-0.00113636
0.79324554	0.50528006	0.37276687	0.00139170	0.00177599	-0.00297296
0.78803470	0.50966774	0.37618834	0.00590150	0.00472570	-0.00000905
0.78733995	0.50708535	0.37878942	-0.00725104	0.01431263	0.00211917
0.78613868	0.50610621	0.38014779	0.00236710	-0.00809835	-0.00296579
0.78673030	0.50595095	0.37586657	-0.00539106	-0.00307452	0.00183998
