0.96337384	0.22847207	0.24775578	-0.00669326	-0.00527139	0.00985498
0.96431363	0.22670482	0.24663693	-0.00385613	-0.01479901	0.01455850
0.96224094	0.23003897	0.24381104	0.00190225	-0.02791886	0.01842888
0.96453262	0.22917157	0.24031455	-0.00507894	-0.03914145	0.01967504
0.96255982	0.23036953	0.24000524	0.00206686	-0.03614217	0.02157360
0.96305759	0.23279882	0.24780220	-0.00030795	-0.02197369	0.01494450
0.96379359	0.22657913	0.23868506	-0.00058784	0.00125656	0.01214663
0.96064279	0.22379120	0.23359278	-0.00147085	-0.01609047	0.00892014
0.96029310	0.22213016	0.23146905	-0.00041057	-0.00983060	0.00520227
0.96326068	0.22127506	0.23440831	0.00406964	0.00596143	0.00187280
0.96486096	0.22638137	0.23336844	0.00664331	0.00882949	0.00806291
0.96445199	0.22457820	0.24425130	0.01004158	0.00302867	0.00944861
0.96579866	0.22501153	0.24326804	0.00539656	-0.01040866	0.01022785
0.96672164	0.22378660	0.23951663	-0.00003937	0.00317317	0.00397989
0.96819976	0.22538642	0.23682397	-0.00501159	0.00463427	0.00188489
0.96812766	0.22055278	0.23742564	0.00038144	0.01128432	0.00188032
0.96961622	0.22181847	0.23473424	0.00160408	0.01686269	-0.00505077
0.96645818	0.22752287	0.23842946	0.00660534	0.00932275	-0.00258993
0.96407632	0.22901436	0.23830300	-0.00173167	0.00676849	-0.00851991
0.96827733	0.22606440	0.23531225	-0.00320258	0.00271903	-0.00315449
0.96520025	0.22623667	0.24248735	-0.00430484	0.00356494	-0.00287195
0.96273592	0.22519635	0.24455830	-0.00353163	-0.00748484	-0.00812991
0.96636630	0.22591737	0.24982348	-0.00145812	0.00299256	-0.00752444
0.96646206	0.22769396	0.24002609	-0.00673849	0.00059804	-0.00353517
0.96569562	0.22714759	0.23695726	0.00086794	0.00941721	0.00096356
0.96355039	0.22961086	0.24297760	0.00184321	0.01642068	0.00037786
0.96548475	0.22786740	0.24371615	0.00120470	0.01542879	-0.00087622
0.96323785	0.23122284	0.24183699	-0.00157562	0.02118667	-0.00837501
0.96343071	0.23092531	0.24347730	0.00249628	0.00850225	-0.01092276
0.96827546	0.22549996	0.24231690	0.00248290	0.00226282	-0.01746870
0.96441489	0.23115488	0.23764285	0.00160107	-0.00117642	-0.00872163
0.97040118	0.22573045	0.23887874	0.00290662	0.01362996	-0.00564192
0.96816030	0.22658606	0.23542510	-0.00034996	0.01491572	-0.01708540
0.96546989	0.22585857	0.23684748	-0.00068168	0.02206009	-0.02015398
0.96429878	0.22636843	0.23311877	0.00330522	0.00192100	-0.01637585
0.96528431	0.22855122	0.23957116	0.00005311	0.00594194	-0.00530325
0.96750585	0.22791476	0.23929425	-0.00084202	0.00849104	-0.00483082
0.96348245	0.22956009	0.23822137	0.00123114	0.00865904	-0.01435814
0.96509345	0.23193782	0.23430704	-0.00010794	0.00478183	-0.01222540
0.96678109	0.23076466	0.24273527	0.00560879	-0.00165944	-0.02091154
0.96780965	0.22634061	0.24054535	0.00084167	0.00182852	-0.00954824
0.96900610	0.23069923	0.24091152	0.00647641	0.01416156	-0.00129884
0.96326215	0.22833632	0.25554002	0.00309780	-0.00062145	0.00195824
0.96078212	0.23075904	0.25231072	0.00038366	-0.00421495	0.00069027
0.96347211	0.23076553	0.24330956	-0.00274631	-0.00570075	0.00321156
0.96259161	0.23394776	0.23806860	-0.00316432	-0.00104973	-0.00015164
0.96214765	0.23023426	0.23308953	-0.00082008	0.00249723	0.00281794
0.96436378	0.22455584	0.23952081	0.00126201	0.01064905	0.00085516
0.96332666	0.23189611	0.24170550	-0.00012847	0.01849131	0.00553535
0.96535297	0.22847874	0.24070316	0.00346697	0.00750244	-0.00349269
0.96495779	0.22946752	0.24522820	0.00060100	0.00077807	-0.00540178
0.96592240	0.22820986	0.24490030	0.00404302	0.01378917	-0.00136553
0.96863994	0.22648198	0.24042657	-0.00002525	-0.00236289	-0.00076318
0.96831969	0.23353205	0.24566458	-0.00238487	0.00551050	-0.00512226
0.96747651	0.23159864	0.24179318	0.00155723	-0.00571835	0.00317757
0.96485349	0.23007866	0.24008096	0.00340132	-0.00249566	-0.01138586
0.96635340	0.22975402	0.24279430	0.00374326	0.00430252	-0.00298827
0.96535844	0.22658633	0.24907563	0.00440107	0.00421396	-0.00720145
0.96650425	0.22879616	0.25068206	0.00051476	-0.00089553	-0.00280729
0.96163514	0.22652303	0.24625746	-0.00043337	0.00914100	-0.00123756
0.95696776	0.22825487	0.24231843	0.00628772	-0.00422794	-0.00464424
0.95559196	0.22619631	0.23444854	0.00854632	-0.00117462	0.00044409
0.95935075	0.22786972	0.23993539	0.00040405	-0.00098513	-0.00145046
0.96341219	0.22964953	0.23976511	-0.00442027	-0.00078906	-0.00254813
0.96663670	0.22992880	0.24758000	-0.00370143	0.00130109	-0.00445691
0.96636909	0.22901990	0.24467883	-0.00214493	0.00858500	-0.00626896
0.96655276	0.23163175	0.24457853	0.00330884	0.00156939	0.00161914
0.96681676	0.22873956	0.24683817	-0.00010259	-0.00433485	0.00101346
0.96520702	0.22944926	0.24404636	0.00240524	-0.00435894	-0.00375819
0.96727214	0.23177158	0.24468854	0.00323356	-0.00861366	-0.00146557
0.96503918	0.22797450	0.24248200	0.00708998	-0.00576624	-0.00476732
0.96583321	0.22863131	0.24427819	0.00322051	-0.01357768	-0.00187262
0.96714636	0.22968544	0.24683485	0.00056032	0.00300021	-0.01050641
0.96628800	0.22936647	0.24692606	-0.01041647	-0.00079449	-0.00708762
0.96894564	0.23173736	0.24608518	-0.00719356	0.00866193	0.00081317
0.96614121	0.22783959	0.24362731	-0.00438184	0.00161654	0.00049920
0.96538211	0.23395005	0.23408150	-0.00213584	-0.00199377	0.00258568
0.96308688	0.23483019	0.23826091	0.00301129	0.00491817	0.00710746
0.96674920	0.23134657	0.23783981	0.00553333	-0.00288462	0.00228089
0.96385366	0.22820706	0.23389710	-0.00030595	-0.00062703	0.00347317
0.96371830	0.22855396	0.23733797	-0.00204774	-0.00354736	0.00069036
0.96701288	0.22897979	0.23188964	-0.00469411	-0.00149132	-0.00288423
0.96721525	0.22720330	0.23952196	-0.00263002	0.00091901	0.00023943
0.96293616	0.22829449	0.23905216	0.00004284	0.00632214	0.00331561
0.96452475	0.22411038	0.23916204	-0.00052423	0.00489193	-0.00260588
0.96277467	0.22473385	0.24793212	-0.00008855	0.01147061	-0.01150852
0.96550127	0.23561094	0.23951757	-0.00112137	0.02378209	-0.00547312
0.96769816	0.23899123	0.24250470	-0.00182491	0.00551413	-0.00371441
0.96832639	0.23671337	0.24623193	-0.00215515	0.00616289	-0.00065346
0.96421342	0.23257770	0.24162535	-0.00081046	0.01343597	-0.00086248
0.96176646	0.22983253	0.24194699	-0.00090605	0.01440829	0.00377045
0.96501075	0.23152197	0.24222954	-0.00343254	0.00043508	0.00141411
0.96550060	0.22988528	0.24020008	-0.00325085	-0.01133388	-0.00341055
0.96265153	0.23167406	0.24408884	-0.00129944	0.00755707	-0.00322127
0.96611576	0.23154367	0.24396510	0.00335826	-0.00970275	-0.01206436
0.96664480	0.23598058	0.25005098	0.00272706	-0.01585129	-0.00692086
0.96527381	0.22944510	0.24628782	0.00208773	-0.01201305	-0.01066591
0.96477066	0.23080445	0.24528496	-0.00314227	0.01424703	-0.00657070
0.95958885	0.23264261	0.23898313	-0.00359546	0.00156497	0.00107140
0.96231013	0.23436841	0.23662618	-0.00583074	0.00325411	-0.00733351
0.96226537	0.23027615	0.23600545	-0.00487175	0.00614512	-0.01202103
0.96408838	0.23152082	0.24079495	-0.00177544	-0.00876225	-0.00322965
0.96696830	0.23423570	0.23564860	-0.00222450	0.00723931	-0.00296571
0.96462148	0.23279082	0.24047452	-0.00084898	0.00840336	0.00336324
0.96554221	0.23400752	0.23461118	0.00391516	-0.00778460	0.00530928
0.96516151	0.23300343	0.23803963	0.00269558	-0.00266964	0.00011728
0.96742075	0.23573533	0.23964683	0.00690220	-0.00652126	0.00092124
0.96133720	0.23340956	0.23890915	0.00313241	-0.00035836	0.00106029
0.96327979	0.23113065	0.23947715	0.00653847	0.00540592	-0.00089922
0.96201264	0.22738883	0.23605014	0.00589735	0.00185782	0.00442940
0.96445685	0.22275715	0.23696396	0.00325673	0.00620241	-0.00222460
0.96600713	0.22882051	0.24244289	0.00578507	0.00139137	0.00614874
0.96825876	0.23045240	0.24360757	-0.00117181	-0.00517056	-0.00046497
0.97016415	0.23025581	0.24029772	-0.00163018	-0.00863548	-0.00088602
0.96433074	0.22898894	0.24501018	-0.00347474	0.00586115	0.00101799
0.96800203	0.23124446	0.24896498	-0.00670545	-0.00275333	0.00267599
0.96951794	0.23024128	0.24764393	-0.00205837	-0.00855240	0.00046412
0.96397689	0.23675925	0.24409828	-0.00535826	-0.00143807	0.01024686
0.96097382	0.23772433	0.24447432	-0.00208587	-0.00815321	0.00699176
0.96594072	0.22798467	0.24251137	-0.00265952	-0.01594608	0.00226503
0.96659027	0.22967888	0.23008792	-0.00137764	-0.02178863	0.00367560
0.96651375	0.22782985	0.23747654	-0.00100466	-0.00809672	0.00053402
0.96410668	0.23201417	0.23830202	0.00345951	-0.01105819	-0.00391479
0.96632993	0.22923143	0.23764920	-0.00053923	-0.00740946	0.00449432
0.96691263	0.23082143	0.23364576	-0.00277513	-0.02342041	0.00314778
0.96658432	0.22919435	0.23427251	-0.00466788	-0.01831971	0.00922364
0.96959030	0.22821841	0.23766929	-0.00638350	-0.02688439	0.00800538
0.96733699	0.22855605	0.23103732	-0.00013547	-0.01288098	0.00963143
