0.96702933	0.22666220	0.24100857	-0.00061308	-0.00180957	0.01062316
0.96587594	0.22858759	0.24251733	-0.00693342	0.01313894	0.00593867
0.96812837	0.22712668	0.24598768	-0.00623309	0.00530779	0.00373431
0.96335787	0.23292309	0.23507403	-0.00193861	0.01715946	0.00139004
0.96267779	0.23360731	0.23659392	-0.00348761	0.00804591	0.00397001
0.96128238	0.22946478	0.23860148	-0.00020913	0.01250530	0.00514403
0.95969483	0.23055692	0.24365325	-0.00199703	-0.00227559	-0.00055981
0.96180608	0.23039594	0.24415639	-0.00208948	0.00485341	-0.00023399
0.96370954	0.23503535	0.25128804	0.00055037	0.00480190	-0.00188294
0.96168707	0.24097604	0.24682539	0.00296021	-0.01771757	-0.00123328
0.96636951	0.23441929	0.24664239	0.00614452	-0.01966830	-0.00404926
0.96616955	0.23384200	0.24504733	0.01343345	-0.00599764	0.00277368
0.96838318	0.23637886	0.24651408	0.00873672	-0.00316261	-0.00259995
0.96535838	0.23224213	0.24471565	0.00366596	0.00234059	-0.00085987
0.96122652	0.22877657	0.24281109	0.00345738	-0.00928513	0.00266391
0.96468677	0.23053251	0.24217499	0.00289821	-0.01484827	-0.00210425
0.96194701	0.23289953	0.24671059	-0.00264290	-0.01311362	-0.00267182
0.96455214	0.23725321	0.23793750	-0.01252020	-0.01248545	-0.00697000
0.96150563	0.23594042	0.24066313	-0.00605501	-0.01313904	-0.00219016
0.96355083	0.23311645	0.24526191	-0.00812384	-0.00859530	-0.00237537
0.96217875	0.23518264	0.25410894	-0.00760713	-0.02689655	-0.00676216
0.96555722	0.23850598	0.24637333	-0.01189583	-0.03534970	-0.00036287
0.96606378	0.23633781	0.24208732	-0.01005519	-0.03038730	0.00190794
0.96287002	0.23730016	0.24416039	-0.01493682	-0.01554758	0.00595762
0.96414589	0.23982231	0.24596853	0.00034694	-0.00945073	0.00161820
0.96329727	0.23652663	0.24543553	0.00391773	-0.01071591	0.00285004
0.96483209	0.23454962	0.24442578	0.00158938	0.00149979	0.00237814
0.96658098	0.23510199	0.24404137	0.00082423	-0.00938761	0.00608827
0.96806112	0.23664307	0.24984400	-0.00227402	-0.00816094	0.00622046
0.96441625	0.23839871	0.23748854	0.00025193	-0.01617080	0.00469499
0.96662796	0.23164381	0.24180435	0.00340827	-0.02108252	-0.00109791
0.96612867	0.23174555	0.24158197	0.00747831	-0.02486884	0.00053532
0.96728707	0.22653116	0.24177348	0.01418346	-0.02056892	0.00096135
0.96615813	0.23211423	0.24112857	0.00458783	-0.01905525	-0.00126716
0.96507851	0.23448243	0.23851568	-0.00375336	-0.01985683	0.00263516
0.96501043	0.23753720	0.23974691	0.00144475	-0.02352875	0.00151504
0.96805224	0.23431553	0.24149244	-0.00134909	-0.02804131	0.00129871
0.96870639	0.23472778	0.24335941	-0.00203341	-0.03280698	0.00475033
0.97054277	0.23371090	0.24040663	-0.00077315	-0.03648651	0.00420563
0.96558406	0.23584146	0.23719768	-0.00830956	-0.03400830	0.00510010
0.96328189	0.23814263	0.23843196	-0.01082835	-0.02746765	0.00284735
0.96321744	0.23612048	0.24042346	-0.00421766	-0.02453764	0.00404384
0.96118785	0.23033138	0.23595325	-0.00369085	-0.02230549	0.00179021
0.96128368	0.23415179	0.23215595	0.00377589	-0.01458468	0.00810075
0.96520550	0.23129385	0.23621654	0.00804001	0.00209878	0.00317995
0.96497496	0.23216133	0.23568664	0.00329708	0.00314762	0.00356831
0.96695291	0.23487767	0.24150536	0.00085528	0.00177745	0.00201493
0.96471982	0.23510866	0.23826380	-0.00097786	0.01000597	0.00652823
0.96781332	0.23135002	0.23778132	-0.00223793	0.00122735	0.00727299
0.96649843	0.23190784	0.23243522	-0.00051559	-0.00473663	0.00722973
0.96062170	0.23382589	0.23239994	-0.00305995	-0.01567942	0.00884868
0.96024786	0.23237700	0.23210427	-0.00251646	-0.00949495	0.00479450
0.96239100	0.23552489	0.23264509	0.00146331	-0.01581279	0.00557013
0.96553524	0.23328251	0.24100281	-0.00143272	-0.01658527	0.00819314
0.96640867	0.23192247	0.23537905	0.00178546	-0.01712466	0.00803100
0.97006197	0.22973203	0.23159235	0.00058824	-0.00990948	0.00385591
0.97155142	0.23351048	0.23061912	-0.00325352	0.00299896	0.01085266
0.96748692	0.23106728	0.23219626	-0.00217182	-0.00519260	0.00925372
0.96812461	0.22858256	0.23594815	0.00598371	0.00110388	0.00794663
0.96937379	0.23032616	0.24197033	0.00741487	-0.00785164	0.00332132
0.96679892	0.22716138	0.24292538	0.00824776	0.00621761	-0.00014957
0.96562666	0.22479701	0.24207774	0.00136637	-0.00508765	-0.00007134
0.96672124	0.23141458	0.23502754	0.00038520	0.00105719	-0.00265452
0.96737443	0.23101179	0.22497508	0.00442087	0.00363763	-0.00382728
0.96901447	0.23471896	0.22609375	-0.00229825	0.01114237	0.00220571
0.96935771	0.23123313	0.22914232	0.00460082	0.01342468	0.00656481
0.96706852	0.23139139	0.22787830	0.00042996	0.01135310	0.00188797
0.96622777	0.22948286	0.22979746	0.00068586	0.00462765	0.00973711
0.96955227	0.22916116	0.22513466	0.00302810	-0.00675853	0.00833999
0.96853643	0.22544763	0.23358538	0.00343589	0.00176121	0.00244221
0.97220890	0.22948986	0.23380953	0.00517099	0.01433506	-0.00224393
0.97541928	0.22827782	0.23353342	-0.00184823	0.01195380	0.00158639
0.96854727	0.23035264	0.23718711	-0.00223837	0.00887043	0.00069182
0.96310016	0.22993049	0.23824892	-0.00306426	0.01172250	0.00135379
0.96974746	0.23168658	0.24107084	-0.00180998	-0.00163356	0.00542143
0.97037972	0.22902662	0.23846965	0.00373425	0.02108516	0.00073499
0.96665618	0.22917365	0.23432816	-0.00089050	0.01129785	-0.00034198
0.96771002	0.22962013	0.23171962	-0.00178934	0.01471428	0.00409972
0.96754242	0.22856335	0.22680837	0.00373611	0.00905610	0.00103528
0.96659806	0.23138446	0.23416385	0.00464616	0.00605556	-0.00433261
0.96950349	0.22653351	0.23093836	0.00224602	0.01257897	-0.00792819
0.97263114	0.22315128	0.23293077	-0.00350967	0.01570493	-0.00631452
0.97024163	0.22795365	0.23430777	-0.00078275	0.01969739	-0.00236156
0.96693133	0.22774156	0.23512607	0.00024828	0.01350146	-0.00888586
0.96646658	0.23118484	0.23437218	-0.00118956	0.00597929	-0.00512766
0.96736843	0.23200587	0.23078953	0.00166735	0.01713859	-0.00415234
0.96158530	0.23089792	0.22889893	-0.00170752	0.01042107	-0.00604650
0.96414974	0.23187116	0.22370777	-0.00143585	0.00436968	-0.01167248
0.96982162	0.23213040	0.22985980	-0.00495915	0.01748379	-0.00918730
0.97272245	0.23030780	0.23719674	0.00012929	0.01134189	-0.00952995
0.96798158	0.23088778	0.23449867	-0.00326069	0.01555447	-0.00829148
0.96775599	0.22866386	0.23052676	-0.00339446	0.01708912	-0.00439358
0.96306461	0.22350795	0.23047080	-0.00613441	0.00948564	-0.00271745
0.96630612	0.23001993	0.23443969	-0.00819109	0.01478515	-0.00521420
0.96617253	0.23228442	0.23446344	-0.00046152	0.01023921	-0.00730034
0.96568795	0.23022914	0.23450075	0.00243739	0.01149832	-0.00455363
0.96574576	0.23180681	0.22639348	0.00432208	0.01998202	-0.00311195
0.96823540	0.23568932	0.22668681	-0.00074599	0.00894901	-0.00514201
0.96692678	0.23287413	0.23126493	0.00169813	0.01432557	-0.00151782
0.96399012	0.23136264	0.23176346	0.00180097	0.00262476	-0.00199085
0.96539203	0.23241172	0.23557852	0.00156699	0.01376953	0.00377887
0.96728633	0.23312567	0.24108770	-0.00185046	0.00653964	-0.00185849
0.96465979	0.22917514	0.23902350	0.00057371	0.00509919	-0.00221113
0.96902249	0.23122298	0.23655123	-0.00398840	0.00327300	-0.00320978
0.96860690	0.23556188	0.23925999	-0.00231089	0.00774757	-0.00662919
0.96609412	0.23096271	0.23679301	0.00214664	0.00199137	-0.00175989
0.96759732	0.23199527	0.23830873	0.00313091	0.00959353	-0.00331162
0.96930469	0.23291071	0.23807459	0.00482184	0.01157231	0.00287046
0.96822417	0.23235932	0.23611323	0.00215916	0.00793359	0.00490224
0.96775975	0.23392320	0.23211410	-0.00041161	0.00772795	-0.00080087
0.96375400	0.23368738	0.23367441	-0.00013853	0.01703157	-0.00074058
0.96536856	0.23119814	0.23577044	-0.00106065	0.00169613	-0.00503416
0.96811796	0.23077496	0.23747082	-0.00306361	-0.00150898	-0.00095006
0.96681123	0.22872394	0.23441127	-0.00245596	0.00528514	-0.00216946
0.96576840	0.23250606	0.22841249	-0.00284605	0.00651023	-0.00459942
0.96337135	0.23208466	0.23797224	-0.00047762	0.00546127	-0.00164998
0.96516256	0.23177836	0.23596703	-0.00700526	0.00340424	-0.00187175
0.96673278	0.23128593	0.23564578	-0.00478793	0.01273125	-0.00612857
0.96591165	0.22512382	0.23312719	-0.00219241	-0.00248957	-0.00517407
0.96436017	0.23129164	0.23329232	-0.00291348	0.00960447	-0.00414420
0.96664178	0.23228615	0.23718405	-0.00347151	0.01686612	0.00223166
0.96719285	0.23080354	0.23816222	0.00260530	0.00588437	-0.00307949
0.96609017	0.22931560	0.23870701	0.00376250	-0.00842332	0.00008045
0.96523073	0.23115483	0.23688711	0.00458548	-0.00780494	-0.00088007
0.96748088	0.23153156	0.24284893	-0.00074130	-0.01010545	-0.00291132
0.96546097	0.23075041	0.23084331	-0.00337288	0.01377827	-0.00519072
0.96424817	0.22818452	0.23477167	-0.00574459	0.00880555	-0.00250782
0.96044456	0.22781367	0.23157963	-0.00268376	0.00844729	-0.01176613
