-0.32418009	0.22580398	0.90713573	0.47845774	-0.09622665	0.12285771
-0.32439329	0.25529216	0.91900495	0.37362024	-0.24298917	0.15324668
-0.29206197	0.32753674	0.93781597	0.33530086	-0.13737540	0.08688716
-0.27754540	0.29471952	1.00866047	0.62767746	-0.13563457	0.09429260
-0.32498846	0.30572406	0.90169574	0.44066201	-0.06746705	0.12128109
-0.31346022	0.34346808	0.89069607	0.51217055	-0.12974923	0.05567551
-0.29064415	0.44560361	0.91115829	0.30069138	-0.01910267	0.09847211
-0.30516928	0.29372460	0.88426909	0.31829729	-0.07483849	0.10365763
-0.30258583	0.27120456	0.89493323	0.39960036	-0.05804643	0.12963034
-0.27278271	0.36624382	0.85963053	0.36741426	-0.06034440	0.11886714
-0.29226673	0.39637427	0.95292790	0.33141471	-0.06187627	0.11921065
-0.31278549	0.35951810	0.93621012	0.27212421	-0.14139811	0.07003427
-0.28789472	0.38326318	0.98004699	0.19064360	-0.05639607	0.09071708
-0.30696788	0.36878864	0.93197100	0.17598870	-0.15255017	0.14170349
-0.32055782	0.42110484	0.88302729	0.12506964	0.05111349	0.12055580
-0.30911356	0.40365389	0.81902755	0.22865070	-0.04870428	0.06657227
-0.26931562	0.38947887	0.84140032	0.39887782	-0.07767815	0.04474255
-0.30970437	0.25655094	0.88569706	0.28192539	-0.08930834	0.14379806
-0.28797649	0.36318189	0.84755933	0.39109583	-0.00873748	0.15530433
-0.20249404	0.22494768	0.90115569	0.33978837	0.04713309	0.03870805
-0.29889179	0.41406169	0.83898383	0.37178046	-0.05576821	0.07619811
-0.29580413	0.30422773	0.88385998	0.23135450	-0.05163659	0.03947115
-0.28941994	0.42297498	0.91529144	0.32564890	-0.02999088	0.10823013
-0.30014140	0.38039441	0.92097812	0.21756351	-0.03459613	0.15545038
-0.23276319	0.33101366	0.75774935	0.32733748	-0.01783492	0.00316354
-0.27231087	0.42616453	0.85558594	0.40890054	0.01789895	0.00859555
-0.23556867	0.40340254	0.85628749	0.26898972	-0.07752009	0.09606879
-0.23213810	0.38952839	0.78257386	0.42051306	-0.01327188	0.08040577
-0.28936576	0.42899768	0.85170491	0.24344271	-0.01166529	0.08798037
-0.27768734	0.46715453	0.90878012	0.44967538	-0.10667567	0.06158040
-0.26848755	0.46257464	0.87816226	0.24842871	-0.13703067	0.16895959
-0.25418720	0.46971922	0.87329016	0.40363959	-0.09291090	0.15688252
-0.25068235	0.51609361	0.80470350	0.35585040	-0.02483544	0.09284713
-0.28955700	0.45348269	0.86662860	0.41648797	-0.14399889	0.22531692
-0.27760069	0.43620291	0.86754073	0.40906830	-0.07764894	0.06630819
-0.25806727	0.61805609	0.77652186	0.49601899	-0.14196401	0.18157456
-0.23217232	0.64020559	0.91423920	0.37083555	-0.03967667	0.16565433
-0.25610210	0.53474690	0.88189811	0.34644659	-0.03408090	0.18483390
-0.24982797	0.41185075	0.87509021	0.45917500	-0.07192681	0.19810669
-0.24370420	0.47147040	0.88128409	0.44305359	-0.16603027	0.26388140
-0.27233725	0.55604130	0.85921700	0.44088599	-0.06675387	0.23552507
-0.24332111	0.61672181	0.71925526	0.57333232	0.02002758	0.34501273
-0.32554629	0.58508917	0.92242915	0.40889284	0.13508062	0.30120445
-0.27010144	0.54063624	0.80205398	0.46459474	-0.02474505	0.29894944
-0.23182913	0.66420475	0.76932753	0.63491185	-0.00329747	0.26173357
-0.22168521	0.62169469	0.84009762	0.37615408	-0.07587038	0.12563276
-0.23514857	0.58585753	0.77342323	0.56304090	-0.01828383	0.18392528
-0.21876766	0.51552541	0.80628618	0.50645225	0.02953845	0.25668276
-0.23151726	0.56616339	0.79432904	0.46259768	0.18908598	0.21576060
-0.25360858	0.71707691	0.79887260	0.58662293	0.06996149	0.26974832
-0.23597197	0.63092663	0.70740971	0.55536879	0.01352829	0.29916059
-0.17639364	0.55561487	0.76847825	0.25424147	-0.00782568	0.20776728
-0.15336180	0.70784934	0.75476816	0.26324257	-0.07268418	0.17709170
-0.25298627	0.67076032	0.60978179	0.23245594	-0.05223183	0.13858591
-0.17260097	0.68391919	0.67876896	0.24512290	0.03804349	0.10187544
-0.15422125	0.69236088	0.65787737	0.10840635	0.07568031	0.08220609
-0.12387997	0.80430174	0.70368854	0.13052736	0.06505117	0.12406821
-0.16604266	0.64427528	0.82519676	0.14180312	0.05692327	0.11166312
-0.17215643	0.75360934	0.71301178	0.10529311	0.00615171	0.15691954
-0.16104708	0.69825478	0.70195702	0.01287000	0.09726422	0.15702198
-0.13225021	0.77857733	0.72090343	0.01176501	0.08366048	0.20501096
-0.19160630	0.86993824	0.74481380	0.03133039	0.03446233	0.18943770
-0.18998331	0.68332895	0.71195321	0.14092245	-0.00962079	0.15513269
-0.19641775	0.72574400	0.70557443	0.14342859	0.02123905	0.17613798
-0.14481790	0.81161591	0.71572702	-0.02768990	0.14492588	0.20980213
-0.19388245	0.72020653	0.66626656	0.07752311	0.14529083	0.14971800
-0.17892829	0.76248867	0.79845620	0.00724645	0.07046925	0.07242797
-0.16334094	0.73078178	0.76410570	0.06785651	0.22444645	0.10535243
-0.19887625	0.61706991	0.70449531	-0.03863582	0.24887750	0.05561174
-0.19830346	0.82614819	0.74350486	0.07654365	0.17683608	0.11731750
-0.15627731	0.81185616	0.69137760	0.20532684	0.22225130	0.13800533
-0.15711947	0.71434312	0.69386256	0.09107968	0.06686140	0.21193833
-0.18030245	0.68846657	0.67710904	0.17237825	0.09064808	0.15648609
-0.20261021	0.78024022	0.69566991	0.11511439	0.19910136	0.14563394
-0.15244680	0.69231243	0.69621958	-0.01759175	0.17396109	0.18710907
-0.16979633	0.68186244	0.72895409	0.29708573	0.21847508	0.20298992
-0.25953024	0.80932080	0.64310648	0.25476748	0.24355476	0.18166239
-0.19251402	0.67222875	0.61609293	0.27231906	0.09098769	0.15418807
-0.19139677	0.78467979	0.61021078	0.29799577	0.07872332	0.12742810
-0.17382383	0.76567093	0.63354831	0.13846294	0.19940012	0.14412057
-0.14016682	0.81026476	0.66539187	0.19190620	0.14918986	0.14913466
-0.15513491	0.69331840	0.63158303	0.12709635	0.05649230	0.15568624
-0.19364654	0.70933073	0.60751329	0.16830322	-0.02783030	0.15556125
-0.17577724	0.82965838	0.54678733	0.12967724	0.06570694	0.14287828
-0.15963032	0.85118526	0.54252584	0.05726199	-0.03177543	0.06861796
-0.12891992	0.83909041	0.58603392	0.00122325	0.01768917	0.08471061
-0.11042354	0.78926334	0.57548531	0.06386925	0.13653748	0.04491807
-0.17478728	0.77928228	0.59023944	0.01999724	0.11223467	0.07550308
-0.12706259	0.79340933	0.62017597	-0.05502184	0.05498904	0.03508937
-0.11334820	0.88414984	0.60785563	-0.08523069	0.13059329	0.12063560
-0.13263260	0.85777385	0.64367005	0.11547403	0.11842789	0.09549081
-0.15587812	0.90439916	0.57100582	-0.15018256	-0.01689205	0.04908579
-0.16721648	0.85486948	0.55072606	-0.07167268	-0.07277966	0.07507182
-0.20244603	0.78708588	0.58374565	-0.09413903	0.02920359	0.04465534
-0.14461398	0.80899027	0.57783352	-0.04800357	0.06381946	0.03561691
-0.15563851	0.77322902	0.60225523	-0.17120783	-0.00259884	0.09567476
-0.10272330	0.78905787	0.55185274	-0.02245067	-0.03317754	0.09183330
-0.08521980	0.87809647	0.60386689	-0.12681913	0.02589170	0.03564722
-0.15402770	0.98251361	0.61610764	-0.05666900	-0.10937991	0.05642513
-0.13328282	0.77812066	0.53640241	0.02308233	0.08128148	0.07750192
-0.12526242	0.75563544	0.57169144	0.09232843	-0.06022331	0.00324178
-0.16582754	0.75431368	0.53883667	-0.10021288	-0.16706096	-0.05776110
-0.12851165	0.88643684	0.59818841	-0.09244776	-0.00993462	-0.07120352
-0.12459517	0.89375624	0.55126455	-0.20715211	-0.12693875	-0.04231710
-0.11198291	0.81300395	0.49482747	-0.09127307	-0.12107390	-0.00828909
-0.11311270	0.84882094	0.48475592	-0.14636698	-0.10444819	-0.05030668
-0.09341732	0.94636047	0.50313521	-0.17214347	-0.06530210	0.04792214
-0.12188131	0.87178100	0.57326599	-0.22611826	-0.15154836	-0.07098852
-0.14395833	0.83130148	0.53621086	-0.07493118	-0.26055903	-0.01784402
-0.12167707	0.81578446	0.53421135	-0.18866593	-0.37102038	0.06935386
-0.12232236	0.68492854	0.57350833	-0.17784466	-0.38079221	-0.07654225
-0.07103648	0.71960169	0.53146825	-0.22579830	-0.20093369	-0.15325262
-0.06943661	1.03140217	0.47871379	-0.06380182	-0.02669054	-0.18830626
-0.01832299	0.79680813	0.52207854	-0.14315608	0.11654562	-0.14021742
-0.08449919	0.87671675	0.58079727	-0.14088057	0.01426394	-0.22412094
-0.10797289	0.86534688	0.56845130	0.00305888	-0.15888291	-0.09252024
-0.13001309	0.77334382	0.54116568	0.09822531	-0.16293475	-0.15615982
-0.12793388	0.83520071	0.49862079	-0.01092793	-0.02618104	-0.10563112
-0.08692342	0.84645525	0.54125221	0.07064265	-0.11627791	-0.07956565
-0.07576059	1.02902945	0.48803302	0.07255053	0.00099487	-0.12422892
-0.10831730	0.90449840	0.50367280	0.08139258	-0.22948054	-0.12595155
-0.12160915	0.87432060	0.62508825	-0.27137163	-0.29623856	-0.15680047
-0.09161123	1.06920611	0.42443183	-0.19188865	-0.39180370	-0.03789675
-0.10162472	1.02119620	0.52866672	-0.09444320	-0.36322870	-0.07234838
-0.08064566	0.89515241	0.47837823	-0.17337031	-0.25908744	-0.02189949
-0.07763945	0.81062983	0.54220514	-0.11478357	-0.35456822	-0.00242348
-0.01655558	0.81924281	0.62153954	-0.01101357	-0.20915750	0.06865466
-0.02146257	0.92507822	0.62345293	0.02025369	-0.20090041	0.00231680
