0.13181165	0.92026754	0.39658343	-0.00678549	0.00581953	0.00250455
0.13218569	0.92022932	0.39584425	-0.00499996	0.00821542	-0.00342082
0.13362586	0.91772237	0.39629498	-0.00454696	0.00071326	-0.00109158
0.13556888	0.91773716	0.40627552	-0.00167331	0.00816405	-0.00364422
0.13767637	0.91829512	0.41442142	0.00119462	0.00368040	-0.00405695
0.13345312	0.91656837	0.41499552	-0.00015260	0.00477165	-0.00318029
0.13172276	0.92730306	0.41391317	-0.00040654	0.00551806	-0.00106084
0.12793532	0.93071676	0.40833703	-0.00088841	0.00659667	0.00591015
0.13144406	0.92676999	0.40953751	-0.00032402	0.00907170	0.00785610
0.12757122	0.92310802	0.40985143	-0.00104836	0.00579053	0.00229666
0.12822873	0.92026334	0.40745599	-0.00169659	0.01016513	-0.00854418
0.12597110	0.92093841	0.40975053	-0.00291917	0.00732741	-0.00397827
0.13107002	0.91858638	0.40954016	-0.00434792	0.01440776	-0.00459405
0.13106776	0.92307973	0.40312868	0.00007290	0.01608612	0.00349474
0.12948008	0.92213966	0.41023047	0.00144661	0.02823293	-0.00731865
0.13108827	0.92003575	0.40468888	0.00001827	0.01990096	-0.00000698
0.13041989	0.92156442	0.39934118	-0.00038280	0.01033925	0.00008659
0.12914719	0.92229199	0.40097273	-0.00141096	0.01151575	-0.00501096
0.12985189	0.92150067	0.40365665	-0.00224226	0.01917915	-0.00287828
0.12755733	0.91950153	0.40856516	-0.00246426	0.01564705	-0.00918847
0.12966818	0.92231912	0.40299778	-0.00410320	0.01758494	-0.00699600
0.12843516	0.92129365	0.40968756	-0.00389723	0.01249643	-0.00566860
0.12874069	0.92323604	0.40704881	-0.00247555	0.00061568	-0.00436295
0.12712176	0.92337947	0.41001697	0.00031310	0.00721958	-0.00337754
0.12592590	0.92135820	0.41495718	0.00339393	0.00238807	0.00351556
0.12850892	0.92017130	0.41812832	0.00495545	0.00087964	0.00172174
0.12412082	0.92300204	0.41499404	0.00204189	-0.00730840	0.00083848
0.12910928	0.92185107	0.40716677	0.00100022	-0.00061538	-0.00397610
0.12628696	0.92152112	0.41018058	-0.00277214	0.01175973	-0.00135571
0.13224288	0.91864269	0.40596330	-0.00211268	0.00777757	0.00641747
0.12816434	0.92066008	0.40907659	-0.00013323	-0.00050967	0.00324440
0.13281963	0.92107773	0.40679248	-0.00022001	0.00717392	-0.00086467
0.12703241	0.92053976	0.40985194	-0.00264489	-0.00216106	0.00256759
0.13312936	0.92077030	0.40921875	-0.00247968	0.00554244	-0.00042003
0.13622488	0.92503734	0.41564462	-0.00389060	-0.00200833	-0.00513498
0.13268168	0.92122915	0.41675239	-0.00223454	0.01236625	-0.00174349
0.12540256	0.92258554	0.41688412	-0.00515187	0.01692571	0.00020185
0.12539053	0.92165209	0.41387825	-0.00251349	-0.00009801	0.00261424
0.12714560	0.92408868	0.41134579	-0.00143550	0.00307170	0.00704051
0.12540468	0.92131886	0.40291028	0.00366821	0.00770919	-0.00007797
0.12561525	0.92184395	0.41005979	-0.00005158	0.00403297	-0.00321446
0.12467413	0.91558015	0.41094314	0.00288005	-0.00647585	0.00299288
0.12998204	0.91617043	0.40618044	0.00857406	0.00034008	-0.00163853
0.13265468	0.91571128	0.41027941	0.00823862	0.01021031	-0.00463795
0.12787146	0.92027405	0.40584223	0.00121500	0.00851108	-0.00435489
0.12658081	0.91491754	0.40737624	-0.00160063	0.00989087	-0.00364032
0.12530749	0.91369694	0.41155633	0.00244243	-0.00004110	-0.00090020
0.13102058	0.91670761	0.42037540	-0.00020066	-0.00147176	0.00165301
0.12921930	0.91734737	0.41676632	-0.00125886	0.00623348	0.00076444
0.12708020	0.91629601	0.41290427	0.00016101	0.00463854	-0.00045645
0.12616886	0.92099444	0.40923990	0.00223147	0.00979335	-0.00317165
0.12437998	0.92756917	0.41029838	-0.00265609	0.00326207	0.00253011
0.12381000	0.92663294	0.40541536	-0.00291666	0.00065953	0.00479725
0.12687694	0.92876953	0.40941205	0.00010812	-0.00181471	0.00251661
0.12829702	0.91886473	0.41297356	0.00051070	0.00199967	0.00008810
0.12753373	0.91506754	0.41075514	0.00018947	-0.00570672	0.00403612
0.12351628	0.91882738	0.41442290	-0.00551603	0.00112368	0.00049701
0.12516316	0.91767755	0.41511527	0.00224773	-0.00367853	-0.00115207
0.12449756	0.91908610	0.41240411	-0.00180450	-0.00507253	-0.00271150
0.12446327	0.92278485	0.41410838	0.00066839	-0.00277802	0.00532827
0.12404009	0.91628871	0.41231098	0.00198775	0.00273523	-0.00120509
0.12280852	0.91771594	0.41411851	-0.00174249	0.00849024	0.00377450
0.12404938	0.92020978	0.40926854	0.00162531	0.00034615	0.00825956
0.12502709	0.92159772	0.40646551	0.00133924	-0.00328900	0.00403468
0.12221082	0.91888578	0.40701889	0.00470464	0.00001361	0.00551937
0.12298544	0.92070758	0.40829652	-0.00094445	-0.00314475	0.00535825
0.11678429	0.92226404	0.40834842	-0.00285013	0.00401148	0.00277513
0.12213406	0.92005325	0.41209081	-0.00796569	0.00781167	0.00354332
0.12148448	0.91911867	0.41452203	-0.00412871	0.00485976	0.00529232
0.12445005	0.92070095	0.40682981	-0.00330849	0.00276432	-0.00174031
0.12739317	0.92232715	0.41739700	-0.00261839	0.00220103	0.00470071
0.12479154	0.92009273	0.40982179	-0.00340786	0.00499859	-0.00140753
0.12291480	0.92006213	0.40853427	-0.00226300	0.00195620	-0.00325241
0.12038176	0.91870057	0.40954006	0.00193315	0.00962028	-0.00159361
0.12515274	0.91771133	0.41243948	0.00230680	0.00310089	0.00631522
0.12307695	0.91956374	0.41285857	0.00015497	0.00245548	0.01029174
0.12460595	0.92282068	0.40606425	0.00351150	-0.00134143	0.00448696
0.12082318	0.92228446	0.40265430	0.00753221	-0.00750099	0.00097586
0.12193410	0.92020539	0.41232993	0.00310420	-0.01302251	0.00262837
0.12739402	0.91967427	0.42377814	0.00207727	-0.01942936	-0.00134749
0.12110967	0.92241226	0.41693703	-0.00547634	-0.00373633	-0.00094297
0.12169015	0.92617852	0.41058515	-0.00446522	-0.01302783	0.00257634
0.12476532	0.92086003	0.41090904	-0.00234745	0.00045887	-0.00384277
0.12466632	0.92138766	0.41202609	-0.00276904	-0.00542361	-0.00017326
0.12383522	0.92294158	0.41080136	-0.00337343	0.00768868	0.00012324
0.12305294	0.92560683	0.41802090	-0.00149338	0.00174058	-0.00069922
0.12681089	0.92357549	0.42151023	-0.00183903	0.00372733	-0.00205522
0.12582512	0.91924357	0.41238533	-0.00241822	-0.00619885	-0.00559254
0.12675036	0.91580496	0.40647677	-0.00221677	-0.01001737	-0.00451483
0.12135896	0.91555560	0.41298856	0.00472143	-0.01121658	0.00292083
0.12252613	0.92154045	0.41028839	0.00168208	-0.00256620	0.00380879
0.12357079	0.91783616	0.40983077	0.00297112	-0.00789742	0.00198141
0.12594321	0.92258796	0.41303572	0.00693834	0.00279290	0.00652329
0.12518289	0.92104997	0.40965225	0.00834911	-0.00244834	0.00846292
0.12443661	0.91893680	0.41095827	0.00453865	-0.01383344	0.00841620
0.12683449	0.92253608	0.41004858	-0.00327395	-0.00702051	-0.00034356
0.12801028	0.91926257	0.40841627	-0.00180462	-0.00835322	0.00249035
0.12842777	0.92387298	0.41426793	0.00014254	-0.01546257	0.00308127
0.12838359	0.91822778	0.41224066	0.00240894	-0.01479495	0.00286819
0.12532043	0.91956448	0.40957643	-0.00162655	-0.00843374	0.00411764
0.12662871	0.91912953	0.42050007	0.00255568	-0.01504673	0.00760799
0.12428476	0.91963046	0.42548987	0.00276733	-0.01154892	0.00245207
0.12549275	0.92087361	0.41703981	-0.00142776	-0.01782263	0.00297965
0.12326628	0.91948550	0.40832371	0.00096904	-0.00989232	-0.00228949
0.12547863	0.91961037	0.41407484	0.00077675	-0.01087698	0.00294766
0.12074228	0.91949974	0.41563389	0.00092345	-0.01024010	0.00891324
0.12297352	0.91771634	0.40828861	0.00298137	-0.01889156	0.01197638
0.12418328	0.91817078	0.41061424	0.00647083	-0.01007965	0.00904452
0.12719993	0.91820869	0.41457296	0.00093630	-0.01568826	-0.00244975
0.12533008	0.91465345	0.41548119	0.00196195	-0.03065111	-0.00086187
0.12460014	0.91484594	0.41239557	-0.00286947	-0.02560970	0.00654356
0.12612758	0.92015683	0.40619147	-0.00134679	-0.02179607	0.00994125
0.12764523	0.92273992	0.40673436	0.00323553	-0.02450817	0.01273254
0.12745545	0.91925363	0.40775060	0.00796538	-0.02600318	0.00721516
0.12821872	0.91664576	0.41198429	0.00967478	-0.01608405	0.00748466
0.12824882	0.91882902	0.41383554	0.00734382	-0.01029859	0.00926000
0.12865613	0.91678553	0.40995808	0.00366286	-0.01482912	0.00751781
0.12998013	0.91738013	0.40777674	0.00378875	-0.01440637	0.00389920
0.13505009	0.91570313	0.40889620	-0.00032570	-0.00805857	0.00395319
0.13184854	0.91989548	0.40995783	-0.00865981	-0.00876168	-0.00037493
0.13194062	0.91668342	0.41076707	-0.00007217	-0.00946479	-0.00004229
0.13207597	0.91951481	0.41597179	-0.00173271	-0.00460560	0.00360096
0.12966577	0.91697562	0.41169282	-0.00426988	0.00234039	-0.00010665
0.12869789	0.91609299	0.40996445	-0.00095371	-0.00056063	-0.00039607
0.12802976	0.91862935	0.39903826	0.00323454	-0.01483481	0.00465519
0.12539131	0.91986623	0.40785046	0.00500253	-0.02208032	0.00181588
0.12379959	0.91938557	0.41610203	0.00373999	-0.01517022	0.00421473
0.12450430	0.91906205	0.40885597	0.00783073	-0.01138504	0.00581433
