1.02031111	-0.01355541	0.32832587	-0.37146054	0.19752105	0.01890283
0.92493095	-0.02745157	0.29400714	-0.85220578	0.20647017	0.06022645
0.93780615	-0.08123527	0.26878298	-0.85507943	0.26294114	0.19318612
0.86885220	-0.14722316	0.30862403	-0.84225146	0.54104194	0.04376911
0.78637503	-0.24683366	0.27623623	-0.87564575	0.41663138	0.22357634
0.84800042	-0.17173148	0.34806905	-0.61957295	0.20108900	-0.07758067
0.81130134	-0.20652147	0.33759032	-0.15782979	-0.29657174	0.44089052
0.75158805	-0.08979265	0.38928999	-0.63461128	0.01533921	0.00556141
0.83736653	-0.14694598	0.40712957	0.11320656	0.27064551	0.13007413
0.83704619	-0.10810336	0.43881408	0.03751810	-0.18090776	0.19595401
0.84698544	-0.11551104	0.33995035	-0.33003060	-0.35799383	0.11537884
0.77560896	0.04285505	0.36186079	-0.27230623	-0.33695921	0.11913659
0.69592060	0.04219041	0.42646447	-0.30833754	-0.10826155	-0.03249357
0.89810817	0.04488213	0.29669477	0.15768644	-0.36062923	0.14100763
0.90852624	-0.01064930	0.28879142	0.04947579	-0.24670129	-0.11575152
0.96089853	-0.07957289	0.39851768	-0.10493187	0.18731136	0.05594669
1.09757405	-0.02979008	0.37199960	-0.29670151	-0.08971290	-0.06445248
1.10373766	-0.18120338	0.41273101	-0.03291333	-0.09809877	-0.09839866
1.06121802	-0.06085932	0.45357926	-0.67243133	-0.05729555	-0.12270213
1.03681644	-0.01481200	0.41383398	-0.59222862	0.24118392	-0.38005962
1.13651397	0.08175671	0.43120465	-0.30283312	0.08133890	-0.44051816
1.12700285	0.03469623	0.61528275	-0.40286311	0.71585407	-0.34616591
1.33369050	0.07147151	0.49297511	-0.70941068	0.63958438	0.07214933
1.17660077	-0.23726967	0.52348245	-0.55458003	0.31748099	0.43209579
1.18927506	-0.39444682	0.36485629	-0.12161588	0.14470617	0.21462510
1.14566513	-0.45508744	0.32577446	0.42910546	0.18448025	0.04444200
0.99756149	-0.46432073	0.29440511	0.54473092	0.29693642	0.29392130
0.73148145	-0.45533879	0.30243833	1.06492686	-0.04868013	-0.17710219
0.68301946	-0.30666703	0.17281597	1.33155273	-0.31992532	0.17812448
0.84647460	-0.12101274	0.05423717	0.14777646	-0.44186031	0.00497270
1.08841698	-0.06948569	0.09375442	0.33842670	-0.30791461	0.27743563
1.09536612	-0.15386718	0.06820429	0.06972348	-0.17488483	0.22768031
0.86168224	-0.25063631	0.26189970	-0.09614855	-0.18822936	0.06845084
0.83318691	-0.20897023	0.25642513	0.11029281	-0.37679875	0.02747631
0.96071370	-0.24294131	0.46876770	0.48969615	-0.49670657	0.01241441
0.95206605	-0.13223970	0.32508733	0.68207547	-0.64491495	-0.12454773
0.84149321	-0.13654266	0.25033837	0.80619709	-0.57069429	0.15732754
1.02605235	-0.12547864	0.26728237	0.50964509	-0.45038766	-0.09755034
0.79409098	0.00773631	0.19439898	0.80960192	-0.50810571	0.20130314
0.88233955	0.08293102	0.25048137	0.53877141	-0.57148430	0.29155688
0.97278520	-0.07026300	0.23963693	0.60875974	-0.48996732	0.28384876
0.86753154	0.06139704	0.28966865	0.61595095	-0.29876958	0.19012183
0.97214276	0.02731979	0.36062513	0.15171644	-0.20458304	0.27522649
0.90758931	0.10051314	0.19583832	0.21507717	-0.22312480	0.40367134
1.05232810	0.11175916	0.13834106	0.10509625	-0.22491108	0.41270998
0.90279409	0.05544447	0.27755348	-0.00798335	-0.55810017	0.29076747
0.92449163	0.05493892	0.20779781	0.14441282	-0.27227925	0.48275562
0.98948491	-0.15679125	0.16378654	0.00223863	-0.14914218	0.54770350
1.04417212	-0.15309744	0.21033420	-0.23358173	0.05316143	0.41720002
1.12464387	-0.02955342	0.15408627	0.05093404	0.19721797	0.47772955
1.10553656	-0.04659094	0.24948899	0.39500606	-0.23525212	0.29256847
1.10251877	-0.16056167	0.24380945	0.30380315	-0.10997942	0.25964681
1.04648987	0.02237544	0.24586797	0.05944875	-0.06521795	-0.11683161
1.17775684	0.01346891	0.35701570	0.48077195	-0.21907035	0.04208465
1.03908745	0.09778804	0.31327233	0.05906578	-0.17829140	0.07451073
0.95745879	0.12982971	0.25658395	0.03503614	0.07796920	-0.07726393
1.04168024	-0.03684010	0.20436290	0.41329350	0.05866850	-0.19951674
1.30669956	-0.09770074	0.18238884	-0.00004056	-0.12476613	-0.66125618
1.15739540	-0.07942602	0.13442671	-0.71281368	-0.27302084	-0.67373135
1.17406384	-0.01813289	0.06275515	-1.14104603	0.20135851	-0.57490971
1.06568120	-0.34086728	-0.01586630	-1.17478980	0.66692600	-0.51517365
1.02706139	-0.47533599	0.08113131	-0.98928191	0.52577945	-0.60276749
0.99264407	-0.46376987	0.17960158	0.04693913	0.35816681	-0.43097578
0.98156308	-0.47572232	0.40166966	0.50388892	0.48996747	-0.31645925
1.06394047	-0.41022512	0.48279018	0.08442232	0.16812325	-0.04234936
0.87052739	-0.34351142	0.23653086	0.05930562	0.24442947	-0.01258972
0.97793763	0.06515948	0.12617694	-0.32380281	0.34703199	0.02696844
0.92506466	-0.02458483	0.21812338	-0.67533212	0.44837128	0.07381796
0.89041057	-0.08890024	0.23043187	-0.71325136	0.55797524	-0.08820863
1.00914156	-0.17698829	0.17936250	-1.20258618	0.62466325	0.12712658
0.92202853	-0.14923574	0.27448993	-0.90961736	0.74097757	0.16059277
0.97819613	-0.26852790	0.27271645	-1.09793170	0.32098163	0.21554554
0.74854897	-0.28914980	0.27201253	-1.01803225	0.34996402	0.13448177
0.83023430	-0.24698240	0.24247747	-0.69348522	0.57865506	0.05409309
0.83112145	-0.21486534	0.37371921	-0.01340396	0.26416756	0.21308299
0.73150790	-0.23115273	0.37037666	-0.20241152	0.05424238	0.02642860
0.84351611	-0.17966577	0.37150703	-0.16677941	-0.15946779	-0.11855609
0.78015956	-0.03228590	0.36686790	-0.20784836	-0.21378031	-0.00254931
0.79250562	0.02446053	0.36733839	0.02683162	-0.18062301	-0.07446372
0.81074146	-0.01590004	0.37598385	-0.05378465	-0.32063562	0.09355191
0.89734694	0.03047360	0.37456673	0.13099236	0.00888615	0.10908398
1.02604210	-0.07580686	0.38184535	0.19070295	-0.04893641	-0.05341871
0.93551947	-0.06607107	0.40538332	-0.31739740	-0.07193927	-0.19009507
1.14682262	-0.07861840	0.37995042	-0.46675821	0.03448218	-0.17815768
1.08728090	-0.05259663	0.38175031	-0.40354840	-0.13563583	-0.28727406
0.94674976	0.02624876	0.46527623	-0.36997684	-0.07150963	-0.23675110
0.95336365	0.02827389	0.52916218	-0.42299076	0.07354463	-0.42957691
0.99545050	0.01891571	0.52440873	-0.58018817	0.47512542	-0.45040377
1.25586323	0.01864618	0.43973607	-0.22155247	0.59522662	-0.32482136
1.38629124	-0.28051124	0.45517693	-0.57970232	0.37285900	0.08712169
1.38877317	-0.40711254	0.28549216	-0.15792192	0.22821511	0.11922726
1.35631725	-0.42665493	0.37259626	0.26468045	0.30320480	0.03338008
1.09331633	-0.47817210	0.44072233	0.32512009	0.90791483	-0.14138512
0.69257482	-0.45583989	0.20258742	0.49052757	0.37517486	-0.19524794
0.61119693	-0.23231837	0.15871850	0.27878823	0.15303689	-0.20557039
0.77546877	-0.20904279	0.05472158	0.27360966	-0.31422507	-0.19829766
1.03299463	-0.07194610	0.11825475	0.08546521	-0.39372138	-0.07700901
1.05126129	-0.09204946	0.16915614	0.09888972	-0.03517874	0.13430726
0.93064525	-0.25718398	0.18500359	-0.11683259	0.18876345	0.26646141
0.87725970	-0.26790335	0.29136434	0.20692250	-0.20233831	0.04213007
0.84381378	-0.29114372	0.37840323	0.35402858	-0.36998600	0.01363460
0.86763465	-0.28958975	0.32907604	1.24624351	-0.36681668	-0.15587049
0.98884195	-0.17521790	0.29235668	1.32951885	-0.43466734	-0.04797262
1.03187408	-0.12275143	0.24057753	0.94105444	-0.63818757	0.18173343
0.88650436	-0.10113350	0.22733768	0.59386361	-0.30816429	0.21859028
0.96564102	-0.02591950	0.10423355	0.66895354	-0.31710114	0.26696096
0.97857850	-0.06935804	0.28621916	0.92033168	-0.30057701	0.50918760
0.84217445	-0.08261537	0.22342088	0.50491149	-0.32395217	0.45523605
0.90935767	0.04322611	0.20076178	0.78580718	-0.00464676	0.07885553
0.87295075	0.00243049	0.28587293	-0.06652280	-0.04204100	0.19976801
1.04925845	0.04745987	0.21953824	0.36823900	-0.05367227	0.41735680
0.96341232	0.17304211	0.29124645	0.60020545	0.05722093	0.48001728
0.94922838	0.04676261	0.13977472	0.44900043	0.05561065	0.35422898
0.92608153	0.02886903	0.40486967	0.56330219	-0.00590933	0.47510017
0.83022104	0.07401117	0.30063740	0.25453037	0.32504622	0.30115182
0.90780909	0.01099057	0.24721118	0.18250455	0.00440404	0.23951773
1.04716896	-0.04711423	0.29812205	0.54278983	-0.03279123	0.09112346
1.01511494	-0.03279821	0.28861132	0.34299721	0.04875439	0.02656264
1.01674818	-0.12557397	0.30636770	0.69512300	-0.04508971	0.03947114
1.05044553	-0.01867328	0.37653033	0.90074503	-0.18933971	-0.07304240
0.85590643	0.06000217	0.38896187	0.73275387	-0.27335039	-0.11295098
0.99580787	0.20057042	0.37757515	0.84715542	-0.21928604	-0.10408477
1.14306466	0.00986375	0.37072696	0.46915649	-0.35653422	-0.18619265
1.26593635	0.09047039	0.30560273	-0.03326083	-0.33279642	-0.61409149
1.25014949	-0.01237704	0.25635310	-0.12251955	-0.06255908	-0.41678163
1.18529591	-0.02491451	0.04093711	-0.90216028	-0.15239957	-0.33804322
1.00286637	-0.20800411	0.02675059	-0.78475304	0.16143914	-0.31012667
0.96965082	-0.21112170	0.01665032	-0.52270864	0.26285759	-0.27284230
