0.68546839	0.01128757	0.23983459	0.15881926	0.59250750	0.16595570
0.70577709	-0.01780972	0.22753585	0.42472396	0.66638538	0.41503478
0.61548223	-0.02449866	0.18062387	0.32401909	0.70601300	0.30676870
0.59869288	0.02272694	0.24522167	0.20531714	0.66483167	0.19649872
0.78038182	0.03846525	0.21341285	0.05541596	0.83981428	0.40567012
0.69589901	0.09227895	0.22413849	0.34466649	0.85355669	0.29475105
0.90693180	0.00154232	0.43442642	0.25298907	0.43180751	0.19552416
0.86202867	0.05649685	0.30713768	0.10442435	0.38901787	0.08684314
0.77244134	-0.04569189	0.31968721	0.78852695	0.36252199	0.31756968
0.72135970	-0.25668137	0.34223686	0.71172506	0.30736279	0.01297224
1.09440122	-0.29277587	0.27092076	0.31988491	0.53890078	-0.15030740
1.18459485	-0.16244362	0.23435040	0.53017496	-0.01810592	-0.21208953
1.36254659	-0.19973546	0.25456899	-0.07179059	-0.03837530	-0.27808639
1.33247766	-0.21579856	0.29903409	-0.33122365	-0.13194806	-0.44087773
1.54112155	-0.31700020	0.45846863	0.30173503	0.23741297	-0.05900126
1.50750747	-0.48165470	0.58961993	0.58928785	0.34355438	0.14899900
1.35812685	-0.26502119	0.62713050	0.78796763	0.00652641	0.33952718
1.40830193	-0.10948839	0.51305703	1.28898059	0.04241449	-0.02390692
1.26381671	-0.06145406	0.45704121	0.81863182	0.41217646	0.01268723
1.23525756	0.02805091	0.48981869	0.90848227	0.40698058	-0.06677144
0.96879682	0.01103129	0.44941811	0.34986551	0.31257694	0.04719929
0.78247380	0.12209527	0.45713050	0.34369422	0.10589034	0.15839357
0.83078224	0.00017040	0.41008556	0.13902374	-0.22611112	0.35071635
0.93801790	-0.09006909	0.40273548	0.25470179	-0.13568448	0.47619180
0.66913731	-0.16655498	0.35565075	0.28691950	-0.12729013	0.19773484
0.66765631	-0.17618819	0.32407493	0.40767177	-0.07196976	0.38281434
0.51829636	-0.27882005	0.37085445	0.60079382	-0.28675769	0.49336609
0.46860932	0.00396364	0.39649245	0.32317691	-0.38526567	0.19196365
0.62744852	-0.17992594	0.26529732	0.62211359	-0.44605539	0.11101053
0.76356728	-0.13317354	0.39655397	0.63165156	-0.60407347	0.10586693
0.75479760	0.04922211	0.32918958	0.57503311	-0.65083185	0.16216973
0.60837410	0.00397403	0.41035604	0.89309063	-0.47892745	0.09847423
0.67329413	0.02910663	0.35138996	0.58635200	-0.38003167	-0.12311402
0.62080636	0.06220096	0.28621788	0.58875181	-0.23664461	-0.02298951
0.52655590	-0.02343328	0.28859254	0.26860498	-0.34964204	0.05867211
0.97389629	-0.09507663	0.32541575	0.27840101	-0.52196098	-0.00480875
0.79836247	0.11390448	0.27940214	0.79610268	-0.48513636	-0.02869931
0.81232222	0.06115720	0.35783990	0.93329857	-0.42898668	-0.00844892
1.08786128	0.01472085	0.43282949	0.42359519	-0.26364379	-0.05875776
1.02714579	-0.06762020	0.45581760	0.40386148	-0.40941227	0.10884512
0.96302294	-0.05072372	0.45530734	0.46970510	-0.27715748	0.01019402
0.85791704	-0.02172707	0.33547531	0.37846527	-0.06446347	-0.18194311
1.03479684	-0.09811409	0.27090065	0.08705861	0.07201184	0.23952532
1.12689523	-0.06821031	0.25479371	0.36930293	0.07317422	0.09983561
1.20305082	-0.17892495	0.27957642	0.41275664	0.00860994	0.25605137
1.02542739	-0.13067708	0.38093890	0.30592647	0.35411954	0.09663014
1.22007586	-0.26552200	0.28144787	0.83404012	0.12074744	0.06208722
1.28902205	-0.14050800	0.37796852	0.39454987	0.39662025	-0.25110242
1.25288296	0.05677729	0.36039463	0.72850833	0.11087118	-0.28379082
1.35786043	0.17272937	0.37710121	-0.18454254	0.13657067	-0.39445690
1.43991259	0.26433354	0.16520039	-0.55651127	-0.19858691	-0.45786269
1.18877708	0.16166066	0.16252185	-0.69520258	-0.17486949	-0.25987640
1.20733221	0.01503172	0.21581057	-1.05789518	-0.18773301	0.04235920
1.11252588	-0.07547424	0.24283433	-0.80288348	-0.40980908	0.26089402
1.12967944	-0.20005058	0.22416896	-0.14288779	-0.41709943	0.16370870
1.21915911	-0.24375150	0.21703460	-0.12383237	-0.28359205	0.28014079
1.20591362	-0.21339347	0.19654439	0.50849912	-0.15537433	0.04640204
0.92489809	-0.03589247	0.10706896	-0.08119864	-0.08525652	0.21992678
1.03714458	-0.03059531	0.19844240	0.26763496	-0.36527739	0.20935137
0.86868871	-0.07618659	0.23868312	0.02161880	-0.36282792	0.09372158
0.89375734	-0.03604937	0.06030987	-0.26608551	-0.37660848	0.26335560
1.01133121	-0.10383751	0.18589447	-0.20151015	0.01332810	0.20303855
0.67419333	0.03993485	0.19161029	-0.33378745	-0.31766555	0.38829645
0.80369142	0.02744912	0.15523893	-0.28324181	-0.20534417	0.06432274
0.85212957	0.08078593	0.17377439	-0.40765824	0.22712695	0.28845053
0.89893379	-0.03685213	0.18415513	-0.67751373	0.09942467	0.13957479
0.90249918	0.03289179	0.28206083	-0.71740056	0.45973474	0.07990984
1.03557423	-0.07129665	0.27501813	-0.70269545	0.58613864	0.18673273
0.91396341	0.05675969	0.18335163	-0.51805309	0.65105101	0.18618886
0.83290688	0.00301559	0.24923105	-0.36652310	0.60608603	0.23710407
0.83923332	0.10942248	0.17625123	-0.41730294	0.59288888	0.08623314
0.85812054	0.09098919	0.19793737	-0.49594735	0.42542720	0.07706063
0.82792511	0.04777130	0.22192091	-0.13215554	0.55338904	0.14446572
0.71844681	0.11921482	0.18559264	-0.37494930	0.55858679	0.17412629
0.90842560	0.01114938	0.25953657	-0.28774125	0.74921625	-0.04608557
0.87101711	0.00829851	0.29166208	-0.20679765	0.66522941	0.20061634
0.79405869	0.14665697	0.24321415	-0.35348463	0.41581595	-0.17524696
1.04917073	0.18414013	0.30632843	-0.63073790	0.31622111	-0.09980473
0.79778157	-0.03586800	0.28425642	-0.41390372	0.55125898	-0.04757228
0.88656563	0.06762947	0.31336738	-0.21684593	0.45455425	0.00606644
0.91450356	-0.02736398	0.29618021	-0.93964088	0.39220896	-0.15361464
0.98268144	-0.11184059	0.26563753	-0.73228739	0.55716225	-0.08873231
1.16999580	-0.20663999	0.39487227	-1.32879638	0.55324138	-0.45728310
1.01315551	-0.38602697	0.45286687	-1.25555831	0.42178176	-0.68560835
1.16619583	-0.30239436	0.53615871	-0.95888093	0.07137041	-0.49399801
1.04783680	-0.29511735	0.51809793	-1.18213588	0.10490774	-0.57282791
1.23448598	-0.26214033	0.50716541	-0.56721477	-0.08348060	-0.66371080
1.43016775	-0.23040988	0.44596874	-0.16499357	-0.13515585	-0.48603146
1.37322173	-0.17863482	0.49959222	0.01438959	0.27697524	-0.54909456
1.34709672	-0.17067210	0.49776485	-0.15293095	0.21322934	-0.34691830
1.37757380	-0.06760721	0.37956301	-0.33218422	0.44542833	-0.38464233
1.22482503	-0.14716967	0.36835049	-0.33270609	0.15837883	0.12582744
1.19577937	0.01272514	0.35303806	-0.85845878	0.12338939	0.05209488
0.99481843	-0.02898773	0.32368751	-1.27446146	0.26914932	0.12364918
0.89977841	-0.05869096	0.33954073	-0.77553401	0.24861453	0.02240356
0.99261018	-0.09601608	0.34701961	-1.02651883	0.20523483	-0.16755877
0.85376543	-0.17015788	0.31832271	-0.57229809	0.20226081	-0.05760763
0.79090095	-0.11845852	0.37512588	-0.82850847	0.20119977	-0.01803110
0.81752660	-0.20404151	0.28121957	-1.10245216	0.21327785	-0.11642855
0.76930039	-0.15804216	0.33054112	-0.88309911	-0.09366971	-0.25846289
0.82057368	-0.11069738	0.31123704	-0.97126362	-0.01923728	-0.08644178
0.65471824	-0.08780023	0.36687142	-1.19061458	0.06237371	-0.48462538
0.76125758	-0.28438092	0.40521018	-1.34570430	-0.04206516	-0.44526984
0.74329036	-0.06079979	0.35974018	-1.14887975	0.06310720	-0.44644348
0.77658666	-0.07872410	0.41745150	-1.42560548	0.07617355	-0.43432710
0.91540904	0.02862958	0.36607785	-1.24884236	0.14478564	-0.28953764
0.84216629	-0.03084577	0.36329363	-0.72515740	0.06637358	-0.14468717
0.77790210	-0.15497565	0.35303414	-0.63268365	0.05062192	-0.32074583
0.98529216	-0.02209697	0.34257950	-0.72255543	-0.13627575	-0.19971763
0.74122863	-0.18266953	0.33666793	-0.58269901	-0.23644979	-0.36095911
0.90385180	-0.13240393	0.35387133	-0.52936148	-0.05126414	-0.36444459
0.71229145	-0.09827584	0.31268600	-0.84532065	-0.15165235	-0.14041328
0.91312606	-0.24510060	0.35608762	-0.59536822	-0.36478203	-0.00248726
0.86296236	-0.21960589	0.38126145	-0.09894976	-0.08144221	-0.08810350
0.94792375	-0.26785998	0.34130103	-0.18616368	-0.07002376	0.09549232
0.96007739	-0.22816091	0.14284108	0.12890173	-0.14510639	0.15403321
0.85731946	-0.09670802	0.27945998	0.19494891	-0.05930648	0.33343159
0.76050000	-0.06816712	0.39244882	0.33370012	0.13554524	0.06215153
1.01477459	-0.04184166	0.47061381	-0.17235168	-0.02648334	-0.04281581
1.15919090	0.02541190	0.47590890	-0.51884786	0.34931807	-0.13126369
0.86370345	0.09404173	0.42238040	-0.55593047	0.28584585	-0.29128029
0.92498613	0.13358091	0.49777623	-0.22544078	-0.10182115	-0.34514439
0.87982277	0.09804987	0.39746792	-0.54605536	-0.19941321	-0.48684078
0.93489347	-0.02938101	0.44389701	-0.67015533	-0.25801281	-0.37342236
0.91095240	-0.10409907	0.40689260	-0.70998808	0.02392944	-0.36801656
0.77754180	-0.21904612	0.34059008	-0.55542183	-0.29557121	-0.64537610
1.02904446	-0.23524492	0.35938072	-0.42652009	-0.25013427	-0.38789825
1.07620807	-0.28956593	0.27089200	-0.44742378	-0.38113431	-0.44922166
