0.94592475	-0.10771256	0.34780026	-0.27132609	0.27896322	-0.20588913
0.97634534	-0.16224303	0.45225778	-0.28333750	0.17974486	-0.07489604
0.86286662	-0.20190929	0.37314571	-0.61679427	0.22043626	-0.27359230
0.98426001	-0.02487217	0.42614457	-0.22770872	0.39407093	-0.16525617
1.04976124	-0.11728194	0.42205164	-0.15695193	0.26861323	-0.16666658
1.04824310	-0.22932031	0.40654592	-0.52279823	-0.07238672	-0.05283238
1.11609595	-0.32998837	0.37899471	-0.27146153	-0.21078046	0.01149758
1.20936298	-0.31004420	0.37136337	-0.23997922	-0.38656765	0.19167967
1.32830123	-0.42632741	0.34116949	-0.42409906	-0.17628205	0.08909521
1.17045023	-0.44538998	0.34504248	-0.53725459	-0.15885481	-0.12757091
1.17696193	-0.43553896	0.33139157	0.17009839	-0.26829031	-0.08924685
1.36635502	-0.48001041	0.27951983	0.05312495	-0.44386477	-0.20586837
1.30909677	-0.46489331	0.26916109	0.51727464	-0.26998510	-0.28481374
1.34249445	-0.44396913	0.30396060	0.14305239	-0.07664472	-0.00237673
1.14626635	-0.31282760	0.25695353	0.37872292	-0.01306739	-0.29261341
1.09569851	-0.37161203	0.10707111	-0.10405943	-0.11949899	-0.22587679
0.99615759	-0.36995385	0.14233795	-0.00019959	-0.14003234	-0.42123159
0.92056374	-0.22286197	0.14270216	0.10092829	-0.35502414	-0.54472201
0.89947496	-0.13050383	0.06252367	0.23246859	-0.35805136	-0.39189118
0.92447471	-0.07894129	0.11837804	0.03654159	-0.27364692	-0.31501305
0.99500140	-0.06327334	0.07745338	-0.27212621	-0.12190341	-0.13534451
0.91302416	-0.13692104	0.21375496	-0.39601479	-0.75106142	-0.13293468
0.93208616	-0.15478673	0.23008652	0.29745639	-0.36358001	-0.28159658
0.84664338	-0.18577534	0.21015421	0.37319768	-0.29730801	-0.42323729
0.81539983	-0.18503858	0.12729236	0.02379397	-0.60145857	-0.38622020
0.88272867	-0.12694011	0.19040244	0.64224509	-0.58467803	-0.22379710
0.93987437	-0.12414597	0.02200659	0.22414824	-0.43555969	-0.02713080
0.82909412	-0.07750346	0.02286297	-0.02115324	-0.84381349	-0.25948885
0.84585976	-0.23899251	0.05639028	-0.01782603	-0.60438404	-0.20261010
0.90072632	-0.08268701	0.03914487	-0.02406739	-0.09804542	-0.11581386
0.86740390	-0.10736223	0.10531483	0.00744061	-0.33299474	-0.04673589
0.83380297	-0.07121889	0.00764274	0.18232649	-0.47389594	0.07628800
0.93293121	0.03012991	0.07089536	-0.05372817	-0.35850365	-0.02003907
0.87568824	0.00388150	0.14561760	0.50571742	-0.25631532	0.02974946
0.92692922	0.03297560	-0.06287075	0.29066565	-0.06100547	0.15871351
1.13271725	0.07456583	-0.02098469	-0.39788490	-0.18388763	0.00724214
0.95344855	-0.07856425	-0.00383507	0.01073919	-0.58145128	-0.03894089
1.02920069	-0.12265290	0.07486156	-0.45683257	0.11662003	-0.17174890
1.07371868	0.00399860	0.11353404	-0.34187103	0.18703758	-0.10082121
1.10516162	-0.03900170	0.16104293	-0.15773854	0.05318130	-0.00980732
1.04726326	0.06344557	0.09463071	0.53751676	0.21297425	-0.06305396
0.88785804	-0.07988432	0.05470813	0.24492006	0.39153285	0.02672689
1.12857537	-0.01826220	0.15508080	-0.83140625	-0.21715071	0.02744170
1.17114979	-0.00615306	0.17649060	-0.04997792	0.22014152	0.10430342
1.33254326	-0.06453240	0.12275219	-0.81807972	0.08931478	0.29213154
1.50300064	-0.11989798	0.14601222	-0.25290687	0.19202843	0.18584698
1.55357636	-0.19182979	0.14785191	0.13502528	0.08859082	0.03296321
1.38266386	-0.22834859	0.14266501	-0.42885726	0.05127908	0.03912476
1.42889867	-0.21033181	0.18301745	-1.11972723	0.44537680	0.15635105
1.33461108	-0.38194567	0.00332086	-0.54422201	0.53742152	0.24458408
1.21540468	-0.41488100	-0.08281357	-1.30043467	0.63246347	0.40768819
1.21060131	-0.32143594	0.08187915	-0.73163294	0.86541173	0.37102083
1.07783601	-0.42813216	0.08237572	-1.05193009	1.37242017	0.07980974
1.01056269	-0.38466274	0.17957968	-1.08480626	1.00770206	-0.14336966
1.06579595	-0.38374681	0.21234149	-0.99839373	0.94926039	-0.18971511
0.94738323	-0.26604495	0.18927921	-0.75384222	1.03392421	-0.08146853
0.90894460	-0.14235161	0.19357619	-1.02461347	0.49990779	-0.02154250
0.84898300	-0.22911909	0.17510413	-0.42520124	0.38791230	-0.00732966
0.94794498	-0.28876425	0.18037245	-1.22268641	0.57565705	0.25780856
0.91144151	-0.14272084	0.09191076	-0.67639690	0.28495109	0.23445464
0.84866894	-0.34356957	0.18824297	-0.63290933	0.43856655	0.27688125
0.81714017	-0.39450644	0.21088358	0.00714901	0.24879239	0.34328243
0.58837848	-0.29037884	0.18890466	0.09968530	0.29592064	0.19107969
0.74799412	-0.32357112	0.23023122	0.19409915	0.67556754	0.13623701
0.82017021	-0.31710033	0.27148698	0.57194280	0.38879768	-0.00630089
0.85689545	-0.25136517	0.23362612	0.67761127	0.62335953	0.07060278
0.81423169	-0.20386738	0.27149965	0.38640044	0.29244469	0.19238968
0.72282093	-0.05725785	0.21094364	0.60270986	0.54146842	0.17539616
0.69882332	-0.05116418	0.27044061	-0.00504583	-0.09294155	0.04570919
0.69035621	-0.09534699	0.24656169	-0.05844131	0.15303173	0.27086543
0.89777644	-0.12263481	0.27977833	0.59119848	0.14005352	0.19260308
0.65852607	-0.06997392	0.30877962	-0.23446974	0.11327484	0.10173777
0.73919149	-0.23449379	0.33580693	-0.48581243	0.11844358	0.00545924
0.77013178	-0.26335453	0.36533885	-0.01775965	0.11604874	-0.08510168
0.91697329	-0.28244295	0.32423162	0.17924064	-0.22685492	-0.08559443
0.85996168	-0.09979472	0.35413243	0.05005237	-0.33720299	-0.37769273
0.92437010	-0.06620268	0.31294419	0.14715893	0.02639962	-0.31070465
0.86635284	-0.16485502	0.28481099	0.17016899	-0.27834291	-0.31827556
0.99457846	-0.00929026	0.38109046	-0.04066216	0.03769913	-0.20275916
1.04988083	-0.11335069	0.39942649	-0.63903656	-0.17905122	-0.05839222
1.02594594	-0.16777272	0.29589147	-0.41916009	-0.31301533	-0.10212321
1.20695423	-0.17132158	0.38262519	-0.05843558	-0.64647317	-0.00169359
1.13531032	-0.28472105	0.37137847	-0.11427213	-0.36025346	0.02022583
1.36961496	-0.43194269	0.29027464	-0.52250462	-0.44720002	0.23289126
1.29733742	-0.45127875	0.33019339	-0.00423597	-0.53291932	0.18799596
1.19318166	-0.40836840	0.26984624	0.67500434	-0.81993017	0.14646618
1.07316821	-0.46056120	0.24591110	0.18388920	-0.50940246	0.11153955
1.04935969	-0.47144102	0.20890412	0.18422340	-0.83473505	0.13336767
1.13323518	-0.35844805	0.29832621	0.69372730	-0.42898085	0.25743477
1.07343537	-0.47198325	0.20833506	1.03968933	-0.63869005	0.25404612
1.10759311	-0.47922726	0.13412061	0.58507964	-0.24800373	0.27699001
1.07140233	-0.44341366	0.12426814	0.91399274	-0.31311138	0.23474710
0.98142495	-0.43207036	0.15302938	1.18172344	-0.39655340	0.06002796
0.86344596	-0.41431300	0.21122580	1.28519461	-0.51880966	-0.08106767
0.96257440	-0.45583633	0.07309215	1.44090705	-0.62670342	-0.25972920
0.89354958	-0.31172919	0.17234642	1.34245397	-0.95461915	-0.23515052
1.00844967	-0.30324151	0.11780946	1.30051005	-0.67689033	-0.04183791
0.95333723	-0.25101379	0.06682245	1.47578683	-0.47269011	-0.10654789
0.76787104	-0.22496781	0.01925699	1.27782276	-0.49771779	-0.08656470
0.91324147	-0.17096711	0.01896947	1.28225275	-0.36848042	-0.00358834
1.11413309	-0.16016454	0.02253252	0.90674245	-0.66880263	0.07933455
0.89584755	-0.26460351	0.11779276	1.02127115	-0.55007832	0.03695569
0.97305212	-0.23241112	0.03000833	1.14678118	-0.38697779	-0.02892032
0.99916993	-0.30381912	-0.02055993	1.33218854	-0.22094539	-0.16174520
0.85572791	-0.32991570	0.17151540	1.82508147	-0.59143050	-0.17890035
0.72094270	-0.25849238	0.17320687	1.95778166	-0.17655169	-0.02791564
1.03183012	-0.29524477	0.22563047	2.23666983	-0.53283940	-0.00747073
0.89494405	-0.06524482	0.13787882	2.06992805	-0.58781913	-0.09415684
0.83971668	-0.04821982	0.08540796	1.16966670	-0.50537600	-0.13858516
0.84149405	-0.04631426	0.06810079	1.79100871	-0.53592488	-0.07087584
1.07650774	-0.09845074	0.08084767	1.48026820	-0.56091738	-0.04657113
0.87803573	-0.03406802	0.03918108	1.08572312	-0.81963603	-0.07747697
0.89285873	0.02794611	0.06259357	1.99828149	-0.59281016	0.06442197
0.83201667	-0.03361232	0.02361423	1.03594321	-0.57965808	-0.03872145
1.04553406	-0.01195331	0.08443363	1.76363711	-0.20237947	0.13927378
0.96337715	-0.10880507	0.14627846	1.00818292	-0.13055756	0.03587273
1.00823096	0.00043592	0.13216807	1.00936743	-0.48602470	0.08593262
0.91861202	0.00271807	0.10535484	1.26535816	-0.46330409	-0.07378071
0.98107640	0.01744886	0.05198236	1.40857204	-0.40568619	0.00821762
0.92205335	-0.05055898	0.03792918	1.36593559	-0.17639373	0.05545988
0.97749760	0.02148022	0.09482324	0.81595185	-0.24919983	0.03730592
0.90970451	0.07064384	0.18427203	0.54845774	-0.32509399	0.13961091
1.08920774	0.05099231	0.14268236	0.81755073	-0.09231706	0.00440814
0.96523190	0.10239489	0.05875524	0.49692740	0.13446399	0.07133178
0.89708999	-0.08556452	0.19838892	0.52713486	0.25018824	0.00489360
1.00932002	-0.03381457	0.14456636	0.54215469	0.03581314	-0.01442268
1.07420390	0.07262698	0.10187808	0.11732683	-0.02299490	0.06561479
1.05679374	-0.07375572	0.17832536	0.31865392	0.09388166	0.06155147
