1.01795963	-0.13150534	0.09363370	-0.00891439	-0.00405231	0.01789724
1.01921429	-0.14202820	0.09857428	-0.00646221	-0.00999685	0.02728365
1.01587486	-0.14765099	0.09267805	0.00348473	-0.00836814	0.02696282
1.01765947	-0.14372306	0.09170255	0.00268333	-0.00642642	0.01010781
1.01630293	-0.14136010	0.08712242	0.00867975	-0.01053305	-0.00146813
1.01861211	-0.13781254	0.08938894	0.00636569	-0.02012298	0.00345649
1.01616787	-0.13496747	0.09860954	0.00532158	-0.01405796	0.00748650
1.01451223	-0.13304165	0.09165188	0.01280263	-0.02776665	0.02351236
1.02036400	-0.13671450	0.08868176	-0.02055301	-0.03181618	0.03064048
1.01941864	-0.13790972	0.09022737	-0.01368760	-0.02063226	0.01091223
1.01929335	-0.13934534	0.08056149	-0.00163719	0.00028692	0.01372109
1.01797443	-0.14053650	0.08563897	-0.00053751	0.00903817	0.00081515
1.01580534	-0.14005868	0.09176525	-0.00346130	0.00033311	-0.00642149
1.01569161	-0.13465835	0.08891387	-0.02020520	0.00123535	-0.00146195
1.02016128	-0.13622460	0.08861937	-0.02214034	0.01014154	-0.00814692
1.01901501	-0.13858330	0.07578022	-0.01878094	0.00318148	-0.00655103
1.02025579	-0.13564548	0.08123128	-0.00969274	0.01589627	-0.01141223
1.01754426	-0.14143076	0.08237176	-0.01045980	0.00950065	-0.00145662
1.01727061	-0.14065385	0.07329511	-0.00467551	0.00395708	-0.00029714
1.01634716	-0.13908018	0.08377470	-0.00490622	0.00477475	-0.00102976
1.01640005	-0.14500357	0.08093218	-0.00858706	-0.01111814	0.00386955
1.01804615	-0.14174720	0.07175705	-0.02266037	-0.00093587	-0.00069176
1.01662387	-0.14635082	0.07454603	-0.00529757	0.00106122	-0.00499533
1.01525696	-0.14566251	0.07873580	-0.01322742	-0.00714981	-0.01374642
1.01882618	-0.14148315	0.08441385	-0.01640882	0.00414136	-0.00720791
1.01920818	-0.14657901	0.08049664	-0.01106306	0.00681313	0.00134504
1.01888670	-0.14513091	0.07894640	-0.00739738	0.00341595	0.00002436
1.01624447	-0.14564393	0.08820859	0.00462864	0.00382553	-0.00996068
1.01483659	-0.14559739	0.08590940	0.01928830	0.00847975	-0.00626609
1.01351406	-0.14537068	0.08325925	0.00983851	0.00824385	0.00099981
1.01351881	-0.15038433	0.08894365	0.00928868	-0.00028634	-0.00000640
1.01732325	-0.14262388	0.09006079	0.00907987	-0.00427739	0.00867391
1.01978299	-0.14362080	0.08919608	-0.00041727	-0.00623181	-0.00538328
1.01710711	-0.13984183	0.08571569	-0.00707732	0.00076306	0.00035831
1.01561237	-0.14225584	0.08329375	-0.00169174	0.00394698	0.00046912
1.01962780	-0.14915652	0.08606858	0.00000398	0.00492116	0.00157514
1.02086341	-0.14734198	0.07693442	0.00874858	-0.00443764	-0.00439028
1.02363216	-0.14797729	0.07984754	0.00981181	0.00919843	-0.02929664
1.02073844	-0.14755271	0.08594558	0.01862814	0.01386060	-0.02985942
1.02033907	-0.14282534	0.08453055	0.01900114	0.00344082	-0.00520915
1.01688251	-0.13627568	0.08911851	0.01431402	-0.01377224	-0.00882857
1.01784747	-0.13465513	0.08252086	-0.00033168	0.00113938	-0.00168672
1.01792910	-0.13807115	0.09141367	0.00619121	0.00356858	-0.00031882
1.01341210	-0.14400951	0.08827460	-0.00194863	0.00538267	-0.00811104
1.01695329	-0.14068332	0.08013186	0.00658104	-0.00707929	0.00586148
1.01650540	-0.13622414	0.09019298	0.00279398	0.00607568	0.00072702
1.01606697	-0.14142109	0.09158267	0.00879887	0.00344725	-0.00906746
1.01581661	-0.13977843	0.08035304	0.00355418	0.00269545	0.00340807
1.01658674	-0.14766025	0.07988752	-0.00323601	-0.00655143	-0.00822289
1.01547631	-0.14397897	0.08757095	-0.01055924	-0.00472003	-0.00541450
1.01558624	-0.14289952	0.08354830	-0.01221767	-0.00432499	-0.00871093
1.01770368	-0.13976878	0.08621844	-0.01663382	0.00031989	-0.00292405
1.01776055	-0.13744811	0.08089738	-0.01734832	0.00273515	-0.00542980
1.01902178	-0.14135969	0.08971469	-0.01224804	0.00695083	-0.00610488
1.02145554	-0.14002579	0.09193181	-0.01003422	0.01827478	-0.01435458
1.01843453	-0.14262464	0.08645780	-0.01528296	0.00891886	0.00119402
1.01500913	-0.14267960	0.09028491	-0.02382633	-0.00529922	-0.00993410
1.01578726	-0.14356830	0.08722225	-0.01625207	-0.00278255	0.01148408
1.01401081	-0.14267427	0.09062109	-0.00960032	-0.00075556	-0.01228136
1.01697118	-0.14480527	0.08605357	0.00400965	-0.00500119	0.01067198
1.01525031	-0.14456447	0.09037018	0.01962770	-0.00149532	0.00934524
1.01391847	-0.14387952	0.08133782	0.01690396	-0.00542106	-0.00444211
1.01751968	-0.14334899	0.07352059	0.01021296	-0.00630648	-0.01233665
1.01838381	-0.14196826	0.08241416	0.00647888	-0.00818795	-0.00406370
1.02051914	-0.13972100	0.07795557	-0.01206231	-0.00140344	-0.00176663
1.01860128	-0.14531063	0.08540219	-0.00193690	-0.00080809	-0.00228082
1.01808145	-0.14461882	0.08943031	-0.00563446	0.00022703	0.00208101
1.01933927	-0.14288945	0.08121703	-0.00633779	0.00568587	0.00255288
1.01882741	-0.14337243	0.07938963	-0.00372309	0.00204997	-0.00646916
1.01686141	-0.14553088	0.08071382	0.00129825	0.01087713	0.00195322
1.01698194	-0.14526182	0.08356740	-0.00824486	0.00513270	-0.00755567
1.01878393	-0.14576380	0.09319883	-0.00490975	0.00801565	-0.00737281
1.02011123	-0.14882163	0.09607074	-0.00083298	0.00838057	-0.01014180
1.01767997	-0.14499574	0.09178116	0.00657091	0.01539294	-0.01323092
1.01664075	-0.14129926	0.08729546	0.00179837	0.00493476	-0.00903655
1.01552191	-0.13317847	0.08988290	-0.00134572	0.01144651	-0.02191510
1.01461741	-0.13742351	0.07662858	0.01085291	0.00563824	-0.00043663
1.01842538	-0.13884967	0.08040944	0.00871719	-0.00693035	-0.00113407
1.01860345	-0.14332709	0.09106435	-0.00038268	-0.00761283	-0.00834431
1.01879585	-0.14521682	0.10667514	-0.00026851	-0.00833340	-0.00082217
1.01904428	-0.14514440	0.09170406	0.00505388	-0.00750810	0.00271821
1.02066873	-0.13774797	0.08313207	0.00207728	-0.00606788	-0.00300646
1.02451298	-0.14018088	0.08524909	0.00435831	-0.00605345	-0.00233899
1.02228898	-0.13900721	0.08872609	-0.00978536	-0.01686829	0.00095011
1.01610411	-0.14007006	0.08685824	-0.00845380	-0.01377760	-0.00886297
1.01484875	-0.13930345	0.08881871	-0.01938290	-0.00560085	-0.00109202
1.01823072	-0.14076186	0.09708543	-0.01956126	0.00523734	-0.00881372
1.01887478	-0.14182474	0.09420305	-0.01326104	0.01296670	-0.01057717
1.02120222	-0.14341984	0.08739993	-0.01888274	0.00883281	-0.00780301
1.02151665	-0.14331760	0.08238183	-0.00292577	0.00785146	-0.00921744
1.02166372	-0.14170250	0.07321383	-0.00977190	0.01160366	-0.01316844
1.02096870	-0.14147426	0.07042763	0.00154649	0.01144984	-0.02011462
1.02007999	-0.14210659	0.07044830	0.00432249	0.00640611	-0.01392290
1.01842399	-0.13999870	0.07806828	-0.00369165	-0.00125181	-0.01324014
1.01853931	-0.13592883	0.08126772	-0.01704533	-0.00804236	-0.00090356
1.01754089	-0.14073706	0.08448452	-0.01186088	-0.00859826	0.01039908
1.02070228	-0.13991482	0.09446766	-0.00345968	-0.00511924	-0.00149546
1.02505531	-0.14062348	0.08490079	-0.00138516	0.01063025	0.00965951
1.02129448	-0.14586846	0.08756324	0.00260933	0.00004857	0.00185447
1.01811998	-0.14430823	0.08512373	0.02516809	-0.00295385	-0.00623482
1.01472428	-0.14233702	0.08686578	0.02169796	0.00505487	-0.00885209
1.01583975	-0.14632791	0.09344337	0.03191953	-0.00224350	-0.00465862
1.01503570	-0.14179147	0.08869053	0.03060853	0.00509966	-0.01637293
1.01763748	-0.13816383	0.09222784	0.03137664	0.00641883	-0.00669508
1.01593415	-0.13078752	0.08394447	0.01821472	0.01392375	-0.00926898
1.01797082	-0.13309656	0.07757296	0.01298562	0.01573961	-0.01361411
1.01571365	-0.12639761	0.07978864	0.01103279	0.00930448	-0.00689893
1.01642525	-0.13285408	0.08593044	0.00696005	0.00662023	-0.02234691
1.01649308	-0.12437783	0.09083118	0.00921550	0.02399675	-0.01915327
1.01576103	-0.12694197	0.09458003	-0.00844619	0.02201101	-0.02469829
1.01692640	-0.13029184	0.08784974	-0.00906672	-0.00672349	-0.00960999
1.01511185	-0.13806604	0.08677020	-0.01662331	-0.00078065	-0.00047750
1.01886576	-0.14036621	0.08607941	-0.00768938	0.00167628	-0.00545141
1.02022977	-0.13488756	0.08329195	0.01094120	0.01393474	-0.01053043
1.01575400	-0.13455023	0.09169091	0.00217743	-0.01393076	0.01256017
1.01452678	-0.13306477	0.09499784	-0.00209032	-0.01719999	0.02417909
1.01700070	-0.14077630	0.10018450	0.01688604	-0.00312176	0.01687650
1.02143636	-0.14319921	0.09673859	0.00829344	0.00323511	-0.01024630
1.02310937	-0.14378529	0.09023042	0.01420608	0.01775246	-0.00789840
1.01980792	-0.13533354	0.09326135	0.01442642	0.00734919	-0.00498628
1.01547172	-0.13048423	0.08459710	0.00589771	-0.00109236	-0.00838488
1.01383452	-0.13120610	0.09129823	0.01022370	-0.00029589	0.00620282
1.01637611	-0.12839633	0.09502745	-0.00446996	-0.00228111	0.00810838
1.02046344	-0.12853447	0.09701527	-0.00273575	-0.01371155	0.00196336
1.01559000	-0.13405108	0.09305070	0.00062793	0.00016888	-0.00958116
1.01559160	-0.13715670	0.09656281	-0.00562236	0.00678826	-0.00076162
1.01604549	-0.13614272	0.09061785	0.00709125	-0.00428980	-0.00327573
1.01501551	-0.13298010	0.09096581	-0.00979707	0.01361481	-0.00221630
