1.01652571	-0.16446023	0.05597253	-0.02084508	-0.00896885	0.01343928
1.01797598	-0.16164677	0.05517952	-0.01196330	-0.01842120	0.00520249
1.02215834	-0.16351605	0.05200894	0.02674635	-0.02178426	0.00971097
1.02411536	-0.16388058	0.05566746	0.00375772	0.00208639	0.00730514
1.02043762	-0.16349926	0.06069462	-0.02658674	-0.00587811	0.00867952
1.01648048	-0.15950176	0.05521527	-0.03024285	0.00373624	0.00455908
1.01196059	-0.16211392	0.05638866	-0.00940701	-0.00698294	0.01315695
1.01497338	-0.16762760	0.05692070	-0.01643683	-0.01653157	0.01868610
1.01515307	-0.16926239	0.05044866	-0.02883334	-0.02307703	0.03710336
1.01436346	-0.17329584	0.04845288	-0.03440458	-0.01740296	0.00114851
1.01413825	-0.17114926	0.05234370	-0.05062771	-0.00922933	0.03198457
1.01634599	-0.15153197	0.05751848	-0.02690755	-0.02981017	0.04581986
1.01335063	-0.16309816	0.04489672	-0.05180204	-0.02501450	0.02064954
1.01621695	-0.16275828	0.03914581	-0.03498707	-0.01895838	0.01607383
1.02131457	-0.15706510	0.03878604	-0.03437355	-0.01124090	0.00546319
1.01901827	-0.16162338	0.04116612	-0.04822249	0.02765904	-0.01065146
1.02234450	-0.16309961	0.04439265	-0.04383352	0.04373599	0.00363743
1.01833100	-0.17148848	0.04961693	-0.04275541	0.02679314	-0.00689834
1.01908008	-0.17236808	0.05006704	-0.05194418	0.01187320	0.00501067
1.01693246	-0.17187748	0.05189975	-0.02439148	0.01533409	-0.00307241
1.01567493	-0.17135967	0.05030315	-0.02239481	0.03014668	-0.00450932
1.01685709	-0.16035981	0.05793761	-0.03869809	0.02432201	-0.01470646
1.01695590	-0.16371556	0.04372209	-0.06658044	0.01747320	-0.00359195
1.01862080	-0.16879513	0.04326521	-0.03762496	0.00227791	-0.01031682
1.01768566	-0.16562311	0.04729536	-0.04384484	0.00563386	0.00123562
1.01545219	-0.16587640	0.04372382	-0.04643782	0.00526510	-0.01094351
1.01328572	-0.15809158	0.04991753	-0.06240079	0.01577353	-0.00350832
1.01543745	-0.17228310	0.03742781	-0.05071782	-0.00747882	0.00155450
1.01349893	-0.16541597	0.03484077	-0.04155341	0.00264277	0.01100480
1.01555065	-0.17764210	0.03181389	-0.04182155	-0.00143811	0.00031396
1.01874401	-0.17000067	0.04079572	-0.05497792	0.00015440	-0.00515360
1.01947454	-0.17393422	0.03739572	-0.04219265	0.00115614	-0.00123985
1.02020660	-0.16062218	0.03552715	-0.04061004	0.03219287	-0.00483201
1.01925635	-0.17097218	0.03299895	-0.05278160	0.01590562	-0.01389544
1.01858540	-0.16476034	0.03388022	-0.03761331	-0.00220696	-0.01726191
1.02244638	-0.16070942	0.03894852	-0.06352006	0.00659618	0.00656788
1.01894481	-0.15850626	0.04015672	-0.07086798	0.00651292	-0.00603226
1.01060720	-0.16526139	0.04020136	-0.08399857	0.00892142	-0.00582567
1.01203825	-0.16466282	0.04001584	-0.06910999	-0.02084621	-0.02104384
1.01542928	-0.17407976	0.03017939	-0.10429998	-0.02184650	-0.01113211
1.01498385	-0.18238167	0.03948400	-0.07291956	0.00460844	-0.00403117
1.01422147	-0.17856661	0.04380146	-0.04198042	-0.02429294	0.00543207
1.01147411	-0.16902864	0.04100356	-0.05745257	-0.01727307	0.01484254
1.01662289	-0.16673370	0.04214436	-0.05973838	-0.04507314	0.04019719
1.01761837	-0.16406336	0.04439803	-0.02293720	-0.04338405	0.03280712
1.02142604	-0.17451801	0.04914928	-0.02429824	-0.05029774	0.03316039
1.02158939	-0.18267196	0.04080549	-0.01779014	-0.03002847	0.00978030
1.02072349	-0.19005136	0.02879802	0.02537176	0.00274752	0.00508565
1.02177576	-0.18900713	0.03069336	0.05169851	0.02017409	-0.01925591
1.01783293	-0.19016915	0.03132880	0.01554158	0.01604023	-0.02602793
1.01927166	-0.17084989	0.03606484	0.01460226	0.02389793	-0.02583775
1.01791174	-0.15381584	0.04231383	-0.00779070	0.03118676	-0.02339056
1.01920242	-0.15067614	0.04675386	-0.03093021	-0.00419946	-0.01491298
1.02101437	-0.15824691	0.03356090	-0.02750758	0.00164904	0.00152675
1.02028104	-0.15781066	0.03386489	-0.01538883	0.00904296	0.00143094
1.01490489	-0.16215569	0.03800046	-0.02837636	0.00535492	0.01081262
1.01788756	-0.17106721	0.03959566	-0.00506845	0.00006599	-0.00836075
1.01669597	-0.16809828	0.03309796	-0.00940257	0.00549516	-0.00419515
1.01558205	-0.16598117	0.03305525	-0.02143930	0.01736488	-0.01707091
1.01838130	-0.16783661	0.03378240	-0.02596526	0.00446284	-0.00540534
1.01986515	-0.16170528	0.02822489	-0.03992874	0.01903103	0.00760733
1.02097807	-0.16246070	0.02715995	-0.03307723	-0.00285178	0.00153952
1.01436462	-0.15667877	0.02800393	-0.04226552	-0.01515287	0.02652058
1.00848412	-0.15204924	0.02896158	-0.04357239	-0.00661254	0.02554742
1.01397274	-0.16840019	0.02913131	-0.05460540	-0.01147786	0.00968880
1.02086757	-0.16606838	0.03335605	-0.04491150	-0.00897554	0.00920839
1.02108463	-0.16251555	0.02909698	-0.02670638	0.00282173	0.01520849
1.02276978	-0.15969768	0.03490049	-0.03964955	0.00252265	0.01919226
1.01728242	-0.15559157	0.03262121	-0.06796365	-0.00434479	0.01641942
1.01761849	-0.15317368	0.03254916	-0.05913016	-0.01321242	0.01623110
1.01679815	-0.15927268	0.03305746	-0.04031774	-0.00601561	0.01128472
1.01624233	-0.16510828	0.03361420	-0.05734434	-0.03486536	0.01748796
1.02052590	-0.16255690	0.04190534	-0.08949060	-0.00696878	0.02374844
1.01922310	-0.17172400	0.03563042	-0.04685828	0.00495682	0.01875925
1.01785757	-0.17542968	0.03574951	-0.06568992	0.00540522	0.00997274
1.01919100	-0.17377166	0.03455251	-0.05906533	-0.00627076	0.00493293
1.01937695	-0.17815028	0.03165187	-0.05510514	0.00619163	0.00751679
1.01765781	-0.17477349	0.02625321	-0.04527596	-0.00561620	0.00631156
1.01934090	-0.16810998	0.02208413	-0.04010483	0.00178583	-0.00990180
1.01597571	-0.16973963	0.02363536	-0.03712242	-0.00283307	-0.00340998
1.01439653	-0.17343896	0.02695290	-0.03317725	0.00236114	-0.00904597
1.01594400	-0.18301836	0.03272468	-0.04100498	-0.01458808	0.00761329
1.01545062	-0.17860366	0.02673720	-0.00214528	-0.00423393	0.00617098
1.01939815	-0.18848174	0.03241245	0.00940333	-0.00330507	0.00448079
1.02007428	-0.17821682	0.02561147	0.03479756	-0.00941232	0.00799837
1.02071426	-0.17574158	0.03187692	-0.01396456	-0.00545667	0.02708650
1.01739431	-0.16439523	0.03790373	0.01975889	-0.01491690	0.00537855
1.01915568	-0.16881624	0.03756158	0.00207922	-0.01186437	0.01020911
1.01754824	-0.17462299	0.03483025	-0.01130523	0.00308011	0.00527137
1.02121849	-0.17213356	0.03288065	-0.00261708	-0.00573560	0.01309056
1.02203977	-0.17717709	0.02939963	0.01774649	-0.00753893	-0.00079675
1.01838750	-0.18035361	0.02242404	0.02604759	0.02397496	-0.00063982
1.01830722	-0.17311114	0.02869855	0.02792747	0.03112404	-0.00985592
1.01735593	-0.18016020	0.02621508	0.01339695	0.02755890	-0.00377177
1.01603830	-0.16764198	0.02871488	0.02803318	0.01259660	-0.00487972
1.01654933	-0.16317521	0.03572089	0.00020376	0.01745574	-0.00021978
1.01373461	-0.16657902	0.03564808	0.00488731	0.00336998	-0.00226808
1.01421267	-0.16733819	0.03252560	0.00960415	0.01797743	-0.01333011
1.01702815	-0.15918131	0.03339885	0.00526999	0.00907063	0.00012346
1.01612158	-0.16720194	0.03304263	-0.01495248	0.03014668	-0.00451862
1.01830005	-0.16656248	0.03332167	-0.02337160	0.03446831	0.00477240
1.01843410	-0.16245457	0.03650167	-0.01066793	0.02987098	0.00343228
1.01979248	-0.17373944	0.03965031	-0.00832549	0.01820010	0.00892031
1.02148317	-0.16265619	0.03623443	0.00563858	0.01066462	0.00028111
1.02368664	-0.16831883	0.03516620	-0.00794150	0.00821663	0.01222444
1.02196553	-0.16865307	0.04278966	-0.02054308	-0.00151824	-0.01138456
1.02148474	-0.17365853	0.02601771	-0.02501008	0.00553779	-0.00503311
1.02298339	-0.16804860	0.03243266	0.00507915	0.02350829	-0.02954801
1.01641197	-0.16645516	0.03131634	0.00985554	0.03323043	-0.02597154
1.01120762	-0.17478045	0.03574026	0.01417580	0.04261515	-0.03665511
1.01570146	-0.17896579	0.03511464	0.02792403	0.03166274	-0.04403552
1.02182926	-0.17571953	0.03489011	0.02595893	0.03658215	-0.01923101
1.01930915	-0.16018103	0.03634008	0.01953506	0.03832380	-0.01754550
1.01882622	-0.15917438	0.04058330	0.01639323	0.03635427	-0.02336003
1.01837204	-0.16734567	0.02605308	0.00570349	0.01419701	-0.00738543
1.01284857	-0.15984532	0.03305238	0.02200701	0.02582674	-0.01067233
1.00944522	-0.17002262	0.02180326	0.03377728	0.00602626	0.01112102
1.01168861	-0.16755711	0.02446678	0.00133499	-0.00282441	-0.00398253
1.01812632	-0.17050880	0.02602420	-0.00127654	-0.00470528	0.02379970
1.01871058	-0.17490320	0.02166514	0.02098860	0.00480041	-0.00239149
1.02295622	-0.17503642	0.02388661	0.00923967	0.01736058	0.00615368
1.01825850	-0.17044195	0.03239192	0.01238614	-0.00343989	0.01478112
1.01671002	-0.16693990	0.04293723	0.03334261	0.00291337	0.00828403
1.01655509	-0.15898420	0.05126503	-0.00355608	0.00971815	0.00931528
1.01510088	-0.16789163	0.04273312	0.00620004	0.00365336	0.03581676
1.01627212	-0.15557324	0.04339069	-0.01322834	-0.01516078	0.01980967
1.01889264	-0.15661842	0.04115783	0.00350088	0.01359319	0.01603702
1.02022418	-0.16279812	0.03890836	0.01060923	0.01293792	0.02357195
