1.02487811	0.04347256	0.02125786	0.01519782	0.00130189	0.00941285
1.02144249	0.04669337	0.01499176	0.00854661	-0.02520154	0.04436678
1.02268125	0.04973124	0.03356573	0.00405330	-0.05161934	0.00448906
1.02343372	0.05653175	0.00880623	-0.00821461	0.02703556	0.02480801
1.02856815	0.05044108	0.02405952	-0.00591280	-0.01366694	0.02926877
1.02657806	0.05331964	0.02336904	0.01727251	-0.02053328	0.03447217
1.02912541	0.05754006	0.01669610	0.02585112	-0.05042587	0.04322310
1.02733717	0.05736531	0.01947763	0.04098365	-0.01263666	0.05105792
1.02556131	0.06284886	-0.00035749	0.02534620	-0.04475870	0.04938345
1.02379199	0.07352749	-0.00137519	0.01691204	-0.03830951	0.07786797
1.01935079	0.05454935	0.01317822	0.00333254	-0.05739811	0.04561907
1.01803133	0.03574965	0.01789646	0.00321703	-0.03328154	0.00739499
1.01916614	0.03631924	0.00900081	-0.02764464	-0.04733564	0.00845713
1.01789578	0.03960580	0.02518287	-0.06132506	-0.04264168	0.01424966
1.01822510	0.04489653	0.03285447	-0.04591658	-0.06364585	0.03104796
1.02030440	0.04891662	0.03617395	-0.04638557	-0.10868270	0.01549777
1.02357176	0.04640566	0.01863062	-0.04831625	-0.14410760	0.02443490
1.01918992	0.03188863	0.02491607	-0.03671655	-0.14756855	0.00884463
1.02418761	0.03238498	0.01361997	-0.02843871	-0.07408781	0.01943300
1.02693038	0.03209574	0.01872468	-0.00693056	-0.12641657	-0.01788463
1.02842955	0.03850892	0.01654291	0.00664825	-0.06696073	0.01684838
1.03134858	0.04682759	0.00165570	0.02441545	-0.08514324	0.01354127
1.02892614	0.03819538	0.00073176	0.03379814	-0.03935318	0.00324942
1.02690468	0.03348268	0.00074973	0.02508326	-0.04190195	-0.02322070
1.02611832	0.04466127	-0.01020350	0.02366891	-0.00465020	0.00072526
1.02138484	0.04723038	-0.00076759	0.01673724	-0.03016501	-0.02292567
1.01761140	0.05155322	-0.00722302	0.00928669	-0.05942563	-0.02825557
1.02318653	0.07137895	-0.00696755	-0.00948854	-0.02512170	-0.03434015
1.02565965	0.06889031	-0.00044255	0.00363883	-0.02310222	-0.01159876
1.02872718	0.06186327	-0.00926497	0.01284209	-0.07073353	-0.02043799
1.02602987	0.06864420	0.00332142	0.00680112	-0.04218626	0.00191751
1.02454229	0.05828329	-0.01536666	0.00814201	-0.05938246	-0.01470574
1.02477642	0.06685293	-0.00593736	-0.02612136	-0.07198378	-0.01341526
1.02571297	0.06226637	-0.00265195	-0.02654014	-0.07436706	-0.00876270
1.02723966	0.05460294	-0.00654531	-0.02629963	-0.05404802	-0.03011885
1.03149800	0.05540118	-0.00913735	-0.02471473	-0.04396297	-0.01796309
1.03047499	0.05629124	-0.00976977	-0.03011699	-0.00928450	0.00157519
1.02896523	0.05797791	-0.01478134	-0.01440003	0.00161417	-0.01117402
1.02629989	0.06330375	-0.00329156	-0.02456071	-0.00029614	-0.00811447
1.02185596	0.05529625	-0.00931664	-0.00933737	0.00845444	0.00243789
1.01848234	0.06273821	-0.00801533	-0.02304026	-0.04808426	-0.00525625
1.02089762	0.06991866	-0.01327360	-0.00290716	-0.00094055	0.00163577
1.02094200	0.06247686	-0.00896988	-0.02019369	-0.00923262	0.00820794
1.02861603	0.05919319	-0.00165057	-0.01800015	0.00031101	-0.00255572
1.02577965	0.06751110	-0.00159078	-0.01249467	-0.02555061	0.01224210
1.02280301	0.05965126	-0.01123546	-0.01691101	-0.03818647	-0.00274633
1.02206416	0.05546515	-0.01689571	0.01808199	-0.02072719	0.01190595
1.02155975	0.06100187	-0.01836275	0.01568680	-0.02320673	-0.01889314
1.02456692	0.05536069	-0.01277582	0.00148251	-0.05408073	0.00540047
1.02555599	0.06405800	-0.01469504	0.00581080	-0.03464869	-0.00636667
1.02667770	0.06053382	-0.00754350	0.01157163	-0.00772419	0.00629726
1.02992109	0.06305382	-0.01252271	0.00309913	0.03124873	0.02282679
1.02922266	0.07137369	-0.01331072	0.00401637	0.04952132	0.00453547
1.02190752	0.05915854	-0.01500993	0.01419100	0.00575067	-0.01800498
1.02047018	0.06684835	-0.01636253	-0.01729309	0.01033283	0.02293606
1.01964674	0.07297441	-0.00999678	0.00785934	0.00822752	0.02519393
1.02175857	0.06900951	-0.00242766	-0.01320301	-0.01430975	0.00075096
1.02040592	0.06730772	-0.00755136	0.00944239	-0.00339315	-0.00375338
1.02214007	0.05912010	-0.01035141	-0.01391017	-0.02893752	0.00171823
1.02420139	0.06332715	-0.00189494	-0.00159689	-0.03284362	0.00782503
1.02479827	0.06354021	0.00204198	0.00140736	0.01381386	0.02108909
1.02542237	0.06775231	0.00203529	0.00684561	-0.00477762	0.01671306
1.02112551	0.06737750	0.01314042	0.02192883	-0.00414939	0.01264228
1.02164858	0.06572151	0.00836688	0.02135277	0.00549466	0.00750371
1.02641868	0.05845607	0.00248909	-0.00601018	-0.04459136	0.00929018
1.02676938	0.06742907	-0.02063933	0.00835575	0.00821783	0.00220648
1.02304097	0.06296332	0.00210772	0.01696878	0.00962492	0.00718675
1.02331441	0.06742217	0.00160284	0.01834527	-0.00892381	-0.00077403
1.02224396	0.06387443	0.00093649	0.00868278	0.03596390	0.01924020
1.02356181	0.06379677	-0.00000752	0.00152098	-0.03254313	0.01772925
1.02407248	0.05677046	0.00007102	0.00900037	0.00623745	-0.00686248
1.02590303	0.06244054	-0.01087652	-0.00004580	-0.00682073	0.00244145
1.02338634	0.06186339	-0.01387580	0.00102073	-0.02297082	0.00626950
1.02285565	0.06487309	-0.01424115	0.00600114	0.00215298	0.00114391
1.02414731	0.06501118	-0.01681568	0.01812826	0.00646074	0.00788414
1.01880192	0.06073982	-0.00595091	0.00858591	0.02378837	-0.00769628
1.01992696	0.06436695	-0.00724102	0.00539269	-0.02086413	-0.00263892
1.01858259	0.06499368	-0.00811978	0.00375948	0.00280020	-0.01250748
1.02049702	0.05815926	-0.00875799	-0.00937241	-0.01625230	0.00674516
1.02219373	0.06408129	-0.00717378	-0.00867464	-0.00167289	-0.00170986
1.02414683	0.06845152	-0.00407031	-0.00192830	-0.02818771	-0.00828673
1.02574003	0.06517079	-0.00682052	-0.00585281	-0.01901540	0.01417400
1.02804619	0.06637844	-0.00564678	0.00890608	-0.01228898	0.02047334
1.02630842	0.06273490	-0.00428968	-0.01208210	0.02994108	-0.00559871
1.02641048	0.05556479	-0.01451534	0.00563361	0.01986953	0.00761190
1.02176213	0.05320153	-0.01773495	0.00202138	-0.01296209	-0.00566798
1.02490225	0.04799968	-0.01005985	0.01461023	0.03825804	-0.00364941
1.02263044	0.05533015	-0.00985684	0.01984304	-0.02104347	-0.03005963
1.02139169	0.05523669	-0.01986296	0.00256845	0.03369432	-0.02006602
1.02586282	0.05823776	-0.02676286	0.00649806	0.03421013	0.00268372
1.02581465	0.06895239	-0.00904609	0.01182723	0.01238051	-0.01476452
1.02353441	0.06864861	-0.01169278	0.01017767	0.01491566	-0.00900776
1.02720313	0.06160218	-0.00626355	0.00322405	0.03903616	-0.01372021
1.02510813	0.06346101	-0.00946368	0.00279980	0.05137975	0.01629343
1.02062377	0.06225032	-0.01184510	0.01300239	-0.00182713	-0.00436093
1.02246642	0.06804280	0.00018574	0.00931043	0.02963737	-0.01620189
1.02262663	0.05661332	0.00322110	0.00027509	0.01157214	-0.00764289
1.02069922	0.05076978	0.00234337	0.01774547	0.01894697	-0.00363872
1.02437628	0.06096237	0.00208908	-0.00669269	0.03839532	-0.02106756
1.02290141	0.06350459	0.00693654	0.01488379	0.00160839	-0.01970789
1.02339455	0.06327644	0.00810090	0.00537795	0.01286064	-0.03038654
1.02487382	0.05904903	0.00269942	0.02859604	0.02515106	0.01102788
1.02244235	0.05947999	-0.00965989	0.00582037	0.03014770	-0.00763692
1.02137169	0.06873536	0.00154982	0.02440110	0.00436843	-0.01646916
1.02363104	0.06672042	-0.00640569	-0.00030852	0.01680147	-0.00330695
1.02498799	0.07353301	0.01184167	0.02226398	0.01653493	-0.02460135
1.02536615	0.06678618	0.00459371	0.01163696	0.01830540	0.00607620
1.02256196	0.06976521	0.00879484	0.00539403	0.00961795	-0.00677011
1.02141255	0.06025466	0.00953660	-0.00616662	-0.00419818	0.00202550
1.02435432	0.05440740	-0.00230455	-0.00480080	0.02757199	-0.01505422
1.02228583	0.06614676	-0.01214239	0.00245549	0.01983564	-0.01797570
1.02508292	0.06825485	0.00739082	0.00578231	0.00483226	0.01021339
1.02157284	0.06803106	-0.00576546	0.00140197	-0.01275371	0.00896937
1.02283751	0.06577421	-0.00310370	0.01618415	0.01443168	0.00415969
1.02230129	0.06650804	-0.00498942	0.01016220	0.01614021	-0.00155518
1.02291582	0.06649097	0.00425554	-0.00044747	0.00503631	-0.01853698
1.02386487	0.06611154	0.01858574	-0.00641085	0.02448152	-0.00854616
1.02457703	0.06441218	0.01570209	-0.00632794	-0.03257505	0.01244569
1.02152883	0.06649425	0.00764266	-0.00590241	0.00696336	0.00239589
1.02111962	0.06643258	0.01184253	-0.00128282	-0.03637568	0.01207651
1.02322749	0.06136174	0.01823369	0.01497854	-0.01065267	0.01912576
1.02071678	0.05881004	0.00737804	0.03904337	-0.02684401	-0.00784592
1.02161215	0.06761210	0.00152501	-0.01169923	-0.01349630	0.00538917
1.02106707	0.05776588	0.00320337	-0.00422424	-0.04547712	-0.02323880
1.02609911	0.06214364	0.00898815	-0.00471782	-0.03133444	-0.00257029
1.02511704	0.06405601	0.00388795	0.00137157	-0.01288556	-0.00268052
1.02501956	0.07060863	0.00509748	0.00093014	0.01751913	-0.00526362
1.02150275	0.06934550	0.00179155	0.00600632	-0.00630768	-0.02119635
