1.02122789	0.09059011	0.00477559	0.00237633	0.00611724	0.00471023
1.01905170	0.09038290	0.00128929	0.00128517	0.01441733	0.01078202
1.02352223	0.08965797	0.00368354	0.00906014	0.00316799	0.01221270
1.02250566	0.09140272	0.00209804	0.01151534	0.01731413	0.01643746
1.02450099	0.09573744	0.00956171	0.00028181	0.01501370	0.00648032
1.02154418	0.09494394	-0.00306274	0.00582856	0.02028316	0.01657479
1.01574285	0.10170814	0.00233573	0.01032709	0.00939439	0.01949315
1.02133317	0.09470945	-0.00434695	0.01276170	0.00159257	0.03566662
1.01535811	0.09178794	0.00423164	0.01829805	0.01239279	0.03723243
1.01305104	0.08913027	0.00681271	0.01620438	-0.00104007	0.02509203
1.01736417	0.09495028	0.01344223	0.00784094	-0.01074129	0.02205543
1.02164250	0.09050477	0.00503044	0.01123007	-0.00971747	0.02410938
1.02536481	0.08790607	0.01260490	0.01075188	-0.00771288	0.02714377
1.02192934	0.08653331	0.00394424	0.00943939	-0.02876854	0.01750613
1.02243228	0.08456426	0.00930253	0.01292260	-0.03063368	0.02674292
1.02100675	0.08791533	0.01958246	0.01682120	-0.02545017	0.01747193
1.02014211	0.08882150	0.00648877	0.01569362	-0.00833475	0.01859817
1.02235631	0.09173355	0.01644592	0.01396275	-0.00317894	0.02328985
1.01740293	0.09365969	0.00579327	0.01476357	-0.01240484	0.01932273
1.01529196	0.09293762	-0.01170282	0.01517849	-0.01767826	0.02558870
1.01670157	0.08855428	-0.00851490	0.00723690	-0.02860205	0.03042027
1.01999447	0.09171512	-0.00462343	0.00641428	-0.01540770	0.01942637
1.01942057	0.08979779	-0.00602964	-0.00236366	-0.00735246	0.01087724
1.02665536	0.08366812	-0.00146405	-0.00921249	0.00183525	0.01270893
1.02766221	0.08138442	-0.00341364	-0.00711892	0.01044539	0.01167335
1.02295570	0.08364489	-0.00674747	-0.00820008	0.00297500	0.01412739
1.02055019	0.08414527	-0.00247732	-0.00415716	-0.01066064	0.02323360
1.02219592	0.08252473	-0.00275820	0.00443024	-0.00350682	0.02269144
1.02116111	0.08877101	0.00303283	0.00799171	-0.00480124	0.01933870
1.01989474	0.08946982	0.00464463	0.00676643	0.00740942	0.01484396
1.01814530	0.08914820	-0.00355186	0.00084667	-0.01441513	0.01937306
1.01665323	0.08701107	0.00560478	0.00832831	-0.02914527	0.02220706
1.01769636	0.08731853	0.00050616	0.00554926	-0.01884580	0.01886221
1.01828362	0.09371271	-0.00032048	0.01119846	-0.01564297	0.02604945
1.01750237	0.09240382	-0.00925594	0.01387534	-0.01914140	0.02411287
1.02139855	0.09046522	-0.00832463	0.00875174	-0.03020536	0.02200177
1.01991728	0.09137257	-0.00986800	0.01297956	-0.02045440	0.02887325
1.02238958	0.08222113	-0.01190630	0.01740541	-0.03250187	0.02909720
1.02406538	0.08709818	-0.01894282	0.00591211	-0.02786454	0.02530988
1.02549689	0.08989783	-0.01162590	0.00961606	-0.01621457	0.02866371
1.02451819	0.09001775	-0.00721307	0.00668670	-0.00896597	0.02851338
1.02417355	0.09125111	-0.00866566	0.01022926	-0.00715222	0.02674852
1.02248903	0.09249191	-0.00703367	0.00425969	-0.01770858	0.02764085
1.02027955	0.09090223	-0.00864258	0.00603431	-0.00673905	0.01547973
1.02115638	0.09063067	0.00151983	0.00482844	-0.02245904	0.02218711
1.01890625	0.08890406	0.00050614	0.00682684	-0.01970962	0.02532604
1.01914188	0.09046709	-0.00488700	0.00740253	-0.02163174	0.04042902
1.02191025	0.09532535	-0.00718331	0.00645519	-0.03995700	0.02926798
1.01652092	0.09550693	-0.00665678	0.00229377	-0.02386163	0.03152179
1.01929208	0.09145107	-0.00705543	0.00104950	-0.04608059	0.04653703
1.02331041	0.08657429	-0.00730965	0.00263711	-0.05284151	0.04530050
1.02354535	0.08355924	-0.00771917	0.00217650	-0.05408979	0.03239879
1.02363755	0.08228919	-0.00575515	0.00555283	-0.05202014	0.03949055
1.02342869	0.07876136	-0.01203555	0.00489955	-0.03802441	0.02731025
1.02182986	0.08367044	-0.00991311	0.00837660	-0.01345718	0.04064595
1.02288000	0.09017834	-0.00830944	0.01031866	-0.01938514	0.03545925
1.01846110	0.08773883	-0.00985304	0.01308782	-0.03208484	0.03145879
1.01931677	0.08507697	-0.01382317	0.00895188	-0.03285910	0.02637412
1.02078389	0.08704869	-0.00590804	0.01051974	-0.04431958	0.02586426
1.01963569	0.08660306	-0.00515324	0.00948834	-0.04994672	0.02520787
1.01984727	0.08819162	-0.01315541	0.00450955	-0.04245966	0.02451355
1.02234278	0.09158430	-0.01269019	0.01180827	-0.02659554	0.03179926
1.02859501	0.08682601	-0.01779016	0.01279756	-0.02086587	0.02721471
1.02535080	0.08330046	-0.02606704	0.01283700	-0.00826984	0.03279494
1.02231372	0.08340601	-0.01717578	0.00611257	-0.01787597	0.02631284
1.02502274	0.08094698	-0.01406664	0.01585782	-0.01630786	0.03358537
1.02590180	0.08274890	-0.00907868	0.01015962	0.00623945	0.02455426
1.02331966	0.08234751	-0.01316597	0.00718175	0.00472746	0.02350058
1.02438053	0.08287052	-0.01362681	0.00746758	-0.00737012	0.02353577
1.02381657	0.08667380	-0.01293439	-0.00016219	-0.00647856	0.01253243
1.02546531	0.08380987	-0.01459333	0.00381199	0.02726574	0.01420281
1.02599353	0.08658384	-0.01651843	0.01594708	0.00655118	0.00944894
1.02152633	0.08754522	-0.01862939	0.01488045	0.00206398	0.01515446
1.01917216	0.08643699	-0.01855161	0.01102960	0.00418244	0.01330527
1.02072413	0.08728458	-0.01720125	0.00753789	0.00007940	0.03490297
1.02642370	0.08580248	-0.02011734	0.01361129	0.00348309	0.00941758
1.02346379	0.08880923	-0.00910902	0.01351929	0.00841713	-0.00230978
1.02360816	0.08887938	-0.01886700	0.01468979	0.00258248	0.00255517
1.01994682	0.09101147	-0.01407840	0.01477783	-0.00722607	0.01042409
1.02279212	0.08404955	-0.01319131	0.01248856	0.00636362	0.00417386
1.02356208	0.08554966	-0.01595774	0.02073631	-0.00082709	0.01632606
1.02247372	0.08393424	-0.02078640	0.02026947	0.00597027	0.02406965
1.01792876	0.08615572	-0.01659219	0.02025563	0.01162475	0.01422635
1.01933064	0.08492779	-0.00908617	0.01469580	0.00515564	0.02197663
1.01664729	0.08439552	-0.01081987	0.01750460	-0.01187299	0.01839343
1.02128526	0.08804344	-0.02375376	0.01868436	0.00434787	0.01298063
1.02199310	0.08570532	-0.01640057	0.01759408	-0.01661999	0.01610041
1.02184509	0.08388393	-0.01994359	0.00857080	0.01066508	0.02167921
1.02052958	0.08610924	-0.01693405	0.01391062	-0.00122384	0.00869095
1.02120917	0.08607747	-0.01527052	0.00920756	0.00901366	0.00916340
1.02261602	0.08560327	-0.00489904	0.01311242	0.01559582	0.00482486
1.02406663	0.08420310	-0.00660488	0.01256167	0.01706671	-0.00291307
1.02685345	0.08719938	-0.01282093	0.00703632	0.02236459	0.00658628
1.02144974	0.08953876	-0.01823419	0.00877065	0.03089164	-0.00074938
1.01357613	0.09065927	-0.01125692	0.01350664	0.01635579	0.00942692
1.01409225	0.09231615	-0.00807873	0.00538431	0.05118033	0.01108677
1.01422835	0.08749619	-0.00215241	0.01262291	0.01670154	0.00252934
1.01492342	0.08565690	-0.00770601	0.00816835	0.01832486	0.00272583
1.01974575	0.08526462	-0.00942322	0.00937648	0.02018604	0.00675107
1.02049631	0.08583234	-0.01092747	0.01045592	0.01407807	0.00485504
1.02251162	0.08394096	-0.01605753	0.01011540	0.03035864	0.00577350
1.02293118	0.08966406	-0.01196065	0.01612069	0.02741884	0.00480753
1.02311794	0.08598748	-0.00847997	0.01233241	0.00410767	0.01047140
1.02072337	0.08644229	-0.00667322	0.01162021	0.00733814	0.01588725
1.02215639	0.08731128	-0.00216222	0.01907509	0.00628079	0.01051312
1.02052591	0.08582639	-0.01187277	0.02285752	0.02508156	0.01135679
1.01819747	0.09054308	-0.00879573	0.01472606	0.01100312	0.01328067
1.02094912	0.09357670	-0.01237519	0.01283826	0.01807788	0.01364767
1.02334584	0.09157342	-0.00804392	0.00893244	0.00414663	0.00342302
1.02192374	0.09200355	-0.00310764	0.01309685	0.00359260	0.00983669
1.01923140	0.09033620	-0.00765294	0.00240985	0.00524213	0.01087367
1.02219965	0.09480995	-0.00409253	0.00442350	0.00050321	0.01416327
1.02117066	0.09185494	0.00207308	0.00196992	-0.00149692	0.01405824
1.01961292	0.09435376	-0.00074434	0.01013114	0.00342260	0.01254871
1.01899046	0.09370937	-0.00995700	0.01245880	0.00197959	0.02050307
1.01830604	0.09311780	0.00133336	0.00346418	0.00801363	0.00993850
1.01898735	0.09270028	-0.00482167	0.00598318	0.02109964	0.00872120
1.02453800	0.08842760	-0.00623911	0.00997621	0.00458021	0.02375875
1.02633250	0.08744910	-0.00202191	0.00804717	0.00129874	0.01342197
1.01981066	0.09157288	0.00027219	0.00941621	-0.01176789	0.01129924
1.01803678	0.09289577	0.00050775	0.01145076	-0.00031334	0.01416122
1.01813430	0.09224034	-0.00106001	0.00924334	0.00073907	0.01066607
1.01974820	0.09356143	-0.00430013	0.00627549	-0.01224604	0.00737265
1.02078619	0.09358291	-0.00730470	0.00866161	0.00856705	0.00731128
1.01730396	0.09260350	-0.00742225	0.00999723	0.01722810	0.01053442
1.01787865	0.09119849	-0.00535643	0.00686792	0.01457273	0.01770313
1.01817076	0.09286400	-0.00959911	0.00682558	-0.00480770	0.00798595
1.01845470	0.08828299	-0.00547260	0.00950187	-0.01047252	0.00803160
