0.15536850	0.82316324	0.56269299	0.12447686	-0.06678557	0.23636352
0.14848498	0.84374876	0.55989597	0.12994789	-0.06084037	0.26824006
0.15434180	0.84584964	0.55504403	0.14215509	-0.05690837	0.31554908
0.15864331	0.83714081	0.56228129	0.13557892	-0.05485641	0.31146386
0.15864783	0.83519035	0.56309983	0.12458654	-0.03656561	0.28724059
0.16618017	0.82616541	0.56488821	0.14988872	-0.00281860	0.28032838
0.16051748	0.82473375	0.55943883	0.15417872	-0.03368697	0.29117941
0.16438441	0.83190368	0.55689329	0.16072884	-0.03519314	0.26516442
0.16683211	0.83003019	0.56369246	0.15239279	-0.00436457	0.33897909
0.16312148	0.83090468	0.56598879	0.14771941	-0.00574404	0.29022760
0.16108371	0.83301747	0.56158398	0.13940943	-0.00604095	0.23591397
0.17538367	0.82747614	0.56380585	0.13953368	-0.00836337	0.30757763
0.16638481	0.82796130	0.55753879	0.16211827	-0.00859704	0.23708981
0.16340232	0.80464278	0.56297094	0.16056656	-0.00186793	0.27837311
0.16037347	0.80480569	0.56152625	0.14369422	-0.03002164	0.28245780
0.16725883	0.81351594	0.56379367	0.13347596	-0.05489842	0.22689106
0.17613611	0.82138452	0.56415710	0.14244005	-0.10361484	0.23239072
0.16781306	0.83150813	0.55832475	0.15904871	-0.06029391	0.28122340
0.17864980	0.83405297	0.56088879	0.16060849	-0.02357848	0.24251193
0.17219842	0.82779976	0.56247114	0.12545451	-0.01890117	0.21926386
0.16606925	0.82770472	0.56299011	0.14687521	0.01275536	0.22267304
0.15938880	0.81126787	0.56157847	0.14729475	-0.02504111	0.25607853
0.15938512	0.81326479	0.56268918	0.13657646	-0.05701558	0.21798753
0.16478499	0.81434605	0.56307793	0.12841976	-0.05358451	0.25444063
0.16263327	0.82233067	0.55793695	0.12995636	-0.08069678	0.19351349
0.16036840	0.83373432	0.57092679	0.14802866	-0.06552229	0.19826693
0.17272249	0.83240498	0.57302753	0.16578037	-0.01738058	0.26373548
0.17372602	0.83088790	0.56451021	0.17376401	-0.03453943	0.24667016
0.17836240	0.82692650	0.56437946	0.16464048	-0.02148589	0.23372390
0.17243155	0.82478549	0.57004116	0.13789572	-0.02503478	0.23810115
0.17050222	0.81650670	0.57003125	0.17048679	-0.01189043	0.23025762
0.17776043	0.81665254	0.56467565	0.15196085	-0.02320097	0.23497176
0.16968898	0.82963020	0.55375337	0.14403239	-0.02372319	0.21343423
0.17584375	0.82026807	0.55835028	0.12186824	-0.02428441	0.18503186
0.18264676	0.81208336	0.55931961	0.12440739	-0.00791560	0.22103168
0.17618016	0.82410749	0.56117981	0.14850380	-0.03018303	0.19491474
0.17207910	0.82142806	0.56344586	0.14258906	-0.01168554	0.23371285
0.17498180	0.82185727	0.56539530	0.15801817	0.00307109	0.16876717
0.17549514	0.82974392	0.55995410	0.14468121	-0.02203808	0.14560176
0.16447683	0.83123362	0.55632189	0.13144616	0.00883765	0.17840549
0.16908904	0.83127785	0.55295603	0.13970752	-0.03510777	0.20534381
0.16198258	0.82927506	0.55904679	0.12171471	-0.02858588	0.20238298
0.17254580	0.82255993	0.56313556	0.14127306	-0.01796444	0.19552325
0.17329585	0.82427807	0.57018662	0.15338289	-0.02612336	0.16173672
0.17314143	0.81928570	0.56844630	0.13884633	-0.03379560	0.23395413
0.17643736	0.81597042	0.56759231	0.16556107	-0.03965645	0.16435642
0.17389270	0.81774775	0.57045932	0.13632819	-0.02207673	0.19719644
0.17073030	0.81600785	0.56259818	0.13087388	-0.00155887	0.21211911
0.17645155	0.82519316	0.55559244	0.15367202	0.01735898	0.16278035
0.17172479	0.83416535	0.55538663	0.14820483	0.00113994	0.19535681
0.17547378	0.82994885	0.56297621	0.12778911	0.01618246	0.20127899
0.17367292	0.82436822	0.56753563	0.11043001	0.01670358	0.17462665
0.17112876	0.82837451	0.57412588	0.13369088	-0.00886794	0.19437011
0.17149664	0.82337612	0.57224355	0.12073778	-0.00177790	0.22665712
0.16876332	0.82239038	0.56061544	0.14958379	0.00305951	0.18822073
0.16976622	0.82800774	0.56138915	0.12855751	0.01024981	0.16302828
0.16575539	0.82393739	0.56211694	0.11896098	-0.00304151	0.19120198
0.16293774	0.82646610	0.56191142	0.11092472	-0.00321476	0.15410815
0.17338703	0.81437285	0.56245536	0.08771594	0.02047003	0.14780150
0.17342860	0.83073204	0.55546413	0.15072634	0.00717802	0.19253774
0.17916526	0.83423983	0.56643039	0.12325823	-0.00337246	0.18191313
0.17592664	0.82730404	0.57228045	0.10990978	0.00509820	0.14192782
0.16840564	0.82539539	0.57011371	0.12601970	0.02847265	0.17765770
0.16609286	0.82873912	0.57020757	0.11733416	0.00601455	0.16402921
0.17151005	0.82273543	0.55748365	0.11917807	-0.01255855	0.16860874
0.17266043	0.81918504	0.56519338	0.12710705	-0.00833457	0.18347252
0.16795009	0.82552045	0.56038549	0.14077652	-0.01263619	0.17175986
0.17402760	0.82963560	0.55473854	0.17476766	0.05145657	0.18730443
0.16643668	0.83805350	0.55226834	0.10124072	0.04452599	0.17096724
0.17140241	0.83151305	0.55525232	0.06428331	0.04272249	0.15489030
0.17023005	0.82628255	0.56072696	0.09024500	0.02780135	0.13302751
0.17200714	0.81726945	0.55452923	0.10769308	0.01301015	0.18580256
0.17697973	0.80587916	0.55855499	0.06360591	0.02484051	0.10493382
0.17354886	0.82335148	0.55264060	0.09547521	-0.01429364	0.10205362
0.16978830	0.82502141	0.56598813	0.07653210	-0.00013932	0.12194223
0.17621027	0.83026306	0.56544526	0.07812894	-0.03077506	0.10985342
0.17731888	0.82912898	0.57651599	0.06039982	-0.02072974	0.07508602
0.17127653	0.82901518	0.56690442	0.10646416	0.00491293	0.14294640
0.17293943	0.82470269	0.56125705	0.07869015	0.00688856	0.14597247
0.16402986	0.82479120	0.56696384	0.09586870	-0.00228739	0.09803132
0.15761872	0.82115298	0.56528682	0.09272185	-0.01840806	0.09190241
0.16951209	0.81865006	0.56346998	0.10396561	-0.00333111	0.10264455
0.16671124	0.81538473	0.56340490	0.11886384	-0.01547889	0.14251075
0.16184841	0.82039139	0.55975693	0.10563721	-0.01099856	0.17270418
0.17047691	0.82536635	0.55271262	0.11096040	-0.01912822	0.11694263
0.15958002	0.82367788	0.56002923	0.10611493	-0.00549462	0.10588611
0.17066954	0.82583923	0.55574259	0.11646115	-0.01136548	0.15185680
0.18399528	0.83400578	0.55247194	0.08427478	-0.01880244	0.06208153
0.17943741	0.82888453	0.54818157	0.08929126	0.01866616	0.16672926
0.18061813	0.82814924	0.55829860	0.11111561	-0.00601736	0.11443613
0.18122121	0.83138673	0.56115522	0.07613946	0.00835433	0.07412142
0.17215736	0.82932366	0.55227693	0.06992443	0.02611560	0.06263455
0.17401757	0.83484493	0.54857763	0.06891929	0.02039149	0.10983848
0.17428839	0.83357096	0.55233726	0.06904831	0.01473900	0.12533035
0.17210643	0.82489265	0.55813279	0.05257144	0.03634929	0.11683217
0.17367375	0.82257811	0.55481827	0.05058411	0.02514253	0.12451737
0.17067932	0.82997034	0.55889645	0.05402505	0.01247471	0.12748301
0.16583214	0.82685019	0.55742095	0.05574073	0.01447122	0.04525589
0.16643252	0.82786974	0.55899816	0.05537052	0.00203198	0.07701418
0.16422092	0.82157405	0.56847083	0.05849384	-0.00007763	0.07495354
0.17063313	0.82432528	0.56938758	0.06613266	-0.00730402	0.11299978
0.16800322	0.81457836	0.57185682	0.06521607	-0.01346959	0.11352427
0.17084139	0.81743287	0.56948878	0.05674273	0.01955596	0.08311328
0.17260232	0.81885234	0.57236489	0.08804882	-0.01702359	0.08027197
0.16563327	0.81918490	0.56739492	0.09562014	-0.01767926	0.09177699
0.17139794	0.81344212	0.56933097	0.06970107	-0.02064412	0.12757343
0.16955806	0.82205749	0.56097614	0.04767639	-0.00345268	0.04705539
0.17318243	0.83095560	0.55763739	0.08573621	0.00071552	0.09285297
0.17363985	0.82050001	0.56381892	0.08287263	-0.01687614	0.06546218
0.17186723	0.82837353	0.55949990	0.09006194	-0.01146586	0.04597602
0.16874324	0.82534686	0.55948911	0.07635783	-0.01123739	0.08610500
0.17773296	0.83233606	0.55341190	0.06154211	0.02711204	0.05071831
0.17264950	0.83771591	0.54997608	0.08036502	-0.01421513	0.03517062
0.17095254	0.82758242	0.55119445	0.07540427	0.03362267	0.03711348
0.17638820	0.82087292	0.55388763	0.03031709	0.01943320	0.10711077
0.17031056	0.82293242	0.55871003	0.02782569	-0.01076271	0.05971569
0.16542484	0.82621337	0.55492323	0.03055210	-0.00596179	0.06137004
0.16802501	0.82623677	0.55890043	0.04886889	-0.00401334	0.05162205
0.17038069	0.81631458	0.56571641	0.03267329	0.01168476	0.03197701
0.16529077	0.82217161	0.56518496	0.03714437	0.00996330	0.05105087
0.16851434	0.81149547	0.57213705	0.05397590	0.02196217	0.03861155
0.16869116	0.82059830	0.56362097	0.06496977	0.01121340	0.07447356
0.16530502	0.81758298	0.56800541	0.04226056	-0.00771791	0.06492958
0.17042728	0.81752992	0.56611693	0.05065601	-0.00410857	0.03208510
0.16893446	0.81456833	0.57116157	0.05635402	-0.00679025	0.08259501
0.16738411	0.81889367	0.57665790	0.05082147	-0.00374991	0.05559940
0.17012917	0.82419067	0.57173748	0.08638175	-0.00537311	0.06184019
0.16990226	0.82394481	0.56205065	0.07324813	-0.00537754	0.05367673
