0.01552362	0.79449019	0.60510627	0.18743470	0.07270266	0.00483510
-0.00598909	0.78925828	0.60477362	0.21841842	0.01568241	0.00361699
-0.00923559	0.79243848	0.61067328	0.20906314	0.03705327	-0.00576645
0.00299046	0.82506491	0.59627681	0.11616127	-0.01712379	0.07498725
0.02145240	0.81836774	0.61408753	0.21547890	-0.00453871	0.03173496
0.02154566	0.82515338	0.60169156	0.21175002	-0.05046068	0.02087499
0.02400055	0.81638529	0.59912992	0.12770726	-0.02552473	0.02521402
0.01073705	0.76828749	0.60480613	0.14389078	-0.08407529	0.02154664
0.00931785	0.78229907	0.60552127	0.12536898	-0.01093086	0.03915500
-0.00740605	0.77765327	0.62880254	0.19538900	-0.06090415	0.05639809
0.01603557	0.81413902	0.62952583	0.15208470	-0.07673028	0.04106543
0.02037599	0.81082628	0.61429066	0.13409916	-0.01222970	0.00190457
0.02187477	0.81309874	0.61017482	0.10163460	0.00023075	0.02387562
0.01886323	0.80568766	0.59901480	0.14511188	-0.07091562	0.00984985
0.02006937	0.80647553	0.60718818	0.05850358	-0.09624303	0.00714726
0.01679754	0.82698745	0.58436037	0.19316355	-0.08256354	-0.00901049
0.03458659	0.82149991	0.62568619	0.11052439	-0.09071066	0.03929624
0.02873501	0.82644259	0.60629109	0.16013948	0.00374305	0.01577528
0.03105210	0.83547372	0.61801941	0.06704549	-0.01814744	0.05019465
0.01986701	0.82367906	0.62024202	0.12611159	0.00953520	0.02455022
0.02084942	0.83987016	0.60844847	0.11644890	-0.05042480	0.01354115
0.02830720	0.83059810	0.61950164	0.14388131	-0.07930033	0.03992441
0.01849787	0.80709396	0.61171750	0.15924476	-0.13913781	0.02283507
0.01884552	0.79743988	0.60357471	0.15006554	0.00658784	0.05891487
0.01187941	0.81100357	0.59163934	0.17061026	0.00285861	0.04922253
0.01494460	0.81726138	0.62507541	0.20157475	-0.06119637	0.05887789
0.01584214	0.80277698	0.60387012	0.18311403	-0.04377160	0.04208770
0.01988148	0.81599032	0.61822121	0.08150890	-0.10675369	0.04771760
0.03081685	0.81472559	0.60523704	0.10896832	-0.04314856	0.04933454
0.02558869	0.80260229	0.61478574	0.07385333	-0.08794541	0.05448538
0.03475513	0.81935514	0.60111324	0.13188998	-0.03253662	0.05918063
0.02940742	0.82456006	0.59372936	0.11057206	-0.07372836	0.04588709
0.03939332	0.83054516	0.60885701	0.15500312	-0.02727066	0.03308805
0.02088074	0.80716723	0.61085525	0.12304339	-0.00739550	0.02469969
0.03318809	0.82778529	0.60700854	0.14044611	-0.06339746	0.04152660
0.03383628	0.81918976	0.59901218	0.11240435	-0.02554981	0.00878147
0.03341294	0.81441727	0.61919291	0.17622378	-0.05166747	0.01153230
0.03988460	0.82203773	0.59568050	0.09552931	-0.02901328	0.01060573
0.03372831	0.82272373	0.60463688	0.10481235	-0.03022554	0.05215592
0.02459034	0.83109324	0.59788975	0.21510902	-0.02583512	0.00923120
0.04477708	0.82064297	0.59781384	0.10521113	-0.05922503	0.03930578
0.03409123	0.82572560	0.58938669	0.12229198	-0.05447364	0.00898887
0.01683836	0.82469969	0.59833303	0.05791693	-0.05977930	0.03222869
0.02424361	0.80848083	0.61193221	0.13006876	-0.09239903	0.01777671
0.02716170	0.82777197	0.59655741	0.07247147	-0.03498505	0.03104157
0.03596586	0.81827984	0.59766110	0.09372397	-0.05695147	0.01416454
0.03546680	0.82804112	0.58954251	0.12251348	-0.04828282	0.02703189
0.03613242	0.82108993	0.62263338	0.16024826	-0.10213521	0.01233034
0.04213105	0.81459500	0.59505328	0.06566824	-0.05394004	-0.00344121
0.04763955	0.82855155	0.60549674	0.14104101	-0.01693028	0.02921370
0.03418534	0.82855861	0.59971537	0.18564923	-0.03771509	0.01699102
0.03260246	0.83254780	0.60190035	0.09604990	-0.02668768	0.03081235
0.03279107	0.80353963	0.59182021	0.14454808	-0.05111284	0.03087060
0.02116096	0.81910609	0.60922619	0.08235154	-0.08966723	0.03606994
0.03099021	0.84801969	0.58562603	0.06976955	-0.04622599	0.00038207
0.04129231	0.82796656	0.58411681	0.14235380	-0.03946913	0.02177189
0.03793446	0.82271617	0.58813639	0.00576618	-0.02735568	0.01633164
0.04444361	0.81467529	0.59808205	0.07524680	-0.02311847	0.02709228
0.03841107	0.82257396	0.58508005	0.10842162	0.01035133	0.03296889
0.02999510	0.80436281	0.60905991	0.14740322	-0.05679014	-0.00445395
0.02303716	0.81441825	0.59255624	0.09627761	-0.05401090	0.02021889
0.03484895	0.79672189	0.56999314	0.05135948	-0.10330710	0.00745567
0.04525265	0.82151055	0.57566781	0.09574345	0.06631391	0.03929817
0.03714063	0.81126548	0.56821039	0.08565791	0.07719347	-0.01241429
0.04683623	0.81520612	0.58649478	0.03011585	0.05256734	-0.01839432
0.03924863	0.84462990	0.60631100	0.01724919	0.00086494	-0.00187835
0.04323589	0.80793866	0.61313318	0.12355191	0.02844374	0.00385710
0.04277928	0.83131524	0.59609299	0.06462464	0.01036199	-0.00820316
0.02984826	0.82132681	0.59741276	0.06043137	0.02810994	-0.01076925
0.04939331	0.82452705	0.58614786	0.05644188	0.06024601	-0.00759571
0.03590851	0.81538750	0.59675738	0.05678719	0.03043390	0.02407757
0.03633337	0.82224430	0.60617729	0.06099293	0.02422610	0.02396171
0.02578995	0.81357326	0.59166244	0.07148809	0.04140544	0.00666487
0.02242919	0.82394937	0.62273791	0.08012559	0.02807556	0.00166854
0.01876827	0.82600195	0.60564628	0.09446368	-0.08334256	0.00591374
0.01506368	0.80590862	0.59767000	0.02420865	0.03055632	-0.00091727
0.01930394	0.83965932	0.60874443	0.09330197	0.01533272	0.01264996
0.02427600	0.84928868	0.59742278	0.06441761	-0.00319627	0.05749649
0.03186188	0.80352361	0.60908355	0.06680631	-0.00485848	0.04768006
0.02967487	0.81488544	0.61050729	0.00568918	-0.00103342	0.02950185
0.02855066	0.79473304	0.60313272	0.11041639	-0.01425083	0.06228377
0.03115935	0.83020572	0.59537402	0.08115572	-0.03331819	0.02443295
0.03813311	0.83424977	0.59903861	0.05703533	-0.02896025	0.03614185
0.03921874	0.81482023	0.61322734	0.04021253	-0.00271902	0.02201348
0.04592317	0.84698114	0.61065439	0.06574591	-0.03767272	0.02484386
0.03298999	0.82342140	0.58987933	-0.03959157	0.01668280	0.01466962
0.03959288	0.84761636	0.60621985	0.03532114	0.00650762	0.01797035
0.03527782	0.81313326	0.59107067	0.08844340	-0.01869110	-0.02998942
0.02674765	0.81294749	0.58891603	0.00275829	-0.02805053	0.00325337
0.03637234	0.83629494	0.58679784	0.06570092	0.00637834	-0.01354252
0.03101442	0.80614190	0.59385547	0.04905876	0.04009763	-0.01634654
0.04334797	0.82480025	0.59580214	0.05922381	0.03835866	0.01132359
0.03042183	0.85240187	0.58928988	0.16765088	0.12996831	0.01982612
0.05105705	0.81973700	0.61585822	0.13771082	0.17963193	0.01045168
0.03773086	0.77716570	0.63223992	0.08048307	0.05139201	-0.06211576
0.00858539	0.78230504	0.63845649	0.14041446	-0.18231274	-0.09399276
0.01354485	0.79870005	0.60236785	0.11095930	-0.17856906	-0.02506427
0.03240650	0.82401437	0.53634995	0.02616811	0.00054362	-0.06022197
0.03352863	0.81024554	0.55761214	0.03952644	0.04724655	0.00319520
0.02299135	0.81495337	0.59795912	-0.11225870	0.00418914	0.02930339
0.00350981	0.80307721	0.56395078	-0.04871282	-0.03240921	0.02383633
0.02941264	0.83741655	0.58889056	0.10311940	0.02846577	-0.02834464
0.05667605	0.86025193	0.57905669	0.07663044	-0.03116934	-0.02421382
0.04584983	0.84645639	0.56673626	0.06417940	-0.03089050	-0.04670869
0.03900319	0.85551767	0.58119597	0.06413383	-0.07363118	-0.05597946
0.01373120	0.83842148	0.58507725	0.02734347	0.04439248	-0.01336867
-0.00118654	0.83034142	0.58508943	0.01513901	0.05966854	-0.01403784
0.01485904	0.81607875	0.59283076	-0.08056210	0.04100108	0.02716522
0.01302571	0.83151035	0.60194606	0.04792174	-0.01055049	0.04901779
0.03912190	0.88997962	0.59966512	0.07055863	0.08106157	0.01257022
0.03101537	0.86850937	0.58126659	0.03279158	0.04833796	-0.01037061
0.01802804	0.86826144	0.57208541	0.09953422	0.03758666	-0.04782113
0.02357198	0.85117416	0.58305452	0.02899223	0.03266194	-0.04379818
0.00407209	0.82811848	0.57534301	-0.02955935	0.05081486	-0.00924295
-0.01505683	0.82388689	0.60482101	-0.10878230	-0.00823427	0.00066031
-0.00157900	0.83997086	0.58177440	0.02388563	-0.01568750	0.00400726
0.01249694	0.87281826	0.56215289	-0.01580432	0.00018805	0.02090808
0.03082324	0.88988281	0.55919569	-0.14791994	0.02685142	-0.02414539
0.04027012	0.87278690	0.56609501	-0.09207038	0.01961230	-0.07117106
0.02674795	0.85447697	0.57660339	-0.13722495	-0.06643803	-0.10178577
0.02452273	0.83507153	0.58201352	-0.24029855	0.00466449	-0.12532289
0.00151033	0.80794724	0.57992722	-0.23066896	0.05745691	-0.09710580
-0.00977480	0.79376988	0.58815574	-0.22214769	0.08816927	-0.08723018
-0.00472474	0.81600565	0.61250152	-0.17077554	0.05758414	-0.01690813
-0.00007269	0.81530427	0.62557307	-0.21579615	0.02963461	-0.02602727
0.01932169	0.84120650	0.61536017	-0.09040816	0.04442882	-0.04022725
0.02486395	0.80878330	0.64627275	-0.14263754	0.03059464	-0.03648850
0.00661332	0.76407940	0.64082332	-0.13588703	0.15257614	-0.01158171
