1.04575298	-0.07125266	0.03938453	1.06604206	-0.26230607	-0.38079950
1.07338802	-0.08754691	0.04513087	1.51884727	-0.32098338	-0.49755235
1.11574995	-0.04201062	0.01063242	1.00756837	-0.41963642	-0.22756548
1.11303548	0.18192990	0.04953899	0.60626558	-0.18816598	-0.31576752
1.17181810	0.18210190	0.01741991	0.32743332	-0.36803752	-0.08630411
1.28220735	0.06074747	0.00861440	0.28612634	-0.08339777	-0.13393341
1.26743592	0.02457898	0.00351560	-0.21673563	0.08197862	-0.27930621
1.29261444	-0.17417034	-0.10034174	-0.66517652	-0.09294246	-0.31488981
1.12147909	-0.21308537	-0.06434174	-0.75700883	0.17896975	-0.34033463
1.12666973	-0.22650439	-0.17246007	-0.50581480	0.53137824	-0.31516794
1.14171106	-0.30078973	-0.07441016	-0.24509435	0.59523988	-0.22135054
1.08220639	-0.37256976	0.02576189	-0.43497470	0.51781679	-0.28669732
1.13363557	-0.25569016	0.23878092	0.31747253	0.38112176	-0.18164978
1.09799239	-0.36871861	0.14629247	0.29076620	0.34323441	0.05856596
1.08873679	-0.06939408	0.13053120	0.16875202	0.26845906	0.17292892
1.08618858	-0.02144842	0.05865295	-0.16003247	0.40824104	0.19691317
0.90403906	-0.02634932	0.10744087	-0.59921119	0.73676075	0.19895631
0.94038636	-0.16821272	0.06113406	-0.79495080	0.34950769	0.41521895
0.90895980	-0.10969127	0.08356820	-0.83593793	0.36984771	0.26109008
0.75383584	-0.14426222	0.11320209	-0.82380667	0.49986791	0.25503501
0.88187545	-0.18984547	0.20542263	-0.63600967	0.33434734	0.28875677
0.79357919	-0.21747024	0.20601327	-0.44595429	0.04403015	0.34256067
0.79591952	-0.26219598	0.16960645	-0.20598385	0.24960519	0.28830185
0.88392428	-0.14021184	0.18022708	-0.27917317	-0.11407564	0.36214966
0.77687180	-0.12601237	0.13464685	0.03548611	-0.14417929	0.29361479
0.97699669	-0.08821708	0.20762216	0.30230864	-0.34938908	0.16797280
0.79212334	-0.18724107	0.29104390	0.12951004	-0.13593569	0.12868052
0.85307653	-0.18251694	0.20526213	0.04358131	-0.24066950	0.13378996
0.87579061	0.02851094	0.11845579	0.08302048	-0.52187291	0.26410156
1.02241899	-0.01159692	0.23417110	0.15815673	-0.42841523	0.06844438
0.98824269	0.11848448	0.11539145	-0.29062637	-0.19648112	0.14051482
1.10623210	0.05286662	0.19947893	-0.70759565	-0.15449068	0.02229493
1.10980743	0.05709922	0.14596420	-0.37952144	-0.19108026	0.05782574
1.17022923	-0.24122373	0.18548211	-0.73168321	-0.48101932	0.09293466
1.10259871	-0.12007352	0.25135263	-0.85559791	-0.02133486	-0.21904295
1.16787252	0.04979745	0.24980613	-0.45463844	0.01551226	-0.27880915
1.22941391	-0.19363926	0.35652020	-0.57564802	0.08691351	-0.22323717
1.30181082	-0.18482796	0.23473303	-0.10039756	0.48135174	0.07290369
1.16455504	-0.31402946	0.15419325	0.14297595	0.36913938	0.15815229
1.21025732	-0.45481604	0.15535494	0.52733297	0.09887992	0.28500639
1.15693867	-0.50970382	0.07104233	0.25804039	0.23314462	-0.05080054
1.00407383	-0.38647077	0.07561162	0.59325462	0.51823808	-0.28233343
0.94406380	-0.33677102	0.11437481	0.94260615	0.24394003	-0.36894347
0.86409317	-0.28542606	0.06075043	0.69203416	0.18144309	-0.52030120
0.81906500	-0.17954527	0.05007698	-0.08286314	-0.33087856	-0.29848416
0.98907429	-0.13365058	-0.09015341	-0.02404967	-0.06231243	0.03643701
1.06354361	-0.17127841	-0.19432772	0.06044251	-0.11532325	0.16334926
0.98421617	-0.41717523	-0.04154879	0.47394461	-0.07186875	0.05672620
0.86368279	-0.21295080	0.11865105	0.99857165	-0.44227718	-0.25738536
0.73162231	-0.30449272	0.16852203	1.18050168	-0.70362275	-0.28237798
0.80752458	-0.22383383	0.00227017	0.97446356	-0.57738831	-0.12511470
0.79354420	-0.20125964	0.02836800	1.39916356	-0.54279577	-0.26810660
0.85510502	-0.21652853	-0.06106506	1.28720009	-0.55142842	-0.02915723
0.95805696	-0.04900258	-0.06129130	1.11932395	-0.51596140	0.03241534
1.06821277	0.07141571	0.01448609	0.80356785	-0.45531775	0.02133710
1.01136537	-0.09569728	0.00382639	1.09359327	-0.44896990	-0.26993439
0.93438897	0.00646324	0.04836405	0.66787645	-0.14459145	-0.02187280
1.04191358	0.29138592	-0.02220064	0.79928419	-0.29251137	-0.00849007
0.92439958	0.04124203	-0.00320166	0.25057372	-0.18588832	0.17943780
0.98471894	0.08285871	-0.02607063	0.51901303	-0.00619851	0.15004010
0.96913630	0.01274548	0.10374561	0.35604535	-0.32853799	0.48780651
0.92038188	-0.02291084	0.00988092	0.80068284	-0.20169690	0.43946537
0.97814080	-0.07214570	0.03052905	0.72389356	-0.06097987	0.32509701
1.08680882	-0.10985015	0.08372055	0.97846645	-0.33426941	0.19331091
1.08145614	0.03292981	0.06266501	1.10199973	-0.48515782	-0.04875122
1.14762233	-0.09524259	0.06128739	0.82211685	-0.31399005	-0.12700782
1.09462074	0.16283653	-0.05643477	0.72894716	-0.32120823	-0.12604677
1.12158280	0.11411280	0.08910319	0.87489360	-0.40531399	0.05814350
1.08884875	0.23090619	0.11371987	0.38255630	-0.27346724	0.06444809
1.06890215	0.16087464	0.07213352	-0.03634862	-0.08609634	0.00869527
1.30074268	0.07524204	0.03039694	0.09840270	-0.11572657	-0.01097418
1.26640069	0.06757402	-0.14415923	-0.36264316	0.14615730	-0.12590969
1.11286844	-0.23754319	-0.12660480	-0.85975730	-0.03572183	-0.16122704
1.14762398	-0.11465396	-0.25074589	-0.84570191	0.45889911	-0.09089836
1.10540584	-0.24388629	-0.13593388	-0.78383321	0.73000477	-0.22403764
1.02418285	-0.43375887	0.03662780	-0.36296117	0.58202879	-0.34090192
1.08814846	-0.37083280	0.18530602	-0.25665145	0.60819620	-0.16169368
1.16081201	-0.20498980	0.28191766	-0.01589290	0.49066475	-0.16155589
1.09181398	-0.20521378	0.12497928	0.18740226	0.43756495	0.05473696
0.99935611	-0.03663577	0.12176758	-0.20826482	0.57724694	0.23589415
1.07711400	-0.05152936	0.04513766	-0.59711802	0.31031334	0.17749427
1.00502223	0.00595601	0.06894247	-0.60631371	0.35521956	0.22897220
0.94382811	-0.16199338	0.09397244	-0.87325700	0.39904280	0.36248966
0.94572590	-0.06671970	0.06808134	-0.85135002	0.34124969	0.22639753
0.74552771	-0.17414196	0.10397616	-1.04964273	0.41232183	0.25369875
0.72754861	-0.22667660	0.09218538	-0.59372970	0.02894833	0.19833024
0.81842890	-0.12806969	0.18645564	-0.36425979	0.38528304	0.13203024
0.77229350	-0.25603495	0.20057207	-0.21284360	0.29637483	0.35694132
0.87679453	-0.33314208	0.14208026	-0.31721953	-0.14615062	0.19039199
0.87051564	-0.20361710	0.14182459	-0.43616245	0.06759802	0.08088909
0.87808923	-0.14158354	0.23354155	0.02069734	-0.31083167	-0.10372966
0.89747881	-0.03959850	0.17048845	-0.37415899	-0.21549849	0.00069016
0.94178529	-0.00709031	0.23069286	0.49118141	0.12095651	-0.00697492
0.89206707	-0.20856324	0.30088303	-0.10453426	-0.35299321	0.08932498
1.02512903	0.07478675	0.25637542	-0.36952764	-0.12600982	0.12546669
1.07707152	0.00621578	0.18128374	-0.69822255	-0.15601466	0.21535055
1.11663271	-0.02121481	0.17275002	-0.46719549	-0.08466535	0.17623743
1.15524766	-0.07263895	0.18268889	-0.37381896	-0.19739900	0.09902030
1.19698861	-0.04395070	0.20706767	-0.36845109	-0.18812074	-0.13358473
1.15212552	0.00434437	0.19457849	-1.01211062	0.13192141	-0.38112696
1.19199996	0.02370856	0.23126104	-0.51804180	0.08813237	-0.32254968
1.19059338	-0.14753599	0.20068534	-0.63251518	0.33776510	-0.22199152
1.19311892	-0.30360580	0.14710243	-0.24667673	0.43257680	-0.02205077
1.24590056	-0.51619771	-0.01425194	-0.12185968	0.22259980	0.11317889
1.21711780	-0.42421132	0.08694995	0.63316391	0.15186042	0.10312572
0.92914013	-0.55378139	0.03033412	0.39977144	0.39671994	-0.20768098
0.79686348	-0.43815825	0.06490528	0.40501987	0.13554313	-0.37959853
0.90724519	-0.18879023	0.07621750	0.25765448	-0.08837937	-0.30231384
1.02085531	-0.33222124	-0.09931800	-0.09955020	-0.42037502	-0.32940570
1.16924942	-0.19754579	-0.20547697	-0.03914759	-0.69000086	0.11950961
1.06242193	-0.12875556	-0.11309046	-0.40692044	-0.33116673	0.07071260
0.93824554	-0.25853138	-0.05788927	-0.37609799	-0.16462157	-0.01224906
0.88412614	-0.23498758	0.12069067	0.72995633	-0.29778605	-0.13853147
0.79467525	-0.24834035	0.16634235	1.11075972	-0.42884275	-0.20198396
0.87648332	-0.31760061	0.02484545	1.17398698	-0.50077265	-0.44644962
0.92501213	-0.03623677	-0.07230283	1.01649933	-0.79836899	-0.22389999
0.89086936	-0.00515180	-0.00043479	1.32030107	-0.88539433	-0.17199136
1.00215920	-0.08881657	-0.05543095	1.33493279	-0.78056805	-0.02277669
1.03597903	-0.04709302	-0.06424323	0.81994102	-0.37875033	0.11724359
1.04857893	-0.08356539	0.01594506	0.68674657	-0.27500384	-0.03086823
0.95789262	-0.14081537	-0.07055857	0.71458155	-0.37914815	0.08436973
1.03027573	0.11053214	0.07648175	0.53970142	-0.27624661	-0.05456379
0.97366702	0.06472584	0.02434422	0.71041691	-0.01905460	0.07536337
0.98110551	0.15098914	0.12040276	0.27328852	0.09875693	0.21829175
0.98550382	0.03512348	0.04249053	-0.02875942	-0.18176841	0.31077559
1.03707997	-0.05051757	0.04378329	0.65655889	0.03238978	0.37103930
0.96086511	0.08583552	0.09049078	0.57905251	-0.02707904	0.43398782
0.99607648	-0.14231736	0.16566399	0.83777743	-0.10344233	0.42296518
