1.14612618	-0.16337289	0.12519577	0.63008229	0.02359564	0.25277126
1.06974415	-0.12772010	0.11140408	0.95999823	-0.19666689	-0.02191673
1.01188213	0.07479591	0.11577775	0.96648362	-0.19323283	-0.25754593
1.06135848	0.08678098	0.08868236	0.56577264	-0.34259589	-0.07733958
1.09812190	0.29373209	0.03134397	0.43441307	-0.48822928	-0.09817100
1.14225853	0.24563198	0.08395430	0.19954942	-0.23109474	-0.14880641
1.18676800	-0.02902757	0.09964290	0.03668013	-0.13977757	-0.25764192
1.35321034	0.02080921	0.12893764	-0.45741618	-0.16738629	-0.18650229
1.23725412	-0.00740560	-0.12082828	-0.88081997	0.25364428	-0.17930591
1.10926385	-0.09437101	-0.05734854	-1.00960142	-0.01947975	-0.10157462
1.12702841	-0.11351785	-0.24079693	-0.80088887	0.40052235	-0.21308257
1.07848219	-0.35689240	-0.17022641	-0.68280133	0.65758777	-0.24877716
1.06035547	-0.47564468	0.06358864	-0.50239005	0.41333600	-0.18707146
1.24454176	-0.36552906	0.07908931	0.03341451	0.39313094	-0.02112146
1.26021194	-0.31514972	0.13732945	0.09333598	0.34963757	-0.01910425
1.15702411	-0.30732993	0.04583813	-0.24111770	0.38863114	0.08820449
0.99260942	-0.16675350	0.05828617	-0.25146624	0.45454802	0.20506779
0.93245075	0.08780979	0.03916341	-0.48358050	0.41666179	0.23910742
0.92462896	-0.09065627	0.06440897	-0.85355794	0.12734804	0.39388368
0.80628860	-0.19079370	0.00258990	-0.71451975	0.34335879	0.27724993
0.78833608	-0.12840352	-0.03674380	-0.55547916	0.33740224	0.44874630
0.78461977	-0.17933230	0.13970828	-1.06717238	0.13843128	0.28983125
0.81785017	-0.13105008	0.15991310	-0.67497956	0.48576939	0.28009289
0.80094093	-0.20957397	0.18232124	-0.34880627	0.22060861	0.21177513
0.91983841	-0.23409840	0.25112547	0.25645046	0.12887865	0.20165669
0.79125785	-0.26301405	0.21061689	0.06271654	-0.21425237	0.02890874
0.90900567	-0.10063139	0.24325909	0.09731966	-0.11930544	0.09097553
0.94181592	0.06506599	0.13668406	-0.09015969	-0.25536843	0.11197506
0.95755217	0.07771362	0.22549396	0.00390145	-0.10084638	0.03065096
0.83991663	0.04067398	0.28246032	-0.12855712	-0.00417086	0.00309246
0.97987590	0.20259004	0.18457694	-0.31367152	0.16015168	-0.01030783
1.11801379	-0.04660872	0.24489637	-0.40105688	-0.03608619	0.13201156
1.11816006	-0.00445327	0.26573006	-0.73365711	0.01008397	0.09800889
1.11824814	-0.28252382	0.26465194	-0.38285308	0.13650711	0.19499744
1.13484281	-0.16002720	0.29064511	-0.40095338	-0.00835430	-0.04527045
1.10485895	-0.11309639	0.24630672	-0.15039257	0.11759647	-0.16047978
1.21978746	-0.18744084	0.33543544	-0.60776904	0.24080186	-0.28598747
1.14832425	-0.14233887	0.29418553	-0.71986379	0.38675088	-0.08725978
1.19875491	-0.23677257	0.23241567	-0.70670301	0.36683856	0.04916350
1.16967134	-0.37443176	0.13086466	-0.39592439	0.06222432	0.08084070
1.25754280	-0.34179024	0.13936738	-0.19549296	0.27118908	0.13580041
1.13569798	-0.38135895	0.09017076	0.21256364	0.01826938	-0.11002386
1.01450937	-0.49407926	-0.04374221	0.28190033	0.23422187	-0.23384510
0.80332559	-0.30532358	0.03184247	0.44591108	-0.20855278	-0.18994041
0.76135187	-0.28307428	-0.13579106	0.33113151	-0.36569198	-0.06429787
0.93511161	0.03729643	-0.11397530	-0.21160290	-0.40690240	0.10966106
0.97702357	-0.08850374	-0.22350903	-0.16359322	-0.05848064	0.06286525
1.07696835	-0.18268477	-0.10735402	-0.16795415	-0.14351717	0.19985596
0.93082248	-0.36301999	0.04157225	0.10193623	-0.17156262	0.09616276
0.92828558	-0.21844754	0.06811957	0.01294135	-0.31311619	-0.18874767
0.89485415	-0.29010142	0.02516033	0.53620980	-0.61550170	-0.18785417
1.03232237	-0.12820926	0.09375366	0.78609266	-0.50543392	-0.14288261
0.97705629	-0.05281758	0.03539933	0.83945351	-0.28891674	-0.08305432
1.01668070	0.08258614	0.03078177	0.98080357	-0.58094362	0.02716066
0.90335258	0.02110142	-0.05560828	0.91802220	-0.43257236	0.06017323
0.99445208	0.05889060	-0.06312247	0.44385577	-0.36255038	0.11330862
0.97304702	0.15333709	0.06993638	0.62322754	-0.24480431	-0.04856338
1.03617391	-0.04446100	0.06179121	0.20864736	-0.15931610	0.06191076
1.01978335	-0.10385774	0.03099642	0.24686544	-0.09083803	0.10063997
0.94912229	0.09679328	0.07380047	0.48308840	-0.10492786	-0.12404959
1.04641807	0.12296129	0.01215735	0.29874642	0.09135303	0.20267725
0.82431627	0.18004425	0.04787558	0.35402654	0.26676295	0.29226863
0.99778632	0.01871898	0.02961948	0.38208237	0.12809130	0.39096470
1.04255683	0.09375039	-0.01752316	0.25000796	-0.07854911	0.36340341
1.04718821	0.04233501	0.04304771	0.00375801	0.06686324	0.27018332
1.05220201	-0.02349816	0.05483891	0.51451473	-0.08190964	0.33402937
1.03557522	-0.04701808	0.03166982	0.36385906	-0.20006326	0.19178782
1.08244565	-0.06962248	0.05972834	0.19304074	-0.29627127	-0.01341552
1.17643911	-0.17368413	0.05807962	0.60373224	-0.07973635	-0.25842120
1.10720162	0.03839496	0.12413847	0.49037836	-0.33301616	-0.00722661
1.15818319	-0.03384066	-0.03398824	0.59566508	-0.14861201	-0.18531062
1.25420003	-0.08769474	-0.02931258	0.11916417	-0.06107047	-0.26549945
1.26035476	0.04681367	-0.03372436	-0.34739587	-0.08485481	-0.21857612
1.17535862	-0.00106125	-0.06998970	-0.76870623	0.07835855	-0.30651773
1.14572981	-0.00610159	-0.09889945	-0.65113947	0.07835386	-0.40817608
1.04571067	-0.13950139	-0.14740186	-0.91552211	0.03013027	-0.10177122
0.97783340	-0.39566359	-0.09459006	-1.04667431	0.42733428	-0.21688253
1.01173084	-0.50472229	0.12849423	-0.65850941	0.29687315	-0.19701474
0.98680797	-0.38428988	0.19437146	-0.28380459	0.39348814	-0.13053656
1.06307207	-0.38026774	0.12115792	0.02829503	0.27249346	-0.06053841
1.02814984	-0.18658306	0.00949665	-0.31241201	0.52012392	0.06810763
0.92933983	-0.04923559	0.08001601	-0.50608809	0.11061613	0.01229645
1.01729211	-0.13217308	0.01494908	-0.35424539	0.35005823	-0.01546513
1.05997067	-0.12598955	0.10678783	-1.09991245	0.47048602	0.04549628
1.01150029	-0.06952052	-0.01155802	-1.06442268	0.58675959	0.15382716
0.89984216	-0.15997207	0.08282117	-0.77324705	0.62550086	0.22534905
0.94016830	-0.24468390	0.09030172	-0.88163436	0.60220747	0.24127677
0.86301598	-0.10607790	0.19748143	-0.84464251	0.23028491	0.23329911
0.80008805	-0.10900555	0.19845990	-0.67156201	0.23280876	0.34799111
0.90010196	-0.26922801	0.23106453	-0.38068766	0.08360065	0.23975125
0.80472378	-0.19628417	0.14550309	0.01194477	0.07554644	0.23085254
0.76845265	-0.20207380	0.12263631	-0.16160844	0.00453372	0.26458241
0.76767232	-0.22550066	0.19392716	-0.13368071	-0.00071591	0.11798436
0.93810475	-0.15838185	0.12001316	-0.08209758	-0.34967329	0.12008373
0.84725262	-0.10815247	0.03664037	-0.19979908	-0.26015968	0.03828416
0.84438924	-0.02462385	0.15662965	-0.47053723	-0.30272638	0.09144131
0.84306589	0.04736038	0.21475295	0.07623631	-0.15231081	0.00748394
1.05946921	-0.07103344	0.20898520	0.23153112	-0.36093207	0.02395067
0.97203133	-0.04530302	0.05625299	0.14470708	-0.05464949	0.12287233
1.06065851	-0.17053199	0.18964847	0.01797834	-0.14736803	-0.00092388
1.11269428	-0.17903499	0.12641056	-0.43305279	0.11253836	0.09948119
1.10455997	-0.14215345	0.18445847	-0.03395565	-0.02766134	-0.10581286
1.15230849	0.02315305	0.22582261	-0.23356817	0.06410716	-0.15066504
1.24498085	0.02040809	0.18221922	-0.15722548	0.25543052	-0.23537625
1.23491480	0.08237781	0.21417106	-0.50148293	0.30826659	-0.19063918
1.30042886	-0.07873910	0.19114673	-0.62610753	0.39044909	0.03637922
1.33117656	-0.27809847	0.17660170	-0.38284113	0.08361801	0.18958827
1.19700328	-0.28796291	0.10091835	-0.23718909	0.20277879	0.08920846
1.19118139	-0.46079695	0.11174990	0.13004669	0.28546545	-0.03408797
1.11555285	-0.43379717	0.14982223	-0.06496276	0.17694570	-0.16964574
0.96007925	-0.46190378	-0.00642651	0.44739258	0.00859758	-0.36003533
0.86992229	-0.27838342	0.01219899	0.42955362	-0.42555911	-0.28335505
0.85327875	-0.30407239	-0.04489417	0.13774206	-0.65664342	-0.17401283
0.93947118	-0.16090956	-0.23342231	0.01143858	-0.39848489	0.07983587
0.99980085	-0.24699687	-0.09742115	-0.46843232	0.01698187	0.18756089
1.04122465	-0.14775673	0.07751376	0.16513945	-0.14834840	0.02962034
0.96638185	-0.46391107	0.08667347	0.17332279	-0.11011906	-0.11369290
0.91244748	-0.38733487	-0.00422751	0.23361931	-0.17918442	-0.16839139
0.85315198	-0.20213804	0.06655031	0.38616769	-0.35456870	-0.27004638
0.92889485	-0.16789086	0.01782728	0.58346731	-0.35384897	-0.33440218
1.05367734	-0.13291877	0.00941694	0.53516754	-0.25053334	-0.11489409
0.99813346	0.02775623	-0.06519807	0.25456608	-0.35201750	-0.10078745
0.95010522	-0.01323316	-0.02693155	0.31809818	-0.57580381	0.08510729
0.98108455	-0.11475330	-0.01778431	0.30536615	-0.35899231	0.03733998
0.95682044	0.01062307	0.04415160	0.04224599	-0.50159272	0.09921296
1.05102040	-0.14128313	-0.12276141	0.12918470	-0.26550254	0.02057919
1.03981234	0.01818467	-0.06286767	0.17349480	-0.11885677	0.01246944
0.93439260	-0.07894594	-0.07825296	-0.00917989	0.14008375	-0.00663662
