0.90873516	-0.10370112	0.03685439	-0.72484439	-0.16174596	0.19084294
0.97470581	-0.03958544	-0.07419068	-0.17975698	0.35633057	0.24918356
1.10534488	-0.11312310	0.02536856	-0.32439792	0.53885567	0.26612001
1.01703986	-0.03657751	0.10693834	-0.03054088	0.40605118	0.07777566
0.85250416	-0.17214577	0.04408208	-0.72723211	0.27997651	0.08751340
0.89642425	-0.27636255	0.21035379	-0.33669704	0.27736459	0.11804325
0.74923173	-0.10448135	0.11747008	0.05974641	0.31424062	0.20856411
0.87626911	-0.24597810	0.06993305	0.22154034	0.09656000	0.29272333
0.89393585	-0.17515391	0.14917250	-0.23913933	0.05427899	0.11855485
0.85906059	-0.24709126	0.15732715	-0.18489758	0.25291645	0.14549621
0.86907884	-0.14752338	0.26254754	0.24432381	-0.29701851	0.03035324
0.81465318	-0.04885344	0.14179936	0.17130595	-0.30707622	0.16139131
0.86501044	-0.10481781	0.22730731	0.09817478	-0.26231306	0.16334592
0.80515577	-0.06463368	0.25068568	0.18260697	-0.14428783	0.04758064
0.91347619	-0.00741495	0.13983350	-0.13379313	0.03420561	0.07820593
0.92241776	0.01564962	0.20751648	-0.21166558	-0.11004912	0.02336555
1.00453408	0.06198137	0.17633524	-0.20432068	0.00135990	0.08187890
1.14148707	0.02097273	0.14430021	-0.17911386	-0.24545714	0.07627573
1.16089106	-0.09151543	0.15346659	-0.30667099	-0.22680241	0.03643646
1.31057367	-0.01327295	0.25127475	-0.21515219	0.10516176	-0.12152018
1.21038145	-0.06324203	0.27394678	-0.17539367	-0.10858753	-0.20530677
1.25802546	0.04328100	0.15527490	-0.59833397	0.16616724	-0.07168641
1.29001931	0.17752683	0.24565588	-0.76805033	0.26954877	0.07642652
1.09703518	-0.01950452	0.09250961	-0.55099547	0.11441093	0.33302343
1.22165780	-0.32782460	0.08152040	-0.08087688	-0.20006988	0.32205666
1.22036773	-0.63694563	0.08521791	0.15423449	0.27244953	0.14690215
1.00909629	-0.58803008	0.11705957	0.65404307	0.83979128	-0.19045114
0.85249726	-0.60564254	0.06068362	0.76420544	0.13692954	-0.25191197
0.77875627	-0.41996709	0.07829259	0.32385005	-0.02783398	-0.25545790
0.95681744	-0.40747649	0.11296955	0.75424722	-0.64334841	-0.24044763
1.05736556	-0.39321249	-0.12347763	0.35082350	-0.32449277	0.13102089
1.02697621	-0.28636855	-0.07757888	0.06388780	-0.09455629	0.05352930
0.96239916	-0.31306914	0.02313329	0.22588305	-0.05910151	-0.00204355
0.85284158	-0.44232935	0.17564645	0.71617922	-0.23754899	-0.07646283
0.81004874	-0.30841119	0.09243770	0.84998276	-0.68303705	-0.25144250
0.83880056	-0.07457256	-0.03186054	0.93798087	-0.48606242	-0.02499807
0.88901407	-0.16780896	-0.03482725	1.56140300	-0.70574723	-0.14612533
0.88023805	-0.04331163	-0.04981572	0.94841225	-0.60969521	0.00811075
1.00826522	-0.03315764	-0.00285790	1.01708929	-0.49223896	-0.11083786
0.91183006	-0.07408694	0.02986773	0.98191223	-0.50651694	-0.16362850
1.03995849	-0.07209862	0.14483203	0.92474149	-0.23041750	-0.08928499
1.02639337	-0.01738026	-0.07703015	1.07894263	-0.24901260	-0.24727426
1.02745924	-0.07252616	0.06424700	0.46797699	-0.34308829	-0.09530465
0.96281219	0.13130998	0.09571239	0.59306302	-0.10963077	0.02089903
1.05021456	0.00073394	-0.01605138	0.49035591	0.01652797	0.00282954
0.96390659	0.02678000	-0.08445025	0.23336145	0.10537586	0.31259610
0.98625958	-0.02074099	-0.02823259	0.33207061	0.20036714	0.54671751
0.91998372	-0.02982933	-0.01803966	0.21438039	0.13006114	0.41955303
0.98260049	-0.04655782	-0.00782912	0.02155951	0.06544932	0.35176393
1.04185745	-0.04159338	0.15282412	0.79748638	-0.07187608	0.05013877
1.01968746	-0.17121474	0.14670234	0.28054461	-0.15309387	0.01379069
1.04875390	0.13005634	0.16944894	0.20524350	-0.14085979	-0.38569836
1.11205667	0.11796553	0.13674519	1.21388486	-0.37757734	-0.08353479
1.04435073	-0.09921785	0.09808147	0.70625365	-0.29664739	-0.04236548
1.16474823	0.13328561	0.06327189	0.05704196	-0.34220690	-0.06700143
1.29219808	-0.00401592	0.11912742	-0.60855146	-0.32658883	-0.24241747
1.24005149	0.02555771	-0.01196489	-0.48849460	-0.42030588	-0.31431471
1.11899137	-0.28005626	-0.19313087	-0.38731737	-0.15811427	-0.21208339
1.21213254	-0.21579273	-0.17668804	-0.66162204	0.37461905	-0.15650268
1.23844588	-0.49145012	-0.12279250	-0.40548420	0.54790937	-0.14684897
1.05960757	-0.21811417	0.04049758	-0.52143394	0.79076116	-0.03486131
1.02492238	-0.46928893	0.19135202	0.06344308	0.63482328	-0.11219256
1.00383071	-0.16891077	0.22841961	-0.49564434	0.47463059	-0.14431967
0.94523746	-0.07574598	0.07449621	0.06813769	0.33512605	0.18833574
0.94466999	-0.05442230	0.08356359	-0.15296551	0.40710729	0.29863738
0.91715077	-0.07516525	0.03376238	-0.38294621	0.52434434	0.20424502
0.99643044	-0.19156222	0.03342980	-0.53107829	0.36054548	0.28351506
0.99151415	-0.30803545	0.02389218	-0.52052533	0.65862968	0.21609176
0.90101315	-0.31410388	0.06060173	-0.19505113	0.47886841	-0.10000913
0.81347552	-0.15116366	0.17574048	-0.58072875	0.42945794	0.11491693
0.82489713	-0.26331863	0.12205172	-0.56794083	0.26380810	0.03463325
0.85649344	-0.15952620	0.17494521	0.08350425	0.31773853	-0.03443983
0.88848865	-0.24309405	0.09226946	-0.44343572	0.27572581	-0.10147565
0.84627060	-0.19423850	0.15862589	-0.21607579	0.15822686	-0.11353429
0.95270660	-0.25398668	0.17078091	-0.52605723	0.23556507	0.21967607
0.79330711	-0.11641483	0.17863511	-0.12987214	0.09375899	0.09494955
0.81650576	-0.17439493	0.19437041	-0.39091151	-0.25188933	0.06333102
0.92868618	0.09432507	0.17065973	-0.00119679	-0.23516259	0.18929637
0.97982692	-0.07259671	0.25395853	-0.35392405	-0.31133922	0.12104245
1.00713720	0.14718053	0.12104909	-0.25893453	-0.00810956	0.05349388
1.02839908	0.00517037	0.21800753	-0.65438312	-0.03180573	0.00589651
1.07115382	-0.04788168	0.15216843	-0.14927081	-0.00869927	-0.01741914
1.01146532	-0.32703818	0.15903991	-0.38726036	-0.11262184	-0.03697072
1.10038516	-0.13105602	0.18009071	0.09977421	-0.00203429	-0.21105180
1.09325724	0.01757838	0.31194553	-0.48806129	-0.16143107	-0.09660813
1.18932183	0.14380434	0.22304309	-0.55105480	-0.11461507	-0.22474804
1.18315402	-0.10644865	0.04172034	-0.24753248	0.37598384	0.08315388
1.23686082	-0.12290159	0.10623981	-0.45341479	0.40683357	0.10175096
1.30110156	-0.24733447	0.10263567	0.05858581	0.34544819	0.23133070
1.25352980	-0.59913530	0.08232193	0.28153751	0.03898538	0.11543166
1.21587629	-0.53450192	0.18649135	0.37351560	0.50451347	-0.10146835
0.95336316	-0.38489079	0.01416650	0.64427662	0.29435069	-0.44187862
0.73008642	-0.20020638	-0.03928150	0.61333581	0.13054299	-0.47060779
0.93513406	-0.03622460	0.02617490	-0.08575412	-0.09648290	-0.19006085
1.01225558	-0.21886828	0.01864755	-0.57385840	-0.34189704	0.02614423
1.09389361	-0.16393314	-0.13624378	-0.43315183	-0.54586693	0.05760665
1.07526270	-0.29723932	-0.06625106	-0.11362172	0.00073112	0.10272204
0.97008647	-0.46562580	0.04531677	-0.37683091	-0.19443078	-0.04725932
0.86580171	-0.42350323	0.13604960	0.45797219	-0.17994858	-0.26020168
0.85409577	-0.42187160	0.03140616	0.90384470	-0.38052689	-0.55905968
0.82780452	-0.12051159	0.06222679	1.29034396	-0.58800940	-0.46992270
0.92468380	0.00214339	0.05325864	0.93909633	-0.75688152	-0.23341114
0.92167180	-0.07341826	-0.02423387	0.57673353	-0.56952668	-0.01241644
0.94867996	-0.12247782	-0.06192540	0.84891228	-0.18360823	0.11131179
0.96356680	0.00390534	-0.01476032	0.87757156	-0.32655496	0.22202996
0.97905043	-0.06379358	-0.01422792	1.16028244	-0.18947595	0.03062119
1.08784463	-0.09885854	-0.02724062	0.30387401	-0.28417273	0.06452545
0.84880134	0.01973942	0.00958305	0.42668848	-0.00006944	0.02552772
0.97481574	-0.06869223	0.04931428	0.26880482	-0.00581288	-0.00758356
0.99340018	0.01833100	0.12562121	0.10421350	0.21676634	0.18017922
1.02443157	-0.07922500	0.06837818	0.38725702	0.29221586	0.26031293
1.02258933	0.14750808	0.08199474	0.22245407	-0.19592618	0.30105547
0.89597474	-0.06074652	0.04100269	0.60966598	-0.01925578	0.39456955
1.00585875	0.01808280	0.09839439	0.71986084	-0.10275553	0.19154067
1.00776280	0.00150315	0.19223952	0.43285216	0.04373527	0.38575206
1.01285183	-0.13133743	0.03147446	0.47466752	-0.09557626	0.13404504
1.11380475	-0.09154902	0.05195374	0.72471411	-0.00908133	-0.05972268
1.15631750	-0.01117313	0.00489345	0.46717572	-0.33446144	-0.10467574
1.14516577	0.05819172	0.09776072	0.35075637	-0.36668188	-0.26478162
1.11785224	0.17347014	-0.00626608	0.24394322	-0.23036456	-0.21724213
1.19144428	0.16062744	0.09370598	-0.21367083	0.02526626	-0.14240522
1.05246062	0.05393057	0.01425824	-0.34310721	0.00830072	-0.23016638
1.27396731	0.05305807	-0.01585168	-0.88326945	-0.11494384	-0.24076151
1.28388447	0.04603625	-0.11706006	-1.09164467	0.05947261	-0.19873516
1.18277060	0.04327421	-0.10763999	-1.32729784	-0.00839246	-0.05264772
1.06935427	-0.27012931	-0.17677607	-1.39897791	0.30475229	-0.12314982
0.91482222	-0.45245980	-0.11027505	-1.30503437	0.46106038	-0.33890340
1.09558401	-0.30845396	-0.01572567	-1.02455001	0.36215228	-0.15568960
