1.02317519	-0.22959307	-0.10077406	0.33930098	-0.15164739	-0.18749036
0.95536180	-0.24688482	-0.05429084	-0.19175398	-0.62076030	0.04325189
0.98298689	-0.31192996	0.02121893	0.00703773	-0.52996581	-0.04945250
1.04739151	-0.22794446	0.07375735	0.22597421	-0.31958276	-0.28410604
0.81667610	-0.54251783	0.07590088	0.66444319	-0.61550702	-0.47340653
0.88923953	-0.07768716	0.04610265	0.84319840	-0.48078072	-0.49984064
0.70366773	-0.08158502	0.05229766	0.94838209	-0.56189063	-0.28911352
0.83470375	-0.10518461	0.10678982	1.04480334	-0.64737997	-0.23572700
1.05546180	-0.10728708	0.04557072	1.21341040	-0.63228186	-0.18960727
0.87397667	-0.09705723	-0.06111215	1.42468005	-0.71972643	-0.24843100
0.99842805	0.10722927	0.03127151	1.02178938	-0.53450152	0.05691551
0.99002791	0.09002504	-0.04724861	1.23275235	0.02665964	-0.09404827
1.00773523	0.27150988	-0.01591382	0.81925348	-0.29464377	-0.07485087
0.91451989	0.24531674	-0.00834964	0.47651550	0.09510946	-0.01860295
0.94913658	0.24578922	0.10600250	0.34573286	-0.10345818	0.22720912
1.10944762	0.01888597	0.13601616	-0.29804339	-0.09816990	0.31181402
0.92708538	0.09049292	0.07994478	0.19746148	-0.20677161	0.52491659
0.99669085	-0.04445005	0.09219847	0.32963741	-0.16664600	0.62703875
1.07047205	0.13246828	-0.00811590	1.11129288	-0.52960377	0.61460341
1.12610940	-0.15595999	0.09135814	-0.00892009	-0.09291911	0.16295769
1.09175894	-0.01691074	0.09915066	0.66287913	-0.07485433	-0.08332583
1.14013655	-0.06595979	0.13887050	0.28910240	-0.39897910	-0.27495921
1.07136729	0.00643044	0.23952721	1.09851460	-0.60374952	-0.29614570
1.24984249	-0.10253170	0.07237159	0.01176230	-0.77268102	-0.26963671
1.20250409	0.08928708	0.10620037	-0.13731073	-0.37374897	-0.30355221
1.32751722	-0.01628236	-0.17609258	-0.28070832	-0.12100934	-0.21490797
1.24343806	-0.20607268	-0.08876706	-0.49624713	0.04110288	-0.30671031
1.09145843	-0.12526069	-0.28109730	-0.49274167	0.28519082	-0.15710795
1.20889758	-0.16161645	-0.18729719	-0.60199274	0.70343980	-0.33873995
1.17397066	-0.26180400	0.00243077	-0.50464168	0.15419717	-0.14130353
1.27466897	-0.51650422	0.12971103	-0.38361450	0.15669932	-0.35259300
1.21665359	-0.09279082	0.10282301	-0.20502976	0.11949732	-0.03883459
1.20149990	-0.14391545	0.05688631	-0.25426893	0.37293179	0.16293278
1.01200438	-0.07880288	0.03252207	-0.41274653	0.35750563	0.47938316
0.96401151	0.01789629	0.09733051	-0.87978572	0.44517567	0.18814843
0.93531122	-0.06050092	0.02260003	-1.30075942	0.13899112	0.51248559
0.87319583	-0.06219524	0.00367137	-0.46586710	0.50134922	0.68054756
0.84228679	-0.01047020	0.18251145	-0.79488057	0.22603127	0.40069559
0.70754630	-0.18571575	0.15845185	-0.33665071	0.09426097	0.34129404
0.80866236	-0.09147401	0.22815149	-0.70839991	0.12333895	0.52137931
0.81090724	-0.31169717	0.12499208	-0.66340271	0.24072839	0.35070768
0.85474435	-0.21553594	0.14518850	-0.10167383	0.20332833	0.17468544
0.85214344	-0.24036247	0.11226869	-0.35442475	0.27181710	0.04821224
0.79404388	-0.19567511	0.19454259	-0.18134039	0.17485100	-0.04949503
0.95703654	0.05411823	0.27880266	-0.09041454	-0.03983651	0.00406907
0.95534275	0.09380715	0.22421051	-0.15806017	-0.24959094	-0.08809597
0.83204953	0.05051234	0.27075907	0.27925754	-0.03965485	0.16831864
0.93506184	0.10883473	0.27667472	-0.66155773	0.08108084	-0.32491947
1.07966228	-0.26307729	0.13335722	-0.27526680	0.12622127	-0.00786891
1.08299489	-0.05972074	0.22602656	-0.47942005	-0.21860894	0.07477970
1.10536552	-0.04522135	0.30520297	-0.27345507	-0.01153633	0.01269503
1.14186894	-0.00286502	0.32775101	0.00348048	0.02053917	-0.13348313
1.13779799	-0.06473226	0.29022669	-0.37085077	0.05512163	-0.20455767
1.15711761	-0.06906459	0.16335938	-0.68786253	0.33861958	-0.22372966
1.25593640	-0.19444663	0.18654259	-0.92639733	0.36436277	-0.07491661
1.31038250	-0.49452648	0.17327542	0.18223209	0.43782984	0.19559688
1.40373324	-0.50306380	-0.01485031	0.08171389	0.44063282	0.23790289
1.26156740	-0.55880250	-0.02388338	0.49306998	0.29750920	0.09666419
1.09863360	-0.56292453	-0.03061586	0.74328049	0.90330651	-0.27177710
0.87041981	-0.63411192	-0.04606154	0.89612096	0.32749340	-0.44778562
0.85298951	-0.08506419	0.03967968	0.60195675	-0.26489542	-0.49868939
0.92801149	-0.05948740	-0.09310735	-0.26922450	-0.49233775	-0.28036763
1.04616857	-0.14213122	-0.12423272	-0.17994258	-0.59540527	0.02682903
1.17900655	-0.10247420	-0.12306938	0.14547998	-0.54055456	0.23941047
1.01645540	-0.28935794	-0.02584583	0.64795278	-0.42490953	-0.03098643
0.88266047	-0.30159839	-0.03323833	0.13015012	-0.41374694	0.01092975
0.78784940	-0.38752103	0.01072827	0.85203401	-0.81397372	-0.05140603
0.80758611	-0.24875800	0.14782599	0.56734025	-0.58498444	-0.19481349
0.76411613	-0.16940415	0.07490299	0.46130587	-0.60544986	-0.21508394
0.99055212	-0.03811636	0.01746778	0.47742766	-0.65053665	-0.15059315
1.09205263	-0.05402135	-0.05903302	0.74252016	-0.70279894	0.05620702
1.05458526	-0.09036345	-0.07511733	0.69283616	-0.41789204	-0.01241892
1.05920158	0.02420189	-0.07458510	0.83931374	-0.08969293	-0.01166898
0.99182610	0.05883007	-0.02913866	0.14053556	-0.34634307	-0.03866753
0.86426862	0.03766406	0.00407533	0.66417028	-0.07028238	-0.14433891
0.92745487	-0.00722595	-0.05044760	0.10448355	-0.14136590	0.06913956
0.99149468	0.12095330	-0.00931502	0.54006769	-0.04515787	0.33981129
1.00412715	-0.07438486	0.04210490	0.24511481	-0.33976902	0.36245939
1.03655049	0.03040168	0.05311627	0.45737363	-0.20357766	0.35426144
1.02449789	-0.14856033	0.03504668	0.51276224	0.01609246	0.48956730
1.05318213	-0.02764597	0.03093833	0.72246162	-0.17469469	0.18173987
1.14509114	-0.00930179	0.15230096	0.64956250	0.03308532	0.16519572
1.17136877	0.01546778	0.18275052	-0.01400180	-0.03695956	0.00627119
1.12781298	0.03757432	0.09071733	0.39895961	-0.37011737	-0.20786393
1.12125570	0.11272874	0.15648543	0.52975286	-0.31850985	-0.31732705
1.20111381	0.17448004	0.04304717	0.35016551	-0.35371147	-0.05441084
1.22394675	0.28425403	0.00498787	0.41545107	0.06948346	-0.19225710
1.17628022	-0.20827931	-0.05408067	-0.24268253	-0.16669545	-0.26950248
1.10601042	-0.18601667	-0.20521554	-0.85342734	0.00764035	-0.32805005
1.08216205	-0.18978721	-0.23002580	-1.18762234	0.26045080	-0.17247403
1.02395839	-0.31074470	-0.14098326	-0.62627321	0.51888997	-0.04126353
1.11756520	-0.40078932	-0.01380996	-0.64001659	0.63041797	-0.28349158
1.09953946	-0.58388661	0.11402053	-0.12154985	0.21719557	-0.31746793
1.20957948	-0.37701818	0.11353944	0.12868604	0.10188058	-0.11353508
1.13773387	-0.17716180	0.25421598	0.20070568	0.58098165	-0.12803173
1.01262494	-0.11045472	0.05627049	-0.17457661	0.59789172	0.24741003
0.96026767	0.07629207	0.04330331	-0.09691523	0.47470033	0.35087044
0.91534509	0.01638388	-0.01602753	-0.59671412	0.19705637	0.44845122
0.99069881	0.09213021	0.11586918	-1.33199739	0.88898210	0.33221597
0.87773453	0.07838802	0.05698025	-1.26943450	0.60966206	0.44347618
0.80075035	-0.07200765	0.07934926	-1.06324094	0.39236785	0.28445549
0.84672172	-0.29595354	0.11132825	-0.67199127	0.28470460	0.13146834
0.78158202	-0.12203013	0.08969996	-0.70448257	0.14992809	0.29547221
0.82964794	-0.20347778	0.17707259	-0.68266507	0.09719478	0.13229627
0.85895833	-0.26643062	0.15426410	-0.39981701	-0.15354573	0.00560344
0.91032491	-0.02381993	0.10810332	-0.57612179	-0.12506721	0.10454751
0.85885013	-0.22519499	0.14426032	-0.13831905	0.14999804	-0.13155042
0.73983118	-0.21537007	0.20217568	-0.07507786	-0.18549328	-0.08162449
0.95506623	0.07398911	0.17939888	-0.28025120	-0.02837330	-0.14744086
0.92135830	-0.01980124	0.12034492	-0.64623224	0.25298426	0.08428917
1.03014310	-0.19982359	0.17348038	-0.23112905	0.06892539	-0.12281073
1.02121819	-0.18156486	0.15045261	-0.64839316	-0.38796612	0.06349681
1.11635318	-0.18374101	0.09615432	0.01655781	-0.12873801	-0.01124135
1.14085872	0.00038934	0.10021967	-0.22471875	-0.25111488	-0.18581637
1.14730983	-0.05725371	0.32485426	-0.31106423	-0.13984504	-0.11535416
1.16046313	-0.10187209	0.19043849	-0.38431316	-0.08245708	-0.04878871
1.22563088	0.10862118	0.19740600	-0.66238998	0.47635133	-0.19759641
1.35135930	0.03398885	0.18154400	-0.52114035	0.17341940	0.10013717
1.20755870	-0.18945857	0.02532863	-0.62098435	0.25141693	0.12163300
1.21728116	-0.45411592	0.19966287	0.32079811	0.24337392	0.02894478
1.15635047	-0.48422590	0.04642482	-0.00819765	0.49936048	-0.11666320
0.92368831	-0.58578895	0.10968832	-0.09346071	0.54008974	-0.30895658
0.83315057	-0.39300955	0.03397320	0.06938922	0.26395518	-0.49686634
0.88763351	-0.18384925	0.02063210	0.43923511	-0.02356505	-0.20654881
0.94359068	-0.20674161	-0.19789142	-0.28495481	-0.40026188	-0.01283809
1.00641043	-0.17168458	-0.14327264	-0.01141861	-0.47274946	0.08599903
1.09846855	-0.10063929	-0.20762116	0.21511747	0.02982224	0.04817361
1.07866683	-0.41346095	-0.09178038	-0.30260915	-0.16659811	-0.27178621
