0.74192599	-0.00435453	0.05544907	0.13061307	-0.31817436	0.25742239
0.80388973	-0.01300176	0.03337230	-0.51261898	-0.09233107	0.21002161
0.74127347	0.04915266	0.01378549	0.03151815	0.37775081	0.28838930
0.82750183	0.03217715	-0.07421165	-0.09298736	0.23830797	0.18165282
0.80036022	-0.00234577	-0.04935805	-0.04978763	0.50684086	0.21157481
0.76843638	0.01119465	0.02781590	0.29118297	0.84542898	0.00558640
0.74366191	-0.03858700	0.05865507	-0.02448655	0.64295872	-0.08925807
0.81161527	-0.02526284	0.10236454	0.00034192	0.74594683	0.13122725
0.73047819	0.12188290	-0.01181533	-0.32319895	0.49415079	-0.19060175
0.62012396	0.15870187	0.11181746	0.29738027	0.56680695	0.03615272
0.90322413	0.01824105	0.08185328	-0.33037189	0.54436277	-0.33921485
0.79257957	-0.02792126	0.08930016	-0.51532347	0.12939546	0.00787728
0.91328395	-0.00874648	0.09800580	0.00281916	0.22319875	0.04010166
0.80340081	-0.04255945	0.10695224	0.04393042	0.21632164	0.15476471
0.80999653	0.00911849	0.01280863	-0.40513313	0.14901378	-0.10994785
1.11466829	-0.04304507	0.07515649	-0.24069949	0.14706245	-0.24115042
1.10795258	-0.22290599	0.08907374	-0.19427448	0.19926171	-0.25467768
1.29279673	-0.13275158	0.05370073	-0.54339066	0.26585438	-0.47425170
1.35465020	-0.36686508	0.05817979	-0.07479751	-0.24587656	-0.42161265
1.34525751	-0.18071783	0.08199501	0.03980163	0.15247021	-0.17297413
1.55296238	-0.26066856	0.25326866	0.04354936	0.17967760	-0.12650449
1.43822093	-0.43372309	0.37890653	0.47262128	0.38365333	-0.20293689
1.42273704	-0.53514895	0.34062494	1.02083733	0.16308674	-0.07101344
1.34346482	-0.40665571	0.25005088	1.82477886	-0.00510830	-0.25332040
1.42558733	-0.21752920	0.35703776	2.12624214	0.40741238	-0.02964939
1.34563279	0.12384557	0.26434849	1.31784602	0.17838976	0.00116932
1.20024532	0.09926865	0.19751531	1.11415584	-0.01599974	0.31838507
1.12299497	0.11282549	0.22102890	0.63323105	0.06743294	0.38508045
0.79739402	0.12984783	0.20053051	0.12294926	-0.06614533	0.70879554
0.88383961	-0.12298070	0.19687800	0.00836735	-0.34381343	0.68384527
0.75298232	-0.09217021	0.25838874	0.14189016	-0.40046222	0.61818093
0.43724960	-0.21467406	0.24990890	0.81499468	-0.04460556	0.14899217
0.61357401	-0.16743256	0.19278468	0.80064922	-0.25775495	0.09091522
0.78638527	-0.13322700	0.23625169	1.23125150	-0.46984650	0.15105749
0.78353154	-0.09431841	0.22298224	0.65019917	-0.38086296	-0.16041233
0.92230486	-0.02019264	0.22045452	0.36590122	-0.12829138	-0.51825390
0.69785482	-0.03029605	0.12994398	-0.28063807	-0.57505841	-0.30642277
0.79757723	-0.00325102	0.20091730	0.78524062	-0.47676586	-0.44620714
0.65938051	-0.08742222	0.15900669	0.48123081	-0.50664702	-0.42939329
0.86463468	-0.10817074	0.22355584	0.58216372	-0.61976824	0.21622490
1.02996268	-0.05844222	0.21802077	0.75105630	-0.65706113	0.02961449
0.83093770	0.06515887	0.04088857	0.70606154	-0.53223023	0.37904234
1.03061940	0.00901558	0.04964967	0.55841696	-0.27543641	-0.02167161
1.12958310	0.03714219	0.18131006	0.76332421	-0.55142362	-0.11340795
1.15981562	0.04654365	0.13909073	0.46573449	-0.15114280	-0.08234252
1.00648014	-0.03955789	0.20665361	-0.00612293	-0.44340200	-0.21951998
1.11542717	-0.06796623	0.07565067	-0.15663363	0.02352519	-0.19916991
1.37074715	-0.12521619	0.12739544	0.03515985	-0.28212605	0.10490477
1.21064760	-0.23193169	0.10014841	0.22859476	0.05718897	-0.00218786
1.23160552	-0.28753449	0.01700782	0.27116433	-0.16878727	0.03017970
0.95452857	-0.32183464	0.03334013	0.57841541	0.03879795	-0.09482799
1.11014243	-0.08436969	-0.07539338	0.26808735	0.09622881	0.03700793
1.29170370	0.07730783	-0.14741720	0.02824521	-0.36017274	-0.18300491
1.17770882	0.12040023	-0.04457994	-0.81436675	-0.27480718	-0.09555261
1.33311486	0.03634649	0.07361279	-1.14901116	-0.22406607	-0.13435916
1.35293123	-0.01549581	0.07489007	-0.22262316	-0.32611574	-0.22514191
1.35683028	0.03462370	0.08318238	-0.72769989	-0.20354778	0.23707911
1.45382321	-0.16022135	-0.09160314	-0.05461734	-0.22023533	0.28365872
1.39755849	-0.28651864	0.00003293	0.89068294	-0.22261633	0.21111000
1.40424215	-0.16540063	0.01818935	0.04038058	0.41625913	0.28198254
1.19121799	-0.08050305	-0.00420329	-0.29509743	-0.20827845	0.21701528
1.16019208	-0.01644306	-0.01197496	-0.32275406	-0.18114372	0.22797914
0.93272984	0.18054256	-0.09430990	-0.23452301	-0.25827051	0.26468059
1.02269770	0.14583498	-0.07972259	0.12150100	-0.15792374	0.21729426
0.67091873	0.07661799	-0.08685040	-0.20858985	-0.01541584	0.37342061
0.86150508	0.04441562	-0.04572149	-0.74311157	0.04172488	0.29768670
0.78400289	0.03018700	-0.01942892	-0.75189345	0.55564364	0.17341221
0.62348046	0.04461715	0.02159975	-0.51080581	0.83421912	-0.13838534
0.87023888	-0.07992642	0.07273415	-0.94088880	0.47106589	-0.04552055
0.77327193	0.07975888	-0.00803293	-0.23249025	0.61738548	-0.20527925
0.59395082	0.07086372	-0.00091422	-1.07326845	0.87525521	0.26842770
0.77444613	0.21225020	-0.01215691	-1.16207136	0.96581724	0.01758916
0.75791555	0.14719772	0.02451597	-0.81350334	1.20126884	0.06539138
1.05512574	0.22675153	0.05810115	-1.06008259	0.96721514	0.21793265
0.79464796	0.14474754	0.14263553	-1.49504054	1.28482205	-0.14157915
0.97390173	0.06205568	0.12385723	-1.44448645	0.80654196	-0.03619737
1.05094251	0.04884280	0.22086844	-0.94048115	0.55663610	-0.00544637
0.98736849	-0.06164162	0.16811216	-0.87117859	0.72847624	-0.14776815
1.05504450	-0.06472152	0.19136413	-1.13460708	0.48970033	-0.05077850
0.87548038	-0.13906117	0.04572853	-1.38430969	-0.09471908	0.08588888
0.85741781	-0.27513060	0.03656626	-1.67261682	0.07864108	-0.02346741
1.18215732	-0.51036679	0.01843140	-1.15825296	0.27528022	-0.00721128
1.27010974	-0.33782840	-0.14808140	-1.61149710	0.21802820	-0.13122021
1.24715763	-0.41078858	-0.04731287	-0.44856236	0.74919580	0.01187023
1.31696167	-0.44059447	0.15113220	-0.64776555	0.22879988	-0.30413367
1.49367295	-0.51637539	0.16425905	-0.63594236	0.12714224	-0.56451787
1.17096795	-0.35915996	0.36493519	-0.39220563	0.17679512	-0.64715519
1.25475188	-0.20788264	0.31039962	0.19674038	0.15345109	-0.55640872
1.04604874	-0.21085684	0.28711939	-0.17465453	0.42498406	-0.06998973
1.16229969	-0.03072687	0.17624516	-0.17758007	0.29426426	-0.17584155
1.16366503	0.22602509	0.12493823	-0.72347196	0.06910475	-0.25371211
1.14357449	0.10706111	0.17654936	-0.98811593	0.36254018	-0.14762312
0.86380601	-0.03499164	0.12708614	-1.12284109	0.50380919	0.25560961
0.66926733	-0.10170310	0.20881116	-1.22116798	0.33476248	0.10578453
0.71755309	-0.14198133	0.08969256	-1.29544689	0.27062830	0.12260525
0.68088339	-0.14196154	0.24841433	-1.18339629	0.29527467	0.07023118
0.83408163	-0.27266421	0.15383425	-1.35852430	0.14523360	-0.03977755
0.53238636	-0.03415207	0.24107546	-0.79377061	-0.06931617	-0.15130626
0.65242657	-0.22610517	0.13831488	-1.21100292	0.14455980	0.00388802
0.67981537	-0.14018689	0.14320272	-0.47586234	0.22936200	0.04065221
0.67603982	-0.10764022	0.01166021	-1.20666678	0.01754358	0.18482133
0.61291563	-0.08321275	0.05613898	-0.92727288	-0.20063832	-0.00590711
0.92657210	0.04078245	0.09304850	-0.86167401	0.08629690	-0.06625883
0.86058837	-0.19893742	0.11889784	-1.46633288	0.14253658	0.02271532
0.91527061	-0.11070948	0.19130902	-0.80342456	-0.20357676	0.34742115
1.01344086	-0.17425331	0.27655825	-0.63383629	-0.02230007	-0.19470823
0.94418491	-0.23732398	0.20333321	-0.67271578	-0.07166017	-0.05100550
1.21330427	-0.18747919	0.24296689	-0.44793302	-0.15908293	-0.29941599
0.97543201	-0.15110076	0.16780365	0.32843583	0.05023648	-0.44661018
1.12413382	-0.10560296	0.23025464	-0.04669102	0.19259738	-0.43508965
1.11627487	0.00852911	0.22774115	-0.92721044	-0.58424841	-0.36127103
1.19283034	0.10665515	0.23602435	-0.79884204	0.02984521	-0.36875478
1.22654439	-0.01651166	0.16494580	-0.57113584	0.27951654	-0.26571418
1.56076542	-0.30808329	-0.00579861	-0.00819389	-0.06387042	0.11163669
1.69962599	-0.23138354	-0.13720866	0.16681226	-0.45281116	0.53396994
1.75774330	-0.30971479	-0.12969155	0.33968178	0.14405982	-0.14674210
1.51302383	-0.43951111	0.02532034	-0.01335393	0.83516517	-0.39551737
1.06852882	-0.27440573	0.23124311	-0.84878938	0.49290255	-0.44641376
0.97671195	-0.08901403	0.29450743	-0.03370321	0.03676068	-0.51942067
0.81150573	-0.09814962	0.20505820	-0.15235931	-0.21116236	-0.16543488
1.16159026	-0.04826088	0.03348861	-0.85652651	-0.51129608	-0.06265771
1.23065507	0.08093806	-0.02711744	-0.72299131	-0.22520345	-0.02899639
1.06356711	-0.05993570	-0.03735620	-0.36408206	-0.30909921	-0.04572449
1.14059749	0.11070501	0.01333470	-0.53407871	-0.36651578	-0.15296650
1.17040101	0.14656626	-0.00049966	-1.35338961	-0.53582628	-0.26014805
0.89932074	0.16786522	0.03740909	-1.66066567	-0.63369340	0.06381647
0.64527910	0.04494330	-0.00325058	-0.89987290	-0.32056915	0.03733201
0.86187375	0.10478620	0.01955152	-1.21104413	-0.42159822	0.10240687
