0.46745383	-0.15210481	0.15709429	1.60762275	-0.69877134	-0.08300105
0.63510680	0.17957000	0.02421688	1.26879293	-1.11700650	-0.38830148
0.59100163	-0.16865797	0.11480552	0.98291337	-0.87388146	-0.11430087
0.65153475	-0.25016027	0.18768578	1.64795487	-0.94303459	-0.08291960
0.72442363	-0.11223536	0.06626292	1.70049093	-0.98852722	0.07683156
1.06350567	-0.26802354	0.12022903	1.77593780	-0.78393285	0.04847560
0.88879273	0.07875572	0.12372951	1.83617233	-0.70698079	-0.21283339
1.15246018	0.13203012	0.04380462	1.36347658	-0.66081794	-0.11500526
1.18587243	-0.06263046	0.11205401	0.46935158	-0.56510572	-0.33380925
0.95336303	0.18108380	0.19762283	1.76108341	-0.35074791	-0.17937437
1.13330605	0.23858862	0.16376915	0.94436032	-0.39911506	0.01319164
1.05727848	0.05645554	0.11531727	1.00764664	-0.25250075	-0.17492859
1.12752889	-0.14971121	0.05074491	1.08468916	-0.15408948	-0.13007534
1.36129126	-0.08730194	0.15177332	1.19560151	-0.15956921	-0.17471463
1.26924096	-0.18867690	0.03600717	1.17280821	-0.30656178	0.09650113
1.44587747	-0.17030439	-0.04803011	1.62268928	0.16564576	0.32170219
1.19732525	-0.10984276	0.11861514	1.92685284	0.47089846	-0.04065428
1.40893012	-0.13030970	0.19528866	1.77407447	0.35536217	-0.04355731
1.40844929	0.05997576	0.11475443	0.94537334	0.03614279	-0.02997986
1.47392870	0.30431485	0.04520919	0.02617961	-0.51757965	-0.29091821
1.29927168	0.28169633	0.15987164	-0.71008443	-0.60931969	-0.25690771
1.28200406	-0.01368545	0.06060902	-0.28690020	-0.61765676	-0.13640323
1.23567612	0.19562775	0.08923392	-0.30531105	-0.71171588	0.19246896
1.24585287	0.07175441	-0.00439148	-0.28236249	-0.69773040	0.10973697
1.09787403	-0.25973535	-0.05873778	0.40278559	-0.46367366	0.48299323
0.96937106	-0.16153010	0.12532130	0.24951864	-0.00978976	-0.05751823
1.02492981	-0.09163331	0.03312194	0.27119095	-0.48262020	-0.01231247
0.92531312	0.00567257	0.01571456	-0.05593014	-0.12183630	-0.00557526
0.86529638	-0.16158162	0.05420584	0.28050150	-0.16186521	0.19903183
0.79978138	0.03106446	0.00521870	0.02297257	-0.56992404	0.20352110
0.93024840	0.02696192	-0.00078701	-0.80678949	0.04459226	0.36494412
0.97513805	0.09784831	-0.09271740	0.34294270	-0.08852811	0.36477857
0.91668155	-0.09194174	0.00600465	-0.12030026	0.25317678	0.27402240
0.92024906	-0.01800282	0.03787754	0.00245785	0.48141234	0.08854057
0.82510689	-0.08181824	-0.03750041	-0.10104939	0.47044648	0.08797933
0.86749277	-0.04038146	0.03559025	-0.08778167	0.73611205	-0.12932118
0.90694676	0.27993114	0.04946257	-0.35391551	0.56909130	0.06384132
0.73310078	-0.07217145	0.00099929	-0.40648587	0.49574015	0.04410851
0.65999021	0.12449407	0.10608217	-0.29041528	0.56462420	0.03784163
0.87363480	0.05927981	0.02871341	0.01762033	0.76064253	-0.08719868
0.92224687	-0.06400712	0.12683419	0.00308625	0.25828318	-0.10187961
0.97099750	0.23268731	0.06357028	-0.31991842	0.51135189	-0.04061772
0.95224395	0.06180600	0.10694397	-0.06094399	0.33709231	0.08476558
1.01415694	0.05025407	0.12023451	-0.46034916	0.88151744	-0.14395218
1.01433614	0.03169886	0.16817852	0.22124163	0.76191971	-0.30378440
0.83331054	0.07467510	0.11640452	-0.73129171	0.26980384	-0.20510116
0.88784673	-0.18332900	0.07597306	-0.14666656	-0.04722836	-0.26313843
1.16167434	-0.23270058	0.05501264	-1.16720450	-0.20692566	-0.12996410
1.36314719	-0.30416982	-0.05391804	-1.40929173	-0.02394437	-0.42952854
1.35767865	-0.21310145	-0.04999168	-1.17830143	-0.16666067	-0.25276131
1.57955989	-0.33992324	-0.05782556	-1.89666959	0.43226701	0.05245818
1.43378750	-0.37861666	0.12613911	-0.56630040	0.07836430	0.09014072
1.52963931	-0.48259437	0.28472664	0.31485995	0.16015019	-0.08551888
1.39593672	-0.28451365	0.31427356	1.14747170	0.29859108	-0.19414578
1.33077416	-0.32359688	0.27929325	1.36037939	0.07912168	-0.13915180
1.27243418	-0.23158637	0.24258559	1.33540593	-0.05162242	0.05100059
1.11197908	0.13736050	0.24422537	1.21929523	-0.02727966	0.02211718
1.19255842	0.06985177	0.14562892	0.46754556	-0.26156826	0.33952377
0.99460171	0.02456428	0.18518088	0.33575116	-0.14762920	0.64429033
1.00813698	0.06768260	0.19922210	1.07890336	-0.16068010	0.44258957
0.88162654	-0.01517305	0.15925639	1.11715189	-0.35207405	0.45503875
0.71553549	-0.07137173	0.21876249	0.60783905	-0.17355569	0.67724372
0.61969032	-0.16408781	0.18045838	0.96906977	-0.28572497	0.74915029
0.54825485	-0.16532029	0.28239856	1.94538130	-0.52449038	0.52710421
0.60966493	-0.05858067	0.20212096	1.48989553	-0.60757389	0.10484252
0.62415418	-0.01393088	0.26453105	1.98266783	-0.80062079	0.34493874
0.68829694	0.19104232	0.20235290	1.39998797	-0.63192616	-0.16537346
0.74884113	0.04903432	0.19543919	1.58451035	-0.62740048	-0.10794054
0.71399431	0.13498356	0.16025966	0.42824974	-0.60525698	-0.11818021
0.76676782	0.10522891	0.03475636	0.36041443	-0.80016778	-0.42334228
0.61320824	0.05206787	0.19016823	1.48814379	-0.61037138	-0.18369593
1.04549771	0.02459220	0.18466985	1.21470976	-0.65880733	-0.29527873
0.95252531	-0.09784828	0.20032662	1.24620903	-0.07633246	-0.36037313
1.04808814	-0.05549428	0.14740179	1.06688952	-0.90889787	0.03308211
1.10139821	-0.03414023	0.16953374	1.14727643	-0.45805303	-0.25706693
1.04221267	-0.13156365	0.22206567	1.33601693	-0.44315602	0.22820516
0.99993568	-0.05239538	0.25575683	0.48939966	-0.47736481	0.23010076
1.15644232	-0.11381181	0.05981840	0.95133441	-0.08667018	-0.10634836
1.41487515	0.00008862	0.05016768	0.72322738	-0.04869497	-0.12279847
1.62988828	-0.07197879	-0.03578181	0.52103062	-0.02717560	-0.10241766
1.27724473	-0.03620569	0.01134101	0.36013684	0.18119645	0.06130431
1.09549092	-0.15132954	0.07795964	1.61649080	0.39633064	-0.08806401
1.07194363	0.22494548	0.18699291	0.34027414	0.31765070	-0.25078420
1.19226768	-0.02796139	0.13520797	0.91475523	0.19880493	-0.04071356
1.13290916	0.15049416	0.06989668	-0.37823352	-0.17562460	0.11577776
1.13456857	0.35553589	0.02102279	-0.35353503	-0.57194835	0.09569150
1.24574831	0.27553718	-0.01814954	-1.02414495	-0.44507606	0.05750727
1.19721623	0.10438618	-0.01670085	-0.35488381	-0.69826112	0.43319823
1.31238176	-0.11662985	-0.03779665	-0.78108183	-0.42035639	0.27725776
1.18833398	-0.10013560	0.05967099	-0.14135460	-0.76941131	0.26663170
1.08786837	-0.39804667	-0.00226336	-0.24628093	-0.24654854	0.14713610
1.01957564	-0.07866407	0.03584731	0.58001255	-0.32350216	0.19691558
0.94419925	-0.21053149	0.07402671	0.30102756	-0.18940136	0.32437021
0.82645026	0.03808913	0.06595961	0.61477215	-0.52724726	0.36976614
0.88002293	0.00918277	-0.04953042	-0.67299643	-0.39560244	0.25734091
1.01188568	0.06620957	-0.03568638	0.03085167	-0.26300288	0.13310715
0.69081727	-0.03215555	-0.05911175	-0.60380782	-0.00464205	0.24160728
1.01292827	0.02557272	-0.07344893	-0.95395656	0.31434034	0.30145610
0.93482863	-0.00627648	-0.08759235	0.32113293	0.29596929	0.52554828
0.83024634	0.05171691	-0.05620005	0.02877447	0.29381275	0.31414115
0.79928905	-0.06574880	-0.04056441	-0.79226049	0.66426497	-0.04919234
0.81266721	-0.05424981	-0.01095949	-0.94272169	0.49432053	0.14639747
0.80946479	0.08293330	0.03090963	-0.79863232	0.73096443	-0.06556079
0.70256172	-0.07861676	0.02658539	-0.54116522	0.75402898	0.15893268
0.79486653	0.05372196	0.08587186	-0.23402290	0.66683258	-0.03314306
0.98484446	0.04472748	0.06408567	-0.24288984	0.91057569	0.05661762
0.77366701	-0.00001229	0.08930648	-0.04699644	0.70150362	-0.02804824
0.96092676	-0.12207366	0.07979568	-0.05674907	0.57531991	-0.15588841
0.68111260	-0.01823440	0.03172061	-0.10475270	0.34246220	-0.15549031
0.90777709	0.06221685	0.12333594	-0.46671312	0.16797164	-0.16147197
0.96579642	-0.12143299	0.19011856	0.15827587	0.52315660	-0.19656503
1.10253210	-0.02814453	0.21588778	-0.16095055	0.49555090	-0.52532881
1.14417742	-0.02136177	0.16009794	0.26795446	0.43819448	-0.58558382
1.38864607	0.05718301	0.09825191	-0.57262223	0.31367800	-0.63186827
1.16791237	-0.23339337	0.05804703	-0.65268742	-0.18846481	-0.47315839
1.27289689	-0.17599897	-0.02182042	-1.72875122	0.01442068	-0.24017857
1.54227854	-0.09893867	-0.03107576	-1.05574204	-0.01355745	0.13189541
1.49833838	-0.41121113	0.08130734	-1.31192426	0.03033227	0.44807430
1.49043750	-0.57891127	0.19293292	0.07634674	0.37499722	0.33424833
1.29703066	-0.59444953	0.33149140	0.98662821	0.40759399	-0.09917484
0.94867679	-0.23488525	0.26690026	1.60754271	-0.09060413	-0.34315859
1.28925927	-0.13253979	0.31073489	0.64988611	0.05441772	-0.45151527
1.28869083	-0.01761917	0.18796060	1.44384536	0.18368734	-0.10703659
1.19426592	0.12079850	0.10478752	0.75517321	-0.26154068	0.30632767
1.07702229	0.02838125	0.11046911	0.25819397	0.04473059	0.49130998
0.87281276	0.15417060	0.13578148	-0.37847680	-0.35534571	0.71416341
0.76823994	0.03007730	0.23052771	-0.30553961	-0.33325654	0.74215397
0.56194391	-0.32289169	0.28096272	-0.32229418	-0.00987133	0.33778159
