0.95479605	-0.27165447	-0.03231316	1.21714377	-0.53352563	-0.38795752
0.76623145	-0.32494483	-0.12029297	1.80440183	-0.98883858	-0.27782909
0.76023809	-0.29985337	-0.14081181	1.87621827	-0.82315146	-0.46314853
0.82995551	-0.16549839	-0.24149148	1.61446261	-1.06458941	-0.62797201
0.98451651	-0.12733345	-0.30681891	1.60235774	-0.43827638	-0.41310852
0.91126857	-0.07585458	-0.19006199	1.19657372	0.14493066	-0.66801389
0.92105371	-0.06114184	-0.19413364	2.10187146	0.87965603	-0.48492493
0.93471043	-0.10485392	-0.14651481	1.15683730	0.29515914	-0.55766726
0.86880602	-0.00900630	-0.05076229	1.28995492	0.46630710	-0.60725145
0.84841831	0.01320426	-0.10230456	1.53618781	-0.01433951	-0.41233751
1.03220128	-0.04115754	-0.14995802	0.68425084	-0.15667177	-0.16921436
0.84710106	0.14106557	-0.14628898	1.32888463	-0.02580512	-0.30524399
0.83828056	0.00395194	-0.13116321	0.70957743	-0.09288753	-0.29439208
0.95114513	-0.08415801	-0.02553388	0.70365628	-0.18888025	-0.43184058
0.90981353	-0.00618710	0.07449026	0.84554782	-0.14114018	-0.12160916
0.96559343	0.11302343	-0.05930291	0.00182239	-0.04980912	-0.09460931
1.12845926	0.07585334	0.01569695	0.34173945	-0.00931618	-0.16564041
0.96417523	0.10482308	-0.01257110	0.34876927	0.02800032	-0.00622079
0.93917231	0.09684987	-0.03015718	-0.12326802	0.09211896	0.10898388
1.04545184	-0.09730909	-0.05488941	-0.01916220	0.29942296	-0.01108929
1.36271847	-0.07735813	0.09083933	0.24533650	0.01987696	-0.12337111
1.49640324	-0.26855586	0.04251451	-0.25949559	-0.19360328	0.06648965
1.35744613	-0.25308302	-0.09139048	0.62414874	0.26783654	0.12701551
1.42771998	-0.17077444	0.00505581	-0.12985824	0.29993314	0.19801197
1.16605342	-0.22829226	-0.05057727	-0.32055026	-0.20690096	0.33576559
1.26662162	-0.22406033	-0.04674684	0.32715801	-0.03971039	0.47396830
1.41300843	-0.39002591	-0.05772765	-0.48926855	0.24079557	0.41528513
1.10916942	-0.30019813	-0.21460908	-0.14394704	0.22831357	0.37692540
1.31124252	-0.35810099	-0.10099897	-0.32852128	0.27390749	0.45011167
1.13314885	-0.46508354	-0.06132126	-0.13163270	0.48965121	0.40178091
1.08364613	-0.52396941	-0.18063821	-0.47565063	0.72773651	0.17171496
0.91148343	-0.33033623	-0.00490682	-0.21858249	0.94946903	-0.02860838
0.86352653	-0.32637156	-0.05918109	-0.12501489	0.04570655	0.16834549
0.86708397	-0.30030288	-0.04890003	-0.26524445	0.87047637	0.07284429
1.07688621	-0.20405838	0.08974594	-0.36926318	0.24836548	0.03272149
0.87715024	-0.18073716	-0.03997434	-0.05235456	0.83500785	0.23770033
0.85182820	-0.17386182	-0.02871654	0.10852771	0.49898484	0.32238992
0.81054094	-0.21698390	0.07435760	0.49447587	0.58850803	0.14264047
0.90768600	-0.18927731	0.04014797	0.20974632	0.46156366	0.01711065
0.78841445	-0.15234289	-0.00319780	0.27464200	0.16746971	-0.01501866
0.88375349	-0.16795354	-0.07833946	0.04692182	0.41414320	0.15012731
0.87240103	-0.22088526	0.01263122	-0.28024553	0.33687839	0.31760237
0.78811147	-0.19311847	0.14535164	-0.06568366	0.27209567	0.22176130
0.76673996	-0.19626313	0.10897135	-0.60160100	0.48835737	0.33798780
0.89340621	-0.21961181	0.13554517	0.22771599	0.34282660	0.21991061
0.75075413	-0.17762290	0.04226628	-0.34837805	-0.12580540	0.06142982
0.72524407	-0.20198365	0.13861485	-0.19239869	0.07875147	0.34232838
0.74538357	-0.18957231	0.16158801	-0.05002035	-0.25537437	0.43037002
0.65205625	-0.23888325	0.24588677	-0.07053896	-0.36204405	0.22808286
0.61786628	-0.14849174	0.20063909	-0.71089200	-0.20644519	0.03170110
0.81113506	-0.17199869	0.16453374	-0.42131148	0.11232686	-0.14717851
0.98496047	-0.28005974	0.19338965	-0.74259746	0.04996141	-0.29170264
1.11483197	-0.13373351	0.31562402	0.33730770	-0.21183397	-0.19675567
0.98293564	-0.17591889	0.25348244	0.27245130	0.55048199	-0.01245844
1.08252462	-0.12269209	0.18673036	0.07399134	0.27753841	-0.13433509
1.20985429	-0.20752918	0.10168682	-0.42892973	0.08381303	0.34769885
1.21157075	-0.31436448	0.10725430	-0.86188751	-0.05030902	0.52378421
1.28424048	-0.44362029	0.18283470	-0.52005419	-0.62866006	0.45492968
1.36220384	-0.52644034	0.14477055	0.00503783	-0.24033977	0.29686939
1.32019472	-0.53616852	0.17355435	-0.67932279	-0.11514823	0.31198126
1.08582593	-0.48856217	0.18863186	-0.40830884	-0.78620289	0.06732532
1.04963337	-0.44803513	0.09463586	-0.55685064	-0.68894245	-0.34181449
1.13382811	-0.33734327	-0.07837395	-0.51963499	-0.93244718	0.10733834
0.93116123	-0.35230474	-0.21383490	0.07931297	-0.67584077	0.08670968
1.23016140	-0.40927027	-0.09049226	-0.08238085	-0.89065331	-0.12195340
0.97139813	-0.45849920	-0.25366339	-0.14708101	-0.29223916	0.00207423
0.99661844	-0.36277795	-0.03980697	-0.50006956	-0.25536928	-0.37196125
0.89660009	-0.20567883	-0.07954134	-0.08583925	-0.50258996	-0.31670761
0.85462713	-0.31959846	0.00412338	-0.12904364	-0.06078371	-0.36642993
1.01320837	-0.29284620	0.05137144	0.39138685	-0.21586196	-0.34303018
0.88923255	-0.14424734	-0.23093087	-0.11147683	-0.80175405	-0.16444861
0.93410024	0.02460725	-0.04958420	-0.27638406	-0.41675664	-0.27267585
0.70374972	-0.04103090	-0.00131592	-0.71369238	-0.54367293	-0.14422513
0.94724561	0.02508154	-0.09316026	-0.34167213	-0.78605800	-0.23280689
0.81329948	-0.11717148	-0.12134543	-0.76243210	-0.55927897	-0.10381281
0.88362430	-0.16852700	-0.08717568	-0.94734375	-0.17157999	-0.04589399
0.73587318	-0.13495861	-0.17023733	-0.65050270	-0.69044847	-0.16571419
0.84521505	-0.25944460	-0.15188810	-0.12553762	-0.28412993	-0.01920575
0.80988947	-0.24297054	-0.08153112	-0.49979068	-0.49714911	-0.20608464
0.92511209	-0.10638527	-0.16362104	-0.49436276	-0.37246630	-0.33556034
0.88442775	-0.07487494	-0.17720182	-0.68553278	-0.39527011	-0.23936567
0.93322858	-0.12799185	-0.28414332	-0.28154896	-0.05785715	-0.10119021
1.08117979	-0.07483214	-0.21898272	-0.08809620	-0.28596448	0.04601435
0.87365863	-0.07089959	-0.16459795	-0.26607461	-0.21767258	0.34539982
1.04835816	0.02208897	-0.04095752	-0.49081992	-0.20453861	0.11051723
0.88939229	0.09716401	-0.34270963	-0.81058446	-0.18977947	-0.06468419
1.14169927	-0.08984714	-0.09293974	-0.64797569	0.13073693	0.18046454
0.93572002	-0.09930825	-0.18798384	-0.36201597	-0.09703334	0.13046641
1.11394366	-0.12277158	-0.14404792	-0.82744669	0.45250079	0.21037268
1.22457263	-0.25161591	-0.18997944	-0.42201407	0.43512511	-0.02601219
1.33754223	-0.29920129	-0.24419403	-0.54955397	0.01380172	0.12243580
1.32802535	-0.22685935	-0.40730179	-0.39706733	0.13478216	0.31492640
1.46556257	-0.31883224	-0.44909983	-0.70264625	0.67199395	0.23490050
1.45213196	-0.34926831	-0.23902936	-0.08464316	0.92212665	0.20187051
1.41435204	-0.42943175	-0.22451303	-0.16702349	0.61224858	0.08487337
1.26607356	-0.32066095	-0.20407513	-0.39111011	0.99148553	0.31460140
1.19461430	-0.28135541	-0.17264762	-0.93266809	1.49996885	0.44665801
1.05772647	-0.31246798	-0.15528448	-0.66481702	1.17191658	0.25995584
1.05996013	-0.33799294	0.01907122	-0.84573418	1.06751280	0.24123559
0.80287985	-0.27510086	0.03558521	-0.93331358	0.62899573	0.02458896
0.95107110	-0.19257194	0.00572047	-1.49485569	0.54809782	0.02992094
0.84002209	-0.10800110	-0.00062863	-0.75324978	0.84531838	-0.13352856
1.00916532	-0.23241811	-0.02496856	-0.72170781	1.15457130	0.13334175
0.92255919	-0.22420218	-0.02269652	-1.06180276	1.07101114	0.19413838
0.83218580	-0.27316675	-0.02480320	-1.29102043	0.88472218	0.38410075
0.79831085	-0.30327706	-0.05764025	-1.20106213	0.55724968	0.43733875
0.72309294	-0.39103354	-0.10368327	-0.84953766	0.72283437	0.33311842
0.76066721	-0.34167662	0.05848585	-0.43210051	0.61309863	0.32707126
0.78691781	-0.43977213	0.00242879	-0.63712771	0.38965366	0.27478516
0.81327770	-0.36738060	0.00873429	-0.33378035	0.62763372	0.05406866
0.73004309	-0.38161127	0.04787630	-0.23619349	0.55131271	-0.01950888
0.68835981	-0.21239665	0.05126470	0.29491523	0.67002462	0.10784454
0.73783780	-0.09472427	0.00244700	-0.05107191	0.08252672	0.17284155
0.97264214	-0.09393874	0.02809724	-0.84414798	0.10168248	0.21622426
0.73864493	-0.11525475	0.01443139	-0.33028345	0.44961254	0.31256549
0.79444780	-0.13373299	0.02150199	-0.82826808	0.56410762	0.07352468
0.74343332	-0.27756638	0.15959386	-0.88666295	-0.25904638	0.20504666
0.95017529	-0.24875090	0.12856447	-0.44138726	0.34098438	0.16363993
0.91095281	-0.17590977	0.15604521	-0.24625147	0.09334951	-0.05441793
0.99468238	-0.18415779	0.20592068	-0.83676829	0.48797730	-0.06065848
0.87181903	-0.36358670	0.19556711	-0.53712452	0.44000722	-0.10294568
0.98641377	-0.20284047	0.13437937	-0.57857835	0.23477294	-0.18813610
1.08942711	-0.20036110	0.20606892	-0.99423455	-0.02689948	-0.15587521
1.07463556	-0.13801869	0.07741685	-0.41018170	0.47076424	-0.22217086
1.11173776	-0.18092415	0.19609910	-0.35374346	-0.07052699	-0.16304801
1.17981236	-0.37946912	0.06344288	-1.23888598	-0.58748329	0.17773075
1.35460136	-0.49399123	0.04489992	-0.46584180	-0.20140158	-0.09637160
1.42051872	-0.37507630	0.03730049	0.72322939	-0.27055765	0.05770468
