1.00572010	-0.06863675	0.17398959	0.05927211	-0.02258412	0.11207346
1.00462188	-0.06960507	0.17123937	0.00330452	-0.00610267	0.09080893
1.00676095	-0.06929765	0.19894855	0.02981170	-0.02173057	0.11435635
1.00634300	-0.09872165	0.18004206	0.15721380	-0.04654046	0.12438750
0.99849031	-0.07727161	0.19002664	0.07664006	-0.04694461	0.10658996
1.00451115	-0.07694156	0.18870254	0.07853529	-0.05677115	0.08758103
1.00901457	-0.07679402	0.18941503	0.14040259	-0.04358277	0.11541492
1.00459685	-0.08139741	0.18757369	0.06269150	-0.08593670	0.07896010
1.00756464	-0.09544954	0.17953311	0.07449521	-0.06978476	0.13121949
1.01276763	-0.07996870	0.18282887	0.09870033	-0.05979054	0.10045602
1.01420119	-0.07277760	0.17799182	0.08621394	-0.04050940	0.11524550
1.00906605	-0.08158938	0.18768429	0.14405660	-0.09234078	0.10822016
1.00819289	-0.10002057	0.18847986	0.09300842	-0.08325515	0.10761967
1.00484244	-0.09138249	0.18750800	0.10204277	-0.05246937	0.10958482
1.00257985	-0.07356575	0.18141162	0.12386491	-0.07181711	0.14061973
1.00495498	-0.10454046	0.17516599	0.13836307	-0.05406950	0.14071349
1.00397434	-0.10364492	0.17252363	0.11201744	-0.06680041	0.12855275
1.00242151	-0.09448512	0.19601960	0.14593888	-0.07764157	0.10701470
1.01119370	-0.10591990	0.19210898	0.18448997	-0.03767421	0.10237386
1.01278961	-0.10402277	0.19533185	0.20375943	-0.06510282	0.08165791
1.01346515	-0.08593659	0.16934761	0.21836772	-0.04988429	0.08228114
1.01165746	-0.09063117	0.18745177	0.14581304	-0.02709005	0.05646446
1.00760060	-0.08236356	0.18473266	0.11212266	-0.05595218	0.07207563
1.00980891	-0.07741451	0.19186067	0.14703509	-0.07744227	0.06251474
1.01033025	-0.07198510	0.18310438	0.17914394	-0.05995435	0.06749014
1.01294468	-0.06174682	0.18008749	0.11836130	-0.05344503	0.08961186
1.01077184	-0.05420327	0.17876737	0.03618580	-0.03957699	0.07710690
1.01251221	-0.06921996	0.18736156	0.01731928	-0.06571961	0.04677889
1.00746263	-0.05719172	0.19889256	0.08102374	-0.06953140	0.06279416
1.00270216	-0.05305221	0.18542558	0.01263772	-0.07875408	0.07803103
1.00308430	-0.05722676	0.18250466	0.03256658	-0.08372091	0.03187068
1.00387015	-0.05243168	0.17301463	-0.07740967	-0.07053647	0.06309684
1.01113127	-0.05497097	0.17276352	-0.14272029	-0.06485948	0.01182283
1.00831956	-0.07018228	0.18436943	-0.15151829	-0.06778641	0.02432493
1.00498501	-0.05912376	0.18750450	-0.17223638	-0.08442715	0.03610596
1.01115053	-0.05617012	0.18010500	-0.20680059	-0.07305329	0.03889368
1.01448134	-0.05937474	0.16969860	-0.15838188	-0.08086414	0.06501528
1.01296983	-0.07841826	0.18871599	-0.19068826	-0.10084282	0.05029747
1.00835373	-0.10649515	0.18862031	-0.17682723	-0.07778151	0.06099446
1.00717113	-0.10857489	0.18751984	-0.15198500	-0.12658793	0.06864669
1.00844757	-0.12882409	0.17563963	-0.01744397	-0.12317974	0.05757257
1.01042370	-0.11680328	0.18686457	0.00094333	-0.13514988	0.09057428
1.00862432	-0.12156832	0.18944626	-0.01732526	-0.08305627	0.05174188
1.01001682	-0.13087557	0.18087266	0.06034171	-0.08437170	0.01981699
1.01088256	-0.11406401	0.18613899	0.14163629	-0.12671591	0.06376420
1.00931620	-0.10543033	0.17420962	0.09714766	-0.06376020	0.05027568
1.00616219	-0.10605836	0.17635538	0.07750556	-0.10315762	0.05491266
1.01287054	-0.10220107	0.17373346	0.12203519	-0.11271172	0.04714744
1.00939707	-0.08896102	0.16610998	0.09796319	-0.10669478	0.09086195
1.01349804	-0.10311598	0.16930578	0.08167178	-0.10692937	0.06914773
1.01384215	-0.09251993	0.18686458	0.10418415	-0.09052407	0.05477954
1.01729204	-0.08708575	0.16782225	0.06229621	-0.07603313	0.07475612
1.01756473	-0.08219748	0.17703833	0.12470256	-0.07975062	0.05141548
1.01124127	-0.07076056	0.16701734	0.04386151	-0.10196806	0.04161015
1.01323574	-0.06920297	0.17049052	-0.02653342	-0.08547680	0.06849559
1.01255605	-0.08752044	0.16994184	0.00021126	-0.06586351	0.04506186
1.01017371	-0.08055406	0.17046390	-0.04520200	-0.05701717	0.07512374
1.01337355	-0.09354117	0.16508997	0.01889107	-0.11698411	0.04402022
1.01881732	-0.08364966	0.15904368	-0.01817365	-0.06521947	0.03892764
1.01257407	-0.08590197	0.14992159	0.01888409	-0.08052785	0.04969982
1.01343565	-0.08237506	0.14233893	0.00133554	-0.08090323	0.05449835
1.01155277	-0.11148193	0.14930499	-0.04217866	-0.07858987	0.04226026
1.01027623	-0.11073152	0.13847369	-0.00147338	-0.06942654	0.05742540
1.01339645	-0.10624496	0.14521451	0.05937189	-0.09106600	0.02393727
1.01382388	-0.11372610	0.15017925	0.01650359	-0.07989870	0.03056381
1.01286751	-0.11366663	0.14674952	-0.01066428	-0.07154109	0.03671481
1.01629332	-0.10730903	0.13521604	0.03223924	-0.08129083	0.00593010
1.01421931	-0.10212567	0.14957752	-0.00144926	-0.05602338	0.01660102
1.01222950	-0.10750092	0.14664626	-0.02611413	-0.06211782	0.01093090
1.00643531	-0.10657460	0.14745953	0.01603145	-0.05613785	0.03106037
1.01064460	-0.10064122	0.15704067	-0.02148632	-0.02247001	0.02942797
1.01307087	-0.10272307	0.13474581	0.02913834	-0.07002106	0.01789034
1.01294555	-0.10396110	0.14366564	-0.01807823	-0.03931274	0.01124117
1.01955651	-0.10641765	0.14102092	0.02937175	-0.06967262	0.00024789
1.01996121	-0.09368665	0.13835952	-0.01642741	-0.05856848	-0.00480898
1.01547015	-0.09400802	0.13570608	0.03158043	-0.06139368	0.00947288
1.01598897	-0.09942099	0.14125205	-0.03284224	-0.06005173	0.03869932
1.01540458	-0.10565601	0.14782861	-0.04855156	-0.03808549	0.01919687
1.01780929	-0.09793170	0.14454620	-0.01071764	-0.06094171	0.01376772
1.01687812	-0.09585228	0.14513165	-0.03835959	-0.04300835	0.00721338
1.01420101	-0.10058183	0.14024846	0.03405673	-0.01985335	0.00554443
1.00914054	-0.09322999	0.13229139	-0.02643727	-0.05285175	0.01703326
1.01459113	-0.08988177	0.13168087	-0.05791028	-0.03526407	0.03101369
1.02235994	-0.11288282	0.14460909	-0.01357114	-0.03423951	0.01506295
1.01827628	-0.10052238	0.14309548	-0.01048356	-0.02869938	0.03475024
1.01926086	-0.10465210	0.11966892	-0.04250413	-0.03854921	0.00702851
1.01419051	-0.10488736	0.11548073	0.07487052	-0.03917476	-0.00132089
1.01398483	-0.10195414	0.13472449	-0.04222172	-0.04005789	-0.00451408
1.01287477	-0.10429009	0.14060971	-0.01691578	-0.04023257	0.00252267
1.01428555	-0.11330166	0.13197417	0.00325751	-0.05379727	0.01878011
1.01399065	-0.09754126	0.12472011	-0.01198657	-0.02373420	0.01117937
1.01567565	-0.09811797	0.13897346	0.03039207	-0.00112245	0.01339400
1.01499824	-0.10176505	0.12746253	-0.01671665	-0.04244825	0.01207224
1.01463341	-0.10725098	0.13684877	-0.04304315	-0.02691873	0.00888822
1.01800207	-0.09889675	0.13847604	-0.06793680	-0.05321618	-0.02033211
1.02281553	-0.11066346	0.14824188	-0.01007333	-0.01504000	0.00618585
1.01720439	-0.09881268	0.13931710	-0.04545062	-0.03113242	0.01247942
1.00880135	-0.10866302	0.15610031	-0.01468673	-0.02024134	-0.00461384
1.01150861	-0.10317976	0.14119101	-0.01321386	-0.03673079	0.01001313
1.01220014	-0.09403290	0.12565312	0.00442229	-0.00492902	0.01344316
1.01437452	-0.09983525	0.12482101	-0.01112556	0.01093340	-0.00408300
1.01409555	-0.09091692	0.11822837	-0.00681207	-0.01297654	0.00366426
1.01520649	-0.11168580	0.15342469	-0.06616208	0.01566044	0.03472602
1.01576560	-0.12016261	0.14526873	-0.04090876	0.02903068	-0.00815158
1.01530496	-0.11384448	0.14629600	-0.09634522	0.01515530	0.02588838
1.01517825	-0.11294420	0.13586838	-0.10696725	0.00869702	-0.04170673
1.01381291	-0.10823836	0.14437968	-0.04136001	-0.01101641	-0.00819733
1.01483175	-0.10029776	0.13984662	-0.06646011	-0.01752349	0.01111083
1.01688954	-0.10812303	0.15042715	-0.00486266	-0.01982729	-0.00315527
1.01218422	-0.10030105	0.14101269	-0.00300894	-0.00654310	-0.00734907
1.00857378	-0.12379608	0.13356739	-0.02450498	-0.03303072	0.00142608
1.01113940	-0.09078367	0.13730420	0.00041337	-0.01466551	-0.00271911
1.01159895	-0.10528146	0.12713325	0.04912767	-0.02859061	-0.00164974
1.01665493	-0.10131262	0.13054334	-0.04680780	0.01249848	-0.00578887
1.01465153	-0.11141824	0.14106884	-0.01838076	-0.00323437	0.00292716
1.01205959	-0.09021029	0.14793046	-0.07052309	0.01267973	-0.03512770
1.01214231	-0.10418940	0.15754441	0.04994160	0.00495249	0.01218162
1.01423811	-0.10865798	0.14631664	-0.02066058	-0.01727967	0.01941647
1.01651648	-0.09558189	0.12645424	0.01384888	-0.00958196	0.00148292
1.01338751	-0.09377048	0.14467313	0.04096648	-0.00184604	-0.01651473
1.01512453	-0.09568845	0.14078957	-0.05436755	-0.02229813	0.00790630
1.01574584	-0.07802920	0.13784166	-0.02226574	0.01408135	-0.02118526
1.01331162	-0.10616082	0.14814215	-0.07018594	0.00333169	-0.00516871
1.01530610	-0.08596269	0.13713546	-0.06464790	0.00438924	-0.00887615
1.01455183	-0.11166331	0.14151797	0.00866369	0.02037376	-0.00754289
1.01408650	-0.10508224	0.13885893	0.01803127	0.00523044	-0.01353711
1.01929092	-0.11260397	0.14511623	-0.09501821	0.00499961	-0.02136622
1.01451091	-0.10694408	0.14069021	-0.03954944	0.00107230	-0.01213134
