1.02103302	-0.11971862	0.07804522	0.03160942	0.06020900	-0.07963447
1.01832942	-0.12073749	0.09033911	0.04296594	0.06084012	-0.11484058
1.01832815	-0.11898471	0.07823891	0.04047382	0.05077972	-0.08605527
1.01770246	-0.12252774	0.08906831	0.05807758	0.05142671	-0.10307562
1.01556413	-0.12541113	0.08723309	0.06602790	0.05690382	-0.07601939
1.01660176	-0.12189405	0.08707095	0.06877593	0.07380975	-0.10822171
1.02035936	-0.12454138	0.07654188	0.06483620	0.08288939	-0.10971666
1.02030808	-0.12142608	0.07700055	0.06872830	0.06746043	-0.09074795
1.01747556	-0.12021057	0.08101677	0.05406967	0.05845056	-0.08461945
1.01419194	-0.12015940	0.08169059	0.05995107	0.05821762	-0.08340175
1.01846741	-0.12423794	0.08401612	0.05203692	0.05885722	-0.07163027
1.02186397	-0.12720577	0.08035837	0.06010371	0.04210310	-0.09488335
1.02261602	-0.12650607	0.08471021	0.07276343	0.05953681	-0.08205836
1.02202820	-0.12784816	0.07305260	0.07368880	0.06900569	-0.10408861
1.02070605	-0.12009407	0.07491033	0.06742623	0.06966304	-0.10857188
1.02171620	-0.12420578	0.08306784	0.07241867	0.06101503	-0.09583326
1.02223224	-0.12492896	0.08094582	0.06685202	0.06292339	-0.09177981
1.01915619	-0.11786625	0.07687591	0.05454341	0.08076295	-0.07200026
1.02027263	-0.11909276	0.06994090	0.04680476	0.08288008	-0.10586800
1.01984162	-0.12066053	0.07340588	0.03231590	0.06541701	-0.08662912
1.02084986	-0.11662971	0.08000211	0.03847345	0.05559772	-0.10056508
1.02235385	-0.12116980	0.08136321	0.04579868	0.05487334	-0.08663137
1.02536736	-0.12518622	0.08379050	0.03808040	0.06742300	-0.08682537
1.02210335	-0.12546195	0.07106526	0.04604769	0.06466858	-0.09743373
1.02110356	-0.12613030	0.05954169	0.05367882	0.06037063	-0.08937156
1.01853291	-0.12315259	0.06152967	0.05474984	0.06771848	-0.07799099
1.02171098	-0.12458465	0.06334846	0.05586006	0.06301961	-0.07626536
1.01839202	-0.12384176	0.06941474	0.06968961	0.07140314	-0.08345467
1.02001525	-0.11821941	0.06575530	0.05124211	0.06885158	-0.08026667
1.01771548	-0.12090923	0.06852281	0.05002425	0.06950549	-0.08146531
1.01593954	-0.12099290	0.07406639	0.04933196	0.07371874	-0.08676450
1.01788506	-0.11811001	0.07916512	0.04766681	0.08080043	-0.08324049
1.01755025	-0.11843770	0.08263107	0.03710928	0.06245792	-0.07998759
1.01843306	-0.12443053	0.07214233	0.02993871	0.03397179	-0.08451144
1.01893349	-0.12305321	0.08024941	0.02532882	0.05530389	-0.07011757
1.02330117	-0.12950567	0.06918803	0.02550983	0.04563097	-0.05566297
1.02266008	-0.12838932	0.08023006	0.03097717	0.05760672	-0.07575394
1.02128930	-0.13183295	0.08647441	0.03890585	0.05683633	-0.06262873
1.02178491	-0.12945867	0.08410605	0.03235693	0.05129212	-0.06748382
1.02150878	-0.12437783	0.07384250	0.03424101	0.07330667	-0.07032764
1.02257301	-0.12005273	0.07380816	0.03039792	0.05035747	-0.06037181
1.02044489	-0.12310645	0.07839289	0.03779214	0.05347721	-0.06553632
1.02080401	-0.12099596	0.07713749	0.03523421	0.05477817	-0.07595575
1.01846622	-0.12658660	0.07841229	0.03596726	0.07295244	-0.07933867
1.01705440	-0.12093200	0.08652213	0.04600822	0.05710843	-0.07608694
1.01519576	-0.11837988	0.08444310	0.05248359	0.04973590	-0.08490434
1.01756181	-0.12842696	0.08607900	0.04012548	0.04606911	-0.06226778
1.01816080	-0.13034082	0.08739294	0.05318776	0.04485533	-0.08813201
1.01775135	-0.12663325	0.07641600	0.04059865	0.05241739	-0.06046895
1.01894396	-0.12825458	0.08300548	0.04673267	0.05145579	-0.06723134
1.01891904	-0.12704432	0.07840484	0.07132965	0.04441100	-0.08652282
1.01674892	-0.12612154	0.07703726	0.06437183	0.05954971	-0.04690304
1.01884650	-0.12802426	0.08415080	0.04345520	0.04967703	-0.06453476
1.01940771	-0.12760661	0.08932984	0.05176516	0.05214889	-0.06542430
1.01689405	-0.13039662	0.08045400	0.04540273	0.04622404	-0.04104896
1.01820645	-0.12774182	0.08476349	0.04589642	0.03294003	-0.05612621
1.01961499	-0.12624811	0.07657580	0.04732274	0.03606980	-0.06402397
1.01792089	-0.12223017	0.08217654	0.04794710	0.05932415	-0.03721703
1.02080400	-0.12070716	0.08770485	0.05092539	0.03915218	-0.07487765
1.01947767	-0.12290707	0.08145870	0.04813727	0.04387880	-0.04149572
1.02059638	-0.12378231	0.08592350	0.03722342	0.03253654	-0.04377950
1.01972581	-0.12590665	0.08610100	0.04120750	0.03598422	-0.05482771
1.01902571	-0.13165703	0.08006572	0.04771521	0.06170462	-0.04967635
1.02004979	-0.12746199	0.08705254	0.04444332	0.05119634	-0.03765096
1.02045515	-0.12612265	0.07422670	0.04588493	0.03211677	-0.04998977
1.02030214	-0.12092998	0.07440209	0.05350669	0.04059015	-0.05819542
1.02160014	-0.11931595	0.07906319	0.05297434	0.03452041	-0.06005866
1.01802794	-0.12046923	0.07545340	0.03923853	0.02670730	-0.05957287
1.01680700	-0.12044228	0.08498720	0.05185390	0.00852161	-0.05122170
1.01411876	-0.12323250	0.08525135	0.03941278	0.02230618	-0.05538872
1.01794437	-0.12859447	0.08791280	0.05793961	0.00852123	-0.03620627
1.02194695	-0.12382821	0.08687191	0.03787183	0.02023547	-0.05570289
1.01919795	-0.11796996	0.08565046	0.03756421	0.03928353	-0.03139058
1.01991946	-0.11877300	0.07710191	0.03767493	0.03609799	-0.02709757
1.01824201	-0.11663164	0.08466079	0.03254934	0.02303749	-0.03270202
1.01830191	-0.11514500	0.08171627	0.02811758	0.02420203	-0.02913921
1.02006891	-0.12093588	0.08145459	0.03007800	0.02783093	-0.02467310
1.01919491	-0.11878224	0.09591554	0.04061669	0.02118290	-0.02569574
1.01410571	-0.12170120	0.09131451	0.03361786	0.02259673	-0.04180885
1.01356006	-0.12242855	0.08856341	0.02021176	0.01047531	-0.01242375
1.01959874	-0.11638773	0.08421521	0.01887159	0.03165178	-0.03764394
1.02173505	-0.11883859	0.07640288	0.01790514	0.00600020	-0.03686278
1.02028358	-0.11895234	0.07130021	0.01997260	0.01379066	-0.03126447
1.01569971	-0.12000393	0.07407468	0.03378271	0.03668187	-0.01508714
1.01513273	-0.12098270	0.07843209	0.04368391	0.03416831	-0.01039641
1.01706521	-0.12340862	0.08611048	0.03581461	0.00717266	-0.05567139
1.02053164	-0.12329554	0.08271496	0.04125995	0.03116781	-0.03264424
1.01710464	-0.11558029	0.08684966	0.04606037	-0.00673492	-0.01034789
1.01963446	-0.11513388	0.08630684	0.03841795	0.00723794	-0.01652778
1.01903341	-0.12029063	0.09166359	0.02217623	-0.01595550	-0.01861102
1.02109516	-0.12105258	0.08511662	0.01772348	-0.00234885	-0.00675623
1.01896489	-0.12538384	0.08388248	0.04254344	0.00955352	-0.01909336
1.01954619	-0.12290752	0.08275607	0.02986518	0.01040360	-0.03885003
1.01972388	-0.12268303	0.07909939	0.04308025	0.01136470	-0.03295464
1.01720481	-0.12084722	0.08485085	0.05341236	0.00352996	-0.02836394
1.01481788	-0.11925699	0.07549483	0.04804093	0.00607732	-0.03650610
1.01477754	-0.11990237	0.08513477	0.04633277	0.00867850	-0.06339684
1.01784452	-0.12276318	0.07858413	0.03867223	0.00736650	-0.03966462
1.02078696	-0.12561853	0.08817689	0.03558415	-0.00191703	-0.01816431
1.02081177	-0.12368889	0.08065333	0.02041114	-0.00088782	-0.02873838
1.02195192	-0.12512549	0.08318964	0.03694867	-0.01161993	-0.01523204
1.02044202	-0.12618318	0.08420206	0.03412197	-0.01567535	-0.02672847
1.01836685	-0.12864555	0.08122294	0.05498358	0.00553373	-0.03202999
1.01704498	-0.13274232	0.07640855	0.03798423	0.01390534	-0.01262009
1.01966792	-0.12997781	0.07808866	0.02551203	-0.00243832	-0.01785086
1.01774347	-0.12506742	0.07561281	0.02910478	0.00979645	-0.02082067
1.01926633	-0.12748800	0.07811760	0.00971051	0.01584571	0.01551388
1.01939591	-0.12724246	0.07410045	0.01333059	0.01280390	-0.00426362
1.01899770	-0.12909735	0.08104782	0.01233156	0.00027798	-0.00962554
1.01707279	-0.13320001	0.07544039	0.02154200	0.01023669	-0.00635273
1.02229864	-0.12754276	0.07609722	0.04193600	-0.00158779	-0.01789224
1.02410456	-0.12783641	0.08286077	0.03564235	0.00715903	-0.00561084
1.02300383	-0.12803192	0.08499289	0.01985167	-0.00447368	-0.01024356
1.02004024	-0.12462626	0.08453623	0.01108571	0.01343390	0.00220237
1.02277501	-0.12599827	0.08243063	0.02882491	0.01201102	-0.02420964
1.02145344	-0.12606061	0.07955038	0.02627017	0.02366886	-0.02095183
1.02108551	-0.12384239	0.07451387	0.03894963	0.01264637	-0.00512093
1.02084149	-0.12012154	0.07132259	0.03335833	-0.00612364	-0.00059531
1.01919385	-0.12111742	0.06816419	0.02132987	-0.00143674	0.00462751
1.02045148	-0.12088031	0.07427424	0.00605476	0.01374573	-0.01445551
1.02047490	-0.12287148	0.07431386	-0.00256626	-0.00252962	0.00374272
1.02142256	-0.12275612	0.07358208	0.00978630	0.00440250	-0.01760263
1.01994547	-0.12286474	0.08888244	0.01409377	0.01063688	-0.00627282
1.02100683	-0.12117218	0.08164916	0.01277869	0.00870824	-0.03256244
1.02141719	-0.12285323	0.08213670	0.00987286	-0.00724637	-0.01033560
1.02081677	-0.12545522	0.07788132	0.00383127	0.01347220	-0.01043123
1.01975698	-0.12452423	0.07897373	0.01032640	0.01127610	-0.00302416
1.02018719	-0.12702508	0.07971754	0.00790198	0.00724322	-0.01281394
