1.02214470	-0.12471974	0.07066620	0.00470648	-0.01369181	-0.01387881
1.01978910	-0.12164973	0.06459551	0.00548238	-0.00304551	-0.00227314
1.02073179	-0.12010435	0.06872433	0.00329825	0.00063190	-0.00133364
1.02169196	-0.11909036	0.07020225	-0.00405434	-0.00525989	0.00274466
1.02312216	-0.12092893	0.07236058	-0.00110003	-0.00376337	0.00208565
1.02187989	-0.12319383	0.07598218	-0.00412159	-0.00921431	0.00565615
1.02199378	-0.11837244	0.07383925	-0.00416393	-0.01091560	-0.00672468
1.02121180	-0.12379393	0.07066953	0.00272340	-0.01149134	-0.00442822
1.02315651	-0.12234371	0.06394301	-0.00126869	-0.00494931	-0.00090409
1.02068054	-0.12275340	0.06657700	-0.00759523	-0.00113713	0.00531238
1.02150491	-0.12315350	0.07099801	-0.00664845	0.00532638	0.00474179
1.02079655	-0.12427154	0.06626163	0.00331702	0.00148958	-0.00315675
1.01785858	-0.12378067	0.06650844	0.00667949	-0.01082526	-0.00709031
1.02377710	-0.12618038	0.07540891	0.00915444	-0.00925088	-0.00126034
1.02063855	-0.12229910	0.07240790	-0.00083256	-0.01103289	-0.00044250
1.02122042	-0.12319208	0.06280667	0.00289896	-0.00629859	0.00149945
1.02009500	-0.11755927	0.07081175	0.00014185	-0.00434217	0.00336264
1.02026229	-0.12039433	0.06438558	0.00270826	-0.00401392	-0.00214600
1.02037783	-0.12423907	0.06863322	0.00373472	-0.01062628	-0.00960849
1.02046223	-0.12414604	0.07003836	0.00539232	-0.01165953	-0.00364352
1.01727727	-0.11713561	0.05475653	0.00122220	0.00134573	-0.00333776
1.01616130	-0.11109820	0.05934805	-0.00333527	-0.01622339	-0.00667289
1.01730132	-0.11359805	0.06212285	-0.00871091	-0.00727608	0.00255919
1.01928742	-0.11690839	0.07022995	-0.01016689	-0.01111551	-0.00194504
1.02082800	-0.11945117	0.07114092	-0.00781273	-0.00817740	0.00407460
1.02198225	-0.12695036	0.07608082	-0.01088543	-0.01111730	0.00540546
1.01946289	-0.12133606	0.07710897	-0.01021948	-0.00340861	0.00130428
1.02107418	-0.11976175	0.07708889	-0.00866948	-0.01286142	0.00220513
1.01918186	-0.12014307	0.07135292	-0.00627704	-0.00472986	0.00051276
1.02123921	-0.11771280	0.06553127	-0.00093988	-0.00423296	-0.00026761
1.02138146	-0.11797287	0.06653968	-0.00273650	-0.00477166	0.00446755
1.02147072	-0.11807841	0.07202759	-0.00807158	-0.00095805	0.00803060
1.02204048	-0.12214926	0.07110839	0.00024020	-0.00574760	0.01895803
1.02073519	-0.12081463	0.07169623	-0.00158422	-0.01722552	0.01365181
1.02285056	-0.12269504	0.07513437	-0.00069847	-0.01423508	0.00910244
1.02184984	-0.11844767	0.07158180	0.00637764	-0.00814608	0.01244244
1.02502607	-0.11826461	0.06310036	-0.00046526	-0.00072178	0.00824527
1.02672559	-0.11565358	0.05491236	0.00091439	0.00003482	0.00646315
1.02420816	-0.11862015	0.06326847	-0.00427901	-0.00760342	0.00070094
1.02397751	-0.11568929	0.06487518	-0.01284551	-0.00367588	0.00772224
1.01827706	-0.12044427	0.06818219	-0.01150776	0.01077049	0.01086921
1.01443856	-0.12208524	0.07888764	-0.01465974	0.00532269	0.00973549
1.01462803	-0.12271450	0.07424830	-0.00576092	0.00781712	0.00654763
1.02116180	-0.12233003	0.05639225	-0.00455010	0.00982590	0.00241147
1.01767835	-0.12251639	0.06644183	-0.00208192	0.00823052	-0.00215597
1.01892261	-0.12325046	0.06574030	0.00124397	0.00693118	0.00345634
1.02118419	-0.12332915	0.06133460	-0.00484476	0.01324968	-0.00490194
1.02221508	-0.12472712	0.06775325	0.00629216	0.01400464	-0.00283868
1.02069241	-0.11951563	0.07070601	0.00461136	0.01632519	-0.00254979
1.02016209	-0.12081428	0.07687251	0.00632804	0.01023964	-0.00108456
1.01553040	-0.11766267	0.06912569	0.00763771	0.01252226	0.00155917
1.01700886	-0.11971456	0.06195860	0.00095717	0.00131936	-0.00116466
1.02102385	-0.12127111	0.06114387	-0.00792388	0.00511274	0.00599266
1.01992056	-0.11831259	0.05690095	-0.01188706	0.00334972	0.00639653
1.02292862	-0.11795757	0.06013504	-0.00558204	0.00365924	0.01050451
1.02259385	-0.12621064	0.05859472	-0.00068292	0.00826576	0.00161827
1.02311083	-0.12713172	0.05870868	-0.00111850	0.00881173	-0.00424127
1.02133187	-0.13024981	0.07535420	0.00704808	0.00856498	-0.00407921
1.01839430	-0.12471211	0.07304169	0.00098624	0.00924813	0.00268826
1.01482506	-0.12121156	0.07263478	-0.00292573	0.00343725	-0.00123117
1.01906352	-0.12120232	0.06455143	-0.00279479	0.00684941	-0.00064587
1.02102760	-0.12004085	0.06655257	-0.00766860	0.00715345	0.00172268
1.02101457	-0.12074115	0.06217968	-0.00438688	0.01111766	-0.00988910
1.02253228	-0.12238008	0.06917129	-0.00802480	0.01151733	0.00112410
1.02338549	-0.12013574	0.06802402	-0.00197002	0.01913674	-0.00398880
1.02076182	-0.11811297	0.07242837	-0.00205952	0.01892606	-0.00248294
1.02090291	-0.12164031	0.07497597	-0.00566372	0.00504575	-0.00233993
1.02354807	-0.11813457	0.07686791	-0.00589811	0.00474072	-0.00448119
1.02500024	-0.11956409	0.07559345	-0.00357374	0.00154569	-0.00829488
1.02107219	-0.12538959	0.07093208	0.00059997	-0.00073341	-0.00286745
1.02223037	-0.12537641	0.06777711	-0.00277470	-0.00014260	-0.00920542
1.02268570	-0.12365909	0.06920352	0.00355789	0.00456483	-0.00294312
1.02269873	-0.12396303	0.07103407	-0.00119648	-0.00031654	-0.00557328
1.02199565	-0.12587003	0.07047597	0.00295085	0.00452130	-0.00423439
1.02007373	-0.11892502	0.06710102	0.00401483	0.00203322	-0.00279763
1.02213705	-0.11873043	0.06847840	-0.00039308	-0.00320338	0.00011769
1.02076205	-0.12108992	0.07132050	-0.00770122	0.00479177	-0.00528644
1.01872089	-0.12134457	0.07194882	-0.01240694	-0.00519431	0.00049139
1.02000572	-0.12388542	0.06728584	-0.00878512	-0.01319077	0.00273845
1.02104592	-0.12627614	0.06921209	-0.00197922	-0.00477721	0.00359245
1.01980495	-0.12739616	0.07569952	-0.00097360	-0.00048067	0.00537261
1.02012284	-0.12381559	0.06990105	0.00422477	0.00615418	0.00308110
1.02247868	-0.12827794	0.06447421	-0.00094483	-0.00273031	-0.00438061
1.02354122	-0.12807507	0.07259394	-0.00003209	-0.00356389	-0.00444369
1.02169019	-0.11830866	0.07211392	-0.00264802	-0.00983077	-0.00135638
1.02136580	-0.11544737	0.06882183	-0.00506166	-0.00119948	-0.00470000
1.02012060	-0.11907877	0.07693434	0.00245009	-0.00191227	-0.00340007
1.02335382	-0.12457723	0.07184954	0.00066246	0.00384893	0.00160843
1.02352063	-0.11734068	0.06327762	0.00118261	-0.00243120	-0.00466137
1.02005919	-0.12081295	0.07012103	-0.00149086	-0.00602847	0.00489036
1.01813131	-0.12225394	0.07027248	0.00944496	-0.01085858	0.00242964
1.02259844	-0.12047720	0.07001604	0.00676039	-0.01137879	0.00370162
1.02509365	-0.12224959	0.06653404	0.00483513	-0.01579429	-0.00387854
1.02337407	-0.12433621	0.06759988	0.00526837	-0.00460339	-0.00334427
1.02323761	-0.11427404	0.06716706	0.00204035	-0.00554458	-0.00014388
1.02225173	-0.11266984	0.06887603	0.00035546	0.00221614	0.00767787
1.02164050	-0.11868549	0.07311020	0.00299720	-0.00189519	-0.00267873
1.02006410	-0.12189620	0.07079576	0.00297020	-0.00516635	0.00093483
1.02181778	-0.12044000	0.06935788	-0.00139227	-0.00161067	0.00322503
1.02003976	-0.11835946	0.06737168	0.00033497	0.00015044	0.00401699
1.01906724	-0.12146801	0.06983704	-0.00025900	0.00428858	0.00434664
1.01870814	-0.11300508	0.06859392	-0.00723933	0.00308865	0.00848921
1.01924486	-0.11781470	0.07216584	-0.00366259	0.01321977	0.00277183
1.02088732	-0.11606035	0.06861559	-0.00429087	0.00274876	-0.00105283
1.01667807	-0.11496830	0.06749238	-0.00741567	0.01009470	0.00223018
1.01738094	-0.11534818	0.06549178	0.00132015	0.00591340	-0.00346802
1.01924610	-0.11726579	0.06688391	0.00390286	0.00314633	0.00089582
1.02059475	-0.11927107	0.07264031	0.00002725	0.00674675	-0.00218517
1.02214063	-0.11921638	0.06703372	-0.00242470	0.00447914	-0.00279429
1.02002532	-0.12117599	0.06774145	-0.00494419	0.00068459	0.00531571
1.02202834	-0.11978571	0.07070689	-0.00366062	0.01054713	0.00678010
1.02243304	-0.11748085	0.06818863	-0.00467801	0.00591476	0.00738612
1.02094523	-0.12034445	0.06972286	0.00066452	0.01257064	0.00250969
1.02166458	-0.11922163	0.07282120	-0.00670987	0.00172863	-0.00035465
1.02010049	-0.12616897	0.06883244	-0.01040904	0.00166103	-0.00040832
1.01927159	-0.12722264	0.06183610	-0.01420559	0.00835537	0.00346896
1.02016927	-0.12720520	0.06206753	-0.00886712	0.00478545	-0.00219065
1.02118395	-0.12091316	0.07399063	0.00597273	0.00636181	-0.00063200
1.02021332	-0.12340123	0.07368499	0.00644973	0.00568673	-0.00264766
1.01884549	-0.12751252	0.07262811	0.00442583	0.00353757	-0.00316611
1.01804769	-0.11956101	0.06545880	0.00495086	0.01085728	-0.00410582
1.01811320	-0.11805176	0.06815861	0.00809604	0.01105174	-0.00918711
1.01876950	-0.12235122	0.07006583	0.01132362	0.00339501	-0.00527191
1.01848186	-0.12215643	0.06098398	0.00394585	0.00503595	-0.00626471
1.02019967	-0.12259486	0.05894673	0.00232544	0.00498463	0.00028852
1.02290085	-0.12026815	0.06660291	0.00481126	-0.00492058	0.00296569
1.02147264	-0.11946192	0.07419953	-0.00400637	0.00252305	0.00144890
1.01930874	-0.11959786	0.07257589	0.00101921	0.00913193	-0.00252016
