1.02552115	-0.12000939	0.07215707	-0.00370178	-0.00149484	0.00880561
1.02284293	-0.11724927	0.07157477	-0.00250913	0.00600875	0.00883676
1.02132342	-0.11470302	0.07288373	0.00118712	0.00411855	0.01010741
1.02109409	-0.11816205	0.07150140	-0.00263815	0.00524291	0.00658391
1.01880864	-0.11767192	0.06835889	-0.00182420	0.00237709	0.00368954
1.02038541	-0.11514313	0.06464686	-0.00034649	0.00437651	0.00447939
1.02275552	-0.11288184	0.06516937	0.00211395	0.00287006	0.00192173
1.02135480	-0.11518744	0.06786381	-0.00703935	-0.00405986	-0.00073313
1.02174501	-0.11729366	0.06783715	-0.01277094	-0.00312505	0.00639540
1.02111747	-0.11980062	0.06924945	-0.01037851	0.00032461	0.01396075
1.01940736	-0.11768742	0.06564251	-0.01183818	0.00153307	0.00666117
1.01755188	-0.11741809	0.06457502	-0.00731802	-0.00295640	0.00462483
1.02363919	-0.11919266	0.06419636	-0.00333058	0.00224949	0.00537437
1.02466317	-0.11445075	0.06115794	-0.00650709	-0.00503411	0.00107893
1.02074541	-0.11889422	0.05693944	-0.00474962	-0.00682190	-0.00315908
1.01804208	-0.11809412	0.05545194	-0.00755128	-0.00115405	-0.00394443
1.01940811	-0.11931553	0.06316481	-0.00571408	-0.00917418	0.00496611
1.02001816	-0.11939670	0.07122947	-0.00382258	-0.00680125	0.00700891
1.02119975	-0.12095874	0.07285143	-0.00303116	-0.00410824	0.00823094
1.02283842	-0.12337097	0.06731013	-0.01058461	-0.00109267	0.00676830
1.02505667	-0.12690206	0.07374287	-0.00800542	0.00122496	0.00553297
1.02329763	-0.12592505	0.06878016	-0.00666589	-0.00005583	0.00501527
1.02588722	-0.12152577	0.07100369	0.00216439	-0.00856017	0.00427750
1.02537956	-0.12085216	0.07219370	0.00091142	-0.00376238	0.00314462
1.02470295	-0.12106483	0.07165160	0.01113264	-0.00159436	-0.00808767
1.02470388	-0.12275925	0.07045797	0.00993356	0.00361166	-0.00524299
1.02571187	-0.11974840	0.06339386	0.00618427	0.00022100	0.00066647
1.02489637	-0.11868065	0.06137023	0.00553928	0.00507540	0.00805672
1.02377168	-0.11974155	0.06598397	0.00444426	-0.00024528	0.01467734
1.01799886	-0.11660949	0.06512459	-0.00274883	-0.00024445	0.00807719
1.01891372	-0.11975373	0.06381241	-0.00481610	0.00277672	0.00520795
1.01952849	-0.12281708	0.06896248	-0.00708602	0.00758569	0.01092285
1.02087713	-0.12224919	0.06869768	-0.00420140	0.00281399	0.00877586
1.02245148	-0.12040188	0.06664889	-0.00278202	-0.00027034	0.01230797
1.02105615	-0.12406031	0.06569454	0.00182759	-0.00123471	0.01273821
1.02056194	-0.11963158	0.06593916	-0.01279173	-0.00118698	0.00782600
1.01981136	-0.11571271	0.06729188	-0.00268608	-0.00716111	0.00589654
1.02247961	-0.12397860	0.07386855	-0.00067609	-0.00323973	0.01139189
1.02256028	-0.11948940	0.07416762	-0.01531862	-0.00094416	0.00441722
1.02119081	-0.11791890	0.06837618	0.00116246	-0.00795007	0.00454101
1.02236593	-0.11581345	0.06134728	0.00068507	-0.00392896	0.00706425
1.02187890	-0.12562601	0.06527939	-0.00375252	-0.00356210	0.00662682
1.02019971	-0.12938281	0.07045536	0.00117040	-0.00039806	0.00545684
1.01847144	-0.13437569	0.06149828	0.00474980	0.00254346	0.00461570
1.01540576	-0.12568344	0.05880138	0.00330946	0.00259516	0.00252967
1.01830422	-0.12646453	0.06116068	0.00074580	0.00179547	0.00395995
1.01746689	-0.12491661	0.06428075	0.00017539	0.00391277	0.00240563
1.01788962	-0.12218595	0.06501907	-0.00692690	0.00315473	0.00176677
1.02044222	-0.12288599	0.06233754	-0.00036958	0.00332696	0.00301346
1.02178559	-0.12004953	0.06417823	0.00027760	0.00654493	0.00505980
1.02190954	-0.12524537	0.05865013	-0.00447278	0.00191226	0.00949022
1.02456026	-0.12552480	0.05230800	-0.00936304	-0.00120090	0.01220785
1.02274632	-0.12141897	0.05862614	-0.00882157	-0.00403673	0.00157395
1.01775082	-0.12268145	0.05869451	-0.01173291	-0.00322237	0.00027556
1.01933155	-0.11907321	0.05851806	-0.00163642	-0.00836242	-0.00378002
1.01830379	-0.12216662	0.05673361	-0.00572242	-0.01424523	0.00501127
1.01900473	-0.12058620	0.06778346	-0.00002055	-0.01045502	0.00857308
1.01952467	-0.11690024	0.07102946	-0.01110731	-0.01415675	0.01419472
1.01916748	-0.12585970	0.07438875	-0.00621016	-0.00650414	0.00735483
1.02010152	-0.12058100	0.06754143	-0.01416933	-0.00968397	0.00985621
1.01999323	-0.12199204	0.06988484	-0.01522465	-0.00963257	0.00793051
1.01863248	-0.13316950	0.06286577	-0.01164304	-0.00451669	0.00957745
1.01771646	-0.13017621	0.06526589	-0.00900812	-0.00013067	0.01048634
1.01981575	-0.12411456	0.06167009	-0.00298099	-0.00229339	0.00328028
1.02077539	-0.12829360	0.05899447	-0.00122443	-0.00011493	0.00240150
1.02210398	-0.12591468	0.06160719	0.00385276	0.00915988	0.00420657
1.02329118	-0.12211664	0.06736875	0.00764072	0.00456890	-0.00053662
1.02143696	-0.12106336	0.06867121	0.01020025	0.00159935	-0.00169906
1.02376524	-0.12783547	0.06713997	0.00354137	-0.00033055	-0.00061368
1.02161394	-0.12762115	0.06186937	0.00914840	-0.00397497	0.00555699
1.02222619	-0.12813096	0.06228969	0.01337344	-0.01196065	0.00269955
1.01936039	-0.12864456	0.06246485	0.00470799	-0.00021753	0.00358090
1.01987388	-0.12617809	0.06128510	0.00015585	-0.00292321	-0.00119605
1.02108276	-0.12983774	0.06238511	0.00629959	-0.00433104	-0.00122734
1.02032037	-0.12866437	0.05942059	0.00731843	-0.00192598	-0.00068142
1.02169794	-0.13051659	0.05737654	0.01018140	-0.00078455	-0.00265827
1.01973488	-0.12712470	0.06243181	0.00097133	-0.00957478	0.00103143
1.02080497	-0.12470722	0.06119040	0.00321805	-0.00064104	-0.00093185
1.01951880	-0.12664504	0.05764458	-0.00330225	0.00175497	0.00185787
1.02391623	-0.12945420	0.05647196	0.00007770	-0.00330084	-0.00226996
1.02434067	-0.12750243	0.05778578	-0.00093523	-0.00561573	0.00231402
1.02260493	-0.12208177	0.05640137	-0.00836196	-0.00203659	0.00591623
1.02068739	-0.12485119	0.05953211	-0.00654123	0.00346803	0.00433321
1.01923916	-0.12218190	0.05666100	0.00005827	0.00378455	-0.00020797
1.02086028	-0.12656231	0.05903511	-0.00622841	0.00188590	-0.00246256
1.01994984	-0.12428731	0.06242697	-0.00040137	0.00500955	-0.00037018
1.01986313	-0.12137307	0.07037968	-0.00293569	0.00096565	-0.00406469
1.01823539	-0.12109072	0.06988524	-0.00038632	-0.00372396	-0.00355709
1.01788943	-0.12419225	0.07330845	-0.01448314	-0.00149348	-0.00239502
1.02025158	-0.12592176	0.07164725	-0.00356637	-0.00539451	-0.00170756
1.02248777	-0.12352620	0.06857433	-0.01202381	0.00146735	0.00367007
1.02320513	-0.12456795	0.05792162	-0.00593612	-0.00078610	0.00103825
1.02119465	-0.12845161	0.06126731	-0.00150435	0.01079498	-0.00234888
1.01990705	-0.12335324	0.05878611	0.00598252	0.00251032	-0.00429498
1.02048243	-0.12082733	0.06108499	0.01537512	0.00437021	-0.00111910
1.02140704	-0.12342496	0.05998908	0.01514564	0.00184868	-0.00014138
1.02309038	-0.12653276	0.06744660	0.00508248	0.00848986	-0.00044533
1.01947753	-0.12094707	0.06266369	-0.00070300	0.00685390	-0.00187146
1.01923019	-0.11935053	0.06901753	-0.00331649	0.00956628	-0.00006742
1.01905079	-0.11885519	0.06575844	-0.00261631	0.00315817	-0.00295524
1.02015306	-0.12001901	0.06129518	0.00305105	-0.00049615	-0.00494165
1.01828279	-0.12443888	0.05897291	0.00495031	-0.00244679	-0.01063053
1.02089378	-0.13248650	0.06460691	0.00879761	0.00013761	-0.00919883
1.02091460	-0.13034815	0.06593481	0.00650391	0.00527437	-0.01037062
1.02665145	-0.12847840	0.06469184	0.00317386	0.00407373	-0.00868421
1.02264415	-0.12581073	0.06911245	0.01886514	-0.00259943	-0.00848461
1.02217662	-0.12441747	0.06985235	0.02963476	-0.00736605	-0.00488725
1.02274938	-0.11946216	0.06991357	0.01425012	-0.00918133	-0.00394058
1.02076660	-0.11441746	0.06294400	0.00442472	-0.01033478	0.01016695
1.01780704	-0.10999460	0.06322065	-0.00538147	-0.00389713	0.00956365
1.02043497	-0.11616838	0.06399809	-0.00374650	-0.00975138	-0.00173714
1.02035680	-0.12704427	0.06144904	-0.00326658	-0.01139974	-0.00682046
1.02298743	-0.12473333	0.05755985	-0.01200411	-0.00678435	-0.01552060
1.02259533	-0.12334677	0.05308972	-0.01351097	0.00303236	-0.01899453
1.02090836	-0.12566510	0.05399563	-0.01523573	0.01104589	-0.01535185
1.01998734	-0.12238362	0.05731478	-0.01227310	0.00908202	-0.01454631
1.02108982	-0.12561629	0.06033609	-0.01361489	0.00275231	-0.01014441
1.01863271	-0.12286526	0.06194389	-0.00965646	-0.00562619	-0.00949838
1.01930757	-0.12460975	0.06709602	-0.00045797	-0.01357855	-0.00587358
1.02023171	-0.12356853	0.06536414	-0.00394319	-0.00331115	-0.00156234
1.02292762	-0.12543367	0.06012775	0.00678729	0.00394125	-0.00847829
1.02044093	-0.12974455	0.06357015	0.00122259	0.00497051	-0.01028929
1.02002336	-0.12871017	0.06230546	0.00973740	0.00727058	-0.00696567
1.02044977	-0.12483635	0.05961073	0.01653004	0.00861552	-0.00780714
1.02119172	-0.11603367	0.06716060	0.01230097	0.00713841	-0.00397891
1.02208743	-0.12282738	0.06372511	0.01074086	0.01112753	-0.00784623
1.01969510	-0.12080162	0.06075875	0.00550398	0.00962788	0.00473825
1.02113973	-0.12414283	0.06567484	0.00768390	0.00355384	0.00637863
