0.61567620	0.56837840	0.56095153	0.00308574	-0.03126539	0.01908700
0.61387712	0.56869409	0.55410168	0.00665441	-0.03023444	0.00375588
0.61492227	0.56681593	0.55737983	0.00878608	-0.03555902	0.00880734
0.62020126	0.56872583	0.54662913	0.00424505	-0.03751784	0.00035718
0.61903638	0.56285733	0.54731791	0.00284113	-0.03859167	0.00436869
0.61866580	0.56130194	0.55060277	0.00151970	-0.05048808	0.01280324
0.62450415	0.56289623	0.55726005	0.00119428	-0.01059684	0.00926517
0.62783145	0.56291920	0.55578773	0.00207258	-0.00669106	0.00456263
0.62479214	0.56402986	0.55485519	0.00693571	-0.01024363	0.00358457
0.62262691	0.56348297	0.55127742	0.00573260	-0.02734025	0.00220938
0.62139798	0.56316903	0.54695448	0.00493873	-0.03055065	0.00508811
0.62762304	0.57147992	0.54926098	0.00725596	-0.03054229	0.00118738
0.62480654	0.56833050	0.54871887	0.00877826	-0.02153829	0.00569038
0.62275717	0.56583808	0.55406835	0.00769047	-0.02375015	0.00612004
0.62411368	0.56246458	0.54492594	0.00453937	-0.01995449	0.01034303
0.62444002	0.56291658	0.54837591	0.00407633	-0.01391070	0.00718708
0.62574966	0.56268802	0.55102802	0.00434254	-0.01963489	0.01334378
0.62489133	0.56187803	0.54696915	0.00535822	-0.02145755	0.00173115
0.62441493	0.55853131	0.53715343	0.00566589	-0.02370715	0.00604726
0.63005016	0.56202827	0.54297515	0.00431766	-0.01059647	0.00550823
0.62608228	0.56365083	0.54916347	0.00242546	-0.03147774	0.00548577
0.62392941	0.56385083	0.54835116	0.00583472	-0.02882711	0.00298496
0.62841849	0.56652597	0.55209545	0.00835026	-0.01536990	0.01006039
0.63135191	0.56317760	0.54576055	0.00834144	-0.01575541	0.00526582
0.63588740	0.56194705	0.54053009	0.01021305	-0.00432803	0.00889739
0.63087294	0.56001859	0.54520602	0.00667571	-0.00902016	0.00750711
0.62788464	0.56166341	0.55285172	0.00200232	0.00025236	0.00251943
0.62508667	0.56003036	0.54199657	0.00114512	-0.00529954	0.00335433
0.62905277	0.56039528	0.54309832	0.00292858	0.02374362	-0.00435515
0.62798822	0.55852041	0.53951556	0.00330468	0.02921755	-0.00088597
0.62581225	0.55938882	0.53311551	-0.00532356	0.01013758	0.00146272
0.62813017	0.56093316	0.53962329	-0.00501296	0.01651011	-0.00785242
0.62892842	0.56691529	0.55385890	-0.00392361	0.01514838	-0.00283889
0.62898045	0.56886471	0.54955713	-0.00216618	0.02397924	-0.00331220
0.62781861	0.56780150	0.54013187	-0.00769664	0.02971306	-0.01013899
0.62636415	0.56340125	0.55009393	-0.01037545	0.02527386	-0.00739053
0.62069276	0.56137170	0.54457675	-0.01118542	0.02433241	-0.00872304
0.62037834	0.56259994	0.54535397	-0.00771184	0.02029848	-0.00746783
0.62321255	0.56434970	0.54838201	-0.00694781	0.02353158	-0.00106862
0.62513549	0.56648697	0.55320311	-0.00315078	0.03194531	-0.00250723
0.62490213	0.56446190	0.54840428	-0.00900262	0.03570264	-0.00232618
0.62291666	0.56101690	0.54886914	-0.00743810	0.02197287	-0.00515406
0.62483279	0.55657284	0.55142980	-0.00436730	0.01438211	-0.00490364
0.62248840	0.55808003	0.55134994	-0.00371988	0.01603660	-0.00314693
0.62198111	0.55813115	0.54788607	-0.00042423	0.01549308	-0.00237170
0.62158841	0.55948890	0.55708771	-0.00829428	0.01905968	-0.00685366
0.61926981	0.56323679	0.55173196	-0.00532028	0.01998558	-0.00679361
0.62093694	0.56424182	0.54168170	-0.00438928	0.01731887	-0.00496113
0.62069419	0.55810144	0.55202342	-0.00547241	0.04902741	-0.00573773
0.61724588	0.55921756	0.54660761	-0.00235295	0.04005685	-0.00657393
0.61605311	0.56543755	0.54712650	-0.00287390	0.01900407	-0.00171306
0.61412421	0.57178352	0.55326394	-0.00311479	-0.00100425	-0.00399665
0.61780818	0.57072867	0.54855286	-0.00235750	-0.00683658	-0.00363042
0.61475421	0.56743418	0.54630665	0.00155519	-0.01682540	-0.00026939
0.61966752	0.56663225	0.55117310	0.00168123	-0.02587542	-0.00336028
0.61556323	0.56387155	0.55381880	0.00209698	-0.00942018	0.00324036
0.61947791	0.56357470	0.55350725	0.00424056	-0.02745440	0.00832320
0.62028406	0.57163212	0.54940272	0.00458503	-0.02582873	0.00416738
0.62069633	0.56534413	0.55162251	0.00622304	-0.03021629	-0.00119169
0.62406332	0.55973232	0.55643748	0.00702491	-0.02567985	0.00495077
0.62507147	0.55989883	0.55201070	0.01301318	-0.01739617	-0.00065141
0.61942768	0.56088933	0.55855886	0.00598841	-0.02150471	0.00085036
0.62397588	0.56118792	0.55412633	0.00259991	-0.02781000	-0.00330270
0.62177363	0.56476523	0.55585244	0.00544501	-0.05416135	0.00298844
0.62788101	0.56558786	0.54993906	0.00276225	-0.02993820	0.00133623
0.62678992	0.56719424	0.54204487	0.00177469	-0.02608665	0.00680563
0.61853728	0.56693468	0.54516553	0.00581728	-0.02494494	0.00555012
0.61827296	0.56638671	0.54903915	0.00074938	-0.03109660	0.00740116
0.61918660	0.56550754	0.55170406	0.00661540	-0.03600765	0.01057388
0.62508730	0.56487871	0.54738069	0.00214758	-0.02384990	0.00554557
0.62548992	0.56470701	0.54815390	0.00495987	-0.02388943	0.00833776
0.62507171	0.56579395	0.55336064	0.00877889	-0.02867054	0.00798650
0.62525109	0.56336084	0.54579583	0.00615149	-0.03609024	0.01293767
0.62522113	0.56478589	0.54324380	0.00540918	-0.03124234	0.00669566
0.62959416	0.56377724	0.53539597	0.00467939	-0.02632494	0.01005628
0.62937645	0.56455940	0.54336860	0.00530211	-0.03957595	0.00739993
0.62542816	0.56602046	0.54525343	0.00821002	-0.02712394	0.00300090
0.63072540	0.56607056	0.55335789	0.00414070	-0.02714493	0.00462604
0.62804504	0.56560725	0.54703453	0.00425436	-0.01931957	0.01229120
0.62797661	0.56624935	0.54610188	0.00139645	-0.01100500	0.00650098
0.62584398	0.56487264	0.54317364	0.00088285	-0.01250725	0.00787478
0.62786271	0.56479197	0.53695876	0.00300479	-0.00728275	0.00554245
0.62658195	0.56377525	0.53904202	0.00335720	0.00169781	0.00272942
0.62942497	0.56410449	0.53746305	0.00435371	0.01435223	-0.00151461
0.62305198	0.56230363	0.53963321	-0.00089872	-0.00232380	0.00109163
0.62790135	0.56446245	0.53499368	-0.00179472	0.00889632	-0.00512183
0.62501995	0.56324809	0.54286779	-0.00330054	0.01806424	-0.00888078
0.63033804	0.56391630	0.54823750	-0.00446088	0.01697281	-0.01047710
0.62947257	0.56319189	0.55259020	-0.00653298	0.04885013	-0.00790654
0.63330604	0.56189003	0.55012119	-0.00674655	0.06472044	-0.01213607
0.62458452	0.56291986	0.54622660	-0.00475437	0.05319651	-0.00832519
0.62170664	0.56363874	0.54313590	-0.00722819	0.03572242	-0.01124403
0.62688082	0.56251051	0.54115013	-0.00724500	0.03728747	-0.00490972
0.62731520	0.56731619	0.54273380	-0.00615575	0.01713416	-0.00837874
0.63092667	0.57653949	0.54059755	-0.00504262	0.02335169	-0.00456374
0.62622691	0.56936528	0.54490096	-0.00241947	0.01739020	-0.00408354
0.62655867	0.56359953	0.54560694	-0.00198259	0.03166935	-0.01170184
0.62569113	0.56414999	0.54929655	-0.00317430	0.01970548	-0.00191280
0.62626539	0.56175090	0.55148062	-0.00443864	0.01758679	0.00471887
0.62198720	0.56695124	0.55306132	-0.00521255	0.00923165	0.00470164
0.61924587	0.56686053	0.54752069	-0.00659819	0.00944026	0.00112632
0.61976991	0.56743290	0.54874804	-0.00686841	0.00040825	0.00085103
0.61946639	0.57000641	0.55211901	-0.00563065	-0.01238209	-0.00744831
0.61967063	0.56377083	0.55516495	0.00076680	-0.01231751	-0.00216589
0.61989386	0.56797444	0.55303082	0.00077587	-0.02215454	0.01092404
0.62232557	0.56421283	0.55227237	0.00550749	-0.01640337	0.00072940
0.62148259	0.56612316	0.54857412	0.00318154	-0.01465740	0.00960438
0.62029188	0.56638385	0.54816436	0.00453256	-0.03120622	0.01029043
0.62813004	0.56368006	0.54443820	0.00365419	-0.01884858	0.00865116
0.62456850	0.56444061	0.54357183	0.00396659	-0.00515815	0.00562659
0.62176759	0.56254979	0.54501175	0.00563816	-0.02810803	0.00983853
0.62499583	0.56081936	0.54254263	0.00682631	-0.03682442	-0.00151934
0.63051182	0.56253668	0.54404097	0.00753717	-0.03282925	0.00454554
0.62894701	0.56265388	0.54688381	0.00580368	-0.01340590	0.00343694
0.62465356	0.55751434	0.54550843	0.00279483	-0.01303938	0.00343986
0.63160203	0.56244933	0.55092758	0.00786553	-0.00777944	0.00287612
0.62787422	0.56652732	0.55280653	0.00387898	-0.00461992	0.00382122
0.62453879	0.56389112	0.53990503	0.00154347	0.00264201	0.00478897
0.62614160	0.56401341	0.54420653	0.00521315	-0.01114411	0.00342619
0.62756422	0.56378552	0.54313058	-0.00235173	0.00726387	0.00062751
0.63084104	0.56366302	0.53369327	-0.00230052	0.02779027	-0.00577934
0.62783594	0.56177758	0.53694231	-0.00388997	0.02881612	-0.00356727
0.62355463	0.56349515	0.54524310	-0.00781593	0.02426221	-0.00212222
0.62847092	0.56450796	0.54824739	-0.00632210	0.02412353	-0.00363908
0.62560345	0.56491735	0.55022001	-0.00833633	0.01477190	-0.00628640
0.62771869	0.56370448	0.54442955	-0.00841227	0.02422102	0.00503996
0.62604155	0.56183540	0.54737451	-0.01011391	0.02725499	-0.01017456
0.62119004	0.56228750	0.54702419	-0.00558297	0.01624266	-0.00665692
