1.02044001	-0.00422875	0.16324318	0.00273207	0.00248327	0.02461163
1.01468505	-0.00733030	0.16035350	0.00061286	-0.00549072	0.01560122
1.01526736	-0.00216869	0.16201674	0.00441037	0.00142293	0.01879284
1.01175503	-0.00554834	0.16872249	0.00882263	0.00246430	0.01455225
1.00830309	-0.00799321	0.15860887	0.00915318	-0.00877357	0.02018515
1.01117761	-0.00503783	0.16233935	0.01040050	-0.00897354	0.01157977
1.01574791	-0.00684622	0.16165602	0.01858062	-0.00107298	0.01326411
1.01641876	-0.00041446	0.15709311	0.01207263	0.00236328	0.01859545
1.01795478	-0.00537374	0.16144834	0.01050816	0.00682475	0.00510908
1.02248945	-0.00148141	0.15983771	0.01656185	0.00802728	0.01239922
1.01481714	-0.00523467	0.15980625	0.01368136	0.00374179	0.01699507
1.01384792	-0.00542816	0.16646354	0.00755162	0.00938275	0.02599984
1.01205721	-0.00343393	0.17441012	-0.00387352	0.00538006	0.02183679
1.01252179	-0.00624285	0.16523257	-0.00033506	0.01379054	0.01293847
1.01735515	-0.00720919	0.16314106	0.00699465	0.01157785	0.01887675
1.01703531	-0.00821255	0.16308689	0.00661301	0.02601202	0.01275574
1.01221822	-0.00815951	0.16450986	0.01318865	0.02024893	0.01239893
1.00680885	-0.00429036	0.16484463	0.00236116	0.02222852	0.01734026
1.00581411	-0.00392140	0.16801967	0.01437019	0.03813379	0.00780016
1.00739762	-0.00371829	0.16814090	0.00598118	0.02166020	0.01011111
1.00823689	-0.00274712	0.17676818	0.00623258	0.01350691	0.00693429
1.01142617	-0.00395866	0.17130280	0.00751655	0.01831512	0.00985938
1.01135321	-0.00366682	0.16991303	0.00382223	0.01770658	0.01178070
1.01003621	-0.00306479	0.17549522	0.00562608	0.00522567	0.01189352
1.01619943	-0.00097868	0.17844882	0.00727338	0.01304590	0.00134405
1.02044548	-0.00188612	0.17568382	0.00839005	0.00582491	0.00509925
1.01351609	-0.00044843	0.18212274	0.00768735	0.00364588	0.01315582
1.00778982	0.00239479	0.18285369	0.00833767	0.00383410	0.01894028
1.00980254	0.00343685	0.17709084	0.00631547	-0.00154792	0.01620244
1.01266787	-0.00276956	0.18201033	0.01592229	-0.01373135	0.02176726
1.01266367	-0.00729638	0.17936447	0.01174180	-0.01316244	0.02008479
1.01148135	-0.00855819	0.17905762	0.01884946	-0.01475328	0.02906752
1.01442762	0.00232178	0.17752064	0.01465575	-0.00245241	0.01621305
1.01233466	-0.00120668	0.17649033	0.01326110	-0.00669709	0.02579622
1.00868719	-0.00218734	0.17566347	0.00414229	-0.00160443	0.02055417
1.01178137	-0.00581065	0.17386317	0.00801474	-0.01114837	0.02701310
1.01236745	-0.00551612	0.16564515	0.00918802	-0.01110114	0.02292509
1.01417121	-0.00602650	0.16897527	0.00934297	-0.00219738	0.02508659
1.01520438	-0.00841668	0.16998129	0.01977283	-0.01090375	0.00581279
1.01522530	-0.00802823	0.18189750	0.01923242	-0.01449863	0.00680894
1.01388016	-0.00050918	0.17601657	0.01745820	-0.01948512	0.00755692
1.01532243	-0.00488098	0.17888249	0.01971025	-0.00095168	0.00477840
1.01023989	-0.00266750	0.18443058	0.01966330	-0.00535208	0.00698635
1.00668361	0.00013107	0.17300923	0.01349052	0.00790050	-0.00311139
1.00492022	0.00473341	0.17007819	0.01610134	0.00531431	0.01233885
1.00613729	0.01115874	0.17004556	0.01435518	0.01364328	0.01827006
1.01314117	0.00355740	0.18392203	0.01053162	0.01098170	0.02143064
1.01771021	0.00102219	0.18657173	0.01373500	0.00708826	0.00977678
1.01698433	0.00079843	0.18228483	0.00762989	0.00684184	0.01090549
1.01986984	0.00802504	0.18466277	0.00772157	0.00928304	0.01523604
1.01273507	0.01436658	0.18919708	0.01071124	0.01458714	0.02818115
1.01688812	0.01165796	0.18601534	-0.00258700	0.02387468	0.02739252
1.01420048	0.01980466	0.18668036	-0.00319314	0.01696382	0.03717303
1.01132718	0.00561035	0.18770102	-0.00315004	0.02147705	0.03149479
1.01328769	-0.00545304	0.17973153	0.00222498	0.00321699	0.05377063
1.01158474	-0.00533960	0.17457809	-0.00232622	0.00194155	0.04629357
1.00810193	-0.00063703	0.18290852	-0.00784486	0.00285405	0.04493402
1.00999948	-0.00740486	0.18156499	-0.00910959	0.00436351	0.03818611
1.01069668	-0.00289889	0.19076486	-0.01114212	0.01573394	0.04453921
1.01468552	0.00175976	0.19250827	-0.01662958	0.01481092	0.03995711
1.01294832	-0.00518947	0.19125865	-0.00661514	0.01774462	0.03913976
1.01102842	-0.00220205	0.19173381	-0.00631370	0.00025889	0.03466614
1.01180982	0.00224268	0.19249402	0.01414719	-0.01421876	0.03242407
1.01472663	-0.01010306	0.19208327	0.00947836	-0.01280512	0.02465318
1.01094582	-0.01023142	0.19215338	-0.00111456	-0.01028048	0.02097573
1.00841470	-0.01262325	0.19208117	0.00436356	-0.00293151	0.02652197
1.00849971	-0.00584017	0.19959231	0.00872147	-0.01726334	0.01470420
1.00591187	-0.00274609	0.19864378	0.01148596	-0.00614213	0.02846585
1.00451671	-0.00419214	0.17713298	0.01291287	-0.01141818	0.02729469
1.00124695	-0.00905932	0.19183603	0.01643441	-0.02108411	0.02823276
1.00958007	-0.00829609	0.19373403	0.02038660	-0.02154766	0.02897776
1.00938445	-0.00134088	0.19408341	0.01941320	-0.04021304	0.02923623
1.01161939	-0.00810372	0.19373327	0.01757202	-0.04122592	0.01960222
1.01120803	-0.00510759	0.18674508	0.02305816	-0.02275068	0.01918798
1.01463999	-0.00532521	0.18107394	0.01401589	-0.02384028	0.01888084
1.01488489	-0.00331322	0.17882107	0.01522545	-0.02047905	0.02721632
1.01415651	-0.00932765	0.18189701	0.01617962	-0.00595748	0.02392726
1.01185414	-0.00228564	0.18026795	0.01642812	0.00450107	0.00998494
1.00986017	-0.00573098	0.18203875	0.01787356	-0.00598250	0.02634388
1.00298058	-0.00313084	0.18375820	0.01561022	-0.01829489	0.02540553
1.00712170	0.00160961	0.18031235	0.00863112	-0.01138009	0.02740418
1.00994977	-0.00688330	0.17915281	0.01240819	-0.01175443	0.02184924
1.01012435	-0.00642929	0.19375183	0.01386805	-0.02046285	0.02648818
1.01010712	-0.00267889	0.18748296	0.00901493	-0.00840229	0.01885907
1.01191010	-0.00765594	0.17987216	0.01513171	-0.01476457	0.01756488
1.01108273	-0.00653366	0.18188209	0.01822112	-0.00217491	0.01806766
1.00762602	-0.01164666	0.17827370	0.01876102	-0.01237878	0.02431627
1.01215566	-0.01284457	0.18933846	0.02365356	-0.00734496	0.01554176
1.01402183	-0.00596176	0.19372457	0.01097643	-0.01628679	0.01260506
1.00831442	-0.00452967	0.19372376	0.02241856	-0.00001474	0.00040442
1.00938681	-0.00248763	0.19241230	0.02752098	-0.00764473	0.02175203
1.00730091	-0.00394435	0.19294228	0.02764054	-0.00868533	0.01523666
1.01044424	-0.00639172	0.19893864	0.02097278	-0.02468871	0.01988431
1.00885987	-0.00390385	0.19358248	0.02048825	-0.01113178	0.02099061
1.00873218	0.00309345	0.19467522	0.01723143	-0.03163313	0.01889069
1.01204238	0.00391974	0.19647669	0.01425899	-0.01835067	0.02375967
1.01250379	0.00376335	0.18726087	0.01484492	-0.02158841	0.03016502
1.01121850	0.00387680	0.18513477	0.01108639	-0.02898681	0.02957794
1.01092713	-0.00055777	0.19396807	0.01708479	-0.03779132	0.03436420
1.00681374	-0.00119252	0.18971434	0.01724456	-0.02557926	0.03467857
1.01128543	-0.00101075	0.18657655	0.00519071	-0.02359609	0.03325325
1.00935738	-0.00087937	0.19405765	-0.00000071	-0.01562087	0.03634499
1.01225666	-0.00617145	0.18480107	0.00589733	-0.02188309	0.04106237
1.01081306	-0.01020432	0.18100529	0.00374498	-0.00908616	0.04485690
1.01132312	-0.00569453	0.18023232	0.00483396	-0.02371082	0.03651904
1.00979132	-0.00404298	0.18232048	0.00252233	-0.01796622	0.02732874
1.01163537	-0.00526377	0.18737130	0.00421146	-0.02104499	0.04243392
1.01079757	-0.00585144	0.18376537	0.00728281	-0.02663424	0.02391162
1.01085483	-0.01070676	0.18886481	0.00647847	-0.03794550	0.03412327
1.00850474	-0.00809331	0.18437465	0.01096345	-0.01800351	0.03123127
1.01243532	-0.00464852	0.17987377	0.01444554	-0.01900172	0.02613898
1.00967184	-0.00765709	0.18526181	0.00498076	-0.03672040	0.02434950
1.00772521	-0.00366851	0.19081154	0.01064944	-0.02714740	0.04241965
1.00478959	-0.01418259	0.18672993	0.01083678	-0.02665203	0.03473938
1.00905682	-0.00923479	0.18719232	0.00879647	-0.03197217	0.03909665
1.01183722	-0.00658073	0.17782647	0.01154955	-0.02708704	0.02555939
1.00741253	-0.00910081	0.17420136	0.01631200	-0.01733003	0.03381193
1.01284099	-0.00448489	0.16811395	0.00937280	-0.00640354	0.03380934
1.01344277	-0.00904090	0.16974270	-0.00146849	-0.00719647	0.03187945
1.00684427	-0.00936887	0.17899633	0.00853848	-0.01192263	0.02693990
1.01258499	-0.00814867	0.19084842	0.02013051	-0.01380747	0.02418999
1.00646126	-0.00860018	0.19047183	0.01818628	-0.03105825	0.02805053
1.00872171	-0.01136262	0.18523324	0.00777490	-0.02003272	0.02085513
1.01169574	-0.01430416	0.18518482	0.01320629	-0.02025850	0.02098005
1.01602509	-0.00954734	0.18799748	0.00999879	-0.01264302	0.02156256
1.01779738	-0.00604151	0.18392153	0.01195830	-0.01076143	0.01708120
1.01038909	-0.00602591	0.19236148	0.01388853	-0.01184345	0.02428011
1.00675854	-0.01145874	0.18573535	0.00867658	-0.01413759	0.02661415
