1.00894761	-0.00963441	0.19309619	0.00025489	0.00224206	0.00081131
1.00840579	-0.01196043	0.18960311	0.00539786	0.01050348	0.00461136
1.00815480	-0.01367656	0.19383059	0.00125415	0.01025044	0.00429383
1.01161177	-0.01036926	0.19151008	0.00621902	0.01114392	0.00386044
1.01138513	-0.01201951	0.18663868	0.00491265	0.00833689	-0.00272311
1.00806127	-0.01134659	0.19052871	0.00762579	0.00783145	-0.01019724
1.00783748	-0.01053777	0.18816797	0.00997270	0.00834904	-0.00838104
1.00811093	-0.00589612	0.18905435	0.00652011	0.00602099	-0.00661597
1.00556796	-0.00987259	0.19678142	0.00791419	0.00459137	0.00191762
1.01207370	-0.00877243	0.19617914	0.01398376	0.00417412	-0.00067749
1.01207064	-0.00661070	0.19013886	0.01287481	-0.00557983	-0.00296914
1.01175948	-0.00298861	0.18867438	0.01754648	0.00484952	0.00224121
1.01034413	-0.00566590	0.18852755	0.00906077	-0.00613829	0.00253433
1.01217655	-0.00411142	0.18532055	0.01174164	-0.00411263	0.00327077
1.01006710	-0.01061916	0.18513188	0.00649780	0.00488299	-0.00007838
1.01161227	-0.00942233	0.18999909	0.01017228	-0.01605806	0.00052231
1.00930153	-0.00773634	0.18637677	0.00641473	0.00339151	-0.00225312
1.01233212	-0.00805046	0.19071618	0.01185461	-0.01204772	0.00569940
1.00726972	-0.00493715	0.19384362	0.01407360	-0.01685253	0.00643266
1.00712668	-0.00717203	0.19937409	0.00939092	-0.01682144	0.01275707
1.00467943	-0.00658536	0.19353811	0.01079098	-0.00565357	0.02205450
1.00430930	-0.00946875	0.19451812	0.01017869	-0.00512328	0.02058454
1.01521790	-0.00994763	0.19006040	0.01130216	-0.00569990	0.01605334
1.01667391	-0.01059612	0.19092450	0.00997666	-0.01404730	0.02048272
1.01694299	-0.00916879	0.18721906	0.00886783	-0.01044821	0.01973081
1.01369831	-0.00911459	0.18836479	0.01373500	-0.01956331	0.01081014
1.00882185	-0.01070694	0.19081556	0.00991419	-0.02647740	0.01075067
1.00488443	-0.01172561	0.19398337	0.01473346	-0.03802829	0.01313543
1.00515047	-0.01265646	0.18679233	0.01019022	-0.03250056	0.00804996
1.01056358	-0.01596681	0.18099802	0.01155048	-0.00632424	0.00421239
1.01145361	-0.01258366	0.18715469	0.00434499	-0.00115364	0.00025423
1.01002430	-0.01154884	0.18981939	0.00789882	-0.00091763	0.00230446
1.01032473	-0.00658101	0.19004431	0.00623987	0.00123718	0.00217192
1.00753539	-0.00969726	0.18934308	0.01281685	0.00251265	0.00532258
1.01034716	-0.00987595	0.18913385	0.00756437	0.00701307	0.00658561
1.00941973	-0.00943387	0.18699088	0.00623877	-0.00326710	-0.00346522
1.01050719	-0.01143712	0.19631371	0.00686534	-0.00605465	-0.00945330
1.01832099	-0.00829931	0.18645748	0.00906322	0.00535202	-0.01730382
1.01518726	-0.00685802	0.18598164	0.00591938	0.00928771	-0.00417985
1.01172420	-0.00905722	0.19001004	0.00259899	0.01305938	-0.00359008
1.01011464	-0.00679658	0.18729215	0.00023444	0.01014411	-0.00010821
1.01070368	-0.00651979	0.19488340	0.00098977	0.01888954	-0.00301841
1.01150443	-0.00417501	0.19127435	-0.00133703	0.01622342	0.00470937
1.00857393	-0.00430907	0.19341720	-0.00443841	0.00042322	0.00684256
1.00885599	-0.00693891	0.20102962	-0.00125689	0.00272501	0.00527622
1.00889826	-0.01059430	0.19590335	-0.00287952	0.01021713	0.00971111
1.00894429	-0.00921352	0.18988020	-0.00773984	0.01345751	0.01493779
1.01077717	-0.00861069	0.18950241	-0.00310801	0.01444821	0.00605870
1.00895212	-0.00756774	0.18913379	0.00183397	0.00447045	0.00451842
1.00654493	-0.00968630	0.19355373	-0.00116921	0.01640930	0.00986803
1.00676953	-0.00868569	0.19171897	0.00188020	-0.00283886	0.00737435
1.01082435	-0.00767200	0.19152825	-0.00229603	-0.00626165	0.01231263
1.01050841	-0.00697154	0.18382354	0.00332352	0.00656532	0.01345639
1.01057196	-0.01031018	0.18768744	0.00390407	-0.00629340	0.00999253
1.00928298	-0.01554758	0.18368078	0.00473077	-0.01004389	0.00521847
1.00720912	-0.01152771	0.19483395	0.00619233	-0.00213962	0.00760676
1.00884111	-0.01177225	0.19355905	0.00407649	-0.00507635	0.00178405
1.00757395	-0.01136778	0.20193582	0.00280401	-0.00315128	0.00034669
1.00543502	-0.01167250	0.19279087	0.00360640	-0.00953284	0.00249926
1.00599858	-0.00793584	0.20029341	0.00614271	-0.00702680	-0.00222495
1.00866897	-0.00825905	0.18790154	0.01199234	0.00044694	-0.00651055
1.01204844	-0.00727787	0.19005874	0.00496207	0.00677682	-0.00825582
1.01086356	-0.00248341	0.18639709	0.00643162	0.00036086	-0.00443387
1.00378451	-0.01021810	0.19532722	0.01110301	-0.01969424	-0.00163874
1.00618632	-0.01178525	0.19271652	0.00964955	-0.01362210	0.00511765
1.00942170	-0.01046569	0.19323377	0.00458932	-0.02120549	0.00756470
1.01109152	-0.01057642	0.19043945	-0.00467809	-0.02452050	0.00196016
1.01194933	-0.01130153	0.19466511	0.00389913	-0.00107378	-0.00431671
1.01439376	-0.01044221	0.19216984	0.00123614	-0.01106565	-0.00775270
1.01190010	-0.00793915	0.19650866	0.00006437	0.00041267	-0.01076514
1.01185099	-0.01025772	0.20029972	0.00388092	0.00003160	-0.00528728
1.00847399	-0.00908520	0.20491288	0.00592581	0.00204892	0.00839800
1.00514787	-0.01199724	0.19694218	0.00421898	-0.00656892	0.01166631
1.00463790	-0.01466792	0.20118962	0.00414555	-0.00421241	0.00637731
1.00659760	-0.01067536	0.19766893	0.00140564	-0.00300521	0.00467206
1.00464179	-0.00817072	0.18602847	-0.00324603	-0.00984926	0.00251664
1.00079556	-0.00996762	0.18073342	-0.00301078	-0.00973539	0.00083681
1.00151720	-0.01071207	0.17825194	-0.00069568	0.00343730	0.00091627
1.00571521	-0.01096500	0.18434418	0.00021941	-0.00565809	0.00131271
1.00416941	-0.00922724	0.19469004	-0.00342995	-0.00606264	0.00462526
1.00930880	-0.00908444	0.19366193	0.00155600	-0.00900365	0.00044759
1.01166809	-0.01143584	0.19612416	0.00372711	-0.00490997	-0.00380760
1.01158608	-0.00617716	0.19831828	-0.00244624	-0.00904561	-0.00646753
1.01168187	-0.00889101	0.19467753	0.00163151	-0.01088054	0.00251684
1.01192210	-0.01131438	0.19566199	-0.00077950	-0.00938107	0.00565361
1.00895707	-0.00650088	0.19518712	0.00389037	-0.00962251	0.00823914
1.00401307	-0.00921544	0.19550791	0.00587933	-0.02424919	0.01264517
1.00182685	-0.01144455	0.19061956	0.00929349	-0.03244351	0.01065541
1.00153515	-0.01056502	0.19104898	0.00456450	-0.02923660	0.01984638
1.00807505	-0.00874803	0.18600714	0.00983339	-0.02405565	0.01412642
1.01204725	-0.00873802	0.18510420	0.01149649	-0.02881882	0.00884777
1.01134999	-0.00990268	0.18555299	0.00295694	-0.02261536	0.00373032
1.00811539	-0.00861664	0.19025630	0.00476504	-0.02532873	0.00522022
1.00822230	-0.00678784	0.18822048	0.00500061	-0.02525991	0.00287954
1.00521663	-0.00779420	0.18565418	0.00220520	-0.01948920	0.00566262
1.00735994	-0.00575459	0.19093224	0.00386333	-0.02882398	0.00813799
1.01117022	-0.00439925	0.18510135	0.00145497	-0.02397640	0.00250847
1.01165971	-0.00678748	0.18071885	0.00046618	-0.02891710	0.01062047
1.01020016	-0.00491858	0.18480234	0.00115685	-0.02441790	-0.00464326
1.00836543	-0.00597053	0.19011274	0.00049330	-0.02053433	0.01196520
1.01073838	-0.01006645	0.19150529	0.00676908	-0.02461916	0.01502052
1.01195548	-0.01369677	0.19124755	0.00690354	-0.02392375	0.01018210
1.01010630	-0.01167515	0.18700939	0.00705290	-0.02076558	0.01162544
1.00701954	-0.00961916	0.18847200	0.00052901	-0.02590908	0.01490625
1.00907072	-0.01315461	0.18396157	-0.00414994	-0.02181830	0.00748162
1.01191167	-0.01229483	0.18927359	0.00111355	-0.01744901	0.00845231
1.01212667	-0.01321564	0.18148097	-0.00068886	-0.02033392	0.00771624
1.01071886	-0.01580738	0.17586519	-0.00111984	-0.01826286	0.00459638
1.01151225	-0.01413031	0.17914454	0.00157043	-0.00857226	0.00096202
1.01281233	-0.01579729	0.18047593	0.00215576	-0.01073954	-0.00346285
1.00876997	-0.01297106	0.17717238	0.00545298	-0.00362421	0.00482217
1.01170501	-0.01452654	0.18349336	0.00900176	-0.00303694	0.00578101
1.01178432	-0.01701799	0.17585917	0.00185223	-0.00168435	0.00850618
1.01463760	-0.01517779	0.17073864	-0.00216042	-0.01556572	0.00400081
1.01163948	-0.01596165	0.18522773	-0.00036432	0.01124359	0.00796893
1.01188282	-0.01533991	0.18238958	0.00108515	0.00694836	0.00482277
1.00913781	-0.01637458	0.18376689	0.00118032	-0.00216912	-0.00309902
1.00900409	-0.01165781	0.18600057	-0.00077208	0.00092822	-0.00291738
1.00843253	-0.01112501	0.18581629	-0.00384934	0.00483561	-0.00898016
1.00884164	-0.00992091	0.19209317	-0.00462460	0.00749047	-0.00647953
1.00946662	-0.01353882	0.18829147	-0.00760671	0.01634173	-0.00071284
1.01262306	-0.01603658	0.18057050	-0.00575978	0.00889859	-0.01214312
1.01617395	-0.01791689	0.18558830	-0.00356948	0.00380502	-0.01154370
1.01352669	-0.01276269	0.18536593	-0.00265276	0.00202826	-0.00943895
1.00975432	-0.00842200	0.18618314	-0.00704081	0.01722429	-0.00621189
1.00911510	-0.00695054	0.18445222	-0.00261353	0.02033625	-0.01079345
1.00842005	-0.01133964	0.17918267	-0.00006249	0.01074367	-0.00904931
1.01038334	-0.01126083	0.18165833	0.00142973	0.00097024	-0.01092627
