-0.11727071	0.77157603	0.64259983	0.03881535	-0.00031863	0.37970844
-0.11589532	0.77412317	0.64726334	0.02949884	0.02534657	0.34970914
-0.11191799	0.77392001	0.65595060	0.03611106	-0.00526305	0.37396904
-0.11434728	0.77061109	0.65555044	0.04346108	-0.01182498	0.38875615
-0.11314588	0.76996558	0.66170044	0.03936792	-0.03237931	0.35197758
-0.11136733	0.76945708	0.66011291	0.04727203	-0.03639977	0.34648751
-0.11525807	0.76634132	0.65852798	0.04914617	-0.00577967	0.37578847
-0.11246855	0.76652723	0.66184478	0.04683257	-0.01161072	0.36067579
-0.11930572	0.76641393	0.66086917	0.05111839	-0.00907305	0.38116601
-0.11276736	0.76971403	0.65512376	0.05649678	-0.00937178	0.33175677
-0.11422819	0.76936327	0.65284501	0.05730969	0.01101392	0.39108227
-0.11681175	0.77001478	0.65615313	0.06342853	-0.00826242	0.32250454
-0.12535455	0.77281306	0.65307394	0.06545332	-0.02167134	0.36721428
-0.11876457	0.77375164	0.65896420	0.06029205	-0.02480359	0.35030513
-0.12051104	0.77126174	0.65586947	0.04913772	-0.01338492	0.37867068
-0.12367935	0.77558656	0.65446009	0.05357333	-0.01285091	0.36404108
-0.11985840	0.77300002	0.66470424	0.04796025	-0.01811338	0.36672456
-0.11986274	0.77419745	0.66344049	0.05161081	-0.03856401	0.34554661
-0.12206580	0.77797944	0.65839837	0.05931767	-0.05627029	0.32735800
-0.11584471	0.77472827	0.65607844	0.04567628	-0.05218947	0.32360713
-0.11762671	0.77096483	0.65572837	0.04851033	-0.07563343	0.33522829
-0.11503927	0.77036598	0.66113273	0.04742208	-0.07010835	0.33980273
-0.11402452	0.76992040	0.66212497	0.04977864	-0.07023776	0.28837581
-0.11001173	0.76688236	0.66476259	0.05929853	-0.06709200	0.34996117
-0.11820389	0.76653810	0.66423345	0.07559241	-0.06981605	0.35323780
-0.11539523	0.76222593	0.65753773	0.08616269	-0.07291367	0.32130686
-0.12115173	0.76625720	0.66032572	0.07780280	-0.08834878	0.26749518
-0.12343314	0.76678243	0.66001188	0.07137959	-0.07441408	0.34245974
-0.11734526	0.76593974	0.65814278	0.08557528	-0.07963481	0.28808860
-0.12007622	0.76350683	0.65910566	0.07229023	-0.07344854	0.24815258
-0.11667322	0.77149880	0.66205363	0.08804874	-0.07964353	0.30929912
-0.11488568	0.77020012	0.66049553	0.08935245	-0.08974098	0.27605489
-0.11180014	0.77088233	0.64934918	0.07972660	-0.08441704	0.28496193
-0.11188584	0.77132323	0.65021237	0.07423666	-0.09850336	0.27193877
-0.11039567	0.77396635	0.65029933	0.07971939	-0.06766464	0.33706523
-0.11071466	0.77108617	0.65751953	0.07557029	-0.05997039	0.32859555
-0.11446673	0.76639691	0.65105658	0.07490929	-0.06578849	0.21971866
-0.10687080	0.76504309	0.65302048	0.07027152	-0.07448122	0.24699736
-0.11042370	0.76822839	0.64955315	0.06890981	-0.06728706	0.23210588
-0.11228627	0.77086851	0.65181614	0.05607574	-0.06119500	0.29896903
-0.11271340	0.77312258	0.66034035	0.06389860	-0.06321898	0.25264453
-0.11473399	0.77389557	0.65818024	0.08482642	-0.05580868	0.27810911
-0.11415302	0.77163605	0.65993439	0.08344985	-0.08036208	0.30703351
-0.11566963	0.76861371	0.66442783	0.08059651	-0.08857331	0.28023131
-0.11032747	0.77028689	0.66109902	0.09182240	-0.05588073	0.20628430
-0.10703003	0.76869776	0.66298164	0.08281427	-0.02181973	0.24280731
-0.10858082	0.76700094	0.66850789	0.08771010	-0.04123657	0.24078005
-0.11136763	0.76637761	0.66977909	0.08504471	-0.05399181	0.22980285
-0.10566818	0.76586329	0.66771786	0.07720370	-0.02719431	0.21324895
-0.10361769	0.76899547	0.65819026	0.06728262	-0.03373063	0.21537779
-0.10991686	0.77725040	0.65159898	0.06310946	-0.03034132	0.29547958
-0.11051197	0.77545970	0.65562868	0.07213323	-0.02533034	0.23969812
-0.11013497	0.77119824	0.65878289	0.06175653	-0.04632252	0.27397184
-0.11099034	0.77380275	0.66369820	0.07297715	-0.04332345	0.24955096
-0.10852543	0.77409411	0.66053192	0.07192237	-0.03357399	0.18374020
-0.11105076	0.77119809	0.66264762	0.06398698	-0.02681604	0.20815093
-0.10961550	0.76783293	0.66226595	0.07924819	-0.02695198	0.25564502
-0.11441823	0.76960949	0.65780035	0.06687603	-0.04760643	0.21734758
-0.11502953	0.76832309	0.66023842	0.06425561	-0.05055278	0.25795681
-0.10872657	0.76957582	0.65907305	0.06118460	-0.03476273	0.21215884
-0.11200242	0.76878606	0.66151062	0.06781980	-0.05104356	0.21449070
-0.11263574	0.76951949	0.66539607	0.05698243	-0.02418487	0.19175583
-0.11506524	0.76720615	0.66463530	0.05560373	-0.04016536	0.20392015
-0.11760604	0.76684847	0.66505277	0.05286197	-0.03036532	0.21887947
-0.11523568	0.76924769	0.66375900	0.05983883	-0.04919922	0.21450425
-0.12139783	0.76812211	0.66262873	0.05830597	-0.06800361	0.20422984
-0.11134954	0.76940091	0.65705505	0.06067744	-0.04497102	0.21338687
-0.11632509	0.76768665	0.66027553	0.06320030	-0.06865897	0.21075180
-0.11162252	0.76793381	0.66807152	0.06639464	-0.05027885	0.19173392
-0.11544059	0.77070320	0.66495766	0.06700505	-0.03290310	0.17695632
-0.11466948	0.76980660	0.66653780	0.06857827	-0.04201420	0.24468946
-0.11197978	0.76898786	0.66752390	0.06426615	-0.03423302	0.21648090
-0.10942098	0.76748525	0.66392234	0.07203794	-0.03587541	0.19452566
-0.10744202	0.76954648	0.65824931	0.06300361	-0.01071677	0.14167398
-0.11583897	0.77455579	0.66475906	0.06925620	-0.03083509	0.17309092
-0.11866133	0.77492624	0.65815351	0.06700418	-0.04300244	0.16723584
-0.11258819	0.77331474	0.66236301	0.06866528	-0.03499711	0.14962227
-0.10957061	0.77272132	0.65576698	0.06422929	-0.03626776	0.13733163
-0.10654744	0.76821811	0.65400132	0.07066193	-0.02894170	0.17616269
-0.11262331	0.77082955	0.65413631	0.07062939	-0.03040095	0.23469778
-0.11281360	0.76683029	0.65920292	0.06916685	-0.02925815	0.18043435
-0.11265213	0.76730431	0.65638824	0.06554438	-0.00441726	0.17959359
-0.10912004	0.76542893	0.66337529	0.07138872	-0.01118505	0.12610207
-0.11222753	0.76681857	0.66850768	0.06298133	-0.05127859	0.17178950
-0.11689179	0.76689085	0.66503208	0.06897271	-0.07548754	0.14991023
-0.11834823	0.76724725	0.65669602	0.06370910	-0.03858221	0.11179511
-0.11400234	0.76832976	0.65627599	0.06760891	-0.00585069	0.12078057
-0.11572934	0.77235524	0.66247660	0.07478059	-0.03157553	0.15493057
-0.11430317	0.77472807	0.65714055	0.07118517	-0.03251063	0.14919236
-0.11646218	0.77587119	0.65354011	0.06992819	-0.06021650	0.20676040
-0.11435625	0.76981065	0.65721550	0.05309505	-0.04177372	0.17060314
-0.11140382	0.76847060	0.65781521	0.06340642	-0.04614265	0.14920643
-0.10946660	0.76509679	0.66013997	0.05740008	-0.02490411	0.10803509
-0.11568059	0.76590161	0.66060123	0.05573671	-0.03690780	0.14690456
-0.10897533	0.77079593	0.65719334	0.05702750	-0.03045700	0.12386152
-0.10977204	0.76885059	0.66213638	0.04720582	-0.01322864	0.09554778
-0.11625197	0.76950888	0.66431725	0.05628413	-0.02226002	0.14223370
-0.11588540	0.76523316	0.66115562	0.06187548	-0.01213749	0.08078814
-0.11968190	0.76646360	0.65666214	0.05538377	-0.04122865	0.14211941
-0.12187699	0.77151330	0.65464641	0.05612384	-0.02598188	0.12637455
-0.11702955	0.76970268	0.65276815	0.05339062	0.00420970	0.16264665
-0.11919386	0.76983754	0.65337617	0.05887391	-0.00942810	0.14753203
-0.11173381	0.76816515	0.65527275	0.05607458	-0.02750064	0.15641130
-0.11047678	0.76787021	0.65302324	0.05345079	-0.01424586	0.08652715
-0.11178649	0.76903716	0.65331376	0.04966670	0.00642173	0.11288378
-0.11428343	0.77062324	0.65827064	0.04171253	-0.03600685	0.08685412
-0.11758628	0.76791634	0.66688307	0.05725595	-0.01333750	0.10288988
-0.11713550	0.76991253	0.66270470	0.04950435	-0.00972139	0.11038329
-0.11864280	0.76874230	0.65848246	0.04721985	-0.02229378	0.13244137
-0.11693144	0.76908079	0.66271080	0.04905139	-0.01126252	0.06907832
-0.11457701	0.76775015	0.65927865	0.04894403	-0.01897283	0.05766505
-0.11958221	0.76892976	0.65715941	0.04623936	-0.00545017	0.10373162
-0.11719959	0.76514112	0.66004988	0.05765350	-0.00957307	0.07961256
-0.12027279	0.76566177	0.66170020	0.03549326	-0.02274557	0.10710022
-0.11618565	0.76530165	0.66529098	0.02608844	-0.02111483	0.12438382
-0.11598372	0.77259582	0.66272761	0.04292099	-0.02502843	0.04493014
-0.11362211	0.77252907	0.65417199	0.04350012	-0.01129504	0.05838836
-0.11745276	0.77237119	0.66047124	0.04637173	-0.01687817	0.10821954
-0.12033165	0.76670127	0.66166048	0.04209106	-0.01589409	0.14270887
-0.12269699	0.76729298	0.66120978	0.04743976	-0.02973939	0.01723988
-0.11972917	0.76553219	0.65804816	0.04873486	-0.03813856	0.06259363
-0.12597284	0.76614277	0.65765978	0.06133712	-0.01855795	0.10440685
-0.11496117	0.76632962	0.65440309	0.04870245	-0.03824959	0.06936324
-0.10938239	0.76609504	0.65984859	0.05651213	-0.01831879	0.05137192
-0.12050250	0.76393942	0.66949291	0.06118050	-0.01359687	0.05328349
-0.12823081	0.76694220	0.66911236	0.04379177	-0.04746387	0.07815243
-0.12540017	0.76758358	0.66379049	0.04259380	-0.06018298	0.05431257
-0.12049196	0.76560709	0.65413126	0.04649437	-0.03509570	0.10990471
