-0.15689281	0.83537524	0.57420622	0.00008001	0.02463502	-0.01056511
-0.15576620	0.83323749	0.57107608	-0.00656438	0.02739068	-0.00531733
-0.15867500	0.82955879	0.56944005	-0.00482591	0.03275945	-0.00320607
-0.15622193	0.83161039	0.56626778	-0.00989628	0.02965860	0.00679922
-0.15176147	0.82904575	0.56420297	-0.01077770	0.03571812	-0.00169880
-0.15292084	0.82856474	0.58029806	-0.00261337	0.03815089	-0.00045088
-0.16235995	0.82821501	0.57500632	0.00577528	0.01736116	-0.00010119
-0.16030058	0.82931568	0.58326980	0.00500211	0.00381673	-0.00142725
-0.15332473	0.83194487	0.57786770	0.00728797	-0.00657967	-0.00354771
-0.15708831	0.83144856	0.57625424	0.00180802	0.02409111	-0.00348075
-0.15139624	0.83000275	0.57551981	0.00197511	0.00400096	-0.00298512
-0.15597314	0.82700437	0.56768330	-0.00290194	0.03255643	-0.00102571
-0.15381213	0.82864090	0.56977272	0.00081247	0.02431620	-0.00053111
-0.15484557	0.82977555	0.57282037	0.00316837	0.03121768	-0.00076194
-0.15856441	0.83332152	0.58198016	0.00848017	0.01411551	-0.00233011
-0.15884406	0.83150283	0.58154723	-0.00221185	-0.00889709	-0.00357826
-0.15278916	0.83065049	0.57766030	-0.00618448	0.04828547	-0.00424116
-0.15485796	0.83171324	0.57229508	-0.00662608	0.00949956	0.00230754
-0.15635084	0.82783231	0.57467316	-0.00025972	0.01002985	0.00148277
-0.15524189	0.82779771	0.56967981	0.00309636	0.03683895	-0.00100762
-0.15357024	0.83494644	0.57369700	0.00390488	-0.00074863	-0.00455953
-0.15461005	0.83413723	0.57270854	-0.00109613	-0.01234545	-0.00376723
-0.16078126	0.83728566	0.57199134	0.00273104	0.01807230	0.00156978
-0.15545145	0.83446859	0.57526924	0.00066182	-0.00612924	-0.00318794
-0.15562882	0.83379412	0.57990655	0.00143384	0.01102544	-0.00358594
-0.15800111	0.82962275	0.57652052	-0.00299271	0.00661732	-0.00479089
-0.15484186	0.82768549	0.57482056	0.00445458	0.02275120	-0.00533360
-0.16285134	0.82780815	0.56915491	-0.00163134	0.02507890	-0.00467139
-0.15880039	0.83115892	0.55743945	0.00566158	0.02316889	-0.00371766
-0.16118608	0.83535508	0.56790500	0.00433404	0.01366152	-0.00155123
-0.16287492	0.83355720	0.57864403	0.00020085	0.01780693	-0.00002284
-0.16041020	0.83588932	0.57781540	0.00093431	0.03322865	-0.00206618
-0.15691246	0.83081142	0.57904260	-0.00242194	0.03476601	-0.00230655
-0.15765911	0.83210639	0.58237792	-0.00690076	0.00872230	-0.00220481
-0.15709086	0.83112693	0.57063295	-0.00349880	0.01282156	-0.00103229
-0.16311693	0.83534690	0.56925709	-0.00914256	-0.00298298	0.00134851
-0.16489584	0.83598302	0.57043121	-0.00374633	0.02479025	-0.00293403
-0.15934442	0.83603712	0.57765038	-0.00080701	0.00010881	-0.00044861
-0.15520602	0.83371846	0.57948587	0.00387077	0.01375324	0.00092839
-0.14888842	0.83078077	0.57730932	0.00227012	0.04050801	-0.00355488
-0.14986480	0.82541559	0.57477329	-0.00273631	0.06024655	-0.00544844
-0.16350141	0.82847355	0.57174514	0.00685448	0.04439056	-0.00807558
-0.17497200	0.83475524	0.56555838	-0.00531633	0.02186919	-0.01760582
-0.17764235	0.82996478	0.57183597	-0.01763310	-0.00206704	0.00266529
-0.17328344	0.82941568	0.56855692	-0.00610975	0.00740235	-0.00602454
-0.17001875	0.83172040	0.55819166	-0.00561478	0.01068003	0.00136706
-0.16603525	0.82887182	0.55613350	-0.00820826	0.00679148	0.00173126
-0.16968378	0.83335022	0.55802683	-0.00279073	0.03739055	0.00287048
-0.17254378	0.83319608	0.56699283	-0.00241884	0.02368455	0.00260891
-0.16504512	0.83418065	0.57389265	0.00320568	0.00290787	0.00283894
-0.16565536	0.83450903	0.57637376	0.00820361	0.01276708	0.00417377
-0.16298337	0.83294031	0.56722394	0.00282719	-0.00165195	0.00415590
-0.16217750	0.83578536	0.57330999	-0.00405550	-0.01524671	-0.00148676
-0.16353272	0.83584228	0.57276616	-0.01028697	-0.00044330	-0.00815758
-0.16245793	0.83133984	0.57111056	-0.00771894	0.00692762	-0.00561773
-0.16258225	0.82920106	0.57336693	0.00599509	0.02454561	-0.01096200
-0.16425788	0.82900188	0.57867865	0.00564937	-0.00287646	-0.00729254
-0.17196443	0.82840735	0.57338753	0.00561278	-0.00369257	-0.00671655
-0.16544302	0.83249184	0.57229615	0.00386056	-0.01402134	-0.00495660
-0.16797502	0.83158480	0.58243552	0.00142541	-0.00416015	0.00019545
-0.16877261	0.83044689	0.57822273	0.00404968	-0.01250559	0.00037393
-0.16707049	0.83010075	0.57678006	0.00090728	-0.02351177	0.00607032
-0.17009909	0.83082014	0.57638362	-0.01113092	-0.00606610	0.00406896
-0.16996382	0.83018336	0.57608365	-0.00674896	-0.02552072	0.00064130
-0.16568048	0.83305467	0.57345316	0.00039839	-0.02249744	0.00416268
-0.15968602	0.83137648	0.57730518	0.00304894	-0.01146830	-0.00220632
-0.16668382	0.83268310	0.56919171	0.00089940	-0.02258615	-0.00100862
-0.15875275	0.82748164	0.57757682	-0.00157218	-0.03096443	0.00186860
-0.16285734	0.82906790	0.57837208	-0.00120770	-0.00517036	0.00310081
-0.15537285	0.83016969	0.57552616	-0.00341206	-0.02283736	0.00345533
-0.15650652	0.82958453	0.57701333	0.00111682	-0.02015961	0.00646520
-0.16514203	0.82958237	0.57417245	0.00271882	-0.03997358	0.00007805
-0.16536778	0.83157648	0.57308624	0.00044439	-0.01952411	0.00042718
-0.16427679	0.82770608	0.57833613	-0.00434430	-0.03864128	0.00265356
-0.16084451	0.83065615	0.56982850	0.00024463	-0.03640675	0.00999748
-0.16560405	0.83551833	0.57504006	0.00266802	-0.04138684	0.00314254
-0.16172425	0.83090208	0.57406422	0.00489106	-0.03103757	0.01269567
-0.16499419	0.83420002	0.57454948	-0.00161333	-0.04200469	0.01097602
-0.15807046	0.83498908	0.57874066	0.00099649	-0.05178773	0.01004564
-0.16153022	0.83577440	0.58170801	-0.00049124	-0.04677551	0.01374573
-0.16017685	0.83025814	0.58540302	0.00125323	-0.04342527	0.01107946
-0.15374588	0.82434187	0.57683757	0.00676082	-0.03831143	0.01334780
-0.15077553	0.82805521	0.57639084	0.00223483	-0.02852921	0.01389267
-0.15484201	0.82837398	0.57428942	0.00566259	-0.01128509	0.00607866
-0.14942582	0.82574365	0.57484678	0.00392502	-0.00463496	-0.00167519
-0.15497744	0.82633344	0.57278634	0.00644213	-0.02221231	-0.00050185
-0.16052765	0.82870909	0.57298001	0.00143533	-0.05294471	0.00220334
-0.15076965	0.83243687	0.56524336	-0.00672129	-0.03263310	0.00540169
-0.15338256	0.83260854	0.57338490	-0.00727150	-0.02108750	0.00562113
-0.15347493	0.83040421	0.57367382	-0.01625455	-0.03080684	-0.00303851
-0.14711273	0.83278102	0.58073919	-0.00128976	-0.02703070	0.00423338
-0.15714317	0.83069709	0.57398579	0.00399780	-0.02361819	0.00911772
-0.15217314	0.82895069	0.58027706	0.00215957	-0.03179632	0.01201225
-0.14951835	0.83332756	0.57137223	0.00737202	-0.03576381	0.01212304
-0.14595155	0.83163567	0.58029012	0.00594733	-0.05540442	0.01642912
-0.14862533	0.83208672	0.57649794	0.00391412	-0.02982119	0.01686347
-0.15325757	0.83105594	0.57721246	0.00698847	-0.05634110	0.01154463
-0.15266600	0.82973703	0.57423141	0.00445039	-0.02721551	-0.00694115
-0.14652032	0.82654274	0.56921074	0.00048816	0.00224215	-0.00316823
-0.15180748	0.82684235	0.56957991	0.00918733	0.00445825	-0.00024513
-0.15581787	0.82681460	0.57478500	0.00785717	-0.01729007	-0.00173974
-0.15883777	0.83035093	0.57694304	0.00459426	-0.01395121	0.00015321
-0.15444525	0.83001281	0.57692236	0.00275056	0.01705509	-0.00320874
-0.15322260	0.83276267	0.57099058	-0.00267289	0.03772397	0.00024207
-0.15591379	0.82750880	0.57228411	-0.00201565	0.03039134	0.00650702
-0.15485787	0.82962019	0.57285835	-0.00125396	0.04051866	-0.00024849
-0.15718870	0.83170388	0.57229853	0.00750737	0.03601002	-0.00093678
-0.15056091	0.82951093	0.57299578	0.00562052	0.01482658	-0.00384876
-0.14763689	0.83116916	0.58194284	0.00445961	0.03522034	-0.00613174
-0.15123084	0.83090370	0.58783694	0.00332402	0.01852171	0.00351771
-0.14748861	0.83149207	0.57482785	0.00088260	0.00564572	0.00393810
-0.14403876	0.83204239	0.57843530	-0.00424377	0.01020895	0.00056687
-0.15522824	0.82823658	0.56632998	-0.00388156	0.01481903	-0.00307468
-0.15234978	0.82540108	0.57217517	-0.00055316	0.02941652	-0.00662517
-0.15584167	0.82660138	0.57512715	-0.00533132	0.01720313	-0.00052527
-0.16364054	0.82972012	0.56827334	-0.00473951	0.02890692	0.00469291
-0.15681242	0.82964420	0.56926523	-0.00078349	0.01196029	0.00383860
-0.15594321	0.82772286	0.58019247	-0.00195692	-0.00294699	0.00097666
-0.15526281	0.82792255	0.57150834	-0.00339274	0.03713150	0.00196276
-0.16083809	0.83001389	0.57810075	-0.00612884	0.03314819	-0.00116146
-0.15793525	0.82926038	0.58108620	-0.00238646	0.01624371	0.00096126
-0.15905370	0.83209170	0.57868333	0.00539950	-0.00140257	-0.00066378
-0.15256576	0.83245894	0.57841256	-0.00015332	0.03215911	-0.00019940
-0.15432149	0.83159489	0.57966078	-0.00034502	0.05418593	0.00187823
-0.15009775	0.83219150	0.58001522	0.01069292	0.06748127	-0.00606289
-0.15006298	0.83158820	0.57068101	0.00324938	0.05385676	-0.01046391
-0.15561186	0.83017226	0.57396623	0.00837403	0.04064750	-0.00949520
-0.15301938	0.83008563	0.57414137	0.01404451	0.06893064	-0.00992981
