-0.16657625	0.83431536	0.57679200	-0.01774135	-0.02552204	0.00144807
-0.16371251	0.83246173	0.57094098	-0.00024661	-0.02637201	-0.00201978
-0.16474363	0.82760992	0.57128681	0.00927015	-0.02708504	0.00146259
-0.16224597	0.83269786	0.57842037	0.00289939	-0.05172912	-0.00491349
-0.16297417	0.82522941	0.57685564	0.00115933	-0.03161946	0.00550528
-0.15732478	0.83419995	0.57434640	-0.03115440	-0.02343896	0.00020507
-0.16174965	0.82509565	0.57302338	0.01350431	0.00638249	0.00414438
-0.16427346	0.82966398	0.58007737	0.01313079	-0.01449792	0.00600027
-0.16652051	0.82198183	0.57492080	-0.00181129	-0.00014496	-0.00407322
-0.16252282	0.82952473	0.57439004	-0.00688466	-0.02425332	0.00103331
-0.16058231	0.83205237	0.57343508	0.01055017	-0.03756776	0.00542862
-0.16445940	0.83947577	0.57072065	0.01137011	-0.03323105	0.00038671
-0.16029821	0.82790695	0.57515024	-0.00267204	-0.02045376	0.01003634
-0.16003904	0.83239064	0.57555036	-0.00577290	-0.03878332	0.00641227
-0.16063611	0.82679641	0.57800777	0.01749669	-0.03300534	0.01166078
-0.16304914	0.83033747	0.58078482	-0.00510972	-0.03420671	0.01498707
-0.15929655	0.82204241	0.58041399	0.00925297	-0.03101260	0.01053879
-0.15536502	0.82605033	0.57397803	0.00205806	-0.02769507	0.01310510
-0.15144000	0.82561193	0.57150353	-0.00311049	-0.03550154	0.00885894
-0.14915609	0.82960693	0.57174960	0.01168100	-0.01584924	-0.00405773
-0.14523857	0.82312048	0.57190026	0.00456179	-0.00730766	-0.00008520
-0.15792091	0.83489839	0.56935687	0.00892394	-0.03749192	-0.00002074
-0.15867782	0.82743706	0.56933834	0.00112641	-0.04200215	0.00262692
-0.15654655	0.83903294	0.56684145	-0.00872058	-0.02654866	0.00844849
-0.14854456	0.83310693	0.57241794	0.00509549	-0.00409127	-0.00083177
-0.14700255	0.83141778	0.57612964	-0.02661844	-0.03515094	-0.00018915
-0.14923200	0.83037396	0.57713415	-0.00335602	-0.04009603	-0.00220462
-0.15183751	0.83270281	0.57638790	-0.00850157	-0.01252153	0.00383806
-0.14943493	0.83611438	0.57961843	0.00224675	-0.03015653	0.00651342
-0.15097994	0.83022197	0.56987618	0.03203844	-0.02171233	0.01091055
-0.14649117	0.83368561	0.57883975	0.00997778	-0.06097823	0.01786030
-0.14962300	0.83580468	0.57735319	0.02026396	-0.02050544	0.02095703
-0.15144565	0.83248977	0.57498328	-0.00308157	-0.02681626	0.00444780
-0.15054369	0.82232696	0.57719165	-0.00040843	-0.01851398	-0.00520520
-0.15141118	0.82232518	0.56823356	-0.00263105	-0.00174248	-0.00289910
-0.15044980	0.82697093	0.56701028	-0.01268839	0.00614001	0.00361489
-0.14960395	0.82792750	0.57496450	0.00694094	-0.00242821	-0.00421123
-0.15313894	0.82943177	0.58077982	0.01532018	-0.00429300	-0.00489978
-0.15254472	0.82534594	0.58114453	0.01213288	0.01963028	-0.00245471
-0.14836227	0.83349971	0.57518088	-0.00307417	0.02844280	-0.00041680
-0.15525957	0.83135560	0.57835350	0.02218853	0.04276125	0.00048880
-0.15460270	0.82936135	0.57329768	-0.00389795	0.03191422	-0.00468765
-0.15651378	0.83241572	0.57098616	-0.01180550	0.02532322	0.00011899
-0.15078815	0.82813142	0.57654671	-0.00648383	0.01906782	-0.00719942
-0.14956172	0.82885987	0.58426025	0.01054231	0.02417691	-0.00554515
-0.14659686	0.83588464	0.58033972	0.01429351	0.01310070	0.00019115
-0.14877352	0.82760996	0.57677364	0.00633513	0.01564996	-0.00157980
-0.14943478	0.83292293	0.57739076	-0.02182504	0.01494010	0.00385611
-0.15573302	0.82570534	0.56849287	0.00919019	0.01099891	-0.00434975
-0.15558066	0.82030099	0.56954034	-0.00722546	0.02428459	-0.00504953
-0.15533333	0.82645635	0.56850127	0.01023432	0.00758455	0.00437558
-0.16031454	0.82941318	0.56565030	0.00132122	0.01996405	0.00260364
-0.15510446	0.81995415	0.56790984	-0.01780124	0.02569926	0.00175001
-0.15724899	0.83105011	0.57300251	-0.00446910	0.00194938	0.00652733
-0.15761013	0.83112051	0.57401474	0.00154587	0.02821965	0.00277086
-0.15165595	0.82906627	0.58099128	0.00537352	0.02769307	-0.00448945
-0.15879690	0.83227131	0.58151625	-0.00548479	0.01581071	0.00188857
-0.15404842	0.83160204	0.58026333	0.01172385	0.02026771	0.00249100
-0.15697026	0.83739726	0.58201402	0.00500435	0.01417449	0.00150586
-0.14940594	0.83283000	0.58049503	-0.01905521	0.04360686	0.00335004
-0.15732259	0.82842250	0.57785591	-0.00596389	0.03182230	0.00001057
-0.15302207	0.82837794	0.57332462	0.00663922	0.06058316	-0.00618303
-0.15371663	0.82834247	0.56829020	0.00364903	0.03322387	-0.01174947
-0.15500043	0.83160163	0.57404635	0.00072744	0.08122075	-0.01124303
-0.15410237	0.83104543	0.57226595	0.00913761	0.04483175	-0.01197974
-0.16403575	0.83227161	0.57564774	0.02373534	0.05360721	-0.01431227
-0.16698077	0.83477985	0.58177188	0.00322147	0.03450454	-0.00901932
-0.16323380	0.83055400	0.57124609	0.01147229	0.01513933	-0.01239820
-0.16137143	0.83555105	0.56752348	0.01325653	0.02196120	-0.01210664
-0.16383707	0.83472566	0.57098231	0.01048409	0.02470297	-0.00513849
-0.16576180	0.83850883	0.56976505	-0.00887568	0.01636272	-0.00649270
-0.16352109	0.83762301	0.57246930	-0.02164830	0.03764262	0.00185652
-0.16234270	0.84166203	0.58254726	-0.01058791	0.04336097	-0.00436610
-0.16174600	0.83513079	0.58000488	-0.02294687	0.04436825	-0.00173561
-0.16362627	0.82709783	0.57719488	-0.00608822	0.02800024	-0.00715201
-0.17626080	0.82207101	0.58054760	0.00312313	0.01539207	0.00066440
-0.16482954	0.81775959	0.57820557	-0.01185255	-0.01270307	0.00795776
-0.16187395	0.81913698	0.57604912	-0.00092693	0.01860413	0.01256101
-0.15978132	0.82072845	0.57891248	0.01240051	0.00684729	0.02257694
-0.16240109	0.81273926	0.58499037	0.00310620	0.01101290	0.00736161
-0.15982194	0.82519067	0.58150227	-0.00020218	-0.02674399	0.00769850
-0.16301073	0.82671458	0.57961768	0.01475323	-0.02215172	0.01186926
-0.16522375	0.83238241	0.56435434	0.03684481	-0.03292681	0.01216234
-0.16279673	0.83870877	0.56293879	0.05840297	-0.00027931	0.01420302
-0.15780190	0.85142912	0.56724403	0.03103078	0.01387131	0.01420784
-0.15952507	0.85286008	0.56107970	-0.00077891	0.03194211	0.01588561
-0.16309196	0.85071117	0.56172997	-0.03225939	0.01375922	0.00908275
-0.16154495	0.84740356	0.56862779	-0.03532831	0.04153346	-0.00649741
-0.16322730	0.84263815	0.56120393	-0.03841804	0.02575015	-0.00955844
-0.16477859	0.84468856	0.56509888	-0.03508100	0.02630937	-0.01007238
-0.16045632	0.84422413	0.56770855	-0.02588304	0.03340719	-0.00893057
-0.16158827	0.83442368	0.56564783	-0.04788337	0.05078422	-0.01579623
-0.16947877	0.82995957	0.57806467	-0.05364365	0.05277579	-0.00556794
-0.17051699	0.83072129	0.57503858	-0.02533047	0.04780812	-0.00244965
-0.16788289	0.82851657	0.57626624	-0.03511086	0.01774947	-0.00862264
-0.17343451	0.82569474	0.58207888	-0.02298878	0.00180656	-0.01140099
-0.16789352	0.81663830	0.58212017	-0.00835468	-0.00488302	-0.00588926
-0.17573490	0.80958163	0.57671668	-0.00021080	-0.02188331	-0.00028991
-0.17255398	0.82082838	0.57508695	0.01836622	-0.02813346	0.00348920
-0.16687594	0.81961391	0.58394145	0.04088849	-0.03388218	0.00304844
-0.16993205	0.82741930	0.58768323	0.03533598	-0.03042732	0.00750054
-0.17055947	0.82622971	0.57844045	0.03173145	-0.03247753	0.01010794
-0.16911275	0.83332417	0.57427701	0.02457383	-0.05201383	0.01553194
-0.16741705	0.83114240	0.56679557	0.03320383	-0.04438727	0.02053976
-0.15860923	0.82997672	0.57263513	-0.00170784	-0.02349793	0.02262636
-0.16209501	0.83342384	0.57398475	0.00689352	-0.01830825	0.01276218
-0.15885877	0.82956094	0.58233604	-0.00591598	-0.00677939	0.00517113
-0.16205435	0.83376630	0.57481485	0.00193759	-0.02256719	0.00558961
-0.16408723	0.83646688	0.57091494	0.00235830	-0.02139573	0.00243187
-0.15853895	0.83916990	0.57439263	0.01645822	-0.01828914	0.00490069
-0.16355433	0.83988162	0.57910489	-0.00195161	-0.03679411	0.00019963
-0.16374873	0.83045474	0.57579136	0.00619559	-0.03585309	-0.00122336
-0.15467383	0.83194493	0.57256436	-0.02861929	-0.01624615	-0.00245938
-0.16869175	0.82689436	0.57221913	-0.04416331	-0.01707388	-0.00576832
-0.17004200	0.83032502	0.57237589	-0.00624937	-0.04424390	-0.00660187
-0.17010235	0.82762176	0.56964353	-0.02539982	-0.02913631	-0.00382250
-0.16765436	0.82947506	0.57192427	-0.00118448	-0.01377817	0.00369376
-0.16353688	0.82204934	0.57916951	0.00872491	-0.02455830	0.00734010
-0.15570726	0.81948890	0.57775095	0.00214290	-0.03415925	0.00269676
-0.16483079	0.81526875	0.57525256	0.01626563	-0.04422796	0.00397378
-0.16108269	0.81027632	0.58096143	0.02881591	-0.07934415	0.01198796
-0.15804847	0.82500697	0.57775863	0.01864641	-0.06454624	0.01532672
-0.16143522	0.82328008	0.58178309	0.04266878	-0.02549864	0.01064303
-0.15878567	0.82471866	0.58333751	0.04801705	-0.03759736	0.00409710
-0.15220486	0.82995906	0.58013506	0.03991934	-0.04716763	0.00281548
-0.15283542	0.82778366	0.57413048	0.04580140	-0.04043857	-0.00454399
-0.15819149	0.82795277	0.56700480	0.03934551	-0.02561553	-0.00499707
-0.16399899	0.84107650	0.56168365	0.02584195	-0.04268515	0.00162436
