0.92351752	-0.29242245	0.04955653	0.38104071	0.27239585	-0.24219946
0.95150895	-0.14484831	0.20875833	0.45117352	0.23925269	-0.23615030
0.95534487	0.00144188	0.03219464	0.46454713	-0.05149282	-0.10589959
1.19575311	-0.17316365	0.04159643	0.57100453	-0.05132500	-0.07843582
1.40605779	-0.15800248	0.05621187	0.43921933	0.38009984	-0.12031741
1.10174833	-0.08711481	-0.04140492	-0.15064293	0.01568877	-0.07904487
1.03289439	0.01156123	-0.04511105	-0.11590008	0.59088116	-0.06423836
0.75931188	-0.07501601	0.15576753	-0.58196511	0.59199645	-0.12095212
0.77433657	-0.15787005	0.10373463	-0.51092136	0.45439076	-0.04027659
0.88066142	-0.21311283	0.26763462	-0.30455518	-0.14802096	0.25258438
0.77951291	-0.03714980	0.08123406	-0.63094849	0.28376597	0.02315246
0.78508139	-0.18842227	0.09137718	-0.37231262	-0.20073595	0.13370935
0.84880011	-0.02317769	0.19002181	-0.20391847	0.03845544	0.31029883
0.87450433	-0.09177076	0.09598560	-0.28317961	0.29543392	-0.00939375
0.99364131	-0.03082608	0.15275308	-0.75711885	0.16865143	0.18960329
0.79523506	-0.06673795	0.11252110	-0.59122635	-0.04061863	0.11161480
0.76173061	-0.14254263	0.29342496	-0.21712332	-0.08848557	0.27937012
0.73767990	-0.01588023	0.19395364	-0.27350571	-0.21850948	0.31409040
0.76293785	0.10549346	0.29485726	0.21201349	-0.29610341	0.04041030
0.91941128	-0.10768124	0.13780160	-0.08603808	-0.05225504	0.11548405
1.13824896	-0.09816058	0.19389797	-0.12360173	0.00198870	0.25414206
1.04884218	-0.31586788	0.15026609	-0.20332205	-0.23448673	0.17547235
1.18203475	-0.12838870	0.23207561	0.00355226	0.05918537	-0.23438972
1.06149215	0.04085517	0.28302160	-0.06307039	0.08628404	-0.05631099
1.19973152	0.22441261	0.44355901	-0.48814742	-0.53279384	0.06512486
1.09656252	0.19755076	0.35026836	-0.65266322	-0.72830904	-0.03524950
1.34023059	0.18310247	0.13820795	-0.47840159	-0.30148485	0.00325637
1.49065294	-0.42080852	-0.07712255	-0.34712695	0.50277340	1.06818063
1.32897471	-0.53526268	0.11390678	-0.15167270	0.87406971	0.50146307
0.88614072	-0.52886316	0.15123027	0.55482138	0.97966195	-0.01271484
0.77202678	-0.39479157	0.20050753	0.67213897	0.46609784	-0.47491519
0.84213909	-0.19637335	0.03427218	0.53808219	-0.33005960	-0.63531578
0.93238123	-0.27242389	-0.03965951	0.30437669	-0.48405129	-0.62176845
1.05243597	-0.19353979	-0.18599004	0.21797125	-0.42060884	-0.40734072
1.37529643	-0.16207358	0.01282938	-0.15289157	0.62054401	-0.76369394
1.17354426	-0.25756547	0.15089158	0.07433742	0.40980772	-0.48428079
0.89287438	-0.19837821	0.07418195	0.04236236	-0.08990211	-0.46617200
0.93655018	-0.14315610	0.14345315	0.11151388	-0.00462747	-0.62856608
0.77104808	-0.36936922	0.04433820	0.38986626	-0.07903912	-0.42902503
0.81890560	-0.00935143	-0.00539132	0.80175728	-0.31027421	-0.22614563
0.77469792	-0.06105123	0.01190669	0.77310125	-0.42400959	-0.23503391
0.70672080	0.02515688	0.03913880	0.46336204	-0.31242423	0.01690407
0.98343246	-0.06891069	-0.02649956	0.33470611	-0.14625376	0.06850528
0.79962469	-0.04569127	0.05406528	0.48269412	-0.15268200	0.13028591
0.93023928	-0.05914830	0.06926013	0.37853390	-0.02843179	0.16425514
1.03811892	-0.02215204	0.11156304	0.15941440	-0.22803382	0.15642752
0.89534939	0.05891586	0.03279914	0.41496538	-0.30369604	0.00142975
1.20683538	0.06509973	0.09512315	0.38388639	-0.44270402	-0.08186998
0.90651186	0.04403777	0.05786424	-0.27466565	-0.31145624	-0.04711833
0.95407211	0.18051471	0.16704333	-0.06825621	-0.07895442	0.21580279
0.98718891	0.08014572	0.17538188	0.10949232	0.07680101	0.62724027
0.88866417	0.12769678	0.26637985	-0.00472829	0.03723810	0.33844309
0.83108633	-0.01617158	0.24773868	0.15560491	-0.08486464	0.47171734
0.96067593	-0.14084530	0.17873296	0.08980347	-0.16223795	0.17693089
1.07549542	-0.19561404	0.18227335	0.30539843	0.11768311	0.17893844
1.05841732	-0.05630551	0.06738081	0.03685907	0.34156375	-0.03445170
1.11447742	0.09713301	0.16654642	-0.05327832	0.27733768	0.03549719
1.12066610	0.06088116	0.24893569	-0.03710912	0.08857161	-0.19418336
1.28094926	0.03338162	0.26972128	0.34578069	0.14333754	-0.11106634
1.08039964	0.08463924	0.28633962	-0.14699637	-0.49685278	-0.34892280
1.21059554	0.01425865	0.21301785	-0.37114213	-0.61383717	-0.55609850
1.25520556	0.11877964	0.00367839	-0.95895606	-0.76524506	-0.32136338
1.17230509	-0.02995984	-0.21917657	-0.65122294	-0.46223324	-0.21240332
1.35547948	-0.25465538	-0.10440444	-0.35047783	0.10310090	-0.28523850
1.07405763	-0.49532332	-0.05076510	-0.23025868	0.40807140	-0.20068498
1.04353880	-0.45043371	0.01528426	0.29996480	0.50861569	-0.30646291
1.01650049	-0.15606808	0.14263060	0.43784659	0.28098143	-0.35669991
0.81022214	-0.03722842	0.16005247	0.45657324	-0.05965458	-0.03344751
0.97809780	-0.00379188	0.12652075	0.27426349	-0.44582259	0.04631534
1.16708576	0.02074042	0.04183144	-0.05092787	0.27891911	-0.05196603
1.10916103	0.06875286	0.02565940	-0.38488971	0.25467142	0.32503869
0.92229345	0.05456696	0.00898190	-0.50520615	0.11136386	0.46819638
0.93540294	0.05032807	0.06297615	-0.54318812	0.53796119	0.07469369
0.70711819	-0.05779918	0.19220213	-0.73598201	0.38315022	0.30618971
0.59598018	0.02979867	0.19450798	-0.47531855	0.01944455	0.31275004
0.91416276	-0.16541751	0.07984732	-0.57090561	0.09028178	0.03325030
0.82961930	-0.02800832	0.23792986	-0.24573931	-0.10823764	0.24134187
0.84479011	-0.05505091	0.24529940	-0.44264064	-0.06585346	0.30860513
0.94792645	-0.24139648	0.20254439	-0.64410071	0.00695134	0.29078599
0.99355675	-0.05370711	0.19265792	-0.71967250	-0.01193447	0.14504534
0.88915524	-0.06173488	0.24128456	-0.46845499	-0.02072182	0.12224955
0.84299968	-0.05140561	0.24628362	-0.28319497	0.06754440	-0.00185007
0.79452292	-0.12556691	0.25078610	-0.14684464	-0.04537816	-0.08224437
0.85274469	-0.11910545	0.23425350	-0.32772423	-0.33992202	-0.02092653
1.08532304	-0.16812319	0.15646198	0.04394740	-0.26721235	0.15151605
1.00140327	-0.10966225	0.25666970	0.01115767	-0.39470470	-0.00558190
0.99486253	-0.25005747	0.15731834	0.21029950	-0.05567211	0.16027117
1.28356743	-0.19765630	0.16931793	0.67070051	0.22190162	-0.07151666
1.14263885	0.13752797	0.35811298	0.75826697	-0.03935370	-0.05552878
1.35943469	0.11152735	0.30320839	0.08934293	-0.08168756	0.28185191
1.48579149	0.07865334	0.25582600	-0.07250666	0.40076876	0.50366037
1.38678345	-0.08898930	0.01356209	-0.25229131	0.66137638	0.56540133
1.30870509	-0.19493881	0.13775831	-0.12253547	0.81084516	0.11494386
0.87851258	-0.46547530	0.33125528	0.41611064	0.46736218	0.09747512
0.65365305	-0.42201000	0.36467351	0.58304963	-0.05653824	0.05794232
0.76191630	-0.20428808	-0.02483059	0.51154534	-0.58009698	-0.20422038
0.85462104	-0.22655641	-0.11675592	0.04150552	-0.62347257	-0.02667184
1.14954836	-0.08455818	-0.04377203	-0.19786587	-0.08226242	-0.05291818
1.15601902	-0.18558985	-0.07620585	-0.32651163	0.27005899	-0.17801685
1.08043697	-0.23379033	0.02503321	-0.25469470	0.29634500	-0.17066003
0.97756507	-0.28612215	0.12091634	-0.01212090	-0.11266511	-0.66911431
0.76850707	-0.21717580	0.24723345	0.14227082	-0.82831580	-0.55700757
0.74038845	-0.21607138	0.13806700	0.30087029	-0.80440649	-0.60799766
0.80863547	-0.19932545	0.01465869	0.64823917	-0.64447682	-0.09148170
1.01054447	-0.18335401	0.16600298	0.81874618	-0.10036519	0.04219526
0.85871866	0.04024425	0.03200838	0.31848907	-0.01568258	0.21816576
0.80823254	0.05720281	0.10795097	0.50036084	-0.21816074	0.27255819
0.82645336	-0.11146289	0.08331345	0.59287685	-0.39286324	0.39498228
0.84115949	-0.10596254	0.15571045	0.73487630	-0.28075717	0.49427756
0.89886086	0.05588306	0.25027643	0.47703610	-0.36331708	0.21134375
0.92754736	0.11552726	-0.04995851	0.46041982	-0.58532186	0.32943919
0.99948931	0.04835499	0.14080009	0.41350693	-0.08323102	0.16733164
1.09252985	0.12370843	0.14475522	-0.04028345	-0.03112484	0.23353646
0.88594059	0.22896253	0.26833660	-0.25196351	0.09707548	0.34878393
1.04508990	-0.04689093	0.18532013	-0.31686859	-0.17949444	0.45890859
0.84875615	-0.00049070	0.19035448	-0.07734567	-0.17719116	0.10534723
1.03462677	0.00437059	0.25958576	-0.05668511	0.10012917	0.08908909
0.98926639	0.00771449	0.18669792	-0.30482427	-0.10808063	0.02164580
1.28166070	0.02468408	0.19213316	0.01474226	0.18118337	-0.30694166
1.26654921	0.09210332	0.36084917	-0.28861529	0.29101214	-0.38984267
1.16759911	0.03857027	0.28359907	-0.17127250	0.00737769	-0.18307633
1.37237686	0.08001842	0.13309695	0.07030676	-0.01014608	-0.62571085
1.38445706	-0.11983280	0.04771592	-0.13211529	-0.71935891	-0.47547359
1.33470396	-0.21928235	-0.13029494	-0.30483219	-0.33776344	-0.37212918
1.30616944	-0.32749218	-0.16453038	-0.39889741	0.11274597	-0.09776894
1.14930606	-0.42563213	-0.07198349	0.11368540	0.93633914	-0.09485904
1.09647837	-0.48080397	0.01557643	0.09238346	0.90727534	-0.24952992
0.99715866	-0.08347039	0.04517877	0.39824443	0.31671233	-0.40159421
