1.52655598	-0.26119908	-0.10879378	-0.56562709	-0.59475630	-0.68964780
1.28008463	-0.30627254	-0.35050878	-0.48662450	-0.26973248	-0.61189515
1.42565822	-0.33591129	-0.19853040	-0.24988883	0.36291663	-0.62173415
1.33497791	-0.27241400	0.03981125	0.06040914	0.29381536	-0.38790026
1.29770723	-0.09261957	0.22366048	0.62680832	-0.06463784	-0.19878224
1.41127301	-0.00442890	0.14394972	0.37985231	-0.10088891	0.02697942
1.37524941	0.03235726	-0.00694810	0.37621203	-0.25524413	0.22242096
1.34310408	0.00458895	0.02976627	-0.63352108	0.31087375	0.20362659
1.15244462	0.07853911	0.05363348	-0.63092009	0.79471947	0.75334554
0.79082910	0.00249884	0.09488963	-0.49266552	0.62805086	0.25874330
0.67211664	0.15368876	0.11587875	-0.63040489	0.22850182	0.37734226
0.61535436	0.00347524	0.10285700	-1.07757618	0.45462464	0.30147952
0.45493424	-0.05278677	0.01548904	-0.84782535	0.27978123	0.18931857
0.43768752	-0.12344735	0.09324598	-0.90476497	-0.06407058	0.14325362
0.58387698	-0.12949053	0.17909770	-0.81539351	0.05328423	0.06606784
0.70360920	-0.14523470	0.14671370	-0.44083400	-0.18524150	0.42965393
0.74680398	0.01491311	0.09309828	-0.54027729	0.13469977	0.27587441
0.83145009	-0.04941352	0.28501088	-0.52233624	-0.38993616	0.16766778
0.83049620	-0.06798443	0.22740456	-0.55279683	0.17123430	0.33255798
0.82024500	-0.07386124	0.29775181	-0.29173172	0.25163055	0.10210408
1.05844241	-0.18366842	0.20941125	-0.69777715	-0.03240769	0.14902041
1.12270602	-0.19070901	0.30060531	-0.16351909	-0.53209758	0.17177134
0.99972107	-0.10029199	0.22605622	0.29429322	-0.29132693	0.20420029
1.26208957	-0.15217837	0.23234898	0.22973297	-0.31700546	0.05508098
1.51094982	-0.02367142	0.27896616	0.94244443	-0.09303818	0.26206670
1.45001647	-0.03665296	0.31334559	0.37180184	0.12017751	0.25724482
1.52565767	-0.14979714	0.13487293	0.24834723	-0.14997284	0.52603116
1.53639770	-0.27147708	0.10213508	0.19422937	0.17317326	0.33305062
1.12875927	-0.38083496	0.23331408	0.57555313	0.43285776	0.02841075
0.69134331	-0.34506152	0.25301594	-0.05014343	0.32516923	-0.04054648
0.77435666	-0.23495531	0.14756255	0.21591515	0.03958257	-0.15501700
0.75680007	-0.14326208	-0.23375684	0.53917812	-0.42042501	0.11427876
1.07881468	-0.07886223	-0.15015113	-0.28414363	-0.28676306	-0.07695842
1.13262769	-0.24680137	-0.12815111	-0.21073991	-0.06027738	-0.05982866
1.03982003	-0.18530950	-0.11524906	-0.58595726	-0.00955675	-0.51123986
1.19913150	-0.16249212	0.06920572	-0.36772305	0.36975202	-0.36348451
1.11091975	-0.37822911	0.06238184	0.52916121	0.29112037	-0.68263839
0.82071455	-0.23959597	0.27846569	0.25839520	0.08736045	-0.24498863
0.69922211	-0.06247895	0.11771103	0.71367422	-0.39369276	-0.23054906
0.68344883	-0.15274765	0.07635528	0.63703066	-0.22217019	0.05068987
0.85839070	-0.23916354	0.12505340	0.63921841	-0.25410587	-0.08374249
0.57687590	0.02700838	-0.03541119	0.78624491	-0.44655501	0.12312379
1.03091631	0.02456141	0.02111390	0.53724698	-0.00593505	0.13532106
0.96282072	0.05024375	0.13186047	0.56613860	-0.20181183	0.20173023
0.81742855	0.03695159	0.11759661	0.24191563	-0.18590933	0.10546532
0.93697452	0.08693662	0.17970992	0.15317433	-0.27632025	0.28900934
0.88691645	0.16335621	0.17735621	0.32416585	-0.48754482	0.45002106
0.88957053	0.17231098	0.17165483	0.19718783	-0.53704507	0.13203785
0.65870742	0.08996363	0.02918504	0.05792393	-0.41904823	0.19720091
0.93514317	0.02382282	0.03827004	-0.75939996	0.09819220	0.40570929
1.07605810	0.14756499	0.24233005	-0.02102936	0.18236169	0.27548675
0.88159541	0.14140053	0.17162369	0.07547584	-0.09391730	0.24135510
1.07783534	0.09632235	0.24311234	-0.33304939	0.12117740	-0.17279566
1.21902406	0.07596222	0.19158128	-0.55243270	0.08220713	-0.17421970
1.37330814	-0.16896236	0.25665322	-0.46877076	-0.28393798	-0.51542359
1.36118417	-0.32925777	0.16326683	0.21325130	-0.47741977	-0.72389877
1.22207719	-0.21273170	-0.02389055	0.02871335	-0.48057602	-0.74680347
1.19068373	-0.32976035	-0.25405489	-0.37658341	-0.21730716	-0.50859953
1.21892964	-0.46003245	-0.18200231	-0.14326416	0.20743819	-0.63490586
1.07729414	-0.32945344	-0.05706403	0.21604864	0.48761692	-0.30798382
1.31301512	-0.26059913	0.28987274	0.66257757	0.20923900	-0.25125098
1.29760405	-0.19714304	0.06195501	0.99041402	-0.09081085	-0.24989831
1.19998882	0.09324556	-0.00032101	0.23325959	-0.22568706	-0.09089795
1.10183391	0.00737056	0.03522860	0.30354414	0.00193846	0.14306167
1.11050110	0.03734019	-0.10326319	0.10902772	0.18991207	0.39318149
1.02160414	0.04358135	-0.12512788	-0.52052185	0.38035437	0.20220575
1.12609115	0.01284522	-0.02178321	-0.48853510	0.55130148	0.16634461
0.84311651	0.05619818	-0.01867989	-0.84935461	0.40068828	0.52170518
0.58399534	-0.08343879	0.15065919	-0.98205054	0.28202868	0.26638979
0.56568339	-0.06097591	0.15440534	-0.46987931	0.37099888	0.11476361
0.56038891	-0.17835008	0.04209575	-0.83132085	0.01271741	0.21125079
0.84870224	-0.19091210	0.02462327	-0.78023584	-0.14845924	0.05095359
0.69543480	-0.23575886	0.13527241	-0.50584756	0.13600894	0.10705158
0.86653649	-0.12803207	0.14493951	-0.77402517	0.08031145	0.44787434
0.70666525	-0.00801456	0.24147422	-0.63702247	0.04437640	-0.09564509
0.81056405	-0.20051465	0.26333610	-0.33525674	0.24087480	0.36273709
0.72151501	-0.07757298	0.27534383	-0.40710089	0.18713632	0.29938421
1.15080993	-0.07228581	0.33485921	-0.14156124	0.25175207	0.20499823
1.02011583	-0.28901826	0.18754418	-0.35822800	0.04651958	0.18048472
1.13003144	-0.28883913	0.34164114	0.49465251	-0.35486023	0.18865810
0.99011230	-0.20729389	0.26435938	0.43636240	-0.08580112	0.27953764
1.35098470	-0.08425934	0.26207694	0.86584093	0.16762407	-0.01003655
1.46476107	-0.00279028	0.21284736	0.61152206	0.12706234	0.23806304
1.44924297	-0.00291658	0.12928425	0.73907284	0.37632110	0.26116346
1.29650324	-0.26259387	-0.04889120	0.04294457	0.71454104	0.22583215
1.33728899	-0.34598471	0.15710578	0.34295360	0.63341039	0.15113031
0.80702112	-0.50193903	0.24778968	0.00279488	0.33677571	0.00712464
0.65623059	-0.18427205	-0.04236818	-0.12316530	0.24239343	-0.10548959
1.06023102	-0.19735419	-0.14462286	-0.29094176	-0.07126267	-0.15410383
1.04373660	-0.04994347	-0.17243419	-0.58039322	-0.16665149	-0.13107743
1.33290421	-0.16653621	-0.14695827	-0.48407534	-0.03421928	-0.51696593
1.21357236	-0.10848325	-0.10047131	-0.22785840	0.33753299	-0.28739774
0.84884439	-0.34714162	0.15263019	-0.29393436	0.29022929	-0.48223963
0.76550342	-0.34587619	0.17946275	-0.09918611	0.06880548	-0.61534145
0.80061244	-0.41467337	0.07660828	0.45128719	-0.40808094	-0.30451740
0.73419544	-0.19600664	0.07514315	0.72440010	-0.06160449	-0.35791715
0.88209038	-0.21816497	0.04236863	0.78041192	-0.31935218	-0.23228401
0.72286843	-0.14651144	0.13151072	0.80821448	-0.25597847	0.13389618
0.83938367	-0.18750026	-0.02625564	0.34253997	-0.27703420	-0.12425268
0.84231843	-0.03478647	0.01882656	0.72299689	-0.33396962	0.05582898
1.01852245	0.01984232	-0.02041870	0.38554165	-0.20524539	-0.00834864
0.96392332	0.15525667	-0.02571572	0.41173943	-0.17715069	0.16901971
1.01886077	0.09825570	0.12611474	0.33108958	-0.39717558	0.13712092
0.83827273	0.13750606	0.17144527	0.11439246	-0.34270475	0.38453485
0.67204135	0.11905569	0.21675571	0.32782032	-0.38958099	0.34761449
0.91839836	0.15094742	0.14099662	0.28247968	0.10268121	0.29320487
1.05070330	0.13931993	0.23954846	0.16369255	0.06847234	0.38235018
1.15716613	0.02272963	0.02838537	0.11800251	0.27835218	0.33596576
1.24937307	0.01703146	0.29637774	-0.03259200	0.12157458	0.10908636
1.00654835	0.04037963	0.20319507	-0.08773897	0.23491041	-0.32273347
1.08251940	0.17192044	0.19440971	-0.36975529	0.21599753	-0.50873622
1.24754039	-0.08349001	0.21526376	-0.60942591	0.13448477	-0.53223964
1.24521038	-0.06759353	0.38666674	-0.08088888	-0.34646676	-0.35490627
1.53285197	-0.26701661	-0.02129035	-0.39591935	-0.57634495	-0.57898146
1.33448631	-0.16838574	-0.19948710	-0.35282695	-0.18612559	-0.77983010
1.20835147	-0.31721482	-0.24507827	-0.20823734	0.17111059	-0.49793163
1.24354820	-0.41219625	-0.10929816	0.59318034	0.23541410	0.02335685
1.31173665	-0.34978962	0.29649377	0.71972646	0.21054483	-0.40782779
1.11885844	-0.23958708	0.08489700	0.90063300	0.30135433	-0.22820899
1.17595746	-0.12380137	0.15066851	0.65874993	-0.23956482	0.00286907
1.21701593	0.08383950	0.08962648	0.43353183	-0.25589881	-0.02995686
1.26292135	0.07009682	-0.07580482	-0.39599412	0.28755700	0.24179857
1.20011569	0.04768170	-0.02438168	-0.24036575	0.07838685	0.30030464
0.73750850	-0.03039391	0.08690475	-0.33532644	0.52772031	0.32559192
0.80123050	0.00073595	0.09257039	-0.63555142	0.33857467	0.44062550
0.51592573	-0.21554309	0.00764684	-0.38522141	0.24342995	0.40471284
0.54734361	-0.10990096	0.03313041	-0.65437146	0.26435749	0.25005370
0.54754321	-0.07631189	0.07767823	-0.75334952	0.15201091	0.39901145
