1.05253434	-0.24024909	-0.08788854	0.08945459	0.07710305	0.03786166
0.94837846	-0.27508255	0.04385411	0.41627117	0.16757839	0.23932132
0.88737703	-0.15221227	-0.05201146	0.24910055	0.15328058	0.18152483
1.00295701	-0.08652390	-0.00505253	0.42720183	0.38243056	0.14371457
0.96281999	-0.02862708	0.01662389	0.26652436	0.17165998	0.52699279
0.84323817	-0.04663327	-0.10158084	-0.00529827	0.09455571	0.41683651
0.61401123	-0.03507643	-0.07638606	-0.16876750	0.34477098	0.37763126
0.56535238	-0.18337923	-0.08142335	-0.25710738	0.46182603	0.16100161
0.62041262	-0.13257895	-0.06070256	-0.21838555	0.51171525	0.20477742
0.64866631	-0.14972676	-0.03849435	-0.13365736	0.36386015	0.50405995
0.54562755	-0.12221438	0.02929111	-0.62208054	0.29916931	0.49734619
0.53924037	-0.17218896	0.13346768	-0.52009724	0.35593594	0.53289801
0.70227793	-0.20843830	-0.05783552	-0.42873173	0.14564984	0.33513061
0.73386350	-0.23220711	0.00120533	-0.69043278	0.01371364	0.50905311
1.08931251	-0.16628725	0.06109279	-0.46820878	0.07168147	0.36523128
0.96687955	-0.34417446	0.06577210	-0.40007385	-0.19150498	0.34445083
0.98614840	-0.32308826	0.19618433	-0.20886938	-0.02495747	0.14026598
1.03815861	-0.33435163	0.11484416	0.12973727	0.10580545	0.39430887
1.06393589	-0.18590855	0.11459774	0.27601764	0.02809400	0.30427985
0.86709725	-0.18474147	0.13603352	-0.04437851	0.46522933	0.24037933
1.12163837	-0.21832882	0.11614193	0.15376801	0.26010334	0.00959640
0.94456461	-0.07255291	0.17169621	-0.07428974	0.24545679	-0.08875969
1.19374760	-0.10193227	0.23833493	-0.22017173	0.54948077	-0.04400466
0.99321178	-0.12767668	0.29167591	-0.19567964	-0.07735414	0.24688747
1.11399869	-0.18126684	0.13664041	-0.22675308	-0.01909597	0.17405137
1.23118141	-0.38752027	0.10775767	-0.24196958	-0.44611518	0.27943822
1.63182985	-0.50596136	-0.04845162	-0.03057155	-0.14385970	0.46425700
1.51002079	-0.41912475	0.04991938	0.15195842	0.41617178	0.29642041
1.50386256	-0.43411003	0.06126317	0.07535122	0.27900805	-0.11855918
1.21808190	-0.57131234	0.17677502	-0.20208877	0.26177541	-0.46890706
1.06625296	-0.41649563	0.03634525	-0.20656466	-0.22140863	-0.38180507
1.03749556	-0.43992122	-0.05299161	-0.26845174	-0.48216058	-0.07867059
1.28967043	-0.44032056	-0.09853843	-0.02699233	-0.24772975	-0.33904583
1.21513821	-0.33814707	-0.19933747	-0.27197500	-0.11978403	-0.30343199
1.00203312	-0.37343105	-0.16419756	-0.25858213	0.01468307	-0.44407190
1.21568142	-0.36003531	-0.01387614	-0.19010436	-0.00021516	-0.52484623
0.86795180	-0.27127563	-0.09424277	-0.23892801	-0.10109245	-0.84002972
0.69123059	-0.27497929	-0.04265163	-0.05346718	0.11569961	-1.03811598
0.67892392	-0.30595611	0.00437693	0.38991853	0.00499575	-0.78825931
0.61066828	-0.32542860	0.04095178	0.50629042	-0.29746588	-0.87710627
0.66488971	-0.09100112	-0.02308879	0.78743753	-0.13190033	-0.62560906
0.57527440	-0.14161788	-0.08002711	0.37617418	-0.21706751	-0.54306344
0.60285577	0.04630032	-0.03534703	0.33142245	-0.24342765	-0.12639249
0.62294710	0.00838271	-0.03031528	0.11139931	-0.40636685	-0.38984324
0.91296355	-0.03089217	-0.06726753	0.18036577	-0.43425760	-0.01052559
0.79370538	-0.12455045	-0.02053439	0.12710556	-0.16868305	-0.06946837
0.90548825	-0.20092670	-0.10000612	0.31989915	-0.14188413	0.06265353
1.04059338	-0.22935438	-0.05590835	0.27686115	-0.03129204	0.03465776
1.15300903	-0.10382936	0.11688829	0.05507500	-0.16934257	-0.02375049
1.10153268	-0.00566257	0.02293540	0.19434335	-0.29113261	-0.00972658
1.10130742	-0.01577327	-0.05277328	-0.19975418	-0.11172952	0.04347455
0.93335142	0.12745982	-0.07138004	-0.20616401	-0.20605863	0.07482235
1.00444115	0.10148717	-0.12236911	-0.43833517	-0.39425449	-0.08442433
1.06729476	0.02128508	0.10560143	-0.41872460	-0.21850476	0.33695828
1.03539133	-0.09758781	-0.00896206	-0.12428521	-0.32799106	0.07806910
0.83372101	-0.10536700	0.03081541	-0.15648287	-0.26819665	0.36005129
1.26843028	-0.24653047	-0.02928771	-0.28209551	-0.23972794	0.36597418
1.29273109	-0.13277544	-0.03286742	-0.05701721	-0.07035401	0.32196237
1.36513803	-0.10592254	-0.04300416	-0.18035821	-0.06094761	-0.06612561
1.55653715	-0.25888221	-0.12920672	-0.38997025	-0.22940658	0.07511797
1.51898248	-0.24201904	-0.10459106	-0.71194906	-0.44711146	-0.06277729
1.68234495	-0.35331079	-0.19632623	0.24119367	0.11941237	0.03413753
1.50602950	-0.49436967	-0.14824227	0.15716117	0.49310468	0.33864162
1.11580945	-0.45933598	-0.21891147	0.36161157	0.41553189	-0.03569250
1.11964490	-0.35685881	-0.11475191	0.06396581	0.42562156	-0.15830779
1.26006061	-0.31431181	-0.02073993	0.14942054	0.15750146	-0.01494837
1.04509077	-0.21074905	-0.10370527	0.32376707	0.35870736	-0.00596079
0.83623000	-0.26781457	0.01130822	0.57938015	0.25451448	0.16383923
0.94805835	-0.23508728	-0.05559193	0.34182928	0.29831277	0.27488365
0.75093144	-0.33496496	0.07373587	0.43743493	0.36287052	-0.06968552
1.04754326	-0.29316504	0.08050431	0.41983506	0.18808924	0.06776263
0.84058502	-0.14749119	-0.05622580	0.79217984	0.24209041	0.29124172
0.67911097	-0.06495746	0.01585799	0.22090811	0.41832365	0.67253002
0.68845830	-0.09233741	-0.02063988	0.20221156	0.53594516	0.33375280
0.51077769	-0.06420751	0.01727550	0.18911836	0.42178728	0.27707628
0.59340250	-0.16610760	-0.01498358	-0.03695314	0.32073646	0.32452956
0.70511669	-0.19075528	0.03128805	0.03622290	0.22589821	0.22829940
0.67537568	-0.22623939	0.11251062	-0.14979688	-0.01029011	0.54802325
0.74349090	-0.14082943	0.05422262	-0.06466487	-0.17691605	0.42052642
0.74150803	-0.19359304	0.10853883	0.03859648	-0.12101157	0.34323221
1.02935506	-0.02916866	0.11426301	-0.07484164	0.21151207	0.33349379
1.04413763	-0.23910051	0.08336126	-0.22026050	-0.13524222	0.17446121
1.25283878	-0.27834012	0.11104249	-0.07430722	-0.15784666	0.41564599
1.12922726	-0.24776529	0.14189946	0.01655315	0.00312109	0.25394348
0.74199299	-0.28260581	0.09615707	-0.14082848	-0.07429345	0.26062790
0.70736035	-0.20490869	0.20080618	0.21120910	0.03324698	0.22311602
0.80649107	-0.21533285	0.18262771	0.05675855	0.23920526	0.27471413
0.91633522	-0.18169328	0.25406348	-0.05268849	0.25686194	0.12066557
0.81988877	-0.29642366	0.26728002	0.19413987	0.30005737	-0.04292172
1.11633287	-0.09252444	0.22694704	-0.38339933	0.07190106	-0.32741565
1.05979538	-0.22912354	0.27004327	-0.20875940	-0.03481492	-0.15231057
1.22211072	-0.40660757	0.06177327	-0.30699443	-0.38925144	0.07853368
1.35635688	-0.62512226	0.00158064	0.14079522	-0.10316050	0.16093907
1.47029010	-0.45583933	0.00578177	0.25392727	0.36633950	0.21814409
1.35655155	-0.40280669	-0.00380972	0.42849285	-0.06261441	-0.51400996
0.98823470	-0.49284334	-0.06112061	-0.03461461	-0.38780966	-0.46747961
1.03341038	-0.42452143	0.01063641	0.27396322	-0.38679055	-0.00410846
0.83362013	-0.43866746	-0.04958247	0.35730012	-0.42426120	-0.17082476
1.15553188	-0.48587349	-0.20441475	0.09506246	0.01662055	0.07906421
0.95625471	-0.42011989	-0.18441801	0.17692228	0.07967420	-0.35936186
0.98806635	-0.32721906	-0.13024664	-0.06670064	-0.07120056	-0.57191401
0.95512353	-0.32773676	-0.14801668	0.07326559	-0.15695511	-0.46475707
0.88804760	-0.42804694	0.00063641	0.05980337	0.09545931	-1.06628802
1.00967750	-0.28492816	-0.01172166	0.53642843	-0.06172421	-0.88967511
0.62039064	-0.35610006	0.05347799	0.81493349	0.07982474	-0.73769104
0.65112094	-0.12643021	-0.04314910	0.89443653	-0.16715200	-0.59898886
0.68736581	0.01304021	-0.03608382	0.73820761	-0.03434946	-0.62661690
0.59068108	-0.13366271	-0.05719992	0.67132838	-0.14394923	-0.50804765
0.69191170	-0.04813505	-0.07817237	0.27100742	-0.11982793	-0.22851636
0.65737683	-0.10005222	-0.08307539	0.16868829	-0.12790057	-0.08301104
0.59952233	-0.02426816	-0.01098359	0.10864377	-0.21920725	-0.05388944
0.60560334	-0.02282323	0.05270826	0.17046346	-0.16179604	-0.18762048
0.91037791	0.01858469	-0.03454774	-0.11601217	-0.40022583	-0.15572907
1.28651244	-0.13527970	-0.12378142	0.01322231	-0.22692941	-0.13387341
1.28737878	-0.04408672	-0.13627769	-0.05702677	0.00634729	0.20963437
1.19362207	-0.32645225	-0.05927540	0.10940189	0.38324547	-0.16738348
1.06367909	-0.26273261	0.04148122	0.40631457	0.65245395	-0.01153638
1.05108305	-0.13070693	0.00045524	0.43131957	0.29656392	-0.30036951
1.00345843	-0.02659107	0.19278228	0.39350667	-0.17735001	0.07082170
0.77210522	0.08275490	0.01605868	0.57715370	-0.35602226	-0.14268098
1.11987843	-0.02494676	0.05338530	0.56124787	-0.50334727	0.05902657
1.10567481	0.00618616	-0.07215234	0.61843898	-0.32944632	-0.25494706
1.00642344	0.08757296	0.08009181	0.17069311	-0.03799580	0.28788028
1.13586431	0.01382055	0.00197534	0.41667908	-0.08231021	0.18076009
1.07951774	0.14799984	0.09678911	0.03839571	0.10151390	0.23294777
0.76811543	0.07123622	0.05907334	0.07821986	-0.15940130	0.44379006
0.88214945	0.00272173	0.03717000	0.07008253	-0.13138741	0.14953730
1.21738143	0.00235573	0.01255369	0.27892119	-0.28804419	0.12148347
