1.09661661	-0.29186947	-0.24431783	0.70973406	0.48242137	0.23588007
1.09910102	-0.22119388	-0.14588370	0.71312653	0.25707145	0.47593480
0.73049242	-0.23099046	0.01320015	0.15723081	0.76894085	-0.15487671
0.34773151	-0.17915385	-0.05893980	0.38229472	0.68056812	0.01154050
0.55371172	-0.19589163	0.03497439	0.42667198	0.78943198	0.19573960
0.58191399	0.01383956	-0.00129787	0.41313611	0.63307477	0.43668425
0.50037910	0.02851975	-0.02853374	0.18265963	0.52928946	0.09398008
0.55046797	0.00671349	0.02498951	-0.42307428	0.29897999	0.68555441
0.80014259	0.06315052	-0.00142979	-0.57381424	0.22477332	0.54143367
0.66005790	0.02121392	0.07039504	-0.94747060	0.03101385	0.40194210
0.98953246	0.01784554	-0.03836581	-0.74853134	0.23859720	0.62610562
0.82955674	-0.14320253	0.03424754	-0.21466625	0.05760499	0.42193895
1.21189114	-0.41309197	0.12284550	-0.44528446	0.22654478	0.48930373
1.04941785	-0.50643968	0.05093969	-0.05296844	-0.12671436	0.71088594
0.93519833	-0.34753009	0.07327348	-0.24905002	0.27302869	0.55672196
1.10992346	-0.27770938	0.27741424	0.35388713	0.09781024	0.36474891
0.97919603	-0.32331931	0.16389383	-0.39674795	0.50500892	0.64899928
0.99253678	-0.27335939	-0.00172735	-0.30745971	0.57030163	0.37227273
1.02771687	-0.04723427	0.08967070	-0.48083041	0.48976498	0.34762353
1.24072071	-0.25335758	0.03607404	-0.11423506	0.37307282	0.60649040
1.22499035	-0.35846715	0.12400437	-0.59639454	-0.35886700	0.32697049
1.20073344	-0.56557585	0.04180212	-0.20756291	-0.56103497	0.68527533
1.68163810	-0.77379229	0.05822964	0.00527264	-0.11829141	0.11530142
1.23741159	-0.55467916	0.09817936	0.40346329	0.90639733	-0.05369724
1.08055614	-0.34368613	0.02046476	0.16450197	0.37607361	-0.58146280
0.59853090	-0.35513962	0.12323423	-0.45916325	-0.11769262	-0.56462476
0.89598300	-0.21240179	-0.03621912	-0.28186105	-0.50040372	-0.00823708
0.86741643	-0.28301093	-0.09530461	-0.20188958	-0.23075748	-0.04694995
0.95620854	-0.34339872	-0.19368976	-0.54801385	-0.28118042	-0.25599688
0.96440766	-0.32342060	-0.22310354	-0.44918746	0.08087211	-0.47987555
0.99411512	-0.31173055	-0.15167429	-0.31629561	-0.06595635	-0.35399195
0.71668190	-0.48861918	0.02209032	-0.73643882	-0.01591788	-0.73548255
0.68947009	-0.29764736	0.04136950	0.05504809	-0.08686401	-1.13786945
0.76333925	-0.38271338	0.09875994	-0.33279434	-0.20947661	-0.75053990
0.70445842	-0.31580375	-0.00307113	0.66745248	-0.06007989	-0.65964989
0.52513989	-0.21660259	-0.10914717	0.83211592	-0.12521536	-0.62444350
0.53047303	0.05066445	-0.08379980	0.12757958	0.08231179	-0.45967835
0.54094155	0.01645242	-0.06301856	-0.06474685	-0.20793779	-0.33780592
0.57665427	-0.09626671	-0.08932797	-0.27441630	-0.04469548	-0.04805439
0.79505342	-0.05612846	-0.03449777	-0.27016807	-0.20524188	-0.12016351
1.12532047	-0.10326740	-0.00869020	-0.04079516	-0.59490133	-0.27360120
0.88234800	-0.23106540	-0.01107161	-0.21801004	-0.41688362	0.11765457
1.04167034	-0.18476469	-0.02612379	-0.38757920	-0.03353065	-0.05664824
1.21124581	-0.07554314	-0.00570362	-0.08704621	-0.22928350	-0.26899842
0.97047816	0.04911499	-0.03339713	-0.71353434	-0.16572531	0.02475687
1.06506301	-0.04987291	0.00674081	-0.42350750	-0.49846263	0.06412349
1.16177501	-0.02817980	0.03089253	-0.83766533	-0.44907252	0.13595558
1.06059390	0.08078055	0.02504876	-0.60717070	-0.36337917	-0.10417631
1.17253552	-0.03411753	0.05541812	-0.82915972	-0.37838074	0.12435209
1.20247272	-0.14238252	-0.06102451	-0.89105891	-0.17450512	0.27598310
0.94993751	-0.17546734	-0.01272127	-0.66916094	-0.02334463	0.11473112
1.29595740	-0.29579012	-0.10896931	-0.92398582	-0.06918756	-0.11352372
1.67363849	-0.26317876	-0.27077466	-1.00735900	-0.29114971	-0.22833204
1.56126853	-0.18686389	-0.12723733	-1.06687860	0.06495861	-0.63563021
1.58936421	-0.31266201	-0.16068129	-1.27037052	-0.02484859	-0.11681395
1.61200772	-0.37935159	-0.27200925	-0.55196133	0.58097080	0.11301999
1.44363651	-0.22297863	-0.16927176	-0.74197459	0.80984936	0.13778411
1.38838942	-0.22020001	-0.13917027	-1.12239640	0.78292981	0.05644082
0.86121852	-0.24336026	0.00828690	-0.54191386	0.31648062	0.00886562
0.92349030	-0.12110083	-0.02723287	-0.75929907	0.27326653	0.35652700
0.98210433	-0.16037152	-0.13994463	-0.65866069	0.23530021	0.05936442
0.85754511	-0.34993201	-0.13325408	-0.39475295	0.42490874	0.19506997
0.85802944	-0.13555980	-0.01072590	-0.66839365	0.63846514	0.37055748
0.98414742	-0.07275008	-0.16400883	-0.42260096	0.74263795	0.42894003
0.61571003	-0.04049042	0.07341981	-0.36760946	0.71985160	0.32495219
0.91310119	-0.10833091	0.00730050	-0.58300794	0.24759254	0.40050591
0.63666966	-0.27947100	-0.01758877	-0.46972345	0.76948699	0.39121821
0.79590252	-0.10397809	-0.02913111	-0.59620107	0.86432153	0.54338473
0.49457194	-0.07327148	0.00002625	-0.44221609	0.50494412	0.56248400
0.55820699	-0.13866176	0.03733848	-0.47483498	0.56139233	0.70475652
0.59088564	-0.10398937	0.00082571	-0.41840750	0.22393195	0.54838429
0.62420186	-0.08804426	0.05868494	-0.48628749	-0.15111027	0.30708041
0.70680713	-0.19977157	0.11459929	-0.36499926	-0.16715987	0.18710182
0.71525372	-0.23679211	0.05943633	-0.28957580	-0.00585630	0.47877513
1.05677987	-0.25953668	-0.03912775	-0.87584909	-0.02684845	0.54090018
1.10472691	-0.21505120	0.11348738	-0.27955987	0.17186508	0.38651986
1.12117096	-0.27991118	0.07665304	-0.26480682	-0.11175625	0.47350430
0.93587509	-0.32779970	0.10282622	0.08846046	-0.10567774	0.36105950
1.06967987	-0.20568825	0.13904822	-0.09392065	-0.16027184	0.53171302
1.11896317	-0.24930398	0.12370908	-0.23433354	0.10087213	0.51049837
1.02349417	-0.09001460	0.10053569	-0.45614725	0.23732391	0.22046794
1.08028975	-0.19291939	0.22877542	-0.45996291	0.25554769	0.22841635
0.95728632	-0.18576454	0.22380390	-0.66912386	0.42816627	0.24345290
1.07862373	-0.33975639	0.20134664	-0.46985952	-0.13421412	-0.05522723
1.41960263	-0.54356157	0.08504356	-0.62827149	-0.19029314	0.21686351
1.55617895	-0.50056530	0.05548102	0.03994754	0.00522008	-0.06044882
1.48362295	-0.47873399	0.14735853	-0.53624525	0.93028676	-0.30211100
1.18911062	-0.35054954	0.01900731	-1.05899084	0.43173293	-0.57804653
1.00138171	-0.49097683	0.13786995	-0.52040114	-0.32587542	-0.56806056
0.89391459	-0.55538698	0.09559799	-0.31187979	-0.29665437	0.07104158
1.05335684	-0.29100469	-0.10803888	-0.68906495	-0.16137873	-0.29031443
1.44332891	-0.55406212	-0.11993449	-0.40709152	0.03963005	-0.22586555
1.20337456	-0.36132671	-0.13614984	-0.49242685	-0.00846523	-0.66897587
0.88870471	-0.35754077	-0.17572479	-0.84463495	-0.32333041	-1.10778584
0.92770040	-0.17206340	-0.05077198	-0.33039677	0.26751467	-0.87396695
0.55804616	-0.21069926	-0.04233632	-0.18024210	-0.05553073	-0.55553308
0.83504344	-0.30502823	0.05083940	0.24169027	-0.26269504	-0.97445093
0.52566125	-0.28302560	0.02280865	0.44913026	-0.04406335	-0.70058544
0.51687615	-0.10527480	-0.02925292	0.22772669	-0.70972933	-0.42349943
0.59839495	-0.11211064	-0.04681911	0.03284627	-0.60893065	-0.20236280
0.59515317	-0.01954131	-0.12132541	-0.08575073	-0.43421448	-0.04390800
0.73349022	-0.03962652	-0.15841172	-0.32729997	-0.25121154	-0.10095321
0.84896862	0.03250748	-0.23417461	-0.51204556	-0.42028753	0.01389123
0.80214612	-0.21923749	-0.09609712	-0.27092853	-0.44984552	0.32169173
0.93232853	-0.21402991	-0.06107049	-0.19856050	-0.03692454	0.15699847
1.04060208	-0.10960895	-0.13362016	-0.32815005	-0.16330524	0.18824166
1.14786595	-0.09325878	0.01545606	0.04827769	-0.16147869	-0.08979680
1.21712336	0.02956750	0.05319838	-0.33816736	-0.50253780	-0.02174568
1.01277705	0.12560466	0.05018515	-0.52455148	-0.00387127	0.08959424
0.99027387	0.13299468	-0.05761401	-0.51096175	-0.56833268	0.15170905
1.12900224	0.06582872	0.03102929	-0.65712710	-0.32042174	0.03939201
1.21339995	0.07144268	0.00752361	-0.69452230	-0.30098532	-0.31634622
1.11947446	-0.18065434	-0.04949053	-0.38252575	-0.10201836	0.03598939
1.33124275	-0.29227193	-0.25607466	-0.59610086	-0.12097747	0.22876659
1.51190724	-0.24334784	-0.17520124	-0.42031550	0.16637311	0.08027142
1.49463045	-0.18622159	-0.16551039	-0.76722792	0.39283134	0.08012076
1.67271488	-0.32780411	-0.11699740	-0.87829822	0.08117075	-0.29825672
1.55001249	-0.34209681	-0.19999854	-0.62265093	0.60643665	-0.44859264
1.26916021	-0.42251028	-0.25285971	-0.37010351	0.62527940	-0.08075854
1.50165390	-0.42967815	-0.29594472	-0.24771094	0.68585416	0.15635545
0.87283590	-0.42842873	-0.22423159	0.07482216	0.12702870	0.18933922
1.05159041	-0.33568868	-0.16794354	-0.28290809	0.49806486	0.30052810
0.92552305	-0.12135799	-0.08576890	0.03962401	0.05727615	0.03183360
0.93314396	-0.27672355	-0.11585979	-0.13670289	0.46458685	-0.09829113
1.02527667	-0.27709590	0.00812539	0.15251996	0.47456774	0.09924876
0.72238936	-0.17836122	-0.01966428	-0.12480531	0.39317760	0.33418717
0.69991860	0.00002582	-0.03261771	-0.46670706	0.24327495	0.63189989
0.75564743	-0.01766204	-0.00706714	-0.20974256	0.56844023	0.43204965
