1.02066224	-0.10677633	0.07448727	-0.01554662	-0.03631361	0.02821481
1.02033376	-0.10335919	0.06698122	-0.01506930	-0.01398154	0.02661943
1.02237275	-0.09864141	0.06882272	-0.01722620	0.00010443	0.01220455
1.01825901	-0.10304280	0.06308817	-0.01245518	0.03040830	-0.02227411
1.02279238	-0.10435965	0.06992884	-0.03459093	0.00630926	-0.01946827
1.02684965	-0.10259780	0.06149559	-0.03543902	-0.00386634	-0.00773160
1.02523835	-0.10028622	0.07063707	-0.02546320	0.02989910	-0.01804147
1.02603023	-0.10545527	0.06855254	-0.01185597	0.01119381	-0.01974797
1.02452827	-0.11474064	0.06348334	-0.00234185	0.03157414	-0.02926548
1.02586532	-0.11327799	0.06623356	-0.00664357	0.02499796	-0.03990767
1.02272424	-0.11284282	0.06852042	-0.00468096	0.02584728	-0.02437082
1.02183320	-0.11441507	0.06783704	-0.00323627	0.02851241	-0.03779542
1.01951097	-0.11375553	0.06818395	0.00851246	0.02512474	-0.02130646
1.01760714	-0.11333720	0.05141059	0.00149406	0.02358772	-0.01600986
1.01917364	-0.12044471	0.05221758	0.01123564	0.03119593	-0.01113629
1.02948603	-0.12538507	0.05330927	0.03175541	0.05524010	-0.04666682
1.02509106	-0.12473486	0.05901005	0.03096832	0.06562362	-0.05438816
1.02066997	-0.12292184	0.05321798	0.04231978	0.04007902	-0.03961817
1.01803392	-0.11724995	0.06160687	0.04392397	0.03709861	-0.04609852
1.01780828	-0.10998317	0.06360967	0.02390015	0.03420867	-0.02295555
1.02065290	-0.10775690	0.06262161	0.02903354	0.03791165	-0.01988728
1.01929487	-0.11054832	0.06182544	0.01581325	0.02770338	-0.03422522
1.01950713	-0.11634176	0.06161050	0.02135347	0.04425777	-0.01590705
1.02246272	-0.12065802	0.06867162	0.02581786	0.03897249	-0.01707670
1.02257278	-0.11657959	0.07008750	0.02523707	0.03893484	-0.02731361
1.02556223	-0.11999274	0.06074709	0.02503064	0.03601129	-0.02083426
1.02597050	-0.12380284	0.06664748	0.03678220	0.01866391	-0.02564756
1.01826499	-0.12615067	0.06631628	0.02303495	0.04000762	-0.01572718
1.01832056	-0.11723059	0.08059721	0.02747340	0.03810997	-0.00647723
1.01798823	-0.10542724	0.08054823	0.01547689	0.02958056	-0.00328319
1.01933408	-0.10010441	0.07526833	0.01282664	0.02891743	0.00334437
1.02746487	-0.10194708	0.06352402	0.02237182	0.03012458	0.00681593
1.02717027	-0.10954077	0.06622598	0.02213102	0.01711266	-0.01377348
1.02156839	-0.11656369	0.06961555	0.03506828	0.00333353	0.00533953
1.02257117	-0.12065052	0.08522311	0.04055216	0.01815691	0.00373689
1.02110711	-0.12222867	0.07840342	0.01660578	0.02552055	0.00027412
1.02446502	-0.11871099	0.07684269	0.05325116	0.00794464	-0.00740070
1.02378120	-0.12338297	0.07341886	0.04986909	0.03155352	-0.00168624
1.02644116	-0.11245699	0.05913898	0.06906813	0.00696957	-0.00888798
1.02564037	-0.11788157	0.05598521	0.05396144	-0.00043646	0.00604634
1.02255774	-0.10995391	0.06878746	0.06213639	0.01803336	-0.00063736
1.02471375	-0.11086251	0.06491903	0.05509638	0.03541757	-0.00828447
1.02117756	-0.10769051	0.07724825	0.05835324	0.01714120	-0.00955487
1.01942312	-0.10904940	0.07589255	0.02627483	-0.00763534	-0.01719794
1.02235342	-0.10931296	0.07788954	0.02950048	-0.01789039	-0.01787951
1.02220541	-0.11529802	0.07727588	0.03082209	-0.01650254	-0.01133774
1.02246585	-0.11408779	0.07311675	0.02859556	-0.00090019	-0.01278265
1.02238284	-0.11042196	0.07350748	0.01210137	0.04910293	-0.01144824
1.01617187	-0.10994951	0.07837999	0.01772012	0.02066677	-0.00972249
1.01970899	-0.11365485	0.08511522	0.01132212	0.01196442	-0.02407846
1.01687300	-0.11395851	0.07152511	-0.01866947	0.00390370	-0.00478111
1.02241793	-0.11405500	0.06852202	0.00201929	0.01194523	-0.00248370
1.02350860	-0.11744012	0.06921552	0.01774507	-0.00076911	0.00835091
1.02031410	-0.11873818	0.07081462	0.01546085	0.01464784	-0.01205705
1.01874633	-0.12118093	0.07265291	0.01088382	-0.00483799	-0.02033205
1.01729901	-0.11811721	0.07086865	0.03220028	0.01042718	-0.03489653
1.01715392	-0.11083868	0.07092805	0.02787245	0.00288603	-0.03197701
1.02064597	-0.11378116	0.06964803	0.01795332	-0.01019415	-0.02279767
1.02484253	-0.11279898	0.07075391	-0.00041949	0.01839184	-0.03413391
1.02455990	-0.11442153	0.08244225	0.02161110	0.01234547	-0.03856082
1.02026941	-0.10909663	0.08506508	0.00183750	0.03272115	-0.02128429
1.02424730	-0.10487266	0.08624144	0.01503006	0.01313120	-0.02000863
1.02083353	-0.10086489	0.07743787	0.00355443	0.02019791	-0.02459467
1.02034765	-0.10567810	0.07717512	-0.01156872	0.02494260	-0.02168652
1.01647314	-0.10619473	0.07670155	0.00086596	0.01085841	-0.00182503
1.01330766	-0.10506140	0.07255240	0.00095014	0.01274471	0.02232425
1.02046635	-0.10405588	0.07334009	0.01602468	0.00248810	0.00083413
1.02582171	-0.10443857	0.06974917	0.01179607	0.00965753	0.01852021
1.02111570	-0.10889083	0.07386504	0.00897286	0.01938667	0.00446068
1.02320858	-0.10632417	0.07876441	0.01642519	-0.00698002	-0.00108523
1.02483696	-0.09935219	0.08394143	0.02527023	0.00473174	0.00611395
1.02464523	-0.10274176	0.08569426	0.02148029	0.00570218	-0.00047366
1.02157967	-0.10830252	0.07582625	0.01373264	0.02402886	0.00607996
1.02131544	-0.11472209	0.07781776	0.00200713	0.00648012	0.00198355
1.01760134	-0.10507652	0.07467763	-0.00756534	0.00684090	0.00575731
1.01921794	-0.10757473	0.07826800	0.00186455	-0.01223010	-0.00587531
1.02318222	-0.11370724	0.07367415	0.02497334	0.00015180	-0.00640978
1.02626219	-0.10598534	0.06565474	0.01996673	-0.00523483	0.00794014
1.02514260	-0.10758954	0.07506450	0.00855455	-0.00670050	-0.00960646
1.02600460	-0.10697271	0.06942946	0.00805071	0.01307223	-0.00935728
1.02107781	-0.11566690	0.06664705	0.00865360	0.01002210	-0.00526839
1.02051681	-0.11173894	0.06633449	0.02405208	0.00222191	-0.00068811
1.02043691	-0.10586036	0.07689389	0.00407161	0.00716516	-0.00617987
1.02205856	-0.11268313	0.07855064	0.00290893	0.01853212	0.00677633
1.01813025	-0.10671592	0.07446945	-0.00199838	0.01240898	0.00253445
1.01594918	-0.10281472	0.07264792	0.00633649	0.01338291	0.01174543
1.02039784	-0.10335199	0.07443484	0.02406498	0.01235351	-0.00528791
1.02472518	-0.10326702	0.07474072	0.00766973	0.01974713	-0.00934131
1.02271602	-0.10244637	0.07999857	0.01602458	-0.00431344	-0.01523956
1.02260168	-0.11292250	0.07339374	-0.00147527	-0.00818588	-0.01544463
1.02798862	-0.11210629	0.07445133	0.00868246	-0.00188233	-0.01595423
1.02297703	-0.11604705	0.08087784	-0.01207479	0.00554362	-0.03124933
1.02421862	-0.10787065	0.06330005	-0.00075425	0.01019998	-0.00398281
1.01972620	-0.09578413	0.07236362	-0.02495530	-0.02138229	0.00742669
1.01815609	-0.09786025	0.07668307	-0.00602650	-0.00738003	-0.01128333
1.01936499	-0.10177625	0.07159023	-0.02231072	0.00526659	-0.00519921
1.01990690	-0.10561208	0.07314617	-0.00810211	0.00164321	0.01117884
1.01900687	-0.10596119	0.07994371	-0.00919160	-0.02706464	-0.00189470
1.01619224	-0.11030749	0.08027622	-0.00458705	-0.01716722	0.00733403
1.01817020	-0.10337236	0.06769924	0.01239648	-0.02559136	0.00067588
1.02159946	-0.11126778	0.08083228	0.01031488	-0.02713002	0.00255445
1.02146614	-0.10813397	0.06790608	0.02046638	0.00858889	0.00512600
1.02147776	-0.10978508	0.05834927	0.03124155	-0.00539708	0.00390691
1.01871616	-0.10662623	0.07298999	0.04158516	-0.01692187	0.01597655
1.01976903	-0.10229495	0.07575421	0.03918743	-0.00395203	0.01652602
1.02321970	-0.10810286	0.07179924	0.02484376	-0.00725100	-0.00694284
1.02492111	-0.10474042	0.06710503	0.02721305	-0.00656595	0.00232422
1.02388724	-0.10161005	0.07043727	0.03744331	-0.01318192	0.00721765
1.02185891	-0.09412919	0.07113021	0.03539948	-0.01849677	-0.00084849
1.01619719	-0.09384936	0.06154352	0.02480437	-0.01869009	0.00432334
1.01869113	-0.09456915	0.07243620	0.01076170	-0.02578403	0.00887351
1.02188896	-0.09581281	0.06550448	-0.00310268	-0.02611442	0.01232415
1.02365283	-0.10028045	0.06799707	0.01285436	-0.01948596	-0.00137532
1.02250584	-0.10182132	0.06775095	-0.00230134	0.01401846	0.00344751
1.02161221	-0.10686089	0.06697327	0.00136222	-0.00010959	0.00886776
1.02353214	-0.10073640	0.06749142	-0.00481547	0.01075803	0.00297250
1.02131524	-0.10140937	0.06941189	-0.00910187	0.00386354	0.00075030
1.02485629	-0.09652215	0.06933851	-0.00299801	0.00488136	0.00799961
1.02489695	-0.10658899	0.06845442	-0.02359153	0.01426592	0.00119751
1.02408252	-0.09561900	0.06976370	-0.00966711	0.00595973	0.00594419
1.02380406	-0.10013122	0.06309294	-0.00743100	-0.00989799	0.01816046
1.02106009	-0.09989125	0.06971512	-0.01488405	0.01432975	0.01645520
1.02024773	-0.10143155	0.07297674	-0.03176318	-0.00628742	0.01916873
1.02237624	-0.10797677	0.07098651	-0.01627938	-0.01903018	0.02633895
1.02233126	-0.11572932	0.06823665	-0.02546199	-0.01076172	0.00971007
1.02349642	-0.11409568	0.06436283	-0.02079136	-0.00141842	0.00626217
1.02708520	-0.11771958	0.05417888	-0.03026167	-0.00169713	0.02072622
1.02602567	-0.11593797	0.05971872	-0.02983438	-0.00070413	0.00023500
