1.02268189	-0.12112427	0.06542212	-0.00588104	0.00393322	-0.00477247
1.02091719	-0.11994916	0.06147198	-0.01552431	0.01021932	-0.00783298
1.02297519	-0.12491343	0.06146923	-0.00626204	-0.00269035	-0.00246751
1.02205018	-0.12045756	0.06356265	-0.00000160	0.01690848	-0.01055765
1.02215213	-0.11345063	0.06215041	-0.01364865	0.01287551	-0.01825075
1.01919691	-0.11440573	0.06655871	-0.00248530	0.00966203	-0.01182102
1.01977866	-0.11722925	0.05745655	-0.00684272	0.00347922	-0.01895975
1.02110080	-0.12406952	0.06119446	-0.01848595	0.00810808	-0.02365988
1.02361548	-0.12814730	0.05791769	0.00061726	0.00000346	-0.00648848
1.02003802	-0.12422866	0.06064525	-0.00564790	0.00938233	-0.01420339
1.01778002	-0.12571285	0.05858113	-0.00088808	0.01464503	-0.01084754
1.01953720	-0.12091917	0.06353950	0.00623723	-0.00254548	0.00123157
1.02065084	-0.11746900	0.06623456	0.01014023	-0.00980923	-0.00222447
1.02178666	-0.11887531	0.06136952	0.00551686	0.00040138	0.00192860
1.02222347	-0.12116932	0.05854352	-0.00292909	0.01294884	0.00106241
1.02239830	-0.12218391	0.06753843	0.00226323	0.00483483	-0.00144463
1.02184821	-0.12305663	0.06830390	-0.00262413	0.01540662	-0.01081595
1.01870348	-0.12061759	0.06177515	-0.00959497	0.00128593	-0.00047428
1.01830724	-0.12289833	0.06812842	-0.00802637	-0.01067719	-0.01198180
1.01678068	-0.12183893	0.06416270	-0.00476166	0.00100442	-0.00329179
1.01774436	-0.11764134	0.06598934	-0.00708442	-0.00342491	-0.00489245
1.01596793	-0.11893002	0.05904483	0.00456774	0.00766502	-0.00455515
1.01941663	-0.11682336	0.06577744	-0.00141180	0.00819269	-0.02208933
1.02074503	-0.11729543	0.07262797	0.00200075	0.00342653	-0.00645273
1.01972447	-0.11626427	0.07375189	-0.00957943	0.00088229	-0.01089633
1.02138856	-0.11821159	0.07099628	0.00177137	-0.00558088	-0.00238471
1.02180046	-0.11972894	0.07353332	0.01168077	-0.01189938	-0.00222344
1.01996508	-0.11533539	0.06420885	0.00712747	0.00093483	-0.00111301
1.01981555	-0.11746941	0.06860240	-0.00327538	0.00783531	-0.01395102
1.02198038	-0.11495215	0.06491658	0.00348928	-0.00753172	-0.01001346
1.02083482	-0.11330987	0.06249738	-0.01248570	-0.01090909	-0.00710068
1.02214938	-0.11262437	0.06263942	0.00611319	-0.01021376	0.00151465
1.02401171	-0.12289897	0.06697404	-0.00281210	-0.00518573	0.00158062
1.02073357	-0.12177386	0.05319834	-0.01741037	0.00491333	0.00534324
1.02048235	-0.12108055	0.06185068	-0.02444007	0.00458333	0.01141473
1.01982348	-0.11755524	0.06743798	-0.01789105	0.00964144	0.01258862
1.02065427	-0.11883948	0.06926340	-0.00213160	-0.00044571	0.00217241
1.02318080	-0.12149523	0.05611815	-0.00484302	0.00080152	-0.00841352
1.02311415	-0.11949326	0.05971159	-0.01508396	-0.00294531	-0.01001355
1.02521732	-0.12029778	0.06663378	-0.01104871	0.00834386	-0.00747672
1.02736137	-0.12394512	0.06730572	-0.02044120	0.01209300	-0.00686159
1.02481863	-0.11533304	0.07036535	-0.01518638	-0.00543205	0.00926021
1.02407212	-0.12381473	0.07291037	-0.00316722	-0.01644288	0.00638213
1.02347219	-0.11621275	0.05847183	-0.00535908	-0.00626999	0.00309597
1.02499648	-0.11340726	0.05716738	-0.00335180	-0.02340455	0.00956745
1.02622344	-0.11635620	0.06151425	-0.00461830	-0.01302995	0.00278806
1.02763291	-0.11254515	0.06650712	-0.01348178	-0.00861984	0.00967874
1.02397171	-0.11574436	0.06132428	-0.01087395	-0.00670597	0.00283345
1.02566532	-0.11919129	0.06496819	-0.00331212	-0.01110498	-0.00236956
1.02399022	-0.11653282	0.05806299	0.00621442	-0.00388183	-0.00693857
1.02195832	-0.12073923	0.05547147	0.00441791	-0.01604399	-0.00811128
1.01825642	-0.11352194	0.05045419	-0.00757900	0.00105664	-0.00602019
1.01469726	-0.11327959	0.05929275	-0.00646697	0.00254124	0.01208232
1.01819862	-0.11606164	0.05981157	-0.01726632	-0.01030437	0.01590956
1.02224892	-0.12354027	0.06552280	-0.02078236	-0.01234793	0.02235230
1.02614475	-0.12678710	0.04917280	-0.01087403	-0.00898006	-0.00156236
1.02699628	-0.12501873	0.05890750	-0.00150154	0.00846688	0.01220332
1.02193657	-0.11464283	0.05730833	0.00065564	0.00429251	-0.00716126
1.02195451	-0.12076783	0.06717214	0.00628123	-0.00883148	0.00138610
1.02294378	-0.12009121	0.06510416	0.00607587	-0.00256860	-0.01417446
1.01862744	-0.11755399	0.05634561	0.00360599	-0.01025304	-0.01199257
1.02283793	-0.12280873	0.05387005	-0.00945928	0.01184117	-0.00775396
1.02502117	-0.11927211	0.06289441	0.00614525	-0.00455148	-0.00928676
1.02107568	-0.12486397	0.06717215	0.00241794	-0.00601205	-0.00041343
1.02273234	-0.12075075	0.06926690	-0.00650546	0.01255765	0.00214718
1.02308537	-0.11620507	0.06310711	-0.00880294	-0.00940451	0.00276312
1.02258752	-0.12005994	0.05857586	-0.00585899	-0.00857858	-0.00605639
1.02092450	-0.12393223	0.06662755	-0.00571053	-0.00459507	0.00094548
1.01722026	-0.12332193	0.05769937	-0.01485000	-0.01253555	-0.00135038
1.01876996	-0.12484663	0.06022684	-0.00258730	0.01392757	-0.00672316
1.02168969	-0.12406372	0.06533431	-0.00160491	-0.00831888	-0.00440050
1.02323940	-0.12495872	0.07303182	-0.00279355	-0.00276996	-0.00172436
1.02409761	-0.11835656	0.06056981	0.00343472	-0.00916990	0.00866832
1.02517170	-0.12285386	0.06079824	0.00417055	0.00085135	0.00206606
1.02303824	-0.11912311	0.06614516	-0.00899336	-0.00552130	-0.00522673
1.02145090	-0.11837365	0.06070361	0.00314137	0.00462127	0.00273598
1.01947969	-0.11981253	0.06545108	-0.00346920	0.00071376	-0.00324961
1.01961933	-0.11657245	0.06395372	-0.01176136	0.00992208	-0.00097385
1.02112938	-0.11443795	0.05534746	-0.01107488	-0.00865207	-0.00520236
1.01946406	-0.11598999	0.05605328	-0.00955090	-0.01412209	-0.00995327
1.02026888	-0.11344709	0.06184983	-0.01652030	-0.01375742	-0.00593383
1.02100283	-0.12036652	0.06925788	-0.01814423	-0.00623686	-0.00911872
1.02249315	-0.11621837	0.06274803	-0.01088811	-0.01350912	-0.00362202
1.02118672	-0.11883207	0.06139031	-0.02199365	-0.00147888	-0.00755538
1.02649808	-0.12297423	0.06945665	0.00636019	-0.00287882	-0.01246023
1.02507557	-0.12395883	0.05564761	0.00502542	0.00486764	-0.01652709
1.02643336	-0.12614918	0.05436277	-0.00045124	-0.01253755	-0.00201832
1.02427611	-0.12564277	0.05574070	-0.00753658	-0.00294761	0.00195387
1.02214572	-0.12809108	0.05121945	-0.00197935	-0.00632314	-0.00682967
1.01976491	-0.12321882	0.05802833	-0.00372140	-0.01102363	-0.00798584
1.01749144	-0.12050366	0.06424550	0.00078948	-0.00587338	0.00604540
1.01678042	-0.12054711	0.05847005	-0.00046731	-0.00996451	0.00488115
1.02114462	-0.12120168	0.05524196	0.00200390	-0.01860195	-0.00140495
1.01970137	-0.11943266	0.05691998	0.01236060	-0.01920808	0.01498510
1.02242543	-0.12214565	0.06289785	0.01720987	-0.00578226	0.01789489
1.02100491	-0.11957426	0.06337470	0.00711165	-0.00509810	0.01321298
1.01709553	-0.11664141	0.05394830	0.02338369	-0.00464971	-0.00620045
1.01662932	-0.12413622	0.05140485	0.00494789	-0.02018718	-0.00989694
1.01989790	-0.11981068	0.05411447	0.00577128	-0.01412916	0.00583457
1.02225064	-0.12435811	0.05151708	0.00668643	-0.01008646	-0.00280888
1.02589028	-0.12936660	0.04955162	0.01830313	-0.02283304	-0.00350879
1.02370716	-0.12822737	0.05523520	0.00549522	-0.01869739	-0.01195034
1.02518075	-0.12681501	0.03987254	-0.00917999	-0.02293814	-0.00053188
1.02365239	-0.12158339	0.04740329	-0.02163634	-0.02017910	0.00736651
1.02235227	-0.12754321	0.05020854	-0.03455934	-0.00783060	0.02720587
1.01875232	-0.12864004	0.06491176	-0.03112111	-0.02741675	0.01470635
1.01930841	-0.12640028	0.05788066	-0.01009018	-0.05887691	0.00737442
1.01896729	-0.12310833	0.06217920	-0.00005579	-0.02739958	-0.00883900
1.01960163	-0.12441141	0.05992112	0.00521232	-0.02180365	0.01489497
1.01730881	-0.11904377	0.04949274	0.00277121	-0.03454116	0.04268560
1.02047198	-0.12538950	0.05205570	0.01569628	-0.04169766	0.03886825
1.02320300	-0.12303322	0.04215074	0.02105607	-0.02356655	0.03799856
1.02376584	-0.11859558	0.03261343	0.01277445	-0.00932584	0.03118190
1.02428759	-0.11804560	0.04075670	-0.00643710	0.00149541	0.03365358
1.02053092	-0.11490305	0.06665837	-0.01124399	0.00171707	0.03738597
1.02117754	-0.11725589	0.07428061	-0.02063289	-0.00927785	0.01791007
1.01974987	-0.12207340	0.07538162	-0.02560927	-0.00486300	0.02312395
1.02350173	-0.11691280	0.05886483	-0.03223138	0.00228613	0.01943064
1.02425275	-0.12242354	0.05321819	-0.03432064	0.01215673	0.01368636
1.02209327	-0.12396087	0.05251140	-0.01465026	-0.01666307	0.00135394
1.02188180	-0.13269169	0.05314694	-0.00130331	-0.02457910	0.01365689
1.02215368	-0.13758659	0.04587195	0.01123036	-0.01323313	0.00145480
1.02366829	-0.13067520	0.05096755	0.01289810	0.00200998	-0.00149831
1.02459865	-0.12686858	0.05396591	0.02139019	-0.00141414	0.00083233
1.02269857	-0.12751594	0.04828503	0.02626418	-0.00265349	-0.00099593
1.01585471	-0.11885682	0.04769406	0.00578907	-0.01290572	0.00921455
1.01403357	-0.11493920	0.04655374	0.00425663	-0.02435644	0.00892947
1.01868384	-0.12249087	0.03302895	0.00365371	-0.02045446	0.01529970
