1.01891840	-0.15854995	0.05334100	0.00729739	0.00152365	-0.00894013
1.01829213	-0.15984213	0.04954511	-0.00230940	0.00393562	-0.00495020
1.01863316	-0.16110410	0.04589493	0.00105190	0.00348595	-0.00319901
1.01755998	-0.16101333	0.04842479	0.00002254	0.00119558	-0.00230933
1.01923414	-0.15815433	0.04795912	0.00463170	0.00069254	-0.00088596
1.01690776	-0.16201386	0.04673794	0.00036926	0.00672199	-0.00092169
1.01681702	-0.15932925	0.04814054	0.00002610	0.00635999	-0.00083310
1.01902533	-0.16169881	0.04907653	-0.00048699	0.00653108	-0.00245298
1.01429092	-0.16415078	0.05025235	-0.00510845	0.00721393	-0.00291528
1.01355544	-0.15762141	0.04947202	-0.02023695	-0.00151676	-0.00265962
1.01669169	-0.16450655	0.04598236	-0.00726098	-0.00012678	-0.00607616
1.01711511	-0.16963522	0.04589153	-0.00677080	0.00746890	-0.00867176
1.01759248	-0.16836323	0.03945343	-0.00992246	0.00750312	-0.00166582
1.02075384	-0.16552453	0.04308955	-0.00384864	0.00841839	-0.00182616
1.01717873	-0.16718857	0.05367128	0.00126087	0.00801257	-0.01072030
1.01800325	-0.16805226	0.04924093	0.00430044	0.00879457	-0.01141412
1.01814769	-0.16430683	0.04460055	0.00583625	0.00499131	-0.01124070
1.01616631	-0.16330604	0.04522712	0.00536013	0.00926082	-0.00361773
1.01826417	-0.16384071	0.04886052	0.01169401	0.00870642	-0.00548961
1.01662678	-0.16051136	0.05620353	0.00463249	0.01090633	-0.00457691
1.01684270	-0.15705882	0.05584892	0.01027225	0.00702421	-0.00611482
1.01740575	-0.15988694	0.05885782	0.00309157	0.00452467	-0.00886447
1.01818374	-0.16433992	0.06049499	0.00234900	0.00776360	-0.00953559
1.01832932	-0.16493909	0.06184430	-0.00452970	0.01249991	-0.01007992
1.01926879	-0.16138500	0.06030758	0.00388787	0.00424699	-0.01321153
1.01899078	-0.16232445	0.05323221	0.00202492	0.00995789	-0.01040332
1.02009677	-0.15570627	0.05192638	-0.00444852	0.00826732	-0.00899671
1.01962470	-0.16440103	0.04889452	0.00012943	0.00285853	-0.00892273
1.01634700	-0.16594538	0.05530113	-0.00890642	0.00580126	-0.00375840
1.01411962	-0.16273680	0.05641799	-0.00363443	0.00360811	-0.00890290
1.01664065	-0.16267177	0.04842558	-0.00998818	0.00745399	-0.00257403
1.02107579	-0.16091756	0.04548526	-0.00918642	0.00289964	0.00083284
1.01981097	-0.16023209	0.05259633	-0.00875462	0.00898831	-0.00731428
1.01563891	-0.16244298	0.05907258	-0.01430516	0.00919042	-0.00441286
1.01779447	-0.15915773	0.05968514	-0.00985147	0.00500351	-0.00364522
1.01828165	-0.15822705	0.05985950	-0.01638213	0.00949847	-0.00055118
1.02117250	-0.16276045	0.05543245	-0.01411825	0.00946578	-0.00581746
1.01965646	-0.16212593	0.05132743	-0.01380247	0.01043232	-0.00118848
1.01832083	-0.16407063	0.05250698	-0.00883637	0.00702386	-0.00256685
1.01974996	-0.16059529	0.04954612	-0.01485472	-0.00013908	-0.00033546
1.01819554	-0.15636243	0.03901339	-0.01357478	0.00317776	0.00303621
1.01883045	-0.15950034	0.04291806	-0.00735318	0.00474755	0.00393642
1.01961554	-0.15765636	0.04372312	-0.00041251	0.00182787	-0.00295599
1.01825752	-0.16366675	0.05566698	-0.00255877	0.00281434	-0.00158664
1.01835421	-0.16054386	0.05404872	-0.01540572	0.00308946	0.00539592
1.01906008	-0.15516171	0.05232252	-0.01053768	0.00087395	0.00138293
1.01711180	-0.15150106	0.05424302	-0.00635232	-0.00136832	0.00032610
1.01722543	-0.15235272	0.05443230	-0.00281177	-0.00085604	0.00294290
1.01757056	-0.15888345	0.05268249	0.00550948	0.00268569	0.00315190
1.02016123	-0.15950129	0.05265363	0.00401478	0.01292749	0.00154178
1.02158933	-0.15830254	0.05017782	0.00564922	0.01089062	-0.00336534
1.02027565	-0.16208088	0.04542900	0.01880962	0.00700941	-0.00687374
1.01801283	-0.16157532	0.04615607	0.01976977	0.00554350	-0.01486477
1.01823027	-0.15836681	0.05186595	0.02158413	0.00585913	-0.02203792
1.01906014	-0.15792623	0.04897474	0.01341849	0.00964644	-0.02206924
1.01785201	-0.15936148	0.04754174	0.00764343	0.00823164	-0.00075657
1.01881723	-0.15914436	0.05602620	0.00285627	0.00714953	-0.00309527
1.01950094	-0.16409547	0.04289607	0.00706392	0.00403073	-0.01450087
1.01900515	-0.16536451	0.04649061	0.00522421	0.00318491	-0.01353942
1.02037254	-0.16132882	0.04791850	0.00087101	0.00862664	-0.01651131
1.01865918	-0.16376830	0.05714705	0.00637608	0.01212919	-0.00602269
1.02138770	-0.15719852	0.05234380	0.00675818	0.01221165	-0.00160496
1.02039697	-0.15937044	0.04834897	0.00080285	0.01296956	-0.01000045
1.02153791	-0.15993378	0.05278547	0.00039991	0.00658752	-0.00812223
1.02104082	-0.15684277	0.04935066	0.00707570	0.00593097	-0.00610355
1.02042504	-0.15700743	0.04397823	0.00038173	0.00935625	0.00184954
1.02046310	-0.15755373	0.04940806	-0.00028915	0.01528689	-0.00296049
1.01950211	-0.16014384	0.04460602	-0.00454153	0.01573460	-0.00623227
1.01832822	-0.15950425	0.05010603	0.00405453	0.01557475	-0.00382343
1.02011723	-0.15170394	0.06760422	-0.00002437	0.00676087	-0.00562968
1.01795053	-0.15989169	0.07143140	0.00151109	0.01311984	-0.00390181
1.01624116	-0.16482801	0.06744407	-0.00060161	0.00467402	-0.00416525
1.01389885	-0.16251319	0.06555459	-0.00144365	0.00555328	-0.00551729
1.01417958	-0.15808966	0.05543405	-0.00217378	0.01530460	-0.00200270
1.01601776	-0.16019370	0.05109148	0.00715281	0.01678749	0.00382652
1.01504546	-0.16479441	0.05077172	0.00195017	0.01272370	-0.00087974
1.01390383	-0.16056742	0.05266012	0.00585821	0.00875521	-0.00836602
1.01577129	-0.16130186	0.06039080	0.01066926	0.00321781	-0.00249801
1.01654031	-0.16365614	0.05845218	0.00524963	-0.00183515	-0.00007498
1.01859276	-0.16094451	0.06471147	0.00766345	0.01001345	0.00021769
1.01718257	-0.15771095	0.06325786	0.00397013	0.01322968	-0.00353679
1.01514747	-0.15119572	0.06120789	0.00871532	0.00845161	-0.00992394
1.01883703	-0.15209989	0.06109886	0.00105540	0.00134546	-0.00028862
1.01956455	-0.15226959	0.05695365	0.00457509	0.00216556	0.00257960
1.01815305	-0.15460999	0.05649847	0.00657288	0.00831543	-0.00895467
1.01800902	-0.15870985	0.05445413	0.00497402	0.00113874	-0.01394718
1.01737997	-0.15832870	0.05544732	0.00183266	0.00911775	-0.00945539
1.01618008	-0.15893242	0.05733724	0.00260360	0.00298127	0.00339769
1.01683770	-0.16106709	0.05215607	0.01672499	0.00021770	-0.00738719
1.01983547	-0.16033350	0.04841165	0.02169713	-0.00303784	-0.00069959
1.01994660	-0.15682708	0.05327757	0.00491540	0.00025182	-0.00008474
1.01790027	-0.15509064	0.04808849	-0.00125224	0.00006305	-0.00193084
1.01657639	-0.15688514	0.04794936	0.00428626	0.00553317	0.00174980
1.01952353	-0.15553457	0.06048253	-0.00091115	0.00002255	-0.00244534
1.02078029	-0.15360303	0.05375903	-0.00887702	0.00461519	-0.01107429
1.01980981	-0.15210742	0.05925680	-0.01407695	0.01287976	-0.00986363
1.01842411	-0.15424063	0.06370793	-0.00844934	0.00726284	-0.00696777
1.01667003	-0.15078692	0.06647187	-0.00895453	0.01197328	-0.00200262
1.01449320	-0.15344094	0.06114077	-0.00067809	0.00425728	0.00018998
1.01868071	-0.15256051	0.05975414	0.00369235	0.00008731	-0.00073066
1.02112073	-0.15606290	0.05718648	0.00762647	0.00019085	0.00062854
1.02055605	-0.15354281	0.06190103	0.00572806	-0.00105432	-0.00090574
1.01942340	-0.15663265	0.05913896	0.00062247	0.00044018	-0.00688285
1.02030481	-0.15881052	0.06295864	0.00798623	0.00169729	-0.00081672
1.02034567	-0.15915172	0.06308286	0.00003340	0.00358290	-0.00400392
1.01873403	-0.15599501	0.06127943	-0.00175715	-0.00239693	-0.00433393
1.01880529	-0.15226362	0.05856660	-0.00712405	-0.00368633	0.00102122
1.01852949	-0.14760752	0.06074392	-0.00452957	-0.00326058	0.00014530
1.01740923	-0.14912904	0.05959260	0.00002054	-0.00206948	0.00012185
1.01969705	-0.15465351	0.05616287	0.00637104	-0.00189517	0.00376304
1.01950209	-0.15136031	0.05387326	0.00733999	0.00036112	0.00812886
1.01876693	-0.15380926	0.04809537	0.00360736	-0.00291835	0.00959588
1.01670173	-0.15511926	0.05823594	0.01120097	0.00386925	0.00393400
1.01743647	-0.15102875	0.05525041	0.01810699	-0.00226881	0.00557085
1.01750779	-0.14830701	0.05630504	0.00993251	-0.00172751	-0.00201641
1.01951966	-0.15040450	0.06212522	0.01398345	-0.00007653	0.00718279
1.01948613	-0.14861960	0.06168176	0.00530186	0.00060685	0.00436529
1.02064475	-0.14708918	0.05690949	-0.00633291	0.00296697	0.00091924
1.01920520	-0.14391583	0.05530656	-0.01249482	-0.00312068	0.00488688
1.01686906	-0.15286125	0.05862301	-0.00691231	-0.00900459	0.00507530
1.01754693	-0.15022011	0.05371717	-0.00334668	-0.00689121	0.00014856
1.01846901	-0.15595563	0.05621804	0.00281881	0.00474479	-0.00182159
1.02118008	-0.15822682	0.05482795	0.00586617	-0.00152305	-0.00156501
1.01848757	-0.16181835	0.05701783	0.00851381	-0.00193563	0.00778723
1.01692123	-0.15278243	0.05832907	0.00077579	-0.00504950	0.00837313
1.01371115	-0.15270664	0.05191622	-0.00415314	-0.00661240	0.01128952
1.01888275	-0.15621306	0.05804202	0.00383746	-0.00105272	0.00804342
1.02288698	-0.15979391	0.05502705	0.00112875	-0.00436196	-0.00077055
