0.88406548	0.37403548	0.32975277	-0.00071861	0.00139026	-0.00612116
0.88453974	0.37196353	0.32290998	0.00225375	0.00037419	-0.00653751
0.88793077	0.37328042	0.31310093	-0.00121763	0.00038256	-0.00663152
0.88976615	0.37449054	0.31707029	-0.00361449	0.02053486	-0.00945505
0.88741158	0.37664804	0.33038318	-0.00600794	0.02517220	-0.00005313
0.87822842	0.37743668	0.32735814	-0.00313223	0.01598446	0.00129590
0.88096318	0.37903233	0.32238432	0.00225710	0.01004904	-0.00272761
0.88405222	0.37680354	0.31904914	0.00689157	0.02137319	0.00109940
0.88361671	0.37130597	0.32200273	0.00068441	-0.00558349	-0.00593139
0.88288211	0.37662984	0.32236242	-0.00266125	0.00052900	-0.00977695
0.88434019	0.37540276	0.32645176	-0.00091681	0.01247349	-0.00924005
0.88427476	0.37944001	0.32270211	-0.00106866	0.01005596	-0.00652204
0.88648150	0.37848356	0.32581215	-0.00780927	0.01903136	-0.00810677
0.88450969	0.38310464	0.32776242	0.00156990	0.01793314	-0.00568115
0.88115623	0.37953189	0.32637312	-0.00863194	0.01139573	-0.00058802
0.88116271	0.37881420	0.32931658	-0.00784800	0.00322188	-0.00084232
0.88366217	0.37679067	0.33791050	-0.00086546	0.01069723	-0.00176815
0.88576594	0.37237942	0.32901118	-0.00304806	0.00608303	-0.00509795
0.88436593	0.37483308	0.32463065	0.00000842	-0.00917778	-0.00702110
0.88433992	0.37447753	0.31913654	0.00572574	-0.00927566	-0.00321815
0.88042385	0.37608050	0.33063942	0.00024813	-0.01365272	0.00454052
0.87922237	0.37699623	0.33209913	-0.00360276	-0.02142544	0.00045396
0.88384343	0.37559798	0.32441558	0.00082989	-0.01493691	0.00010122
0.88507568	0.37732230	0.32394020	0.00729516	-0.01283953	0.00000088
0.88476984	0.37394180	0.32981642	0.01459311	-0.02815952	0.00624703
0.88441457	0.37503289	0.31927439	0.01617205	-0.01055758	0.00008737
0.88664046	0.37649967	0.31308884	0.00975360	-0.01090329	-0.00226909
0.88479343	0.37628031	0.31158039	0.00952770	-0.01652149	-0.00999641
0.88474176	0.37592699	0.31646848	0.00783795	-0.02228637	-0.00324912
0.88584415	0.37717458	0.32245327	0.00745606	-0.01172810	0.00406971
0.88708686	0.37728934	0.31279144	0.00756674	-0.01844030	-0.00225609
0.88814574	0.38058356	0.32581400	0.00555943	-0.00728502	-0.00597027
0.88629262	0.37841921	0.33065616	0.00203059	-0.03061782	0.00274566
0.88832253	0.37876571	0.32439679	0.00722599	-0.02371349	0.00722501
0.88753791	0.37627861	0.31784593	0.00740735	-0.02894244	-0.00042835
0.88680115	0.37794228	0.31153484	0.00182341	-0.01790627	-0.00142035
0.88772552	0.37890090	0.31496921	0.00250853	-0.01257418	-0.00142752
0.89234671	0.37586852	0.31352068	0.00273976	-0.02516965	0.00074704
0.88850696	0.37079582	0.31299214	0.00033896	-0.02830517	0.00220595
0.88708751	0.37542985	0.31720171	0.00797587	-0.02285825	0.00240835
0.88524073	0.37268115	0.31081947	0.00412034	-0.03397183	-0.00228301
0.88501055	0.37478673	0.30822788	0.00069353	-0.03610128	-0.00231772
0.89056552	0.37569135	0.31632163	0.00459613	-0.05084713	0.00117261
0.88815878	0.37597890	0.32045633	0.00592163	-0.02502845	0.00123716
0.88878038	0.37393324	0.31980228	0.00712169	-0.01591472	0.00114103
0.88712227	0.37435253	0.32154364	0.00558140	-0.01546717	-0.00393159
0.88796688	0.37381435	0.31112220	0.01018559	0.01616276	-0.00087830
0.88863624	0.37765048	0.31082557	0.00769701	0.00205030	-0.00279813
0.88646844	0.37942276	0.31055654	0.00826737	-0.02511533	-0.00110973
0.89166003	0.38070542	0.31101843	0.00162042	-0.02208697	0.00187796
0.88827777	0.37664346	0.30187672	0.00090761	-0.02387122	-0.00030292
0.88683123	0.37966262	0.31140357	0.00465582	-0.02041509	-0.00208894
0.88814272	0.37768610	0.31237684	0.00798374	-0.01593888	-0.00047918
0.89135285	0.37570560	0.30607000	-0.00001909	-0.00252561	0.00665363
0.88881034	0.37605070	0.30965998	0.00418840	-0.00803342	0.00360918
0.88712552	0.37444033	0.31084610	-0.00013309	-0.00575958	0.00391781
0.89100896	0.37040730	0.31045523	0.00170632	-0.00740593	0.00545473
0.89217113	0.36833069	0.32095809	0.00104605	0.00545132	0.00166437
0.89196186	0.37108563	0.31128398	-0.00255620	-0.01084319	0.00347949
0.89265635	0.37506210	0.31307843	-0.00525418	0.00573991	0.00283437
0.88832526	0.37280213	0.31132797	0.00106203	0.00797462	0.00592122
0.89057112	0.37351241	0.31956730	0.00613552	0.00878520	0.00090745
0.89099113	0.37400796	0.31245619	-0.00349524	-0.00001906	-0.00288280
0.88773191	0.37387381	0.31194348	-0.00150476	0.01020492	-0.00446907
0.88797021	0.37279225	0.30018393	-0.00388999	0.02140128	-0.00257251
0.88707536	0.37570600	0.30951484	-0.00301475	0.01154466	-0.00572407
0.88878290	0.37448189	0.31597103	-0.00404279	0.02700045	-0.00029081
0.88649047	0.37545843	0.31500732	-0.00302912	0.00190430	-0.00107508
0.88935573	0.37903658	0.31834647	-0.00403536	0.00796675	-0.00938015
0.88878017	0.37570333	0.31866734	0.00006754	0.02604153	-0.00952232
0.88842516	0.37582619	0.31406614	-0.00269089	0.02000606	-0.00470246
0.88756047	0.37447463	0.31821963	-0.00295516	0.00748405	-0.00790577
0.89038633	0.37657684	0.31547901	-0.00298446	0.00685102	-0.00609559
0.88991777	0.37545111	0.31615754	-0.00153823	-0.00147468	-0.00259435
0.88815836	0.37773110	0.31334828	0.00382179	0.00829337	-0.00751543
0.88829945	0.37562990	0.31051645	0.00634556	0.00403633	-0.00539869
0.89167990	0.37822071	0.30801277	-0.00206377	0.01510115	-0.00486181
0.89094518	0.38078386	0.31309789	-0.00996037	0.01200890	-0.00317819
0.88625073	0.37598373	0.31040626	-0.00387464	-0.00025099	-0.00125500
0.89036776	0.37908403	0.31835289	0.00096223	0.01012908	-0.00583788
0.89270436	0.37662414	0.30929327	-0.00612061	0.01176440	-0.01162609
0.89470163	0.37608728	0.31623590	-0.00319638	0.00968603	-0.00989636
0.89186948	0.37521660	0.30917619	-0.00575166	0.01829550	-0.00512206
0.88877820	0.37504400	0.30920342	-0.00614793	0.01814586	-0.00834738
0.88915836	0.37125492	0.30731535	-0.00700296	0.01388875	-0.00546369
0.89097115	0.37149841	0.31860968	-0.00755444	0.03127212	-0.00610395
0.88970852	0.37605466	0.30767200	-0.00951105	0.02411572	-0.00754964
0.88276094	0.38318619	0.31214530	-0.00010692	0.02389950	-0.00183382
0.88176801	0.37957960	0.30606111	-0.00035387	0.02387417	-0.00433715
0.88514281	0.37482885	0.31231352	0.00183983	0.00040777	-0.00366606
0.88780034	0.37486596	0.32006262	0.00306536	0.00013669	-0.00598958
0.88665219	0.37371433	0.31468999	0.00040169	0.00077341	-0.00711246
0.88649572	0.37281353	0.31208457	-0.00220790	0.01698479	-0.00789516
0.88320294	0.37726222	0.31409398	-0.00064121	0.01993569	-0.00875723
0.88627279	0.37970811	0.31690959	-0.00730972	0.01762410	-0.00452255
0.88493863	0.37886918	0.32262710	-0.00699857	0.01565423	-0.00373098
0.88610945	0.37776910	0.32144953	-0.00700919	0.00833502	-0.00326398
0.88535103	0.37930836	0.32089028	-0.00278505	0.01306020	-0.00864195
0.88308056	0.38173240	0.31264870	-0.00181783	0.00780946	-0.00607529
0.88360917	0.38414476	0.30518489	-0.00095617	0.01117416	-0.00294181
0.88475970	0.37779421	0.31364276	-0.00008057	0.00838483	-0.00386395
0.88777583	0.37162901	0.32145895	0.00196491	0.00689357	-0.00072278
0.88478767	0.36935238	0.31520809	0.00112310	0.00904915	-0.00232258
0.88769056	0.37397618	0.31228820	-0.00422201	0.00280803	0.00076148
0.88864773	0.37411499	0.31448891	-0.00180873	-0.00326674	0.00096803
0.88466759	0.37751810	0.31561114	0.00062551	0.00425023	-0.00274619
0.88911494	0.37586781	0.31818645	0.00630987	0.00476131	-0.00328564
0.88842473	0.37472316	0.32024877	0.00662478	0.00976512	-0.00469819
0.88881177	0.37650526	0.31247747	-0.00102376	0.01033715	-0.00185101
0.89053195	0.37570028	0.31401946	0.00279235	0.01118547	-0.00480027
0.88899683	0.38155130	0.31240156	-0.00002214	0.01490318	-0.00729164
0.88870937	0.37906602	0.31002138	-0.00635965	0.01191381	-0.00306611
0.88817007	0.37798835	0.31964670	-0.00543385	0.01405807	0.00409004
0.88677720	0.37721677	0.31928283	-0.00278101	0.01651460	-0.00181918
0.88417559	0.37720211	0.31424817	-0.00237258	0.01157449	-0.00032902
0.88804725	0.37982456	0.31459147	-0.00166859	0.01615996	-0.00083033
0.88738411	0.37710832	0.32074716	-0.00496910	0.00081498	-0.00452140
0.88747000	0.37437518	0.31945171	-0.00103275	0.02018726	-0.00073777
0.88568949	0.37015004	0.32432572	-0.00771125	0.00700279	-0.00063261
0.88468646	0.37436588	0.32146441	-0.00458266	0.01211293	-0.00180544
0.88681350	0.37790044	0.31525246	-0.00156382	0.00281306	0.00004549
0.88676846	0.38232969	0.32776373	-0.00238029	0.00225641	-0.00057114
0.88777244	0.38110995	0.33222984	0.00226048	-0.01307019	-0.00347724
0.88771341	0.38200393	0.32133243	0.00294542	-0.00364550	-0.00728949
0.88868400	0.37969866	0.32408932	-0.00699572	0.00890704	-0.01107881
0.88774116	0.37617313	0.32486211	-0.00551458	-0.00071675	-0.00925023
0.88931554	0.37242776	0.32398584	-0.00037154	0.01142044	-0.00789052
0.88582978	0.36983234	0.32596570	-0.00129988	0.01926389	-0.00550131
