-0.06283387	0.82261191	0.60247729	-0.00275589	0.00353069	-0.00173859
-0.06027676	0.81524973	0.60955083	0.00142863	0.01272648	0.00153972
-0.06369339	0.81825363	0.60504360	0.00075301	0.02559943	0.00137191
-0.06384964	0.81931779	0.60271813	0.00813144	0.00616551	-0.00316659
-0.06671550	0.82158203	0.60480462	0.00810375	-0.02265167	-0.00477767
-0.06810472	0.82685911	0.60512617	0.00483318	0.00631175	-0.00378757
-0.06716939	0.82639939	0.60914109	-0.00025026	0.01603620	0.00065868
-0.06815435	0.82494665	0.60222718	0.00208791	-0.00106306	0.00139771
-0.06423089	0.82086486	0.60089371	0.00154773	0.01481995	0.00948502
-0.06481216	0.82228433	0.59247255	-0.00318706	-0.00436601	0.00672590
-0.06554267	0.82092990	0.59318383	-0.00168183	0.00931686	0.00632070
-0.06765096	0.82274297	0.59970386	-0.00197809	0.00184134	0.00181792
-0.05876121	0.82159122	0.60412815	-0.00854056	0.01068159	-0.00043167
-0.06528095	0.82140487	0.60623943	-0.00130591	-0.00550621	-0.00139748
-0.06467971	0.82131006	0.60522445	0.00314123	-0.00525321	0.00135290
-0.05700583	0.82079316	0.60916627	0.00032337	0.01156122	-0.00072283
-0.06082577	0.81915242	0.60470077	-0.00377430	0.00965138	-0.00288752
-0.06247887	0.81809614	0.60298286	0.00582933	0.01807931	-0.00599666
-0.06547945	0.81887936	0.60515056	0.00634998	0.00633657	-0.00407045
-0.06700536	0.82294028	0.59835003	0.00537337	0.01021296	0.00474441
-0.06844549	0.82280141	0.59702243	0.00414515	0.00494977	0.00411755
-0.06759073	0.82107790	0.60375551	0.00234013	0.00299815	-0.00035689
-0.07213485	0.82040237	0.60505773	0.00397515	0.01270540	0.00635491
-0.06701803	0.82190049	0.60027035	0.00217033	-0.00621722	0.00464799
-0.06392751	0.82550523	0.59102292	0.00349634	-0.00562393	0.00354732
-0.06237121	0.82296296	0.60395945	0.00593428	-0.01023571	0.00391492
-0.06210282	0.81991274	0.60484197	0.00377381	0.01731992	0.00206218
-0.06491065	0.82024541	0.60427771	-0.00161240	0.01173790	0.00084021
-0.06617713	0.81945245	0.60789390	-0.00020398	-0.00777403	-0.00049737
-0.06258737	0.82238324	0.61490993	0.00024544	0.01013612	0.00064615
-0.06505647	0.82210215	0.61031057	0.00178405	-0.00147071	0.00074552
-0.06520238	0.81961896	0.60419802	0.00615260	0.00421753	-0.00234316
-0.06442865	0.81719104	0.60794873	0.00645378	0.01504941	0.00022995
-0.06746077	0.82415422	0.60165094	0.00491197	0.00249050	0.00064354
-0.06510081	0.82362442	0.59788921	0.00678335	0.01031018	0.00333519
-0.06683529	0.82070777	0.60312476	0.00221953	0.00139641	0.00064619
-0.06297637	0.82433438	0.60036697	0.00252714	-0.00330919	-0.00024263
-0.06410669	0.82502593	0.60659467	0.00315371	-0.00490192	0.00345333
-0.06307997	0.82511768	0.60913043	0.00438926	-0.00370503	0.00358775
-0.05985019	0.82244082	0.60348251	0.01012881	-0.00512485	0.00388340
-0.06482849	0.82164909	0.60384131	0.00865614	0.01123895	0.00367119
-0.06233539	0.82473384	0.60556512	-0.00411818	-0.00752364	0.00169167
-0.05782030	0.82684389	0.60457578	0.00051487	-0.00512960	-0.00228469
-0.06438608	0.82258374	0.60641391	-0.00202749	0.00356418	-0.00112443
-0.06795437	0.82222530	0.60574121	0.00417930	0.00196846	0.00151121
-0.06401140	0.82046857	0.60509030	0.00619182	-0.00871986	-0.00093034
-0.06116398	0.82080841	0.61274928	0.00200457	-0.00230486	0.00297594
-0.06033093	0.81762451	0.61280665	0.00398261	0.01556499	0.00674210
-0.06316819	0.81857143	0.60299272	0.00538812	0.02179336	0.00262587
-0.06494539	0.82324195	0.60082358	0.01319206	0.01159398	-0.00142256
-0.06561693	0.82353340	0.59468559	0.00833729	0.00006955	0.00064113
-0.06788648	0.82395862	0.59941002	0.00573144	0.01043866	0.00080869
-0.06704462	0.82864463	0.60004134	0.00281859	0.01431810	-0.00468162
-0.06644836	0.82306879	0.59997162	0.00255010	0.00878876	-0.00274085
-0.06639428	0.81779292	0.60679799	-0.00755106	0.01675611	-0.00296510
-0.06759128	0.81340244	0.61389316	-0.00285668	0.00919631	0.00024405
-0.06765654	0.81460316	0.60801685	-0.00221621	0.00644043	0.00351018
-0.06236362	0.82011887	0.60350299	-0.00742883	0.00184332	0.00984790
-0.06682050	0.81879899	0.61052379	-0.00013335	-0.00985408	0.00401911
-0.06122318	0.82143818	0.60268805	-0.00606362	0.00262364	-0.00319305
-0.06536060	0.82666664	0.59960930	-0.00604029	0.01171919	-0.00514838
-0.06094631	0.82510769	0.60171420	-0.00602913	-0.00010682	-0.00352187
-0.06248231	0.82044022	0.60799885	-0.00029630	0.00689533	-0.00008833
-0.06808767	0.82007017	0.60734810	0.00206073	0.00286912	-0.00115554
-0.07083784	0.82453481	0.60631029	0.00917542	0.00919727	-0.00204257
-0.07781539	0.82815558	0.61306018	0.00903755	-0.00373364	0.00139770
-0.07070100	0.82749564	0.60773061	0.00305334	0.00307104	0.00106338
-0.07555329	0.82457375	0.59925324	0.00513284	-0.00765285	0.00388878
-0.07222556	0.82763359	0.60322529	-0.00425357	0.00399132	0.00290561
-0.07249792	0.82738518	0.60218952	-0.00619120	0.00003803	0.00121955
-0.07196214	0.82703646	0.59863546	-0.00085590	-0.00469936	0.00531252
-0.07291514	0.82599131	0.60313701	-0.00771576	-0.01011376	0.00434563
-0.06712784	0.82287742	0.60333060	-0.01059546	-0.00533822	0.00272348
-0.06854595	0.82190721	0.59875874	-0.00523542	0.00068666	0.00048299
-0.06458323	0.82113545	0.60265137	-0.00613854	-0.00610927	-0.00217093
-0.06234891	0.82178631	0.60663235	-0.00649720	-0.01762861	-0.00228742
-0.06515921	0.82125503	0.61119536	0.00242878	-0.01851149	-0.00047942
-0.06638957	0.82464326	0.60154801	-0.00066565	-0.00645392	-0.00182384
-0.05960718	0.82315404	0.59415392	-0.00315229	-0.00958758	-0.00437216
-0.06676697	0.82221170	0.59719224	-0.00317347	-0.02286959	-0.00289478
-0.06744859	0.82357934	0.60492064	-0.00309467	-0.01304265	0.00129396
-0.07221031	0.82250648	0.60063912	-0.00324683	-0.02285950	0.00468137
-0.06868950	0.82670781	0.60780986	-0.00439469	-0.02744671	0.00606555
-0.06196143	0.82579107	0.61256917	-0.00467950	-0.01379107	0.00390930
-0.06692556	0.82676920	0.60651232	0.00003836	-0.00689930	0.00567154
-0.06700504	0.82604891	0.60521481	0.00078855	-0.02276053	0.00568465
-0.06757299	0.82240074	0.59761970	0.00661959	-0.02094516	0.00400946
-0.06417661	0.82233687	0.59957019	-0.00203840	-0.03073582	0.00069439
-0.06784892	0.82030942	0.59206674	-0.00801413	-0.01864633	-0.00119616
-0.06596810	0.82038411	0.59567499	-0.00849295	-0.02316228	0.00022837
-0.06653840	0.82176688	0.60284563	-0.01265315	-0.01415460	0.00460174
-0.06259328	0.82146783	0.60226992	-0.00631279	-0.03080795	0.00571051
-0.05962811	0.81845264	0.60920784	-0.00958104	-0.01828928	0.00090834
-0.05768000	0.81526270	0.60200127	-0.00764921	-0.00757371	0.00062194
-0.05544620	0.81901920	0.60546264	-0.00264423	-0.01585053	-0.00542408
-0.06210434	0.82180350	0.60932385	0.00446931	-0.02525899	-0.00660472
-0.06971664	0.82271296	0.60369301	-0.00134962	-0.04157828	-0.00389606
-0.06713753	0.82157830	0.60612769	-0.00580393	-0.03060428	-0.00150114
-0.06202839	0.81759078	0.59800635	-0.00951251	-0.01072391	-0.00074937
-0.06178563	0.82107818	0.59476469	-0.01036827	-0.02281136	-0.00270689
-0.06126058	0.82244454	0.59812643	-0.00916005	-0.02838973	-0.00128283
-0.05870329	0.82042079	0.60116239	-0.01066205	-0.01372166	0.00048584
-0.05924875	0.81657258	0.59966337	-0.00481025	-0.02026117	0.00162386
-0.05326634	0.81610125	0.60106988	0.00038279	-0.01131527	0.00149936
-0.05775712	0.81949170	0.60095480	-0.00503988	0.00418308	-0.00001156
-0.06002595	0.82028113	0.60317691	-0.00328972	-0.00702006	-0.00186497
-0.05912925	0.81552458	0.60394130	-0.00078409	0.00928445	0.00279595
-0.05833205	0.81155453	0.60723689	0.00035159	0.02990959	-0.00026285
-0.05524270	0.81485596	0.60425511	0.00304509	0.01276314	-0.00101676
-0.05654071	0.81623573	0.60756451	0.00312226	0.00839761	-0.00609186
-0.06361456	0.81972421	0.60437859	0.00579563	0.01961851	-0.00522862
-0.06664493	0.82068449	0.59953060	0.00255896	0.00799931	-0.00195508
-0.06494706	0.82705451	0.59618687	0.00354136	0.00808773	-0.00015470
-0.06909421	0.82592426	0.60195867	-0.00169105	0.01333928	-0.00104327
-0.06433105	0.82680022	0.60798481	0.00104848	0.00326007	-0.00348055
-0.06430758	0.82551231	0.60171868	0.00233823	-0.00055577	0.00149726
-0.05654384	0.82126991	0.60453972	-0.00153882	0.02537689	0.00246822
-0.05717782	0.81365420	0.60762974	-0.00191546	0.02639473	0.00425321
-0.06038215	0.81891624	0.61250991	-0.00189267	-0.00399945	0.00129157
-0.05827006	0.81635433	0.60648191	-0.00291129	0.01946152	0.00071874
-0.06161597	0.81806816	0.60605744	0.00067567	0.00889229	-0.00215607
-0.06511104	0.81817188	0.60524169	0.00265535	0.01542364	0.00286483
-0.06204088	0.82060693	0.60067293	-0.00148705	0.02709866	0.00258330
-0.06319950	0.81587864	0.60239923	0.00307383	0.02727770	0.00079286
-0.06402551	0.81631200	0.60218081	0.00351971	0.02091833	-0.00419363
-0.06640270	0.82081937	0.60653841	0.00167831	0.00649015	-0.00500640
-0.06532846	0.81850184	0.60612060	0.00002073	0.02056093	-0.00335849
-0.07201268	0.81882900	0.60139895	-0.00044674	0.01770934	-0.00404527
