-0.07112995	0.82312304	0.60085167	-0.00377210	0.01928219	-0.00216345
-0.06689240	0.81862954	0.59982026	-0.00440817	0.00324032	0.00129981
-0.06228073	0.82063316	0.60275141	-0.00348829	0.00689986	-0.00094026
-0.06412176	0.82260016	0.60337095	-0.00085203	0.01097516	-0.00073256
-0.06899438	0.81966620	0.61190319	0.00038068	0.01127514	0.00328731
-0.06583600	0.82306009	0.60301068	-0.00155744	0.00719559	0.00941480
-0.06414315	0.82268076	0.60211000	-0.00180151	0.01459387	0.00085793
-0.06203354	0.82596298	0.60525710	0.00571493	0.01214809	-0.00357155
-0.06037354	0.81561985	0.60844570	0.01087448	0.01944846	-0.01138090
-0.06339313	0.81337579	0.60969852	0.01036873	0.02436535	-0.00601509
-0.06570670	0.81769528	0.60438429	0.00356027	0.00372862	-0.00255368
-0.06103485	0.82254557	0.60244632	0.00198555	-0.00267673	-0.00633611
-0.06520605	0.82357790	0.60181154	0.00137223	0.00896935	-0.00028075
-0.06943309	0.81793562	0.60211581	-0.00312548	0.01195836	0.00369758
-0.06785783	0.82662192	0.60909090	-0.00041595	0.01071968	0.00208511
-0.07471732	0.82711350	0.60054709	0.00147432	0.00560352	0.00163007
-0.07009405	0.82198338	0.60627958	0.00208787	0.00263987	0.00818626
-0.06567214	0.82355333	0.60833512	-0.00455161	0.00806318	0.00344320
-0.06210809	0.82366801	0.60971110	-0.00626443	0.00701886	0.00154305
-0.06621655	0.82172590	0.60933890	0.00020942	0.00343131	0.00265416
-0.06130147	0.81791995	0.60197807	0.00634382	-0.01451030	-0.00119157
-0.06346076	0.81447262	0.59371987	0.00257868	-0.00323144	0.00224528
-0.05872915	0.81390684	0.59922311	0.00643863	0.00513195	-0.00310178
-0.06320379	0.81724638	0.60338248	0.00445861	0.00422427	0.00124130
-0.06672265	0.82026537	0.60125566	0.00668541	0.01578497	0.00371880
-0.06633488	0.82082312	0.60426625	0.00447777	0.01347020	-0.00071439
-0.07090294	0.82359352	0.60697292	0.00326572	0.01024816	0.00025310
-0.07220120	0.82106523	0.60231702	0.00142483	0.00407597	0.00081793
-0.06988965	0.82418670	0.59791205	-0.00018339	0.00533914	0.00194827
-0.07615077	0.82629572	0.59684599	-0.00199982	0.00160518	0.00340761
-0.06261939	0.82104507	0.59168099	-0.00649847	-0.00174446	0.00507156
-0.06134664	0.82154976	0.59750776	-0.00250571	-0.00285347	-0.00053894
-0.06110533	0.81927331	0.60316889	0.00228675	0.00184101	-0.00233544
-0.06396640	0.81387146	0.61421943	0.00540355	-0.00765918	0.00851888
-0.06793553	0.82135068	0.61111957	-0.00163387	0.00509925	0.00650238
-0.06599610	0.82469715	0.61740847	0.00420435	0.00335792	-0.00167519
-0.07206196	0.82689991	0.61030179	-0.00179849	0.00312036	-0.00239683
-0.06826212	0.82394231	0.61155534	0.00246887	0.00754657	-0.00184145
-0.06811519	0.82012941	0.61217790	0.00094765	0.00921563	-0.00110232
-0.06812719	0.82061000	0.61302234	0.00217014	0.01179672	-0.00559761
-0.06561138	0.82480654	0.60790563	0.00726247	0.00506031	-0.00160785
-0.06561487	0.82129780	0.60159445	0.00443072	-0.00882449	0.00039171
-0.06644619	0.82302449	0.58940116	0.00521364	-0.00467672	-0.00147062
-0.06626513	0.82293385	0.59546984	0.00272242	-0.00544401	0.00363334
-0.06968196	0.81957492	0.60072906	0.00586028	0.00688334	0.00303360
-0.06611409	0.82320155	0.60630287	0.00461683	0.00544137	-0.00381121
-0.07141066	0.82335053	0.60367054	0.00414179	0.00682327	-0.00346284
-0.06705499	0.82245166	0.60591087	-0.00024870	0.01298621	0.00005149
-0.06423055	0.81911201	0.59565709	-0.00297026	0.00564924	0.00276461
-0.06549978	0.82176716	0.60329300	-0.00160715	0.01536685	0.00122337
-0.07097420	0.82274739	0.60679776	0.00146033	-0.00964072	0.00468901
-0.06896682	0.82267990	0.60224110	0.00279057	-0.00464499	-0.00021344
-0.06347407	0.82396892	0.60621405	0.00768721	0.00554993	-0.00524307
-0.06541113	0.81801432	0.61094133	0.01078404	0.02806180	-0.00607922
-0.06340203	0.81471721	0.61331908	0.00538475	0.01179816	-0.00118170
-0.06930628	0.82379996	0.61003394	0.00420703	-0.00206080	-0.00366283
-0.06734119	0.81701354	0.60880166	-0.00182732	-0.00082749	-0.00311462
-0.07261711	0.81972006	0.60674225	0.00025352	0.00310014	0.00153089
-0.06825143	0.82125049	0.60607139	-0.00073787	-0.00986936	0.00060716
-0.06334818	0.82341364	0.60366711	-0.00381029	0.00977948	0.00702755
-0.06570603	0.82512020	0.60051692	-0.00182149	0.01601463	0.00592924
-0.06678266	0.81657396	0.60246703	-0.00537120	0.00198568	0.00633984
-0.07018624	0.81771309	0.60184970	0.00248325	0.00684696	0.00259674
-0.06653871	0.81278470	0.60778498	0.00203248	0.00804375	-0.00471365
-0.06630925	0.81800039	0.60754953	0.00400599	0.00397456	-0.00127175
-0.06323171	0.82029990	0.60921833	0.00032170	0.00269321	-0.00023936
-0.06205947	0.82266339	0.60281332	0.00606285	0.00951662	-0.00064082
-0.05974941	0.82142213	0.60571615	0.00124220	0.01410995	-0.00223012
-0.06427188	0.82242996	0.60590947	0.00645842	0.01897867	-0.00120124
-0.07060444	0.82426781	0.60396524	0.00167695	0.00915262	-0.00205161
-0.07391736	0.82831295	0.61150008	0.00194707	0.00268941	0.00398781
-0.06872634	0.82331777	0.60261031	0.00129867	-0.00316347	0.00638644
-0.06661491	0.82336318	0.59949044	-0.00241229	-0.00782340	0.00445768
-0.06539613	0.82441539	0.59503665	-0.00492950	0.00480800	0.00531790
-0.06810634	0.81541834	0.60162126	-0.00885119	-0.00624670	0.00289648
-0.06963448	0.81980673	0.60468169	-0.00463904	-0.00122881	0.00254325
-0.07120864	0.82498857	0.59780922	-0.00544197	-0.00221331	-0.00167206
-0.06632136	0.82099969	0.59643855	-0.00354156	0.00153288	-0.00253037
-0.06952793	0.82852744	0.59902597	0.00023637	0.01195586	-0.00034597
-0.06391293	0.81810643	0.60544709	0.00285134	-0.00618101	0.00092970
-0.06437568	0.82459563	0.60879549	0.00081725	-0.00322686	0.00120708
-0.06639244	0.81763218	0.60934496	0.00270172	0.00399070	0.00057844
-0.07610375	0.81907234	0.61288816	-0.00179237	0.00291020	-0.00569839
-0.07596326	0.81677373	0.60801052	0.00503785	0.00481931	-0.01147817
-0.07568016	0.81447029	0.60055048	0.00615609	0.00411248	-0.00922397
-0.08254533	0.81581124	0.60660679	0.00930545	-0.00170406	-0.00719509
-0.07320706	0.82130173	0.60363780	0.00667395	-0.00600006	0.00371865
-0.07029602	0.81955960	0.60217548	0.00468849	-0.00249318	0.00408359
-0.06934579	0.82197737	0.60024078	0.00103983	0.00674705	0.00222849
-0.07174009	0.81478486	0.60436926	0.00024374	0.00653824	0.00529098
-0.06112583	0.80373051	0.59930515	0.00056644	0.00507018	0.00288841
-0.05789380	0.79616302	0.59953156	-0.00494813	0.01049526	0.00496631
-0.06262548	0.81645368	0.60214236	-0.00487898	0.00995013	-0.00327282
-0.06363600	0.82955618	0.59640879	0.00151363	-0.00594951	0.00061082
-0.06565298	0.83011386	0.60382315	0.00066637	0.00413754	-0.00112232
-0.06620698	0.81971491	0.60735173	0.00070515	0.00131911	-0.00040907
-0.07402758	0.81414368	0.60630141	0.00316353	0.00017932	-0.00270363
-0.07218768	0.82249020	0.60306227	-0.00032425	0.00093946	-0.00234735
-0.07124404	0.82082358	0.60428268	0.00198033	0.00985182	-0.00502617
-0.06992908	0.81562147	0.60168077	0.00620034	0.01461580	-0.00691729
-0.06681048	0.81311096	0.60803153	0.00660683	0.01279774	-0.00469335
-0.07423384	0.81570153	0.60464501	0.00758574	-0.00995237	0.00180486
-0.07474307	0.81889763	0.60162839	0.00583586	-0.01231864	0.00597591
-0.07166803	0.82262156	0.60208696	0.00311365	-0.00675866	0.00152342
-0.06866526	0.82664214	0.60170884	0.00385417	-0.00079598	0.00492899
-0.07158769	0.82816412	0.60800729	-0.00488695	0.00196505	0.00362585
-0.07629542	0.82965996	0.60274624	0.00193064	-0.00419570	0.00039484
-0.07131432	0.82933345	0.60437365	-0.00173469	-0.01288330	0.00682536
-0.07164006	0.82915426	0.60340255	-0.00421176	-0.00800983	-0.00327837
-0.07118238	0.82571283	0.59694393	-0.00464553	0.00333059	-0.00540175
-0.06734955	0.81939125	0.60059900	-0.00688148	-0.00746469	-0.00213377
-0.06398305	0.82539622	0.60430753	-0.00526941	-0.00567452	0.00054010
-0.06193891	0.82090339	0.60269200	-0.00078127	-0.00299264	-0.00454990
-0.06460980	0.81635054	0.60450030	-0.00676148	-0.00569493	0.00031484
-0.07301767	0.81198103	0.59750228	-0.00107249	-0.00239037	-0.00050807
-0.07377841	0.81542915	0.59764853	0.00339817	-0.00360255	-0.00175577
-0.06920833	0.81515601	0.59938717	0.00366076	-0.02186072	0.00273884
-0.07014221	0.81773300	0.59802008	0.00354334	-0.02029223	0.00188467
-0.06757075	0.83248128	0.60278527	0.00047127	-0.01527731	0.00558383
-0.06797163	0.82893326	0.59469174	-0.00539995	-0.01539909	0.00120196
-0.07310370	0.82572687	0.59919555	-0.00250123	-0.01632211	0.00929514
-0.07340384	0.82553880	0.59798916	0.00045402	-0.01342433	0.00909381
-0.06880121	0.82755066	0.60627630	0.00146802	-0.02934814	0.00294200
-0.06414045	0.82678436	0.61027127	-0.00172894	-0.01974918	0.00342108
-0.06397952	0.82725383	0.60908165	0.00427803	-0.02240206	0.00679302
-0.06289230	0.82653667	0.60607745	0.00321157	-0.01324507	0.00335780
-0.06242963	0.82359124	0.60618246	-0.00408015	-0.00909155	-0.00183740
-0.06370510	0.82471758	0.61012510	0.00285762	-0.00221246	0.00197960
