-0.08576848	0.84303618	0.57178009	0.04907245	-0.02665102	0.10787811
-0.08593587	0.84027062	0.56861753	0.05171462	-0.03839607	0.12279202
-0.08709944	0.83655918	0.56688199	0.06217025	-0.06394394	0.12061354
-0.09008066	0.84023803	0.56117950	0.06130254	-0.06050650	0.14163553
-0.08841264	0.84193301	0.56207300	0.04849662	-0.07385934	0.12260276
-0.09098950	0.84451623	0.56485916	0.03943287	-0.05270737	0.12202900
-0.09127368	0.84642860	0.57074826	0.03667786	-0.03751529	0.10710523
-0.09000260	0.84751461	0.57029584	0.05181323	-0.02930098	0.12684013
-0.09188356	0.84450992	0.56238667	0.05079321	-0.03278228	0.11500143
-0.08942058	0.84337808	0.56339001	0.04403265	-0.03512568	0.14098534
-0.08639209	0.84427191	0.56266067	0.05192204	-0.04185581	0.11538305
-0.08669415	0.84362067	0.56323358	0.04308854	-0.04404169	0.12441718
-0.08875002	0.84772493	0.56330015	0.04761716	-0.05161411	0.11124611
-0.08777427	0.84734029	0.56642690	0.03702418	-0.04476181	0.11365284
-0.08993752	0.84399492	0.56793276	0.04037646	-0.05094165	0.09766222
-0.09354499	0.84119473	0.58072658	0.03392093	-0.04841784	0.06425231
-0.09267081	0.84453055	0.57579015	0.04464731	-0.05113036	0.08635170
-0.09186777	0.84353388	0.57292338	0.03529175	-0.03040827	0.10109489
-0.08839665	0.84346468	0.57707087	0.03385598	-0.04220366	0.07425566
-0.09328062	0.84413013	0.57468351	0.03291215	-0.02179105	0.07623312
-0.09299166	0.84509459	0.56986575	0.03222783	-0.03407652	0.08878057
-0.09417584	0.84798290	0.57014280	0.02545148	-0.04492675	0.06158145
-0.09744960	0.84950234	0.56388835	0.02744817	-0.06711701	0.08410487
-0.09483693	0.84539051	0.56715971	0.03503476	-0.05204234	0.06759871
-0.09242780	0.84095327	0.56941866	0.02439826	-0.04643264	0.09239978
-0.09243547	0.84142849	0.56903874	0.02335776	-0.04536258	0.10876568
-0.09199216	0.84674555	0.57178168	0.02160311	-0.03532715	0.08269057
-0.09211980	0.84287128	0.57611230	0.03163221	-0.04504877	0.09320326
-0.09155278	0.84463753	0.56933664	0.02964697	-0.03246799	0.07162027
-0.08914840	0.84318540	0.57135984	0.01919688	-0.03939131	0.08699415
-0.08921856	0.84284392	0.56825308	0.03893246	-0.03869605	0.07257120
-0.09255394	0.84575183	0.56896610	0.03362910	-0.03215743	0.06695834
-0.09151027	0.84786610	0.57140094	0.02480250	-0.03894496	0.08989186
-0.09156463	0.84665693	0.56925542	0.01948444	-0.03551724	0.08085492
-0.09570660	0.84811566	0.56873136	0.01710574	-0.04051687	0.06186487
-0.09450240	0.84775168	0.56559409	0.01496293	-0.04706206	0.08134335
-0.09688705	0.84703109	0.56349497	0.00781563	-0.04593916	0.09005841
-0.09344893	0.84661735	0.56280815	0.01699705	-0.06376134	0.07512696
-0.09027818	0.84706908	0.56422215	0.02501262	-0.05495864	0.05784101
-0.08939949	0.84369290	0.56612878	0.01903047	-0.03451317	0.05520421
-0.09301928	0.84402479	0.57031251	0.02699606	-0.03711033	0.07649033
-0.09394938	0.84547179	0.56897699	0.03429669	-0.06271886	0.08755323
-0.09530253	0.84526031	0.56909310	0.01312178	-0.06388940	0.05720380
-0.09705105	0.85076606	0.56785602	0.02631823	-0.07722761	0.05192298
-0.09583556	0.84924977	0.56399878	0.01761346	-0.07181767	0.06044428
-0.09881600	0.84775775	0.56385913	0.01763932	-0.04742448	0.07313206
-0.09460046	0.84808624	0.56304781	0.00394529	-0.05696434	0.04035181
-0.09539089	0.84334910	0.56858840	0.01803057	-0.05668156	0.07254490
-0.09053341	0.84228962	0.56778588	0.01425338	-0.06276963	0.04263045
-0.09109834	0.84277767	0.56673035	0.01427656	-0.05136825	0.04953580
-0.09198357	0.84173241	0.56354871	-0.00061111	-0.04952337	0.05567976
-0.09136204	0.83907547	0.57003953	0.00559018	-0.05695840	0.05004924
-0.08942070	0.84263114	0.57032520	0.00483953	-0.05852872	0.03991529
-0.08699787	0.84039668	0.56541258	0.00878442	-0.04889549	0.06173999
-0.08992223	0.84204920	0.56847050	0.02549309	-0.04287528	0.06187705
-0.09001557	0.84134052	0.57145645	0.01780532	-0.05334406	0.06415131
-0.08890640	0.84237627	0.57279251	0.01910653	-0.04232764	0.06091733
-0.08856354	0.84321994	0.57466883	0.01071342	-0.03748406	0.03586413
-0.09240663	0.84163181	0.57430916	0.00559897	-0.04336727	0.01987854
-0.09261883	0.84209552	0.56767258	0.00488579	-0.05150403	0.04015517
-0.09554193	0.84368606	0.56714015	0.00215953	-0.04960637	0.02286214
-0.09294909	0.84407027	0.56967577	-0.00457135	-0.05461237	0.01337643
-0.09476102	0.84173126	0.57093572	0.00254734	-0.04012679	0.04729236
-0.09476995	0.84275849	0.56966892	0.01401950	-0.03351227	0.02472782
-0.09159464	0.84707825	0.57221765	-0.00305692	-0.03413285	0.03650660
-0.09065587	0.84612159	0.56619989	-0.00072686	-0.03033744	0.03760930
-0.09049715	0.84382092	0.56697717	0.00714875	-0.02000701	0.04405083
-0.09199221	0.84360778	0.57144794	-0.00090976	-0.02459700	0.02574630
-0.08778085	0.84722703	0.56821322	0.00492009	-0.00301940	0.02026998
-0.09089402	0.84630920	0.57173686	0.01197063	-0.04056384	0.01386592
-0.09063887	0.84490571	0.57337599	0.00636134	-0.02554528	0.02100528
-0.08976785	0.84332998	0.57463485	0.00460192	-0.01457607	0.04839014
-0.08788125	0.84427127	0.56855118	0.00554919	-0.03149925	0.04163183
-0.08847541	0.84093188	0.56887555	-0.00316481	-0.01999301	0.02782941
-0.08564383	0.84258230	0.56909041	-0.01316971	-0.03051550	0.04083425
-0.08634169	0.84594226	0.56930756	0.00610622	-0.03312126	0.00819621
-0.08576306	0.84430532	0.56524710	0.00400735	-0.02897841	0.00762340
-0.08942796	0.84477221	0.56567492	-0.01273407	-0.03057958	0.03918439
-0.09212695	0.84708828	0.56275412	0.00338281	-0.02774030	0.03011060
-0.08989207	0.84481361	0.57093196	-0.00851401	-0.01964616	0.01558570
-0.08315171	0.83637268	0.57307301	0.00850152	-0.01364680	0.01517604
-0.08001367	0.83698064	0.56778244	0.02011754	-0.00360894	0.05752371
-0.08785518	0.84077504	0.56789765	0.00321626	-0.00840031	-0.02661935
-0.09094666	0.84854337	0.56262678	-0.00819451	-0.04236588	0.03131652
-0.09260302	0.84511995	0.56888318	0.00477170	-0.01612695	0.02029499
-0.09303150	0.84546934	0.57077020	-0.01291978	-0.01252346	0.01613756
-0.09287878	0.84663065	0.56899702	-0.00624380	-0.00707646	0.00334696
-0.09445265	0.84301191	0.57499610	-0.00097522	-0.01115303	0.01591383
-0.09114352	0.84155222	0.57951999	-0.00562240	-0.01733200	0.01770462
-0.09077596	0.84085655	0.57334889	0.00051786	-0.02867632	0.02165205
-0.08662505	0.84143118	0.56908742	0.00503502	-0.02161327	0.04751158
-0.08692780	0.84444565	0.57220767	-0.00258373	-0.03244517	0.01647411
-0.09432506	0.84590746	0.57594216	-0.00920265	-0.01403162	0.01518579
-0.09277012	0.84541835	0.57788011	-0.00278991	-0.01857437	-0.00414021
-0.09015030	0.84515531	0.57737798	-0.00980560	-0.02241603	0.03968709
-0.09022685	0.84371496	0.56954045	-0.01045222	-0.00336336	0.01069819
-0.09119866	0.84606392	0.57434385	0.00122997	-0.03252994	0.02794455
-0.09236132	0.84561718	0.57170373	0.01443581	-0.01887607	-0.00631485
-0.09486377	0.84438000	0.56404993	-0.00046897	-0.00174874	0.01628998
-0.09205985	0.84754178	0.56508607	0.00050979	-0.02187379	0.01215022
-0.09367890	0.84734351	0.56369901	0.00607985	-0.00822557	0.01619511
-0.09343826	0.85117356	0.57233561	-0.00457105	-0.02088098	0.00405068
-0.09425531	0.85013684	0.56803318	-0.01837832	-0.01451033	0.02402271
-0.09246255	0.84721730	0.57096305	-0.00014771	-0.01547606	0.01393173
-0.09014870	0.84772365	0.57289528	-0.01301188	-0.00523047	-0.00807582
-0.09153518	0.84842040	0.57124096	-0.00950739	-0.01404408	-0.00464649
-0.09468877	0.84814357	0.57850117	0.00263868	-0.01360586	-0.01411659
-0.09138920	0.84749899	0.58451391	-0.01140836	-0.00386985	0.02738481
-0.09086951	0.84156683	0.57944233	0.00566309	-0.02247071	-0.01948680
-0.08965397	0.84406957	0.56900445	-0.01246704	-0.00687775	0.02968820
-0.08912948	0.84282619	0.56933362	-0.01344566	-0.00774287	0.01484686
-0.09076381	0.83805496	0.56052363	-0.01859492	-0.01421187	0.00346822
-0.09335335	0.84251628	0.56326645	0.00002427	-0.00599630	-0.01567160
-0.09592554	0.84329922	0.56463924	-0.01298280	0.00590609	-0.01330875
-0.09326787	0.84222946	0.57350108	-0.01486985	-0.00215456	-0.00836734
-0.08947516	0.84451942	0.57098282	0.00831649	-0.00180282	0.00937130
-0.08748987	0.84766241	0.56718565	-0.00443415	-0.00941922	0.02797634
-0.08951538	0.84619230	0.57031080	-0.00941954	-0.01020999	0.01222467
-0.08814013	0.84730177	0.56841813	-0.00195158	-0.00816871	-0.02119728
-0.08825656	0.84781370	0.56975381	-0.00555923	-0.02712466	0.00458045
-0.09494907	0.84534833	0.56599762	-0.00798148	-0.02736211	-0.01900860
-0.09073616	0.84763807	0.56754611	-0.00849894	-0.00638921	-0.01160812
-0.08990465	0.84448204	0.57251639	-0.02320217	-0.00310243	0.00280305
-0.08781552	0.83916238	0.57280816	-0.01657610	-0.01292000	0.02473764
-0.08701356	0.84217333	0.57551835	-0.00705983	-0.01304149	0.00096797
-0.08474778	0.83814179	0.56700527	-0.00468792	0.01810761	0.01101883
-0.08742094	0.84421401	0.56910992	-0.00666649	0.00133213	0.01150692
-0.08898710	0.84577561	0.56949731	-0.00764076	-0.00336712	-0.03560405
