1.03014761	-0.20316967	0.12118210	0.46891600	-0.42289161	0.13602457
1.15100499	0.01429045	-0.12038350	0.10765481	0.22218691	-0.04749883
1.28411083	0.11236494	-0.10455732	0.09492951	0.24376549	0.31239641
1.11461937	-0.12469249	-0.11685007	-0.59472615	0.10774504	0.37644434
1.00642853	0.00332339	0.02392816	-0.51261035	0.22601366	0.61209886
0.78498985	0.05818428	0.05564584	-0.78169454	0.30157264	0.09985174
0.72145235	-0.22145931	0.14257363	-0.51370982	0.35686414	0.31403361
0.96908598	0.07030942	0.08538194	-0.41424989	0.54296317	0.18253333
0.61249374	-0.14911248	0.24344690	-0.51500010	-0.11169640	0.17373981
0.92039613	-0.15291454	0.08766068	-0.71779021	0.02757302	0.18658350
0.70700573	-0.14810814	0.17919811	-0.99527042	-0.22019431	0.32916341
0.84874440	-0.08814685	0.15945445	-0.60400957	0.31509310	0.43667702
0.86578612	-0.06876319	0.32223044	-0.26063321	0.16655137	0.42312002
0.86639657	-0.04628985	0.06683331	-0.04712843	0.30943852	0.22101402
0.81023394	-0.17900999	0.21474668	-0.53640860	0.13270198	0.17911688
0.97289390	-0.07288623	0.23069984	0.26896903	-0.07670102	0.27720184
1.07834714	-0.09916197	0.18365361	-0.02722084	0.09784187	0.07624411
0.95726727	-0.17977319	0.29591594	0.05557081	-0.28082918	0.20829238
1.14404815	-0.14546010	0.21523235	0.59602165	0.00395679	0.08430145
1.19595358	0.00207648	0.37106780	0.09099834	-0.08649328	0.00449372
1.29252090	0.09031212	0.40237693	-0.09245536	-0.06051442	0.14039660
1.54782206	0.07819222	0.18633889	-0.15374882	-0.20778245	0.67566834
1.63003736	-0.23247829	0.12246718	0.20431267	-0.02567599	0.53452684
1.55965001	-0.56426420	0.05521275	0.69040047	0.81199098	0.12107099
1.11532377	-0.57703272	0.07587306	0.76374434	1.28019975	-0.29026163
0.93955204	-0.41746839	-0.02336190	0.23486760	0.52700505	0.06174771
0.86149798	-0.16401023	-0.08378609	0.00845441	0.09912633	-0.33790676
1.05982085	-0.27051452	-0.19275600	-0.36886326	0.34017105	-0.02580286
1.00948937	-0.33065504	-0.20700361	-0.67358425	0.38103018	-0.01616592
1.01136993	-0.20273052	-0.13226757	-0.63477304	0.52797176	-0.04274562
0.98008478	-0.32982029	0.09335437	0.03999859	0.35462492	-0.58077179
1.01753576	-0.35232927	0.20985997	0.33688331	-0.15802500	-0.60387058
0.77726354	-0.26978936	0.18345580	0.44315654	-0.12431658	-0.21061479
0.71286370	-0.23529029	0.14662308	0.72475674	0.17603159	-0.42854228
0.77435219	0.01060729	-0.02226099	1.03010238	-0.58644550	-0.35091658
0.76170404	-0.06440824	0.17094923	1.02558697	-0.47172318	-0.10697680
0.90215365	0.02262525	-0.09925986	1.27390601	-0.61674852	0.27169867
0.91738635	0.01834202	0.09951936	0.62639132	-0.10453494	0.02635892
1.04721013	-0.01831967	0.07271889	0.89211862	-0.18071494	0.24169652
0.92829983	0.05214890	0.19553835	0.64205555	0.48379556	0.45336912
0.73205633	0.21387982	0.18453626	0.34882043	-0.24508340	0.43706696
0.88287765	0.15721459	0.15989435	0.26476159	-0.51179677	0.43043630
1.10385642	0.30049422	0.22078246	0.50409049	-0.51525273	0.52974291
0.86036103	0.21052090	0.12737931	0.49899180	0.06144506	0.42005579
1.17486281	-0.03987274	0.11324132	-0.25284360	0.06739692	0.12001065
1.16871184	-0.02031675	0.06791487	-0.52710209	-0.13460670	0.03951036
1.10515260	0.09776209	0.14806791	-0.05144604	-0.01810367	-0.05728573
1.23947637	0.06208171	0.18291745	-0.15534055	0.13157882	-0.28875392
1.17740805	-0.07538278	0.29763429	-0.42095626	-0.10898388	-0.68089613
1.33468964	-0.21846162	0.24406815	-0.07118172	-0.10576003	-0.52558167
1.32261612	-0.18105055	0.07269968	0.06541635	-0.29655539	-0.44363441
1.43935974	-0.29079934	-0.12138762	-0.01675462	-0.43688984	-0.51862984
1.24392843	-0.17540131	-0.21676681	-0.15218342	-0.53879974	-0.56824655
1.20058026	-0.61345118	-0.32020555	0.33606155	0.12089543	-0.68019059
0.99758317	-0.44852622	-0.06879610	-0.12179946	0.48097019	-0.62347295
0.94570363	-0.37936595	0.01011744	0.42719892	-0.09517037	-0.60521698
1.26718284	-0.16265386	0.14154722	0.49517803	-0.09413973	-0.24716081
1.14147784	-0.04039366	0.15567576	0.59867609	-0.45852590	-0.26367270
1.34425379	-0.03901580	0.05570571	0.23484598	-0.12141162	0.21478317
1.22229686	0.06176640	0.11117165	0.06608668	0.36364536	0.29639682
1.12407499	-0.17684958	0.00886383	-0.22709241	0.62679031	0.30098220
0.99289813	-0.01933630	-0.01132276	-0.44984828	0.57197872	0.52749441
0.91000558	0.05057519	-0.03784791	-0.47481300	0.64695809	0.08785856
0.82079879	-0.11933038	-0.04882436	-0.91901709	0.19776911	0.38870456
0.52535206	-0.09406646	0.05093743	-0.85239039	0.11815675	0.16245442
0.70950768	-0.20381901	0.18656361	-0.69665734	-0.03617927	0.24714508
0.77011643	-0.14465520	0.21083943	-0.59347493	-0.10652760	0.18737723
0.70541299	-0.02483438	0.06734955	-0.89513488	-0.11963101	0.32768062
0.97373823	-0.06551646	0.18399154	-0.69659402	0.01383887	0.49444778
0.89438431	0.04537409	0.19134967	-0.64033973	0.23488365	0.36747852
0.68249320	-0.09551240	0.22485187	-0.40620666	0.24617626	0.13073253
0.99522626	0.04772693	0.15027461	-0.56333017	0.11218178	0.17068073
0.94151825	-0.20845527	0.22493704	-0.21348865	0.41507266	-0.16346780
0.97996853	-0.23530296	0.03228554	-0.20741690	0.20365274	0.35410906
0.85682996	-0.10822706	0.09765902	-0.52066604	-0.45709421	0.19103830
1.25414054	-0.18649447	0.26755074	0.56948024	-0.33151714	0.18728550
1.62429202	-0.22717189	0.29751566	0.55685962	-0.14234993	0.03433778
1.38355385	-0.02526641	0.29447121	1.03232283	-0.23989192	0.01077213
1.43893124	-0.01765124	0.09317428	0.58214192	0.06556840	0.24860940
1.47889068	-0.36434376	0.01838546	0.05993689	0.67976949	0.68933788
1.18558756	-0.47528955	0.03129602	0.27279450	0.66186593	0.09228649
0.94860134	-0.52742536	0.12678020	0.40601578	0.40917467	-0.02632690
0.75723323	-0.21449983	-0.04390871	0.52778441	0.34152562	-0.15061211
0.77590512	-0.19133260	0.03873371	0.09203483	0.03325496	-0.32120011
0.95608704	-0.16954469	-0.24249118	-0.11783364	0.09701247	-0.22682720
1.09384443	0.03267430	-0.24264909	-0.13410965	0.04176465	-0.22697139
1.06951556	-0.21618761	0.03468449	-0.37901351	0.47603584	-0.22438296
0.91738460	-0.13447942	0.10755902	0.07277483	0.02168316	-0.37198030
0.79613315	-0.36966588	0.10922979	0.29976158	-0.18775413	-0.19584793
0.75814309	-0.18687310	0.17843071	0.32881194	-0.64338468	-0.39411800
0.79967195	-0.18641003	0.01806586	1.02253311	-0.70623181	-0.31035130
0.67331430	-0.13151147	0.03262961	0.54451975	-0.34578669	0.00921590
0.86002314	-0.07777241	-0.00184571	0.80834773	-0.60547056	0.13559799
0.98785286	0.01562344	-0.05339140	0.78252169	-0.15048512	0.20634162
1.05665074	0.08700483	0.06800298	0.35635247	-0.21327373	-0.12059535
1.02897400	-0.04036896	0.04848780	0.48320454	-0.06199304	0.08151007
0.83958720	0.24771215	0.13902733	0.59355119	-0.15183795	0.39220437
0.81379841	0.21052339	0.10394508	0.29004438	-0.03063568	0.41301633
0.89779657	0.19364097	0.09205848	-0.14115889	-0.36903376	0.56796661
1.04329466	0.13797495	0.21933406	0.09483004	-0.33211030	0.56205873
1.04846018	-0.03132725	0.01859896	0.20530288	-0.03614165	0.69047969
1.01419957	-0.03397867	0.03562877	0.33785352	0.36918327	0.24210872
1.14388947	-0.10280921	0.09711466	0.08577405	0.22711643	0.06949942
1.04141250	0.03289967	0.11288529	-0.23957350	-0.18614827	-0.14479395
1.08138702	0.11633136	0.19193950	-0.52483986	-0.04530283	-0.51533213
1.22029263	0.00792524	0.20932083	-0.70965597	-0.22478152	-0.76649755
1.33527756	-0.20103389	0.20153919	-0.31362081	-0.20512039	-0.76780690
1.36826396	-0.16404684	0.21592634	-0.24942857	-0.70100637	-0.81119465
1.29954219	-0.31788411	-0.04761475	0.39870379	-1.08947242	-0.65777104
1.22037979	-0.22665696	-0.23625226	-0.09161864	-0.28183705	-0.41637278
1.04333737	-0.40056925	-0.06824329	0.05778967	0.17791309	-0.41378672
1.06763441	-0.24775227	-0.02153749	0.23389436	0.61070922	-0.42800336
1.20231025	-0.35491203	0.18205622	0.32631514	0.38684805	-0.46998897
1.17833082	-0.26737607	0.10936371	0.33506564	-0.16364291	-0.15655763
1.23815580	-0.19481413	-0.05814637	0.16712915	-0.37423024	-0.12257420
1.15906444	-0.13349014	-0.06324037	0.10070957	-0.19587192	0.07135912
1.06094053	-0.03904018	-0.04797353	-0.39622595	0.33141450	0.13446011
1.01212651	-0.11444602	0.05930306	-0.65854445	0.63585183	0.28364759
0.75718758	0.00307019	-0.02216544	-0.42320723	0.43297039	0.37210205
0.48618462	-0.10370518	0.08293199	-1.16844591	0.74077023	0.18970802
0.73145754	-0.06669697	0.20932474	-0.61477716	0.46082804	0.10202289
0.50448286	-0.14436107	0.26123554	-0.94039235	0.06494880	0.26851231
0.85769506	-0.16925397	0.13949693	-0.79983575	-0.07969944	0.01925580
0.86845731	-0.10060121	0.18891265	-0.69606205	0.06660964	0.30380514
0.88076755	-0.14550958	0.14432311	-0.40358916	-0.03153333	-0.20394965
0.74451066	0.02492058	0.19285502	-0.10094406	0.06299324	0.07067520
0.80741068	-0.01326169	0.15311019	-0.01415637	0.01832199	0.22114051
0.78000593	0.01551830	0.29897868	-0.56630946	0.61870918	0.06030813
