0.63308489	-0.03088833	-0.04524158	-0.93336174	0.51648046	0.25496945
0.71938263	-0.01474609	0.12508305	-0.80537755	0.01397510	0.16242799
0.59785299	-0.04382723	0.19998844	-0.80527954	-0.20529481	0.01513808
0.85351396	-0.10549849	0.08523242	-0.11054921	-0.19153187	0.24396134
0.94566292	-0.00528880	0.07507613	-0.49010961	-0.27021712	0.09625547
0.75386449	-0.07100088	0.15632464	-0.41573433	-0.19686417	0.42190048
0.74238778	0.00866223	0.27463251	-0.39323555	0.06639101	0.28067155
0.93375337	-0.10644670	0.27689747	0.23127407	0.23653958	0.03961139
1.00002682	-0.04179062	0.32867537	-0.07539919	0.12536020	0.27489739
0.84760693	-0.27371783	0.19223051	-0.47587070	-0.55430689	0.33765237
1.25609470	-0.28665279	0.30924284	0.32076198	-0.41362881	0.23117766
1.38474241	-0.18381681	0.21712460	0.26417418	-0.40069047	0.25668970
1.56565038	-0.13892869	0.19357951	0.73751086	0.23269940	-0.00796075
1.29766740	-0.06586680	0.34222284	0.84366754	-0.27504488	0.30524032
1.43402832	-0.14255635	0.11707567	0.30957120	0.21324904	0.11589503
1.55912264	-0.14165986	0.17370782	0.31988851	0.49724089	0.57174358
1.45638437	-0.41086436	0.08361397	0.42053974	0.44714922	0.11625025
0.93040177	-0.44492195	0.11191259	0.79221835	0.51143615	-0.00354843
0.75129119	-0.35967023	-0.00739739	0.77485271	-0.12007944	-0.30699955
0.95324613	-0.02578089	-0.12118625	-0.18752751	-0.27611332	-0.24218150
1.00620110	-0.02382606	-0.19028150	-0.47918105	-0.54347942	-0.02440716
1.03739573	-0.30338802	-0.14180570	-0.38807055	0.25465985	0.16148109
1.14859958	-0.13002676	-0.08727300	-0.44916452	-0.02367792	-0.11483941
1.03898423	-0.07483910	0.06167498	-0.20083717	-0.18956771	-0.39634242
0.70664346	-0.19844974	0.23573903	-0.04433202	-0.45342541	-0.19303877
0.72101713	-0.32552179	0.07973725	0.39002503	-0.08160763	-0.10925169
0.74556106	-0.18135948	0.12717014	0.36306527	-0.50379305	-0.23362869
0.76910477	-0.28442953	-0.03287180	1.50773022	-0.52459696	-0.24725066
1.01376969	0.00355726	-0.03198646	1.26517860	-0.69571144	0.08902395
0.84904909	-0.07886994	-0.04810940	0.85317226	-0.05352015	0.07460286
1.08233797	-0.05080395	0.00822329	0.70357614	0.24143977	0.01074514
0.94651801	-0.01561516	0.04689920	0.36112616	-0.59165131	0.23580473
0.93592122	0.20778068	0.01135111	0.26653216	-0.14447707	0.26359785
0.81884400	0.26490309	0.24731425	0.19503716	-0.24357880	0.21289606
1.00335134	0.16327192	0.14151374	0.47681536	-0.86071970	0.62175147
0.97987492	0.31821177	-0.07100186	-0.03631970	-0.59424094	0.35734478
1.15538106	0.13895880	-0.02932606	-0.35302933	-0.11983750	0.52656132
1.18575393	0.02340934	0.26770080	-0.08174637	-0.00522471	0.42089075
1.03035204	-0.00622522	0.20677665	-0.09656283	-0.20352009	0.37448258
1.14020760	-0.18462320	0.12136181	-0.18724083	-0.06822074	-0.08456377
1.05534072	-0.04748970	0.07410979	-0.35056553	-0.15729282	-0.40310972
1.13052978	0.00518362	0.32179552	-1.03944949	0.04701109	-0.61784455
1.45724291	-0.21393224	0.15092131	-0.19937056	0.13089528	-0.70249931
1.45982534	-0.25395939	0.00091550	0.17321668	-0.51914298	-0.89547652
1.22947975	-0.28723977	-0.08249230	-0.00263055	-0.81543648	-0.68116187
1.16788627	-0.41905233	-0.35728164	0.06468711	-0.47373126	-0.64339431
1.20037643	-0.40108556	-0.07764465	0.09826649	0.42190966	-0.57631768
1.01193456	-0.28612377	-0.06457957	-0.11557286	0.56018448	-0.37248217
1.17438562	-0.21183928	0.18797165	0.53300085	0.05468236	-0.41442814
1.02962840	-0.13621814	0.23476424	0.25480673	-0.19360669	-0.42141674
1.08598878	-0.09984358	-0.07310683	0.00950064	-0.26800307	-0.04693421
1.07138199	0.07957438	-0.04147503	0.11929803	-0.26371922	0.14959111
1.03618426	-0.03214873	0.04081512	-0.02259604	0.48611007	0.41853393
1.04587775	0.08203057	-0.09998545	-0.36122938	-0.02494488	0.33279032
0.79431372	-0.00174725	0.03755767	-0.77668997	0.55764625	0.19599628
0.71092941	-0.07408767	0.05250509	-1.16601220	0.41741589	0.42506027
0.60899865	-0.08052970	0.12232180	-0.60301902	0.30447583	0.38019707
0.63127776	-0.22593442	0.13143661	-0.55101984	0.37782340	0.23586731
0.64338338	-0.21068654	0.18030964	-0.71545833	-0.20811485	0.18054900
0.77577638	-0.04478700	0.05981787	-0.27228078	0.29438742	0.13959524
0.91017981	-0.07780853	0.15487171	-0.46030162	0.07470850	-0.07616761
0.87120517	-0.08022249	0.05090234	-0.19854036	-0.01332114	0.18384154
1.00300599	0.02356838	0.16004013	-0.56261300	0.55588573	0.00628109
0.88541334	-0.14509603	0.15319728	-0.38286525	0.54353353	-0.07794536
0.99137132	-0.03215704	0.26147567	-0.40996303	0.43726230	0.21822538
1.03560468	-0.20356649	0.31922481	-0.62772030	0.04214422	0.22882628
1.21120595	-0.18167120	0.18032044	-0.60045335	-0.11000796	0.18638285
1.21792569	-0.31626376	0.21697335	-0.11402157	-0.18976213	0.17693187
1.37703458	-0.23610210	0.24129201	0.32421757	-0.01999544	0.41893942
1.16526312	-0.10620563	0.35185392	0.75815401	0.04462443	-0.00256792
1.41408491	-0.13978485	0.27882643	0.48091413	-0.39479308	-0.11183944
1.60266673	-0.21128693	0.12753266	0.31352447	0.15993997	0.10733425
1.48396491	-0.24984858	0.03889888	0.75006950	0.58855868	-0.06747197
1.03592317	-0.19828053	0.10223625	0.35321196	1.19874846	0.25436666
1.02933043	-0.32598040	0.05376196	0.28426379	0.82049852	-0.18182718
0.79600902	-0.09613062	-0.03664309	0.24090984	-0.11766731	-0.13173926
1.00294224	-0.17500170	-0.23466346	-0.00557994	-0.36280940	-0.16571006
1.09267674	-0.07255996	-0.30791308	-0.64608641	-0.06495708	0.10805486
1.06816663	-0.16694052	-0.06212041	-0.71126827	0.19301053	-0.00812822
1.06338426	-0.26138310	0.07616363	-0.31557419	0.23146170	-0.00447114
0.82413939	-0.32020481	0.15297012	-0.06961267	0.17242496	-0.43420336
0.84538796	-0.26872120	0.18277349	0.39609072	0.11504733	-0.31562063
0.58744047	-0.30911558	-0.00970815	1.05340864	-0.45642069	-0.17893148
0.51548574	-0.33104706	0.07170415	1.29617363	-0.84265668	-0.34166824
0.79996086	-0.08624317	0.06119544	1.01459320	-0.59893261	-0.21499245
0.92372523	0.14074815	0.04447861	0.93747866	-0.70483574	0.19569553
0.73900182	-0.08748398	-0.04865203	0.78495786	-0.25523363	0.13045571
0.99260629	-0.06757545	-0.00427855	0.58015309	-0.28032817	0.08911344
1.09153861	0.05896886	0.07410276	0.68961879	0.19596164	0.41961817
0.89873551	0.01460753	0.04715543	0.24681714	-0.27117326	0.02039550
0.88517459	-0.04063252	0.26105738	0.33076439	-0.27532134	0.42839299
1.04274216	0.19632091	0.03063930	0.11900840	-0.48582205	0.59167673
0.92222120	0.14127455	0.13467300	-0.21920412	-0.07748726	0.35083348
1.07298389	0.09661598	0.19946967	-0.04005981	0.18177401	0.34831464
1.03255018	0.20833454	0.09419470	-0.43096265	0.35310493	0.20883274
1.15448083	-0.04532369	0.20144755	-0.21875372	0.13338577	0.39170957
1.14509196	0.13240092	0.15434013	-0.44569620	0.42980135	0.21264069
1.00702859	0.03526870	0.10923370	-0.50209876	0.35638376	-0.41861644
1.06106878	0.02980189	0.25383886	-1.07974822	-0.01376819	-0.29279142
1.08597137	-0.00007803	0.22038775	-0.49071611	-0.22319312	-0.22545555
1.34710752	-0.21838046	0.30009173	-0.03985431	-0.24483643	-0.53308354
1.31945574	-0.30215028	0.29508257	0.33644287	-0.94523713	-0.70509176
1.31484874	-0.18753012	-0.03827624	0.00570042	-0.73800566	-0.55193416
1.27810966	-0.16754611	-0.16808777	0.25834692	-0.07125308	-0.48320822
1.15476246	-0.23919856	-0.34321057	0.22569756	0.62187129	-0.31541346
1.11458607	-0.42197642	-0.00464720	0.31464392	0.60755858	-0.32997100
0.76292344	-0.26352310	0.11312647	0.13190804	0.31353791	-0.54799166
0.97639893	-0.19846717	0.18234937	0.19493248	0.29074767	-0.20979579
1.12498472	0.02278443	-0.09405129	-0.02430164	0.03033376	-0.00882129
1.18260805	-0.01465689	-0.06633803	0.03534114	-0.69710514	0.14023535
1.22507761	-0.01579964	-0.07774232	-0.47493538	0.21219653	0.22555856
1.06939368	0.04462227	-0.00437655	-0.29223170	0.30482234	0.14435836
1.08003117	-0.07391129	-0.15409857	-0.77270512	0.48202424	0.39505864
0.70044124	0.04643618	0.01451425	-0.92276036	0.61487145	0.30286841
0.77265553	-0.03636498	-0.02608296	-0.82937745	0.53904854	0.49035174
0.81903797	-0.13431376	0.15208616	-0.66604350	0.19155664	0.04854224
0.71689931	-0.11371364	0.15272731	-0.77678112	0.21403881	0.11518718
0.85210393	-0.13648812	0.10845879	-0.49360973	0.07919882	-0.00004239
0.70050760	-0.04515054	0.18838970	-0.91070161	-0.13745441	0.04235964
0.96704626	-0.15884825	0.19015196	-0.97111128	0.23418048	0.39149145
0.85065951	-0.11193034	0.25292412	-0.72538476	0.58239054	0.10821421
0.80389105	-0.12521858	0.12893650	-0.66631575	0.40101684	-0.08352311
1.00205002	-0.14654888	0.35236082	-0.28999136	0.06645439	-0.21324414
0.98373962	-0.07767693	0.34278412	-0.39700307	0.25701847	-0.09330507
1.06280174	-0.04871579	0.21582586	-0.07320380	-0.30104310	0.18885222
0.90420217	-0.18652482	0.13205607	-0.04762877	0.01318643	0.13035669
1.16460707	-0.16377525	0.36200135	0.43936011	-0.11814587	0.06048843
1.21624915	-0.12657372	0.34889203	0.70690130	0.12839026	-0.37080039
