1.87800219	-0.20717260	0.26088421	1.08447680	0.68708169	0.30159929
1.71856284	0.15106491	0.38717062	0.98702710	1.16579241	-0.35649954
1.69766828	0.28940102	0.24087002	-0.10635054	0.76145476	-0.90310034
1.53048549	0.41015052	0.51353039	-0.44726608	-0.07467278	-0.40483245
1.12974332	0.09676034	0.38651996	-0.29404291	-0.52181819	0.21340240
1.34698025	0.16886566	0.26013179	-0.11759227	-0.30375348	-0.14720937
1.21935935	-0.03071508	0.14145657	-0.07493793	0.40310754	0.25746001
1.11209696	-0.02435203	-0.02218644	-0.81332605	0.10757604	0.11762304
0.99471555	-0.09918940	0.17679268	-0.39887802	-0.37763913	0.07359698
0.82026627	-0.19478828	0.22019058	-0.43212535	-0.64197490	0.39431758
0.52521332	-0.07776976	0.03892370	-0.25713580	-0.22938419	-0.04304800
0.55238050	-0.20773365	0.07178675	0.01187621	-1.03970878	0.19557200
0.85180875	-0.12417833	-0.00979810	0.28707262	-0.33587132	0.45001643
0.57537287	-0.00978207	-0.03162872	0.71777984	0.16796719	0.15460241
0.91187102	-0.06039730	0.12518927	0.36711397	0.33510420	0.18092394
0.55141563	0.09927951	-0.05016971	-0.07058258	0.71138433	0.06287401
0.79286846	0.12187538	0.06653249	0.37633546	0.21530423	-0.12339542
0.66212226	0.20166423	0.05903626	0.06174401	0.84589293	0.14697089
0.64697169	-0.00873186	0.05514895	-0.36521433	0.82269439	0.15522836
0.73819686	0.10643372	0.06052322	-0.67466749	-0.13251775	0.11178163
0.41847706	0.03056558	0.12155011	-0.65250305	-0.57068602	-0.09955938
0.96973834	0.00121743	0.10031609	-0.40800375	0.14228960	-0.01656120
0.73107378	0.06833255	0.05659088	-0.28374335	-0.01292559	-0.16448167
0.54024490	-0.09082357	0.17190831	-0.11647613	0.13678817	-0.04771571
0.77843842	-0.24888804	0.39070346	0.33130813	-0.30668905	-0.36059606
0.85089315	-0.08466783	0.10738936	-0.20514148	-0.01695985	-0.16926524
0.82147431	-0.14104474	0.00502555	0.10145720	-0.18040322	0.01174037
0.91848435	-0.19106612	0.08050373	-0.52359862	0.05037092	-0.35900510
1.28589684	-0.06706104	0.23411337	-0.34288082	0.60561264	-0.81727132
1.77964633	-0.38420437	0.34423657	-0.91653076	0.12158481	-0.34495484
1.57651182	-0.30344405	0.58872659	-0.32620585	-0.26034561	-0.42595410
2.13110567	-0.29065797	0.51519912	1.05135791	-1.58588384	0.01304210
2.18445410	0.13120218	0.17595080	1.18046998	-0.37456942	-0.05394166
1.82859119	0.25422433	0.12654428	0.18342279	-0.17781309	0.05101307
1.72705433	0.03311383	0.00096704	0.41221623	0.14881049	0.03747307
1.30689165	-0.08117208	0.36855400	-1.17043360	0.86817479	0.05405553
1.29021672	-0.00896037	0.37518387	0.09304476	-0.09476146	0.58051648
1.15442484	-0.04526740	0.24362323	0.29470460	0.33936455	0.41135964
1.12024070	0.04944263	0.30333629	0.72877758	0.00003762	0.34844773
0.89318289	-0.02036058	0.35305764	-0.01256859	0.13160299	0.46766217
0.78894884	-0.11822834	0.35903328	0.36418264	-0.62028497	0.28367836
0.58427269	0.02833842	0.11689198	-0.13517127	-0.25698873	0.12142964
0.41035925	0.11441948	0.12105433	-0.39982000	-0.07889027	0.05034792
0.24948109	-0.07405145	0.07790734	-0.01046882	0.17974762	-0.43956772
0.53538921	-0.10059910	0.11664629	-0.30200159	-0.10349427	0.02586955
0.53196897	-0.05302847	0.06751369	-0.58152867	-0.36388939	-0.04473010
0.63467556	-0.02772160	0.18891711	-0.14329480	-0.84177229	0.16578986
0.69375436	-0.25602894	0.18745056	-0.01710169	-0.49227744	0.24742716
0.74098762	-0.34571979	0.12515795	0.69582209	0.14860863	0.19032031
0.78615634	-0.27031350	0.21278576	0.46630868	0.23332421	-0.06863801
0.63934302	-0.14280691	0.08611128	-0.11980522	-0.01583897	-0.17899859
0.54032101	-0.24259780	0.22960538	-0.28792622	0.29114719	-0.62114857
0.44380380	-0.04925973	0.35940254	0.12493372	-0.06150866	-0.31144215
0.85321798	0.14513713	0.16121224	-0.54606952	-0.20365603	-0.44656097
0.90844130	-0.09890464	0.13849913	0.16771476	-0.05624081	-0.02227123
1.24607380	-0.26836706	-0.00514804	0.28885175	-0.12459319	0.43053673
1.40052657	-0.53623885	0.11001716	1.57565113	0.30973036	0.55207323
1.72205023	-0.30957429	0.15350520	1.53764558	0.33155925	0.19458837
1.95595184	-0.17450470	0.16742713	1.22087461	0.51042553	-0.22439479
1.91970914	0.15244535	0.12571839	0.01784711	1.24249507	-0.75163143
1.61882864	0.31089261	0.24544296	-0.64998986	0.66002500	-0.78532044
1.23154919	0.05987913	0.56244964	-0.79599746	-0.02649286	-0.56763386
1.21244321	0.25741079	0.39376870	-0.29008945	-0.95119058	-0.23982224
1.07813392	0.34665509	0.11710436	-0.68020549	-0.44239421	-0.10257848
1.17619504	0.15981836	0.16279382	-1.31858108	-0.52884696	0.01900094
1.28087204	0.17378995	-0.00635361	-0.54832646	-0.36415824	0.47546481
1.00005067	0.18239027	-0.01071547	-1.45545527	-0.20862807	-0.01101967
0.83645933	0.02328876	0.08163632	-0.36034304	-0.31860308	0.06011682
0.76653860	-0.02603722	0.04442441	-1.07074226	-0.61561770	0.14501010
0.77472339	0.05496823	0.09442813	-0.87254283	-0.09807618	0.59016976
0.95439856	-0.07846040	0.15600865	-0.58512539	-0.38700527	0.51552502
0.67359012	0.08867391	0.03350906	-0.33887968	-0.24882143	0.46456222
0.91357066	-0.00580144	-0.07588800	-0.40639985	0.17045376	0.50527577
0.81564247	0.18807872	0.01739985	-0.37931281	0.83200842	0.23497740
0.84861860	0.16569479	0.08968777	-1.14246251	0.62066311	-0.09015470
0.66248468	0.10961443	0.03925195	-1.85771550	0.74557671	-0.12922089
0.65199934	0.19621683	0.14407546	-1.68691084	0.71257005	0.33984202
0.79052044	0.17317864	0.15452352	-1.82859878	0.22764258	-0.00911005
0.75682457	0.06152445	0.18677414	-1.77480228	0.91312008	-0.06666898
0.90395290	0.05776170	0.10187934	-1.96734572	0.78844575	-0.09055216
0.91502380	0.10488238	-0.01124214	-1.90672187	0.63306092	-0.09981533
0.96742284	0.08618474	0.08459105	-1.87326650	0.76867038	-0.43627683
0.62390032	-0.04300164	0.15827717	-1.48753346	0.16389924	-0.34934160
0.81917741	-0.08294861	0.34764447	-0.88183989	0.13822009	-0.49175025
0.98666012	0.14369274	0.42456513	-1.17142027	-0.12751432	-0.33834021
1.08739440	0.09259866	0.14169504	-1.25153441	0.11126546	-0.30589651
0.76073329	0.01878396	-0.16131721	-1.46421144	-0.32257728	-0.40920980
0.80185414	-0.10482655	-0.19756222	-1.01186487	-0.06839961	-0.17113244
1.21856494	-0.38940112	0.06974514	-1.86677247	-0.28023118	-0.50297077
1.42733309	-0.71001955	0.03300507	-1.80189287	-0.01226813	-0.77756906
1.39279160	-0.52762098	0.18447276	-0.66325564	-0.24908631	-0.89236451
1.55270624	-0.26703397	0.50801704	-1.08131457	0.08777118	-1.17488185
1.55098396	0.02003020	0.17283383	-0.23269301	-0.82329060	-1.09951212
1.57690729	0.21258093	-0.03373676	-0.99760496	-0.69093128	-0.82193040
1.46485112	0.35455656	-0.07941184	-1.44504180	-0.18892332	-0.19256400
1.61783640	0.25620378	0.02267221	-2.78834843	-0.11062720	0.33188672
1.18001081	0.00041919	0.15046112	-2.04146482	0.99582205	0.28157355
1.01255460	-0.36877632	0.27008995	-1.71935934	0.91331622	0.23815605
1.00465418	-0.39322572	0.27587840	-1.39751721	0.67085798	0.50013703
0.77654606	-0.03524031	0.20117427	-1.10131272	0.29623647	0.42755091
0.66988251	0.09965924	0.20933679	-1.50133768	-0.35186324	0.06733987
0.62490598	-0.07993356	0.04615556	-1.29311866	0.02856255	0.14717847
0.88931653	-0.10201892	-0.05129337	-2.20521921	0.54053894	0.38896239
0.94300983	-0.29609538	0.05639616	-1.63871298	0.20157565	0.23384446
0.59411254	-0.10899524	0.19460339	-1.60232899	0.13358364	-0.16733121
0.82207960	-0.19461793	0.18995060	-1.13125173	0.62312946	-0.10801638
0.74288652	-0.19269931	0.21874612	-1.07265373	0.13177373	-0.16548207
1.04093921	-0.15640430	0.04116355	-0.35648631	0.32571532	-0.41213283
0.84929572	-0.16449765	0.14988938	-0.90404401	0.26292353	-0.59083267
0.74454466	-0.08527570	0.12489659	-0.27876225	0.29758245	-0.85989530
0.84096963	-0.08005534	0.15419983	-0.89494019	0.52764498	-0.61892422
0.52149192	0.01347188	0.09949657	-1.06567333	-0.07753878	-0.61287307
0.86275382	-0.11551270	0.17674511	-0.55190669	-0.12928309	-0.38411138
0.91225495	-0.06269270	0.33216689	-0.71810006	-0.88198509	-0.47803291
0.92540070	-0.19405224	0.16828614	-0.57443971	-0.28409730	-0.52992611
0.58221749	-0.11872549	0.20882369	-0.14553736	-0.39924130	-0.57777015
0.61528039	-0.06411695	0.21114357	-0.26181746	-0.39737900	-0.52393993
0.75690784	-0.16001752	0.10161861	0.09992765	-0.11340598	-0.32517741
1.13071174	-0.04443839	-0.00116143	-0.51906281	-0.19504055	-0.46433311
0.82364222	-0.29190817	-0.16221229	-0.94494722	0.02278101	0.00840829
0.81447998	-0.37863281	-0.07157713	-0.97976142	-0.19051334	0.35694873
1.39380329	-0.51973770	-0.16886490	-0.01219485	-0.43753579	0.56333005
1.77158121	-0.72869967	0.08092748	0.47758795	-0.01366723	0.55731232
1.91356459	-0.64692077	0.15394345	0.86045448	0.52934852	-0.05160411
2.03366237	-0.02801070	0.11220909	0.46208114	1.71406768	-0.66446911
1.61377821	0.25902127	0.30820819	0.34659079	1.99294881	-0.97411854
1.61638778	-0.03003612	0.40231506	-0.33052387	0.31227703	-0.16022958
1.37192485	-0.01359922	0.29323976	-0.58832504	-0.07861775	-0.02096936
