0.68180398	-0.26822034	-0.03984485	-0.21838860	0.46289207	-0.69923300
0.98099693	-0.49642664	0.00762402	0.16645937	0.07209196	-0.44939351
1.10070409	-0.39779962	0.08210862	-0.02629003	0.33211832	-0.61296135
1.70786956	-0.62339228	0.31833251	0.00768519	-0.41345414	-0.28479546
1.77625776	-0.53153482	0.31619310	0.89805560	-0.54247959	-0.20457117
2.05505397	-0.33344709	0.35445700	1.68449572	-0.91782881	-0.12026598
1.61582429	-0.29108548	0.36255678	1.58415601	-0.01869192	-0.27777287
1.88995195	0.05938199	0.37518228	1.15976612	-0.51782907	0.16785306
1.67413092	0.12889238	0.28187426	0.58867040	0.12485052	0.78623519
1.52689878	0.04399098	0.17134658	1.04860107	0.13195400	0.20777898
1.51726851	0.17022694	0.39370904	0.68147915	0.14994776	0.87023219
0.81658812	-0.02567306	0.42176713	0.65397952	-0.03064850	0.53395481
0.85812226	-0.04885765	0.22239528	0.71826287	-0.41872730	0.32422738
0.72642445	-0.00272248	0.31262161	0.65103456	-0.55962068	0.62594714
0.73516012	-0.03390262	0.18164811	0.90989279	0.18476905	0.45697411
0.52791900	-0.07138984	0.19218814	0.69476762	-0.02981782	0.00856663
0.48874253	0.12868988	0.04320954	0.21016608	0.24149785	0.16083159
0.46646206	-0.07091864	0.20042242	-0.18162053	0.63973986	-0.43182493
0.77414806	-0.05468104	0.20094903	-0.13555984	0.09307338	-0.17843083
0.07235340	-0.06491576	0.23685798	0.15635443	-0.79673310	-0.02551227
0.32659745	-0.29717990	0.10696339	0.02606501	-0.86097276	0.17518533
0.57985416	-0.17177294	0.04819896	0.81050260	-0.28200580	0.05289297
0.61134664	-0.33121306	-0.01721640	0.52842562	0.66467304	-0.06394199
0.50491612	-0.16209630	0.05349296	1.35322992	0.52203265	0.03140740
0.74145822	-0.06563497	0.36629870	0.80034042	-0.18533849	-0.39281853
0.89857194	0.01211802	0.41052261	0.79735867	0.03208711	-0.59522861
0.94092681	-0.13339734	0.17116377	1.20847025	-0.34002664	0.14454631
1.01370741	-0.37762296	0.04659292	0.67660370	-0.75099311	0.70198328
1.56941761	-0.34588028	-0.10624217	0.66132567	-0.82995634	0.83213165
1.77369622	-0.06720309	0.14378296	1.41998154	-0.50146753	0.41584019
2.11404789	0.01917034	-0.09482624	1.76382018	0.39805287	0.09805642
2.05639667	0.07152102	-0.03457244	0.61354320	1.22952759	-0.19297895
1.58052648	0.07377440	0.25852145	0.12723576	1.09982160	-0.86898110
1.44334634	0.09902742	0.64260302	-0.74483968	0.43353991	0.15323183
1.57010186	0.21809175	0.66820081	0.49393694	-0.94393415	0.08782042
1.23330637	0.04583517	0.23821790	0.59319655	-0.93312512	-0.16844904
0.94744990	-0.05851007	0.30992864	0.60715689	-0.31084265	-0.01052390
1.02973170	0.07033427	-0.00204517	0.33118799	-0.24865480	0.32506669
1.05570946	0.01210215	-0.13419531	0.12750178	-0.51046046	0.11419887
0.69962549	0.09008743	0.10400051	-0.08825689	-0.32009266	0.25316550
0.74414221	-0.02582693	-0.10893547	0.54706605	-0.56280508	0.50008122
0.81957595	-0.08185232	-0.08151342	0.04100979	-0.15309874	0.61383733
1.17280723	-0.14715227	0.15379170	0.89791927	0.10256959	0.36946235
0.83820054	-0.13646147	-0.09475094	0.97714273	0.47887424	0.47144903
0.75689393	0.04317444	0.07775633	1.11186776	0.74530898	0.48993558
0.39813086	0.06076778	-0.07716601	0.42368980	0.41973796	0.37387715
0.44835723	0.02304485	0.01468189	0.15911232	0.42454345	0.22690211
0.76150844	0.04363979	0.10040897	0.67217962	0.13278450	0.06744213
0.57344048	0.05013400	0.18310483	0.15914831	-0.08204988	0.14337209
0.81897757	0.20132561	0.14646049	0.09864787	-0.17249648	0.32207012
0.85589814	0.11337030	0.00103834	-0.09994285	-1.04435401	0.29893688
0.76199936	0.11679322	0.01631545	0.26847807	-0.26577989	0.19607530
0.56447667	0.00331233	0.16299307	0.24313907	0.70125380	0.37997496
0.78309429	-0.19306918	-0.01007981	-0.07124180	0.52815743	0.09032242
1.11247558	-0.36119121	0.06225526	-0.33079645	0.41802335	-0.48213186
1.37836680	-0.31797122	0.14971328	-0.42059468	0.09104752	-0.08100302
1.17795350	-0.43959918	0.20789913	-0.32747141	0.25772443	-0.78538627
1.87964358	-0.58081352	0.43245434	0.28813364	-0.49415057	-0.27999272
1.69584583	-0.36706683	0.47290865	0.87638238	-0.53926346	-0.30713794
1.59409972	-0.14494967	0.32192900	1.49684735	-0.40062398	-0.22522175
1.52133090	0.03028498	0.26058644	1.34201134	-0.17361937	-0.06160700
1.41801249	0.16685502	0.05548930	0.73388636	-0.40174663	0.25620915
1.51510475	0.17456437	0.20667336	0.30505891	0.09154987	0.17684090
1.25588615	-0.01240957	0.09275566	-0.03773989	0.47708512	0.50883166
1.14862584	-0.18440865	0.33645744	0.63061379	-0.01557946	0.26914112
0.70122119	-0.07296713	0.24562260	0.58953293	0.18445376	0.22858162
0.58882782	-0.11581777	0.30511326	0.30825052	-0.60007361	0.34499629
0.38080535	-0.00367736	0.17509290	0.56359775	-0.27423919	0.17878795
0.64439137	0.05971273	0.20967171	0.63382209	-0.17532325	0.09449470
0.45913406	-0.04895795	0.05706270	-0.12764015	-0.64830266	0.53658434
0.53969193	0.04227955	0.20647752	-0.21758587	0.79861019	-0.02340266
0.91853353	-0.17358075	0.11682911	-0.24021495	0.58000414	-0.35095376
0.49193725	-0.18713004	0.18847964	0.31622332	0.19970454	-0.40459558
0.59963916	-0.31927427	0.18485700	0.24091403	-0.31999767	0.11533034
0.38556797	-0.30636927	0.08166818	0.33738422	-0.70286839	0.20988624
0.82884169	-0.24971258	0.14432347	1.03695525	-0.56352532	0.06323906
0.99943756	-0.22773647	0.08494201	0.41557147	0.13822828	0.01575058
0.83771675	-0.19466717	0.01915243	1.24011365	0.15320222	-0.44338321
1.06582146	-0.15191434	0.27745654	1.19250937	0.10449771	-0.61250723
0.75840832	0.05357932	0.28443239	1.05834109	0.09934788	-0.28098498
0.88433195	0.19792896	0.10981674	0.39678195	-0.54527818	-0.25393502
0.91540031	-0.05079349	0.15995166	0.50022659	-0.42797013	-0.11124711
0.87314823	-0.24835630	-0.04150417	0.53542950	-0.47814989	0.24000075
1.35884263	-0.31149162	-0.05639931	0.63792011	-0.12635356	0.24740458
1.66537644	-0.27700244	0.15005525	0.59116876	0.79046362	0.05922629
2.28671896	-0.12701928	0.32287622	0.86616370	0.52680158	-0.12842090
1.75526897	0.17294444	0.24062246	1.00116518	0.88756399	-0.36906309
1.71211536	0.29453540	0.13330433	0.48851920	1.07230817	-0.60775945
1.52207419	0.17086506	0.23608399	-0.15631829	0.89209478	-0.19298029
1.00047692	0.28821514	0.43970311	-0.78549956	0.35631550	0.27846126
1.17212646	0.17151859	0.31937230	-0.23588568	0.00474428	0.41388734
1.17255406	-0.03859632	0.39962226	-0.13687957	-0.78152472	0.24084397
0.98783919	0.06990858	0.16469425	0.37333672	-0.79660578	0.48444203
0.80127947	-0.17219426	0.04294189	0.12562988	-0.36150055	0.39528026
0.87343753	-0.16610696	-0.03508284	0.48858807	-0.33831585	0.60178148
0.93259250	0.00406815	0.07135897	0.76909693	0.14470522	0.47268078
0.98844265	-0.23802559	0.02536943	0.74093730	0.12199178	0.16921595
0.66221363	-0.12438750	0.15347511	0.63427903	0.20762390	-0.02946760
0.38025622	0.09129722	0.17736976	0.41841588	-0.13716118	-0.01047987
0.75691929	-0.01252081	0.10380000	0.73727078	-0.02005573	0.34712396
0.40914768	-0.05163070	-0.02279462	-0.23226827	0.22704107	0.37801343
0.51843991	0.02049186	0.01727021	-0.37357025	0.12173657	0.40925293
0.50654011	0.02663215	0.08787906	0.24725909	-0.10170833	0.36193886
0.89204517	-0.09503063	0.20723342	-0.31213843	-0.31408152	0.20289497
0.62125976	0.11720427	0.01709983	-0.29382899	-0.29266533	-0.08489434
0.95442680	0.14669019	0.12431876	-0.29392730	-0.07526295	0.02346028
0.69409498	0.01458397	0.16935370	-0.25867571	-0.18014661	-0.12749131
0.89816217	-0.15625829	-0.08207280	-0.31286197	-0.28793545	0.14030894
0.96920362	-0.25287152	0.16333758	-0.43187594	0.43575741	-0.17717482
1.01488500	-0.39339874	0.04037676	-0.25955573	0.76592544	-0.32242940
0.85101481	-0.51204209	-0.05814266	-0.59732459	0.69817282	-0.43312030
1.32025991	-0.40464875	0.10966934	-0.33245598	-0.07638687	-0.41903209
1.75347717	-0.39111706	0.52071901	-0.37496896	-0.36134957	-0.16357443
1.89352523	-0.52234555	0.57654916	0.26992894	-0.45825311	-0.63592517
1.74849386	-0.26028017	0.45011662	0.73540449	-0.36209654	-0.48616640
1.74365642	-0.07785280	0.34897568	0.92307681	-0.13415284	-0.57702272
1.31191613	0.03780968	0.22702581	0.79818714	-0.19340327	-0.41097576
1.29106109	0.25972115	0.09649851	0.13183087	0.39807949	0.16493499
1.08721581	0.26864031	0.12877893	-0.31143244	0.05996452	-0.17410609
1.07903253	0.07578586	0.34837884	0.50163064	0.34873977	0.13978196
1.12458328	-0.04126573	0.38255935	0.08744074	-0.30152846	0.28433229
0.73600639	-0.04531180	0.33195287	0.44743468	-0.35415542	0.57450645
0.43382520	-0.05419454	0.21232077	0.28974847	-0.13026509	0.39394717
0.97243218	0.04592689	0.24204998	0.15927459	-0.56794450	0.53817831
0.93455258	-0.08656166	0.09739461	-0.26083791	-0.13342645	0.39198294
0.82745100	0.00106925	0.12018334	-0.46756698	-0.30033987	0.06805135
0.66235078	-0.10198676	0.20300361	0.01687616	0.45135517	-0.01846628
0.70074062	-0.08597564	0.19449989	-0.52255615	0.03532539	0.08647668
