0.97326517	-0.07491130	0.12961606	0.94864145	0.13269438	-0.25750351
0.75483884	0.00220562	0.17804150	0.54708125	-0.23313969	-0.31494454
0.68539885	-0.03769554	0.07700288	0.68288990	0.16620481	-0.30059540
0.80764428	-0.07586514	0.14407132	0.52964584	0.27338215	-0.29806569
0.76446322	0.03078002	0.16349049	0.60265470	0.08449796	-0.45493246
0.81090954	0.09373280	0.04608203	0.39446313	0.47133617	-0.46489283
0.58621647	-0.18865888	0.15867528	0.35724407	0.43578988	-0.34886227
0.74334927	-0.05470773	0.21052877	0.52947512	-0.48116715	-0.36692258
0.86267149	-0.05564452	0.31013945	0.87697979	-0.17527043	-0.50312554
1.05660495	-0.13963085	0.18641407	0.59420758	-0.09333399	-0.06482958
0.74990217	-0.12040422	0.03762332	1.54178729	0.05145257	-0.05716228
0.79352838	-0.26015541	0.05383196	1.08153801	0.18736707	0.17277670
0.62112502	-0.15426892	0.05424876	0.89551082	0.01001322	-0.17222719
0.68830225	-0.13320315	0.06951580	1.00631757	-0.38192448	0.24773019
1.20309135	-0.39539038	0.01347565	1.75898420	-0.50750548	0.47329300
1.31584065	-0.37780824	-0.02150507	1.64429154	0.28185586	0.52619390
1.58516907	-0.34948538	0.02285832	1.56347214	0.44565787	0.41672257
1.94220048	-0.17891106	0.13238882	1.66856313	1.19178712	-0.02984976
1.77833621	0.18767558	0.22490002	1.59957250	0.25813587	-0.54711201
1.79958021	0.47000571	0.34474573	0.39671724	0.29844718	-0.61454008
1.54935926	0.26226453	0.34279059	0.24474916	0.44470453	-0.68249795
1.57679661	0.20080444	0.29103687	-0.26895867	-0.08980987	-0.42627379
1.25197031	0.19383547	0.12966764	-0.07660685	-0.32953494	-0.31094630
1.16859822	-0.04315486	0.28124692	0.05883459	0.33825002	0.06606201
0.90518987	0.04648674	0.17118766	0.29889195	-0.19345507	0.19979226
1.08132471	0.03094061	0.17668067	0.02955029	-0.12765133	-0.03557927
0.99558997	-0.25294756	-0.02478153	-0.13913976	-0.68775514	0.31534392
0.62205497	-0.17786737	-0.00206514	0.72231369	-0.88052200	0.33267474
0.72522406	-0.23452824	0.05610008	0.71572239	-0.97874492	0.15942837
0.84028422	-0.13862132	-0.05868754	1.31968135	-0.99238123	0.31243502
1.00510123	0.00438051	-0.05800028	1.20654907	-0.61377231	0.03556372
0.87737618	-0.11166134	-0.09583213	1.05755204	-0.41823450	0.37880131
0.66597109	-0.02284816	-0.01407390	0.54653048	-0.11527119	-0.03152868
0.76482002	-0.00530289	-0.06793375	1.44845476	-0.16849703	-0.08812457
0.77273502	0.06690252	-0.02393694	1.16020497	0.46247421	-0.19375887
0.61812370	0.07161814	0.01729789	0.29955045	0.15509787	-0.00773928
0.84345376	0.02253180	0.13385061	0.99251414	-0.16389108	0.14674375
0.98434365	-0.16730763	0.31117863	0.63344693	0.47289978	0.00524785
0.99295735	-0.00071284	0.19328524	0.65466194	-0.02017143	0.12104194
0.74215546	0.04653968	0.15457999	0.65736720	0.13644753	0.08651886
0.69660316	0.17159624	0.25446826	-0.04205735	-0.01965336	0.13390256
0.84719414	0.15221633	0.18128625	0.50538425	0.26243147	-0.09932070
0.87334843	0.17222361	0.07224478	0.26750436	-0.23493263	0.03441428
0.79642648	0.00849681	0.20408823	0.50293604	-0.14455240	-0.15129005
0.93494683	0.02780923	0.21234846	0.85109685	-0.06223514	-0.25769235
0.78604766	-0.11256417	0.13131922	-0.05694470	-0.25861368	-0.21807563
0.53717217	-0.00568560	0.17204364	0.55667747	-0.24330888	-0.06157861
0.60130624	-0.08125887	0.08809890	1.19260998	-0.24796550	-0.08684316
0.63481135	-0.15458506	-0.06616881	0.21875749	0.01294516	-0.04493123
1.18000194	-0.24668382	0.03102771	0.20199626	0.01126395	-0.37088452
1.25760222	-0.40866326	0.11679065	0.05773631	0.57128746	-0.40048405
1.42137406	-0.35684361	0.28213451	1.00097890	0.59039221	-0.24029024
1.73430614	-0.26052887	0.45432594	0.51829881	-0.14151777	-0.66461075
1.83481282	-0.29011378	0.71921820	1.28693357	-0.69013365	-0.44107607
1.77831811	0.07751277	0.39914508	1.23326726	-0.12263139	-0.38658666
1.71758856	0.22992730	0.22230822	0.99740759	-0.51177898	0.24762671
1.54740636	0.15371631	0.12041995	0.39038269	0.34625784	0.16830514
1.56148468	0.09032592	0.24250113	0.34868948	0.36511765	0.32157376
1.09223036	-0.00615485	0.39391465	-0.05150366	-0.50797208	0.31995973
0.92318870	-0.01837269	0.37529786	0.27692088	0.06448631	0.43065290
0.65434350	-0.16316787	0.36340616	0.40634925	-0.24972745	0.31498870
0.66091723	-0.07967350	0.15857945	0.98460525	-0.54796412	0.51998316
0.78427235	-0.05140660	0.09522977	0.64536642	-0.35877303	0.40503362
0.88576319	0.05943255	0.11637236	0.19198757	-0.08460683	0.47378792
0.92977126	0.01571216	0.04928234	0.16734981	-0.08149310	0.18818172
0.76908016	-0.13411919	0.08409590	-0.08570800	0.26830851	-0.00558837
0.61737650	-0.18794506	0.14740570	-0.33783481	-0.10236243	-0.16730325
0.55265704	-0.22245309	0.26617149	0.40244692	-0.42494233	-0.28975272
0.68395189	-0.18778909	0.15486296	0.71301813	-0.50799014	0.06253745
1.00759790	-0.35371883	0.08944649	2.13944066	-0.79014102	0.31561327
0.46191346	-0.33681252	0.12467131	1.57623453	-0.62020849	0.28934866
0.77099430	-0.27083332	0.08246949	1.37230688	0.15543297	-0.07446558
0.91892335	-0.14280723	0.04417205	1.73397175	0.18184270	0.00355728
0.66021419	0.07430013	0.30678214	1.20093684	0.38177305	-0.21169915
0.67290233	0.23884139	0.34917186	1.16439335	0.19221889	-0.44872012
0.75763171	0.24363131	0.26805222	0.52020875	-0.81284494	-0.32853519
0.78960252	0.19573473	0.15760646	0.30149567	-0.39027492	0.14353302
0.94568095	0.17813620	0.29209134	0.14165893	-0.53166113	0.07529806
0.86870035	-0.17850611	0.21365920	0.18722403	-0.54902009	0.36154728
1.17754629	-0.31861661	0.07447453	0.63858827	-0.36761157	0.47618999
1.32152072	-0.33214465	0.04886948	1.32562251	-0.26580790	0.77284462
1.69459481	-0.47910289	0.13662547	1.94919008	-0.37611455	0.68108928
1.81036785	-0.18398906	0.15598242	1.90985791	0.73771992	0.25785272
1.67400745	0.23161567	0.08825091	0.92568566	1.74814738	-0.69596508
1.73544722	0.22015100	0.29444403	-0.06492183	0.75865522	-0.97456309
1.26343591	0.31065215	0.29953102	-0.34877419	-0.28778012	-0.22513863
1.37980533	0.10061288	0.51096364	0.31458096	-0.54605534	0.26896186
1.39951419	-0.10839246	0.32426735	0.54213961	-0.45718464	0.29592103
1.40700085	0.01121377	0.11455751	0.57713264	-0.11078545	0.08457588
1.25907669	0.05528917	-0.15535272	0.19639839	-0.42144373	0.23624966
0.95681041	-0.02309990	-0.04930066	0.20465887	-0.05066787	0.17895963
0.82996374	-0.13857099	0.06166258	0.26287362	0.09065665	0.11439972
0.73459793	-0.07632894	0.13590988	0.44044205	-0.32598930	0.38612207
0.57419679	-0.11736460	0.24474717	0.30183254	-0.30218639	0.27747818
0.64258704	0.01516269	0.11604497	0.56170514	-0.52871203	0.25062933
0.86600674	-0.04269867	0.05766377	1.14674417	-0.37434971	0.06945608
0.79300535	-0.04512485	0.00198281	0.56801060	-0.20679895	0.38807287
0.84528987	0.10468586	0.09557576	0.96085105	0.10900579	0.24770025
0.67312129	0.13859573	-0.04299429	0.08095304	0.65780522	0.29868985
0.48646566	0.25544693	0.07728377	-0.22905360	0.57259820	0.12597279
0.73938920	0.12884324	0.04558453	-0.24792418	0.03019712	-0.25100387
0.63758019	-0.15211694	0.13957438	-0.07011973	0.06380946	-0.08390001
0.82876499	-0.09954892	0.19922385	-0.14349474	-0.54583386	0.34305778
0.97361635	-0.17682683	0.09838991	0.35173351	-0.60201154	0.47532788
0.94086278	0.06543438	0.07146015	0.06728581	-0.20693010	0.30586213
0.92412929	-0.04020488	0.17673943	0.11200635	-0.18334067	0.10003099
1.02009256	-0.06817829	0.01906897	0.05263971	0.52802549	-0.08107707
0.95945543	-0.08581790	-0.04178291	0.33233616	-0.11057350	-0.30131044
0.30783165	-0.10958745	0.12181646	0.31238796	0.12654179	-0.34856905
0.95215007	-0.23762029	0.03477898	0.09143335	-0.28266797	-0.60134601
1.26677583	-0.28978873	0.14922872	0.36966979	0.00042783	-0.67191006
1.45214137	-0.42143754	0.02187971	0.05584910	-0.07832284	-0.63026268
1.62921467	-0.29961067	0.20824720	0.04570268	-0.19994763	-0.45003957
1.56508653	-0.28438843	0.35619776	0.34993035	-0.31732751	-0.22723589
1.65201411	-0.30219777	0.40411335	1.02617182	-0.68870858	-0.06287727
1.63159725	-0.13657728	0.31107311	0.65248697	-0.15874268	-0.33227288
1.72059891	0.15838408	0.25958982	0.41414953	-0.39094947	-0.03407251
1.40850460	-0.01598153	0.07483558	0.27270661	-0.11069864	0.16360878
1.57510958	0.14566006	0.20144840	-0.14921774	-0.05800719	0.32215389
1.32685484	0.09829454	0.39473888	0.42366449	0.36786765	0.22861312
0.91462190	-0.12083663	0.27993221	0.57869051	0.12653181	0.19609504
0.89966339	0.06364742	0.36233469	0.60279684	-0.44829966	0.34658747
0.59564252	0.03289000	0.15584020	0.25429413	-0.01324150	0.41557104
0.58627770	0.12488443	0.26464176	0.34223876	-0.33186176	0.39630536
0.53771723	0.15256573	0.03000566	0.22381802	-0.27116936	0.10927911
0.73759158	0.08626958	0.00894282	-0.04474422	0.42412219	0.13457290
0.42600648	-0.11536232	0.15486945	-0.02524050	0.21032906	-0.19579673
0.37330597	-0.12380216	0.17752857	-0.56129437	-0.08314545	-0.08759741
