1.02539482	-0.17801714	0.01547425	-0.00371026	-0.00422518	0.00576114
1.02468222	-0.17531473	0.01692639	-0.01004192	0.00520231	0.00389125
1.02186631	-0.17757408	0.01142296	-0.01517663	0.00784001	0.00290525
1.01661346	-0.17456015	0.01613265	-0.01064832	-0.00117499	0.00330745
1.01088791	-0.17464268	0.01076886	-0.00878416	0.00171072	-0.00001807
1.01113558	-0.17526624	0.00941569	-0.00905337	-0.00504322	0.00560556
1.01680546	-0.18053608	0.01475838	-0.00001184	-0.00523205	0.00240783
1.01810673	-0.17932108	0.01525325	-0.00201781	-0.00618325	-0.00418928
1.01661024	-0.17827220	0.01028337	-0.00525792	-0.01386824	-0.00608318
1.01548337	-0.17961871	0.01116145	-0.00317669	-0.01051669	-0.00094088
1.01904353	-0.17855326	0.01421709	0.00428839	-0.00449729	0.00207038
1.01854035	-0.17734386	0.01432287	0.00631967	-0.00498860	-0.00124573
1.01831334	-0.17977949	0.01928207	0.00460343	0.00126107	0.00129810
1.01568720	-0.17881941	0.01887550	-0.00261186	0.00614175	0.00231297
1.01508422	-0.18164180	0.02099133	0.00783071	-0.01207618	-0.00017738
1.01662199	-0.17645617	0.01784950	0.01113482	-0.01016490	0.00272793
1.01942739	-0.17759168	0.01780984	0.00475253	-0.00813490	0.00275778
1.02250191	-0.17836410	0.01270199	-0.00099189	-0.01249707	0.00575016
1.02103714	-0.17696829	0.01210308	0.00277718	-0.01832969	0.01047299
1.02023026	-0.18200936	0.01299636	0.01379565	-0.02078829	0.00661925
1.01703463	-0.18024352	0.01296804	0.02496091	-0.03780131	0.01324222
1.01959532	-0.18232510	0.01169862	0.00489469	-0.02896591	0.01196659
1.01744629	-0.17806965	0.01807137	0.01435056	-0.01499349	0.00244049
1.01581184	-0.17592337	0.01796357	0.01039546	-0.03054277	0.00208700
1.01724797	-0.17609863	0.02065378	0.01571075	-0.01963967	0.00313582
1.01298967	-0.17764123	0.01515169	0.01630772	-0.01681647	-0.00955141
1.01677471	-0.17368270	0.01325402	0.00457992	-0.01873529	-0.00388753
1.01845654	-0.17197463	0.01414665	0.00325785	-0.01312189	0.00000688
1.01770421	-0.17463147	0.01795963	-0.00192301	-0.00638738	0.00108811
1.01497524	-0.17494576	0.01750184	-0.00057795	-0.00864400	-0.00046092
1.01736347	-0.17506930	0.01959921	0.00143582	-0.00860527	-0.00339245
1.01817083	-0.17588952	0.02182068	-0.00802476	-0.00290806	-0.00049153
1.01580321	-0.17514245	0.01815949	-0.01276606	-0.00303174	0.00140557
1.01828825	-0.17240294	0.02107070	-0.00143201	-0.01279355	0.00664530
1.02097196	-0.17261326	0.01709276	0.00208305	-0.01250782	0.00901842
1.02120416	-0.17418326	0.01181225	-0.00883554	-0.01316905	0.00218667
1.02229854	-0.17431030	0.01373641	-0.01881502	-0.00324131	0.00696167
1.02008172	-0.17703485	0.01176382	-0.01012262	0.00386074	0.00118039
1.01932315	-0.17964658	0.00686735	-0.02566901	0.01427819	-0.00040280
1.02090433	-0.18015182	0.00581215	-0.01986096	0.01421516	-0.00486410
1.02139607	-0.17773718	0.01137658	-0.01175877	0.00551891	-0.00690972
1.01718141	-0.17753313	0.00957021	-0.00548771	0.00329775	0.00048751
1.01495329	-0.17788263	0.01397058	0.00406290	0.00009191	0.00098368
1.01337427	-0.17486974	0.01417389	-0.00855617	0.00141036	-0.00215718
1.01817328	-0.17423251	0.01584874	-0.01577080	0.00393177	-0.00516843
1.01929173	-0.17509254	0.01678986	-0.00511709	-0.00318920	-0.00520779
1.02169937	-0.17800860	0.00992569	-0.00829740	-0.00191360	-0.00254730
1.02000300	-0.17546051	0.01300745	-0.00169128	-0.00494830	0.00311917
1.02248676	-0.17663043	0.00587449	-0.00949044	0.00147831	-0.00063664
1.02336302	-0.17776577	0.00581571	-0.00630410	0.00893121	-0.00620944
1.02294794	-0.17837501	0.00346682	-0.00741246	0.01186984	0.00245425
1.02141663	-0.17903007	0.01082973	0.00644135	0.01748969	0.00844716
1.02007178	-0.17784255	0.01034762	0.00690033	0.00572539	0.00129435
1.01955697	-0.17281487	0.01243555	0.00475155	-0.00374741	0.00073589
1.01972147	-0.17320995	0.01053143	0.00777184	-0.00654162	-0.00169625
1.02408430	-0.17561388	0.01434903	0.00935012	-0.00158598	0.00084602
1.02345780	-0.17730183	0.01000686	0.00538152	0.00497561	-0.00144106
1.02295770	-0.17487834	0.01227185	0.00012826	0.00081246	-0.00267062
1.01926716	-0.17351889	0.01755611	0.01359482	0.00758018	-0.00011666
1.01939701	-0.17679388	0.01525578	0.01122627	0.00188628	0.00088759
1.01591441	-0.17640813	0.01517666	0.00009697	0.00717310	0.00204623
1.01225105	-0.17455043	0.01360741	-0.00051854	0.00192457	0.00077268
1.01795867	-0.17832065	0.01408464	-0.00120804	0.00904909	0.00060085
1.01936288	-0.17676989	0.01135799	0.00126862	0.00072072	-0.00116508
1.01737503	-0.17835783	0.01361548	-0.00082488	-0.00258053	0.00086107
1.01924434	-0.17932857	0.02023704	0.00593361	-0.00236768	0.00310946
1.01912981	-0.18052845	0.02368824	-0.00034368	-0.00008474	0.00444019
1.01824251	-0.17586662	0.01313056	-0.00518667	0.00046951	-0.00027755
1.01920678	-0.17148634	0.00726686	-0.00562659	0.00561527	0.00047343
1.02164982	-0.17589571	0.01132314	-0.01016319	0.00438910	0.00100921
1.02011613	-0.17849952	0.01806046	-0.00562903	0.00381962	0.00258926
1.01936256	-0.17813087	0.01653706	-0.01098639	0.00162710	-0.00049153
1.02167209	-0.17883708	0.02372737	-0.01564386	0.00512036	-0.00244669
1.01769099	-0.17907468	0.02325092	-0.01111141	0.00355867	-0.00294962
1.01830079	-0.17554829	0.01628486	-0.00812465	0.00097946	-0.00198460
1.01920045	-0.17635808	0.01451179	-0.01595241	0.00412988	-0.00407379
1.01714980	-0.17843624	0.01644551	-0.00604863	0.00331775	-0.00304328
1.01764778	-0.17903081	0.01418257	-0.00243559	0.00403364	0.00078492
1.01809816	-0.17804031	0.01471224	0.00016884	0.00577180	-0.00279563
1.02147501	-0.17575604	0.01346823	-0.00172549	-0.00166342	0.00113160
1.01893988	-0.17418034	0.01322885	-0.00364954	0.00249142	0.00110901
1.01451785	-0.17126089	0.01797896	-0.00147449	-0.00013512	-0.00217770
1.01659697	-0.17229323	0.01691100	0.00027405	0.00089701	0.00498894
1.02184726	-0.17286554	0.01579162	-0.00106952	-0.00596376	-0.00239749
1.02025583	-0.17035822	0.01173225	-0.00341713	0.00068624	-0.00138809
1.02162999	-0.17577603	0.01090417	-0.00309523	0.00380069	0.00229501
1.01828678	-0.18033235	0.00907826	-0.00300722	-0.00172120	0.00126834
1.01923823	-0.17896641	0.01464601	-0.00040399	-0.00485790	-0.00015831
1.01715526	-0.17873658	0.01964350	-0.00045920	-0.00659597	0.00110353
1.01704964	-0.17841377	0.01908730	-0.00576703	0.00493097	0.00398456
1.01532346	-0.17620533	0.01759185	0.00111602	-0.00095950	0.00311547
1.01866129	-0.17746410	0.01582147	0.00860662	-0.00159229	0.00097376
1.01767799	-0.17299302	0.01515713	0.00399708	0.00229899	0.00283559
1.01654274	-0.17349234	0.01398731	-0.00244232	-0.00043087	0.00011912
1.01736004	-0.17281840	0.01504152	-0.00044874	0.00422133	0.00057876
1.02063316	-0.17478308	0.01381985	-0.00613406	-0.00442592	0.00085268
1.02193098	-0.17636600	0.01328135	-0.00083958	0.00793716	-0.00025968
1.01702839	-0.17605618	0.01805762	-0.01254337	0.01079466	-0.00273887
1.01684118	-0.17419232	0.02027289	-0.00097412	0.00384074	0.00049713
1.01633708	-0.17327245	0.02082625	-0.00220779	-0.00083303	0.00599344
1.01300874	-0.17327960	0.01193903	0.01029341	-0.00551296	0.00798020
1.01536269	-0.17353614	0.00756401	0.01981360	-0.01432759	0.01097898
1.01783029	-0.17687478	0.01096256	0.02382681	-0.02094066	0.00342593
1.01793033	-0.17452142	0.01194259	0.02592863	-0.01086994	0.00529388
1.02163796	-0.17403790	0.00929422	0.02144612	-0.01703862	0.00443311
1.01900981	-0.17274763	0.01269047	0.01694873	-0.01235174	0.00528112
1.02055790	-0.16976956	0.01695709	0.00843267	-0.00955896	0.00213899
1.02176294	-0.17041842	0.01239742	0.00006617	-0.01192228	0.00470959
1.02043925	-0.17263067	0.01742978	-0.00182298	-0.01390168	0.00472000
1.02036259	-0.17635931	0.02041779	-0.00076261	-0.00807600	0.00560021
1.01954527	-0.17884623	0.01718976	0.00062683	-0.01656621	0.00585666
1.01514916	-0.18043685	0.01391076	0.00004452	-0.01134011	0.00630860
1.01928604	-0.18232641	0.01772722	0.00482952	-0.01740324	0.00070769
1.02155497	-0.17641457	0.00931457	0.00055401	-0.01913910	-0.00321254
1.02173856	-0.17502172	0.01291865	0.01146712	-0.01325343	0.00249902
1.01986885	-0.17670944	0.01279362	0.00431253	-0.00844990	0.00431258
1.02272332	-0.17975750	0.01049982	0.00609650	-0.02495519	0.00334437
1.01995369	-0.17725013	0.01138948	0.01308900	-0.01760930	-0.00291877
1.01834316	-0.17431386	0.01770132	0.01619941	-0.01436401	0.00154953
1.02049768	-0.17252651	0.02378143	0.00241264	-0.01770835	0.00646128
1.02074166	-0.17694796	0.01303028	0.01304134	-0.00516336	0.00560554
1.01825162	-0.17564553	0.00930252	0.00937893	-0.01308821	0.00757856
1.01953652	-0.17604065	0.00705391	0.00237644	-0.00941605	0.00380239
1.02019235	-0.17619474	0.01053160	0.00771604	-0.01333256	0.00287630
1.02086086	-0.17466413	0.00847625	0.00447303	-0.00614613	-0.00018297
1.01860727	-0.17451522	0.00974737	-0.00198734	-0.00118032	-0.00842575
1.02175204	-0.17884968	0.00987546	0.00016437	-0.01732710	-0.00430710
1.02106641	-0.17728756	0.00605408	0.01021773	-0.00721025	-0.00038624
