1.02517842	-0.17514827	0.01296618	0.01150163	-0.00085096	-0.00938830
1.02321584	-0.17895629	0.00803901	0.02103275	0.01198827	-0.01157908
1.02491137	-0.17568799	0.00724125	-0.00099406	0.00777558	-0.01474139
1.02531528	-0.16669146	0.00851983	0.00289056	0.01008886	-0.01438031
1.01779965	-0.16956296	0.00846691	0.01689824	0.00935739	-0.00663082
1.01836786	-0.17023100	0.00916966	0.00388147	0.00798339	0.00045159
1.02095403	-0.16669051	0.01417965	0.00001149	-0.00459298	0.00219449
1.01750968	-0.17017760	0.02839000	0.02357442	-0.01719688	0.00463361
1.01803716	-0.17717605	0.01885881	-0.00177602	-0.00992169	0.00976996
1.01709361	-0.17737258	0.01151203	-0.00841829	-0.00838463	-0.00050336
1.01788545	-0.17534665	0.01320655	-0.00355126	-0.00678389	-0.00323819
1.01987156	-0.16761515	0.01435527	0.00331768	-0.00579258	0.00848182
1.02164136	-0.16571718	0.01632356	-0.00342589	-0.01023651	-0.00383103
1.02314955	-0.16463767	0.01413185	0.01068849	-0.00977529	-0.00759971
1.02550288	-0.16846437	0.01238639	-0.01217777	-0.00080243	-0.01453331
1.02561297	-0.16634670	0.01053728	0.00680369	0.00069649	-0.03074755
1.01744331	-0.17217471	0.01718290	0.00568432	0.00305712	-0.01229384
1.01728050	-0.17200690	0.01252218	-0.00776233	-0.00149428	-0.01965503
1.01813776	-0.16854003	0.00928993	-0.01355716	0.00246847	-0.01243571
1.01793546	-0.17500942	0.01715969	0.00451521	-0.00225308	-0.00144939
1.01626742	-0.16535731	0.01114302	-0.00212289	-0.00726730	0.00046715
1.02025603	-0.16138316	0.01640243	0.00052265	-0.02823874	0.01196121
1.01951099	-0.16334754	0.01412300	0.00817764	-0.01608113	0.00393833
1.01532361	-0.16015577	0.01085613	-0.00852486	-0.01609170	-0.00383881
1.01971526	-0.16474886	0.01466363	0.02460957	-0.01268245	0.00569354
1.01878570	-0.16502021	0.01843916	0.01577647	-0.01194884	-0.00115974
1.02107856	-0.16899804	0.01383243	-0.00037440	0.00548216	-0.01697871
1.02390875	-0.16534884	0.01138788	0.01120238	0.01858949	-0.01752860
1.02144648	-0.16139127	0.00808349	-0.00383243	0.01318618	-0.02893624
1.02078840	-0.17132169	0.01375062	0.00963862	0.01997574	-0.02910520
1.01847009	-0.17096621	0.00817404	-0.00351467	0.02382817	-0.03127677
1.01711863	-0.16811695	0.00949446	0.02964046	0.00605875	-0.02854964
1.01590030	-0.16947979	0.00642282	0.01712941	0.01431285	-0.01590928
1.01689257	-0.17326894	0.01454743	0.01094913	0.00179337	-0.01561664
1.01606645	-0.16596992	0.02046413	0.01736919	-0.00541637	0.00006025
1.01646266	-0.16357367	0.01737290	0.00392834	-0.02013935	0.00711979
1.01842558	-0.16725371	0.01831357	0.00474380	-0.01439934	0.00188046
1.02342349	-0.16823779	0.01015207	0.00680371	-0.01408225	0.00445831
1.02406049	-0.17347085	0.00715580	0.03142358	0.00577167	0.00407960
1.02734440	-0.16960954	0.00905194	0.00447286	0.00963875	0.00624608
1.02796993	-0.17186555	0.00136268	0.00476267	0.00778202	-0.01568636
1.02942784	-0.16816320	0.00278361	0.00232776	-0.00045829	-0.01428996
1.02646715	-0.16904088	0.01581619	0.01552722	0.01606288	-0.02820842
1.02240816	-0.17153349	0.01095054	0.02232213	0.00780024	-0.02511590
1.02027059	-0.16558400	0.01922356	0.02898391	0.00350294	-0.02934915
1.02104375	-0.17097023	0.00729177	0.02548949	0.00423667	-0.02714377
1.01864363	-0.16348080	0.00190069	0.01308680	0.00223186	-0.00923209
1.02290453	-0.16638951	0.00924705	0.00026915	0.00389643	-0.01156288
1.01551974	-0.15449763	0.01728562	0.01644848	-0.00992022	-0.00856706
1.01379573	-0.15156084	0.01534921	0.00916885	-0.01878213	-0.00202395
1.01798506	-0.15921745	0.01817875	0.01182578	-0.01384975	-0.01085797
1.02048985	-0.16264401	0.01861562	0.03060896	-0.00851223	-0.02169284
1.02301646	-0.17193099	0.02376628	0.04096442	0.00466755	-0.01854712
1.02824478	-0.16561368	0.02368546	0.01362361	0.00788992	-0.01454752
1.02394049	-0.16471140	0.01729800	0.06087613	0.00399252	-0.02212075
1.02520080	-0.16806952	0.02015509	0.05174014	0.00916358	-0.00718651
1.02348600	-0.17040651	0.01767358	0.02333061	0.00646618	-0.01601781
1.02369905	-0.16835637	0.00573379	0.02241822	0.01445094	-0.01764740
1.01824604	-0.16779223	0.00000843	0.02346229	0.00645600	-0.01624406
1.01188260	-0.16432665	0.00047409	0.04108870	-0.00050885	-0.01540406
1.01315173	-0.15915645	0.00343507	0.04581312	-0.01248987	0.00438055
1.01809365	-0.16279719	0.00569242	0.06288882	-0.01185669	0.00351402
1.02425828	-0.16514914	0.01635197	0.05565327	-0.00322881	-0.00677139
1.02600781	-0.16691269	0.01079776	0.07217500	-0.00546358	0.00062269
1.02147664	-0.16857114	0.00978614	0.06165999	-0.01062245	-0.00975700
1.02206624	-0.16708846	0.01801173	0.07584919	-0.00382032	-0.01241364
1.02402082	-0.16441809	0.01415163	0.08261306	0.00802818	-0.02150500
1.02113791	-0.16468329	0.00817643	0.04025534	0.00818683	-0.01003595
1.02056778	-0.17140633	0.00816266	0.06721938	0.00161187	-0.00387207
1.02081839	-0.16404610	0.00789935	0.06374223	0.00086682	-0.00029816
1.01532142	-0.16436573	0.00356068	0.05388596	0.00354816	0.00652108
1.02266987	-0.16991448	0.01036269	0.05725892	-0.00424837	0.01168993
1.02071269	-0.16444017	0.00886302	0.07501054	-0.01906020	0.01920667
1.02101516	-0.17080234	0.01113314	0.04050175	-0.01321046	0.01031020
1.02106672	-0.17312559	0.01559175	0.05772038	-0.01323073	0.03001835
1.02167345	-0.16342161	0.01365341	0.05899383	-0.01544662	0.01019074
1.01856248	-0.16087272	0.01313418	0.04683625	0.00114021	0.02245093
1.02288696	-0.17108665	0.01024827	0.05508487	0.01599554	0.02109106
1.02307303	-0.16999605	0.00727274	0.06066203	0.00600362	0.01633451
1.01992149	-0.17062863	0.01223092	0.05916418	-0.00311433	0.01121904
1.01425339	-0.17054731	0.01538096	0.03935680	-0.00704972	0.01200352
1.02076019	-0.17702553	0.01799657	0.02933135	-0.00624568	0.01522608
1.02181742	-0.17449438	0.01131807	0.04168725	0.01815266	0.01015721
1.02094495	-0.17029313	0.01358290	0.02863075	0.01292299	0.01191021
1.01779237	-0.17077075	0.01587372	0.02567679	0.00478096	0.01902089
1.02290589	-0.17374470	0.02338785	0.03830798	0.00625039	0.01191361
1.02170552	-0.17803512	0.02622746	0.04753524	0.00842742	0.01746462
1.01950257	-0.17290745	0.01892722	0.03256725	0.01842143	0.02357173
1.02390404	-0.17389666	0.02280124	0.03684206	0.01359517	0.02210264
1.02368227	-0.17315758	0.02651938	0.04779369	0.01029667	0.02061093
1.02383373	-0.17062694	0.02968152	0.04533617	0.01130069	0.01823766
1.02456314	-0.17381512	0.04052233	0.04123720	0.00554687	0.01408259
1.01952372	-0.17287396	0.03873260	0.04751704	0.01544686	0.01752371
1.01934374	-0.17419999	0.02164888	0.05088185	0.01530933	0.01510407
1.01784868	-0.17780062	0.01709678	0.04535172	0.00759698	0.01203612
1.02049296	-0.18865654	0.02710760	0.05500350	0.01196217	0.00981817
1.01812679	-0.18084676	0.02676194	0.02498874	0.00834009	0.00962382
1.01449073	-0.18095592	0.03871347	0.06880198	0.00354520	0.01407761
1.01624343	-0.17808328	0.03283822	0.04595180	0.01791581	0.00541590
1.01223847	-0.18265643	0.02951359	0.03243291	-0.00052594	0.00683957
1.01749199	-0.17926953	0.03276496	0.05075171	0.00021376	0.01322001
1.01713875	-0.18268517	0.02859472	0.04854146	-0.00418529	0.01163906
1.01797936	-0.17553284	0.01965164	0.05261044	-0.00038545	0.01921501
1.01904288	-0.17605032	0.02172245	0.03362630	0.00379612	0.01659150
1.01826815	-0.18074471	0.01995410	0.03422522	-0.00950211	0.01974914
1.01780947	-0.17918965	0.03459913	0.04748815	-0.00442237	0.00879678
1.02289037	-0.17507192	0.02434210	0.03607381	-0.00949821	0.00101467
1.01489449	-0.17377090	0.02556649	0.02078476	-0.00536410	0.00946739
1.01542813	-0.17965584	0.03335116	0.02788286	-0.00475680	0.01331508
1.01410250	-0.17833498	0.03228518	0.03283608	-0.00668515	0.02161410
1.01527637	-0.18076385	0.02744117	0.02403124	-0.00079013	0.01126062
1.01372150	-0.18742963	0.02291263	0.00523146	-0.00639968	0.00771569
1.01389317	-0.18524518	0.03629471	0.00899572	-0.01371739	0.00657916
1.01343301	-0.18245404	0.03026461	0.00584967	0.00414694	0.00507773
1.01956733	-0.16977190	0.03274821	0.01113469	-0.00077421	0.00920243
1.01957651	-0.17021609	0.02617819	-0.00964629	-0.00604765	0.01680464
1.01505433	-0.17930194	0.03257153	0.00769311	-0.00848641	0.00247889
1.01797827	-0.18429827	0.03670449	-0.01284440	-0.00103908	-0.00398404
1.01485647	-0.18903196	0.02049776	-0.02861353	-0.00850416	0.00412212
1.01690175	-0.18507041	0.02060131	-0.00829964	-0.00988020	0.01498774
1.01467221	-0.18405796	0.01201949	0.00532944	-0.01007677	0.00998114
1.01091988	-0.18275494	0.01691359	-0.01697583	-0.01997405	-0.00086237
1.00978982	-0.17761254	0.02726104	-0.01367332	-0.01899317	0.00386831
1.01077616	-0.17964896	0.01695734	-0.02894387	-0.02277612	-0.01085520
1.01539633	-0.17995277	0.02626901	-0.01419637	-0.03619658	-0.00333625
1.01681387	-0.18393626	0.01702979	-0.02800056	-0.02733091	-0.00152387
1.01722354	-0.18004048	0.02157507	-0.01847845	-0.00842754	0.00977761
1.01768394	-0.18236009	0.01700425	-0.03537032	-0.00335613	0.01042795
