1.01393472	-0.15218977	-0.00032115	0.00478833	-0.01283805	0.01383067
1.01806889	-0.15312189	0.00612089	0.00199997	-0.00805310	0.01113122
1.02255148	-0.15293946	0.01027683	0.00146908	-0.00479326	0.00669367
1.01964147	-0.15125103	0.01148947	0.00019948	-0.01319404	0.01068124
1.01772340	-0.15432667	0.00743385	0.00380682	-0.01096433	0.00182168
1.01709875	-0.15747828	0.00558787	0.00061102	-0.01444866	0.00858711
1.01771970	-0.15737825	0.00745080	0.00212946	-0.01695674	0.01132779
1.02071907	-0.15931038	0.00370764	0.00017274	-0.01678687	0.01446181
1.01724215	-0.15532723	0.00593622	-0.00154607	-0.01344069	0.01796187
1.02169317	-0.15595312	0.00115004	-0.00017574	-0.02028157	0.01964121
1.01959499	-0.15817424	0.00259967	-0.00170303	-0.01716948	0.01506077
1.01956558	-0.15551694	0.00238832	-0.00154916	-0.00533465	0.00899186
1.01970816	-0.15781167	0.00431199	0.00126569	-0.01420398	0.01637995
1.01839323	-0.15741575	0.00281588	0.00007612	-0.01993235	0.01198268
1.02075987	-0.15921429	0.00518884	0.00204750	-0.01961733	0.01315061
1.02342519	-0.15841993	0.00642730	-0.00025987	-0.02250415	0.00941282
1.02148414	-0.15909876	0.00096215	-0.00026478	-0.02166424	0.00798285
1.02066580	-0.16318150	0.00390078	-0.00239415	-0.01517625	0.01810463
1.02088412	-0.16026645	-0.00018601	-0.00293134	-0.01739286	0.01538396
1.02022083	-0.15399480	-0.00282908	-0.00375299	-0.01532788	0.01895744
1.02056895	-0.15753667	0.00247429	-0.00801881	-0.00181424	0.01640210
1.02030448	-0.15984070	-0.00112303	-0.01366895	-0.01380003	0.02109871
1.01919330	-0.16113590	0.00084290	-0.00396109	-0.01342240	0.01340816
1.02078078	-0.15999782	-0.00506512	-0.00255903	-0.01800697	0.01570108
1.02238311	-0.15826053	-0.00114623	-0.00134323	-0.01802461	0.01172058
1.02247238	-0.16046585	-0.00369268	-0.00283596	-0.01241189	0.01022531
1.02017311	-0.16584312	-0.00432602	-0.00053432	-0.00575786	0.00728567
1.01798375	-0.16376391	0.00670731	0.00570738	-0.00471417	0.01042433
1.01815322	-0.16118462	0.00592628	0.00470868	-0.01687055	0.01175051
1.01698543	-0.15837084	-0.00253892	0.00351781	-0.00483779	0.00795123
1.01603881	-0.15668087	-0.00115338	0.00651281	-0.01593402	0.01006099
1.01697295	-0.15803864	0.00644890	0.00236748	-0.00997413	0.00945316
1.02134228	-0.16237637	0.01855168	-0.00349817	-0.00192724	0.00891308
1.01864535	-0.16295191	0.01129633	0.00055055	-0.00757422	0.00264501
1.01910926	-0.16044923	0.00028054	-0.00060299	-0.00985987	0.00252039
1.02343703	-0.15737914	0.00805473	-0.00017485	-0.00317761	0.00607636
1.02211965	-0.15898516	0.00258975	-0.00380587	-0.00197375	0.00475194
1.02262889	-0.15720296	-0.00343799	0.00234135	0.01242951	0.00713520
1.02115140	-0.15848173	0.00126567	0.00511832	0.00724911	0.00209921
1.01760926	-0.15792441	0.00379702	0.01069225	0.00243213	-0.00033177
1.01739142	-0.15627225	0.00334843	0.00381996	0.00030889	-0.00026300
1.02143152	-0.15481788	0.00160760	0.00126255	-0.00581080	-0.00125290
1.02333859	-0.15597684	0.00075621	0.00452099	-0.00009216	0.00605904
1.02230833	-0.15664566	0.00217389	0.00436419	0.00123000	0.00000123
1.02328270	-0.15713001	0.00747382	0.00105895	-0.00208766	-0.00772952
1.02180105	-0.15641755	-0.00018312	0.00341894	-0.00659317	-0.01203960
1.02298640	-0.15788945	0.00025037	0.00012375	-0.00185504	-0.00281982
1.01916305	-0.16000285	0.00274143	-0.00607789	0.00474089	0.00290189
1.02032922	-0.15834026	0.00222006	-0.00801943	-0.00055466	-0.00186200
1.02233588	-0.15761949	-0.00120181	-0.00377036	0.00393370	-0.00301154
1.02051996	-0.16276251	0.00252913	0.00354838	0.00170753	0.00118568
1.01838514	-0.16144495	0.00284375	0.00174667	0.00389072	-0.00417243
1.02105339	-0.16106075	0.00535909	-0.00123911	0.00115945	-0.00249391
1.02033023	-0.16265050	0.00035801	-0.00528170	0.00908045	-0.00363323
1.01971505	-0.16424811	0.00618339	-0.00755634	0.01474057	-0.00509053
1.01859338	-0.16537941	0.00092137	-0.00883389	0.00914036	-0.00087033
1.01740108	-0.16162545	0.00897061	-0.00778200	0.01117664	0.00095698
1.02072040	-0.16450554	0.00651349	-0.00931090	0.00677616	-0.00470445
1.02276869	-0.15995923	0.00898428	-0.00619780	0.01063044	-0.00514225
1.02672614	-0.15679622	0.00772403	-0.00582952	0.01205826	-0.01070021
1.02656179	-0.15885456	0.00822580	-0.00058282	0.01230131	-0.00737274
1.02449234	-0.15882938	0.00191279	-0.00741970	0.01061674	-0.00005415
1.02236789	-0.15730595	0.00185451	-0.00421648	0.00817332	-0.00936012
1.02359817	-0.16152143	0.00432085	-0.00274990	0.01438449	-0.00791205
1.01885560	-0.15784719	0.00525329	-0.00754569	0.00446158	-0.00847785
1.01966945	-0.15793971	0.00193364	-0.00173710	0.00069930	-0.00237745
1.02094100	-0.15683866	0.00728842	-0.00291566	0.00052447	-0.00703540
1.02157414	-0.15432747	0.00255507	-0.00477906	0.00080453	-0.00798411
1.02156403	-0.16053939	0.00442387	-0.00424470	-0.00814079	-0.00639377
1.01974821	-0.16300900	0.00310813	0.00362324	-0.00094700	-0.00592149
1.02155900	-0.16182533	0.00788636	-0.00656456	-0.00733737	-0.01264483
1.01990195	-0.15947852	0.00600952	-0.00861988	0.00179685	-0.00602395
1.02134665	-0.15968520	0.00701368	-0.01317109	-0.00225151	0.00010835
1.02183287	-0.15902737	0.00818135	-0.01194410	-0.00182139	-0.00526642
1.01773868	-0.15653572	0.01510127	-0.00983244	-0.00714555	-0.00693684
1.01878186	-0.16002826	0.00670786	-0.01160338	-0.00703985	0.00344051
1.01604057	-0.16148076	0.01000462	-0.01214657	-0.00158915	0.00630440
1.02060254	-0.16232559	0.00499316	-0.00129401	0.00427989	0.00210640
1.01985383	-0.16479617	-0.00187682	-0.00485084	0.00357428	0.00095755
1.02020904	-0.16703348	-0.00044347	0.00201448	-0.00394898	0.00011788
1.01719814	-0.16371365	-0.00328691	0.00482150	-0.00568378	-0.00110452
1.01574012	-0.15909577	-0.00592308	-0.00144293	-0.00697487	0.00224823
1.01768262	-0.15841744	-0.00440207	-0.00521759	0.00680478	-0.00060947
1.02201535	-0.15612521	-0.00167922	-0.00167734	0.00210294	0.00580498
1.02018951	-0.15819276	-0.00492943	-0.00319316	-0.00987288	0.00353240
1.02218301	-0.15746876	-0.00302974	-0.00121023	-0.01258683	0.00494571
1.02328137	-0.16149547	-0.00743854	-0.00297584	-0.00776703	0.01272686
1.02162228	-0.15980777	-0.00648243	-0.00840494	-0.00442653	0.00862359
1.02386428	-0.15991973	0.00069836	-0.00903841	-0.00014038	0.00404545
1.02168911	-0.16187834	0.00154304	-0.01028615	-0.00552000	0.00702731
1.02270872	-0.16276557	0.00002480	-0.00587157	-0.00295436	0.00388346
1.02037399	-0.16217952	-0.00024988	-0.00434818	-0.00076361	0.00001853
1.01598320	-0.16432206	0.00554335	-0.00588770	-0.00422375	0.00575640
1.01791895	-0.16205523	0.00752076	-0.00829953	-0.00740484	0.00174416
1.01766863	-0.15989121	0.00503877	-0.00710831	-0.00606471	-0.00589029
1.01857147	-0.15693517	0.00855091	-0.00346659	-0.00493232	-0.00263245
1.02056690	-0.16121777	0.01049521	0.00356403	-0.00478743	-0.00036143
1.02120609	-0.15933268	0.00659470	-0.00462688	-0.00659577	0.00388584
1.02661300	-0.16449941	0.00373057	-0.00443006	-0.00384223	0.00427973
1.02274865	-0.16503111	-0.00330806	-0.00685776	-0.00254570	0.00435034
1.01832077	-0.16301783	-0.00365285	-0.00428387	-0.00014062	-0.00265096
1.02083725	-0.16322801	0.00918825	-0.00034436	-0.00455480	-0.00127350
1.01939062	-0.16399312	0.00198374	0.00754345	-0.00903356	0.00267262
1.02251895	-0.16290779	0.00635586	0.00645419	-0.02067109	-0.00057318
1.02036139	-0.16093332	0.00405011	-0.00006092	-0.01449259	0.00370130
1.02267570	-0.15920575	0.00559719	0.00496751	-0.00930182	0.00599905
1.02040033	-0.15672426	-0.00515653	-0.00386083	-0.00438224	0.00795096
1.02016335	-0.16090720	-0.00726345	0.00181519	-0.01165337	-0.00007579
1.02119497	-0.16214350	-0.00777649	0.00045826	-0.00859636	-0.00286302
1.02105681	-0.16239474	-0.00429159	-0.00057177	0.00278708	-0.00144489
1.01869488	-0.15899999	-0.01121719	0.00278609	-0.00355814	0.00409084
1.02050885	-0.16157207	-0.00780826	-0.00172992	-0.00579011	0.00570238
1.01987014	-0.16169094	-0.00169688	-0.00198491	-0.00885903	0.00111389
1.01869777	-0.16385707	-0.00394535	-0.00160367	-0.00923034	0.00152209
1.01932065	-0.16330511	-0.00574112	0.00093670	-0.00704708	0.00206460
1.02151454	-0.16079900	-0.00446067	-0.00139211	-0.01316819	0.00381885
1.02110291	-0.15879441	-0.01255175	-0.00743648	-0.01215220	0.00249569
1.02537750	-0.15644706	-0.00255880	-0.00691541	-0.00720536	0.00081352
1.02252286	-0.16142084	-0.00753960	-0.00437618	-0.01068856	-0.00154873
1.02108150	-0.16661447	-0.00590469	-0.00177069	-0.00125414	-0.00212844
1.02299439	-0.17075574	-0.00441422	-0.00445245	-0.00308192	0.00154027
1.02121293	-0.16074216	-0.00265191	-0.00352951	-0.00120802	0.00901995
1.01769125	-0.16190817	0.00070651	-0.00044005	-0.00096160	0.00333272
1.02296355	-0.16494152	0.00185588	0.00383873	-0.00209052	-0.00607249
1.02483144	-0.16636559	0.00541151	0.00690569	-0.00579982	-0.00518285
1.02427002	-0.16375510	-0.00574224	0.00320230	0.00150860	-0.00031047
1.02422832	-0.15716534	-0.00706697	-0.00141032	0.00370171	0.00036590
1.02465658	-0.15879831	-0.01485551	-0.00571748	0.00545562	-0.00502534
