0.79009218	0.42080151	0.45890034	0.00789480	-0.02086545	0.01673023
0.78793288	0.41613075	0.45891618	0.00300804	-0.02851000	0.01106583
0.78719041	0.41707535	0.46030921	0.00360467	-0.02054997	0.01366092
0.78480132	0.42060316	0.46761153	0.00167700	-0.01787999	0.01047765
0.78491655	0.42392029	0.46631641	-0.00124917	-0.00189167	0.01578413
0.78698480	0.42451145	0.46978668	0.00002853	-0.00465449	0.01616070
0.78376527	0.41954751	0.47530326	0.00077510	0.00001453	0.01421866
0.78739822	0.42021853	0.47195250	0.00136040	-0.01732530	0.01521964
0.78686744	0.41486777	0.46868211	0.00224454	-0.02426615	0.01562787
0.79062808	0.41566085	0.46033350	0.00175515	-0.01556556	0.00773375
0.78974264	0.41344837	0.46386010	0.00697749	-0.02035549	0.00754059
0.79090542	0.41147940	0.46291389	-0.00101814	-0.03375818	0.00728320
0.79308525	0.41537089	0.46419927	0.00272629	-0.01550984	0.00762540
0.79345380	0.40919993	0.46848777	-0.00532272	-0.01282676	0.01727698
0.78809640	0.41229282	0.46818172	-0.00338967	-0.00239462	0.00685813
0.79108659	0.41990454	0.47219087	-0.00102292	0.00478577	0.00849882
0.79092336	0.41894925	0.46808040	-0.00008036	-0.01141564	0.00203202
0.78781029	0.42010616	0.46970114	-0.00074563	-0.00384222	0.00784743
0.78798127	0.42200876	0.46569699	-0.00155709	-0.01248656	0.00541028
0.78842520	0.42125092	0.46351246	0.00038524	-0.00834295	-0.00223904
0.78798082	0.41812938	0.47109737	0.00385437	-0.01726629	0.01283435
0.78537360	0.41406786	0.46930400	-0.00475673	-0.00222490	0.00868237
0.78716126	0.41492783	0.46509730	-0.01215425	0.00151405	0.00944943
0.78506632	0.42300822	0.46710048	-0.00900702	0.00910202	0.01119462
0.78567439	0.42340301	0.47415706	-0.00743661	0.00621349	0.01268735
0.78720030	0.42198263	0.47572595	-0.01045827	-0.00037712	0.00659611
0.78697716	0.42109969	0.47111395	-0.00686610	0.00849099	0.00266847
0.78616334	0.41715036	0.47622092	-0.00300563	-0.00318854	0.00795472
0.78634197	0.41600381	0.48098039	-0.00647398	-0.00543654	0.00998648
0.78616054	0.41989944	0.46848106	0.00050199	-0.01403069	0.00582870
0.78897161	0.41714141	0.46590864	0.00019707	-0.00510299	0.00048034
0.78991562	0.41870592	0.46053014	0.00253008	-0.00391083	0.00303177
0.78649650	0.41998402	0.46268034	-0.00155775	0.00133785	0.00336430
0.78628068	0.42335609	0.47336330	-0.00348238	-0.00433987	-0.00254807
0.78567643	0.42437376	0.46833108	-0.00568762	0.00456269	0.00921044
0.78738651	0.41714608	0.46921773	-0.00104662	0.00367378	0.01180848
0.78898931	0.41393074	0.46969789	-0.00391474	0.00560435	0.00820191
0.78521793	0.41827646	0.46576861	-0.00422895	0.01378070	0.00390401
0.78910516	0.42028081	0.46627556	0.00151901	0.00744860	-0.00141711
0.78882781	0.41665296	0.46395783	-0.00555445	0.00532899	-0.00681499
0.79035543	0.41590299	0.47286386	-0.00480144	-0.00153621	0.00313496
0.78806398	0.41286961	0.46689488	0.00034241	0.00375868	0.00453416
0.78527995	0.41643990	0.46389113	-0.00434869	0.00254589	0.00540242
0.78581415	0.41914235	0.46489483	-0.00128132	0.00742595	0.00224098
0.78786921	0.41812752	0.46455031	-0.00125045	0.00465217	0.00519127
0.78861387	0.42207942	0.46947304	0.00226315	-0.00223762	0.00966239
0.78477456	0.42228498	0.47760534	0.00769258	0.00086393	0.00542581
0.78542815	0.42054345	0.47332323	0.01194796	-0.00926140	0.00318761
0.78917725	0.41669682	0.47331339	0.00966829	-0.00534326	0.01296863
0.79123847	0.41180464	0.47020181	0.00563974	0.00129635	0.00533727
0.78763179	0.41578446	0.46796390	0.00141439	-0.00362212	0.00442076
0.78625305	0.41446163	0.46794106	0.00324278	-0.01414018	0.00220864
0.78688518	0.41592610	0.47409297	-0.00281407	0.00083012	-0.00354808
0.78524948	0.41878414	0.46983073	-0.00260902	-0.01451991	-0.00677037
0.78927540	0.41291355	0.46225507	-0.00349127	0.00106831	0.01097023
0.79028702	0.41498053	0.46527117	-0.00622862	0.00628143	-0.00042691
0.79123176	0.41478871	0.46354601	-0.00564265	-0.01533292	-0.00680526
0.78850088	0.41551235	0.46633534	-0.00024412	-0.02061219	-0.00280017
0.78511586	0.41697563	0.46403780	0.00266376	-0.01911731	-0.00357752
0.78747496	0.42377702	0.46802279	0.00294482	-0.01517288	-0.00421577
0.78772976	0.42572031	0.46951840	0.00031332	-0.01881688	0.00514471
0.79032259	0.42133585	0.46552473	0.00312897	-0.00513919	0.00769339
0.78929669	0.41961474	0.46785389	0.00763716	-0.01935253	0.01311084
0.78688113	0.41794073	0.47228622	0.01095436	-0.01857314	0.01852194
0.79002417	0.41407846	0.46102661	0.00936645	-0.02732767	0.01601644
0.78905642	0.41596532	0.46388648	0.01276505	-0.01225184	0.01504251
0.79008410	0.41884226	0.46574642	0.01749269	-0.01705013	0.01584116
0.78941476	0.42112840	0.46600029	0.00769884	-0.00192742	0.01365992
0.79120772	0.42163535	0.46911871	0.00328711	-0.00137584	0.01222490
0.79132791	0.41670575	0.46363170	-0.00701051	0.00986111	0.00882874
0.79151001	0.41787222	0.46432965	-0.00869335	0.01712409	-0.00078119
0.79371821	0.41398813	0.45863732	-0.01101995	0.01385279	-0.00574941
0.79798636	0.41269955	0.45785654	-0.00816192	0.02821997	-0.00329647
0.79621076	0.40895936	0.45534827	-0.00734808	0.02962668	-0.00816030
0.79374993	0.41340452	0.45928343	-0.00573709	0.01699955	-0.00500866
0.79063063	0.41622903	0.46686044	0.00622587	0.00474648	-0.00359009
0.79010328	0.41512206	0.46403444	0.00130909	-0.00327084	-0.00354140
0.78802718	0.41447718	0.46544825	0.00124652	0.01757817	-0.00261443
0.78574975	0.41158199	0.47020968	-0.00814844	0.02518561	-0.00846026
0.78523701	0.41477745	0.46785801	0.00015597	0.01700595	-0.00442328
0.78802351	0.41518861	0.46848104	0.01180654	0.01259539	-0.00464367
0.78616449	0.41311489	0.47299356	0.00412394	0.00915840	0.00874529
0.78645896	0.41627322	0.46762965	0.00186379	0.00491412	-0.00018562
0.79096076	0.41771314	0.47069422	0.00429937	0.01078628	-0.00202388
0.79237158	0.41664548	0.46986136	-0.00010317	0.00980850	-0.00593479
0.78832943	0.41640346	0.46793400	-0.00058541	0.00649450	-0.00929029
0.78712167	0.41668295	0.46732744	0.00208584	0.00931039	-0.00538992
0.78651725	0.41957205	0.46569187	0.00242013	0.00134726	-0.00558546
0.78705636	0.41375043	0.46752692	0.00644874	0.00568925	-0.00731438
0.78621203	0.41632794	0.46668244	-0.00408026	-0.00270485	-0.00338431
0.79045190	0.41193436	0.46861189	-0.00479713	-0.00137840	-0.00100769
0.78819844	0.40955142	0.46535601	-0.00697608	0.00993992	-0.00029479
0.79116901	0.40628935	0.46535688	0.00247483	-0.00189926	-0.00560523
0.79027568	0.40921080	0.46716828	0.00202283	0.00373974	-0.00750857
0.78824611	0.41317654	0.47510622	-0.00356873	0.00550411	-0.00241615
0.78970629	0.41306457	0.47035780	-0.00535566	0.01119227	-0.01273417
0.78663355	0.41722612	0.46454981	-0.00307407	0.00748431	-0.01319255
0.78241098	0.42388126	0.46437203	0.00072533	-0.00039418	-0.01646237
0.78339494	0.42446128	0.45793621	0.00029706	0.01569596	-0.00682077
0.78419274	0.42269183	0.46141423	-0.00320562	0.00419248	-0.00589289
0.78821378	0.42180037	0.46802393	-0.00504187	-0.00300055	-0.00515554
0.79097784	0.41688788	0.47068964	-0.00347814	0.00519800	-0.00040255
0.79143171	0.41331252	0.46908841	-0.00649829	0.00311455	-0.00095470
0.79073742	0.41625855	0.46446771	-0.01175457	0.00768266	-0.00099356
0.78702283	0.41445408	0.46423590	-0.00129607	0.01999573	-0.00495601
0.78568217	0.41680197	0.46170066	0.00624265	0.01713559	-0.00376668
0.78826197	0.42198555	0.46080012	0.00085892	0.01182395	0.00067535
0.78671712	0.42211088	0.46196156	-0.00034430	-0.00267629	-0.00484862
0.78337789	0.41613082	0.46893170	0.00014987	0.01192335	-0.00203244
0.78569304	0.42039053	0.46902398	-0.00295926	0.00317401	-0.00821197
0.78898449	0.42128411	0.47197365	-0.00003268	0.00036696	-0.00885214
0.78815128	0.41362520	0.46425379	-0.00387815	0.00790350	-0.01236308
0.79151469	0.41811054	0.46863822	-0.00513908	0.01431771	-0.00808358
0.78991501	0.41557283	0.47856748	-0.00310657	0.00763873	-0.01022240
0.78864825	0.41584161	0.47725756	0.00120953	0.00687964	-0.01339284
0.79138828	0.41486097	0.46719246	0.00094665	0.00388030	-0.00690143
0.79138488	0.40985396	0.46304533	0.00452123	0.00316911	-0.01032501
0.79198847	0.41151502	0.46667833	-0.00025281	0.01913201	-0.01043461
0.78845662	0.41453292	0.47197236	0.00409827	-0.00049538	-0.00722477
0.78642094	0.41442584	0.46570130	0.00268536	0.00077873	-0.00955221
0.79132362	0.41126163	0.46611592	0.00350391	0.01450005	-0.00755203
0.79258038	0.41650391	0.46375223	-0.00634321	0.02111148	-0.00281098
0.79109998	0.41397150	0.46170331	-0.00046005	0.01425661	-0.00595190
0.79187535	0.42220608	0.46915327	-0.00106624	0.01505105	-0.00273522
0.79162227	0.41229960	0.46793572	-0.00202061	0.00799578	-0.01089720
0.79114712	0.41365429	0.47286143	-0.00612617	0.00256293	-0.00218759
0.79163470	0.41328295	0.46894965	-0.00138091	0.00165123	-0.00547907
0.79105508	0.41230606	0.47160691	-0.00197288	-0.00170029	-0.00900888
