-0.05731918	0.57426141	0.82235612	-0.00079356	-0.00013226	0.00961391
-0.05505161	0.57811603	0.81336409	-0.00028253	-0.00418780	0.00561276
-0.05815241	0.57869324	0.81622193	-0.00300102	-0.00181475	0.00902169
-0.05535095	0.57869449	0.83152122	-0.00213214	0.00444761	0.00015652
-0.05167022	0.57854048	0.82375778	-0.00420972	0.00724874	0.00184564
-0.05139359	0.57736917	0.83099918	-0.00563043	0.00471263	-0.00069998
-0.05835731	0.57817928	0.83605898	0.00223476	0.00499629	0.00313233
-0.05569972	0.57614504	0.83257707	0.00557391	0.00325801	0.00648715
-0.05790293	0.57426068	0.83351392	-0.00063686	0.00417486	0.00648037
-0.05876561	0.57583294	0.82681062	-0.00104174	-0.00238517	0.00340311
-0.06029571	0.57686142	0.82357483	0.00358555	-0.00165476	0.00091273
-0.06440665	0.57953319	0.81869330	0.00951406	-0.00647395	0.00278034
-0.06111789	0.57952110	0.82372655	0.00328300	-0.00213456	0.00229639
-0.05878600	0.57881452	0.82773629	0.00410851	-0.00032910	0.00297693
-0.06057621	0.57974195	0.83402485	0.00674827	-0.00251545	0.00461566
-0.05564697	0.57855742	0.82881843	0.00428056	-0.00261788	0.00360117
-0.05773979	0.57810015	0.82996465	-0.00214383	-0.00118801	0.00225436
-0.06048343	0.57501917	0.83475994	0.00098619	0.00441198	-0.00222763
-0.05526397	0.57695206	0.83081228	-0.00256961	0.00405374	-0.00066177
-0.05233091	0.57834319	0.83264475	0.00034793	0.00099816	-0.00179051
-0.05322937	0.57799501	0.83080136	-0.00105137	0.00369449	-0.00355933
-0.05766911	0.58064240	0.83319476	0.00092443	-0.00077342	-0.00659179
-0.06352151	0.58003478	0.82329406	0.00010545	-0.00425441	-0.00052755
-0.06345071	0.57673655	0.82759158	0.00096201	-0.00104820	0.00228785
-0.05749600	0.57724861	0.82975990	0.00160031	0.00025203	-0.00023627
-0.05690899	0.57635517	0.82446802	0.00246157	-0.00012615	-0.00422709
-0.05259224	0.57962023	0.82786209	0.00198918	-0.00466944	-0.00471138
-0.05443835	0.57729113	0.82596796	0.00045925	-0.00470746	-0.00234661
-0.05389672	0.57789661	0.82666873	0.00068237	0.00381235	-0.00109833
-0.05533776	0.58104507	0.83203147	0.00319261	0.00249486	-0.00123754
-0.05994754	0.57635320	0.82893444	-0.00347252	-0.00049317	-0.00204511
-0.06039246	0.57849672	0.83836114	-0.00480293	-0.00500678	0.00277363
-0.06309124	0.57884021	0.83399156	0.00173649	-0.00093554	0.00749180
-0.05533905	0.57690315	0.83884800	-0.00397145	-0.00441544	0.00805699
-0.05553177	0.57695768	0.83033813	-0.00699877	-0.00757401	0.00268358
-0.05175203	0.57879577	0.82856716	-0.00902485	0.00165551	0.00222396
-0.05351432	0.57747004	0.83333920	-0.00565292	0.00331908	0.00177739
-0.05516963	0.57791440	0.83255260	-0.00908405	0.00044444	-0.00337703
-0.05279730	0.57513536	0.83723488	-0.00792275	-0.00415598	-0.00203500
-0.05495196	0.57317921	0.82605288	-0.00584371	-0.00319613	-0.00215309
-0.05878476	0.57628015	0.81826020	-0.00641168	0.00041195	-0.00761863
-0.06052684	0.57474200	0.82734536	-0.00626656	-0.00000401	-0.00054832
-0.06135211	0.57192930	0.82576469	0.00106028	0.00407248	0.00043244
-0.06090061	0.57540986	0.82477648	0.00251066	0.00773137	-0.00002281
-0.06114799	0.57682483	0.82421284	0.00001896	0.00044198	0.00112891
-0.05755611	0.57405016	0.82402517	0.00145041	-0.00776753	-0.00504724
-0.05996365	0.57912333	0.82941425	0.00761482	-0.01269334	-0.00318367
-0.05804448	0.57977734	0.82611812	0.00525901	-0.00023637	0.00141803
-0.06069910	0.58132908	0.83132517	-0.00406950	0.00253585	0.00055997
-0.06302709	0.57878290	0.83052456	-0.00364147	-0.00177434	0.00233641
-0.06188875	0.57472345	0.83482104	-0.00217473	-0.00709447	0.00687962
-0.05334520	0.57397647	0.82992721	-0.00027857	0.00152825	0.00456306
-0.05065105	0.57546160	0.83009046	-0.00387591	0.00503478	-0.00102634
-0.05197664	0.58097499	0.83044354	-0.00872172	0.00215326	-0.00081945
-0.05624221	0.58177106	0.83196907	-0.00378735	0.00354663	-0.00044220
-0.05408950	0.57869535	0.83153942	-0.00464332	0.00248994	0.00144650
-0.05964493	0.57798690	0.83697675	-0.00629879	0.00214765	0.00199328
-0.05727689	0.57851863	0.82930678	0.00292885	0.00429829	-0.00116919
-0.05952178	0.57809088	0.82630590	0.00366407	0.00539207	0.00114731
-0.05746097	0.57614536	0.82778817	0.00540647	0.00102032	-0.00105777
-0.06081567	0.57420804	0.83974793	-0.00040972	-0.00609877	0.00056216
-0.06195812	0.57283472	0.83463323	-0.00109314	-0.00571478	-0.00068034
-0.06204578	0.57573558	0.83360049	0.00532944	-0.00812902	-0.00373459
-0.05876461	0.58038835	0.83429036	0.00122841	-0.00633162	0.00116211
-0.05827910	0.57677570	0.83404769	0.00494244	-0.00374528	0.00526034
-0.05742842	0.57810877	0.82755524	0.00082779	-0.00331834	0.00415154
-0.05164440	0.57881801	0.82474844	-0.00223001	-0.00395098	-0.00070760
-0.04934792	0.58081662	0.82815976	-0.00244168	0.00020370	-0.00326228
-0.05453849	0.57842083	0.82166127	-0.00302705	0.00681573	0.00022988
-0.05915247	0.57911382	0.83008717	-0.00180300	0.00609538	-0.00366181
-0.05727779	0.57410377	0.83413642	-0.00429394	0.00150428	-0.00014488
-0.05586091	0.57724110	0.83621716	-0.00518980	-0.00179684	-0.00358409
-0.05487321	0.57373105	0.83598944	-0.00294458	-0.00142384	0.00020188
-0.05875463	0.57491395	0.83039808	-0.00488765	-0.00104480	-0.00503548
-0.05516233	0.57704854	0.83909262	0.00110926	-0.00062327	-0.00706833
-0.05479749	0.57718000	0.84255178	0.00344452	0.00100178	-0.00803785
-0.05822121	0.57438276	0.83683674	-0.00123551	0.00578435	-0.00890071
-0.05994022	0.57513877	0.83991753	0.00061919	-0.00153397	-0.01000406
-0.06090937	0.57877465	0.83397999	-0.00149903	0.00067978	0.00417454
-0.06276412	0.57643156	0.83179501	-0.00299364	-0.00166509	0.00046895
-0.06144531	0.57673286	0.83612894	-0.00519256	-0.00585875	-0.00243092
-0.05879118	0.57782264	0.82595988	-0.00314187	-0.00229520	0.00269055
-0.05666585	0.58098812	0.82943430	-0.00488958	-0.00318307	0.00203810
-0.05624206	0.57732428	0.82819848	-0.00377103	-0.00310120	0.00254400
-0.05745953	0.57956355	0.82564345	-0.00387179	-0.00008529	-0.00047738
-0.05634980	0.57815663	0.82930670	-0.00510388	-0.00112654	-0.00359895
-0.05809484	0.57595100	0.83239403	-0.00755320	0.00036394	-0.00297827
-0.05631982	0.57755950	0.82840403	-0.00125203	0.00052069	0.00103056
-0.05819651	0.57667419	0.82577658	-0.00182535	-0.00029197	-0.00561499
-0.06046331	0.57842117	0.81921429	0.00105650	-0.00006501	-0.00439648
-0.05918251	0.57651061	0.82746333	-0.00102305	0.00259177	-0.00499001
-0.06324494	0.57667180	0.82896730	-0.00136941	0.00133516	-0.00069824
-0.05996964	0.57735861	0.82956147	0.00114560	0.00095281	0.00263470
-0.06354229	0.57786176	0.82668961	0.00168029	0.00077207	0.00147126
-0.06507478	0.57749633	0.82800144	0.00374404	-0.00023695	-0.00118383
-0.06168834	0.57679776	0.83165785	0.00238150	-0.00352097	0.00585659
-0.06168456	0.58018026	0.83375159	0.00059628	-0.00761710	0.00672828
-0.05996190	0.57928551	0.83264766	-0.00498300	-0.00649356	0.00683142
-0.05712666	0.58007287	0.82868653	-0.00077896	-0.00416818	-0.00309204
-0.05620343	0.57845448	0.83107500	-0.00412288	-0.00211618	-0.00380757
-0.05680806	0.57786059	0.82778856	-0.00413902	0.00171994	-0.00332832
-0.05682433	0.57715570	0.83579207	-0.00722935	0.00492253	0.00009812
-0.05429738	0.57418322	0.82848020	-0.01033967	0.00532751	-0.00248586
-0.05864620	0.57422802	0.82998239	-0.00778072	0.00019292	-0.00022520
-0.05980619	0.57655944	0.82875702	-0.00195918	-0.00359319	0.00973927
-0.05817184	0.57897981	0.81973928	0.00840026	-0.00118764	0.00499252
-0.05885143	0.57657005	0.82654661	0.00418668	-0.00117677	-0.00030462
-0.06184433	0.57752135	0.83577516	0.00227513	0.00118847	-0.00139594
-0.06154365	0.57908636	0.83221128	0.00349569	0.00240698	-0.00080404
-0.06431868	0.58042708	0.82799729	0.00619742	0.00298686	0.00405713
-0.05969393	0.57746829	0.82585565	0.00912089	-0.00239943	0.00783119
-0.05743665	0.57340250	0.82837331	0.00641939	-0.00068067	0.00414081
-0.05722889	0.57676457	0.82799342	0.00136613	-0.00448082	0.00166381
-0.05404705	0.57897298	0.82806688	0.00188943	0.00005954	0.00033279
-0.05598761	0.57770154	0.82552085	0.00080487	0.00023001	-0.00020126
-0.05358864	0.58283285	0.82964158	-0.00195019	-0.00284360	0.00232293
-0.05247066	0.58166953	0.83170084	-0.00329820	-0.00007891	-0.00073341
-0.05645174	0.57459855	0.83866509	-0.00400944	0.00123789	0.00048991
-0.05716313	0.57302762	0.83414162	-0.00027033	-0.00005825	0.00119991
-0.06274213	0.57000543	0.83815397	-0.00283033	-0.00321129	0.00567121
-0.06370517	0.57073656	0.83442937	-0.00040186	-0.00305880	0.00258751
-0.06023671	0.57183731	0.83352027	0.00388625	0.00020246	0.00135131
-0.05719947	0.57162305	0.82977835	0.00519469	-0.00149427	-0.00099559
-0.05716036	0.57185353	0.82450466	-0.00140250	0.00104882	-0.00278134
-0.05553865	0.57762274	0.83263161	0.00029440	0.00858575	-0.00710976
-0.05875408	0.58406212	0.83172341	0.00485377	0.00610971	-0.00162695
-0.06034721	0.58140115	0.82788467	0.00205023	0.00195463	-0.00385762
-0.06342860	0.58121557	0.82318994	0.00124601	0.00159939	0.00067778
