-0.00783416	0.61797425	0.79526180	0.19104356	-0.14738919	0.22799945
-0.00716502	0.61333132	0.79951260	0.24536936	-0.16217471	0.22889995
-0.00968780	0.61729101	0.80384795	0.24315087	-0.17099875	0.24381255
-0.00782379	0.62520654	0.81180307	0.22488995	-0.15787566	0.24999611
-0.00755906	0.62388064	0.80743736	0.23759005	-0.12303636	0.21905678
-0.00297473	0.62134876	0.80411589	0.23651328	-0.12798216	0.22859364
-0.01030783	0.62149699	0.79821076	0.22066213	-0.15640131	0.21845157
-0.01509994	0.62139841	0.79487013	0.21957945	-0.15034072	0.24803450
-0.01731594	0.62111720	0.80293764	0.22181008	-0.14514123	0.22897764
-0.00965710	0.61903474	0.79271204	0.20106809	-0.17067257	0.22344491
-0.00642483	0.61859270	0.79192460	0.19348177	-0.15418559	0.20828740
-0.00843102	0.61397870	0.79289674	0.21556438	-0.16843928	0.17787364
-0.00960409	0.60908213	0.79909853	0.22565056	-0.15933515	0.23845669
-0.00627582	0.60756379	0.80362042	0.18543113	-0.16482787	0.23465856
-0.00606892	0.61315285	0.80481785	0.19347843	-0.15451327	0.21434737
-0.00537923	0.61803151	0.80605217	0.17315626	-0.14001746	0.19846971
-0.00494332	0.62022811	0.80065768	0.19819119	-0.14514254	0.17356630
-0.00945557	0.61658043	0.79780301	0.19200200	-0.13536609	0.19161044
-0.01222205	0.62029057	0.80067181	0.21587115	-0.12667037	0.22850106
-0.01381050	0.62253332	0.80386380	0.16463751	-0.15379366	0.18844395
-0.00932688	0.62300978	0.80620311	0.17821525	-0.14651090	0.24149882
-0.00461683	0.61883299	0.79751150	0.18529461	-0.14270942	0.20465430
-0.00363615	0.61945780	0.78737200	0.10911445	-0.13557238	0.21084123
-0.01008860	0.61866028	0.79499970	0.19254566	-0.15738570	0.20458250
-0.00708664	0.62172960	0.80293919	0.18826475	-0.14462862	0.21520382
-0.00540022	0.62166904	0.79741709	0.19780268	-0.14044551	0.19317524
-0.00597044	0.62156662	0.79916534	0.15953467	-0.10876063	0.15857785
-0.00681983	0.62338377	0.80210394	0.17585801	-0.14988367	0.18945376
-0.00954039	0.62182712	0.80364419	0.18827377	-0.14288215	0.19518067
-0.01275092	0.61475129	0.79838926	0.17946477	-0.14291556	0.19893044
-0.01076260	0.61220870	0.79983547	0.17094694	-0.14558996	0.17756068
-0.01112875	0.61234787	0.80334477	0.16045095	-0.13897206	0.18179477
-0.01034889	0.61875093	0.80746388	0.14721822	-0.13181118	0.17956252
-0.01464486	0.61811350	0.80421410	0.11114952	-0.13168140	0.16691737
-0.00932376	0.62068180	0.80349071	0.13446589	-0.14485621	0.17957632
-0.00806093	0.62122585	0.80614698	0.17510382	-0.13679152	0.16353053
-0.00427442	0.61893148	0.80404565	0.15188819	-0.13242517	0.17145629
-0.00545600	0.62363961	0.79882859	0.15416887	-0.12738794	0.17689638
-0.00967312	0.62179904	0.79629721	0.18590149	-0.12145570	0.20673305
-0.00649260	0.61528194	0.79885499	0.14438508	-0.11521361	0.19142702
-0.00580270	0.61990466	0.79906902	0.14677401	-0.11980714	0.13608005
-0.00703583	0.61929296	0.80104319	0.12594802	-0.12868452	0.15841320
-0.00808510	0.61713906	0.80672431	0.14662222	-0.12753945	0.18517389
-0.00966795	0.61898136	0.81075792	0.11970838	-0.12770021	0.17697937
-0.00780327	0.62040272	0.80367102	0.08846621	-0.11479998	0.19139565
-0.00921337	0.62010356	0.80134773	0.14222946	-0.10727743	0.15267696
-0.00707211	0.61603263	0.80318823	0.10012749	-0.11142390	0.17717459
-0.00448972	0.61207969	0.80270367	0.10816564	-0.14143879	0.10876086
-0.00578557	0.61928234	0.80519387	0.08627911	-0.11610642	0.13066039
-0.00481076	0.62013341	0.81258558	0.13463496	-0.10082532	0.12510378
-0.00019291	0.61623639	0.81146081	0.11552053	-0.12551501	0.15841462
-0.00151542	0.62056202	0.79866353	0.13626173	-0.10415039	0.11073790
-0.00536233	0.61936918	0.79177517	0.14370027	-0.10096460	0.11640973
-0.00800487	0.62198202	0.79721204	0.11268501	-0.11205909	0.11492105
-0.01830851	0.62360599	0.80588761	0.13998498	-0.12795834	0.15898977
-0.01423235	0.62442875	0.79772011	0.10369456	-0.10640920	0.13152794
-0.00924937	0.61817587	0.79709591	0.09400723	-0.10015404	0.13612425
-0.01349777	0.61992070	0.80451207	0.10264535	-0.11539240	0.13745000
-0.01119494	0.61818059	0.79877425	0.07580582	-0.09472067	0.14323128
-0.01414032	0.61788149	0.80381371	0.12298637	-0.10568618	0.09621825
-0.01003449	0.61773037	0.79894596	0.11806349	-0.10561465	0.14393264
-0.00778519	0.61036631	0.80507560	0.09663739	-0.09056232	0.13938440
-0.01002629	0.61364260	0.81589401	0.11643595	-0.09843213	0.10598522
-0.00442669	0.61553795	0.81370820	0.09584167	-0.08832126	0.10400310
-0.01094301	0.61441782	0.80559186	0.09234806	-0.10699828	0.13021001
-0.01059492	0.61806811	0.79945563	0.10202478	-0.10297251	0.13764129
-0.01201021	0.61809118	0.79789739	0.09950694	-0.08017204	0.11730070
-0.00963869	0.61809983	0.79790603	0.10803022	-0.09510497	0.12490820
-0.01147438	0.61546729	0.79309098	0.07094554	-0.11089247	0.10201695
-0.00826908	0.61422786	0.79667767	0.08132524	-0.10390184	0.10819766
-0.01534389	0.61474630	0.79576485	0.06568506	-0.08360985	0.11870543
-0.01359408	0.61812672	0.80099879	0.05922962	-0.09715321	0.10812822
-0.01589000	0.62022366	0.80822396	0.08292955	-0.11525145	0.13773448
-0.01256420	0.61968934	0.80723937	0.06123333	-0.09285002	0.08115661
-0.01360152	0.61368408	0.80097707	0.09458014	-0.09484112	0.11325435
-0.01263680	0.61642396	0.80352045	0.07295179	-0.11120663	0.10284929
-0.01042864	0.61596226	0.79628994	0.08794966	-0.08012189	0.12728625
-0.00913623	0.61349665	0.79448488	0.08697394	-0.09098669	0.09251844
-0.00701650	0.61298038	0.79664750	0.11459357	-0.08342905	0.08573350
-0.00611910	0.62154829	0.79954455	0.08176224	-0.08527816	0.10744106
-0.01041698	0.61870887	0.80358476	0.07814549	-0.08418831	0.09510810
-0.00675493	0.61559610	0.81307796	0.09159708	-0.08619464	0.09436363
-0.00832966	0.61437860	0.80771853	0.06328081	-0.07893975	0.08031591
-0.00434137	0.61186620	0.80898508	0.05887461	-0.08417689	0.13076083
-0.00215051	0.61182265	0.80679416	0.10483246	-0.08594108	0.08728440
-0.01114476	0.61449474	0.80875081	0.08718222	-0.08518948	0.06342407
-0.01706312	0.61957681	0.79763599	0.12903955	-0.09128577	0.09744120
-0.01284694	0.61866573	0.79127999	0.06382766	-0.10179174	0.07668342
-0.01259997	0.61622503	0.79205567	0.07338238	-0.08994581	0.06819010
-0.01182513	0.62130254	0.80107721	0.05427184	-0.08323536	0.06003350
-0.00356241	0.61974209	0.79938813	0.07427646	-0.08943131	0.12658903
-0.00568018	0.61575144	0.80274124	0.05167042	-0.07595873	0.11254134
-0.00639331	0.61307391	0.79802753	0.02853049	-0.07418893	0.05685867
-0.00562947	0.61302963	0.80129449	0.03263481	-0.05995923	0.10682039
-0.01154135	0.61981398	0.80850292	0.03946893	-0.06959556	0.05430015
-0.01345716	0.62036214	0.79962991	0.02986964	-0.07092366	0.08704650
-0.01637270	0.62365854	0.80124600	0.06146310	-0.06811974	0.06746445
-0.01399002	0.61837320	0.80256174	0.05105425	-0.09325809	0.05433220
-0.01951214	0.62403580	0.80153978	0.05254349	-0.06691454	0.11014463
-0.01589597	0.61800000	0.80215444	0.05122165	-0.05908151	0.07845446
-0.01152410	0.61894104	0.80022844	0.04306775	-0.06847210	0.06320845
-0.01035642	0.61542794	0.80009750	0.07132230	-0.06262477	0.08694300
-0.00881663	0.61749600	0.80460290	-0.00195145	-0.08549911	0.06730832
-0.00536285	0.61534613	0.80526510	0.03732440	-0.04960352	0.04389341
-0.00752165	0.61557810	0.80950306	0.02934787	-0.06223519	0.08043006
-0.00527540	0.61490385	0.80322971	0.01874536	-0.04836953	0.00511539
-0.00812464	0.61158886	0.80105713	0.02877043	-0.06961740	0.08235590
-0.01457907	0.61616023	0.80679769	0.01770989	-0.06653640	0.06263236
-0.01273799	0.61682057	0.80632245	0.04372209	-0.05261388	0.07575631
-0.01695477	0.61811462	0.80133695	0.02870336	-0.05629945	0.06685753
-0.01292614	0.61545525	0.80152143	0.04645395	-0.05332002	0.07732100
-0.01209639	0.62173656	0.80172803	0.04782932	-0.05727181	0.04818302
-0.01404311	0.62545087	0.81224622	0.02410009	-0.04217011	0.09199822
-0.01488383	0.63148668	0.80599172	0.02873071	-0.05911452	0.07418518
-0.01243421	0.62141547	0.80421803	0.03184577	-0.05172486	0.05963308
-0.01154644	0.61510369	0.79937286	0.04050239	-0.06178254	0.07425691
-0.00703965	0.61678602	0.79750380	0.02885635	-0.06287188	0.07172662
-0.00849782	0.62115985	0.79821993	0.06006444	-0.05786426	0.02378260
-0.00994761	0.61979457	0.80015801	0.03500281	-0.04965705	0.01931752
-0.01170274	0.61560583	0.80443718	0.05486254	-0.04159255	0.06167162
-0.00944538	0.61439732	0.80568476	0.01814457	-0.05258420	0.03884981
-0.01475553	0.61594367	0.80510360	0.03273014	-0.03371056	0.05069711
-0.01211522	0.62034853	0.81180862	0.03986354	-0.04199315	0.04393610
-0.01308570	0.62311251	0.80380622	0.03733860	-0.05298079	0.03119739
-0.01086114	0.61681302	0.79948321	-0.00763286	-0.03352720	0.00535885
-0.01257673	0.61940661	0.80250268	0.05117501	-0.04552078	0.03303240
-0.01317785	0.62481469	0.80259977	0.01167288	-0.04905078	0.05256984
-0.01247111	0.62144001	0.80388458	0.04485883	-0.04795673	0.05255509
