1.25425025	-0.08164589	0.35007557	-0.00033887	-0.56476200	-0.60547572
1.23207315	-0.10021434	0.12298823	0.49130416	-0.68500756	-0.56507794
1.22195570	-0.14579041	-0.26893695	0.03012075	-0.65605434	-0.82328538
1.07508912	-0.06644914	-0.22154157	-0.11404384	-0.99677858	-0.67999326
1.12568003	-0.30717657	-0.21280809	-0.27889239	0.00362207	-0.58000444
1.00568586	-0.24157535	-0.16952560	0.15079151	0.22095898	-0.41274827
1.12693869	-0.17065137	-0.14381110	0.26809768	0.49694036	0.54383144
1.20154683	-0.13837105	-0.11566439	0.04702261	0.07218473	0.35758798
1.28898907	0.19187711	-0.14568901	-0.27205036	0.02526530	0.24140216
1.45983543	0.17616635	-0.02009822	-0.49998132	0.20848411	0.52341245
1.27027866	-0.03107778	-0.04393356	-0.63156407	0.54687493	0.58584660
0.64612436	0.02646127	0.19087342	-0.86719891	0.11092248	0.11491835
0.58014644	-0.10395099	0.03557698	-0.33192135	-0.33119517	0.41315914
0.71335293	-0.27831266	-0.06600902	-0.49762572	0.22505430	0.63514845
0.78825883	-0.22692562	-0.01860617	-0.63090637	-0.28400680	0.03739448
0.78451837	-0.22202048	0.04843669	-0.41116012	0.07260650	-0.08641603
0.74222974	-0.22821425	-0.04501023	-0.50034686	0.04361274	0.17634572
0.61798336	-0.09736098	0.09840102	-0.20424779	-0.45656199	0.08835996
0.67457116	-0.15904976	0.09577633	-0.38841172	-0.44485914	-0.08844301
0.91226615	-0.05794612	0.08349434	-0.37536625	-0.54378917	0.00329187
0.82208045	0.10613652	0.15473980	-0.42626086	-0.20589063	-0.01891444
1.01631424	-0.06222764	0.23333180	-0.43277051	-0.25506662	-0.25877861
1.18773440	-0.01364602	-0.06734110	-0.59108981	-0.24051040	0.03347595
1.26106505	-0.07285479	-0.09271672	-0.54723396	-0.30338827	0.14410722
1.33939920	-0.34143583	0.00923523	-0.32664945	0.04491574	-0.26109004
1.51188567	-0.12167485	0.12948074	-0.16960745	-0.06830029	0.39186945
1.42424551	-0.09385635	0.27539118	0.02562392	0.44080427	0.85635630
1.62389550	0.02396640	0.08930239	-0.05462352	0.40036490	0.33617582
1.38835167	-0.07553240	-0.10494701	-0.18801980	0.56835125	0.94207520
1.28416343	-0.34451820	-0.17794693	0.13422404	0.71279812	1.10578205
0.87391525	-0.59987408	-0.24061287	0.35542309	0.70430818	0.64082255
0.83169375	-0.51143189	-0.31956855	0.21705081	0.54999395	0.19981084
0.95177337	-0.20175697	-0.07822124	0.14574072	0.64684811	0.03240452
1.03921622	0.05907968	-0.35784063	0.15871186	0.21134777	-0.07796598
0.90637901	-0.13231376	-0.23198385	-0.14435666	0.43278644	-0.11794887
0.98398714	-0.22631655	-0.23275336	-0.38918150	0.17526396	0.12945289
1.08928961	-0.36503957	-0.23466299	0.11936583	0.25023269	-0.27989214
1.11045398	-0.28926566	0.03984482	0.41391201	0.06228651	-0.35284877
1.12888892	-0.22584414	0.07722051	0.35005715	-0.19916574	-0.67297879
0.81465215	-0.23887694	-0.05184867	0.70271923	-0.30877360	-0.32464029
1.12018423	-0.23101623	-0.01204494	0.79718125	0.10488987	-0.31246701
0.99726636	-0.13656410	-0.04078955	0.56934512	-0.06235009	-0.35321118
0.86407581	-0.11658230	-0.07747315	0.42862933	0.10310641	-0.35237716
0.70371884	0.15139466	-0.08432200	0.29166205	0.12421583	-0.20130546
0.89969377	0.06449444	-0.04779598	0.60355001	-0.05728117	-0.20717279
0.89182292	0.05604063	0.00493101	0.24939837	-0.12885755	0.20604844
0.79872460	0.11338374	0.08985930	0.12529300	0.07966575	0.13710771
0.79444120	0.09122338	0.02805434	-0.16056845	-0.25577384	-0.02070583
0.89502548	0.02054861	0.13053949	0.22984808	0.06875309	0.21873212
0.94026328	-0.07244183	-0.00316250	0.11286081	0.43263123	0.07106317
1.16586385	-0.08799754	0.08961669	0.13272043	-0.27015418	0.09577392
1.07661290	0.08633151	0.22202619	0.36268633	-0.18601436	0.44219381
1.14073169	-0.03524373	0.07156097	-0.18355487	-0.16556141	-0.01436752
1.14522799	0.12285287	0.14779309	-0.21023875	-0.27145449	-0.10946280
1.23162580	0.00103598	0.15065325	-0.34079426	-0.49631933	-0.04429098
1.23714569	-0.26588297	0.11841485	0.08936121	-0.37662495	-0.27790482
1.40098238	-0.12107552	-0.03721603	-0.10507403	-0.37593334	-0.82822709
1.14473413	-0.17371736	-0.17396877	-0.08304824	-0.61450712	-0.74927192
0.98727835	-0.17269363	-0.37736797	-0.29920508	-0.46184530	-0.98130367
1.21809266	-0.15992364	-0.28451279	-0.35849434	0.06466139	-0.62356463
1.28021221	-0.27054183	-0.26162312	0.01860862	0.16310755	-0.40219438
0.99997908	-0.21395774	-0.01775585	0.37780242	0.43323930	0.15686420
1.06942018	-0.20626630	0.04682725	0.14641598	0.17986475	0.34499611
1.35752331	0.05616686	-0.14551969	-0.14881136	-0.24899811	-0.03796786
1.33247846	0.10112693	-0.08638665	-0.17950042	0.55902601	0.30289076
1.31011084	0.00349688	-0.07283238	-0.35447160	0.61449170	0.51858486
0.96636775	-0.09770362	0.11601333	-0.59796621	0.22076594	0.04246074
0.95532184	-0.20812274	0.00776562	-0.73583869	-0.11663296	0.33970593
0.70095502	-0.12411014	-0.09697535	-0.48152625	-0.12250066	0.35635472
0.62959412	-0.24334917	-0.01334155	-0.70151398	-0.04811522	0.46199045
0.81529583	-0.19760506	0.09075662	-0.18122724	-0.24186630	0.43234587
0.74065709	-0.23265942	-0.00893066	-0.22210538	-0.21184708	0.19378301
0.74168710	-0.18021253	0.08659689	-0.47692480	-0.10135931	0.00759283
0.65854666	-0.25678078	0.07803484	-0.56687567	-0.75180868	0.04453249
0.79741548	-0.14698598	0.24672768	-0.53998879	-0.49693830	-0.32871600
0.91571899	-0.01080260	0.06165881	-0.66227349	-0.48690709	0.08457835
1.05161369	-0.04872933	0.03284347	-0.48903882	-0.30014603	0.19478149
1.24461201	-0.02330829	0.13011715	-0.78318332	-0.09043310	-0.01942451
1.27016721	-0.14486709	-0.06640233	-0.62065299	-0.15523290	-0.31642722
1.13761551	-0.28523179	0.05313544	-0.44526732	-0.34934364	-0.53720326
1.45580730	-0.27543292	0.09713912	-0.32182607	-0.04317048	0.16664077
1.48182543	-0.21436068	0.29231079	0.05303278	-0.22453345	0.41420675
1.49105584	-0.05287188	0.06113383	0.14715476	0.14104023	0.74123240
1.56912658	-0.17885792	-0.23417671	-0.15138877	0.35322415	0.82847735
1.26912558	-0.34274407	-0.39192283	0.05261329	0.73860867	0.47063979
0.92495278	-0.25793923	-0.24654856	0.14455798	0.45088883	0.79766271
0.92069460	-0.39146855	-0.05782059	0.32732533	0.68612889	0.01539759
0.74223694	-0.23945761	-0.23311272	0.04087224	0.52327349	-0.33094238
0.92787703	-0.19282712	-0.13201174	-0.10779165	0.28315778	-0.28212908
0.89652302	-0.10468470	-0.27927870	-0.26435061	-0.14413404	-0.49896466
0.92508558	-0.25483488	-0.10854228	-0.15176418	-0.14976872	-0.00266549
1.00857349	-0.39551166	0.03089393	-0.05921076	0.21091296	-0.29652119
1.04808195	-0.33138203	-0.07089148	0.61480867	-0.14794958	-0.67351001
0.81572732	-0.21191336	-0.15792376	0.49436331	-0.16303169	-0.56243601
0.91919585	-0.18064567	-0.04328202	0.62575236	0.34813405	-0.30842521
0.91916052	-0.20623234	-0.16678795	0.57034207	0.12464313	-0.46542890
0.87790097	0.03892440	-0.13117235	0.58288607	-0.25236094	-0.37485561
0.92845918	0.05697071	-0.10755213	0.44134281	-0.32158885	-0.21777755
0.77919313	0.03655966	-0.10573897	0.29979092	-0.17594289	-0.00656952
0.68820899	0.03859230	0.05230956	0.16405240	-0.20036247	-0.20555434
0.98332536	0.21360174	0.16472386	0.16246117	0.23596463	-0.22518020
0.73709795	-0.03873561	-0.02700256	0.20922200	-0.03132636	0.18224874
0.89495180	-0.03456396	0.02162209	0.04929454	-0.00341090	0.25172864
0.96608116	0.12232819	0.14556300	0.48239318	0.14158473	0.21457598
0.97333436	-0.07135260	-0.02599885	0.44907982	-0.01092259	0.05258530
1.07465187	-0.00989344	0.03105564	0.21519394	-0.43677717	0.71515122
1.01338941	-0.09684556	0.03577875	-0.04652341	-0.01314364	0.28650192
1.24868804	0.03178080	0.05817093	-0.16547384	-0.13016856	0.35913057
1.00832962	0.00608136	0.05768025	-0.12790888	-0.23704558	-0.47079174
1.19170705	0.04825968	0.07216093	0.07122730	-0.37050349	-0.36783225
1.45971335	-0.22331874	0.17666074	0.40736153	-0.54031321	-0.91469337
1.26577680	-0.12667028	0.18573981	0.06075378	-0.86423520	-0.26827983
1.14514976	-0.11941731	-0.26193304	-0.03492657	-1.00022180	-0.84071189
1.09893615	-0.22577367	-0.30595250	-0.36750662	-0.53141366	-0.79994273
1.17778430	-0.08040209	-0.36064078	-0.31290822	-0.51593719	-0.74362034
1.20479992	-0.22227197	-0.23215760	0.10820937	0.11076755	-0.46069602
0.94321231	-0.34444472	-0.13709256	0.43899331	0.51732433	0.06769805
1.33914325	-0.11773978	-0.00435218	0.13862813	0.24811294	0.50505597
1.24199629	0.13426147	-0.16998195	-0.26751177	0.11993092	0.87873295
1.48552156	0.04239970	-0.11487125	-0.53768501	0.20719364	0.68980826
0.93978862	-0.01906663	-0.02593497	-0.58936107	0.44529935	0.23150022
1.04490527	0.03954716	-0.11333654	-0.31094293	-0.03499285	0.08829240
0.59342598	-0.23074909	-0.00451755	-0.38250350	-0.00742176	0.64884102
0.74748134	-0.14918777	-0.03286637	-0.49841222	0.01265121	0.34592547
0.76005073	-0.24946218	-0.07470813	-0.53941247	0.13020780	0.14732950
0.83582080	-0.05880029	-0.09130947	-0.06978884	0.38658072	0.03275212
0.94250963	-0.18034730	-0.02296142	-0.59223627	0.46823564	-0.20694589
0.78724613	-0.09897528	0.10941174	-0.32132046	-0.24005321	-0.18793713
