1.48499196	-0.14922535	-0.00544742	-0.15535762	0.29702425	0.84454879
1.34776821	-0.46631214	-0.13593715	0.25280921	0.35360459	0.61818302
0.78625466	-0.61594642	-0.21248572	0.27407584	0.13162199	0.48922093
0.72520328	-0.33039028	-0.11645642	0.26392687	0.29350791	0.33777874
0.93118572	-0.13442812	-0.27483992	-0.14662597	0.16451320	-0.51721456
0.82642398	-0.06255591	-0.23063075	-0.48104459	0.21045803	-0.03290124
0.81937545	-0.12309616	-0.33342158	-0.28485290	0.23159606	-0.12268199
1.12385719	-0.42734450	-0.26129638	0.32881347	-0.06050999	0.00693031
1.06513980	-0.33191255	0.06461281	0.44375355	-0.10294175	-0.30566065
1.12392434	-0.36631555	0.01916164	0.66913092	-0.09610936	-0.69940952
0.87259386	-0.17406526	-0.22617969	0.52225811	-0.01128148	-0.47655083
0.82051317	-0.04909842	0.00714835	0.44814884	-0.06158289	-0.01736213
0.91453839	-0.12416544	-0.05439038	0.71304074	-0.22456199	-0.58888524
0.88489664	-0.06733650	-0.08599617	0.53157724	-0.20695928	-0.00307735
0.84639660	-0.04779780	0.03212066	0.36280234	-0.22036505	-0.42022923
0.92190460	-0.00018698	0.03929694	0.21045624	-0.19695121	-0.10263155
0.97522554	0.05882615	0.11867921	0.34512802	0.07448245	-0.06748120
0.77086102	-0.06400790	0.10816618	0.38286112	-0.18628914	0.03713006
0.91880705	-0.02006701	0.03185907	0.37767048	-0.14685079	0.26812718
0.98680334	0.01001855	-0.00615250	0.24927050	0.22034205	0.24531259
0.88331274	0.04815722	0.06783529	0.29690243	0.29392085	0.11249981
1.02531997	-0.07304224	0.10896075	0.50415154	0.08199205	0.21169193
0.92119503	-0.09252437	0.04476558	0.25035704	-0.12264659	0.32563731
0.90168293	-0.08868108	-0.04059198	0.14341423	-0.19542690	0.04300904
1.01001695	0.07295952	0.14155572	-0.02434765	0.08940560	0.03898509
1.18775147	-0.04347372	0.12313414	0.00047710	-0.17582794	-0.52140490
1.17357459	-0.06869458	0.11565424	0.08158023	-0.21039092	-0.32409242
1.10862249	-0.00725171	0.10031922	0.51923653	-0.59693478	-0.38741783
1.28893546	0.03750318	-0.13738031	0.17018591	-0.47044175	-0.51331948
1.08158431	-0.07125639	-0.27158967	-0.13782470	-0.46116224	-0.58270466
1.29135285	-0.13510623	-0.23486974	-0.12036167	-0.44591288	-1.07982814
1.13424964	-0.38680410	-0.28547068	-0.05653467	-0.31122786	-0.89538020
0.82612388	-0.54263964	-0.15069102	0.33359685	0.09749710	-0.52336804
0.98003975	-0.26729302	-0.01671903	0.44152645	0.30097458	-0.11578464
1.05223265	-0.08042971	0.08556955	0.31065203	0.09923063	0.26333734
1.04951142	0.08623114	-0.14248267	-0.05587826	0.01518528	0.46922576
1.17216025	0.09502887	-0.10081343	-0.39253587	0.25958093	0.45257494
1.21983519	0.01693649	0.00313572	-0.49853798	0.28760041	0.72157792
0.73833712	-0.16543805	-0.01937799	-0.21210080	-0.03409188	0.48533389
0.87079035	-0.08104789	0.07343438	-0.40683219	0.01393877	0.31061521
0.60234240	-0.24121577	0.17707776	-0.43730862	-0.17507641	0.32910747
0.91731419	-0.36144678	-0.01517798	-0.06617203	-0.03138650	0.38011176
0.70935792	-0.19787457	-0.04203120	-0.40563891	0.09213282	0.00075290
0.80805913	-0.13820202	0.02384220	-0.55638852	0.07124331	0.06950364
0.79685437	-0.22246093	-0.01507671	-0.58829336	0.11154377	-0.13025637
0.79453060	-0.08723231	-0.01497662	-0.44666387	-0.09442956	0.16599343
0.86112219	-0.15310736	0.13515291	-0.14377521	-0.15797252	0.21112263
0.80235570	0.01930313	0.18376214	-0.41759220	-0.12243874	0.05212848
0.91815417	0.00935603	0.08656600	-0.39881574	-0.33170911	0.17563491
1.19361266	-0.02873838	0.01153123	-0.49562206	-0.13557883	-0.36620062
1.18922499	-0.03922668	-0.08298792	-0.70720510	-0.08590011	-0.10793302
1.25053454	-0.26490265	-0.05738769	-0.46330728	-0.00089904	0.02881179
1.25569394	-0.34792898	0.17908017	-0.14172448	-0.16342024	0.16448615
1.35551275	-0.19264849	0.14115618	-0.23481039	0.16571160	0.29334727
1.44220043	0.03754265	0.15937547	-0.21502550	0.11879919	0.84562446
1.45876509	0.01240764	-0.01640769	-0.19546489	0.48960768	0.68968936
1.30902938	-0.09133161	-0.22562019	-0.22482911	0.36665223	0.64210930
1.34373396	-0.38958979	-0.18091487	0.20792363	0.41549090	0.87676790
0.95439262	-0.41162601	-0.02261160	0.09962837	0.72938650	0.33906981
0.90942824	-0.38404816	-0.08710048	0.17127758	0.69125481	0.36079972
0.92669700	-0.29325317	-0.17717372	0.04026872	0.20579969	0.48948839
0.98801063	-0.14528795	-0.18034498	-0.04050458	-0.09554975	0.40167695
0.91040832	-0.24479014	-0.20654937	-0.11491011	-0.04180524	-0.08679606
0.99482317	-0.32886126	-0.09012388	-0.01602626	-0.10370861	-0.17494965
1.19931201	-0.38341656	0.02166440	0.31027804	0.22964756	-0.37143239
0.88682601	-0.24142845	0.02904234	0.30874181	-0.03868820	-0.83674024
0.90228478	-0.12914030	-0.05402964	0.44979765	0.03810022	-0.26907562
0.83656988	-0.07904951	-0.04417045	0.72965804	-0.37869518	-0.50059813
0.92620087	0.03246633	-0.16480853	0.29956175	-0.28859777	-0.25231878
0.68187139	-0.02881615	-0.04038466	0.38069428	-0.02243291	0.00532857
0.95022759	0.03154352	-0.15046501	0.47939766	-0.10095311	0.01176549
1.03673904	-0.10394478	-0.04938467	0.41595029	-0.16712650	0.11798534
0.82188674	0.00271994	-0.04003705	0.01111859	0.02480119	0.03949422
0.88536654	0.11728475	0.06835641	-0.05766936	-0.07986015	0.14380002
0.87293241	0.12361269	-0.05648200	-0.16493908	0.04591309	0.15162831
1.05053879	0.21074072	0.08665548	0.11097383	0.18142047	-0.11310868
1.10663096	-0.00601245	0.12461265	-0.01493192	0.44538130	0.01071465
1.02034006	-0.05074566	0.04548192	0.06346730	0.29928412	-0.10901418
0.90821323	-0.08944098	0.06724211	-0.04192927	0.14914124	0.05704282
1.07731344	0.13479070	-0.03701520	-0.18511669	-0.03829300	-0.04486731
1.18127992	0.14519745	0.01092257	-0.24815862	0.10585312	0.19733329
1.16844838	-0.12236279	0.03594970	-0.29855056	-0.36706613	-0.25478705
1.50984741	-0.21529603	0.03964540	0.04071603	-0.35341278	-0.52157459
1.29961067	-0.31616957	0.05947213	0.41566330	-0.31935657	-0.45718159
1.35428349	-0.22708740	-0.09198708	-0.26391899	-0.45786320	-0.69554919
1.30430101	-0.15432536	-0.36666779	-0.27446461	-0.23076958	-0.43751748
1.19450455	-0.38939593	-0.35002913	-0.24307964	0.06561523	-0.68068609
1.00180719	-0.25033672	-0.12258933	-0.10384363	0.13401679	-0.62985077
0.74870611	-0.42755038	0.05109529	0.28525496	0.31573972	0.10701520
0.97893747	-0.10394664	0.01205141	0.28431307	-0.06591087	0.25201620
1.17905843	0.03182616	-0.02202284	-0.01367477	0.10831657	0.29714923
1.21046304	0.16108518	-0.10217549	-0.06292213	0.03415315	0.35776180
1.11382528	0.03158895	-0.13497709	-0.25778723	0.04473599	0.30185611
1.06566823	0.00592296	-0.14780740	-0.63013439	-0.07177771	0.00470006
0.71436861	-0.25967733	-0.07897827	-0.51171134	0.21128137	0.36221394
0.66855122	-0.16443476	0.00656095	-0.45930305	0.04351871	0.23299993
0.83513251	-0.30296589	0.00294293	-0.57207023	0.11957053	-0.09854835
0.73119223	-0.20921954	-0.01759486	-0.28334176	0.07206569	0.11125307
0.74136619	-0.13505533	0.03955161	-0.37966636	0.05794928	-0.12244679
0.76430090	-0.10557783	0.13647735	-0.29010180	-0.22447702	-0.35087590
0.73913917	-0.21963414	0.12682988	-0.13213576	-0.45390748	-0.06931956
0.87075645	-0.08837529	0.10664358	-0.66850032	-0.37224477	-0.18721103
0.98588567	-0.08888920	-0.02777710	-0.30077174	-0.22253625	0.02177968
1.02819745	0.14220648	0.07187084	-0.76214574	0.15899979	-0.05642205
1.35891609	-0.03927303	0.04378656	-0.63676886	0.31423725	-0.29816684
1.10036583	-0.15847884	0.00877424	-0.37748149	-0.19527365	-0.08749266
1.00576896	-0.11482345	-0.06864538	-0.64463758	-0.15215592	0.00635323
1.18862370	-0.45370712	0.06787480	-0.08336561	-0.17056388	0.20164190
1.16579671	-0.14262867	0.22542736	-0.01051983	-0.08481839	0.21077634
1.46657046	-0.06941185	0.18523654	0.10546588	0.42864519	0.42751801
1.40089103	0.18120301	-0.07021755	-0.17554471	0.39844791	0.52047155
1.41315869	0.11888553	-0.23077420	-0.26309057	0.42501133	0.92803550
1.22989685	-0.32199576	-0.20962454	0.02386182	0.53211456	0.90740989
1.06586955	-0.41321362	-0.19672765	-0.17762960	0.48055383	0.35541582
0.80986435	-0.35500341	-0.19873922	0.02850784	0.33927111	0.54030728
1.00071598	-0.34242623	-0.17780640	-0.05952727	0.21576708	0.11091263
0.79655204	-0.15534417	-0.15741172	-0.05179731	0.37248053	-0.41123987
0.97677438	-0.27731910	-0.34547417	-0.25965302	0.28965120	-0.06933567
0.98400529	-0.18063255	-0.18994204	0.11013359	0.23648613	-0.14865434
0.91296685	-0.38624985	-0.04368057	0.30523052	0.06563560	-0.45191050
0.89880661	-0.31815110	-0.12314846	0.55705949	0.18872318	-0.47152649
0.94339711	-0.22558824	-0.11909117	0.74166672	0.13374310	-0.60805976
1.11276398	-0.23212568	-0.10723997	0.59682565	0.26121204	-0.34720046
0.89772045	-0.08706770	-0.00287257	0.55482994	0.04945741	-0.43494611
0.91464786	-0.13236709	0.01816484	0.29418519	-0.17789835	-0.06133558
0.81299527	-0.05808544	-0.05911428	0.51834512	-0.26027647	0.05873062
0.95974261	-0.18741422	0.00269238	0.38259727	-0.13195388	-0.39446673
0.79286086	-0.02479439	-0.01800218	0.34173760	-0.16662541	0.19633857
