1.39764412	-0.16303186	-0.13469710	-1.25538569	-0.24586961	-0.36312722
1.37211001	-0.05713991	0.04293791	-1.12170195	0.17545496	-0.56541814
1.13529675	-0.06676533	-0.20203541	-1.07456546	-0.12295188	-0.31822143
0.85707588	-0.15668404	-0.16564090	-1.04409927	-0.22030715	-0.10871897
0.77885389	0.20281992	-0.02301569	-1.10526891	-0.18719111	0.05909706
0.62065887	-0.04586196	-0.19894889	-0.92701148	-0.57213471	0.17859009
0.50646817	-0.08150075	0.07508367	-1.08086901	-0.24232867	0.33200180
0.67837444	-0.06512692	-0.04523513	-0.95314195	-0.08202146	0.28596823
0.81610768	-0.06890049	0.02729923	-0.97572514	0.39656976	0.15830482
1.05693407	-0.21501750	0.06570645	-0.54395572	0.29428678	0.37025615
0.60196197	-0.25478624	-0.09709942	-0.25090214	0.51075483	0.78592494
0.75077422	-0.05495564	-0.06376750	-0.55871036	0.42744399	0.46714552
0.56491460	0.02063029	-0.15543800	-0.19192132	0.95255763	0.40596379
0.48447042	0.23216895	-0.03296197	-0.49711372	0.57440687	0.21696460
0.57110961	-0.16851187	-0.05093659	-0.70742140	0.31213372	0.07661322
0.48491927	0.02560496	0.07369470	-0.68206370	0.13160805	0.21018346
0.72897722	-0.09117042	0.14198584	-0.67413503	-0.12110306	0.37563801
0.79991133	-0.16973197	0.13781710	0.01919988	-0.37983681	0.21885914
0.89515564	-0.18228086	-0.02704943	0.18870622	0.18397984	0.41381276
0.76216032	-0.22183793	-0.14891473	0.12564829	0.16570922	0.20064274
0.91355404	-0.24126344	-0.11364831	0.12604686	-0.09184980	-0.21574166
1.14059609	-0.47923857	-0.32354107	0.05432117	-0.18538121	-0.15128457
1.28538543	-0.78522654	-0.61268926	0.05341125	-0.13639661	-0.15978685
1.68463952	-0.54995258	-0.40064177	0.42886778	0.62061719	-0.60495954
1.69937910	-0.45009385	-0.16272380	0.17963043	0.64492377	-0.76408904
2.28946802	-0.55867555	-0.07282884	-0.07632665	-0.02853808	-0.67388060
1.79407200	-0.25844665	-0.08228440	-0.14562405	-0.34685085	-0.25905210
1.53431679	0.03696792	-0.00686265	0.02435942	-0.10431566	0.26103319
1.59215194	-0.08980925	0.10066717	-0.08163206	0.08518167	0.44913128
1.16878119	-0.26336188	-0.00425706	-0.55486506	0.52265718	0.22578546
1.13252288	-0.03668713	0.20700332	-0.53584896	-0.16266143	0.08586134
0.89146196	-0.01834612	0.25689537	-0.49246050	0.45074051	0.07949276
0.50416138	-0.20275860	-0.07667598	-0.99481313	0.06752306	0.21776083
0.33224832	-0.14110226	0.13652581	-0.93606037	-0.06841034	0.11253979
0.62959675	-0.05155996	0.03967965	-0.78619094	-0.33223720	-0.20317810
0.62281331	-0.04616334	0.06679986	-0.87548736	0.07461544	-0.13579388
0.53980036	-0.14224621	0.09349155	-0.39897987	0.41314227	-0.13038966
0.51700879	-0.15242874	-0.12036934	-0.45438140	0.63092953	-0.98792651
0.70389581	-0.12809154	0.11308223	-0.73797235	0.47141230	-1.00232151
0.81767388	0.05461479	0.03551514	-0.66152661	0.34218402	-1.24286060
0.59511310	-0.09579635	0.11623924	-0.58948666	0.46128201	-0.88253759
0.62069715	-0.09228244	-0.07045085	-0.65773565	-0.03273322	-1.01868253
0.82690133	-0.13657492	-0.00095305	-0.40723358	-0.60053397	-1.15909754
0.74415275	-0.30190383	0.11424552	0.04546404	-0.44512923	-0.30472973
0.62077652	-0.37233185	0.14879583	0.03631128	-0.04310949	-0.55626404
1.04264999	-0.14157109	-0.00585882	0.12308778	0.24316200	-0.03262795
1.13703285	-0.11047780	-0.06509293	-0.16246705	-0.01996947	-0.39586062
1.02765766	-0.09248497	-0.10048623	-0.08180622	-0.58322009	0.03522078
1.27181312	-0.21370137	-0.26196717	0.22789046	-0.14849760	-0.17927503
1.60250302	-0.36924675	-0.35609822	0.20033151	-0.15742910	0.87380562
1.48446206	-0.47916034	-0.22653135	0.65327055	0.11958978	0.63629291
1.60786007	-0.45159180	-0.11922868	0.59301834	0.14982953	0.63728210
1.47760201	0.05334783	-0.14423471	0.14308181	0.34323210	0.51142744
1.70448857	-0.20339550	-0.01761385	0.60688066	0.27479548	-0.31740532
1.79673834	-0.16952268	0.08097865	0.76038984	-0.02509316	-0.34617538
1.43593770	0.04031417	0.15353668	0.34892579	-0.19515808	-0.39097682
1.43026195	0.09800202	0.06942705	0.36784383	0.30720368	-0.46349856
0.80676177	0.14941885	-0.09385459	0.01747102	-0.05084419	-0.43928829
0.95709385	-0.05737145	0.04105836	0.69102652	-0.11783521	-0.26182255
0.43344775	0.16657116	-0.05668312	0.69215447	-0.46458931	0.10075253
0.65197778	0.06558191	-0.06512905	0.78090273	-0.65855399	0.47545303
0.60526726	-0.10386393	0.01715232	0.70803941	-0.65018514	0.35768518
0.36344299	0.04749497	0.02214113	0.96999155	-0.36917170	0.52552809
0.60571319	-0.11214482	0.02759569	1.22673722	-0.43961318	0.28533054
0.19021171	-0.10045265	0.06119334	0.74667684	-0.05707043	0.55628872
0.94251594	-0.06863318	-0.02912877	0.51517966	-0.37326019	0.57362454
0.76761222	0.02799382	0.10604110	0.76957052	-0.42488024	0.46121538
0.40821812	0.14307532	0.03645504	0.19277780	0.05847870	0.08509737
0.88079051	-0.02558224	-0.05276703	-0.09577807	0.08586085	0.27404597
0.84392001	-0.02085829	0.02002863	0.14478120	0.43582142	0.48266570
0.83958484	0.07006707	-0.07212760	0.61454186	-0.48091181	-0.12238988
1.08494943	-0.05557492	-0.05880595	0.59683833	0.12525052	0.26312948
1.01445598	-0.26626921	-0.14927863	0.48131095	-0.03827934	0.36214773
0.88616251	-0.33678571	-0.32423216	0.80095993	-0.24309806	0.11747276
1.44283971	-0.45732213	-0.28130793	0.25251211	0.28701606	-0.26027612
1.71510847	-0.30322244	-0.16190809	0.23926139	0.73666458	-0.76821253
1.85656409	-0.19581609	-0.04975629	0.25867498	0.31032511	-0.51966932
1.59032260	-0.26419696	-0.05630872	0.97723291	-0.41541947	-0.25175190
2.06631144	-0.08842525	0.10829137	0.45461960	-0.13197261	-0.01333683
1.75940918	-0.36507302	0.16542761	0.60588942	-0.13959305	-0.33248945
1.88010188	-0.11838598	0.14921529	0.39780832	0.28084006	-0.02970545
1.49149201	-0.33575961	0.24229859	0.48522418	-0.24502751	0.05125508
1.23828896	-0.17034239	0.17390720	0.33799080	-0.48650050	-0.39323834
0.97600212	-0.14114845	0.13270623	0.16557894	-0.24699025	0.30538777
0.57379230	-0.14591492	0.11211268	-0.23319054	-0.02652134	-0.13662541
0.46943113	0.00400803	0.07549633	-0.50449113	-0.13836570	0.42322800
0.56395236	-0.32554783	0.11587805	-0.15145628	-0.00348830	-0.27222561
0.67471856	-0.02053850	0.24909241	-0.34523847	-0.09853010	0.17760613
0.61594849	-0.15702271	0.09791230	-0.14433478	0.40075468	0.19791013
0.26203947	-0.12631864	0.02042437	-0.36564702	0.43759864	-0.10756016
0.52821991	0.07617839	0.00114970	-0.09493359	0.62906246	-0.11953487
0.36321358	-0.07789538	0.11958295	-0.25142978	0.03049611	-0.41288423
0.86855647	-0.09458961	0.09543731	-0.37824292	-0.30987513	-0.29540766
0.96525954	-0.26578604	-0.09475569	0.28801767	-0.40279335	-0.29785569
0.69158999	-0.33354733	-0.06791198	-0.02773285	-0.12797043	-0.10112715
0.70923295	-0.28107927	0.05561182	-0.07391460	0.19828960	-0.60428930
0.75571811	-0.27782159	0.08800403	0.58742941	0.10922672	-0.49870392
0.81281603	-0.04538632	-0.00124266	0.52505076	-0.37217179	0.23034802
0.93448890	-0.08238029	-0.13599865	0.29585303	-0.72742368	0.63333611
1.30712782	0.05084853	-0.45714173	0.53047273	-0.78450921	1.00666629
1.80635381	-0.06091649	-0.38509611	0.51986966	0.08025521	0.77713633
2.04576948	-0.29052083	-0.14447583	0.46782456	0.23074250	0.35451191
2.25860642	-0.23701378	-0.15364669	0.61037610	0.61679962	0.09565278
1.74589909	-0.44074137	0.19385444	0.80239200	0.82724635	-0.53175894
1.32815358	-0.16113401	0.32429848	0.80571770	0.43243604	-0.51189797
1.33587271	0.01728968	0.07972779	0.41850404	0.11117898	-0.13320503
1.46247309	0.05262019	-0.08636691	0.32795909	-0.06232339	-0.35384842
1.08204301	0.02541953	-0.01709425	0.39773789	0.11964457	-0.51249950
0.60662078	0.02218955	-0.10239226	0.46332847	0.20318761	-0.15705130
0.55093508	-0.07279180	0.00448880	0.04476123	-0.15356034	0.08521129
0.64164727	0.15382378	0.09572757	0.07814892	-0.04145649	0.72289939
0.40560125	0.12559019	-0.11852308	0.35138863	0.10380878	0.16340040
0.65804751	0.10350749	0.06736451	0.05503430	0.35634068	0.47809142
0.53492091	0.10606969	0.14766673	-0.09488466	0.45667156	0.28926099
0.45330048	-0.04096067	0.12569135	0.41201596	0.15328031	0.84372806
0.75109881	0.18194697	0.09943390	0.16857233	0.34235447	0.24977669
0.81840706	0.24856134	0.03384902	-0.48627358	0.65815263	0.76857391
0.72819586	0.05221634	0.02051244	-0.97676667	1.15495821	0.26754557
0.93435279	0.60861443	0.28387172	-0.97570527	0.82906330	0.32429320
0.67090846	0.13204410	0.17422530	-1.22019762	0.39454972	0.17294094
0.50514084	0.00527292	0.33575701	-0.85000496	-0.36490413	0.52537998
1.30489818	-0.07788222	0.01914787	-0.66813126	-0.07153676	0.42607732
0.99026710	-0.08743413	-0.17361525	-0.76157307	-0.22985705	-0.17488009
1.18851616	-0.34975464	-0.43078022	-0.18166844	0.07678265	-0.48631203
1.19096997	-0.68516835	-0.45703965	-0.71966060	0.35442574	-0.51515827
1.59843589	-0.63221245	-0.32293749	-0.46196856	1.07804975	-0.68858463
1.78059779	-0.72577014	-0.08620346	-0.15331662	1.15074941	-0.39043790
1.45908832	-0.38749991	-0.04007896	-0.18072738	0.45682616	-0.33981985
