1.22075665	0.03962963	-0.06420634	-0.95111555	0.07372143	-0.08886013
1.13794747	-0.06543623	-0.18408932	-1.02584471	0.30056981	-0.16947113
1.36203877	-0.18392471	-0.15387319	-0.63125028	0.48987960	-0.15722936
1.20446980	-0.03473940	-0.18494758	-0.58299349	0.70138908	-0.29346180
1.47498352	-0.09560776	-0.32760652	-0.63704775	0.46437275	-0.12927560
1.47519754	-0.10501987	-0.35044264	-0.87012929	0.41073005	-0.04603144
1.56731170	-0.23574954	-0.49025725	-1.16428800	0.30703770	0.18476316
1.41153293	-0.33203685	-0.44549038	-0.89260509	0.68456144	0.25500595
1.19441683	-0.41281551	-0.29550607	-0.64474803	0.42784282	0.09552052
1.01549447	-0.43706304	-0.17682790	-0.66680070	0.64403348	0.58653195
1.08401962	-0.32988388	-0.33760092	-0.47769011	0.50924479	0.73137617
1.13367054	-0.27298156	-0.28911166	-0.49626972	0.68862700	0.41499911
1.04539218	-0.12809342	-0.22186383	-0.61066833	0.63301318	0.63090997
1.00268542	-0.21917371	-0.24344937	-0.55425942	0.23743249	0.29576557
0.82502725	-0.10624459	-0.11261477	-0.43810865	0.17349382	0.35888502
0.80912013	-0.19658543	-0.17025239	-0.48537795	0.23726692	0.48531141
0.63992402	-0.18489944	-0.04879586	-0.59778891	-0.01695064	0.61896220
0.65304079	-0.13333219	-0.05441486	-0.77063800	0.01602281	0.51615769
0.67279908	-0.21847061	0.01549855	-0.40325220	0.06857247	0.51770430
0.56622705	-0.18343094	0.00191341	-0.29481777	0.19410410	0.34573404
0.61710048	-0.28774124	-0.21135496	-0.40995851	0.35224719	0.31392872
0.74767574	-0.04994150	0.07932341	-0.37005212	0.45267132	0.77482356
0.74748216	-0.13278780	-0.07603079	-0.48626040	0.20229574	0.38234662
0.59477694	-0.18695774	-0.06013724	-0.41199706	0.19965309	0.11530226
0.87288009	-0.13567205	-0.03919117	-0.43014913	0.81977783	0.31265834
0.89539689	-0.24863129	-0.05022821	-0.57697850	0.37407146	0.39806739
0.95166676	-0.39695265	-0.06856701	-0.41965376	0.36941304	0.08422654
0.89517085	-0.34198477	0.02896659	-0.59684350	0.54794336	0.28894811
1.08310460	-0.21773411	0.09931304	-0.51292828	0.45533935	0.02231455
0.86174983	-0.26979050	0.12695124	-0.53230410	0.42738743	0.08621631
1.25195228	-0.31361947	0.13166177	-0.85271930	0.10834586	0.08657336
1.09437189	-0.40051546	0.09754139	-0.50577314	-0.31383437	0.05111174
1.22542420	-0.24382607	0.02275926	-0.69204806	0.05641202	-0.17481767
1.38571452	-0.21923814	-0.01019198	-0.73582102	-0.06216874	-0.11217228
1.40622176	-0.40338931	-0.20777673	-0.44831656	-0.18999442	-0.01604117
1.42686144	-0.48577819	-0.31424477	-0.54643605	-0.20095569	-0.03105964
1.47718252	-0.53953971	-0.25622965	-0.50685038	-0.09471960	-0.01422412
1.26777692	-0.45604165	-0.39661184	-0.60436143	-0.29896671	0.06458606
1.17350201	-0.33381802	-0.31912714	-0.93157073	-0.12956005	0.02425760
1.05064723	-0.29834932	-0.33997718	-0.71894229	-0.02722177	0.04081137
0.91303464	-0.29111078	-0.32671003	-0.69721631	-0.11526362	-0.27764459
0.86007725	-0.28068015	-0.34059868	-0.86792660	-0.23584112	-0.27809328
0.94121484	-0.41967098	-0.32929454	-0.39603737	-0.04824059	-0.30405022
0.97831979	-0.22792839	-0.33805816	-0.42557356	0.22237646	-0.72275810
1.11911492	-0.19503177	-0.19072033	-0.34521985	0.28158868	-0.61094812
0.69673780	-0.22078190	-0.06147062	-0.21006954	0.30513917	-0.61914897
0.71413026	-0.12936080	-0.20665399	-0.38103884	0.26661327	-0.44315939
0.68551579	-0.10250095	-0.14878614	-0.05996209	0.31937978	-0.27812850
0.56831393	-0.15838874	-0.09904915	-0.19030193	0.41439714	-0.17275320
0.69345469	-0.12681037	-0.08819430	-0.25781410	0.14627276	-0.25060729
0.59249864	-0.10685162	-0.19977522	-0.13690960	-0.04694502	-0.38974683
0.81024094	0.00342323	-0.05937079	-0.33461390	-0.06284564	-0.25728481
0.89091864	0.01224548	-0.07514332	-0.32524961	0.02590483	-0.40471704
0.75402499	-0.00532745	-0.11986340	-0.59000887	-0.29594417	-0.30293186
0.97541911	-0.06021548	-0.14186626	-0.34543313	0.13515355	0.12549360
1.05215065	-0.15102174	-0.13936511	-0.36941268	-0.02727535	-0.19199321
0.97033740	0.04225079	-0.11791395	-0.28112380	-0.32771001	0.04663301
0.88073408	0.04239927	-0.19672695	-0.53707390	-0.11302269	0.07767380
0.87042623	0.04003393	-0.05619880	-0.44901351	0.07299196	-0.07635960
0.92610592	0.16907542	-0.09135509	-0.13903830	-0.13076572	-0.12968235
1.11850471	-0.02882996	-0.10965133	-0.43082845	0.13359146	0.01951310
1.06578402	0.01938881	-0.10850197	-0.56904394	0.09802330	-0.02785270
1.09725389	0.08810391	-0.09013621	-0.60605125	0.30805015	0.13932718
1.10770059	-0.00581094	-0.06635226	-0.32728009	0.35420866	-0.15651650
1.31739345	-0.19024530	-0.18838500	-0.30106284	0.42756416	0.05229227
1.37291697	-0.11479508	-0.22169510	-0.60718816	0.07314017	0.06484709
1.46546155	-0.09229586	-0.37986320	-0.56303850	-0.18848994	0.11822878
1.65725615	-0.09836294	-0.28355538	-0.51632904	-0.14281120	0.21962282
1.34836614	-0.35125019	-0.41567271	-0.42808305	-0.04825508	0.10265180
1.18063229	-0.40642282	-0.48221979	-0.53101451	0.00400617	0.38625374
1.14523490	-0.23983499	-0.41740460	-0.49710741	0.09859074	0.73642834
1.18810383	-0.34719161	-0.32374559	-0.54401758	0.56951119	0.63178687
1.30023566	-0.28212756	-0.37765426	-0.37540481	0.86524934	0.54015741
1.21150217	-0.26781431	-0.30584391	-0.52239574	0.89832214	0.44868409
0.98091983	-0.25241754	-0.13528702	-0.46192433	0.47596254	0.42018835
0.88683687	-0.09477703	0.02630198	-0.36658343	0.12903775	0.55227818
0.86327577	-0.03461612	0.05154542	-0.26199101	0.10685142	0.59079715
0.94500057	-0.20401997	-0.15397733	-0.43102523	0.19805423	0.55602993
0.97805091	-0.14991855	-0.09220935	-0.35693631	0.30252429	0.61242095
0.63428859	-0.10561534	-0.03413213	-0.49670258	0.33099149	0.70789521
0.80076991	-0.12093951	-0.03595409	-0.43945979	0.23031293	0.23864508
0.77977804	-0.23503039	-0.06766289	-0.32399154	0.25275224	0.56466920
0.77701981	-0.35612077	-0.09258369	-0.41134520	0.54937269	0.55665378
0.79153675	-0.19018277	-0.05329824	-0.03047832	0.69667455	0.47837312
0.66539824	-0.24434409	-0.12829016	-0.48241020	0.29177172	0.43236191
0.70309110	-0.18715313	-0.12180232	-0.39497424	0.14568612	0.36583264
0.79557106	-0.28622821	-0.06947808	-0.35361688	0.39798041	0.43018332
0.69422679	-0.06193773	-0.00616616	-0.59666615	0.27771935	0.53928519
0.75633969	-0.20142131	0.07002881	-0.59697836	0.28367219	0.26775119
0.89971052	-0.28900517	0.03602485	-0.23734758	0.27129761	0.20002749
0.86322008	-0.31136057	0.04479053	-0.42920252	0.38590368	0.05369583
0.99835789	-0.36168989	0.03676148	-0.43306897	0.07881241	0.45385307
0.92707405	-0.28776199	0.14275197	-0.33640316	-0.11046738	0.11397218
1.06910535	-0.28695028	0.08829774	-0.51547989	-0.24179781	0.21342507
1.14363851	-0.27307572	0.00358444	-0.30185289	-0.57932136	0.01171597
1.37169261	-0.32965006	-0.06114175	-0.03431861	-0.55870075	-0.00109890
1.38398215	-0.40601343	-0.09489180	-0.25371680	-0.68191374	0.11953353
1.46623699	-0.53686211	-0.18454120	0.02180468	-0.07038284	-0.00172736
1.50206392	-0.53159937	-0.21688072	0.11587655	-0.22391158	-0.08664587
1.16097504	-0.37378823	-0.24765265	0.11172903	-0.27103601	-0.14395699
1.02773883	-0.44731679	-0.47569624	-0.49400397	-0.48246788	-0.21715607
0.99660259	-0.31029856	-0.39801127	-0.52135750	-0.20412833	-0.23060437
0.94672779	-0.25739227	-0.28314196	-0.39231514	-0.11607862	0.00769909
0.87511976	-0.32333851	-0.38852499	-0.32058642	-0.20504577	-0.39206266
0.98180997	-0.29960621	-0.39592934	-0.32958477	0.02420276	-0.49411026
1.10434784	-0.43037215	-0.23411440	0.07111915	0.31989914	-0.56852029
1.03569146	-0.38640268	-0.27137940	0.13878697	0.42852237	-0.66580535
0.96511292	-0.19740971	-0.08922208	0.38154871	0.50766134	-0.49661302
0.84370326	-0.01769059	-0.14645313	0.10195342	0.14284554	-0.40708901
0.64184541	-0.02179092	-0.16333920	-0.19229256	-0.02827171	-0.41774237
0.78060445	-0.06625604	-0.22564274	-0.11484325	0.14236791	-0.37381825
0.60735169	0.00698797	-0.19623861	-0.13658651	0.01296541	-0.73362360
0.79216026	-0.04286203	-0.06336659	-0.10842167	-0.00458454	-0.45240741
0.59964471	-0.06037553	-0.15471872	-0.20338197	-0.60496674	-0.25067925
0.77552740	-0.06051489	-0.13582465	-0.14336255	-0.33644035	-0.20968337
0.87912162	-0.15518682	-0.19451789	0.12187446	-0.15579459	-0.50707525
0.73579526	-0.16383251	-0.29895926	0.38618603	0.12891452	-0.45337386
0.99721774	-0.08276974	-0.06316794	0.41596362	-0.04267715	-0.10192720
0.97262691	-0.03541328	-0.15889181	0.14424823	-0.15015980	0.01013449
0.80549767	0.04527628	-0.28723408	0.07540531	-0.33759861	-0.30154419
1.07591828	0.19969423	-0.08666435	0.29439344	-0.18870727	-0.20902215
1.09002357	0.13753472	-0.11591848	-0.00886522	0.11123878	-0.33767676
1.20243957	0.01177138	-0.11464950	-0.07732308	0.16980991	-0.21065033
1.26064146	0.03863422	-0.06848540	-0.09472857	-0.03897536	-0.46111755
1.29104352	0.07795540	-0.04772024	0.05260063	0.50628245	-0.24454919
1.38024527	-0.29913546	-0.15940856	-0.01561349	0.71155441	-0.15022949
1.49235724	-0.35742595	-0.07432167	0.45612977	0.42205712	-0.16909670
1.51294833	-0.22325254	-0.31989932	0.01328433	0.24424856	-0.11052161
