1.01782900	-0.18779907	-0.02574015	0.02760843	0.01752224	-0.01129845
1.01706528	-0.18432437	-0.03573882	0.02500903	0.00671932	-0.00627208
1.01790220	-0.18510929	-0.03233303	0.02223654	0.00731423	0.00003158
1.02643895	-0.19124336	-0.02706433	0.01862131	0.00293898	0.00290715
1.01837694	-0.18690977	-0.03078398	0.02148988	-0.00135370	-0.00647680
1.01273944	-0.19408499	-0.02818657	0.02537503	-0.00332848	-0.00416209
1.01714500	-0.18768290	-0.02778859	0.00751989	0.00616906	-0.00096930
1.01518444	-0.18804874	-0.03156595	0.02682920	0.00906430	0.00202997
1.01768125	-0.19146415	-0.02149980	0.01013376	-0.00058174	0.00092735
1.01916153	-0.18797699	-0.02290658	0.00831731	0.00042614	-0.00325090
1.01719974	-0.18933850	-0.02465418	0.03004891	-0.00480749	-0.00503617
1.01437426	-0.19082154	-0.02092271	0.01281610	-0.00330107	-0.00068813
1.01733806	-0.18240061	-0.02494332	0.03091700	0.00420378	0.00464728
1.01563985	-0.18274723	-0.02237405	0.01430355	-0.00217359	-0.00043468
1.01571255	-0.18296199	-0.02327438	0.00789166	-0.00357342	0.00254432
1.01632401	-0.18624342	-0.03624561	0.00796262	0.00783048	0.00278416
1.01557605	-0.19090209	-0.03282472	0.00140840	0.00268509	-0.00296236
1.01932875	-0.18907284	-0.02913215	0.01311627	0.00029311	0.00912854
1.01611640	-0.18669125	-0.02307694	-0.00107531	0.00617062	0.00856160
1.01553435	-0.18870940	-0.02028657	-0.00007057	0.01124816	-0.00196422
1.01766003	-0.19331059	-0.02160121	-0.01545679	-0.00621817	0.00847173
1.01364700	-0.18544394	-0.02323554	0.00967648	0.00238529	0.00689375
1.01607412	-0.18853176	-0.02176944	-0.00665833	-0.00127870	0.01034282
1.01318208	-0.18949720	-0.02462898	-0.01204925	0.00400299	0.01819249
1.01114900	-0.18718154	-0.02850518	-0.01171323	-0.00286477	0.01621786
1.01486982	-0.18809652	-0.02587947	-0.01141333	-0.00015625	0.00940970
1.01785778	-0.19375543	-0.01651674	-0.02131924	-0.00116433	0.00298358
1.01986194	-0.18775456	-0.02895349	0.00295262	-0.00352600	0.00514499
1.01465958	-0.18444938	-0.03041177	0.00270733	-0.00522301	0.01024271
1.01322607	-0.18348372	-0.01998924	-0.00669540	-0.01628512	0.01301195
1.01447872	-0.18091027	-0.02457737	-0.00192184	-0.01588363	0.01115282
1.01720049	-0.18631505	-0.02255582	-0.00392863	-0.00773485	-0.00020132
1.01442268	-0.18531577	-0.02305344	0.00737503	-0.01040094	0.01693805
1.01385539	-0.18228432	-0.01935706	-0.01910106	-0.02598951	-0.00159003
1.01022933	-0.18375142	-0.02163410	-0.01060565	-0.02821168	0.01212126
1.01289366	-0.19160817	-0.01505930	-0.01187606	-0.02772962	0.02158993
1.01498646	-0.18070867	-0.01538396	-0.01555503	-0.02601573	0.01041713
1.01790627	-0.19085358	-0.01368515	0.00519772	-0.01950155	0.01971506
1.01623412	-0.19211150	-0.01196849	-0.01631614	-0.00916546	0.02322811
1.01668615	-0.19338330	-0.02493202	-0.02122412	-0.00729022	0.01930845
1.01463580	-0.18875547	-0.02997438	-0.01727268	-0.00197329	0.01526332
1.01527034	-0.18928182	-0.02664036	-0.01347384	-0.00492246	0.01813250
1.01210160	-0.18719232	-0.02466216	-0.02128363	-0.00086750	0.01748242
1.01594298	-0.19317652	-0.02532802	-0.02397867	-0.00548007	0.00598849
1.01869545	-0.18781371	-0.02620827	-0.00950346	0.00065214	0.00715614
1.01509969	-0.18577524	-0.01567506	-0.01322994	0.00513991	0.00399863
1.01706044	-0.18734230	-0.02171904	-0.02389691	0.00702635	0.01132941
1.01354189	-0.18348754	-0.01640687	-0.01833161	-0.00773212	-0.00007608
1.01488223	-0.19019343	-0.01791265	-0.01982437	-0.01569201	0.00507704
1.01387961	-0.18699602	-0.01888381	-0.01383986	-0.01312686	0.01055066
1.01777606	-0.19483051	-0.02168757	-0.01220488	-0.01705238	0.01590323
1.01752975	-0.19004717	-0.02875061	-0.01084690	-0.01234576	-0.00300628
1.01909276	-0.19173355	-0.02808736	-0.00824945	-0.01070068	0.00138048
1.01633401	-0.18419172	-0.02399288	-0.00723915	-0.00897497	0.01174780
1.02054614	-0.19099409	-0.02645437	-0.00429740	-0.00852673	0.00520519
1.01799056	-0.19201671	-0.03551273	-0.01641126	0.00477146	-0.00202032
1.01819650	-0.18485151	-0.03176074	-0.00955024	-0.00358881	-0.00782085
1.01632430	-0.18565318	-0.03598941	-0.02246756	-0.00540271	-0.00093822
1.01362009	-0.18192701	-0.03264714	-0.02929033	-0.00551250	-0.00668866
1.01419250	-0.18781412	-0.03095506	-0.01382625	-0.00434719	-0.00813012
1.01280447	-0.19182737	-0.03142480	-0.01209627	-0.00822833	-0.00168849
1.01620704	-0.19110523	-0.03180313	-0.02145565	-0.00599020	-0.00119831
1.01809506	-0.19008792	-0.03336990	-0.01727748	-0.00694337	0.00051321
1.02269786	-0.19694681	-0.03467974	-0.00251845	-0.00343213	-0.00164957
1.02028635	-0.19668802	-0.03006631	0.00177672	-0.00008970	-0.01233990
1.01648056	-0.18764284	-0.02820374	0.00359892	0.00076550	-0.00134270
1.01471442	-0.18946691	-0.02647229	-0.00956255	-0.00265624	0.00025134
1.01642507	-0.19504604	-0.03605045	-0.00702571	-0.01021757	0.00292817
1.01770857	-0.18709840	-0.03695422	-0.01054684	0.00329107	0.00073947
1.01870485	-0.19624725	-0.02760993	-0.00215935	0.00232392	-0.00613408
1.01417902	-0.19430434	-0.02737608	0.00154660	0.00023310	-0.00356473
1.01579149	-0.19802552	-0.02685148	0.01013471	-0.01309618	-0.00150485
1.01783815	-0.19318794	-0.02864840	0.01436514	-0.00867365	-0.00042487
1.01300447	-0.19369135	-0.04016560	0.01033441	-0.00262649	0.00189869
1.01844440	-0.19523049	-0.03430361	0.00925457	-0.01172056	0.00138204
1.01610508	-0.19421818	-0.03278190	-0.00275757	-0.01256170	0.00071610
1.01470562	-0.20123643	-0.02620624	0.00510657	-0.00484116	0.00542162
1.01804469	-0.20097969	-0.02964042	-0.00860208	-0.00739597	0.00370059
1.01510906	-0.20149138	-0.03734092	-0.00216705	0.00707398	0.00228503
1.01820423	-0.19842509	-0.02171387	0.00745409	0.00266279	0.00237075
1.01854426	-0.19618784	-0.02366434	0.01080571	0.00374400	-0.00448757
1.01421384	-0.19324694	-0.01918983	0.01131078	0.00609107	-0.00437800
1.01112777	-0.20337565	-0.02850428	0.00738004	0.00299311	0.00400307
1.00994040	-0.20493290	-0.02973278	0.02280155	0.00510421	0.00161689
1.01281167	-0.20209235	-0.02885637	0.01507489	0.01070374	0.00510441
1.01090174	-0.20046613	-0.03356865	-0.00134782	-0.00275914	0.00959612
1.01388100	-0.20286375	-0.02694657	0.02817694	0.00022288	0.00352286
1.01332757	-0.20642635	-0.01894305	0.02216535	-0.00719660	0.00717076
1.01388112	-0.20504841	-0.01878566	0.01779548	-0.01018696	0.00572809
1.01853530	-0.19737311	-0.02685922	0.01497618	-0.01354641	0.00157733
1.01774685	-0.19809990	-0.01909835	0.02250563	-0.00213942	0.00320952
1.00964660	-0.20172582	-0.02639192	0.01136093	-0.00284322	-0.00664403
1.01548549	-0.20831455	-0.02422594	0.02398639	0.00282037	0.00256341
1.01892822	-0.20277956	-0.02591844	0.01147020	0.00398268	-0.00075413
1.01576404	-0.19692969	-0.03127533	0.01268113	-0.00509657	-0.00867110
1.01350124	-0.19586354	-0.03390479	0.01484151	0.00090460	-0.00430493
1.01680968	-0.19143849	-0.03065885	0.00717210	0.00971962	0.00544775
1.01944947	-0.19557834	-0.02255595	0.00337774	0.01170593	0.00654464
1.01926510	-0.19294706	-0.02333603	-0.01273283	0.01352009	0.00054328
1.01497359	-0.19755660	-0.03278419	-0.00560384	0.01688185	-0.00193428
1.01061250	-0.19196981	-0.02834663	-0.00288723	0.00609551	-0.00393069
1.01472955	-0.19290188	-0.02740715	0.00623833	0.00767617	-0.00995845
1.01599809	-0.19261652	-0.02609505	-0.00209466	0.00066077	-0.00369285
1.01941686	-0.20249078	-0.03284510	-0.01060139	0.01463135	-0.00431431
1.02254600	-0.19482603	-0.02754538	0.00839630	0.00668495	-0.00734007
1.01835531	-0.19418857	-0.03873701	-0.00608634	-0.00170644	-0.00569129
1.01895621	-0.19224725	-0.03396891	0.00243676	0.00758251	-0.00994352
1.01667057	-0.18985437	-0.03161623	-0.01190602	-0.00453154	-0.01819093
1.01342673	-0.19131674	-0.02871488	-0.01103252	-0.00645810	-0.02766087
1.01420173	-0.19341325	-0.03921777	-0.01200437	0.00766167	-0.02531431
1.01728259	-0.18455967	-0.03729718	-0.02034587	-0.00899492	-0.02114784
1.01755177	-0.17938136	-0.03655549	-0.01251527	-0.01185716	-0.02257919
1.01934055	-0.17855127	-0.04142263	-0.03006950	0.00472863	-0.01417082
1.02042721	-0.18508303	-0.03541737	-0.03417891	0.00482996	-0.00603791
1.01828618	-0.18444103	-0.04164679	-0.03797549	0.00808557	-0.01932668
1.01567815	-0.18359337	-0.02821208	-0.04505814	0.00837639	-0.01441712
1.01576026	-0.18954754	-0.02769272	-0.04003358	0.01220672	-0.01111934
1.01836727	-0.17761528	-0.03081454	-0.03193389	0.01065357	-0.00788529
1.01712818	-0.18176142	-0.04064323	-0.05448178	-0.00570709	-0.00552431
1.01782852	-0.17697556	-0.04670177	-0.02647704	0.00730213	-0.00805841
1.01531643	-0.18684848	-0.04485546	-0.02854162	0.00655702	-0.00156938
1.01622060	-0.18840813	-0.03551561	-0.03317548	0.00180058	0.00139509
1.01303633	-0.18735200	-0.03099718	-0.01425153	-0.00156213	-0.01047355
1.01486404	-0.18390030	-0.03726399	-0.01683872	0.00538339	-0.00682496
1.01692480	-0.18351965	-0.04131116	-0.00824374	0.00236655	-0.00499432
1.01705424	-0.17806755	-0.04012737	-0.01679687	0.00753462	-0.02046844
1.02026277	-0.18231585	-0.04568013	-0.00233066	0.00907069	-0.01895466
1.02136394	-0.17694278	-0.04105180	-0.00945247	0.00456237	-0.01375900
