1.01223349	-0.16153267	-0.04200086	-0.00887146	-0.00799634	-0.00288976
1.01590687	-0.16694049	-0.04051262	-0.00698089	-0.00633227	-0.00225321
1.01957294	-0.16241807	-0.03861035	-0.00566770	0.00329458	-0.00222224
1.01954860	-0.16158576	-0.04530700	-0.01083403	0.00532638	-0.00478571
1.01932447	-0.16211915	-0.03847048	-0.00027534	0.00076789	-0.00840213
1.02048589	-0.16654210	-0.04119959	-0.00474846	-0.00484924	-0.01508557
1.01995203	-0.16753426	-0.04022961	0.00237011	0.00576238	-0.00402748
1.02054719	-0.16829053	-0.03744574	0.00672607	0.00276315	0.00248065
1.02144152	-0.16716593	-0.04449040	0.00663489	0.01155800	0.00232698
1.01688559	-0.16567266	-0.05480895	0.00399775	0.00410790	0.00574107
1.01760209	-0.17120819	-0.04953820	0.00947686	0.00134146	0.00630449
1.01403400	-0.16740183	-0.04434802	0.00798955	-0.00104589	0.00393554
1.01630013	-0.17081162	-0.04318258	0.00951055	-0.00271926	-0.00245730
1.02167423	-0.16874441	-0.04470183	0.00155582	0.00099012	0.00067542
1.01943305	-0.17168219	-0.04480220	0.00497188	0.00573642	0.00244394
1.02010665	-0.16612099	-0.05167442	0.00113274	0.01042063	0.00442461
1.02305784	-0.16802186	-0.04824304	-0.00057105	0.01197724	0.00300670
1.01470672	-0.16585750	-0.04895809	-0.00278780	0.01248323	-0.00157341
1.01652018	-0.17112098	-0.04605560	0.00103499	-0.00103004	0.00211555
1.01674459	-0.16777684	-0.04323874	-0.00494746	-0.00165926	0.00292396
1.01844483	-0.16870385	-0.04828979	-0.00610372	-0.00163627	0.00653304
1.01591831	-0.16214778	-0.04229556	-0.00766352	-0.00210374	0.00942834
1.02140736	-0.16484283	-0.04036153	-0.00491909	0.00194274	0.00741287
1.02195313	-0.16470494	-0.03624839	-0.00470752	0.01108244	0.00592201
1.01965820	-0.16399144	-0.04309037	-0.01432769	0.01545053	0.00579135
1.01846125	-0.16430234	-0.04464038	-0.01614610	0.00827441	0.00160814
1.01910729	-0.16942054	-0.04580759	-0.01214803	-0.00266635	-0.00454946
1.02219304	-0.16866489	-0.04184146	-0.01042624	0.00838023	-0.00836985
1.02069687	-0.16565325	-0.04273576	-0.01571273	0.00929267	-0.01022107
1.01738791	-0.16476388	-0.04646117	-0.01030991	0.01808188	-0.00768891
1.01362647	-0.16336591	-0.05440220	-0.01989900	0.00768606	-0.01600039
1.01503881	-0.16936844	-0.04692827	-0.00571133	0.00127403	-0.00527656
1.01735679	-0.17003823	-0.04303953	-0.00461457	0.00517379	-0.00786887
1.01878610	-0.17169568	-0.04407137	-0.01249956	-0.00351325	-0.00605269
1.01683221	-0.17010468	-0.03999586	-0.01030941	-0.00105299	-0.01005864
1.01681714	-0.17637205	-0.04306674	-0.00911133	-0.00532129	-0.00428171
1.01876298	-0.16989141	-0.04225600	0.00703878	-0.00749355	-0.00202302
1.02240133	-0.17140512	-0.04391704	0.00061132	0.01108648	-0.00221119
1.02138572	-0.17838392	-0.04280308	0.00618963	0.01545503	-0.00803911
1.02057027	-0.17191149	-0.04590346	0.00252718	0.01977086	-0.00872427
1.02191687	-0.17702804	-0.04359968	0.01102531	0.01068890	-0.00645142
1.01850301	-0.17194303	-0.03489208	0.02308520	0.00403441	-0.00306255
1.01927912	-0.17293899	-0.04419414	0.01715343	0.00129154	-0.00447618
1.01843432	-0.17182796	-0.04786056	0.02249818	0.00657946	0.00541951
1.01864277	-0.16556166	-0.04792215	0.01535590	0.00399414	0.00553375
1.01889986	-0.16007814	-0.03784789	0.01529669	0.00516835	0.00129108
1.01849236	-0.17195319	-0.03786455	0.00808297	0.01000084	0.00106000
1.01873268	-0.17156645	-0.02797664	0.00327044	0.00249115	-0.00224777
1.02569707	-0.16801781	-0.03269746	-0.00345725	0.00515007	-0.00978345
1.02673500	-0.16744300	-0.03055426	0.00894887	0.00720444	-0.01120512
1.01880769	-0.16655110	-0.03782183	-0.00664601	0.01407338	-0.01185019
1.01644717	-0.16565171	-0.04350262	0.00629017	-0.00221101	-0.00236151
1.01649111	-0.16881507	-0.04367135	0.01147122	0.00813961	-0.00948453
1.01977086	-0.16495110	-0.03725213	0.00819554	0.00032572	-0.00099252
1.01833549	-0.16431721	-0.03806901	0.01388262	0.00300221	-0.00445671
1.01597197	-0.16332304	-0.03260658	0.01011339	0.01081378	-0.00201607
1.01743479	-0.16500710	-0.04581419	0.00972799	0.00266253	0.00119274
1.02062995	-0.15931498	-0.04685721	0.00605637	0.00634502	0.00303204
1.02143743	-0.15787154	-0.04302110	0.00842930	0.00915992	0.00375091
1.02043923	-0.15838097	-0.04068369	0.00141710	0.00821706	-0.00413900
1.02008037	-0.16366552	-0.04135138	-0.01181220	0.01912967	-0.00062619
1.01946191	-0.15355633	-0.03991062	-0.01088425	0.01212837	-0.00510894
1.01719432	-0.15670835	-0.03822485	-0.01791927	-0.00358185	-0.00131341
1.01294822	-0.15710197	-0.03850898	-0.01158858	0.00056266	-0.00365525
1.01929990	-0.15839415	-0.03742996	-0.01655519	0.00552823	-0.00788461
1.02026892	-0.16088675	-0.03324775	-0.00861275	0.00551212	-0.00328642
1.01786376	-0.16417669	-0.03515569	-0.02010006	-0.00826254	-0.00216678
1.01527272	-0.16361357	-0.03173287	-0.00743241	-0.00483795	-0.00076173
1.01890465	-0.17082373	-0.04056775	-0.00192083	0.00835446	0.00155781
1.02425269	-0.17301902	-0.03707100	-0.00102551	0.02225079	-0.00514744
1.02279528	-0.16371109	-0.03944200	0.00367235	0.01275726	-0.00680756
1.01840268	-0.16308847	-0.03913584	-0.00152801	-0.00339541	-0.00393475
1.01722440	-0.16530147	-0.04449546	-0.00329351	-0.00530596	0.00173446
1.01661872	-0.16333926	-0.04388546	0.00062719	-0.00719732	0.00025771
1.02160718	-0.16464136	-0.04370906	0.01241306	0.00511087	-0.00133280
1.02294378	-0.16434496	-0.04030523	0.01350365	0.01532150	0.00112372
1.02428397	-0.16027160	-0.03096358	0.00908376	0.01085750	0.00227900
1.02035775	-0.15777976	-0.03098075	0.00262506	-0.00034025	-0.00285402
1.02111707	-0.16057675	-0.03615459	-0.00566096	-0.00380285	0.00418016
1.02251015	-0.15972381	-0.03872989	-0.01277142	-0.00411903	-0.00044776
1.02341267	-0.16318074	-0.03932505	-0.00828156	0.00059654	-0.00215459
1.02190005	-0.15513216	-0.04000531	-0.00988936	0.00194734	0.00044538
1.01647297	-0.16080414	-0.03635819	-0.00856231	-0.00900905	0.00329610
1.01813763	-0.16494520	-0.04488023	0.00145578	-0.01122305	0.00063272
1.02060499	-0.16277163	-0.03802035	0.00084557	-0.00645499	0.00039231
1.01756444	-0.16089404	-0.04080677	0.01348475	-0.00806128	-0.00461110
1.01941683	-0.16446396	-0.03888023	0.00609102	-0.00399189	-0.00295561
1.01783309	-0.15934168	-0.04313750	0.01279471	-0.00566892	0.00064644
1.01757224	-0.15900565	-0.03844486	0.02217296	-0.01023934	-0.00071091
1.02191652	-0.16130989	-0.03831337	0.01975607	-0.00327836	0.00006909
1.01742983	-0.15671539	-0.04106674	0.01717363	0.00155096	0.00258130
1.01981370	-0.15967154	-0.04173090	0.01176428	-0.00390425	0.00581389
1.01907601	-0.15728367	-0.03988636	0.00617795	0.00104968	0.01052165
1.01804939	-0.16456295	-0.03886511	0.01428303	0.00667425	0.00367696
1.01811508	-0.16447604	-0.03397748	0.01377091	-0.00821790	0.00099189
1.02073629	-0.15906392	-0.03537293	0.00991158	-0.00814571	0.00994719
1.01854891	-0.16062668	-0.03014852	0.02306793	-0.00664462	0.01441458
1.01736271	-0.15562408	-0.03036666	0.01150328	-0.01356869	0.01703969
1.01614909	-0.16616556	-0.04041169	0.00899271	-0.01455383	0.00863890
1.01794926	-0.16656989	-0.04148301	0.00489452	-0.01293852	0.00766703
1.01680526	-0.16845480	-0.03945536	0.01653184	-0.01039030	0.01886484
1.01916195	-0.16410891	-0.04297440	0.01429496	-0.00910876	0.00572166
1.01908596	-0.16454290	-0.04176965	0.01571946	-0.00327268	0.00435529
1.01688000	-0.16259757	-0.04085361	0.02294106	-0.00079274	0.00041340
1.01978926	-0.15813326	-0.04393974	0.02071570	0.00131896	-0.00840987
1.01987792	-0.15567942	-0.04005106	0.00919951	0.00641266	-0.00758707
1.02291760	-0.15197446	-0.03978146	-0.00090862	0.00383352	-0.01404895
1.02453681	-0.15339615	-0.03552704	-0.01337595	-0.01048097	-0.01208066
1.02120966	-0.15601702	-0.03726591	-0.00610872	-0.00109046	-0.01062075
1.01808241	-0.16049600	-0.03932345	0.00437850	-0.01374513	-0.01628202
1.02299680	-0.16469089	-0.03970286	0.00870112	-0.01714770	-0.00916546
1.02045649	-0.16526957	-0.04766871	0.00936733	-0.00442116	-0.00680094
1.02094350	-0.16638486	-0.05417600	0.00906896	0.01080071	-0.00392368
1.01285341	-0.16164742	-0.04885450	0.01345772	-0.00784664	0.00307945
1.00715709	-0.16338623	-0.03735434	0.02187787	-0.02213487	0.00398156
1.01428846	-0.16790734	-0.04035252	0.02176470	-0.01554569	0.00333075
1.02516007	-0.15983172	-0.04759700	0.01886343	0.00143592	0.00357972
1.01790440	-0.15958575	-0.04348340	0.00887181	-0.00397841	-0.00018509
1.01603192	-0.15452105	-0.04117913	0.00138959	0.00713199	0.00525867
1.02092894	-0.15719642	-0.03636640	-0.00133416	0.00343408	0.00107673
1.02094842	-0.15740163	-0.03844514	0.00298015	0.01597565	-0.00384682
1.02054934	-0.15858926	-0.03621112	0.00544155	0.01190217	0.00481233
1.01983823	-0.15612179	-0.03160793	0.00702935	0.01026389	-0.00466649
1.02084971	-0.15699819	-0.03561666	-0.00126059	0.00815455	-0.00231027
1.02009127	-0.15930303	-0.03667475	-0.00021717	0.00696581	0.00159472
1.01596933	-0.17016778	-0.03701050	0.00469609	0.01016480	-0.00429115
1.01496342	-0.16652766	-0.03621655	0.01376432	0.01236473	-0.00560396
1.01816289	-0.16149967	-0.03791673	0.00874535	0.00105688	-0.00577287
