0.90906009	0.30391926	0.33988769	-0.01413375	-0.01706040	0.02747192
0.90466288	0.30284818	0.34111995	-0.02122598	-0.02534413	0.02114661
0.90538073	0.30187153	0.34721418	-0.01110794	-0.02300095	0.02615555
0.90633801	0.29416817	0.34387945	-0.00785651	-0.02134559	0.03325009
0.90748565	0.29766381	0.33939570	-0.00654719	-0.03125559	0.02857459
0.90952071	0.29928415	0.34825256	-0.01292218	-0.03819100	0.03331366
0.91075838	0.29168148	0.34243345	-0.00941642	-0.03365506	0.03773927
0.90750684	0.28954625	0.34750133	-0.00544112	-0.01873279	0.03538216
0.89917883	0.28943850	0.35752400	-0.00122310	-0.02582211	0.04180484
0.90761882	0.28976849	0.35602955	0.00365859	-0.02798900	0.02988572
0.91330050	0.29346699	0.35533578	0.00883170	-0.02623567	0.03129593
0.91620065	0.29515192	0.34804467	0.00286377	-0.01950749	0.03454081
0.91224503	0.29332978	0.34895025	0.00547970	-0.00459276	0.03659274
0.90481451	0.29103361	0.34925310	0.00295553	-0.00272431	0.02550150
0.90410152	0.29278673	0.34198422	-0.00727451	-0.00302372	0.03572013
0.90920191	0.29450856	0.34422838	0.00043785	-0.02121618	0.02678442
0.90860097	0.29418175	0.34863295	0.00912636	-0.02733754	0.02240285
0.90432996	0.29780877	0.34668512	0.00692386	-0.02942235	0.02054974
0.90665961	0.29756889	0.34614128	0.00574857	-0.02367543	0.02651205
0.90214733	0.29431237	0.34859722	0.00360308	-0.03387405	0.02261889
0.90219144	0.29944659	0.34751575	0.00689757	-0.02583512	0.03260854
0.90304529	0.29393357	0.35202366	0.00757436	-0.02880067	0.03501650
0.90669843	0.30020991	0.36002675	0.00331443	-0.03344959	0.03758410
0.91225802	0.29769239	0.35562748	0.00251021	-0.02547891	0.02586583
0.90836888	0.29639089	0.35227155	0.00378416	-0.02801453	0.01714984
0.91137869	0.29293625	0.34606208	0.00040445	-0.02632867	0.02976943
0.91280663	0.29451485	0.34543192	0.00236114	-0.02032341	0.03302231
0.91360633	0.29197542	0.34760112	0.00374895	-0.01765845	0.02341223
0.91331894	0.29045146	0.34998859	0.00176358	-0.02329476	0.02250839
0.90933967	0.29263212	0.34560929	-0.00068118	-0.02084261	0.01813349
0.90880368	0.29509018	0.35668746	-0.00694591	-0.02128191	0.01611497
0.90735044	0.29206246	0.35760895	-0.00605747	-0.01164765	0.02107573
0.90486438	0.29613487	0.35580864	0.00429112	-0.01881770	0.00963118
0.90648120	0.29609319	0.35300977	0.00899350	-0.01493325	0.02495581
0.90913062	0.29804997	0.35419572	0.00037545	-0.01969375	0.01318059
0.90878649	0.29470415	0.35020656	-0.00290323	-0.01535662	0.01714853
0.91210925	0.29217691	0.34419482	0.00283848	-0.01848595	0.01549036
0.91291995	0.29145920	0.34933007	0.00611341	-0.01884208	0.01058047
0.91028011	0.29279400	0.35252718	0.01068236	-0.01989093	0.01026010
0.91211637	0.29075782	0.35428811	0.00741426	-0.02133873	0.01477954
0.91014219	0.29961858	0.35830529	0.00615816	-0.01197346	0.00769902
0.90855009	0.30052608	0.34994686	-0.00382833	-0.00896010	0.01631111
0.90993378	0.29799031	0.35436766	-0.00915528	-0.01404655	0.00779216
0.90353943	0.29841275	0.35970400	-0.00304558	-0.03015665	0.00197261
0.90351915	0.29844870	0.35142701	0.00643101	-0.02849473	0.01981714
0.90814181	0.29380469	0.35527528	-0.00521564	-0.02136950	0.01465508
0.90623041	0.29735033	0.34843361	0.00232204	-0.01910150	0.02431441
0.90644658	0.29761953	0.34683198	0.00531508	-0.00488563	0.02073373
0.90327320	0.29700007	0.34654281	0.00345229	-0.01153662	0.01330603
0.90845691	0.29397859	0.35203410	0.00019088	-0.01136722	0.00747294
0.90876274	0.29575867	0.35262300	0.00334712	-0.00226702	0.00974940
0.90982266	0.29732476	0.35313933	-0.00220731	-0.00910335	0.00902986
0.90041410	0.29416115	0.34835266	0.00525802	-0.01574430	0.00990145
0.90357609	0.29183685	0.34969595	0.00513171	-0.01591027	0.01490946
0.90374341	0.29562143	0.34948181	-0.00219831	-0.01673394	0.00255719
0.90164035	0.29672650	0.34916433	0.00596032	-0.01633109	0.01827002
0.90127803	0.29518843	0.35139549	0.00462448	-0.01478666	0.02597370
0.90339175	0.29485599	0.35230248	0.00240284	-0.00868798	0.01908233
0.90643121	0.29361913	0.35378843	-0.00017968	-0.01504717	0.02562036
0.90496632	0.29589281	0.34758843	0.00284382	-0.01326838	0.00282999
0.90545236	0.29995433	0.34971962	0.01097158	-0.01989871	0.00725872
0.90685682	0.29988694	0.34594023	0.00288892	-0.01470478	0.01337195
0.90094850	0.29615898	0.35022675	0.00549860	-0.00723924	0.01275860
0.90561836	0.29176203	0.34875498	0.00504525	-0.01706184	0.00223136
0.90882082	0.29480977	0.34854443	0.00448286	-0.00589591	0.01204474
0.90693047	0.29666275	0.35024285	0.00520809	-0.00953908	0.00677501
0.90895976	0.29263302	0.35806690	0.00458075	-0.01540751	0.01572155
0.90730239	0.29515604	0.34920911	-0.00180471	-0.01150437	0.00455288
0.90339208	0.29371827	0.35150639	-0.00525227	-0.00760632	0.00856522
0.90516200	0.29349774	0.35133691	-0.00279887	-0.01210328	0.00643943
0.90523435	0.29274781	0.35042083	-0.00252174	-0.01191367	0.00141220
0.90773680	0.29276262	0.35963870	0.00606292	-0.00251519	-0.00002729
0.90476269	0.29468853	0.35994964	-0.00206727	-0.01284410	0.00310445
0.90498987	0.29956492	0.36077827	0.00300187	-0.01127679	0.01659003
0.90610062	0.29779466	0.36268069	-0.00080801	-0.01446221	0.00844514
0.90604433	0.29500580	0.36382254	-0.00094929	-0.00740494	0.00050697
0.90617894	0.29445857	0.36078461	0.00103156	-0.00040217	0.00680527
0.90771356	0.29020570	0.36100529	-0.00474832	-0.00533524	0.00060749
0.90502868	0.28751159	0.35834821	-0.00135097	-0.01437675	0.00295707
0.90229127	0.29294711	0.34984481	0.00168857	-0.01668934	-0.00774705
0.90509465	0.29672838	0.36428075	0.00079480	-0.01653856	-0.00073193
0.90588013	0.29805645	0.35326657	0.00219415	0.00835520	0.00811195
0.90279956	0.29598731	0.35281978	0.00241216	0.00666562	0.00387861
0.90341922	0.29539667	0.35875726	0.00463431	-0.00153473	-0.00290618
0.89879409	0.29593354	0.35027433	-0.00373202	-0.00493776	0.00778907
0.90313392	0.29444753	0.35482586	-0.00194174	-0.00530087	0.00768129
0.90487974	0.29489028	0.35760524	-0.00529638	-0.00657631	0.01168171
0.90386150	0.29327266	0.35516280	0.00554099	-0.00763557	0.01791629
0.90377197	0.29611903	0.35359594	0.00383887	-0.00867150	0.01182825
0.90737079	0.29636169	0.34873411	-0.00019724	-0.00585002	0.00759485
0.90254069	0.29251444	0.35271008	0.01061945	-0.01467529	0.00327807
0.90445128	0.29683277	0.34870099	0.01119667	-0.01290298	0.00782285
0.90730149	0.29630329	0.34605405	0.00239220	-0.01338702	0.00463474
0.90813623	0.29827356	0.35144419	0.01430745	-0.00445139	0.01326078
0.90600832	0.30007912	0.35265755	0.00648787	-0.01789578	0.00501083
0.90389121	0.29690836	0.35968585	0.00622730	-0.01790236	0.01579314
0.90613627	0.29806120	0.37123720	0.00876105	-0.01236042	0.00154884
0.90403862	0.29958960	0.36450939	0.00322365	-0.01326429	0.00889673
0.90388751	0.29983752	0.36120112	0.00242422	-0.01347479	0.01345714
0.90381756	0.30184490	0.35860643	-0.00071205	-0.01538179	-0.00097055
0.90321956	0.30275412	0.35270625	0.00541145	-0.01257786	0.00699709
0.90492776	0.29860754	0.35260664	0.00518564	-0.01334733	0.00916761
0.90665332	0.29890060	0.35563543	0.00625120	-0.01877801	0.01234296
0.90927636	0.29845495	0.35551195	0.00577443	-0.01004720	0.01085496
0.90857640	0.29592992	0.35482624	0.00211570	-0.00696733	0.00917939
0.91157394	0.29732677	0.35075184	0.00772684	-0.02472723	0.00629156
0.90473354	0.29502800	0.35030501	0.00718531	-0.00948017	0.01804716
0.90905020	0.29313718	0.34806188	0.00232983	-0.01225124	-0.00560907
0.90481980	0.29595989	0.34644086	0.00949706	-0.01435343	0.00685349
0.90581957	0.29528059	0.35645261	0.00751677	-0.01513024	0.00032054
0.90438436	0.29950799	0.36068773	0.00400317	-0.00540841	-0.00484929
0.90271229	0.29856215	0.35540376	0.00391651	-0.01403011	0.00163173
0.90459450	0.29630656	0.35656679	0.00023738	-0.00110535	-0.00910386
0.90371927	0.29380829	0.35359951	0.00117300	-0.00333301	-0.01249391
0.90584663	0.29411819	0.35184844	0.00139713	-0.00535967	-0.00078508
0.90442956	0.29665877	0.35230270	0.01093666	-0.00982612	0.00009411
0.90202592	0.29715486	0.35149604	0.00852124	-0.03113675	-0.00026418
0.90278761	0.29421014	0.34958950	0.00825017	-0.01121985	-0.00147764
0.90618306	0.29756240	0.34366840	0.00449099	-0.00321905	0.00760354
0.90538740	0.29287409	0.34642375	0.00265907	0.00173717	0.01260318
0.90125209	0.29008087	0.35165645	0.00466042	-0.00285971	0.00356245
0.90496783	0.28911206	0.35214948	0.00548023	-0.00548815	0.00696731
0.90975179	0.29379985	0.34935024	0.00199598	-0.00289137	-0.00046593
0.90759933	0.29763295	0.35269910	0.00407914	-0.00860791	-0.00124458
0.90677768	0.29829667	0.34565806	0.00750116	-0.00581206	0.00197379
0.90671558	0.29783505	0.35678532	0.00751722	-0.01305422	0.00238932
0.90852752	0.29838937	0.35825721	0.00484098	0.00358054	-0.00131356
0.90691149	0.30167971	0.35851317	0.00619298	-0.00485548	0.00062090
