0.91111395	0.29728956	0.34321369	0.00213369	0.00469579	0.00198481
0.91246928	0.29310774	0.34867524	-0.00209071	0.01118591	-0.00580920
0.91200767	0.29420700	0.34272667	-0.00235807	0.01183133	-0.00723757
0.91304101	0.29315134	0.34330170	0.00006418	0.01227773	-0.00469105
0.90905908	0.29451393	0.34454449	0.00193059	0.00684274	-0.00613434
0.90796386	0.29534155	0.33812469	0.00424400	0.00033692	-0.00341748
0.91005006	0.29313143	0.33872850	-0.00409388	0.00613736	-0.00183773
0.91158381	0.29203370	0.34763319	-0.00224020	0.00513245	-0.00099053
0.91297662	0.29009334	0.34971324	-0.00261811	0.00853135	0.00185341
0.91162411	0.28957020	0.34588151	0.00010882	0.00814784	0.00232331
0.91067682	0.29469064	0.34843886	-0.00131801	0.00248889	0.00091510
0.91059930	0.29798334	0.34037707	0.00122556	0.00114721	0.00092879
0.91059659	0.29345519	0.34177738	0.00002709	-0.00453694	0.00425199
0.91222953	0.29440399	0.33298835	0.00281652	-0.00341705	-0.00008144
0.91339929	0.29313129	0.34589759	0.00165158	-0.00320622	-0.00068339
0.91100678	0.29505207	0.34537193	0.00366592	-0.00574029	-0.00345429
0.91347396	0.29316613	0.34494406	0.00622034	0.00287674	-0.00381441
0.91506549	0.29365528	0.34297092	-0.00067487	0.00967906	-0.00276029
0.91529316	0.29449875	0.34730406	-0.00677560	0.00707472	-0.00261324
0.91141203	0.29467991	0.34471454	-0.00458815	-0.00328587	-0.00339158
0.90922203	0.29572641	0.33834272	-0.00190183	-0.00643262	-0.00266246
0.91099166	0.29803575	0.34305932	-0.00030763	-0.00259861	-0.00484488
0.91118736	0.30032899	0.34268263	-0.00151672	0.00384063	-0.00426198
0.90958204	0.29588425	0.34034873	-0.00236329	0.00942966	-0.00301706
0.91020237	0.29383085	0.33848259	-0.00612763	0.01042777	-0.00329316
0.91387155	0.29627401	0.34508323	-0.00412033	0.00753526	-0.00542136
0.91080412	0.29681307	0.33750885	-0.00439745	0.01445707	-0.00354459
0.90700007	0.29500042	0.33910796	-0.00202918	0.00534747	-0.00288242
0.90825040	0.29393460	0.34159681	-0.00262736	0.00435295	0.00083435
0.90856640	0.29472220	0.34627022	0.00050701	0.00240295	-0.00084695
0.91107390	0.29634427	0.34238319	-0.00089688	0.00252044	0.00432436
0.91163070	0.29390853	0.34281063	-0.00458241	0.00712401	0.00630994
0.91114021	0.29360606	0.34199406	-0.00174788	0.00406676	0.00694094
0.91106277	0.29794850	0.33739039	-0.00157499	-0.00161901	0.00581149
0.91006357	0.29584969	0.33864020	-0.00054177	-0.00024412	-0.00010573
0.91149491	0.29540179	0.34415944	0.00666535	0.00131129	0.00222796
0.91125793	0.29973552	0.34169288	0.00387607	-0.00466758	-0.00034976
0.91100015	0.29763152	0.34115259	0.00334708	-0.00468289	-0.00020923
0.91118762	0.30034693	0.34592052	0.00168417	0.00007780	0.00575275
0.91278092	0.29557014	0.34775892	-0.00339071	-0.00219688	0.00006921
0.91253974	0.29266860	0.34229452	-0.00094323	0.00088848	0.00284852
0.90994637	0.29378641	0.34720447	-0.00094058	0.00789610	0.00490528
0.91032873	0.29352074	0.34765684	0.00196855	0.00114893	0.00137475
0.90577087	0.29495663	0.34120611	-0.00153687	-0.00721681	-0.00248976
0.90787940	0.29960373	0.34345296	-0.00145521	-0.00035804	-0.00163200
0.91063449	0.29912329	0.35199784	-0.00009585	0.00596898	0.00132528
0.91535372	0.29170263	0.35101103	0.00494825	0.00654896	0.00254114
0.91740295	0.29247544	0.35553342	0.00130733	0.00388896	0.00298620
0.91571903	0.29269557	0.35118552	-0.00107888	0.00905803	0.00003748
0.91423286	0.29119992	0.34141402	-0.00353649	0.00606145	-0.00304304
0.91090740	0.29199391	0.34310362	-0.00076230	0.00238763	0.00030341
0.90839593	0.28812283	0.33924802	-0.00102054	0.00111188	0.00458819
0.91006710	0.28889477	0.34162909	-0.00052593	-0.00791939	0.00344472
0.91366110	0.29101366	0.34342212	-0.00426855	-0.00195553	-0.00696031
0.90916205	0.29283565	0.34693575	-0.00352418	0.00481216	-0.00961626
0.90751489	0.29480104	0.33870090	0.00454020	-0.00051305	-0.00891379
0.90977639	0.29125996	0.34771288	0.00952023	-0.00019844	-0.00235195
0.91203103	0.29010006	0.33912428	0.00414338	0.00213178	-0.00250081
0.91039666	0.29559810	0.33604626	-0.00396633	-0.00012834	-0.00400344
0.90948651	0.29563399	0.33024134	0.00124653	0.00941556	-0.00542010
0.91017580	0.29578790	0.33392408	-0.00064153	0.00360428	-0.00504420
0.91186551	0.29629168	0.34148109	0.00173420	-0.00068110	-0.00559648
0.90819946	0.29565033	0.33632000	0.00035360	0.00792187	0.00157495
0.91181458	0.29666173	0.33347585	0.00209092	0.01022561	-0.00033471
0.91146893	0.29676941	0.35985512	-0.00050688	0.00925728	0.00608236
0.91056539	0.29760089	0.35519548	-0.00618005	0.00879268	0.00365391
0.90859973	0.29628103	0.34827000	-0.00251342	0.01212602	0.00026496
0.91193423	0.29367757	0.35016497	-0.00306632	0.00680141	0.00010492
0.91089866	0.29183424	0.35202408	0.00187546	0.00679350	0.00153546
0.90753556	0.29652250	0.35276228	0.00141073	0.00446377	-0.00253492
0.90546242	0.29923567	0.34860639	0.00034289	0.00301560	-0.00234872
0.90482836	0.30127199	0.35554168	0.00400442	0.00919275	-0.00452859
0.91003515	0.29684577	0.34427067	0.00053179	0.00525605	0.00178422
0.90937442	0.29718526	0.34130689	-0.00375129	-0.00030207	0.00615716
0.91190058	0.29059403	0.34024187	-0.00132872	-0.00109099	0.00825524
0.91147558	0.29451406	0.34027042	0.00030173	-0.00162905	0.00679407
0.91399252	0.29235883	0.34596620	0.00085968	0.00298672	0.00484455
0.90914809	0.29384499	0.34399114	0.00156503	0.00065096	0.00074811
0.90864818	0.29351388	0.34471661	-0.00066660	-0.00596265	-0.00395629
0.90556286	0.29338977	0.34647033	-0.00231063	0.00757972	-0.00175438
0.90916757	0.29602283	0.34450866	-0.00149277	0.00642945	0.00229235
0.91186397	0.29550871	0.33616497	-0.00287417	0.00645897	0.00939857
0.91133476	0.29544350	0.34918106	-0.00173121	0.00010026	0.00569679
0.91153787	0.29526116	0.34352039	-0.00274226	0.00582662	0.00198441
0.91197840	0.29606550	0.34233581	-0.00333821	-0.00340648	0.00353789
0.90943168	0.29663252	0.34233061	-0.00385402	0.00156945	0.00221098
0.91081588	0.29357960	0.34451748	-0.00608197	0.00720342	-0.00019151
0.91031731	0.29078189	0.34340395	-0.00200796	0.00455657	-0.00324780
0.90956543	0.29323266	0.34218250	0.00180691	0.00050137	-0.00170390
0.91083033	0.29542657	0.34775812	-0.00008037	0.00187550	-0.00113587
0.90946915	0.29326702	0.34977404	0.00297978	0.00309177	-0.00359507
0.90908456	0.29356040	0.34421222	0.00317573	0.00175116	-0.00704660
0.91040231	0.29438209	0.34349379	0.00170747	0.00604504	-0.00194838
0.90945526	0.29579931	0.33870046	0.00257157	0.00017782	0.00067489
0.91040251	0.29889189	0.34534638	0.00380159	0.00425712	-0.00022078
0.91091504	0.29623202	0.34822097	0.00507705	0.00748318	-0.00612643
0.91086135	0.29417067	0.33415889	-0.00125622	0.00812143	-0.00779847
0.90828171	0.29566817	0.34438859	-0.00141939	0.00551437	-0.00864154
0.90877436	0.29761575	0.33937102	-0.00196821	0.00169680	-0.00533383
0.90884862	0.29882735	0.34022837	-0.00325688	0.00272692	-0.00345128
0.90944606	0.29831221	0.34083996	-0.00306524	0.01121034	-0.00548069
0.91047552	0.29576237	0.34611125	-0.00277905	-0.00222671	-0.00924593
0.91020698	0.29270897	0.34687933	-0.00216787	-0.00618412	-0.00544328
0.91160460	0.29187558	0.34770071	-0.00309138	0.00156170	-0.00566403
0.91130170	0.29286206	0.35395262	-0.00697280	0.00755291	-0.00328720
0.90898181	0.29713058	0.35496088	-0.00421615	0.00248658	0.00037956
0.90839161	0.29803930	0.35971660	0.00088030	0.00265654	-0.00131944
0.91058935	0.29657243	0.35113560	0.00135875	0.00441148	-0.00401189
0.91452659	0.29706458	0.34765257	0.00248832	0.00990343	-0.00193561
0.90964361	0.29669682	0.34775369	-0.00165888	0.01762258	-0.00032123
0.90583244	0.29493163	0.34968005	-0.00246905	0.01345421	0.00337110
0.90580720	0.29296689	0.34213885	-0.00442291	0.00405052	0.00104054
0.90948279	0.29497809	0.34820063	-0.00270106	0.00372594	-0.00275197
0.90773752	0.29892637	0.34672848	-0.00327340	0.01317034	-0.00352684
0.90641801	0.29495220	0.34575404	0.00172663	0.00316473	-0.00358789
0.90793406	0.29783876	0.35417951	0.00298066	0.00275360	-0.00505167
0.91369718	0.29850608	0.34556277	0.00277210	0.00478440	-0.00472460
0.91088948	0.29376772	0.34361720	-0.00010910	0.00781811	-0.00335461
0.90761045	0.29558082	0.34646657	-0.00183491	-0.00459561	-0.00077792
0.90998862	0.29345341	0.34846657	-0.00088867	-0.01369100	0.00176111
0.90763698	0.29484616	0.34623923	-0.00130809	0.00156182	0.00231817
0.90841477	0.29378660	0.34757874	-0.00068263	0.00372751	0.00074524
0.91028277	0.29186680	0.35221454	0.00248976	-0.00214984	0.00265643
0.90925483	0.29204602	0.34833510	0.00789460	0.00087113	0.00005038
0.91203211	0.29654231	0.33664440	0.00545002	-0.00320103	-0.00119730
0.91293419	0.29616230	0.33649791	0.00108083	0.00238466	-0.00413097
0.90875773	0.29863822	0.33449231	0.00098625	0.00453346	-0.00835452
0.90837350	0.29972832	0.33789945	0.00149026	0.00492810	-0.00255068
