-0.02810191	0.54234459	0.85617271	-0.00348510	0.01492530	-0.01626018
-0.02924404	0.54093829	0.84474531	-0.00433894	0.01173781	-0.02106047
-0.02778197	0.54331417	0.84627623	-0.00601562	0.02414409	-0.01848642
-0.02483247	0.54482918	0.84970998	-0.00184661	0.02057178	-0.02550561
-0.03146014	0.54092071	0.84850596	0.00092523	0.02100312	-0.01763231
-0.03407304	0.53939348	0.85641883	0.00471539	0.01514478	-0.01064866
-0.02840430	0.54471420	0.85296238	-0.00220487	0.02147855	-0.02122941
-0.03309397	0.54728793	0.85170677	-0.00740467	0.02442611	-0.01362141
-0.03743913	0.55081336	0.86142596	-0.01354643	0.01414872	-0.01820327
-0.03208188	0.54650773	0.84961514	-0.00856938	0.00642728	-0.01874927
-0.03178444	0.54263697	0.84995422	-0.00436932	0.00164596	-0.01118371
-0.03235779	0.54779104	0.84831401	-0.00064923	0.00912157	-0.01328900
-0.02413609	0.54004488	0.84824039	0.00195575	0.00856099	-0.01688116
-0.03251681	0.54119619	0.84866799	-0.00450340	0.01212276	-0.00820444
-0.02721103	0.54347403	0.85169599	-0.00539653	0.00388880	-0.01158953
-0.02550043	0.54206353	0.85039800	-0.00181795	0.01462478	-0.01111053
-0.02883559	0.54373001	0.85707511	0.00067215	0.00641169	-0.00993012
-0.02853093	0.54707751	0.85241958	-0.00668363	0.02041284	-0.01011572
-0.02391146	0.54964916	0.85392174	-0.00713665	0.02143803	-0.02100198
-0.02832526	0.54535302	0.85835751	-0.00693559	0.02212135	-0.03597798
-0.02390022	0.54472950	0.85840560	-0.00338786	0.00934037	-0.03137038
-0.03416053	0.54112931	0.85693614	-0.01090013	0.00521169	-0.02321434
-0.03923966	0.54192454	0.85910284	-0.00688639	0.02555173	-0.02671028
-0.04014193	0.54684635	0.85849855	-0.01109620	0.03239010	-0.01266674
-0.03837018	0.53999083	0.85068045	-0.00682377	0.02438507	-0.00768316
-0.04237621	0.54437917	0.85523586	-0.00968767	0.00751966	-0.01167555
-0.03598372	0.54024401	0.85480103	-0.00618796	0.02088898	-0.00796343
-0.02736256	0.54169104	0.85716158	-0.00594967	0.00754257	-0.01211230
-0.03196086	0.53922649	0.85104907	-0.01260258	0.01843403	-0.01285034
-0.03213159	0.54420298	0.85242586	-0.00765280	0.00585501	-0.00712504
-0.02490299	0.54434490	0.85431599	-0.00111622	0.00936142	-0.01430212
-0.02803005	0.54383830	0.85201928	-0.00029727	0.01347580	-0.01057257
-0.02953047	0.53839716	0.84990358	0.00126168	-0.00010956	-0.01278395
-0.02869181	0.53794287	0.85730661	0.00458908	0.00753091	-0.01936674
-0.03250934	0.54077732	0.85327072	0.00967877	0.01809884	-0.01109430
-0.03121359	0.54172058	0.85260419	0.00346544	0.01073511	-0.01728468
-0.03758850	0.54456429	0.85410571	0.00647511	0.00747840	-0.00783889
-0.04109562	0.54492034	0.85582222	0.00266814	0.00739144	-0.01008931
-0.03872889	0.53989560	0.85639175	0.00478840	0.01162473	-0.00781157
-0.03983133	0.54725308	0.85461629	-0.00716623	0.02112526	-0.01452565
-0.03290806	0.54766538	0.85045873	-0.00022327	0.01536974	-0.01667393
-0.03680339	0.54241861	0.84794753	0.00443168	0.00919413	-0.01619755
-0.03262611	0.53784761	0.85121515	0.00022722	0.00580496	-0.01746594
-0.03261257	0.54011535	0.85360809	-0.00432621	0.01714289	-0.01230313
-0.02863640	0.54457195	0.85649221	-0.01100340	0.01667574	-0.01915017
-0.03627694	0.54516211	0.85888080	-0.00571621	0.02812361	-0.01443679
-0.04511253	0.54029676	0.85941518	-0.00465866	0.03136489	-0.01836968
-0.03305441	0.53871203	0.85210965	-0.00522158	0.02820645	-0.01514739
-0.03803965	0.53779098	0.85385336	-0.01146468	0.02336343	-0.00928410
-0.03653977	0.54021639	0.85360727	-0.00208867	0.01381747	-0.01214416
-0.04152259	0.53885108	0.86084691	0.00340080	0.02241856	-0.00358344
-0.03589759	0.53984333	0.85516241	0.00059310	0.02765024	-0.01220718
-0.04364537	0.54372505	0.85323670	-0.00446834	0.01140186	-0.00828293
-0.03775208	0.54224786	0.85223881	-0.00131943	0.01332090	-0.01583670
-0.03931969	0.54319484	0.85747082	-0.00752554	0.00516403	-0.00787563
-0.03668497	0.54302098	0.85108268	-0.00325388	0.00983085	-0.00724921
-0.02899874	0.53862586	0.84476616	-0.00579478	0.01110171	-0.01875422
-0.03486511	0.53807669	0.85067997	0.00006126	0.02395157	-0.00919831
-0.03732940	0.54021452	0.85221948	0.00219638	0.01831305	-0.00412005
-0.03615539	0.53954083	0.86660528	0.00055274	0.00296665	0.00290485
-0.03737199	0.54308493	0.86126947	0.00960470	0.00849448	-0.00861420
-0.03373959	0.53941461	0.85528560	0.00844254	0.01890871	-0.00626811
-0.03074166	0.53485689	0.85737700	0.00907458	0.01009172	-0.01025496
-0.03453001	0.53815288	0.87207467	0.00727315	0.01148579	-0.00111339
-0.03358309	0.54233516	0.86210291	-0.00045123	0.01603426	-0.00700065
-0.04007521	0.54397406	0.85112917	0.00716037	0.02415879	-0.00842914
-0.04291107	0.54122191	0.85670790	0.00242150	0.02810662	-0.01210134
-0.04327134	0.54310068	0.85618128	-0.01151907	0.02872045	-0.01246010
-0.04258656	0.54586389	0.86656730	-0.01722507	0.00739770	-0.00666340
-0.04415264	0.54317951	0.87335614	-0.00769318	-0.00358890	-0.00596454
-0.04611868	0.54372612	0.86109965	-0.00875040	0.00822140	-0.00546801
-0.04288459	0.54163253	0.85794314	-0.00261823	0.00657505	-0.00306510
-0.04436629	0.54042220	0.85429326	-0.00219824	-0.00197716	-0.01055355
-0.04449165	0.53998430	0.85507255	-0.00733641	-0.00564195	0.00743390
-0.02882337	0.53742085	0.84627309	-0.00342702	-0.00016120	-0.00519484
-0.02595126	0.54020719	0.84803320	0.00747818	0.00919530	-0.01554180
-0.02948898	0.53855483	0.84920928	-0.00666245	0.02392228	-0.01628776
-0.02946430	0.54032644	0.85113624	-0.00873797	0.02806238	-0.01283237
-0.03256948	0.54341562	0.86065993	-0.00856272	0.02091311	-0.01595698
-0.04093343	0.54020598	0.85581094	-0.00941138	0.01951474	-0.02883157
-0.04602651	0.53803205	0.85700428	-0.00645479	0.01779201	-0.02507658
-0.04441210	0.54028272	0.85515208	-0.00386122	0.01329176	-0.01874381
-0.05022545	0.54199785	0.85105803	0.00294579	0.02711247	-0.00431627
-0.05517321	0.53627541	0.85045756	-0.00285293	0.02151116	0.00023288
-0.04960038	0.54309936	0.86006414	0.00024282	-0.00432104	0.00422986
-0.05306048	0.54823526	0.85972880	-0.00151104	-0.01931728	0.00068680
-0.04498088	0.55074263	0.85559081	0.00933483	-0.01989662	0.01179881
-0.04360538	0.55136268	0.85982649	0.00483496	0.00478621	0.01913255
-0.03589564	0.54402848	0.85889151	-0.00449489	0.01117262	-0.00676515
-0.03671876	0.54227735	0.85236553	0.00179984	0.00119659	-0.00584650
-0.03625377	0.53793117	0.86460407	0.00583287	0.00373263	0.00016473
-0.03587268	0.53100727	0.86347984	0.01199480	-0.00545196	-0.01137483
-0.02965109	0.53192615	0.85592759	-0.00064245	0.00211298	-0.00349447
-0.03929897	0.53656580	0.86675103	0.00162266	-0.00373940	-0.00257993
-0.03824529	0.53858649	0.85913474	-0.00130933	0.00869079	-0.00011977
-0.04377477	0.54097495	0.85175213	0.01330911	-0.00514196	-0.00296400
-0.03885389	0.54458225	0.85415027	0.01093078	-0.00434313	0.00420338
-0.04170228	0.54398281	0.85915243	0.00665550	0.00064506	-0.00328679
-0.04914398	0.55030891	0.85139975	0.00372950	-0.00601920	-0.00450258
-0.04446628	0.54449770	0.85292369	0.00390340	-0.00055164	-0.00099193
-0.04313830	0.54530695	0.85424605	0.00227765	-0.00869239	0.00111302
-0.03272468	0.54672390	0.85185606	0.00125825	-0.00712844	-0.00306691
-0.03568782	0.54289113	0.85757313	-0.00194020	-0.00340294	0.00127170
-0.03478601	0.54169984	0.85445981	0.00974409	-0.00778791	-0.00872477
-0.03627832	0.54033684	0.85773196	0.00977334	-0.00451913	-0.00410488
-0.02808227	0.53857724	0.84954125	0.00318727	-0.02022203	0.00534466
-0.03252312	0.54470206	0.84184022	0.00161116	-0.00159683	-0.00414591
-0.03537268	0.54405392	0.84501980	0.00344453	0.00175882	-0.00258938
-0.03139637	0.54219063	0.85188144	0.01097247	-0.00305732	-0.00690496
-0.03565796	0.53828100	0.85032996	0.01594074	-0.01515569	-0.01746502
-0.03830935	0.53930117	0.85733548	0.01694514	-0.00340720	-0.01373678
-0.03431587	0.53994595	0.85379171	0.00800531	0.00104463	-0.00493813
-0.04041541	0.55067346	0.85126028	0.00361820	-0.00939352	-0.00232816
-0.04255216	0.54901306	0.85254215	0.00924108	-0.01827977	-0.00026697
-0.04096151	0.54454722	0.84904431	0.00731406	-0.01911113	-0.00419150
-0.04219662	0.54079923	0.85342397	0.00557847	-0.01876298	-0.01001686
-0.04569163	0.53407148	0.86203830	0.00882556	-0.01741538	-0.00234205
-0.03892654	0.54256015	0.85184430	0.00257654	-0.01516847	0.00728907
-0.03439552	0.54277280	0.85078416	0.00326930	-0.00947425	0.01062230
-0.03165718	0.54114902	0.85166141	0.00263444	-0.00845464	-0.00110370
-0.02940954	0.53839972	0.85787468	0.00236327	-0.01216191	0.00261347
-0.02914885	0.53820305	0.85965978	0.00967469	-0.00902342	0.00257630
-0.03046789	0.53937007	0.85377084	0.00590195	-0.00466679	-0.00623523
-0.03223326	0.54393112	0.85400137	0.01000264	-0.00807963	-0.00016174
-0.03797801	0.54293314	0.85192089	0.01684320	-0.00393415	-0.01018317
-0.04430671	0.54363493	0.85061711	0.00800070	-0.01157201	0.00141327
-0.04573146	0.54028217	0.85291057	0.00820647	-0.00937003	0.00560200
-0.03739009	0.53996518	0.85601689	0.00703350	-0.01396025	0.00130944
