-0.04081351	0.60634801	0.81548396	-0.00038393	-0.05410684	-0.01465317
-0.05081102	0.60450260	0.81170519	0.01632455	-0.04399593	-0.01888450
-0.04636867	0.60572676	0.81562106	0.01114446	-0.05998639	-0.02231211
-0.05150610	0.61323796	0.81217569	0.00316092	-0.06407140	-0.02245810
-0.05000022	0.61136125	0.80937283	0.01502240	-0.06605891	-0.00993952
-0.04972209	0.61901495	0.81222641	0.01335819	-0.06414823	-0.02036485
-0.04833598	0.61804997	0.81059516	0.02147735	-0.06244300	-0.01946816
-0.04064588	0.61903492	0.80709424	0.01016261	-0.03821176	-0.01419219
-0.04531569	0.62392831	0.80503782	0.01188962	-0.04357968	-0.01388642
-0.03904901	0.62020853	0.80224357	0.01392770	-0.04912221	-0.00320358
-0.03960578	0.62099498	0.80589835	0.00311886	-0.05157733	-0.01075004
-0.03668353	0.61906103	0.80947291	-0.00398137	-0.05976573	-0.01205115
-0.04836229	0.62372204	0.80840161	0.00893018	-0.04797423	-0.01982709
-0.03680867	0.62056742	0.80538767	0.00536230	-0.05836104	-0.01778080
-0.03991771	0.62362871	0.80242027	-0.00497781	-0.05051363	-0.00779552
-0.04087642	0.62182286	0.80033680	-0.00537969	-0.03636002	-0.01516906
-0.04549101	0.62168807	0.80112408	-0.00475121	-0.05524325	-0.01161005
-0.03800477	0.62060222	0.79869465	0.00232198	-0.04777094	-0.01918156
-0.04531527	0.62506258	0.80013503	-0.00922112	-0.01789763	-0.01760189
-0.03518942	0.62738710	0.80533352	-0.01305158	-0.01641038	-0.01193837
-0.03508232	0.62863083	0.80729248	-0.01230632	-0.02111927	-0.01857241
-0.03927627	0.62609108	0.80174423	-0.01411328	-0.01226240	-0.01655191
-0.03981050	0.61984068	0.79972396	-0.01390034	0.00851740	-0.01630116
-0.03693920	0.61774251	0.80254580	-0.01654720	0.00807019	-0.01973651
-0.03636703	0.61596848	0.80315523	-0.00649266	0.02051722	-0.01690501
-0.03904104	0.61557716	0.80194646	-0.00572695	0.02624028	-0.02087192
-0.02936961	0.61835993	0.80165051	-0.01700014	0.02196914	-0.01424277
-0.03028656	0.61525610	0.80486236	-0.00870533	0.02693671	-0.02410602
-0.04368447	0.62170357	0.81262174	-0.01712269	0.02215548	-0.03332599
-0.05167373	0.62313228	0.80601168	-0.02433271	0.01722894	-0.02691443
-0.03680055	0.61928681	0.79786641	-0.03281827	0.03487983	-0.00849655
-0.03130637	0.61620450	0.79999764	-0.02915573	0.03654638	-0.01755300
-0.04955445	0.62278599	0.80003670	-0.03405636	0.03481073	-0.01766041
-0.04480716	0.62065203	0.80131412	-0.01232187	0.00039508	-0.01850633
-0.05060418	0.62003552	0.80163253	-0.02851319	0.02560543	-0.01419524
-0.04412829	0.62157878	0.80152406	-0.04040035	0.03693994	-0.00700548
-0.03969548	0.62809988	0.80482164	-0.02577026	0.03394907	-0.01433703
-0.04396572	0.61983826	0.80698197	-0.03798062	0.04813796	-0.02296636
-0.03819286	0.61998324	0.80500057	-0.02835902	0.04027140	-0.02341663
-0.03646249	0.61849745	0.80658527	-0.02520121	0.02017857	-0.02662505
-0.03702157	0.61768349	0.80197983	-0.03341845	0.01173307	-0.02285568
-0.04815519	0.60923740	0.80995811	-0.02071503	0.02714539	-0.02610050
-0.04782215	0.61256002	0.80938512	-0.02072445	0.03597381	-0.02337558
-0.05581686	0.61614405	0.81402789	-0.01365332	0.03488105	-0.02660278
-0.05206251	0.62070407	0.80732241	-0.02212214	0.03132181	-0.02864664
-0.04921083	0.62351290	0.81070938	-0.01355485	0.02632846	-0.01250886
-0.04733739	0.62384668	0.81378890	-0.02327694	0.01055616	-0.01854454
-0.05137052	0.62582067	0.80915493	-0.03379917	-0.00030479	-0.01129111
-0.05369555	0.62478071	0.81036193	-0.02762130	0.01913197	-0.00297123
-0.05267250	0.62426378	0.81298215	-0.00367504	-0.00178254	-0.00035616
-0.04559777	0.61833639	0.80755944	-0.02185164	0.00320264	-0.01754789
-0.04436287	0.60696351	0.80764905	-0.02103976	0.00890529	-0.00597456
-0.04955120	0.61378456	0.80332701	-0.02311066	0.01582047	-0.00732900
-0.04551358	0.61355274	0.80767403	-0.02724692	0.01439118	-0.01179568
-0.04925247	0.61346233	0.79521998	-0.03401662	0.02348415	-0.01137693
-0.05027783	0.61283383	0.79724425	-0.03599360	0.03418455	-0.01512058
-0.05272397	0.61481560	0.80615985	-0.02158075	0.04371111	-0.02013652
-0.05068269	0.61359256	0.80589582	-0.02961341	0.04539529	-0.01273189
-0.05185653	0.61224331	0.81398972	-0.02840754	0.01125063	-0.02293083
-0.05282425	0.61513225	0.81382051	-0.03060887	0.02090381	-0.01744654
-0.04784053	0.61312023	0.81020528	-0.02487894	0.01472484	-0.01543083
-0.05072405	0.61580054	0.80924605	-0.02184567	0.00526802	-0.01749398
-0.06305409	0.61561932	0.80877497	-0.03001777	0.01210334	-0.01030910
-0.05899410	0.61374579	0.80643272	-0.01862894	0.01538014	-0.01097996
-0.05591763	0.61629219	0.80938852	-0.01069384	-0.00561875	-0.01037206
-0.05058558	0.61394216	0.81329499	-0.01714665	-0.00855978	-0.01481390
-0.04967760	0.60661148	0.81225574	-0.00956020	0.00435931	-0.01078807
-0.05210351	0.61442816	0.80774465	-0.01602186	0.00759686	-0.01417737
-0.05055859	0.61320534	0.80614236	-0.01790573	-0.00976128	-0.02230776
-0.05487235	0.61409007	0.80420478	-0.00254666	0.01565895	-0.02548800
-0.05895404	0.62215482	0.80011578	-0.01709664	0.00847919	-0.02313953
-0.05815413	0.61760783	0.79573501	-0.00998163	0.02001674	-0.00763733
-0.05209284	0.61781534	0.80497820	-0.00715356	0.01907501	-0.01817786
-0.06018364	0.61831700	0.81066856	-0.00938886	0.01305925	-0.01458205
-0.05414161	0.61988337	0.80730823	-0.02251049	0.01301696	-0.00880176
-0.06416711	0.61843962	0.79800376	-0.02983745	0.00307163	-0.01315805
-0.05070663	0.62062853	0.80081845	-0.02110231	0.02412389	-0.01179929
-0.05123672	0.61825034	0.79895599	-0.01607228	0.00370753	-0.01575597
-0.04948839	0.61082266	0.80463473	-0.01579415	0.00647415	-0.01746170
-0.05552549	0.60926513	0.81136497	-0.02713602	0.01650448	-0.00877494
-0.06087911	0.61079772	0.81163332	-0.02093003	0.00397001	-0.01599248
-0.05385789	0.61207190	0.81043371	-0.00394240	-0.00664055	-0.02259510
-0.05025678	0.61014274	0.80469908	-0.01851890	0.00665493	-0.01650556
-0.04974646	0.61401215	0.80824917	-0.01880075	0.01375760	-0.01738544
-0.05784031	0.61606262	0.80654463	-0.01952189	0.01525427	-0.01065883
-0.05787506	0.62138261	0.80086698	-0.00878947	0.01558170	-0.00929559
-0.06501842	0.61706411	0.80781204	-0.01899767	-0.00859681	-0.01618363
-0.06831214	0.61647336	0.80165025	-0.01267593	-0.01766644	-0.01247727
-0.05535076	0.61715995	0.80931422	-0.01781238	0.01921642	-0.00767831
-0.05798358	0.61805765	0.80249566	-0.03507228	0.02956130	-0.00548917
-0.05739131	0.61935446	0.80328971	-0.03506337	0.01372137	-0.01096571
-0.05087033	0.61831751	0.80529546	-0.01142755	0.01137003	-0.01001207
-0.05743681	0.61506276	0.81165896	-0.00283563	-0.01215745	-0.00998943
-0.05707364	0.61617387	0.81164602	-0.02053556	-0.00710634	-0.00688268
-0.04864910	0.61453910	0.81279732	-0.02282099	-0.00506982	-0.01527072
-0.06152346	0.61213269	0.81286587	-0.02445650	0.01996088	-0.01911679
-0.05638626	0.61204700	0.80879935	-0.01932376	0.01321716	-0.01787764
-0.06634238	0.60693401	0.81031366	-0.01229414	0.00535358	-0.01511651
-0.06219793	0.60802270	0.80627423	-0.01230682	-0.00925752	-0.01464644
-0.05715844	0.61606365	0.80254440	-0.00868112	0.01685764	-0.01890851
-0.06081047	0.61447120	0.79729056	-0.01221356	-0.01552496	-0.01165498
-0.06132245	0.61695405	0.80147447	-0.01842068	0.01329737	-0.01350952
-0.05908366	0.61438380	0.80471455	-0.01648150	0.00208381	-0.00880036
-0.06649194	0.61467280	0.80752282	-0.02571057	0.01262505	-0.01178636
-0.07268540	0.61725467	0.80377658	-0.01674392	-0.01072566	-0.00959272
-0.06186854	0.61816638	0.80480703	-0.01411466	-0.01892019	-0.00993991
-0.06217120	0.61467030	0.80193697	-0.01278993	-0.01058353	-0.00591204
-0.05811813	0.61454942	0.80226163	-0.01344836	0.01057098	-0.00188865
-0.06160846	0.61588628	0.81534488	-0.01648956	-0.01580900	-0.00480934
-0.04955581	0.61658159	0.81047049	-0.00979918	0.01114615	-0.01030301
-0.05303392	0.61054952	0.80101172	-0.02312202	-0.00019470	-0.02734429
-0.05198379	0.61602097	0.79933221	-0.01105550	0.01820080	-0.02871278
-0.06558725	0.62107934	0.80420987	-0.01770156	0.00669216	-0.02251525
-0.07382805	0.62169534	0.80125437	-0.01112128	-0.00373181	-0.00622596
-0.06015775	0.62156161	0.80480014	-0.01164641	-0.00402063	-0.01460991
-0.05921220	0.61578542	0.80587777	-0.00408292	0.01753840	-0.01520330
-0.05949292	0.61896461	0.80610397	-0.01803410	-0.00514968	-0.00271710
-0.07025154	0.61444153	0.80490543	-0.01816258	-0.00991201	-0.01192003
-0.06445133	0.60987718	0.80505872	-0.02095339	-0.01304759	-0.00756465
-0.05963543	0.61407659	0.79897867	-0.01338871	-0.00402785	-0.00589591
-0.05938402	0.60932370	0.80226409	-0.02328456	0.01453503	-0.01912853
-0.05608120	0.60754987	0.80728797	-0.01804131	-0.00900546	-0.01531676
-0.05082834	0.61001884	0.81159428	-0.01563829	-0.02210460	-0.00043698
-0.05558926	0.61147421	0.80539851	-0.01102534	-0.01378500	-0.01306383
-0.05859188	0.61189658	0.81108219	-0.00769980	-0.00814360	-0.01074925
-0.05466565	0.61037582	0.81457226	-0.00772281	-0.02512029	-0.00860545
-0.06132848	0.61707717	0.80928835	-0.00218844	-0.01800488	-0.00889510
-0.06877795	0.61421616	0.80895580	0.00460748	-0.00687530	-0.00538158
