1.23991531	-0.09545970	-0.14847959	0.07816029	0.34221019	0.39926587
1.01036399	-0.04842629	-0.18994073	-0.02649768	-0.04765425	0.45195665
1.53568960	-0.01989289	-0.27328531	-0.23727124	0.03005206	0.42508317
1.11914882	0.02399278	-0.33937122	-0.43092989	0.36993617	0.50617449
1.00822393	-0.02680983	-0.40153591	-0.41566044	0.85859193	0.83608310
0.90112735	-0.16543642	-0.15715753	-0.36390874	0.22696944	0.38601845
0.60221414	-0.20546255	-0.05499807	-0.53280980	0.58967516	0.69461413
0.71909644	-0.24212104	-0.06198008	-0.44823807	-0.32841376	0.53201658
0.67095672	-0.15596508	-0.22069470	-0.07547555	-0.26127625	0.50245988
0.65915562	-0.13181015	-0.15515332	-0.34311446	0.26959977	0.34798860
0.65734908	-0.30018690	-0.20005288	-0.65835557	0.41600053	-0.10682109
0.81747815	-0.31016839	-0.15530443	-0.49737442	0.91365177	0.23110246
0.68961713	-0.11077876	-0.04924449	-0.35641527	0.01863338	0.03435519
0.88722064	-0.07932180	0.01963831	-0.29129757	0.26847697	0.23942998
0.72881114	-0.14895895	0.03759802	-0.42991792	-0.24067891	0.17400683
0.91424910	-0.00227495	-0.05895783	-0.82255782	0.18406863	0.09819803
1.30541946	-0.01036858	-0.11149314	-0.66600354	-0.66676350	0.16764473
0.99183346	-0.34610141	-0.37523709	-0.46603282	0.28058322	0.07100838
1.04151429	-0.39991181	-0.38252986	-0.49057752	0.07691329	-0.13042933
1.34400327	-0.36828703	-0.31129335	-0.42438460	0.30162035	0.24222057
1.63437685	-0.12504794	-0.22418163	-0.31790286	0.98026300	0.44543051
1.46637263	0.01916784	-0.17334223	-0.22632501	0.11569536	0.51877088
1.35035867	-0.29909922	-0.13594692	-0.19702717	0.28475047	0.98269241
1.16225241	-0.52032197	-0.34801656	0.08414259	0.35287565	0.91273520
0.89280600	-0.57600395	-0.28893657	0.31558914	0.57997903	0.55436900
0.76879890	-0.47834114	-0.31794052	0.01190082	0.95289033	-0.12895406
0.62312116	-0.15014052	-0.35476866	-0.44187854	1.37413583	-0.03852396
0.75323862	-0.24776538	-0.25037026	-0.33302767	0.70365777	0.12471816
0.68851396	-0.14735251	-0.19444828	-0.20871004	0.09075760	-0.01301085
1.00523886	-0.17677267	-0.18748609	-0.23115956	-0.09647146	-0.06888811
1.05694095	-0.37221869	-0.27361543	-0.22738022	-0.06827160	-0.14089605
1.13111915	-0.48878123	-0.27469290	-0.26407897	0.01124209	-0.64868187
1.04283109	-0.29688660	-0.21384822	-0.08576192	-0.29740241	-0.93797029
0.81375180	-0.27050139	-0.04907235	0.17482148	-0.65837831	-0.40491981
0.88387731	-0.02392908	-0.12993691	0.08517603	-0.13130852	-0.22582179
0.65464477	0.02087990	-0.15123165	0.10128130	-0.29563604	-0.36898519
0.82216871	-0.09992462	-0.23996021	-0.25666167	-0.38421161	-0.19248046
0.98144236	-0.03641596	-0.16395870	-0.05803345	0.09488805	-0.28142872
0.85695632	0.00056865	-0.27500496	-0.04800168	-0.75422340	-0.05270477
1.09775556	0.01826375	-0.11228860	0.00625168	0.42862063	0.02720760
0.78331823	-0.04792291	-0.09942143	0.03490637	0.14982618	-0.04604378
0.44433945	0.03942656	-0.10147823	-0.10086661	0.39804062	0.21093002
0.89893370	0.03548646	-0.03492032	-0.14935774	-0.71252007	0.11989021
0.72862001	0.07469266	-0.08950366	0.31977795	-0.53921790	0.39873591
1.04817616	-0.29564813	-0.23111403	-0.03922400	-0.15321163	-0.12886217
1.08212883	-0.13235809	-0.19287876	-0.16453277	0.31514943	0.45389715
1.30367477	-0.12283367	-0.10403119	-0.22421746	-0.74927205	0.48299923
1.20560536	0.02048217	-0.13981641	-0.54784908	-0.15477263	-0.20869148
1.22263981	-0.29545638	-0.09645218	-0.16082837	0.07956895	-0.69617753
1.29632712	-0.32588019	0.02001259	0.08558189	-0.18753099	-0.32951163
1.05981382	-0.23159464	-0.23419773	-0.36391550	-0.81664430	-0.58106398
0.86803102	-0.16556805	-0.41623158	-0.19994268	-1.07432758	-0.82098972
0.97926634	-0.26857479	-0.57689615	-0.37028796	-1.33007251	-0.67099108
0.91646908	-0.39854634	-0.49596724	-0.31782436	-0.83621606	-0.89627167
0.99459336	-0.45965533	-0.27418464	0.00338663	0.13491809	-0.40894114
1.21948021	-0.51527116	-0.23820352	0.33625445	0.68528210	-0.21240928
1.17998541	-0.31506537	-0.30288282	0.43078063	0.66169732	0.01638363
1.06512741	-0.05901018	-0.22376655	0.24119268	-0.04630727	0.40253340
1.23177759	0.09701988	-0.19630144	0.05957090	-0.34734466	0.37857704
1.06095668	-0.05339223	-0.24946265	-0.41998003	-0.03778723	0.37566967
0.83452993	-0.22771239	-0.37842306	-0.53700560	0.85599430	0.61461381
0.81892929	-0.11981619	-0.26825689	-0.40846226	0.63506420	0.25929576
0.73307954	-0.24120838	-0.05838403	-0.31026284	-0.07264163	0.53334037
0.23896239	-0.16210962	-0.09597008	-0.34422151	-0.17111946	0.50298759
0.72863412	-0.31350710	-0.16457493	-0.31663945	-0.57446369	0.31575172
0.73943483	-0.30345769	-0.11060446	-0.19531421	-0.12245902	0.17345431
0.86128827	-0.21106566	-0.09724682	-0.42012405	-0.44319158	0.24791508
0.86141389	-0.04692299	-0.13531134	-0.37579159	-0.24655990	0.19716720
0.94173672	-0.07515627	-0.10343042	-0.29826853	0.15215250	0.20611996
0.92111444	-0.00380763	-0.08174587	-0.32663792	-0.43505216	0.26471312
1.13938684	-0.07533080	-0.08671499	-0.47759874	-0.34809153	-0.21758884
1.28881422	-0.20577184	-0.19422152	-0.62801931	-0.28445456	-0.04590046
1.13976134	-0.23831785	-0.36957465	-0.51861231	-0.26880707	-0.05461760
1.23293652	-0.33451137	-0.44067891	-0.59610642	-0.57366599	-0.14103805
1.31154797	-0.40627075	-0.09859593	-0.17966129	-0.19083622	0.03991257
1.84160408	-0.26674806	-0.09668988	-0.03811064	0.09282594	0.17175176
1.57471622	0.02373791	-0.19230794	0.19968613	-0.33183558	0.66670685
1.60922355	-0.29180335	-0.71022799	0.29384615	0.18300820	0.77447673
1.34431174	-0.31929416	-0.62633111	0.41977399	1.41934158	0.55520452
1.09644648	-0.44324657	-0.37392144	0.16452493	1.89045448	0.52753625
0.67703056	-0.35040413	-0.12571557	-0.37449832	0.62286105	-0.08860503
0.76287221	-0.25569652	-0.21845107	-0.08928594	-0.11351754	-0.31633587
0.38370909	-0.15896626	-0.29306444	-0.05753887	-0.50750128	-0.27581063
0.88383599	-0.09200294	-0.52153319	-0.39346651	-0.47879839	0.15722255
1.16561214	-0.18556689	-0.39084555	-0.17711998	0.02217505	-0.18872516
0.83510602	-0.53085721	-0.45875618	0.13811685	0.41466211	-0.32699409
1.06418683	-0.41759966	-0.25935050	0.21308692	0.26130669	-0.77066267
0.92982287	-0.34737297	-0.23908897	0.08236912	0.36048601	-0.72923545
0.86469854	-0.16529845	-0.23356423	0.33601259	-0.35672824	-0.47095011
0.74412528	0.01505857	-0.24587921	0.11558107	0.53197756	-0.41901924
0.67808009	-0.11211558	-0.16171106	-0.03614054	0.03243293	-0.27409384
0.91385879	0.02569331	-0.27947027	0.07467113	-0.55984274	0.07765153
0.81730251	0.00641664	-0.26079292	0.24652270	-0.21652121	-0.28686070
0.89496608	0.00848577	-0.26384352	-0.21032593	0.31879473	0.30072733
0.79297533	-0.18033764	-0.24785980	-0.34171018	0.84032196	0.46636932
0.90216331	0.00997262	-0.05594903	-0.12312885	-0.27715344	0.30870485
0.90039499	-0.09311263	-0.22595868	0.02850499	0.12686075	0.54972190
0.90489695	0.04149675	-0.09974644	-0.01440992	-0.60832743	0.27688417
0.94343645	-0.22578889	-0.07266932	0.05343489	-0.85921365	0.37161825
1.12033973	-0.24818251	-0.28153819	0.18442768	-0.49646838	0.43525280
1.14830455	-0.11903600	-0.31211870	0.19372546	-0.02790321	0.22561503
1.14497808	0.00546729	-0.22693989	-0.12007983	0.96251214	-0.15648880
1.10460638	-0.03723887	-0.00803648	-0.07624521	-0.03112362	-0.19059915
1.07316420	-0.06840058	-0.03549872	-0.04757287	-0.22499928	-0.54652921
1.28744869	-0.30405553	-0.04009920	0.29559324	-0.23394641	-0.11678424
1.10154299	-0.29756193	-0.23823373	0.13494478	-0.56152737	-0.31359066
1.13080011	-0.36526449	-0.55719214	-0.30461558	-0.97182048	-0.85919556
1.05826848	-0.39418856	-0.49499134	-0.20848161	-0.64722113	-0.88291944
1.11517026	-0.34599166	-0.47062045	-0.10817292	-0.79046025	-1.02443274
1.17974740	-0.28114009	-0.33659326	0.26349319	0.18752656	-0.47242716
1.32763258	-0.24389220	-0.22774412	0.54278489	1.19984950	-0.19346295
1.09789764	0.04066119	-0.23610689	0.48087517	0.46285271	0.29154984
1.09021705	0.09671494	-0.35945750	0.44585121	0.66116549	0.40997005
1.16177256	0.08629087	-0.20667577	-0.15336005	0.27067373	0.42650106
1.07135324	-0.08168858	-0.25620319	-0.57654237	0.54629019	0.27385112
0.69600333	-0.16205449	-0.22353609	-0.68567288	0.87991965	0.63547708
0.59605519	-0.28939382	-0.16346333	-0.56581963	-0.38023892	0.48378962
0.76415009	-0.15244166	-0.06490635	-0.34021624	-0.59728422	0.52003127
0.62467261	-0.11880803	-0.01252981	-0.37407841	-0.09031697	0.37693406
0.40620101	-0.35900205	-0.11187990	-0.32183436	-0.68930263	0.42882769
0.72746207	-0.31600534	-0.08987967	-0.26765109	-0.43703957	0.35594951
0.84199346	-0.13124369	-0.13747430	-0.65546586	-0.02820050	0.21541455
1.01045783	-0.28272858	-0.13350135	-0.28419658	0.06268734	0.25911232
0.73476181	-0.30699411	-0.07881831	-0.38618485	-0.25814323	0.14726617
0.83923565	-0.33487285	-0.10294480	-0.45750980	-0.03479496	0.29173694
0.85965309	0.06609393	-0.02617486	-0.36191882	-0.52105211	0.54915624
0.97757185	-0.09446568	-0.10159949	-0.50205554	-0.11771457	0.22540536
1.02898915	-0.03367160	-0.41744595	-0.52995713	-1.13592472	0.02813634
