0.74496112	-0.14498445	-0.22715048	0.15366644	0.08308594	-0.36821873
0.66685062	-0.11773013	-0.20044094	0.17562395	-0.35491904	-0.16099696
0.68840041	-0.09179937	-0.08015797	0.05120829	0.03237510	0.14307936
0.88916620	-0.09181759	-0.20467098	0.31511672	-0.27346791	0.00710053
0.86344398	0.02808815	-0.18064823	0.49449371	-0.07050120	0.06798297
0.86940590	-0.00930266	-0.08252548	0.09862167	-0.12380039	0.38050945
0.95503718	-0.03859292	-0.09743916	0.36756522	0.10105553	0.47003408
1.04067390	-0.11564071	-0.13587078	0.61700248	0.31864345	-0.03075079
1.03115893	-0.06850356	-0.26098769	0.23416860	0.01298073	0.01090330
1.00992431	-0.11464273	-0.29662396	0.18281243	0.41405635	-0.16767375
1.21358054	-0.06195455	-0.22058915	-0.19216091	-0.22696209	-0.14209885
1.26407352	0.08200405	-0.11414773	-0.36430168	-0.02814684	-0.10712890
1.18547901	-0.16542310	-0.03524569	-0.13204121	-0.59089946	-0.22945701
1.27035731	-0.26928076	-0.02728538	-0.03184970	0.04926241	-0.26743572
1.14697142	-0.39556464	-0.00946335	0.45544033	-0.13771795	-0.36011274
0.95205060	-0.22263672	-0.29464148	0.35285094	-0.90423492	-0.58370438
1.00903043	-0.16696553	-0.49577345	-0.19319024	-1.16554710	-0.61262181
0.91765934	-0.16697612	-0.55150429	-0.44874677	-0.61467091	-0.67175023
1.18027600	-0.29406816	-0.35255057	-0.33907179	-0.51072634	-0.22427741
1.09892572	-0.33957676	-0.35329086	0.18110290	0.28451498	-0.25241227
1.12478817	-0.16597339	-0.30860055	0.38719059	0.89272950	0.15064219
1.13811513	-0.02995952	-0.33642065	0.31211159	0.20448140	0.33121484
1.24125868	0.18432221	-0.40775474	-0.19896113	-0.03800989	0.35317019
0.95307044	-0.10311921	-0.27841063	-0.20857020	0.65389639	0.40522696
0.96160571	-0.28240503	-0.14674789	-0.25925405	0.28783628	0.27826115
0.81561913	-0.18950111	-0.19365165	-0.30910712	0.27389069	0.56241795
0.63103516	-0.14831533	-0.03290701	-0.15753374	-0.03697483	0.24652562
0.64474251	-0.23433828	-0.30200029	-0.22656061	-0.51518781	0.39321819
0.73892856	-0.22233952	-0.15585351	-0.41900753	-0.19421158	0.24424201
0.92997171	-0.16946381	-0.28580840	-0.14420889	-0.24743972	0.13493608
0.75644240	-0.11533388	-0.23906667	-0.17293068	-0.02820409	0.20801044
0.73879141	-0.16845436	-0.17610592	-0.19120253	-0.01435912	0.19997366
0.81872701	-0.21236954	-0.11575892	-0.44417278	-0.57703804	0.30387995
0.77801081	-0.02807609	-0.09027737	-0.63647456	-0.35364905	0.38715199
0.94029387	-0.01065775	-0.00711239	-0.62563430	-0.16404548	0.13980969
1.00969950	-0.15581895	-0.09146815	-0.78817677	0.01168868	0.18771058
0.99031525	-0.28220976	-0.30624891	-0.54527170	0.07502366	-0.16065378
0.95499245	-0.28654241	-0.30144033	-0.78382591	-0.62263798	-0.34989625
1.14559603	-0.29254658	-0.23264729	-0.33181326	-0.50791089	0.11597553
1.39724316	-0.42596513	-0.09189923	0.01327999	0.22138443	0.11269432
1.56208312	-0.18672542	-0.18582252	0.34493445	0.55967557	0.26191742
1.83511606	-0.05099513	-0.41805703	-0.13936492	0.43307221	0.35308737
1.39391300	-0.13304217	-0.30905526	-0.14027283	0.76135893	0.56374807
1.08530461	-0.30563325	-0.33849907	0.17965334	0.97068937	0.40783210
0.84608955	-0.51029430	-0.48957696	0.12310661	1.25183674	0.45228302
0.69722354	-0.37482632	-0.27594247	0.16921893	0.89492884	0.02537639
0.89897819	-0.27726231	-0.33759472	0.33050723	0.60096580	-0.01021435
0.70393084	-0.24905968	-0.30382181	-0.08361568	0.07427133	-0.01730434
0.73991284	-0.24909173	-0.38820027	-0.04490829	-0.52657615	0.07426302
0.89740863	-0.23417677	-0.59388237	-0.19449487	-0.41497029	0.08466972
0.95016073	-0.44205219	-0.32801364	0.00480616	-0.21303015	-0.18462501
0.98078532	-0.57281028	-0.31934923	0.31943036	-0.22330850	-0.60623965
1.05467974	-0.44145188	-0.24364934	0.60082967	0.17934093	-0.37194851
0.68098008	-0.27356974	-0.21294179	0.80948166	-0.18955450	-0.47051962
0.69656144	-0.11508210	-0.19839142	0.91790600	-0.52239968	-0.12903738
0.65092540	0.06552052	-0.16518693	0.52441171	-0.14448048	-0.37115100
0.82957598	0.05361569	-0.14617617	0.36598276	-0.00143814	-0.38451986
0.90305257	0.02009694	-0.15677615	0.38322240	0.16341598	-0.03821828
0.79760061	0.03947539	-0.23360166	0.13702526	-0.25756488	-0.30424928
0.84997665	-0.02242240	-0.17614706	0.18271577	0.15505842	-0.25321482
0.81525754	-0.15241258	-0.13238830	-0.20870319	0.07233828	-0.06606304
1.00201355	-0.00919707	-0.02480574	0.13268805	-0.41173962	0.23346557
1.06709217	-0.04517361	0.02351316	0.01810521	-0.07384704	0.07566541
0.88044324	0.00915456	-0.07002735	0.21224541	-0.13750148	0.37747142
1.10422989	-0.11391301	-0.12065585	0.06249254	0.29719080	0.26745821
0.95480801	-0.23820515	-0.23618979	0.09978230	0.35000364	0.31742868
0.99320138	-0.12631358	-0.20326689	-0.18321258	-0.35711647	0.00864825
1.06049000	0.03647502	-0.18191330	-0.52412004	-0.09516506	-0.11070023
1.17150729	-0.17392289	-0.17095708	-0.53896726	0.29431235	-0.22214297
1.28472303	-0.26108573	-0.03640629	-0.34198591	-0.49042689	-0.45065773
1.16255398	-0.34957045	-0.14184752	0.17169632	-0.40812729	-0.29191948
0.95038353	-0.24265568	-0.17550372	-0.16886333	-1.38523615	-0.42468335
1.08378112	-0.22280484	-0.45563710	-0.44826126	-1.38250266	-0.99165301
0.97363755	-0.30577450	-0.55585291	-0.37958362	-1.45510718	-0.54876790
1.06953370	-0.39148864	-0.44984047	-0.14048843	-0.10988476	-0.50490836
1.20656094	-0.44132939	-0.39336204	0.13189997	0.98751530	-0.22969294
1.02686626	-0.23828514	-0.35799737	0.44740213	0.73143496	0.44748166
1.28058970	-0.07926898	-0.28301197	0.36583272	-0.17854759	0.09264139
1.00975119	0.04275033	-0.35270974	-0.10484535	0.04197111	0.22229717
1.19654473	0.08331475	-0.28652913	-0.32897908	-0.29241616	0.46674933
0.83010499	-0.14930314	-0.21112643	-0.50487630	0.37919410	0.42556969
0.83766398	-0.17120576	-0.18172567	-0.52302597	0.68806941	0.25751461
0.71249984	-0.28636815	-0.15782075	-0.41203674	0.42605995	0.40426566
0.56114383	-0.24926701	-0.10597379	-0.57180674	-0.55455616	0.17906669
0.59241392	-0.34294975	-0.13606033	-0.06701731	0.47963386	0.23620692
0.82354420	-0.17989472	-0.20073138	-0.47215500	0.05079711	0.25302640
1.04671887	-0.17250921	-0.12979790	-0.30994528	0.26450533	0.16153360
0.70380200	-0.20167330	-0.10746848	-0.46960033	-0.20962897	0.25851642
0.83999673	-0.25445389	-0.10976212	-0.27353134	-0.48878728	0.06068359
0.91347787	-0.13458208	-0.07005044	-0.08882571	-0.16855054	-0.10777668
1.02126271	-0.11945543	-0.03266564	-0.54988874	-0.19366903	0.28725761
1.13186338	-0.17331165	-0.05138875	-0.74757098	0.06009645	0.03544119
0.91068777	-0.09363191	-0.29984959	-0.36189130	-0.25626648	0.15408217
1.02110546	-0.30745238	-0.19856469	-0.37233763	-0.19240862	-0.04976085
0.90866375	-0.34238871	-0.29687118	-0.00064903	0.11933236	0.01167249
1.22175384	-0.39552539	-0.09387347	0.32405936	0.61111028	-0.12965884
1.48880402	-0.20617933	-0.13697635	-0.19784580	0.68078233	0.11826647
1.45098592	-0.00174687	-0.20177184	-0.10956404	0.97192842	0.45095447
1.21269777	-0.09836477	-0.43150592	0.16152442	0.38310460	0.67508423
1.35141905	-0.39246368	-0.36988343	0.28738608	0.72433670	0.70803857
1.00032111	-0.39574476	-0.43323106	0.06586354	0.79741330	0.47511886
0.75617202	-0.44990218	-0.35054072	0.30814178	0.75288032	-0.07318106
0.55439916	-0.19774492	-0.18634543	0.17686445	0.66220738	-0.13583899
0.56577366	-0.12798703	-0.36602959	-0.35111052	0.08822463	-0.12121963
0.83162198	-0.15884308	-0.37709238	-0.17091929	-0.04580705	0.04767727
0.73438935	-0.33884662	-0.44581803	-0.22033108	0.04612613	-0.14883517
0.88611274	-0.46985548	-0.24087466	0.10168181	0.15180601	-0.31626027
1.08499160	-0.43651881	-0.17402341	0.21676224	0.09919447	-0.80062082
1.08706792	-0.37215942	-0.12998137	0.59046014	0.00769413	-0.85061279
0.79217405	-0.22547578	-0.05849923	0.47382010	-0.17339931	-0.92375724
0.98663773	-0.13274552	-0.26145733	0.24900991	0.01306958	-0.49246680
0.80064367	-0.03068527	-0.19345990	0.41449963	-0.11648020	-0.28376331
0.91112157	-0.02475608	-0.09124363	0.16948153	0.04761056	-0.16361465
0.81445776	0.00802453	-0.19303046	0.02079629	-0.40414055	-0.11417460
0.90296664	0.00376113	-0.16289336	-0.10183719	-0.43349357	-0.03044272
0.91401003	-0.11827527	-0.14817180	0.13008409	-0.18280657	-0.14612072
0.96005442	-0.03074140	-0.16528038	0.05949226	-0.34798862	0.04300281
0.80484592	-0.07173177	-0.13083981	0.31216834	-0.13627635	0.16130963
1.04940780	-0.18264985	-0.10525316	0.23038672	-0.06248923	0.13237042
1.15129599	-0.03868025	-0.21003158	0.32441719	0.20696143	0.58748734
0.98820124	-0.08356566	-0.24265989	0.05606138	0.20704303	0.09731448
1.04300713	0.00752674	-0.23953851	-0.10963505	0.47095994	-0.01729276
1.24459268	-0.09054307	-0.19574895	-0.75950624	0.27676794	-0.33886493
1.14263131	-0.21114563	0.00314930	-0.73594054	0.00486483	-0.10463791
1.17353683	-0.42423647	0.05183361	-0.24081015	-0.29764372	-0.42008989
1.19824794	-0.51379219	-0.01430427	0.25879796	-0.61224955	-0.02034793
1.17565255	-0.19470009	-0.07068595	0.31302706	-0.77890924	-0.64553248
1.01118674	-0.19051966	-0.47323404	0.51090479	-1.02580614	-0.75540790
