0.82597800	0.03379936	-0.20047911	0.02218334	-0.28914310	-0.04938099
0.82640070	0.26891224	-0.11077727	0.05583747	-0.14090694	0.05896546
0.82952600	0.00401645	-0.28852947	-0.08868538	-0.29489587	-0.35473813
1.07668376	-0.07196382	-0.14559937	-0.03703447	0.70715036	-0.10851228
0.84213608	0.08755566	-0.16509754	-0.07808062	-0.29160586	-0.02545510
0.70176485	-0.03438717	-0.01545648	-0.01529869	0.01514246	0.49576176
0.85766394	-0.01048455	0.00888566	0.18186693	-0.85712010	0.54877795
0.92572056	-0.06538100	-0.08284909	0.15318948	-0.16062716	-0.08921070
1.11068001	-0.03240903	-0.23764439	0.03989798	-0.63268120	-0.09859905
0.98390598	-0.11622922	-0.23368850	0.21903524	-0.07409273	0.19908804
1.22464440	0.01110017	-0.24493095	0.01806549	0.26244645	-0.19161676
1.07010288	-0.02421942	0.04409628	-0.09033482	-0.10173523	-0.02436765
1.25475052	-0.19876616	0.07554280	-0.31943784	-0.04701627	-0.26201267
1.34654587	-0.26134078	-0.06968106	-0.01736142	-0.23144690	-0.19483969
1.10700088	-0.35400696	-0.18848556	0.09651806	-1.02480492	-0.30704099
0.92271691	-0.14762189	-0.45113185	-0.08559692	-1.42606660	-0.40771430
0.97230783	-0.36155203	-0.44998701	-0.11304673	-1.24533974	-0.94564016
1.06904748	-0.42829947	-0.46926971	0.02962937	-1.05862260	-0.70909544
0.95209783	-0.43642041	-0.51007100	0.05784244	-0.66034321	-0.56298446
1.08152499	-0.32103419	-0.42844910	0.49714691	0.76122390	-0.17196906
1.12217149	-0.01903080	-0.28038262	0.65764745	0.53551385	0.22508995
1.20580764	0.06590148	-0.37354876	0.21208784	0.29389106	0.23154759
1.34755303	0.10464250	-0.31396772	-0.29019778	0.16061456	0.12721498
1.19517899	0.14138736	-0.40779853	-0.47932128	-0.06600351	0.91656103
0.94381684	-0.16113363	-0.16125118	-0.52919576	0.73053060	0.29396237
0.54912280	-0.17272080	0.00606430	-0.56061008	0.26783567	0.69920731
0.71549264	-0.15882284	-0.08289144	-0.32198210	-0.28558887	0.54600622
0.84490196	-0.22161566	-0.20080159	-0.18400708	-0.82447347	0.60350839
0.65432206	-0.27394062	-0.18939628	-0.32164524	-0.05617392	0.41577960
0.70318960	-0.31733640	-0.21707694	-0.17599082	-0.66763037	0.43034198
0.85893547	-0.20737057	-0.30531324	-0.58843640	0.23028987	0.26965110
0.82089628	-0.14425143	-0.22860618	-0.52828126	0.11263330	0.26002997
0.78998462	-0.18814031	-0.00709462	-0.36009969	-0.56075281	0.37773243
0.92723960	0.03800963	-0.09703934	-0.28067875	-0.41498075	0.02856522
1.13895974	-0.07328285	-0.10398207	-0.67357793	-0.59790170	0.64228681
1.16698850	-0.04353453	-0.15598864	-0.46353701	-0.62288267	0.10734688
1.12055323	-0.38759311	-0.24948399	-0.52800391	-0.35002427	0.25497231
0.91390675	-0.32252344	-0.33066644	-0.45813997	-0.33175435	0.28598959
1.01856698	-0.53440741	-0.25051823	-0.06536392	-0.11686318	-0.08994579
1.24135182	-0.45884207	-0.21442295	0.23443900	0.04515933	0.06262271
1.49161143	-0.24904849	-0.26558283	0.30836110	1.21117033	0.07150296
1.64833523	0.20320883	-0.37395117	0.28149244	1.06471738	0.55329149
1.44705427	0.09140924	-0.36616913	-0.32472136	0.57025202	0.63317238
1.08939456	-0.45947443	-0.40238741	0.01849119	1.01891512	0.52959112
0.74903193	-0.46466033	-0.37256114	0.51752780	0.68603960	0.45097144
0.84220692	-0.51074229	-0.30600622	0.07589973	0.41506419	-0.17184835
0.72517424	-0.33052778	-0.34462183	-0.21233720	0.77066448	-0.20110329
0.55802450	-0.28128231	-0.45662038	-0.01831210	0.03836333	-0.20329429
0.58343389	-0.13954075	-0.41503986	-0.40369884	0.49205889	0.22939400
0.83206642	-0.24126473	-0.36993580	-0.17380200	-0.39305675	-0.14788272
0.91956033	-0.57828410	-0.28366895	-0.00063082	0.20570463	-0.14059047
1.18756032	-0.48825640	-0.11938951	0.17326486	0.54885311	-0.58307538
1.00238789	-0.34078389	-0.10124325	0.57596373	0.44105499	-0.73931777
0.70291864	-0.08355722	-0.15892889	0.26094549	-0.00201819	-0.68276092
0.77387457	0.02503310	-0.21429401	0.45354023	-0.07387038	-0.60795851
0.80304787	0.02451114	-0.35460593	0.43238107	-0.26208804	-0.25466454
0.98467926	-0.02382078	-0.30060700	0.25779186	-0.33279255	-0.24404674
0.87685882	-0.03225204	-0.26893912	0.15984282	-0.42863567	-0.17791588
0.92650405	-0.09127677	-0.23740197	0.33100365	-0.12189446	0.00549219
1.02543338	0.01212964	-0.12324346	0.07631880	-0.02698654	0.11609827
0.90591654	-0.08893423	-0.11592552	0.09939828	0.72280730	0.35442971
0.81988488	-0.00567352	-0.14759902	0.08029877	0.51197788	0.13502904
1.05432986	0.03287066	-0.07884188	0.25259929	0.20635541	0.35470538
1.16955652	-0.01402320	-0.17525166	0.22240856	0.30261836	-0.03534482
0.85524036	-0.15763345	-0.19400208	0.13982040	-0.17965866	0.20567376
0.94994455	-0.07564866	-0.08728201	-0.12297725	0.19209608	0.05065047
0.91612760	-0.09180360	-0.25932930	-0.11861585	-0.10449092	0.25911344
1.19856800	-0.05721841	-0.30540161	-0.44996106	-0.27459090	0.08659632
1.23884085	-0.35540137	-0.04823374	-0.58259119	-0.44611237	-0.17176669
1.22574362	-0.37981128	-0.11264575	0.01222555	-0.41238226	-0.28241236
1.13514992	-0.27321159	-0.17349343	0.05631029	-1.45116142	-0.56670551
1.10689742	-0.32559036	-0.35729868	0.06957568	-1.70452942	-0.90072138
1.01702694	-0.21458566	-0.37010025	-0.00158187	-1.64838145	-0.60137551
0.99871720	-0.27452637	-0.56699712	0.15306211	-0.55854235	-0.69105177
1.03136236	-0.56852849	-0.58023406	0.18400069	0.41930906	-0.65681728
0.76722250	-0.47845842	-0.35759459	0.25293981	0.39295130	-0.38351274
0.90895746	-0.27440050	-0.26785710	0.52608316	0.37189095	0.19427939
1.11390620	-0.00210560	-0.20705415	0.32735980	0.00641230	0.63615823
1.02366460	0.10291444	-0.25993307	-0.01895640	0.35695653	0.13165753
1.33261378	0.04726847	-0.31683252	0.14611652	-0.47821622	0.51835071
1.00127358	-0.09403324	-0.36315862	-0.36790047	0.49381458	0.40473930
0.82282703	-0.23342004	-0.14103810	-0.72523934	0.14345184	0.36700074
0.54991106	-0.26563850	-0.02022489	-0.24598547	-0.27312425	0.43262461
0.54411502	-0.29328170	-0.04102218	-0.33444697	0.12008497	0.20771099
0.81288784	-0.41122175	-0.12282762	-0.26782365	-0.36022139	0.27998458
0.78998543	-0.21101095	-0.15332076	-0.06383762	0.16070506	0.52708759
0.75054385	-0.17347421	-0.14887573	-0.17368484	0.15302135	0.05293903
0.86573827	-0.08360610	-0.12554192	-0.24046068	-0.15323328	0.12656620
0.94755113	-0.18395751	-0.06049810	-0.04740076	-0.56233466	0.27955741
0.56848851	-0.10994969	-0.06399305	-0.36300673	-0.59631334	0.09594835
0.92723829	-0.15284285	-0.12011916	-0.15965409	-0.15330950	-0.00829623
1.00667472	-0.26390949	-0.20474292	-0.58137287	0.34690886	0.25023664
0.99535327	-0.20527317	-0.28765794	-0.35302321	0.15478677	-0.27103791
1.07628870	-0.33070602	-0.44665455	-0.54904504	0.33980769	0.11216280
1.17646577	-0.37673623	-0.19451695	-0.18806837	-0.12840231	-0.00259444
1.28154185	-0.23495701	-0.18363832	0.20728182	-0.07369918	-0.07909164
1.49786893	-0.08151631	-0.22938426	0.14163985	0.78115592	0.19312153
1.53032520	-0.20490328	-0.26905296	0.48271350	0.40291488	0.49638925
1.18274119	-0.32668978	-0.35025929	0.07097670	0.82431164	0.89541633
1.30584812	-0.37565188	-0.46895204	0.32997023	0.50515574	0.56284298
0.88859611	-0.44293521	-0.41536091	0.38232693	0.72200201	0.17061221
0.76311448	-0.30429082	-0.43710572	0.15274173	1.06509731	0.32057454
0.72296705	-0.16910300	-0.25308413	0.43323829	0.76738377	-0.07802283
0.80728856	-0.23325365	-0.35201853	-0.14974642	0.59539767	-0.24189301
0.80004643	-0.20004254	-0.53189704	-0.51029800	-0.12943796	0.15854422
0.86078874	-0.23054924	-0.32413688	-0.10657896	0.22403833	-0.20375772
0.90781342	-0.43675972	-0.17123577	0.22644939	0.27694229	-0.19073444
1.04953016	-0.45528967	-0.20552494	0.29625597	0.21096969	-0.72123011
0.81976216	-0.41392447	-0.16214163	0.66844380	-0.12133711	-0.94544100
0.99430573	-0.29102862	-0.23766396	0.43894118	0.44434780	-0.44249213
0.69421767	-0.10705059	-0.26714480	0.59867475	-0.32669636	-0.56086794
0.68759105	0.00956912	-0.29437544	0.50448243	0.44328973	-0.39675030
1.07379645	-0.00998761	-0.16394127	0.21694838	-0.13948027	-0.38174665
0.94219724	-0.13121395	-0.22423003	0.31963029	-0.20047440	0.06124580
0.93582741	-0.02510946	-0.16778088	0.21178185	-0.39147591	0.12228012
0.89841371	-0.08053041	-0.13688974	0.12836847	-0.00829034	0.07496012
0.71694671	0.03414426	-0.21116778	0.18104751	-0.14155194	0.17693320
0.98795006	-0.07803886	-0.08848581	0.15665750	-0.39381670	0.25516455
0.81638730	-0.18038757	-0.05307615	0.06852414	-0.25683404	0.43333026
0.91199392	-0.21984659	-0.22766517	0.34713500	-0.23144562	0.37506083
1.14220000	-0.14815530	-0.25704146	0.52082915	-0.07188223	0.27076122
1.23729827	-0.10022467	-0.36438684	0.15502613	0.15662896	-0.15219723
1.29034729	-0.13116616	-0.21984334	0.02951078	0.50320165	0.06082219
1.13886908	0.03731030	-0.22775977	-0.54111889	0.26983860	0.14136434
1.16528354	-0.15849622	-0.09843143	-0.64583167	-0.05254019	-0.13499986
1.11238484	-0.35722881	-0.04839500	-0.35039850	-0.09830550	-0.41959066
0.98437070	-0.28340582	-0.15175577	0.15603085	-0.84403329	-0.37117293
1.14865739	-0.23464081	-0.32792155	0.12942113	-1.01774444	-0.50644439
