0.87388376	-0.08332267	-0.16079829	0.16464040	-0.26040446	0.36886443
0.73330810	-0.21687227	-0.18175454	-0.17690887	0.53961829	0.22750127
0.52302365	-0.12931226	-0.48611638	-0.26073686	0.29321907	0.34193495
0.70876378	-0.27391339	-0.45949140	-0.84485001	0.23694276	0.03341842
1.14172693	-0.39461904	-0.35310741	-1.18618611	-0.35791181	-0.14919439
1.66036444	-0.54149562	-0.45417663	-0.68598486	0.26934248	-0.04399750
2.14638336	-0.69585176	-0.38954647	-0.51942464	-0.19860074	0.69889336
1.83983088	-0.47988133	-0.37932255	-0.78842211	0.52008857	-0.03677603
1.80150474	-0.48475290	-0.26076418	-0.61361250	0.16944634	0.30206666
1.50522544	-0.55085805	-0.12849927	-0.33325618	0.15295722	0.70702260
1.42659582	-0.27870464	-0.09861422	-0.06932313	0.35123540	0.46341791
0.77467628	-0.39237175	-0.16792272	-0.33320889	0.07430564	0.47299767
1.09842893	-0.23509584	-0.21980657	-0.13639109	-0.36146564	0.49705737
0.99751587	-0.18711007	-0.04781459	-0.55071839	-0.11072450	0.60294915
0.87516536	-0.27861137	-0.29611606	-0.63111769	0.25364871	0.71620675
0.77279766	0.07604911	-0.13307919	-1.08021177	-0.02272146	0.52051555
0.81112898	-0.21748689	-0.11010197	-1.06039136	0.22481556	0.38110952
0.40681868	-0.12291867	-0.08693961	-0.93450874	-0.23623503	0.27251714
0.49475962	-0.05125298	-0.15449615	-1.01269912	-0.33109004	0.36060501
1.07511876	-0.31115051	-0.08006243	-1.00871933	0.23953000	-0.00666334
1.04023953	-0.29689972	-0.18247026	-1.13399606	0.67299993	0.09766082
1.02891120	-0.31271556	-0.12057984	-1.45614752	0.87158316	-0.16276927
0.74234843	-0.32964818	-0.02597769	-1.16937378	0.52248876	-0.41037427
0.81162433	-0.19725745	-0.02774932	-1.28603910	0.53500004	-0.49166035
0.80388032	-0.14278860	0.03164000	-1.31996986	0.89699549	-0.21153629
0.70530039	-0.12035880	0.02610114	-1.02003154	0.27851823	-0.41429238
0.59660392	-0.19737068	-0.15535375	-1.10215948	0.52974420	-0.60053420
0.48721729	-0.09679048	-0.05330965	-1.11907482	-0.17954174	-0.55930621
0.71171814	-0.39491689	0.02414653	-0.98484478	0.24891960	-0.64374086
1.07261663	-0.33579389	-0.09264190	-0.54844565	0.16982290	-0.35744544
1.17613192	-0.30318763	-0.16984636	-0.74548930	0.48091300	-0.49585628
0.95971193	-0.09810618	-0.28184708	-1.04565702	1.14985755	-0.35399548
0.84906286	-0.07628334	-0.15761992	-0.75020286	0.55135967	-0.20142764
0.62027380	0.08418265	-0.02276458	-1.26289639	-0.19978760	-0.23051693
0.99925447	-0.00988377	0.08491797	-1.05957080	-0.27751768	0.06158630
0.95983022	-0.08321994	-0.12192091	-0.85998863	-0.56041683	0.00254345
1.05569399	-0.33198835	-0.20933479	-1.00521531	-1.07277143	0.36052759
1.29992738	-0.30599613	-0.30188799	-0.40743452	-0.97567870	0.63750578
1.22933062	-0.19950199	-0.45238816	-0.91737875	-0.93888841	0.98257951
1.29412693	-0.39675360	-0.58158182	-0.62682298	-0.57146272	0.42636445
1.77382615	-0.27148048	-0.67081612	-0.53572952	0.25924746	0.50712012
1.56773614	-0.50728551	-0.49354229	-0.20250352	0.59394305	0.04268563
1.46044096	-0.64451467	-0.32931268	-0.44668332	1.70038666	-0.77891560
1.32896596	-0.12294875	-0.26442284	-0.50097814	0.78206524	-0.23324854
1.31953884	0.12782349	-0.21889731	-0.18215998	0.34264966	-0.12464555
1.14670029	0.04352751	-0.18106320	-0.47481349	-0.00123358	0.12435001
0.84373339	0.03981328	-0.26116146	-0.78560150	0.10362213	0.04324077
0.86178006	0.15510268	-0.33130657	-0.56151936	-0.28571150	0.43537248
0.89788642	-0.32953506	-0.08281093	-0.31822487	-0.28425570	0.12377958
0.74292483	-0.09434089	-0.30346535	-0.46428577	-0.95565177	0.37773831
0.92059801	0.05161826	-0.25973250	-0.18812872	-0.77958881	0.69812983
0.88500761	-0.15951806	-0.12282452	0.02466033	-0.45378595	0.41799439
0.85558790	-0.08911610	-0.29556232	-0.11586322	-0.24775434	0.42376445
0.83976428	-0.03125487	-0.14961378	-0.19839040	-0.60147306	0.29922276
0.67692614	-0.18424439	-0.23614477	0.34309439	0.47052240	0.44455320
0.68718673	0.00964731	0.02474632	0.15334558	-0.26813483	0.20732811
0.94311924	-0.12221120	-0.18948076	-0.00348779	-0.65188653	0.19799496
0.68710221	-0.07067613	-0.24033283	0.12469973	-0.25677058	0.63035371
0.72209636	-0.10251696	-0.26547350	-0.30926935	0.34229067	0.35139060
0.93213358	-0.02904568	-0.04641888	-0.28485333	0.50719156	0.17037816
0.67318930	-0.05185918	-0.11928659	-0.65263186	-0.07907466	0.30550183
0.93049867	-0.16330255	0.08469512	-0.03444972	-0.07606036	0.47542802
0.98704243	-0.00328252	-0.07175031	0.01160118	-0.75045712	0.63349584
1.01682786	-0.15173614	-0.20657168	0.40814244	-0.05968369	0.54706547
1.16464214	-0.06374334	-0.27464771	0.39603377	0.50314258	0.33086860
1.05885995	-0.16802678	-0.28973615	0.09227223	0.00236288	0.20557806
0.88268910	-0.34872810	-0.41617295	-0.24145363	-0.56423467	0.19586677
0.70456146	-0.55596313	-0.48302289	-0.02629547	0.59253162	-0.05887492
0.76777710	-0.45664615	-0.22033158	-0.19552319	0.54115271	-0.51999086
1.44507729	-0.07291201	-0.13484832	-0.37420467	0.60154121	-0.49286166
1.81538671	-0.13361763	-0.39373419	-0.40240434	0.62992706	-0.22819090
2.10975299	0.07036231	-0.51458099	-0.83233575	0.51019508	-0.01559699
1.89543173	-0.16276039	-0.26741076	-1.12482274	0.45224992	-0.45072146
1.40685609	-0.52391482	-0.08517916	-0.65319475	-0.09505786	-0.12581083
1.22344497	-0.47112211	-0.13471003	0.09808155	0.21051979	0.10920660
1.35925167	-0.25011736	-0.09684605	-0.10644051	-0.26602634	0.39942977
1.19746251	-0.02197494	-0.18012695	-0.44334314	0.44604709	0.27921107
1.07357385	-0.07260192	-0.23893297	-0.69465380	-0.13815775	0.21391792
0.68389371	-0.09975734	-0.01949703	-0.45499211	0.36793840	0.09693971
0.58977305	-0.09159700	-0.03318046	-0.63052905	-0.13630003	0.42554181
0.71066332	-0.19874366	-0.10971830	-0.26155198	-0.50216732	0.29158487
0.42313513	-0.18417682	-0.00363869	-0.81054427	-0.20129270	0.04202791
0.44374470	-0.14958567	-0.14004841	-1.01078260	-0.13954250	0.26236060
0.57897919	-0.12587646	-0.20001952	-0.76670617	-0.21602799	-0.14875730
0.75456609	-0.17366448	-0.24053265	-1.32277056	0.13537381	-0.38642617
0.63138662	-0.30428824	-0.15686347	-1.01317071	0.41953595	-0.03940750
0.48116384	-0.25753324	-0.16168904	-0.95981368	0.68884208	-0.53371718
0.51561703	-0.15016971	-0.08129185	-0.57330738	-0.06932711	-0.62694080
0.86239815	-0.12491208	-0.05258250	-0.95745520	-0.02461340	-0.68136553
0.85800724	-0.27564567	-0.18403705	-0.06436224	-0.48145818	-0.55205699
0.75864612	-0.13424087	-0.12753514	-0.01434033	0.28875260	-0.16150236
0.99234449	-0.17000376	-0.17910886	-0.32039099	0.82081866	-0.39436618
1.03623776	-0.20117882	-0.02672776	-0.38283399	1.14207001	-0.18330219
0.83866050	-0.12843500	-0.04733224	-0.64377946	0.15874041	-0.28641441
1.20878428	-0.00990591	0.02214806	-0.94299317	-0.66114162	0.35894046
0.90440330	-0.20078982	-0.13513579	-0.47386491	-0.94459570	0.86614539
1.45250326	-0.25104859	-0.29416491	-0.04288688	-0.48908531	0.72417515
1.29224760	-0.43410959	-0.41948767	-0.16283118	0.85030070	0.19289847
1.63526979	-0.20064791	-0.49220322	-0.10323015	0.23629489	0.44237059
1.45425861	-0.20697321	-0.36980888	0.24515715	0.06222983	0.28724796
1.58547085	-0.32772516	-0.52626534	0.02876578	0.87163672	0.28317536
1.75061744	-0.20665175	-0.23664963	-0.18740049	0.59394462	-0.19209269
1.87977807	-0.02739202	-0.09527435	-0.26388373	0.39974394	-0.58859493
1.23674969	-0.26609676	-0.00098320	-0.30845211	-0.00298886	-0.22765989
0.85139669	-0.19247538	-0.01792766	0.12131043	0.01054090	-0.18537566
0.68564429	-0.21885526	-0.29428444	0.23242174	0.03980943	-0.35323266
0.46029601	-0.04637317	-0.20975970	-0.01669313	-0.58150883	0.10525027
0.82309686	0.02988338	-0.21090528	-0.28053055	-0.01033571	-0.12438629
0.86113432	0.01110289	-0.28361629	0.01935849	-0.30948645	0.23343018
0.70237068	0.10490755	-0.21813044	0.26812913	-0.79490706	0.67545747
0.81178395	-0.01239506	-0.09283197	0.30777341	-0.47516293	0.60439778
0.63604371	-0.19529590	-0.10890124	0.39204105	-0.16087866	0.61650493
0.93033774	-0.07835571	-0.06131260	0.05195601	-0.10716440	0.42596402
0.80954021	-0.05192647	-0.09125056	0.05871723	0.13850834	0.45123952
0.77157792	0.01196074	-0.20402531	0.07235983	0.28547199	0.16501355
0.56452119	-0.02400002	0.00091838	0.19601003	-0.50051736	0.52927946
0.56518149	-0.13942244	-0.21721630	-0.17145909	0.32019184	0.33249657
0.90405211	-0.06789638	-0.02343873	0.18079473	-0.46530870	0.27445582
0.88065212	-0.15161436	-0.12071556	-0.18535399	-0.09954133	0.02220063
0.76261687	-0.01808692	-0.17889885	-0.30605847	0.71953961	0.17506285
0.85751540	-0.08900381	-0.18908133	-0.23991864	-0.13123296	0.31085560
0.97977090	-0.17343822	-0.22246625	-0.01114519	0.11119563	0.34188764
0.96170997	-0.24633621	-0.23737562	0.44992967	-0.44078000	0.31333903
0.72089792	-0.24136500	-0.24907312	0.55757726	-0.15161687	0.13669857
0.68624028	-0.21232891	-0.17989524	0.54100291	-0.64581889	0.12745094
0.69987966	-0.17037442	-0.27936451	0.61332794	-0.50811711	0.12487952
0.94314014	-0.32497963	-0.42116334	0.20172368	-0.00120197	-0.16848660
1.10780511	-0.14301718	-0.45789813	-0.42333328	0.18942058	-0.74276454
