1.24672863	-0.03354853	-0.49599614	-0.59514947	0.67382571	0.19629520
1.29980570	-0.11794081	-0.43790060	-0.69456510	0.79390513	0.16560408
1.23474302	-0.03677095	-0.54779186	-0.85231574	0.74130660	-0.03222112
1.17772626	-0.06246402	-0.43416635	-0.84478536	0.54501715	0.29551043
1.24281407	-0.12185584	-0.47483846	-0.95399344	-0.09004955	0.32487171
1.18209451	-0.38367492	-0.44839991	-0.61319228	-0.65168997	0.10680287
1.39955970	-0.29490504	-0.63181088	-0.78757622	-0.25454988	0.36545293
1.26570960	-0.56395253	-0.61455194	-0.45231191	0.20594713	0.45364570
0.91849781	-0.51615433	-0.58450955	-0.16252164	0.58281473	0.59241204
0.97594017	-0.46868822	-0.55390199	-0.05595344	0.68581429	0.82929081
0.89638963	-0.23715403	-0.53480218	-0.09147418	0.91898250	0.74772629
0.82498633	-0.11587842	-0.63855856	-0.51160114	0.14377479	0.65464546
0.88291894	-0.20322584	-0.24244530	-0.61317596	0.61806885	0.46571300
0.81475495	-0.16284699	-0.33955993	-0.63266439	0.21881925	0.71043810
0.78875666	-0.26900614	-0.21119283	-0.42309433	-0.05549115	0.59671958
0.70543523	-0.25889519	-0.29314347	-0.77302750	0.19598602	0.51432725
0.68461731	-0.25492399	-0.34648297	-0.23917592	0.44555549	0.70998612
0.72549836	-0.26783625	-0.35552987	-0.29177586	0.37071406	0.33363198
0.65362034	-0.18420014	-0.33455652	-0.65033062	0.62596384	0.58554292
0.82245460	-0.44540623	-0.32173935	-0.51428103	0.65251482	0.50020148
0.84528925	-0.25900356	-0.22246864	-0.29790144	0.54457016	0.34638507
0.78763710	-0.14371172	-0.33950456	-0.31142344	0.47885538	0.46183325
0.80066506	-0.34309150	-0.27973784	-0.46271392	0.44835062	0.61987919
0.70827767	-0.23147826	-0.22050203	-0.66367329	0.68600010	0.33584470
0.65193005	-0.10313394	-0.19204087	-0.66498790	0.51308065	0.52084443
0.70132271	-0.22699377	-0.07661260	-0.79363417	0.35336764	0.47861378
0.86618181	-0.40641303	-0.28779394	-0.62338270	0.23674495	0.49760835
0.85614522	-0.45753470	-0.16524663	-0.49662742	0.52672675	0.57960491
0.98700986	-0.26918087	-0.24719417	-0.68478818	0.41505301	0.18880244
0.91119441	-0.23410267	-0.10972258	-0.63080016	0.61522432	0.11041374
0.91743867	-0.39800295	-0.12332058	-0.60628206	0.34580672	0.16357296
0.90791880	-0.28671190	-0.00586400	-0.36245624	0.22272583	0.07716422
1.05968750	-0.31082887	-0.16673578	-0.37943230	-0.16582549	0.39072616
1.21000236	-0.29926253	-0.37835211	-0.82275080	-0.04780740	0.22150994
1.38011939	-0.13513373	-0.38709381	-0.65675020	-0.12044237	0.38125170
1.43650900	-0.24214411	-0.35377218	-0.60895405	0.09613143	0.31434239
1.27492363	-0.54368085	-0.45956673	-0.54376425	0.36386023	0.20465082
1.27075569	-0.69347759	-0.49905561	-0.43197287	0.17481342	0.45581517
1.15709737	-0.81201734	-0.57141861	-0.60544516	-0.04026178	0.36794218
1.16439563	-0.38658904	-0.55269212	-0.70735623	0.05823877	-0.02072772
0.92410983	-0.37501643	-0.64870184	-0.71921317	-0.17087037	-0.05102756
0.74590392	-0.32260740	-0.53559340	-0.71724681	-0.06122275	-0.32227966
0.76295038	-0.30254329	-0.51778960	-0.92623337	-0.20881894	-0.12073917
0.83280874	-0.50544429	-0.54684077	-0.61515731	-0.35868648	-0.32297325
0.94058226	-0.44458268	-0.52860102	-0.53888761	-0.12869795	-0.60298110
0.82865328	-0.34056927	-0.48785207	-0.46193919	0.22015486	-0.58758301
0.90941302	-0.29216817	-0.36549113	-0.44019847	0.65336696	-0.88158537
0.96128590	-0.20556384	-0.33300439	-0.19785667	0.58067912	-0.45068022
0.62891265	-0.05551688	-0.21667145	-0.29906283	0.90394064	-0.27350592
0.51446027	-0.00509831	-0.08920984	-0.33055951	0.55833126	-0.72832803
0.50366091	-0.05636084	-0.25431659	-0.56744148	-0.35082273	-0.51085194
0.54169105	-0.11749472	-0.21497896	-0.51661855	-0.42113928	-0.68501226
0.64016110	-0.13430020	-0.27559858	-0.45583716	-0.18083172	-0.32353254
0.72711249	-0.05256676	-0.27443800	-0.52679924	0.08487351	-0.45740214
0.80664653	-0.23156008	-0.39062307	-0.46460826	-0.27657229	-0.69019264
0.87844051	-0.15895540	-0.36246324	-0.32538963	0.25391634	-0.01739055
0.94806468	-0.03640454	-0.31840008	-0.03606604	-0.12260808	-0.34770021
0.83676642	-0.11089463	-0.26633342	-0.53411731	-0.39652653	-0.00061527
0.82298985	-0.00185707	-0.32453430	-0.44335629	-0.13698217	0.42395294
0.97617138	-0.03221345	-0.42595236	-0.43247079	-0.26891677	0.16610444
1.03262386	0.06472990	-0.31485459	-0.83382344	-0.10320236	0.22673000
0.98235051	0.03200907	-0.51121195	-0.85259321	-0.00813600	-0.15588116
1.09805148	-0.06383504	-0.24367967	-0.62389220	-0.30540864	0.18203157
1.02329986	-0.08329870	-0.33775810	-0.67709306	-0.18808788	-0.06436020
1.27402183	-0.27700308	-0.54675702	-0.41165966	-0.16351723	0.05129148
1.24952577	-0.23564236	-0.62880126	-0.52437164	0.24302332	0.06741821
1.37118576	-0.29091013	-0.47490106	-0.30224102	0.35006094	0.41605494
1.51159067	-0.14833998	-0.60664527	-0.18266120	-0.21240442	0.43911911
1.29330681	-0.30744900	-0.69595087	-0.37190265	0.09154997	0.55418605
1.17579800	-0.42936416	-0.79590895	-0.25865156	0.08223746	0.42678434
0.91661560	-0.55665436	-0.54882208	-0.18951738	0.20014357	0.83316791
0.92590813	-0.41833036	-0.54357985	0.05921129	0.26481281	0.40588049
0.96988444	-0.36002417	-0.34736121	0.00861160	0.13641591	0.37477268
0.97020600	-0.16709301	-0.44605314	0.22518740	0.54255806	0.64290913
1.07672882	-0.16840570	-0.49727051	0.13976540	0.63820001	0.64375405
1.14573994	-0.13905952	-0.34719379	0.15932417	0.48320156	0.66320246
0.58263184	-0.12004389	-0.33646664	-0.05391542	0.51836242	0.22934588
0.67185091	-0.14090807	-0.22032549	-0.11287145	0.30109904	0.51931633
0.76128363	-0.03755559	-0.34219486	-0.12040621	0.07896416	0.42144247
0.64277168	-0.21328192	-0.24073824	0.12056359	0.26756495	0.43395445
0.43963532	-0.27979875	-0.36128671	-0.13308498	0.76576705	0.58568923
0.55086659	-0.22128985	-0.26310074	0.13093420	0.41397771	0.19123807
0.80477211	-0.25243508	-0.25698563	-0.28097574	0.74749310	0.62217936
0.55046296	-0.17340233	-0.24946727	-0.49304527	0.40596843	0.11602081
0.57412925	-0.15155562	-0.18719954	-0.32213654	0.63085823	0.18766216
0.73892229	-0.14129698	-0.15549308	-0.38988220	0.50959560	-0.01530306
0.64052301	-0.40004488	-0.26376752	-0.75335227	0.21564567	0.44533134
0.75579802	-0.35869621	-0.09164646	-0.34950429	0.15019412	0.46803286
0.87811512	-0.52731341	-0.35356715	-0.14250515	0.35084731	0.41976922
1.00493962	-0.36799866	-0.21634861	-0.08088859	0.21846628	0.45077890
1.05104196	-0.31418670	-0.26869908	0.04083178	0.27759875	0.08787897
0.91958775	-0.25529567	-0.13857237	-0.33432782	0.13381841	0.10187119
0.97925952	-0.17674781	-0.08454441	-0.10477505	0.18560526	0.13156743
1.19319292	-0.27621002	-0.06893131	-0.13928010	-0.26394614	0.07321624
1.22838252	-0.35455909	-0.21905508	-0.42809810	-0.24625222	0.14771785
1.21209066	-0.26528485	-0.37233902	-0.18700549	-0.55947687	0.35216620
1.27129454	-0.47431950	-0.48748093	-0.08811503	-0.04957342	0.15952497
1.24596069	-0.55763380	-0.65255251	0.22063814	-0.20116637	0.22060361
1.19900489	-0.67199892	-0.52618136	0.23936298	0.07918270	-0.12414634
1.12064297	-0.67740038	-0.45381985	-0.22691662	0.17701394	-0.01651341
0.93658222	-0.22800894	-0.64997599	-0.00277473	-0.35843935	-0.09231772
0.82774167	-0.33654717	-0.62668712	-0.00736960	-0.35812779	-0.07118601
0.65349174	-0.41021474	-0.41304055	-0.31551174	-0.22292259	0.05150162
0.83608653	-0.51858546	-0.54619401	-0.33156891	-0.56757440	-0.20908903
0.96790157	-0.50125002	-0.51502585	-0.33596528	-0.37723807	-0.41108410
1.00615313	-0.40113698	-0.45393333	-0.18326329	-0.03090503	-0.65491038
0.95406244	-0.18781254	-0.36708770	-0.17292828	0.42187133	-0.81988318
0.66788833	-0.01917127	-0.32928711	-0.27731592	0.72212568	-0.38242197
0.84495520	-0.09563010	-0.34229428	0.02387976	0.50534827	-0.45028143
0.68179928	-0.06720088	-0.28115715	-0.09409507	0.33614545	-0.30685706
0.64352803	0.05727385	-0.18176564	-0.18701218	0.04412626	-0.13772852
0.55681743	-0.08994301	-0.19660165	-0.21700633	-0.23823345	-0.65333550
0.65914656	-0.15661587	-0.47188095	-0.36552286	-0.35794361	-0.71375147
0.69892052	-0.06709018	-0.26717183	-0.40816248	0.01675758	-0.37148980
0.75320564	-0.03852764	-0.33956987	-0.20054009	0.12039667	-0.49773321
0.75894165	-0.09743102	-0.36877208	-0.09364260	-0.00221542	-0.09683370
0.91265155	-0.04210073	-0.33627710	-0.41537928	0.09884178	-0.10852458
0.89119101	-0.15273327	-0.36384874	-0.14306478	0.13009287	-0.13264892
0.89914858	-0.14299342	-0.42922150	0.33063116	-0.34299143	-0.24619648
0.73021219	0.12004498	-0.35650728	-0.16087564	-0.38207040	-0.16034444
0.87668347	0.02561279	-0.32471462	-0.32967586	-0.45913249	-0.23610942
0.89934258	0.06131350	-0.28787917	-0.28706556	-0.30014006	0.08018062
0.88714314	0.12938737	-0.44078223	-0.14549294	-0.07806309	-0.09988849
1.06349516	0.02497330	-0.38672564	-0.29721190	0.17798457	0.04603659
0.97661951	0.05582255	-0.26325823	-0.35016997	0.07683317	0.08621646
1.38076426	-0.00642551	-0.50211358	-0.16647569	0.42623237	-0.27708800
1.45825170	0.03985473	-0.45781353	-0.61497567	0.75241142	-0.07615970
1.09308803	-0.17507971	-0.50313376	-0.53173457	0.68572452	0.12692039
