1.39696167	-0.28418401	-0.73502317	-0.40216122	-0.91926219	0.36383720
1.34473125	-0.41094826	-0.81148826	-0.46223395	-0.62791791	0.21873245
0.92513280	-0.46320301	-0.64368211	-0.26758652	0.14715179	0.58154030
0.87390029	-0.23593322	-0.62511587	0.10528048	0.30155707	0.96051752
0.82639404	-0.42533092	-0.50767033	0.13091896	0.14601913	0.84706799
0.79433088	-0.22931593	-0.48972283	0.10840182	0.13090955	0.67289000
0.89277127	-0.30987022	-0.51869433	-0.04966531	0.51639545	0.46240096
0.91558537	-0.14791017	-0.49432690	-0.02730362	0.42702641	0.74982504
0.86436632	-0.22338081	-0.51080370	-0.08718463	0.10733381	0.25605880
0.66360416	-0.13180638	-0.42241446	0.10616553	0.24016472	0.23273694
0.83916718	-0.36954139	-0.35510793	0.14490562	0.38943538	0.88007714
0.75653628	-0.16136636	-0.42401925	0.09548490	0.27107139	0.49130467
0.69319005	-0.20432045	-0.46511482	-0.02635527	0.43908589	0.72638888
0.68452947	-0.16860880	-0.43919629	0.04795376	0.33507150	0.52562349
0.88334051	-0.31809257	-0.42534235	-0.11896543	0.52496921	0.36891040
0.60117860	-0.20844047	-0.35416141	-0.00075130	0.69972458	0.42541887
0.64821459	-0.21695841	-0.31730011	-0.02440125	0.83018899	0.20054027
0.77059017	-0.15325517	-0.30645832	-0.15265019	0.38993145	0.51275005
0.66960716	-0.12869288	-0.31007186	-0.12396055	0.24965240	-0.04697641
0.84397108	-0.23011559	-0.27579328	-0.11839264	0.57519562	0.19180491
0.79935716	-0.27806906	-0.16089607	-0.15680977	0.55339980	0.64725732
1.05893649	-0.34004221	-0.16253830	-0.17662092	0.30757252	0.22681104
1.05834078	-0.30979097	-0.28102102	-0.18487662	-0.04435747	0.14205093
0.95279714	-0.30544917	-0.30505745	-0.10935930	0.32025106	0.44399324
0.94853444	-0.20613187	-0.19316942	-0.26291041	0.06828332	0.29976723
0.88726468	-0.17698851	-0.22381529	-0.13577703	0.06479140	-0.17196895
1.04579154	-0.14898143	-0.13453974	-0.19370621	-0.03726233	0.02707268
1.17161027	-0.26835465	-0.19874611	-0.44800919	-0.26165029	0.02951718
1.14887824	-0.19203730	-0.29405570	-0.25296170	-0.64822011	0.34493521
1.35649888	-0.34295183	-0.55299472	-0.09100713	-0.85538399	0.49259246
1.39857826	-0.72039858	-0.60004491	0.22819458	-0.68743600	0.36476001
1.27944417	-0.64734730	-0.59379548	0.13802244	-0.52713348	0.23257649
1.33421124	-0.65323676	-0.70856001	0.10666267	-0.27622402	0.08176168
1.11409716	-0.36656256	-0.72200110	-0.07014124	-0.21035039	-0.45628656
0.84729241	-0.18901278	-0.59122222	-0.17760376	0.30140543	-0.29280815
0.72330398	-0.28394773	-0.54061650	-0.29597332	-0.14192652	-0.00459760
0.71853839	-0.43606604	-0.43870088	-0.39183088	-0.94327398	-0.16403836
0.69662134	-0.43833231	-0.42257930	-0.43253430	-0.79298615	-0.40480323
0.84021929	-0.44760276	-0.46020205	-0.20710790	-0.46641704	-0.33737461
1.01821613	-0.37972033	-0.48024297	-0.19145978	0.16273787	-0.70835132
1.03416132	-0.28481547	-0.45712453	0.25083723	0.43789604	-0.69594056
0.77035313	-0.16684644	-0.45310754	0.09632176	0.34484087	-0.62845207
0.89219630	-0.13672308	-0.40982713	-0.13861292	0.23062197	-0.49925475
0.59011874	-0.09205287	-0.32796102	0.16234428	0.22420548	-0.60217619
0.76810601	-0.04819579	-0.35401691	-0.03112886	0.07382752	-0.88433928
0.81016307	-0.06186334	-0.35928413	-0.41245166	-0.43742275	-0.88082131
0.65909551	-0.20716567	-0.39691982	0.09926716	-0.02395561	-0.59168238
0.72810606	0.00397506	-0.44250550	0.25435734	0.06978049	-0.89975425
0.68319627	-0.13145640	-0.38096471	-0.11231772	-0.03140636	-0.55384860
0.74553205	-0.14365056	-0.37339715	0.33914566	0.26452033	-0.85460468
0.92755615	-0.21499951	-0.28627633	0.49099393	0.54830662	-0.75746874
0.67227212	-0.04153790	-0.47010284	0.37178309	0.13692383	-0.26327114
0.47740784	0.04442468	-0.35412925	0.29959321	-0.17289547	-0.23463803
0.72786982	0.13653490	-0.33417338	0.32520100	-0.56643142	-0.17219491
0.69489408	-0.06634277	-0.50997517	0.15594618	-0.21217615	-0.45952100
0.89573979	0.10371011	-0.35390357	0.37048943	-0.28152004	-0.07422952
1.04562640	0.09309162	-0.33472659	0.15589297	-0.43343588	0.00508943
1.01106990	0.05346525	-0.24791568	0.27101369	0.20688225	-0.28193304
1.20627791	-0.13898333	-0.32936371	0.09990701	0.14850018	-0.34093924
1.16560939	-0.09334337	-0.31389636	0.16655011	0.30844133	-0.44182180
1.35857348	-0.02498194	-0.47280693	0.34163079	0.64024597	-0.33965495
1.40106628	0.00966665	-0.50096542	-0.00656668	0.47889383	-0.72309249
1.32918700	-0.04225933	-0.65086616	-0.00032734	0.15469147	-0.24275256
1.41277316	-0.16874017	-0.59210726	-0.32968586	-0.11304456	-0.09652374
1.17862147	-0.07838412	-0.53603780	-0.08257968	-0.70285088	0.10665124
1.14665171	-0.25086278	-0.58363955	0.08233687	-0.83432854	0.29605937
1.01570828	-0.31951785	-0.62618275	-0.00361935	-0.84669655	0.77099331
0.87432140	-0.26658250	-0.70457377	-0.19877329	-0.87918664	0.78412353
1.03936409	-0.20388447	-0.73566642	0.26623940	-0.19648265	0.50565811
1.15805829	-0.37465254	-0.69359848	0.01549928	0.37377435	0.58936121
0.99248049	-0.42286805	-0.48714627	0.22564319	0.37924722	0.44122095
0.70904520	-0.32695540	-0.42053821	0.48037293	0.16746095	0.74378306
0.70452400	-0.34871445	-0.42623726	0.36867123	-0.13803816	0.72708611
0.55007523	-0.17168232	-0.40409331	0.68848695	0.03677202	0.24097317
0.81502556	-0.19852395	-0.38989839	0.76365697	0.22646132	0.19918844
0.57210049	-0.13630420	-0.25356175	0.59235733	-0.15007298	0.67509503
0.56700432	-0.22490658	-0.33962902	0.40765928	-0.44220310	-0.02882498
0.66566356	-0.19186080	-0.36367210	0.64855988	-0.20550858	0.52132517
0.70699726	-0.23613608	-0.45428161	0.65752816	0.37387054	0.21108884
0.79639408	-0.28956849	-0.36637934	0.28446541	-0.05988186	0.27743153
0.58727578	-0.29497498	-0.37219442	0.84050542	0.65825967	0.16938868
0.74974264	-0.19661648	-0.40274088	0.82971883	0.14659925	0.15458058
0.73878861	-0.06647267	-0.29044510	0.52332859	0.32102327	-0.28105225
0.80049735	-0.32662235	-0.35076333	0.56353762	0.30963616	-0.16336096
0.91759336	-0.13605157	-0.30920211	0.71678992	0.16864535	-0.14788451
0.84177110	-0.38877355	-0.27854638	0.56543132	-0.12508005	-0.37903817
0.76970531	-0.32300615	-0.30063664	0.72645105	-0.04442259	-0.07993305
0.86707410	-0.26149329	-0.28938052	0.43227200	0.04971205	-0.36416756
0.87231547	-0.10943153	-0.23036663	0.46897314	0.14536836	-0.08425205
0.91627657	-0.19850502	-0.12679778	0.41854306	-0.05072752	-0.15443733
1.03458883	-0.16543432	-0.18858903	0.24541020	0.40895934	-0.10824515
1.03498467	-0.28059665	-0.20610520	0.40544712	-0.16574809	-0.16090377
1.00472809	-0.34870781	-0.27884960	0.56473177	-0.05188872	-0.47512391
1.07039103	-0.35644706	-0.21667225	0.24895740	-0.05321343	-0.36674100
1.10284986	-0.36920208	-0.27374870	0.38750308	-0.30188856	-0.28915809
1.22958198	-0.39629193	-0.41059239	0.22001546	-0.11946080	0.10636732
1.48679008	-0.30826419	-0.46022671	0.28230571	-0.36291540	-0.16888922
1.43712964	-0.36695970	-0.52007008	0.36823995	-0.49923984	-0.13878735
1.38107767	-0.65722366	-0.64963279	0.49469734	-0.45566603	0.13835283
1.43923203	-0.60775734	-0.59444922	0.25544383	-0.62297335	-0.43294329
1.14065492	-0.31283850	-0.67748485	0.22585075	-0.22004422	-0.20093452
0.96240168	-0.38356093	-0.59060896	-0.44296581	0.09414679	-0.38677414
0.48462763	-0.36465846	-0.40427468	-0.17215148	-0.45391075	-0.27832237
0.63081645	-0.46797710	-0.47674350	-0.06513766	-1.07185877	-0.28906655
0.83915463	-0.54769559	-0.52902103	0.17487224	-1.14677976	-0.42568241
0.86501964	-0.41282214	-0.57760855	0.60159202	-0.56647095	-0.49169257
0.80452188	-0.42741372	-0.57359673	0.49680089	-0.05660289	-0.53174257
0.86396042	-0.41258220	-0.57618299	0.37713518	0.23490809	-0.88195352
0.78440277	-0.08377200	-0.49291490	0.65867368	0.18617364	-0.91006987
0.60758489	-0.11521930	-0.40029760	0.61686744	0.02930089	-0.69459596
0.63434869	-0.10096495	-0.38563465	0.35745162	-0.36862040	-0.55782261
0.75577710	-0.07254429	-0.33307504	0.57023050	-0.29358898	-0.71435117
0.63143467	-0.15127104	-0.44120784	0.33140720	0.10264424	-0.48317795
0.61189358	-0.03931786	-0.36665284	0.20960298	-0.09229201	-0.91035778
0.61577499	-0.33837462	-0.24434349	0.43194249	0.25085586	-0.88647147
0.43087739	-0.15289638	-0.30666833	0.14109606	0.16070145	-0.95678754
0.53404521	-0.06539995	-0.27916487	0.37465080	0.32922546	-0.77613756
0.54695705	0.05988246	-0.29887803	0.50439844	-0.17551330	-0.96227922
0.73197379	0.08867324	-0.41869648	0.28589328	-0.38747389	-0.43154204
0.70052110	0.13433694	-0.39740120	0.31217076	-0.66087600	-0.26678333
0.84173856	-0.03900043	-0.47062157	-0.09602355	-0.13679123	-0.13410700
0.73708860	-0.12519254	-0.44459031	0.10794401	-0.09852975	-0.15542651
0.96832250	-0.00074290	-0.30777316	0.01938418	-0.25512181	-0.18463588
1.05618676	0.09784290	-0.43294217	0.09058296	-0.30862345	-0.47237800
1.06209085	0.09783542	-0.33018701	0.23016864	-0.20634324	-0.59846616
1.34304811	0.15738127	-0.46187565	0.11032866	-0.02318001	-0.07463000
1.18855979	-0.18405994	-0.49747487	0.07691083	-0.11878805	-0.61994047
1.23863489	-0.17942163	-0.62035285	-0.02268079	0.53750180	-0.29515144
