1.37549616	-0.56828543	-0.87031465	0.74976130	-0.01327458	0.02876188
1.25767963	-0.33149466	-0.69635671	0.38372089	-0.27500881	-0.26539503
1.07738050	-0.42738371	-0.55378549	-0.01759552	-0.28347543	-0.21498336
0.89699162	-0.44531071	-0.66627376	-0.05664552	-0.69303891	-0.49217678
0.80204020	-0.44329200	-0.61898650	0.58437702	-0.65004536	-0.02436787
0.87226582	-0.42932351	-0.66290110	0.44621006	-0.90883381	-0.66782556
0.87075304	-0.53449380	-0.58746366	0.34569020	-0.58216187	-0.87445833
0.79328395	-0.36041393	-0.59693082	0.56766553	-0.60440640	-0.79523393
0.88218643	-0.35987827	-0.60839515	0.48457923	-0.22748338	-1.13107454
0.92831336	-0.43432291	-0.60389646	0.42345922	-0.19266217	-1.40037763
0.85072324	-0.26663791	-0.59520696	0.40650030	-0.06923546	-1.26574296
0.77224073	-0.23380108	-0.48089932	0.42949077	-0.09414439	-1.20015023
0.70611071	-0.18511746	-0.41738558	0.55421074	-0.38808348	-1.05576656
0.64218234	-0.03735281	-0.28323938	0.51008087	-0.17004866	-0.92489950
0.69450117	-0.13316082	-0.54831771	0.52598768	0.12800378	-1.40353540
0.53592508	-0.15145723	-0.61546122	0.42428675	-0.15724409	-1.04932982
0.45225751	-0.27259019	-0.39451464	0.65331992	-0.28104034	-1.27705658
0.63106345	0.00972875	-0.45288620	0.58491785	-0.13907088	-1.35854653
0.60768404	-0.00380315	-0.33813926	0.84464161	-0.05999928	-1.14583990
0.67319148	-0.03802775	-0.41194327	0.90436475	-0.11442374	-0.92502568
0.55999187	-0.06788536	-0.40722610	0.39881905	0.16639324	-1.36450157
0.59629123	0.13478813	-0.38514236	0.70187163	-0.50829172	-0.92962643
0.65926877	0.23431258	-0.46208964	0.48766056	-0.57446037	-0.26184088
0.68264431	0.06861408	-0.61718005	0.50276950	-0.43864005	-0.42063014
0.83774518	0.12006600	-0.43277076	0.22772348	-0.01002602	-0.47961122
0.75387605	0.05409204	-0.29386936	0.37012461	0.25279110	-0.66163788
0.89212481	0.03259389	-0.46071622	0.48425418	-0.11225355	-0.32806893
0.97966963	0.09913717	-0.62974690	0.28254618	-0.23111033	-0.17586834
1.19728879	0.10428417	-0.62222244	0.07537739	-0.02390508	-0.21595491
1.45031793	0.06741397	-0.59203778	0.43271703	0.38507840	-0.16291041
1.28220581	-0.07132466	-0.69400672	0.42884941	0.44232614	0.05451723
1.26825942	-0.02501189	-0.69720915	-0.14179058	-0.04985417	-0.01559840
1.22011706	-0.20317825	-0.86119033	-0.12079884	-0.36135958	0.52419908
1.26429000	-0.25036953	-0.90190493	-0.28718530	-0.42307649	0.48950074
1.16304291	-0.54708396	-0.80820439	0.30264997	-0.41461174	0.37084937
0.80083838	-0.35780505	-0.73754921	0.39955028	-0.18780614	0.11015824
0.83593402	-0.32805150	-0.56100740	0.11723315	-0.72808627	0.62672105
0.76339980	-0.21426195	-0.77142030	0.34393806	-0.64476829	0.10133689
1.03855467	-0.11166212	-0.86204698	0.28328428	-0.20163093	0.30654418
0.95688004	-0.03763993	-0.68218491	0.49255202	0.62056453	0.47494531
0.89835926	-0.16271943	-0.54101389	0.23908069	0.28810290	0.08181870
0.74413795	-0.15682978	-0.42677429	0.61910061	0.50882874	0.93848603
0.76607300	-0.12865482	-0.30349660	0.13567380	0.21047959	0.30318752
0.68916707	-0.07936022	-0.43841495	0.37618620	0.26906618	0.36517218
0.84443223	-0.26960579	-0.34250842	0.31559848	0.21625033	0.88776992
0.71939676	-0.25747758	-0.36469166	0.27000484	0.32547063	0.86242199
0.66991463	-0.23487202	-0.46581159	0.27194630	0.37239769	0.87286029
0.79246997	-0.36950213	-0.36884400	0.18703851	0.44940001	0.95686620
0.73141534	-0.20760596	-0.39007828	0.37888605	0.62882170	0.01869003
0.66426005	-0.14890009	-0.39597655	0.31556965	0.33701421	0.45034706
0.88770781	-0.15324930	-0.26494977	0.20976117	0.38361951	0.61248741
0.63445475	-0.21886340	-0.13178738	0.06376188	0.44680033	0.44444002
0.79271484	-0.14496807	-0.20370155	0.03034421	0.43290935	0.69722500
0.77558124	-0.15997879	-0.18496815	-0.04373843	0.49200941	0.62168025
0.77572353	-0.28957862	-0.34283286	0.07859241	0.30994166	0.53902358
0.91504931	-0.46330247	-0.19776596	0.11781651	0.06513174	0.04416812
0.97156708	-0.27457660	-0.27751573	-0.10605462	0.11053764	-0.05659229
1.07393253	-0.36771187	-0.43212495	-0.08376724	0.17952763	0.21849666
1.14472424	-0.29535745	-0.48368068	-0.16236850	-0.20162671	0.14199865
1.11752414	-0.36777527	-0.54384762	-0.33561686	-0.03541924	0.28940546
1.27364712	-0.42848440	-0.59985337	-0.29887190	-0.10593068	-0.26537978
1.17339202	-0.31234090	-0.68684109	-0.09425124	-0.22720714	0.20191395
1.14049043	-0.34280548	-0.71085268	-0.25173819	-0.31686589	-0.02495677
1.10774829	-0.46333282	-0.85713054	-0.49119560	-0.04542391	0.17271665
0.83083968	-0.30692018	-0.83832622	-1.11181876	-0.01521455	0.15653971
0.85497986	-0.19506546	-0.67286972	-0.87075285	-0.28216894	0.20777833
0.66156056	-0.26366621	-0.49473626	-1.06884895	-0.25126485	-0.24319325
0.75579224	-0.32578219	-0.61123450	-0.51147645	-0.53465065	-0.27411088
0.79842963	-0.36355762	-0.45976748	-0.47339293	-0.31667793	-0.36513653
0.89436201	-0.42698376	-0.42963858	-0.31081575	-0.00652773	-0.36510687
0.91642198	-0.25557514	-0.41169352	-0.32307144	0.10718233	-0.66298724
0.77511902	-0.06839117	-0.48586399	-0.06800762	0.50555540	-0.59487920
0.66668544	-0.07433098	-0.35182395	-0.48410541	0.20034153	-0.36826315
0.52316391	0.02839910	-0.50397503	-0.35669605	0.19100127	-0.61867778
0.63830166	-0.30188537	-0.36187912	-0.47557764	0.07006768	-0.45667620
0.65030338	-0.06271051	-0.31057314	-0.39295020	0.12870635	-0.14194012
0.69619401	-0.19912584	-0.41543330	-0.32246332	-0.15113869	-0.78856884
0.79623653	-0.08630138	-0.41492017	-0.37418005	0.13190166	-0.13680543
0.73139790	-0.04216603	-0.32188354	-0.41403073	-0.27398738	-0.45968776
0.68105355	-0.11969077	-0.55280963	-0.15116385	0.40343223	-0.33706570
0.73997822	-0.07119542	-0.32004595	-0.15040499	0.28362058	0.29491814
0.73406913	0.13116063	-0.32279818	-0.25347925	0.33119670	-0.34808178
0.56874682	-0.11344155	-0.36065254	-0.41177962	-0.02310264	-0.30929870
0.81481314	-0.04051231	-0.48506555	-0.27563091	-0.39354230	0.18775284
0.91335290	0.25949850	-0.36255341	-0.20919735	-0.34795492	0.00542662
1.07040648	0.20383308	-0.36889235	-0.53906492	-0.18043868	0.29403199
1.04733339	0.05473940	-0.53925205	-0.63463784	0.04087051	-0.33938888
1.21202539	0.09205484	-0.54272860	-0.45003425	-0.22465780	-0.16669151
1.18683547	-0.01899287	-0.46466469	-0.27726954	0.00170302	-0.05596622
1.10535350	-0.16886192	-0.67167024	-0.17636517	0.51285504	-0.31761566
1.24604838	0.03562749	-0.61288558	-0.10301887	-0.01483472	0.02070610
1.28446382	-0.12336787	-0.69295481	-0.14729395	-0.73557095	0.39646466
1.00646546	-0.28202555	-0.77893812	-0.23732645	-0.68056682	0.77366567
1.06761281	-0.50276324	-0.79591069	-0.20774173	-0.62760039	0.52512295
1.11353775	-0.51576423	-0.73816971	0.13999692	-0.03834425	0.37727396
0.90019802	-0.29872440	-0.83100224	0.06636442	0.18700564	0.34268545
0.98769914	-0.29003569	-0.46616692	0.44360959	0.05050045	0.41364495
0.77594267	-0.30584689	-0.63440205	0.18772430	0.00792620	0.59974002
0.80217333	-0.09241850	-0.49668116	0.41301581	0.08324212	0.38606865
0.99652231	-0.10994926	-0.52267171	0.21821145	0.24082199	0.22867263
0.71517901	-0.12148844	-0.62936796	-0.07273531	0.27498868	0.43029949
0.70629653	-0.15826768	-0.45099508	0.26445614	0.19764969	0.60447415
0.67925119	-0.26927464	-0.34808631	0.30337225	0.28126006	0.53760878
0.72365107	-0.40203534	-0.34996699	0.41458067	0.13685872	0.90254819
0.90595321	-0.19327077	-0.29852386	0.51407639	-0.19803269	0.62501478
0.86610701	-0.21575492	-0.47292052	0.33481334	0.29952305	0.57574819
0.83496094	-0.12037735	-0.37168974	0.12347562	0.22345349	0.72949248
0.72358106	-0.22430937	-0.37566256	-0.13947113	0.74189382	0.32710056
0.75972599	-0.14259177	-0.34318650	0.09161618	0.59346045	0.34164516
0.93114611	-0.05798143	-0.39057061	0.30950397	0.51358625	0.28550124
0.62387379	-0.15755441	-0.21249458	0.51509411	0.40479605	0.36095033
0.68212530	-0.30514097	-0.12913518	0.21878510	-0.10995115	0.70066820
0.78063976	-0.28886838	-0.28269310	0.25746516	0.07373773	0.39783241
0.88451162	-0.32963394	-0.18798485	0.32811384	0.00096602	0.07191339
0.75213313	-0.34837755	-0.29077771	0.08814278	0.14569825	-0.23662157
1.00994124	-0.21388260	-0.18540974	0.42286443	-0.33025166	0.16622868
1.01934027	-0.35030434	-0.24551297	-0.11284442	-0.53262060	-0.07551294
1.23883049	-0.50267404	-0.27453910	0.21792018	-0.53420324	0.11574847
1.31593196	-0.40750512	-0.64270408	0.22228812	-0.53502014	-0.30308406
1.31261872	-0.58047207	-0.68121030	0.02980837	-0.48933980	-0.19414717
1.22722345	-0.51820325	-0.63979013	0.03712841	-0.52287868	-0.25708001
1.02452648	-0.59551897	-0.76143656	0.28754922	-0.51879516	-0.68549250
0.96260848	-0.50036933	-0.54470859	0.27280375	-0.35616352	-0.61080670
0.70335194	-0.48759782	-0.84306135	0.07363544	-0.31084658	-0.56391141
0.58686194	-0.44989306	-0.59618320	0.56034640	-0.55191735	-0.55538406
0.75187234	-0.43556854	-0.72557956	0.38221239	-0.75079277	-0.68308039
0.73869619	-0.24737884	-0.62608525	0.54186275	-0.73989189	-0.81784310
0.81624071	-0.50460776	-0.75753014	1.21733312	-0.26394306	-0.97526718
