1.00854114	-0.20105483	0.07058872	0.18868181	-0.09498811	-0.01124115
1.01276164	-0.22572800	0.04883448	0.18101077	-0.12253259	0.00569018
1.00645212	-0.22822918	0.04673455	0.09511146	-0.11225801	0.01735419
0.99911229	-0.22900596	0.08100379	-0.05683147	-0.11804735	-0.02371105
1.01513784	-0.22614236	0.05885883	0.02395395	-0.19597437	0.00919957
1.01127465	-0.20980285	0.04379344	0.12946851	-0.12727068	-0.02725450
1.01789386	-0.20622228	0.05506375	0.05545410	-0.11371983	0.00268517
1.01215259	-0.19848271	0.03631886	0.24543290	-0.12276953	0.00421035
0.99944670	-0.23102482	0.05162806	0.06619445	-0.19911076	0.00225135
0.98841701	-0.25002685	0.04824751	0.34179767	-0.16739559	0.02086540
0.99012647	-0.23596289	0.04918071	0.43091991	-0.14626002	0.06718034
1.01111270	-0.26211942	0.04771171	0.31905618	-0.31148463	0.08149931
1.00152485	-0.24506935	0.03432240	0.36747542	-0.38946834	0.05884089
1.00186906	-0.26008600	0.02867305	0.34434932	-0.28356565	0.07181071
0.99777910	-0.26288734	0.02669246	0.46312356	-0.35377064	0.08158566
1.00195932	-0.28419745	0.05950586	0.53922477	-0.31033951	0.09493307
1.00190914	-0.27364657	0.03018877	0.51408524	-0.30037172	0.06280020
0.99554501	-0.25502130	0.05479738	0.49665428	-0.26193975	0.07264557
0.99783514	-0.23914205	0.03168027	0.52305878	-0.25080962	0.14647144
1.00347931	-0.22366197	0.04492212	0.42690975	-0.28993237	0.11305355
1.00403000	-0.25027473	0.02461533	0.47462008	-0.23204148	0.09216162
1.01537732	-0.21332561	0.04831685	0.55830903	-0.23648519	0.11970148
1.02769143	-0.16703106	0.04946967	0.43898672	-0.20227981	0.11471804
1.04393579	-0.15102346	0.03486343	0.36239194	-0.13241088	0.10016932
1.02819954	-0.17782090	0.02138682	0.25395898	-0.08635441	0.02442386
1.01851851	-0.14988350	0.01637199	-0.03871055	-0.04837458	0.01300198
1.01181248	-0.14664873	0.03971585	0.07702067	-0.03149826	0.02436976
1.01160929	-0.15638111	0.02941489	-0.11346727	-0.03311210	-0.00396843
1.01033097	-0.17016220	0.02564476	-0.40983057	-0.01992893	-0.03101481
1.00329115	-0.15909100	0.02070241	-0.41907251	-0.07985397	-0.00495192
1.00559138	-0.17690191	-0.00503799	-0.47834998	-0.07309629	-0.04521677
1.00700944	-0.19769589	-0.01292624	-0.35238881	-0.10208439	0.00654461
1.00962707	-0.19418320	0.00337153	-0.50967312	-0.13461216	-0.00462687
0.99804020	-0.23249174	-0.00474569	-0.46925709	-0.13680992	0.01877671
1.00512694	-0.23796612	0.02479033	-0.34000788	-0.14502514	0.00008533
1.01898278	-0.23347384	-0.01289856	-0.46984905	-0.19061537	-0.00889398
1.00985148	-0.23315734	-0.02610678	-0.60182822	-0.12706668	-0.02233896
1.01432483	-0.19850245	-0.04111929	-0.29744986	-0.05398363	0.00752127
1.01313585	-0.23535056	-0.02983252	-0.29904649	-0.08522238	-0.02710305
1.00957236	-0.24920005	-0.05479268	-0.45192337	0.02937004	-0.05293225
1.01136624	-0.25931149	-0.05392912	-0.31601244	-0.05226584	-0.04578248
1.01341500	-0.26603094	-0.03796487	-0.23396590	0.07201016	-0.08680335
1.02102460	-0.24805420	-0.06722268	-0.43962619	0.03924970	-0.07746934
1.03191967	-0.28118224	-0.03649333	-0.20102846	0.05416959	-0.06994698
1.01765945	-0.29153023	-0.04531482	-0.11585359	0.06099426	-0.07513114
1.00084212	-0.29274100	-0.04180108	-0.05796449	0.05254656	-0.06183154
1.00656034	-0.27264924	-0.04359572	0.05937152	-0.01662949	-0.07431310
0.99580069	-0.26840633	-0.04666893	-0.07094060	0.04627640	-0.07133336
0.99426474	-0.27756961	-0.04047196	-0.05974944	-0.03789750	-0.06594435
0.99942336	-0.25544207	-0.02685507	-0.05219025	-0.07571161	-0.03582006
1.01402065	-0.26907407	0.00472415	0.00924636	-0.05646238	-0.04735707
1.00792501	-0.24651719	-0.00307171	0.13312704	0.04072860	-0.04302444
1.01465835	-0.28115247	-0.00636867	0.38767475	-0.02637956	-0.07794114
0.99891197	-0.23377564	-0.00031647	0.10664116	-0.02459503	-0.05466366
1.00734232	-0.22677272	-0.02457627	0.25506403	-0.07340052	-0.04967648
1.01568741	-0.21494468	-0.00675686	0.04705762	0.03453780	-0.04027841
1.02118769	-0.19649201	-0.00068415	0.15134876	-0.01407012	-0.00497490
1.01807574	-0.19557783	-0.00291839	0.12560263	-0.07766494	-0.02523144
1.01038286	-0.20969877	-0.01405428	0.16352665	-0.12579082	-0.04296441
1.00824531	-0.18406343	-0.02435880	0.01052163	-0.10101393	-0.03213400
1.01359457	-0.23383445	-0.02415918	-0.02548722	0.00236302	-0.03271760
1.01899367	-0.21814242	-0.00354638	0.01535014	-0.08071972	-0.01798522
1.00829954	-0.22165807	-0.00717810	-0.03737052	-0.03767361	-0.05982115
1.01131164	-0.23194866	-0.01105773	0.22303957	-0.10163712	0.01390597
0.99722499	-0.21472529	-0.01831091	0.14347203	0.02695210	-0.03944860
1.00585975	-0.21785472	-0.00337397	0.12149625	0.01079061	-0.00884964
1.01182659	-0.21897747	0.00564283	0.30859514	0.00665992	0.01057259
1.01745472	-0.22258284	-0.02074840	0.27268235	-0.04810838	0.05900270
1.02031627	-0.21855748	-0.02270231	0.18218153	0.03321236	0.04563307
1.00493264	-0.19040054	-0.03007826	0.23157334	-0.02575046	0.05052563
1.00632429	-0.21226562	-0.02137546	0.26955012	-0.03348865	0.01202858
1.01614235	-0.22061808	-0.02539104	0.09765477	-0.01684662	0.03761964
1.02417631	-0.22305475	-0.06488528	0.05455474	0.03841799	0.02141771
1.02071716	-0.21748808	-0.03555323	-0.26755785	0.00593903	-0.00119446
1.02416110	-0.20532384	-0.04854781	-0.30617985	-0.07584062	0.03176165
1.00877621	-0.22315425	-0.05105201	-0.07059202	0.03453952	-0.04204228
0.99942186	-0.25328517	-0.00877395	-0.21813488	0.02898486	-0.04409558
1.00273112	-0.25578043	-0.02268157	-0.22217077	-0.02294581	-0.01732455
0.99842401	-0.23135406	-0.01455855	-0.09150159	-0.03679589	-0.05290153
1.01559018	-0.21168026	-0.00649201	-0.08646248	-0.07813978	-0.06209753
1.01142406	-0.23313629	-0.02431532	0.08598843	-0.05211939	-0.01223173
1.01064219	-0.24460869	-0.00124628	-0.03407585	0.08014220	-0.07317337
1.01090719	-0.25374887	-0.00973158	-0.04386884	0.06130613	-0.00753332
1.01600449	-0.27285159	-0.01520168	-0.03263265	0.04740140	0.00483724
1.01747375	-0.24935650	0.00733737	0.28133331	0.04833981	0.00006155
1.01187930	-0.21383577	0.00042069	0.34303724	0.07604505	-0.00247729
1.00659456	-0.19142616	-0.00666406	0.15827902	0.05315247	-0.00472344
1.00917688	-0.20677193	-0.01211187	0.05834595	0.06937231	-0.00582915
1.00937527	-0.19168275	-0.01294002	0.03389542	0.08092226	0.02568771
1.01407785	-0.16627350	-0.02539404	-0.09831078	0.10655231	-0.00754135
1.00714404	-0.19546446	-0.00371089	-0.09155676	0.12027131	-0.00798051
1.01858201	-0.22431629	-0.02435514	-0.10452794	0.01518860	-0.03146015
1.01300348	-0.24845153	-0.02232167	-0.27263814	-0.00846453	-0.06202378
1.01312488	-0.24333660	-0.01709309	-0.21754382	0.01528131	-0.04107897
1.02460316	-0.25162959	0.00257738	-0.24894954	0.04077331	-0.02112731
1.01063039	-0.25100486	-0.00238657	0.00906979	0.05215018	-0.01411672
1.01256285	-0.25187972	0.01226401	0.01605174	0.08594025	-0.02393189
1.00015423	-0.22152713	-0.01200040	0.07198455	0.08956823	-0.01965782
0.99070345	-0.24042419	-0.00420285	-0.00840674	0.09480475	0.01829088
1.00897370	-0.23838391	0.02114023	0.05168774	0.09466839	-0.02166799
0.99545964	-0.25752599	0.03803526	0.19028764	0.09695594	0.03956521
0.98151781	-0.22245748	0.01027463	0.07901036	-0.01069964	0.04718364
0.99665084	-0.22278934	0.00786369	0.19231491	0.06059494	0.03382682
1.00843122	-0.22276257	0.00528349	0.00556339	0.02980893	0.07521304
1.00840950	-0.19924333	-0.03039204	0.10815783	0.07917549	0.04873139
1.00812702	-0.23068745	-0.03429538	0.06646380	0.01144534	-0.02110538
1.02198469	-0.24344172	-0.01920192	-0.19016714	-0.05178065	-0.00863706
1.01089255	-0.22360433	0.00937515	-0.01248296	-0.03547335	-0.01734515
1.00580805	-0.24923833	0.00028031	-0.14928542	-0.02461737	-0.00265834
0.99844855	-0.24291373	0.00428719	-0.07677595	0.00188551	-0.06852119
1.01034076	-0.21728190	0.01391409	0.12948669	0.00432411	-0.00673737
1.00486348	-0.20537863	0.02283817	0.07787820	0.03434251	-0.08951439
1.00489077	-0.22531089	0.01158141	0.06540792	0.03736060	-0.04288045
1.00493801	-0.20122360	0.02145965	0.14788085	-0.05038137	-0.02784608
1.00663723	-0.21276979	0.04302203	0.11536561	0.03982876	-0.01931240
1.00283194	-0.20642417	0.03562903	-0.00040895	0.02201612	0.01011133
0.99615351	-0.23457054	0.02519692	-0.05255737	-0.09483221	-0.02666609
1.00107005	-0.20734356	0.02472442	0.14482221	0.02207841	0.01421207
0.99883688	-0.21701179	0.00813206	0.04392028	0.06831343	0.01330019
0.99990423	-0.24682502	0.02304776	0.08291858	-0.00155593	0.04084637
1.01180632	-0.23311245	0.00239278	-0.05441798	-0.00227489	0.01307986
1.02419258	-0.22432658	0.00152974	0.07848278	0.07028693	-0.02770475
1.02199939	-0.23088593	-0.01457407	-0.07050899	0.08183051	-0.07681127
1.01947087	-0.25878139	0.00654140	-0.16585059	0.08454764	-0.11902852
1.03341319	-0.25373324	0.01050578	-0.27889248	0.00092434	-0.11926001
1.00915369	-0.25163025	0.03495606	-0.23124683	0.09236799	-0.11906030
0.99954452	-0.24605163	0.05071479	0.08766794	0.11993444	-0.09739223
1.00044887	-0.19215081	0.04561619	0.07007550	0.12925430	-0.06864456
