1.02138690	-0.22868579	0.01336111	-0.06404374	-0.10202939	0.02132603
1.02328704	-0.21818501	-0.01513048	-0.10770609	-0.08340615	0.02814685
1.01906278	-0.21231780	-0.00523249	-0.05315728	-0.05379913	0.04024644
1.01718180	-0.21654548	-0.00823312	-0.05960471	0.00512720	0.03873617
1.01294233	-0.21053734	-0.01304088	-0.07939929	0.00790550	0.00982390
1.01043548	-0.20612983	-0.01423241	-0.11771033	-0.05004416	0.03767437
1.01749754	-0.19445477	-0.01385294	-0.08671626	-0.01188214	0.05048236
1.01784277	-0.17323319	-0.01754325	-0.13592648	-0.05258084	0.06639271
1.02735865	-0.18542231	-0.01037833	-0.14042741	-0.04509501	0.05843868
1.01981401	-0.21034960	0.00329801	-0.13501088	-0.01158655	0.08335592
1.01316857	-0.21175830	-0.01417288	-0.11538595	-0.01930969	0.06153334
1.01369093	-0.23031949	-0.04040076	-0.08981300	-0.02138118	0.01210327
1.02842829	-0.24448007	-0.03659573	-0.07070278	0.01077225	-0.01649512
1.01308776	-0.24906616	-0.02498360	-0.02673552	0.06055756	-0.01047298
1.00408072	-0.24990885	-0.03660591	0.01398852	0.01694497	-0.03142014
1.01213388	-0.25365080	-0.01926225	0.02334540	0.01153395	-0.02691661
1.01357588	-0.22394987	-0.03304199	0.00277500	0.04572550	0.01307855
1.00726432	-0.23118621	-0.00531902	0.02865261	0.01849093	0.03629045
1.01012944	-0.22692019	-0.00693394	0.03747656	-0.01648095	0.05426808
1.00975609	-0.21569747	-0.00420368	0.02747669	0.01390733	0.02533348
1.00987839	-0.20868281	0.01513690	0.04817433	-0.02315615	0.02857004
1.00717830	-0.22531382	0.01068711	0.02898502	0.00156314	0.02650492
0.99984966	-0.21102580	-0.02390759	0.05232526	0.00474419	0.03948019
1.00477761	-0.24117869	0.00131091	0.05744657	-0.00676153	0.02765253
1.00146200	-0.24795865	0.00439459	0.05125305	-0.04676461	0.05904911
1.00614167	-0.25107797	0.00478714	0.05754159	-0.06888270	0.03744049
1.00707898	-0.23393691	0.01451968	0.10515040	-0.03688935	0.04981054
1.00850576	-0.24889786	0.02070960	0.06864476	-0.04683291	0.02697805
1.01601259	-0.23782777	0.00827546	0.07121513	0.00728938	0.02899029
1.02442700	-0.25055123	-0.00853397	-0.00251099	0.04693660	0.02825189
1.01264085	-0.26684771	-0.00507777	0.05308385	0.10841780	-0.03403889
0.98953299	-0.25841280	-0.00443080	0.05670310	0.07822778	-0.05835378
0.98690129	-0.24338945	-0.01948624	0.06452965	0.04140461	-0.06296600
0.99765667	-0.26515273	0.00438971	0.06032936	0.03632719	-0.06018797
1.00059443	-0.25882481	0.01811831	0.06093271	0.06307397	-0.05424984
1.01304830	-0.25127293	0.01757963	-0.01081217	0.04850371	-0.07626827
1.00707296	-0.24897954	0.00786079	0.03794251	0.02728640	-0.06386694
1.00013168	-0.25015468	0.02026658	-0.01725922	0.03772485	-0.09860914
0.99021347	-0.22581040	0.01387850	0.00294714	0.05148958	-0.04700867
1.00128280	-0.24657110	0.01907115	-0.01276364	0.02358757	-0.04006884
1.00783278	-0.23083132	0.01995212	-0.03405914	0.02157576	-0.03047501
1.01027004	-0.25230192	0.02181316	-0.03651526	0.04101206	-0.03850870
0.99492587	-0.25313269	0.02452227	-0.02647373	0.00995490	-0.01405760
1.00015651	-0.28080524	0.02005332	-0.06363995	0.03197491	-0.04333228
1.00183104	-0.25932718	0.02932900	-0.03144829	0.01831792	-0.02685301
1.00848806	-0.25148154	0.01435531	-0.02318042	0.00722956	-0.03768494
1.01267673	-0.26736781	0.00522655	-0.03033872	0.00453867	-0.01246390
1.00811758	-0.26388666	0.00105237	-0.00719023	0.09037827	0.00106542
1.00547345	-0.25593350	0.00978558	-0.00971141	0.02544179	-0.01519937
1.00766432	-0.25933350	0.01323318	-0.03355163	0.03382546	-0.04108222
1.00802393	-0.24389068	0.00778796	0.00218684	-0.00441779	-0.00694885
0.99968857	-0.24773601	0.00593158	0.05330283	0.00728034	-0.04720688
1.00435724	-0.24583035	0.00795277	-0.05068025	-0.00732239	-0.00641156
1.00401066	-0.22983763	0.02141507	-0.01514061	0.03022677	-0.00491342
1.00937989	-0.23740041	0.01944662	0.02228577	-0.01769258	0.03654106
1.00581970	-0.23739518	0.03944926	-0.02250214	-0.01556610	-0.01797902
1.00004753	-0.23600375	0.00894532	-0.05649511	-0.00384463	-0.01077716
0.99792454	-0.23505808	0.04228188	-0.01961722	-0.03056300	-0.01810745
1.00535064	-0.23288854	0.02158828	0.00648967	0.00510226	-0.02288352
1.00952521	-0.26481104	0.02149243	-0.04597742	-0.04199264	-0.01950444
1.01844647	-0.26009646	0.03008062	0.01867445	0.00675269	-0.03458231
1.00919867	-0.25178900	0.00706813	0.02461693	0.01436484	-0.02713370
1.00342690	-0.25725275	0.00985562	0.01102092	-0.02328498	0.00248035
1.00104289	-0.24038289	0.00739593	0.00861265	0.01802142	-0.02108331
1.00809591	-0.24837952	0.00757205	-0.00499399	0.00013719	-0.03331732
1.00614697	-0.25811001	0.00727432	0.02148310	-0.02275461	-0.03856570
1.01236256	-0.22329006	-0.00537555	0.04082417	0.03315364	-0.03679467
1.01269862	-0.22841571	-0.00067944	0.02977063	-0.01872945	-0.01758898
1.00237225	-0.20512290	0.00028226	-0.04821275	0.03913444	-0.02775497
1.00700459	-0.21801447	-0.00383065	-0.00859235	0.01200953	-0.00571201
1.00442441	-0.22444196	0.00978808	0.05833600	0.03149324	-0.03506414
0.99913418	-0.23218895	0.02399144	-0.00364030	-0.00099632	-0.02956302
1.01348956	-0.23121592	0.00693902	-0.06227749	0.00395437	-0.03622114
1.00999369	-0.22605464	0.02511736	-0.03542432	0.01089929	0.00325805
1.01156033	-0.21960278	0.00338147	-0.06226200	0.02158014	-0.02463435
0.99701674	-0.23779550	0.01924174	-0.04275485	0.03791301	0.01333754
1.00849446	-0.24113999	0.00027853	-0.07708439	-0.00039984	-0.01831110
1.01436414	-0.23623310	0.02451576	-0.04860246	0.03434874	0.01419077
1.01203580	-0.23341199	0.00763691	-0.04083742	0.00792699	-0.01474533
1.01838896	-0.25283132	0.01573259	-0.04739856	0.02430400	-0.01193467
1.01002975	-0.23406496	0.00235874	-0.03219726	0.06633172	-0.02031942
1.01224522	-0.24891211	0.00313843	-0.05072452	0.04083188	-0.02733169
1.01583786	-0.24209147	0.00041564	-0.04378253	0.02845267	-0.03119668
1.01313225	-0.22086883	0.00635621	-0.03729212	0.01136317	-0.00270335
1.00730143	-0.21722023	0.02634725	-0.04127205	0.01986248	-0.03231050
1.00327167	-0.22104137	0.01577657	-0.04823329	-0.00977457	-0.01580512
1.00611544	-0.22855447	0.01438791	-0.05976887	0.06454045	-0.04766232
1.00989330	-0.22323010	0.00468900	-0.05652884	-0.00577020	-0.04461413
1.01037788	-0.22980673	0.00253198	-0.01874359	0.01751335	-0.03598714
1.01623472	-0.23848158	0.01824658	-0.06176608	0.03798787	-0.03723578
1.01011033	-0.23469249	0.01375720	-0.03284429	0.00146267	-0.01334546
1.00796316	-0.22719862	0.00795709	-0.00773864	0.04871478	0.00275382
1.01131586	-0.22759413	0.00791441	-0.03369280	0.03983821	-0.02534580
1.00523662	-0.24372075	0.00202823	-0.07848189	0.02751236	0.00204059
1.01534862	-0.21979673	0.01147782	-0.02229389	0.01914174	-0.03594712
0.99994014	-0.22490428	0.00475179	-0.00944012	0.03689667	-0.01790043
1.01169615	-0.23528048	-0.01028026	-0.06851694	0.00536814	0.00138934
1.01113830	-0.22963855	0.00026972	-0.05355796	-0.00127567	-0.01678800
1.00527450	-0.24231241	0.00666138	-0.07298427	0.07743030	-0.01562412
1.00801497	-0.22946831	0.01805519	-0.01170371	0.04612901	-0.01864089
1.00618597	-0.23212861	0.01277926	-0.03752788	0.02255148	-0.01169470
1.00662692	-0.22372009	0.02141406	-0.00882209	-0.01142462	-0.04998944
1.01624826	-0.22433776	0.00766832	0.00217288	0.02303771	-0.01899020
1.01630113	-0.22678511	0.00381125	0.04271889	0.03437434	-0.03572536
1.00716677	-0.21954583	0.00346406	0.01325495	0.03572169	-0.00567943
1.00600658	-0.22673596	0.02497487	0.00387237	0.03100760	-0.02541902
1.01078946	-0.22327644	0.00582623	0.02551850	0.05644979	0.02119540
1.01093386	-0.20875296	0.01355386	0.03268193	0.03258177	-0.00816462
1.01310962	-0.21314347	0.01258427	0.00106233	0.03023930	0.00230284
1.00710666	-0.23224285	0.00601407	0.01869610	0.02450364	-0.00901533
1.01056960	-0.22817845	0.01007779	-0.02968848	-0.01514763	-0.02225477
1.01027753	-0.21534318	0.00003161	0.00004273	0.00284001	0.01091480
1.01442016	-0.22851746	-0.00058853	0.01096419	0.01461016	-0.01638771
1.01109971	-0.21754406	0.00634038	0.03346038	0.02964460	0.00257587
1.01178236	-0.23119612	0.01823052	0.01939720	0.06296770	-0.02131025
1.01316602	-0.22262863	0.00019879	0.02757395	0.02837881	-0.03574598
1.00980718	-0.22302225	0.01277376	0.00775837	0.01543793	-0.06052738
1.01333069	-0.21872029	0.00643750	0.06007446	0.03557324	-0.05954257
1.01006348	-0.22988207	0.01220147	0.03330378	0.06812388	-0.02732483
1.01347025	-0.22582689	0.01805686	0.03667200	0.07017942	-0.03289796
1.01739445	-0.23749115	0.00666383	0.01970086	0.04100577	-0.06099579
1.00981739	-0.24850701	0.01084189	0.04089859	0.02781485	-0.05963138
1.00570044	-0.22033274	0.01417369	0.07049755	0.05845959	-0.03045909
0.99737011	-0.21071175	0.01289764	0.01267145	0.03209481	-0.03460702
1.00116394	-0.20110964	0.02665216	0.02175781	-0.02180885	-0.00461225
0.99194046	-0.22276202	0.03867685	0.08320742	0.00125495	-0.02580286
1.00135141	-0.21094384	0.02231840	0.00904228	-0.00343520	-0.00311332
1.00499018	-0.21847123	0.04104546	0.03340484	-0.05111985	0.02029260
