1.01697025	-0.21765173	0.01448166	-0.04770055	0.02155693	-0.00198311
1.01578994	-0.23190580	0.02333118	-0.00556318	0.01931627	-0.01123709
1.01347265	-0.22396546	0.02130341	0.00285158	0.04534340	-0.01329778
1.00457557	-0.21069089	0.02508358	-0.01405836	0.04858197	0.00803835
0.99344352	-0.19531900	0.03404702	-0.02703501	0.05820804	0.01773594
1.01418425	-0.19587340	0.02210640	-0.03921035	0.04918135	0.04274012
1.02135382	-0.20390771	0.02349986	-0.00831815	0.08675251	0.04110038
1.01793344	-0.21911633	0.02886706	0.00075971	0.11827804	0.02827708
1.01727915	-0.22860797	0.02482806	-0.00446673	0.10296683	0.03771519
1.01730780	-0.22913632	0.01942410	0.01331950	0.08956589	0.04335480
1.01802880	-0.21922555	0.03997363	0.01792463	0.05149261	0.03067672
1.01730501	-0.21309934	0.02135920	0.04169156	0.01110813	0.02221569
1.01721146	-0.21628782	0.02838234	0.06989928	0.00810891	0.01086186
1.00278018	-0.20359416	0.03375542	0.03545150	0.00382771	0.00665708
1.00646132	-0.21429923	0.03339275	0.03061071	0.00446737	0.00156155
1.01219289	-0.21616863	0.03116487	0.04552919	0.01506580	0.01100646
1.00829008	-0.20120552	0.04369927	0.00904582	0.00805102	0.00362990
1.00620284	-0.18756071	0.03973749	-0.03662993	-0.00457009	-0.01738174
1.00419253	-0.20434690	0.03879112	-0.04437792	-0.03383678	-0.02821988
1.00325663	-0.21524618	0.04746739	-0.03704853	-0.04618516	-0.00406337
1.00830126	-0.21426162	0.03714245	-0.05035713	-0.02826944	-0.01569455
1.00936150	-0.21930670	0.03169406	-0.03975139	-0.04493837	0.00640281
1.00917860	-0.22148789	0.03253081	-0.00924284	-0.03476274	-0.00874036
1.01123781	-0.21012677	0.03932730	-0.00834225	-0.04293499	0.00363411
1.00976990	-0.21062261	0.04967749	-0.00957349	-0.01599108	0.02750742
1.01508341	-0.21347726	0.03739795	-0.01969526	-0.02052641	0.01523412
1.02094727	-0.21016718	0.04180055	-0.02133048	-0.01045921	0.01065632
1.02413292	-0.21676140	0.04882426	-0.01097074	0.02550210	-0.00713506
1.02399218	-0.21049226	0.04209670	0.00551835	0.01157006	-0.01536465
1.02074282	-0.20752704	0.03900379	-0.02539358	-0.00628790	-0.03862850
1.01027875	-0.20649404	0.04078007	-0.03221531	0.01335794	-0.00854713
1.00257393	-0.19472366	0.05935395	-0.02077181	0.03406853	-0.01048447
1.00732122	-0.21437436	0.05389750	0.00014620	0.02501195	-0.01504229
1.00080935	-0.21093663	0.05074302	0.00737890	0.00126555	-0.00748955
1.00141047	-0.21427192	0.05290684	-0.00285996	-0.00063653	-0.00555050
1.00087511	-0.21426507	0.05834999	-0.00173356	0.00065496	-0.00588251
1.00992480	-0.21665106	0.05483567	0.02091700	-0.00626455	0.00391696
1.01802742	-0.21647737	0.05472084	0.04184213	0.02628939	-0.00250693
1.01576530	-0.21360545	0.03843847	0.02117962	0.05545739	0.00744275
1.01160259	-0.19656909	0.04590951	0.01521249	0.04139516	-0.01700434
1.01257959	-0.20269797	0.06113941	0.00051527	0.05063873	-0.01611099
1.01232768	-0.20715313	0.05764483	-0.01217685	0.01501445	-0.00716998
1.00961328	-0.19490023	0.04928552	-0.02775952	0.01689359	0.00208099
1.00610876	-0.20013678	0.03664859	-0.04466552	0.01090412	0.01467370
1.00194203	-0.20267872	0.05017878	-0.04774963	-0.01541134	0.00918972
0.99683676	-0.20202259	0.03587749	-0.06220883	-0.03548735	0.02175511
1.00510090	-0.20610839	0.04490810	-0.03127427	-0.00993124	0.02982122
1.00663989	-0.21097057	0.03492507	-0.03304835	-0.03906428	0.02520413
1.00993922	-0.21632631	0.03067853	-0.04891938	-0.02895386	0.02969630
1.01246790	-0.22429333	0.04847940	-0.02547172	-0.02595407	0.03137308
1.01358458	-0.22581350	0.04129405	0.01514114	-0.05612300	0.02161866
1.01457443	-0.22702861	0.03703915	0.02575136	-0.03675107	0.02581792
1.01396275	-0.21724712	0.03650875	0.04242983	-0.02147725	0.00216888
1.01121400	-0.21610976	0.04514656	0.04061927	0.00638392	-0.01103745
1.00979575	-0.19674327	0.03689739	0.02145971	0.00383565	0.00607037
1.01233366	-0.21195488	0.05048252	0.01508515	-0.04842149	0.00647625
1.01283543	-0.21141564	0.03850085	0.03168543	-0.03665533	-0.00062758
1.01223569	-0.20519859	0.03665663	-0.00427257	0.00302730	0.01125240
1.01020678	-0.20952189	0.03471822	0.00134220	-0.02359254	0.01393648
1.01664601	-0.19886840	0.03842210	-0.01844685	-0.04665777	-0.00782976
1.01594433	-0.20719760	0.04472535	-0.02705566	-0.01671537	0.00320242
1.00889135	-0.21534937	0.03687083	-0.05276672	-0.03005039	0.00527778
1.01034056	-0.20310866	0.04227487	-0.02716742	-0.04689572	-0.00359566
1.01431780	-0.22219359	0.03726293	-0.00215013	-0.03433332	0.00905564
1.00887129	-0.20984144	0.03171977	-0.02121811	-0.07927544	0.01933614
1.01534594	-0.21039417	0.03735306	-0.01868327	-0.07615363	0.01726486
1.01456045	-0.21243649	0.03051279	-0.02630324	-0.05142446	0.00211608
1.01384382	-0.20694811	0.02275325	-0.01329109	-0.04410178	0.00872032
1.01312833	-0.22045811	0.02416035	-0.03528165	-0.04959541	-0.00536520
1.01515692	-0.22413034	0.03016736	-0.02719210	-0.02983402	0.00263081
1.01388603	-0.20202518	0.03090289	-0.04615982	-0.03392903	0.00331828
1.01979295	-0.21388369	0.03121778	-0.03425036	-0.01738661	-0.01410715
1.01387233	-0.20507749	0.03880059	-0.03008269	-0.01960797	-0.00338101
1.00713625	-0.21091426	0.03452112	-0.04070870	-0.01546325	0.00313357
1.00748100	-0.21261523	0.03924192	-0.03562613	-0.04049700	0.00832067
1.00645035	-0.21421983	0.02766564	-0.03154984	0.00021365	0.00488098
1.01462364	-0.22119227	0.03575577	-0.01550333	0.01203352	0.01265010
1.01530842	-0.21525747	0.03624560	-0.01872488	-0.00076565	-0.01401827
1.01127014	-0.21875408	0.02283285	-0.00689834	-0.03857089	0.00915544
1.01715668	-0.21649821	0.03107418	-0.00467126	-0.00796811	0.01188529
1.01290482	-0.22178016	0.03139060	0.00707873	-0.01674446	0.01603056
1.00743554	-0.21769368	0.02175776	-0.02044836	-0.04480763	-0.00295004
1.00610830	-0.22597877	0.02373369	0.01020766	-0.00865457	-0.00701737
1.01583933	-0.22358438	0.01707035	0.02758804	-0.02990241	0.00392801
1.01520758	-0.22884850	0.01878454	0.01412765	-0.00526536	-0.00042479
1.00904875	-0.21574309	0.02344277	-0.00553717	-0.01787219	0.02868152
1.00819969	-0.21859252	0.02740169	0.02889302	-0.00174197	0.00391457
1.01069133	-0.22441109	0.02593472	0.00277191	-0.03046305	0.00505633
1.01591731	-0.22223065	0.03797374	0.00336008	-0.02710563	-0.00467488
1.01574151	-0.22334481	0.02936349	-0.00079168	-0.00432970	0.00677395
1.00620321	-0.21723308	0.02388224	0.01902519	-0.01146149	0.00527383
1.01121895	-0.21567096	0.02503414	0.00089740	-0.02169107	0.00953690
1.01173504	-0.21431438	0.02736867	-0.03178946	-0.01955965	0.02899685
1.00869031	-0.21766252	0.02774919	-0.04049365	-0.02240736	0.01968057
1.00563592	-0.21251219	0.04341841	-0.04779680	-0.00193171	0.02761532
1.00607912	-0.22371674	0.02716215	-0.00916020	0.01133746	0.03220965
1.00547576	-0.22021018	0.02278905	-0.00463518	-0.03566307	0.02728631
1.00713518	-0.22083104	0.02428510	-0.01060441	-0.02893724	0.02323502
1.00832928	-0.21783762	0.02779049	-0.01928847	-0.03480975	0.02065576
1.00690734	-0.21725366	0.02110346	-0.01356885	-0.01649361	0.01491249
1.01612987	-0.21287720	0.02592202	0.01162493	-0.03073611	0.02190118
1.01713341	-0.21987726	0.02188872	-0.01168794	-0.04256858	0.00801271
1.00890145	-0.21768573	0.03119393	0.01592020	-0.02530119	0.01183287
1.01657706	-0.21951608	0.02088113	-0.00968314	-0.02985204	0.02703668
1.01245557	-0.22445366	0.02336985	0.02150487	-0.02461717	0.00151433
1.01239981	-0.22686491	0.01340218	0.01651275	-0.02642358	-0.00616989
1.00945032	-0.22211566	0.02105677	-0.00488280	-0.01655395	0.01295231
1.01155741	-0.22398671	0.01365152	0.01200840	-0.00171673	0.00475945
1.01107588	-0.21724769	0.01829564	0.01419122	0.01630615	-0.00115552
1.01668038	-0.22674095	0.02525988	0.00460212	-0.01933891	-0.00134813
1.01136792	-0.23073288	0.01925994	0.00205474	-0.02554612	-0.00130184
1.01093985	-0.22314873	0.01548741	0.00170798	-0.00857839	0.00701703
1.00925293	-0.22588883	0.01561853	-0.00210012	0.00467617	0.00293695
1.01244744	-0.23046265	0.02596828	-0.02675632	-0.01757764	0.00544268
1.00816637	-0.21725160	0.03282180	-0.00856606	-0.02279225	-0.00013245
1.01061644	-0.21901239	0.03378111	-0.00129136	0.01855156	0.01246895
1.01610437	-0.21827773	0.02605868	0.00371673	0.00692508	0.00640881
1.01817712	-0.22550647	0.02455478	-0.03017022	-0.02521441	0.00266964
1.01175812	-0.22033056	0.03143176	-0.01817469	0.02249413	-0.00414560
1.01048310	-0.21707860	0.02158441	0.00376326	0.01996795	-0.00520748
1.01242855	-0.22085256	0.02234116	0.00550988	0.02124561	0.00074077
1.01046712	-0.21927349	0.01759970	-0.02451268	0.01931011	-0.00082397
1.01549664	-0.21880374	0.01526397	-0.00257467	-0.00379491	0.00924628
1.00734641	-0.22245522	0.02984052	0.00292686	-0.01291576	-0.00154401
1.01072328	-0.22379396	0.03062901	-0.00774938	-0.02828400	0.00643592
0.99859083	-0.22468717	0.02282971	-0.01804714	0.00346327	-0.00540816
1.00583714	-0.21680202	0.02084657	-0.02221801	-0.01696551	0.00015578
1.00633211	-0.21669229	0.02227240	0.00038015	-0.03095015	-0.00849945
