1.01024783	-0.21526311	0.03886525	-0.00738215	-0.05581203	0.01153734
1.01341252	-0.21376852	0.03739915	-0.00840595	-0.04671020	0.00293757
1.01499148	-0.21045009	0.02792703	-0.04270800	-0.03536622	0.00380238
1.01354756	-0.21319727	0.02352945	-0.03177880	-0.04857586	0.00650648
1.01401958	-0.21802473	0.02524478	-0.03278454	-0.03261879	0.00347064
1.01442706	-0.21694947	0.03122319	-0.04078220	-0.02878667	-0.00167093
1.01349185	-0.21529160	0.03468339	-0.02509422	-0.02456834	-0.00248659
1.01254893	-0.21603282	0.04224274	-0.01655182	-0.03579887	-0.00811656
1.01366193	-0.21210234	0.03975604	-0.03132925	-0.02132233	-0.00083910
1.00907081	-0.21581699	0.03838820	-0.03715461	-0.02019590	0.00512676
1.01094547	-0.21861795	0.03790717	-0.05553342	-0.01042240	0.00682855
1.00925494	-0.21447730	0.03617574	-0.03159838	-0.01740695	0.01324477
1.01284288	-0.22154690	0.02902485	-0.01965497	-0.00126807	0.00458738
1.01349296	-0.21808354	0.03419793	-0.01018785	-0.01178694	0.00945278
1.01093355	-0.21857548	0.02517199	-0.00953215	-0.00873011	0.00866309
1.01154172	-0.21714033	0.02531655	-0.00158266	-0.01488731	0.01005895
1.01264226	-0.21841274	0.02466566	0.00123627	-0.01579339	0.00999894
1.01020211	-0.22209743	0.02333420	-0.00544197	-0.02994094	0.00997984
1.01151584	-0.22051398	0.02178929	-0.00400307	-0.01753420	0.00736399
1.01506608	-0.23270405	0.02180469	0.01198408	-0.01773617	0.00304847
1.01369004	-0.22271544	0.01982217	0.01386597	-0.01197172	0.01320843
1.01175753	-0.21092416	0.02363268	0.00707399	-0.00831135	0.00286822
1.01198090	-0.21702449	0.02370853	-0.01224756	0.00091278	0.00347933
1.01222192	-0.21852545	0.02227721	0.00607118	-0.01384174	0.01784505
1.01368077	-0.21580980	0.02996916	0.00484053	-0.01690072	0.01276017
1.01294410	-0.22440725	0.02985686	0.00882899	-0.00321912	0.00745598
1.01252039	-0.22509792	0.02924647	0.01128034	-0.01450245	0.00912919
1.01245129	-0.21689619	0.02605239	-0.02066641	-0.00163141	0.01017135
1.01187127	-0.21338222	0.02187858	-0.02821014	-0.00420411	0.01429034
1.01087475	-0.21044630	0.02289761	-0.04912264	-0.01656061	0.01999584
1.01073308	-0.21260448	0.03347128	-0.02916020	0.00041003	0.02519911
1.01017711	-0.21573057	0.03316536	-0.02148635	-0.02141886	0.02018349
1.00886816	-0.21970548	0.02857699	-0.02610763	-0.02413841	0.02105565
1.00737138	-0.21815479	0.02451493	-0.02352726	0.00153680	0.02134389
1.00864671	-0.21507297	0.02987988	-0.00720463	-0.02025710	0.01965070
1.01417176	-0.22434268	0.02610001	-0.01363887	-0.01180230	0.01453382
1.01492076	-0.21938320	0.02735269	-0.00218550	-0.02036303	0.01394576
1.01442636	-0.21869987	0.02818314	0.01877448	-0.01709511	0.00721172
1.01101801	-0.21867990	0.02643551	0.02113773	-0.01538394	0.00890033
1.00979502	-0.22125914	0.02442614	0.01653002	-0.01406650	0.01602889
1.01063364	-0.22338242	0.02240110	0.00476175	-0.01527088	0.00907189
1.01477892	-0.21874665	0.01468659	0.00325601	-0.01814238	0.01138220
1.00936332	-0.22355519	0.01491654	0.00253183	-0.01208209	0.00999626
1.01096455	-0.22317826	0.01632922	0.02261691	-0.01733778	0.00806597
1.01145846	-0.22223527	0.02093271	0.00968512	-0.02304900	0.00269750
1.01026259	-0.22460733	0.01700000	0.00922053	-0.00026928	0.00438713
1.01211948	-0.22333801	0.02113936	0.00574954	-0.00421805	-0.00281629
1.01366995	-0.22511803	0.01660450	0.00610438	-0.00017139	0.00208333
1.01028998	-0.22362175	0.01972605	0.00906812	-0.01342598	0.00332954
1.01289727	-0.22518385	0.02781828	-0.00924139	0.00190244	0.00092476
1.00861090	-0.21941276	0.03186878	0.00133048	-0.00021085	-0.00202324
1.00895071	-0.21720477	0.02354614	-0.01584787	0.00014120	-0.00136718
1.00961737	-0.21942227	0.02328018	-0.01743229	0.00937788	0.00351235
1.01216664	-0.22526222	0.02332782	-0.00935257	0.03698950	0.00104842
1.01214682	-0.22320446	0.02394625	-0.00506566	0.00014093	0.00301095
1.00769912	-0.22125993	0.02060221	0.00533045	0.00073312	0.00863368
1.01125328	-0.21892470	0.02482996	0.00523979	-0.01727922	-0.00236666
1.00902098	-0.21698002	0.01813600	-0.00455425	-0.00434084	-0.00369695
1.00885609	-0.22392694	0.01649640	-0.01132532	0.00289664	0.00391746
1.00961369	-0.22273656	0.02664247	-0.01244121	-0.01229348	0.00451266
1.00788191	-0.21788298	0.02599002	-0.00546443	-0.02079519	0.01205297
1.00439190	-0.21929684	0.02166251	-0.00586752	-0.00813798	0.00925914
1.00213855	-0.22044845	0.01856081	-0.00825274	-0.00765041	0.00159048
1.00716007	-0.22119001	0.02415360	-0.00735465	-0.02029961	0.00185538
1.01084724	-0.22390687	0.02737978	-0.00506512	-0.00426982	0.00172575
1.01168729	-0.22345472	0.02422226	0.00413427	-0.00452305	0.00539356
1.01593395	-0.22268989	0.01373267	0.00052740	0.00280688	0.00414847
1.01528075	-0.22606980	0.01137257	0.01551107	-0.00169161	-0.00180707
1.01340911	-0.22396107	0.02341517	0.01814782	-0.00296187	-0.00484135
1.01562982	-0.22362365	0.02823632	0.00239037	-0.00160738	0.00249885
1.01255923	-0.22513535	0.02755019	-0.00070758	0.00081193	-0.00300342
1.00875771	-0.22573395	0.02035317	0.01081007	-0.00764418	-0.00233655
1.01455366	-0.22490986	0.02800047	0.00243650	0.00006007	0.00010480
1.01388504	-0.22045441	0.02178329	-0.00894680	-0.00128823	-0.00695582
1.01028574	-0.21672988	0.02985709	-0.00413462	-0.01902579	0.00368639
1.00798377	-0.21902564	0.02524902	0.00768700	-0.01492253	-0.00322106
1.01153628	-0.22122767	0.02793623	0.00943377	-0.02437214	-0.00153344
1.00998744	-0.22410570	0.02078172	0.00144766	-0.00656766	-0.00977518
1.00747012	-0.22125515	0.02320419	-0.01622064	-0.00498861	-0.00933985
1.00671668	-0.22561122	0.02643265	-0.00152949	-0.01358959	-0.00408184
1.00321042	-0.22751326	0.02149403	0.00283224	-0.02312920	0.00214929
1.00783095	-0.22717364	0.02704783	0.00714991	-0.01657501	-0.00382878
1.01227772	-0.22734696	0.02432007	-0.00436032	-0.01236409	0.00225318
1.00831605	-0.22219890	0.02773700	0.00388412	-0.01500498	0.00075649
1.01021293	-0.21726604	0.02095679	0.01333091	-0.01751596	0.00263811
1.01109031	-0.21530833	0.01621347	0.00440597	-0.01705776	-0.00899112
1.01449579	-0.21933504	0.01890159	-0.00407463	-0.01128052	-0.00947472
1.01105826	-0.22337730	0.01955357	0.00486078	0.00091192	-0.00636973
1.00815012	-0.22494704	0.02207779	-0.00857017	0.00334557	-0.00596770
1.00508755	-0.22312467	0.01930407	-0.00111942	0.00075796	-0.00887236
1.00493916	-0.22641734	0.02280609	0.00213207	-0.00144662	-0.00631028
1.00611835	-0.22479495	0.02291703	-0.00203689	-0.01475696	-0.00518824
1.00823365	-0.22131709	0.01740447	0.01296413	-0.00822492	-0.00898273
1.01279027	-0.23059118	0.02125202	0.00597205	-0.00815193	-0.01653796
1.01212035	-0.23229618	0.02006424	0.00058370	-0.00716002	-0.00991209
1.01120621	-0.23270355	0.01839702	-0.00463565	0.00380602	-0.01482584
1.01178601	-0.22603481	0.01777468	0.01109776	0.00110017	-0.01034364
1.01133218	-0.22668859	0.01877209	-0.00635763	0.01500740	-0.00592825
1.00939594	-0.22554526	0.01902359	-0.00733765	0.01308439	-0.00662594
1.01141087	-0.22682430	0.01686707	-0.00048661	0.00626066	-0.01566635
1.01250661	-0.22321527	0.01762431	0.00307098	0.02445206	-0.00701764
1.00880529	-0.22332354	0.02089956	0.00152321	0.02215145	0.00150376
1.01058968	-0.22316894	0.01945285	-0.01380224	0.02463113	0.00286612
1.01068366	-0.22466895	0.02204569	-0.00222649	0.01197294	-0.00194192
1.00984405	-0.21985862	0.02172982	-0.00413199	0.00911657	-0.00223542
1.01000151	-0.22201136	0.02335098	0.01498104	0.01957629	0.00005026
1.01203375	-0.21872743	0.02078313	0.00050308	0.01840223	0.00503739
1.01070569	-0.21953069	0.01994240	0.00780250	0.01517627	-0.00339015
1.01091069	-0.22151213	0.02494332	0.02620386	0.03149514	0.00033904
1.00703475	-0.21785024	0.03193249	0.01325627	0.04270717	-0.00018245
1.00723245	-0.21867826	0.02562222	0.00841337	0.00855502	-0.00740848
1.01229233	-0.21786605	0.02825556	0.00308215	0.00073558	-0.00682066
1.01136414	-0.22383224	0.02874689	0.01055548	0.00370149	-0.01130771
1.01047453	-0.22535711	0.03132487	0.02509252	-0.00132466	-0.00981704
1.01210181	-0.22100575	0.02798896	0.02573350	-0.00494790	0.00223896
1.01169521	-0.21822821	0.02706670	0.03266053	-0.00021142	-0.00323504
1.01574116	-0.21857395	0.03433840	0.01152871	0.00042883	-0.00341030
1.01457464	-0.21844173	0.03558185	0.00922453	-0.01107289	-0.00015874
1.00836733	-0.21938473	0.02953320	0.01988477	-0.00360312	-0.00700693
1.01381758	-0.21588656	0.03078633	0.01320006	0.00988357	-0.00423662
1.01410283	-0.22044408	0.02705390	0.00763750	0.00521843	-0.00367222
1.01541602	-0.21733661	0.02531696	0.00214488	0.01203270	-0.00396914
1.00841943	-0.21637021	0.03156263	-0.00393484	0.01576920	-0.00307310
1.01149181	-0.21916701	0.02983352	-0.01629838	0.00915028	-0.00732584
1.01214530	-0.22085803	0.02859712	-0.01597657	-0.00309434	-0.00635631
1.01318594	-0.21732687	0.03409023	-0.00378672	-0.00060356	0.00289136
1.01109054	-0.21746307	0.03244528	0.01414749	0.00818135	0.00120961
1.00953195	-0.21436301	0.03267416	0.00917849	0.00548808	-0.00512562
