1.00687849	-0.17175057	0.06713539	-0.02718713	0.07989016	0.08334754
1.01880224	-0.18112573	0.07936137	-0.23042451	0.11234822	0.01641575
0.97654051	-0.11412394	0.04928555	-0.28431811	-0.01444541	-0.10976412
0.99615842	-0.10438987	0.08264188	-0.30989639	0.10660818	-0.12865545
1.03423337	-0.15167819	0.07039210	-0.27871908	-0.02167939	-0.18474493
1.02631706	-0.14473644	0.06987105	-0.24613469	0.19743571	-0.23045100
1.02662828	-0.19814589	0.03874962	-0.36284273	0.21570157	-0.31034961
1.01252373	-0.05588020	0.00511450	-0.62244946	0.14529651	-0.32210403
1.02687723	-0.09448881	0.04972115	-0.79111225	0.21062708	-0.20057032
1.03048264	-0.14209850	0.01646155	-0.96195842	0.19525150	-0.35880958
0.98474628	-0.16710787	0.06221356	-0.84326671	0.30981930	-0.17257988
0.98832298	-0.19696452	0.04984381	-0.79066429	0.13513662	-0.26390414
0.97832721	-0.18192888	0.05451569	-0.53749038	0.09535356	-0.06304155
0.97780574	-0.13330708	-0.02961618	-0.79511391	0.08373515	-0.16803450
1.02409122	-0.22551711	-0.09776186	-0.72241512	0.13849102	-0.20859908
1.00976903	-0.23426165	-0.02353467	-0.49337631	0.13070390	-0.20490181
0.97174530	-0.34570465	0.01349095	-0.34303816	-0.11430775	-0.10485746
1.02411445	-0.32657661	-0.01510642	-0.42741103	-0.04713238	-0.15834089
1.00023931	-0.34108428	-0.06835358	-0.32558013	0.06082130	-0.09644330
1.01950597	-0.38049619	-0.04519121	0.14846604	0.01052436	-0.03673260
1.03082829	-0.30906669	-0.06554371	0.43382016	-0.14684467	-0.05556910
1.05413386	-0.39536005	-0.06994707	0.66168748	-0.01769800	0.05993118
1.05009638	-0.29124441	-0.04463535	0.68659082	0.16568039	0.08970750
1.05052042	-0.22616353	-0.11374263	0.72492564	0.00500857	0.03743218
1.04048666	-0.19148709	-0.04961930	0.55727899	-0.05540559	0.02557706
1.01888567	-0.12996332	-0.07207165	0.54957498	0.04373481	0.01829785
1.00749652	-0.13992134	-0.05455714	0.53071530	-0.01599491	-0.06154593
1.03426680	-0.11965415	-0.05082506	0.22812333	0.14377025	0.05722203
1.00536262	-0.03385802	-0.00975908	0.11225561	-0.00700239	0.00987805
0.99791086	-0.01774152	0.02400361	-0.02664952	-0.06874603	0.00521160
1.05560098	-0.00657713	-0.03006746	0.24989553	0.05229646	0.05226783
1.05534304	0.00185077	0.03442040	0.01837127	-0.02498192	-0.14741707
1.08224869	0.01440473	0.05895172	-0.14872144	-0.01751188	0.01505190
1.04298425	0.01187790	0.08679096	-0.16273955	-0.10910338	-0.16430130
1.03546990	-0.04936625	0.05554514	-0.23059309	-0.08795195	-0.18369454
1.00581699	-0.06491337	0.07575175	-0.17529355	-0.01189148	0.06490151
1.04539651	-0.09671397	0.05073099	-0.02309159	-0.14005294	-0.16499860
1.05804782	-0.13076440	0.05664247	0.09169053	-0.02015687	-0.11473548
1.00238407	-0.13019818	0.06775344	0.15006200	-0.06724886	-0.21587604
1.00380831	-0.12702510	0.08193375	0.20735273	-0.01380107	-0.12300169
1.00677395	-0.09425103	0.08308631	0.14239250	-0.15633898	-0.05174481
1.01330059	-0.01252896	0.10367294	-0.24000976	0.03144207	-0.16599767
1.01816723	-0.06682066	0.07662770	-0.06892661	-0.15131271	-0.04069316
1.02463304	-0.03224928	0.05657203	0.15318362	-0.16949899	-0.11207832
1.02223730	-0.04761736	0.07939932	-0.07691731	-0.31138117	-0.02555941
1.02246907	-0.12309410	0.05994064	-0.03380093	-0.16209174	0.00320642
1.02301252	-0.07255015	0.08801410	0.22055064	-0.03281675	-0.00450464
1.02219956	-0.00086544	0.01737448	-0.03700026	-0.04215209	-0.03572317
0.99469748	-0.06796996	0.02857186	0.17599998	-0.03303604	0.05313090
1.05597702	-0.04986568	0.03505476	0.09469588	0.04852946	0.08612018
1.02898884	-0.05399067	0.07042851	-0.32765352	-0.22506953	0.12755311
1.04371419	-0.07461234	0.00138805	-0.02312752	-0.05334410	0.23684325
1.00600208	-0.07597538	0.00657289	-0.05048043	-0.14228570	0.31790657
1.00704313	-0.03786840	0.05629192	-0.11771187	-0.13900947	0.20279210
1.03082145	-0.01895260	-0.00005174	-0.01900592	-0.00896551	0.26813685
1.05495868	-0.09619469	-0.01384545	-0.19589877	-0.06106676	0.18015710
1.06702798	-0.07981125	-0.05032618	-0.02910438	0.18816034	0.07739753
1.06297797	-0.04436055	-0.00637556	-0.04407511	0.22955532	0.07180018
1.06879906	-0.02651582	0.02220261	-0.10679091	0.21655664	-0.10502966
1.03563362	-0.02982340	-0.05447046	-0.27194437	0.25776194	-0.06550077
1.03024320	0.01806267	-0.06610429	-0.60011894	0.18303376	0.17511474
1.02154915	-0.02590554	-0.06890488	-0.53365565	0.15988612	0.09718099
1.02230543	-0.10081651	-0.06811916	-0.89437987	0.19237240	0.06694712
1.04192186	-0.15857669	-0.04086673	-0.69953633	0.32709904	0.07981947
1.03337447	-0.16206518	-0.05187470	-0.87121039	0.12446059	0.05838962
1.01066411	-0.18330617	-0.02626074	-0.58378870	0.23671653	0.06190046
1.04627659	-0.25504376	-0.03306287	-0.50341103	0.01398472	0.00375162
1.06665317	-0.26854201	-0.05714193	-0.44156313	-0.00631830	0.00237906
1.02582911	-0.16905315	-0.01774155	-0.13007700	0.08062180	0.13986509
1.05114770	-0.11401409	-0.02892328	-0.22600864	0.19935245	-0.02093603
1.03378832	-0.15122231	-0.00480578	-0.54661654	0.13619709	0.00753599
1.00975714	-0.19259656	-0.03793330	-0.35487455	0.08954874	0.18211288
0.99125048	-0.18828703	0.00637170	-0.26547369	0.08897675	0.03834048
0.99129373	-0.13253810	0.05269431	-0.31416984	0.14364246	0.15897593
0.99703994	-0.23683130	0.01682180	-0.00679753	-0.11795335	0.07929272
1.02095722	-0.14154970	0.02343002	0.14536387	-0.11124712	0.22607666
1.04881078	-0.14341596	0.03513622	0.32404319	-0.07941607	0.36423674
1.05081706	-0.07193178	-0.05726505	0.10755457	0.06344224	0.12842001
1.03867821	-0.12168930	-0.03274255	0.32570071	0.07385458	0.18089953
1.02283528	-0.16049699	0.06538874	0.25128064	0.16164065	0.00668855
1.02743141	-0.09701683	0.03949986	0.18682697	0.13114239	0.13001674
1.01545182	0.03975349	0.05840011	-0.11787955	-0.10153909	0.12807143
1.03747015	0.00889774	0.05843909	-0.00470111	-0.00208049	0.39336257
1.00843894	-0.03144474	0.08053101	-0.10762576	-0.02222181	0.07478413
1.01222203	-0.06844663	0.14323619	-0.13547807	0.07979947	0.15887413
1.01473141	0.00923981	0.17177178	-0.48540309	0.13564296	-0.00128319
0.99670928	-0.20795123	0.08783036	-0.33590217	-0.00144546	0.15905599
1.01226581	-0.14847701	0.05590626	-0.29281213	-0.00484415	0.05604002
1.00669027	-0.11228817	0.03938486	-0.14924228	-0.03938996	0.17223201
1.02690412	-0.19217525	0.05630952	-0.31574328	-0.02446367	0.07790133
1.02550058	-0.14027919	0.00918498	-0.46484742	0.06039116	0.13508099
1.01875461	-0.23360093	0.06385349	-0.24872160	0.02312626	0.10130194
0.98595154	-0.22329752	0.02213259	-0.22605420	-0.03776219	0.13554706
1.00390117	-0.13601241	-0.03910892	-0.13565053	-0.09355345	0.09313001
1.02974981	-0.18329604	-0.03076729	-0.28497118	0.02475020	0.23242072
1.03875104	-0.28763073	-0.03100568	-0.17282811	0.11075488	0.11232118
0.99345898	-0.30486755	-0.02691635	-0.23128523	-0.02872953	0.22378512
0.96262836	-0.30290523	-0.01025199	-0.30793302	-0.07871727	0.31107225
0.97104295	-0.34837948	-0.04334103	-0.01033113	-0.09059915	0.37658554
1.02319776	-0.35052433	-0.03443914	0.24396908	-0.01681576	0.22112653
1.01120003	-0.22926297	-0.01046896	0.16704460	-0.11301868	0.31508046
1.00419823	-0.39392954	0.00708626	0.41892032	-0.02417895	0.40940497
1.01253374	-0.34760788	0.01979404	0.40246002	-0.02066856	0.42608860
0.95348796	-0.33823651	0.06515759	0.17854994	-0.10782929	0.36088679
0.97399006	-0.20357354	0.05417317	0.28507233	-0.18853355	0.24220418
0.99282475	-0.34357453	0.06611090	0.59683065	0.08204160	0.43001862
0.98465115	-0.28971014	0.07670450	0.53533672	-0.11783236	0.12257588
0.97921550	-0.26457188	0.09905399	0.62153237	0.08642478	0.12696277
0.97692329	-0.20540622	0.17308619	0.38859747	0.01353162	0.24248715
0.96521508	-0.09984281	0.10521206	0.28116035	-0.01875825	0.01623063
0.95995829	-0.13233164	0.12636801	-0.21721009	0.02947715	-0.02484633
0.99303643	-0.19107942	0.13441098	-0.14060750	-0.34319416	0.02284468
1.02596558	-0.19800293	0.10430337	-0.20294201	-0.11989249	-0.06063927
1.05889058	-0.26595888	0.07490210	0.03293503	-0.00031215	-0.01410498
0.99116953	-0.34502918	0.09627924	0.19074297	0.02725287	-0.04191341
0.95317697	-0.24246369	0.09532606	-0.02024677	-0.05257225	0.05723725
0.96481117	-0.38314197	0.14947965	0.27891289	-0.04433180	-0.04746128
1.01569796	-0.24315276	0.10161229	0.00129961	0.04865267	-0.03309988
1.03614804	-0.16072346	0.01672107	-0.02724980	0.10719503	0.02800520
0.99021138	-0.23120864	-0.03171839	-0.35330906	0.14511519	0.11825399
1.00519875	-0.24310956	0.01049200	-0.40085557	0.01347622	0.07292850
1.00308891	-0.34736589	0.08446726	0.06712245	0.09410794	0.03360980
1.00269496	-0.40559889	0.12445653	-0.11438571	0.07551336	0.00950580
0.98352849	-0.35350521	0.10140286	0.03641879	-0.09870209	-0.27450922
1.00164107	-0.28102606	0.11185992	0.22045201	-0.36016943	-0.36053530
1.00121514	-0.22209464	0.09525475	0.09812482	-0.52792674	-0.28065479
1.01882675	-0.14424933	0.04667167	0.16292815	-0.46479094	-0.21838245
1.04581973	-0.25709787	0.04764421	0.05395554	-0.19297001	-0.31220575
