1.08608268	-0.20676485	-0.01377287	-0.61795092	0.06754867	0.06387091
1.04589447	-0.23691735	-0.02507491	-0.85369650	0.17579135	0.03610430
1.02478336	-0.28337006	-0.00378006	-0.22978818	-0.03602478	-0.03797943
1.00100171	-0.25197258	-0.05568634	-0.19088011	0.10792999	0.11086933
1.02113312	-0.20012130	-0.05988991	-0.36934730	0.06203638	-0.11433367
1.02099218	-0.10545312	-0.02480055	-0.32109785	0.12311589	0.04681463
1.04068451	-0.16231915	-0.03480827	-0.36420994	0.14980354	-0.00297726
0.97590815	-0.22827287	-0.00801968	-0.25831834	0.05838376	0.04728120
0.99289271	-0.30604158	0.00504315	-0.14393110	0.04788946	0.00908620
1.00195924	-0.09644520	0.03117552	-0.34214334	-0.04833394	-0.10061621
1.01597730	-0.19073499	0.05033340	0.11945098	-0.05883668	0.22661036
1.02868739	-0.17461003	0.04047998	0.07611026	0.04511133	0.12276554
1.01057596	-0.17932054	0.01823254	0.25295123	-0.06439606	0.20108455
1.04584165	-0.10784537	-0.03846781	0.23981186	-0.01166957	0.15091924
1.03004618	-0.11124096	0.00074122	0.40402417	0.00434591	0.16150144
1.02978890	-0.13830920	0.02782582	0.58735372	0.13365859	0.15783079
1.03583017	-0.07949280	0.05531656	0.16609871	0.00885351	0.09947107
0.97752639	0.00563380	0.03751406	0.06852541	0.07992238	0.09583050
0.98455086	0.02824234	0.07815479	-0.04936849	0.06052279	0.40768650
1.01111118	-0.06625089	0.06590274	-0.06749924	-0.02073492	0.20722843
1.06377517	0.01500006	0.09554518	-0.38082902	-0.14957995	0.18167003
1.01552147	-0.04567041	0.14493684	-0.43074184	-0.02754503	0.09433406
0.97795273	-0.09476814	0.14698781	-0.21853357	-0.11582346	0.05798335
1.02067262	-0.18204886	0.09657117	-0.21977440	0.06469985	0.04916484
1.02295976	-0.22401407	0.03277633	-0.36813158	-0.05577344	0.14080207
1.06677618	-0.15760417	0.03222555	-0.26731734	-0.00753584	-0.02104965
1.01778503	-0.23287575	0.04516992	-0.26480859	0.00283728	0.03295228
1.02906593	-0.20829885	0.04542042	-0.13277354	-0.02861409	0.26692517
0.99459160	-0.19587867	-0.01981350	0.02241547	-0.00165788	0.23160523
0.98238585	-0.18562873	0.01036058	-0.41434504	0.03229378	0.15972865
1.05127730	-0.18616840	-0.04214707	-0.22568060	0.00488395	0.24056371
1.00302468	-0.33026217	-0.02760974	-0.16597821	-0.16650704	0.17856306
0.98857600	-0.37396600	-0.05412095	-0.02579521	0.09048172	0.16638714
0.94762051	-0.26919220	-0.06178058	-0.16192137	-0.11292599	0.30618270
1.01890773	-0.40909322	-0.03726931	0.15766931	-0.17345528	0.30459729
1.00956914	-0.33811801	-0.05089740	-0.20844195	0.05114531	0.24137372
0.97731268	-0.33134292	-0.00796505	0.19764438	0.06434308	0.26716581
1.01560420	-0.27240644	0.00058231	0.28837556	0.01282084	0.44976297
0.97548198	-0.36168470	0.04793023	0.60143859	-0.10445583	0.35047711
0.90241915	-0.30615563	0.05502381	0.34155452	-0.01456037	0.33691059
0.94498809	-0.32331684	0.02813657	0.58186351	-0.08547267	0.35896962
0.98039376	-0.30672129	0.08939225	0.66669061	-0.05956505	0.34333113
0.97959005	-0.33810246	0.07877811	0.64512400	-0.02408070	0.31235466
0.98881766	-0.28125671	0.09535761	0.41740806	-0.05080607	0.08221138
1.04838553	-0.18661579	0.14228858	0.28608065	-0.00108353	0.02507825
0.95357112	-0.03036953	0.13273040	0.14093795	-0.05245460	0.23826847
0.97245856	-0.08991940	0.09903611	-0.23604950	-0.13405269	-0.04775407
0.97209561	-0.09533013	0.14938181	0.11713988	-0.25215889	0.08482031
0.99929457	-0.15682248	0.08932638	0.09237068	-0.01172291	-0.07708570
1.01227194	-0.23682488	0.06041107	0.25242615	0.07078118	-0.07418673
0.97745482	-0.35053677	0.08458004	-0.13782582	-0.04031358	-0.06120011
0.95593920	-0.21028472	0.10294884	0.19059430	0.03524030	0.00812994
0.92275069	-0.21365064	0.09132145	0.14934758	0.02559973	-0.05090999
0.93629967	-0.21372070	0.09007672	0.33838396	0.20710053	-0.12398204
1.04695462	-0.20226639	0.03512749	-0.16002914	0.16652722	0.05258033
1.01834249	-0.20699673	-0.01090179	-0.27351597	0.09610481	0.04077746
0.99558468	-0.32901934	0.00505997	-0.35233834	0.16527790	0.00496315
0.97905947	-0.37464365	0.07331554	-0.42161593	0.21167410	0.10530180
0.95976699	-0.40200494	0.10602149	0.07409638	-0.00100614	-0.25703255
0.99913479	-0.38132625	0.11872451	0.13020822	-0.13703958	-0.22923494
1.00764155	-0.28962137	0.14850901	0.27659021	-0.25661143	-0.32185943
0.99400067	-0.24786299	0.08563213	0.43925198	-0.43942930	-0.27564637
1.02848793	-0.17842796	0.06856930	0.14875918	-0.41166695	-0.41865476
1.03997676	-0.22707607	0.04824877	0.34249440	-0.13030621	-0.37703048
1.02978511	-0.21190168	0.00527315	0.46236221	-0.04050832	-0.23284472
1.07921494	-0.22081523	0.04115058	0.17812509	-0.06295964	-0.29165401
1.04688090	-0.16590851	-0.00285579	0.00608381	-0.15408855	-0.14453364
1.01327461	-0.20846051	0.02760412	0.08729232	0.07228567	-0.02154700
0.99624071	-0.24674642	0.01430236	0.10901871	0.09696334	-0.16406673
0.97763333	-0.28853835	0.02680353	0.15868227	0.02002911	-0.07161602
0.90293732	-0.23479854	0.04009811	-0.05358202	-0.14095457	-0.04647159
0.97369261	-0.15918953	0.08339459	0.02722171	-0.41884459	0.04441460
1.01066484	-0.20615780	0.10296696	0.14199072	-0.39080528	0.22270313
0.93603017	-0.21388829	0.08094887	0.27806367	-0.33311568	-0.03651747
0.98598241	-0.27051675	0.04768536	0.40905111	-0.16253168	-0.39692687
1.11878716	-0.35766042	0.02489285	0.29299840	0.04005981	-0.28589625
1.18794398	-0.26825280	-0.01639725	0.66054215	0.08849831	-0.06556174
1.15880213	-0.24597796	0.01239355	0.58125220	0.13509474	-0.10419111
0.93852086	-0.16316639	0.02675846	0.27959064	0.04280347	-0.03195797
0.90914899	-0.06672139	0.07882784	0.24189165	-0.08754965	0.11175393
0.93236034	-0.10116908	0.06374636	0.14570011	-0.18811677	0.14512451
0.93035020	-0.18685987	0.08045019	0.16314221	-0.30204263	0.31857765
0.94621236	-0.26362370	0.10212264	0.15909494	-0.37198066	0.49871729
1.02120578	-0.12846960	0.05329285	0.31014900	-0.34099365	0.29089460
1.01605407	-0.18335166	0.04897907	0.18764549	-0.32025356	0.46507812
1.07339415	-0.10978471	0.03501333	0.15196673	-0.10212281	0.41396267
1.05962616	-0.12061926	-0.00327606	-0.06389987	-0.09405596	0.14521982
1.05527876	-0.09369299	0.03417021	-0.06129188	-0.10227689	0.03173304
1.09194923	-0.20782071	0.05173230	0.32170018	-0.18917763	0.02517876
1.06676377	-0.20222329	0.03615977	-0.05468814	-0.14344867	0.03236720
1.06994320	-0.21493755	0.06904820	0.15924296	0.00425447	-0.04559504
1.01843973	-0.26158889	0.02717112	-0.04466849	-0.00746810	0.01533682
1.00574713	-0.15845304	0.05264434	0.21513177	0.07001313	-0.21458384
1.00637656	-0.16647002	0.08468974	-0.03979702	-0.13937443	-0.27057967
1.00268189	-0.21215839	0.05760042	0.00865115	-0.05892798	-0.14000312
0.97945479	-0.15714791	0.11489273	-0.29343637	-0.08516277	0.08695623
0.96018438	-0.10901479	0.06851830	-0.21709114	-0.15786142	0.16367630
0.98467466	-0.19717569	0.03422099	-0.03914079	-0.22391855	-0.01901032
1.02781818	-0.24187772	0.04528444	-0.14277365	-0.23505383	-0.03039375
0.96624613	-0.21435595	0.02757864	0.17462343	-0.15533564	0.01127277
1.04499755	-0.21983401	-0.00147983	-0.08215715	-0.24225742	-0.07706702
1.00588525	-0.22020247	-0.01793835	-0.26213150	-0.28895157	0.06374532
0.98181954	-0.34646002	-0.02364710	0.08670719	-0.22986853	-0.02271015
1.03788359	-0.41222491	-0.01825175	0.15073437	-0.15250709	0.11178758
1.03836200	-0.28869819	-0.00853167	0.07678494	-0.14866169	0.08242958
1.04876634	-0.28924447	-0.00204945	0.14663458	-0.05238624	-0.01751911
1.05758666	-0.26381820	-0.03920670	0.33434248	0.04235954	-0.04276005
0.99289673	-0.23464343	-0.02110314	0.31437358	0.02586583	0.01949158
0.98798103	-0.11970215	-0.01176057	0.16273644	-0.04254167	-0.08635551
0.96299531	-0.17185685	-0.00592022	0.26218832	-0.00932722	-0.03567601
1.00012724	-0.22178448	-0.01131767	0.28511358	-0.05523229	0.07215852
1.04919707	-0.19653771	0.00721175	0.22335185	0.11369284	0.06522736
1.04711960	-0.15405299	0.01174907	0.12085973	-0.04043583	0.13361757
1.02397914	-0.14341856	0.02251732	0.17212209	0.02192868	0.05131377
1.03230122	-0.06549242	-0.00875120	-0.18018682	0.14021454	-0.03627946
1.03814171	-0.18444686	0.02788084	0.01462166	0.06969694	-0.02688594
1.03739099	-0.18473157	0.02272110	0.16243453	0.07665757	-0.06633889
0.97278298	-0.08997163	-0.01900522	-0.14580306	0.02939834	0.03212544
0.97425468	-0.16381714	-0.02125751	-0.14857549	0.09408747	-0.10851159
0.97472540	-0.07135023	0.01046064	-0.29726323	0.07708492	0.09216149
1.03691556	-0.16444770	0.01812675	-0.50592901	-0.13513611	-0.22600215
1.02305882	-0.12978527	0.02201584	-0.41361351	-0.05616144	-0.06624732
0.99337167	-0.14171669	0.01218172	-0.16898984	0.05563769	-0.12889933
0.99752819	-0.14241137	0.01536279	-0.62677918	-0.11769348	0.00405539
1.01147952	-0.13169858	-0.00143932	-0.39640934	0.02326620	0.00801672
1.01322142	-0.19839265	-0.01806548	-0.39039735	0.01560451	0.05612966
1.01098089	-0.21773258	-0.01665111	-0.31557071	-0.00743019	0.08615769
1.04920088	-0.23333517	-0.00535355	-0.24233203	0.16497220	0.04854182
