0.94281455	0.12226199	0.37276008	0.01154609	-0.01825070	0.01495612
0.93989920	0.12439533	0.37831384	0.01405798	-0.01746127	-0.00763514
0.94061775	0.11904263	0.37710637	-0.02332519	-0.00919907	-0.00171423
0.93944529	0.11835021	0.37880483	-0.02502988	0.00751136	-0.01339597
0.94298027	0.10387478	0.38021836	0.00555919	0.02213383	-0.00451408
0.94181246	0.11033264	0.37791089	0.01935669	0.05010592	0.01840422
0.93662834	0.11355926	0.38581800	0.02332533	0.06629842	-0.00633457
0.93976328	0.11709927	0.38130468	-0.01267371	0.04716643	0.00156336
0.94462585	0.14356331	0.37962756	0.00113462	0.00336742	-0.00433376
0.94735904	0.14775938	0.37873566	-0.00960119	0.01086606	-0.02009808
0.94844505	0.13951448	0.37225867	-0.01801313	0.02801678	-0.02311782
0.94444676	0.11903090	0.38111123	-0.01161815	0.05121258	-0.01865838
0.93986384	0.11915630	0.38914124	-0.02533775	0.03027969	0.00208428
0.93871454	0.11606266	0.38801338	-0.00132336	-0.00562385	-0.01815264
0.94049722	0.11287681	0.38681908	-0.01292529	-0.02365162	-0.00984052
0.93986362	0.13565659	0.37829291	-0.01740267	0.00388989	-0.01792400
0.94246672	0.11447968	0.37700754	-0.00715945	0.00909933	-0.00827690
0.93357127	0.12976040	0.38906249	-0.01424288	0.00342091	-0.02201811
0.92898082	0.14066144	0.40187837	0.00638617	-0.01032596	0.00442962
0.93675601	0.13769745	0.39195044	0.01348710	-0.01601687	0.02686178
0.93943800	0.13267217	0.38699662	0.01958446	-0.03175116	0.03620583
0.94362249	0.13746708	0.38178978	0.02074861	-0.03799736	0.03298754
0.94632340	0.11104427	0.36337500	0.03043879	-0.01850085	-0.00750973
0.94378413	0.10816094	0.35719447	-0.00764502	0.02030124	-0.00350985
0.94435448	0.10468144	0.35952798	0.02599632	0.02661864	-0.00618245
0.94522042	0.12500219	0.36294938	0.01555145	-0.00706620	-0.02868257
0.93570850	0.12654048	0.36317572	-0.00129652	-0.01085891	-0.04630158
0.94167153	0.14221864	0.36149142	0.00148752	0.00727487	-0.03156969
0.94481442	0.14153708	0.36872932	-0.00743268	0.00439984	0.00205425
0.93915609	0.14879364	0.37069441	-0.02470035	0.01247265	0.00456392
0.93257366	0.12766798	0.39149399	-0.02485944	0.00254881	-0.01195503
0.93175755	0.11501321	0.39010336	-0.01170480	-0.03207492	-0.00900100
0.93079297	0.10295144	0.38626589	-0.00158266	-0.04097405	-0.02138488
0.93592748	0.11666293	0.38981011	-0.01840869	-0.01325355	-0.00863253
0.94181231	0.11692487	0.38797439	0.01113719	-0.02420971	0.03182630
0.94545307	0.12752190	0.38921489	0.00616653	-0.00765710	0.04335236
0.94503506	0.12843604	0.39268407	0.00300017	-0.02127973	0.01945702
0.94665650	0.14420161	0.38514887	0.01397648	-0.01048150	0.03035327
0.94467449	0.13275261	0.35643577	-0.00585220	0.00538757	0.01773238
0.95202272	0.13784008	0.35116773	0.00817053	0.01569562	0.00227093
0.94831283	0.12354075	0.36772920	0.00778647	0.02432723	-0.01339296
0.94293458	0.14085278	0.36569440	-0.01419201	0.00793518	-0.00964774
0.94523462	0.14135951	0.35653174	-0.02370243	0.00924367	-0.02976408
0.94493237	0.13862196	0.37201805	-0.03864333	0.01119406	0.00104175
0.95065527	0.13190012	0.36335939	-0.03868184	0.03518283	-0.00990854
0.94176014	0.12147944	0.37235156	-0.03779594	0.05451681	0.00820867
0.92704551	0.12921537	0.38181321	-0.02621180	0.03510304	0.00102731
0.93345694	0.12277119	0.38789111	-0.04318258	-0.00598722	0.02107585
0.94049958	0.13848749	0.39859361	-0.02198814	0.00942926	0.02148941
0.93618299	0.12370568	0.38789261	-0.00410716	-0.00289185	0.03703980
0.93786866	0.13025725	0.38327895	0.00255698	-0.00690591	0.01797849
0.93918912	0.12072895	0.38306745	0.00335644	-0.00651981	0.03614280
0.93580794	0.11884161	0.38396213	0.01674727	-0.00694121	0.02824477
0.94122894	0.11536844	0.38662565	0.01002483	-0.00546976	0.02740709
0.93926029	0.09884834	0.38303142	0.03985033	-0.02542291	0.00373408
0.94543852	0.10290428	0.38059062	0.03640899	-0.00321275	-0.00189908
0.94657668	0.09716992	0.38246697	0.04052486	-0.01888328	-0.00746253
0.94219487	0.11425815	0.38571378	0.05990828	-0.02128064	0.00576666
0.94050027	0.12481608	0.37761423	0.04747083	-0.02215702	0.00816639
0.94654325	0.12756130	0.37542451	0.03830684	-0.00125588	-0.00082206
0.94609384	0.13686170	0.37261957	0.03536289	-0.01753454	0.00656037
0.94940559	0.12117501	0.37233527	0.02182449	-0.00470595	-0.01114326
0.95062025	0.13215330	0.36975944	0.02306152	-0.00929381	-0.00922802
0.94504205	0.13010019	0.36929218	0.02516481	-0.01639143	-0.01511261
0.94081771	0.12503764	0.36919107	0.01089940	-0.01693867	-0.00246612
0.93641054	0.13708885	0.35866007	0.00149218	-0.01018597	-0.01544966
0.94550193	0.13739283	0.36889260	-0.02311848	-0.02357462	-0.01066217
0.94568251	0.15426922	0.36631347	-0.03550334	-0.00239965	0.01401005
0.94913375	0.16271564	0.36873883	-0.03293459	-0.00190649	0.01173351
0.95004770	0.15608362	0.37038994	-0.03911721	0.01166971	0.02286642
0.94024932	0.12440381	0.37472056	-0.04561188	0.02228161	0.01141652
0.94387035	0.11343669	0.36985663	-0.03836314	-0.02070131	-0.01975877
0.94524433	0.10821359	0.37748748	-0.02787471	-0.01357496	-0.03267196
0.94958296	0.11841748	0.36730164	-0.01627519	0.00709837	-0.00859553
0.94332792	0.11670922	0.36591039	-0.01029366	0.00969603	-0.00122078
0.93673325	0.10508482	0.37036428	-0.01447724	0.00003793	-0.02063329
0.93513780	0.12500450	0.36312003	-0.00014197	0.00015091	-0.01537798
0.94267655	0.11271377	0.35526332	-0.01927061	0.03947376	-0.00786279
0.94041142	0.11806111	0.36503900	-0.04105216	0.04530875	-0.03704275
0.94271442	0.11530175	0.36494368	-0.02518168	0.05564691	-0.01879228
0.93648592	0.12881444	0.38171633	-0.03400449	0.03734431	-0.00626904
0.94113471	0.12950938	0.38807532	-0.01247639	0.05034198	0.00667329
0.94316439	0.11360249	0.38546178	0.01740595	0.05654662	0.03515745
0.93461341	0.10877554	0.38753492	0.02753274	0.03947589	0.00229573
0.92988755	0.11260846	0.38035410	0.03780951	0.00132431	-0.02116661
0.94151206	0.11095805	0.37888484	0.03279791	-0.01682761	-0.01554659
0.94701068	0.12480824	0.35759691	0.04040913	0.00766525	-0.02399398
0.94545281	0.12308272	0.36239999	0.00227403	0.01111695	-0.01927589
0.93877788	0.14041000	0.37705403	0.02325699	0.00488556	-0.02251499
0.93489749	0.14506447	0.37690123	0.02231119	0.00960648	-0.00341304
0.93759530	0.14817792	0.37819689	-0.00135789	-0.00701251	-0.01054096
0.94412282	0.14669442	0.38076937	-0.00718157	-0.01674841	-0.00876844
0.94783025	0.15027401	0.36542113	-0.02990477	0.01444532	0.01886744
0.94339813	0.13133151	0.37002872	-0.02247760	0.02258095	0.01832291
0.94284996	0.12687043	0.36801705	-0.04556200	0.01257440	0.00407302
0.93571811	0.11432377	0.37169148	-0.01198330	0.01527092	-0.00529077
0.93856019	0.11531277	0.37839891	-0.01056761	0.00854689	-0.00506252
0.93846682	0.11702315	0.38560123	-0.02981290	0.00191675	0.01524518
0.93320043	0.12111214	0.38448192	-0.01303883	-0.00681519	0.00560471
0.93828356	0.11594688	0.38396002	0.00192575	-0.00914635	0.00915333
0.94562159	0.12930098	0.37603023	0.00589216	0.00320622	0.00556836
0.94399769	0.11387244	0.37602453	0.02788455	0.00873087	0.00001928
0.94825999	0.12336224	0.36820984	0.01572625	0.02621484	-0.00953141
0.94188786	0.13230163	0.38104266	0.00934022	0.00534504	0.00888392
0.94226650	0.12502903	0.38511666	-0.00596884	0.00685042	0.01640796
0.94656369	0.12905448	0.36657411	0.02425450	0.01621877	0.01924367
0.94626397	0.12748353	0.35216260	0.01066218	0.02696429	0.00181213
0.95095461	0.13153377	0.36408816	0.01128960	-0.00554576	-0.03944507
0.94058074	0.10513450	0.36381379	0.03003137	-0.02086251	-0.04226595
0.94185875	0.09871150	0.36870700	0.00831746	-0.00531012	-0.01763905
0.94370466	0.12035767	0.37274238	0.01179300	-0.01010810	-0.02366523
0.94111588	0.11817969	0.37489013	0.02185202	-0.02207302	0.00259109
0.94189584	0.12436605	0.38105086	0.00860663	-0.01461242	-0.00878994
0.93269227	0.12814349	0.38157212	0.01363206	-0.03099693	-0.01272198
0.93010864	0.13035338	0.38199203	0.00806235	-0.02866947	-0.00974090
0.93044429	0.14643167	0.37816283	0.03578120	-0.01169465	-0.02808971
0.94164597	0.15211814	0.37571090	0.02385169	-0.01301987	-0.01366412
0.94069731	0.14450298	0.38306190	0.03010083	-0.01341887	0.00445249
0.93867268	0.14219793	0.36886621	-0.00658331	-0.01845085	-0.00101323
0.93778600	0.14303313	0.36886657	0.01383935	-0.02014824	-0.02089171
0.94169937	0.13048690	0.36923312	0.00932673	-0.01040855	-0.01792650
0.94485926	0.14778540	0.37715650	0.00125874	-0.00892017	-0.00951921
0.95032952	0.12862792	0.37123716	-0.02097756	-0.00681631	-0.00799999
0.94391046	0.12309861	0.36564317	-0.00169741	-0.01070849	-0.00146980
0.94233197	0.13268873	0.35973749	-0.02184543	0.00021832	-0.01110541
0.94387186	0.12861314	0.36947484	-0.01589536	0.01766152	-0.00817016
0.93876831	0.14169587	0.37050572	-0.01512994	0.00856255	0.00941599
0.94437746	0.14030895	0.36969594	-0.01213020	0.03045029	0.01202882
