1.01139252	-0.21130193	-0.06542203	-0.00244559	-0.01477439	0.00936117
1.01100676	-0.21427338	-0.06117976	0.00270369	-0.00867879	0.01033812
1.00867382	-0.22096459	-0.06954965	0.00924916	-0.00371326	0.00072037
1.01189415	-0.22819480	-0.07546430	0.00628731	0.01060752	-0.00630839
1.00836138	-0.22049462	-0.07430781	0.00618316	0.04282401	-0.00841247
1.00989824	-0.21389242	-0.07300936	-0.00325109	0.02003944	-0.00150441
1.00942561	-0.21284864	-0.06407701	-0.00709890	0.02209535	-0.00389868
1.01102284	-0.20985580	-0.07132334	0.00158965	0.00716377	-0.00830696
1.01326222	-0.20655665	-0.06863320	-0.00323948	0.01546551	-0.00331889
1.01335335	-0.20859928	-0.06770558	-0.00189892	0.01038898	0.01467953
1.01526199	-0.21315980	-0.06336329	-0.00736147	0.00886592	-0.00130088
1.01420792	-0.21598757	-0.07382191	-0.01265681	0.00763757	0.01212786
1.00995608	-0.21284473	-0.07129151	-0.00584667	-0.00890299	0.00738471
1.01336327	-0.21838600	-0.07553770	-0.00832747	-0.01017623	0.00999313
1.01343947	-0.22448319	-0.06732311	-0.00313537	0.01153018	-0.01008243
1.01163223	-0.22372441	-0.06630327	-0.00450104	-0.01133947	-0.00574135
1.01076747	-0.21394134	-0.05611348	-0.00208778	-0.01032566	-0.00131629
1.00531493	-0.21272709	-0.05094437	-0.00346161	0.00634601	-0.00294319
1.00738974	-0.21651852	-0.05626952	-0.00065449	0.00747704	-0.00507364
1.00663045	-0.21578450	-0.05791238	0.00798309	0.00234341	-0.00374128
1.00725337	-0.21743926	-0.06847004	0.01298120	0.02339300	-0.01050457
1.01034506	-0.21139550	-0.07392487	0.00142390	-0.00442577	0.00010009
1.01111838	-0.20651433	-0.05549975	0.00744810	0.00678581	-0.00402821
1.01482165	-0.20829559	-0.06042308	0.01627763	0.00458734	0.00270082
1.01857947	-0.20925001	-0.06212310	0.00726292	-0.00184199	0.02199848
1.01501458	-0.21239679	-0.06436838	0.00377555	0.00139430	0.00619771
1.01242991	-0.21190212	-0.06107816	-0.00883724	0.00444554	0.00426311
1.00760726	-0.21750808	-0.06984923	-0.00399852	-0.00429776	0.01587206
1.00210945	-0.21524110	-0.07948611	0.00700760	0.00841110	0.02905242
1.00512754	-0.21922510	-0.06754813	0.01140970	-0.00179506	0.02600887
1.00446639	-0.22953570	-0.06618538	0.00854899	0.00565996	0.01936077
0.99918816	-0.23183640	-0.06613729	0.00833306	0.02014559	0.00864757
1.00693049	-0.22562101	-0.05934707	0.01251751	-0.00190269	0.00781696
1.01434005	-0.21849629	-0.04803076	0.00906016	0.00890964	0.01805779
1.01061139	-0.22151654	-0.05506042	0.00536976	-0.00086936	0.02348861
1.00872069	-0.21999297	-0.06272904	0.00528513	-0.00714122	0.01436364
1.00979953	-0.22226165	-0.06309525	0.00209886	-0.01900273	0.00387019
1.01257072	-0.22478466	-0.05501943	0.00574779	-0.01468097	0.00652763
1.00881741	-0.21739588	-0.05097715	-0.00352336	-0.02319349	0.01040586
1.00648463	-0.21924221	-0.05576550	-0.00328882	-0.01245420	0.00208427
1.00682922	-0.21845264	-0.06914944	-0.00283025	-0.00816410	0.00019257
1.00436067	-0.22090675	-0.05300591	0.00047350	-0.01006638	-0.00477668
1.01077114	-0.21914001	-0.05696323	-0.00146658	-0.02462198	0.00084680
1.00836405	-0.21355821	-0.05890996	-0.00410714	-0.04972824	0.00040051
1.00532435	-0.21997842	-0.06157988	0.01135258	-0.04892587	0.00359483
1.00919799	-0.21892138	-0.06976617	0.00866166	-0.02674438	-0.00854124
1.01556337	-0.22413975	-0.06869213	0.00029374	-0.01719486	-0.00689474
1.01318192	-0.22159428	-0.06979463	0.00273620	-0.01084288	0.00720734
1.01067147	-0.22098618	-0.06987544	0.00038960	-0.02297300	-0.01891495
1.00727487	-0.22225320	-0.06093629	-0.00052764	-0.03613651	-0.00887613
1.00528114	-0.21831152	-0.06914585	0.00243690	-0.03193644	-0.01090697
1.00516640	-0.21635350	-0.06571032	0.00147842	-0.02414974	-0.00861537
1.00952971	-0.21615196	-0.06401876	-0.00523594	-0.00882763	-0.01314873
1.00776248	-0.21740182	-0.06859029	-0.00878857	-0.00254821	-0.00347455
1.01233344	-0.22761117	-0.06578274	-0.00130572	-0.00762860	-0.00628653
1.01412478	-0.22771939	-0.06562416	0.00786666	0.00011202	-0.00783624
1.01291590	-0.22111318	-0.06897309	-0.00196937	-0.00457775	0.00006171
1.01020270	-0.21522510	-0.08126753	0.00499793	-0.01128805	-0.00320483
1.00913565	-0.21617101	-0.07815344	0.00611674	-0.02079176	-0.00495861
1.00886095	-0.21602990	-0.06648781	0.00149732	-0.00982864	-0.01917418
1.00878224	-0.21726322	-0.06520156	0.00206536	-0.00229004	-0.00516152
1.01252475	-0.21908758	-0.06942227	-0.00266070	-0.00905844	-0.01713953
1.01310295	-0.21973740	-0.07607978	-0.00222107	-0.00315175	-0.01792009
1.01120114	-0.22006953	-0.07707214	-0.00475896	0.01443340	-0.00523125
1.00740443	-0.21510016	-0.07272874	-0.00647412	0.00970631	0.00281890
1.01214581	-0.21478631	-0.06038368	-0.00845735	0.01112457	0.00049276
1.01047576	-0.21204408	-0.07317593	-0.00837312	0.00147636	-0.00670933
1.01228664	-0.21825610	-0.06656967	0.00037507	-0.00038516	-0.00597269
1.01306375	-0.22335297	-0.06257888	-0.00003152	0.00914294	0.00193131
1.00804084	-0.21512628	-0.06552588	-0.00231924	0.01320753	0.00620459
1.01398787	-0.21417250	-0.07140295	-0.00612234	0.01970332	0.00572046
1.01342483	-0.20812328	-0.06585323	-0.01628518	0.01230426	0.01184825
1.01139271	-0.21577025	-0.05748342	-0.00519471	0.01737674	0.00367660
1.00519964	-0.21674401	-0.06387206	0.01073014	-0.00699409	0.00050707
1.00738087	-0.21632732	-0.06439863	-0.00417069	-0.01705198	-0.00651876
1.01307178	-0.21551924	-0.07014214	0.00300014	-0.01023202	-0.00173378
1.01668873	-0.20978677	-0.06718371	-0.00040333	-0.00960068	0.00605739
1.01634114	-0.21238233	-0.06611907	0.01094769	-0.01741453	0.00721250
1.01229149	-0.21463887	-0.06627525	0.00356941	-0.01547402	0.00980262
1.00488068	-0.21535436	-0.06955518	0.00027115	-0.03197129	0.00393581
1.00740534	-0.22071882	-0.06592385	0.00727207	-0.04357003	-0.00141096
1.01222240	-0.21259432	-0.07474109	0.01105944	-0.02479791	-0.00658571
1.01105407	-0.21829575	-0.08967281	0.00455485	-0.02536821	0.00726283
1.00678228	-0.21208686	-0.08325775	-0.00265224	-0.00842892	0.00316870
1.00536961	-0.22026020	-0.07385548	0.00199199	-0.02892231	0.02126526
1.00129125	-0.22222969	-0.07690253	0.00513308	-0.02881945	0.01416269
1.00448905	-0.22268046	-0.07705588	0.00299460	-0.01938820	0.00771370
1.00585688	-0.22035952	-0.06414854	0.00337601	-0.00872331	0.00996568
1.00689844	-0.22040354	-0.07230758	0.00736650	-0.01544682	0.01529207
1.00872870	-0.21676754	-0.07928825	-0.00313052	-0.02468437	0.01144095
1.00459912	-0.21818589	-0.06595775	-0.00380816	-0.03393535	0.00507787
1.00271356	-0.21999927	-0.06529012	-0.00397932	-0.02845940	-0.00270330
1.01163367	-0.22335667	-0.07417928	-0.00016602	-0.00469602	0.00824147
1.01195438	-0.22203185	-0.07564843	-0.00524613	0.00089424	0.01545094
1.01139919	-0.22029792	-0.07807018	-0.00367264	0.00073171	0.00505935
1.00596871	-0.21755326	-0.07828815	-0.00632118	0.01970514	0.00555899
1.00771691	-0.22217570	-0.09057945	-0.00381170	0.01134810	0.00739113
1.00754515	-0.22682204	-0.08693814	0.00032349	0.00980995	-0.00615612
1.01148479	-0.22700428	-0.08222749	-0.00323187	0.03381896	-0.00999518
1.00914090	-0.21820168	-0.07097595	-0.00501404	0.01882221	-0.00672421
1.01031604	-0.21308252	-0.07468477	-0.00120178	0.02417211	-0.00821454
1.01135539	-0.21439772	-0.06554889	0.00075333	0.02150667	-0.01272738
1.00595602	-0.22375072	-0.06928107	0.00715127	0.00096902	-0.00094181
1.00232231	-0.21982126	-0.07662450	-0.00088278	-0.01097182	-0.01529975
1.00704397	-0.21919722	-0.07109575	0.00256137	-0.00141202	-0.00998123
1.01236251	-0.21874047	-0.07654595	0.00320660	-0.00225963	-0.00856984
1.00810627	-0.22261017	-0.07606287	-0.00447351	0.00560087	-0.00913621
1.00609892	-0.21948554	-0.06621273	-0.00799682	0.02028174	-0.00166144
1.01241473	-0.21675335	-0.06916804	-0.01489285	0.01681128	-0.02091634
1.01128508	-0.21809440	-0.07305743	-0.01751732	0.00963858	-0.01724821
1.00993853	-0.22301763	-0.07501990	-0.00912200	0.00692149	-0.02091002
1.00847609	-0.22209307	-0.07682197	-0.01069519	-0.00074898	-0.01344976
1.00135600	-0.21319455	-0.07803995	-0.00797359	0.00439139	-0.01657070
1.00352364	-0.21160905	-0.07370535	-0.00886463	0.00462961	-0.02740163
1.00790689	-0.21314798	-0.07743351	-0.00799105	0.00998302	-0.01325225
1.00837276	-0.21656856	-0.07001486	-0.00928676	0.00900653	-0.00993112
1.01385948	-0.22750967	-0.07216775	-0.00642703	-0.01909827	-0.01808504
1.01268640	-0.23442797	-0.05781303	0.00559378	-0.02636797	-0.01708848
1.00933966	-0.22095709	-0.06444032	-0.00360644	-0.00360755	-0.02519346
1.01619851	-0.20830369	-0.06438989	-0.00385330	-0.01061952	-0.01754717
1.01787198	-0.20589719	-0.07804220	0.00028096	-0.01113977	0.00013571
1.01710077	-0.20781165	-0.08140619	0.00425554	-0.00173376	0.00728523
1.00966330	-0.20668739	-0.07510625	-0.00056454	0.02122555	0.00855098
1.00470273	-0.21800658	-0.06971019	-0.00386502	0.00249660	0.00114130
1.00015735	-0.21628861	-0.07839344	-0.01744418	-0.00714929	-0.01508708
1.01236615	-0.21687687	-0.08726087	-0.02192819	-0.00047452	-0.02406243
1.00755598	-0.20992753	-0.09438815	-0.01737153	0.02004740	-0.01608720
1.01132784	-0.20820380	-0.08399804	-0.01503880	0.02778391	-0.01997214
