1.01349480	-0.20319067	-0.07119906	-0.02441303	0.03548882	-0.02050768
1.00724684	-0.21608986	-0.07165293	-0.02429295	0.00723189	-0.00291250
1.01262522	-0.20989649	-0.07164785	-0.00811035	0.00712201	-0.01491047
1.00866840	-0.20745036	-0.05597629	-0.00237465	0.00676779	-0.00820216
1.00679640	-0.22169597	-0.06056541	0.00563788	-0.02977765	-0.00403613
1.01159545	-0.20905312	-0.06311575	-0.00503247	-0.03305729	-0.01095252
1.01347497	-0.20474464	-0.06724262	0.00864505	-0.04155385	0.00597761
1.01827871	-0.20380793	-0.08376857	-0.00555614	-0.03463496	-0.00142219
1.01428195	-0.22164343	-0.08250472	0.00184698	-0.01021656	-0.00813741
1.00356153	-0.20619312	-0.07847703	0.00478043	-0.00745881	-0.00627712
1.01542665	-0.21109296	-0.07549360	0.00210403	-0.01298049	-0.00074510
1.01398827	-0.20033960	-0.07551334	0.00283893	-0.01189760	0.01166035
1.00958167	-0.20498224	-0.08431156	0.00153699	0.02035158	0.01213371
1.01953099	-0.20055314	-0.09052456	-0.00472090	0.02426885	0.00476494
1.02414750	-0.19870601	-0.09088627	-0.01620481	-0.00308567	0.00054920
1.02789941	-0.20286426	-0.08800736	-0.00833364	0.00678436	0.01223508
1.01531444	-0.20979563	-0.08570285	-0.01478672	-0.00867419	0.00260003
1.01301318	-0.22006942	-0.07624140	-0.01182018	0.00417832	0.00277189
1.00247374	-0.22243166	-0.06884668	0.00273148	0.00114960	-0.00512350
1.00354461	-0.21870562	-0.06830708	-0.00560511	0.00413116	-0.00726869
1.01063513	-0.20824531	-0.07756409	-0.00353861	0.04233491	-0.00952164
1.00148775	-0.20586923	-0.07427672	-0.00171130	0.02110983	0.00764009
1.00455930	-0.22189405	-0.06448289	0.00762325	0.01912628	-0.00065109
1.01132057	-0.20947352	-0.06492253	-0.00538726	0.01568516	-0.00201962
1.00929517	-0.21467169	-0.07122261	0.01062192	-0.00584745	-0.01431037
1.01902863	-0.20970372	-0.07532039	0.00302060	0.03922803	0.01304368
1.01771163	-0.20695280	-0.08121331	-0.00063122	0.01547876	0.01075522
1.00946145	-0.21637671	-0.07976649	-0.00424168	-0.00773211	0.01042671
1.01235388	-0.20083573	-0.07974823	0.00268417	-0.00020586	-0.01275408
1.01822194	-0.19831172	-0.07172215	-0.00703284	0.00881788	0.00499259
1.01216899	-0.20589570	-0.07596774	-0.00301430	-0.00963641	0.01137054
1.01413796	-0.21042389	-0.08339717	0.00027313	-0.03348926	0.01093908
1.01106478	-0.20713485	-0.07619054	-0.00711425	-0.00092549	0.00509257
1.00347399	-0.20930892	-0.08251076	-0.01336442	-0.01056533	0.00421517
1.01331377	-0.21934000	-0.08369896	-0.00983785	0.01188584	0.01958634
1.01491269	-0.22122495	-0.08418561	0.00817397	0.00929885	-0.00253394
1.01369993	-0.21968161	-0.08114924	0.00604308	0.03329173	0.02279207
1.00007412	-0.21130851	-0.07888514	0.01515740	0.00082375	0.00050713
1.01223314	-0.20525003	-0.08071163	-0.00019319	0.01430023	0.00929487
1.00771025	-0.21176375	-0.07676239	-0.00145775	0.00358004	-0.00636448
1.01152031	-0.22119783	-0.08032854	0.00782091	-0.01408824	0.00835210
1.00700324	-0.21478228	-0.06762374	-0.00105066	-0.00354787	0.01039705
1.00596237	-0.21724206	-0.07676689	0.00541610	0.00179515	0.00266945
1.00739594	-0.21025909	-0.08157369	0.00481950	0.01205042	0.01690324
0.99834390	-0.21784605	-0.07390898	-0.00044894	0.00650648	0.00223081
1.01359085	-0.22443224	-0.07858477	0.00414330	0.00361954	-0.01000504
1.01061349	-0.20404596	-0.09349946	0.00022596	0.01632589	-0.01078217
1.01671000	-0.20494020	-0.09166163	0.01048953	0.01486786	-0.02005788
1.01110318	-0.20561418	-0.09440788	-0.00516063	0.01087632	0.00348143
1.01878705	-0.19601254	-0.08927197	-0.00374874	0.01330379	0.00672855
1.00703149	-0.19464767	-0.07865366	-0.00297584	0.02547184	0.01234870
1.00914445	-0.20129396	-0.06703525	-0.01797053	0.02735203	0.01054248
1.01027241	-0.19986866	-0.07222341	-0.03186267	0.00823778	0.01214709
1.00784342	-0.21626882	-0.08046409	-0.02354931	0.00315529	0.02024931
1.00172073	-0.22056904	-0.07641275	-0.00568390	0.00410095	0.01292076
1.01033905	-0.22089768	-0.06530800	-0.01404988	-0.02234105	0.02244606
1.01311765	-0.23071043	-0.06218651	0.01344783	-0.00091024	0.01042006
1.00638147	-0.23838194	-0.06271614	0.00268632	-0.00081382	-0.00112282
1.00174785	-0.24036018	-0.07474582	0.00826137	-0.00692397	-0.03499052
1.00948061	-0.23841134	-0.08344327	0.01174052	-0.02866805	-0.03702950
0.99664652	-0.20601658	-0.08677984	0.01284955	-0.01152623	-0.04756764
1.00370723	-0.19967265	-0.08256840	0.00461704	-0.01999642	-0.02158173
1.01252584	-0.19150794	-0.08911073	-0.00072846	-0.03227018	-0.00402753
1.01193381	-0.19235733	-0.07222532	-0.01148173	-0.01715623	-0.00355921
1.01924126	-0.18467661	-0.08107855	0.00107920	-0.02684741	-0.01658995
1.03043146	-0.20330816	-0.08497380	0.00853919	-0.06232114	-0.01397797
1.02128914	-0.21589736	-0.08612425	0.03503437	-0.02152836	0.00012579
1.02156937	-0.21016532	-0.08510438	0.03834404	0.00103810	0.02688305
1.00777093	-0.19510156	-0.08185054	0.02548387	0.01610661	0.02194515
0.99702804	-0.20220118	-0.05962368	-0.00783835	0.01105279	0.01405470
0.99351969	-0.20568896	-0.06213473	-0.00733855	-0.00801594	0.00388024
0.99569859	-0.21764798	-0.07100731	-0.00728129	-0.05569980	-0.00216813
1.00016968	-0.22073026	-0.07132065	0.00612521	-0.03453927	-0.00162396
1.00780678	-0.22051423	-0.08434735	0.00469784	-0.03296858	0.00086489
1.01936570	-0.21829920	-0.09467765	-0.00394556	-0.00877316	-0.00221734
1.00745248	-0.21366631	-0.08967665	-0.01166599	-0.02187526	-0.02276512
1.01571391	-0.20905262	-0.09271219	-0.00989061	0.01872561	-0.01439511
1.01565962	-0.21411825	-0.08968555	0.00008595	-0.00468645	0.00262960
1.00962684	-0.21022272	-0.08425979	-0.00632482	0.00802055	-0.00126098
1.01539042	-0.21496792	-0.08631506	-0.00764853	-0.00122707	-0.00168396
1.01702609	-0.19581751	-0.08562018	-0.01547064	-0.00322192	-0.02670314
1.03011971	-0.18198579	-0.08591252	-0.01949477	0.02801157	-0.00962841
1.01736092	-0.18524467	-0.07910857	-0.02502987	0.01639300	0.01209170
0.99841649	-0.20061300	-0.08222448	-0.03467965	-0.01644956	0.02338734
0.99174673	-0.22423572	-0.06580650	-0.02747964	-0.03200627	0.00184724
1.00392984	-0.21705198	-0.08223948	-0.00802005	0.01698554	-0.00287025
1.01713315	-0.21603747	-0.08698621	-0.01149436	0.06964731	0.00151276
1.01887163	-0.21454160	-0.08626909	0.01570577	0.03851893	-0.00295049
1.01359079	-0.21352306	-0.08061790	0.00070827	0.02855589	0.00504540
1.00945358	-0.22061432	-0.07114533	0.00390311	0.03597815	0.01636402
1.01171380	-0.23292162	-0.06051051	-0.00182923	0.00376640	0.00217659
1.00551343	-0.21761283	-0.05568102	0.01022392	0.01762434	0.02576676
1.01404030	-0.21782076	-0.05337399	0.02884652	-0.00098009	0.01491324
1.00714781	-0.21300038	-0.06945127	0.02602365	-0.00928739	0.00033914
0.99265672	-0.19584382	-0.06623390	0.00197035	-0.04779926	-0.00476467
0.98689872	-0.20725035	-0.07275132	-0.00959231	-0.04086882	0.00374910
1.00150378	-0.20600443	-0.08862646	-0.01137328	-0.08173187	0.00379276
1.02698976	-0.22232112	-0.09507388	-0.00164192	-0.02334322	0.00014253
1.01292505	-0.22986862	-0.08893293	0.03359145	-0.01723026	0.00889340
1.00743521	-0.21605472	-0.08613575	0.03485971	0.01325702	0.00688457
1.01906410	-0.21629582	-0.09368339	0.04432270	0.04391724	0.00042212
1.01352076	-0.21008712	-0.09252040	0.01990161	0.02219590	0.00085005
1.01982417	-0.19661338	-0.09312762	0.02824085	0.04104887	0.02516222
1.01654926	-0.18889917	-0.07638665	0.00791417	0.02279374	0.01820143
1.01156602	-0.19267941	-0.07344729	0.00647098	0.03469507	0.01032000
1.00836038	-0.19198118	-0.07056454	0.01742868	0.00322812	0.01306207
1.00173675	-0.19999899	-0.07573067	0.00473316	-0.01059937	0.01172984
1.00127483	-0.19531257	-0.08061988	0.00465123	0.02386247	0.01543850
1.00492028	-0.19747421	-0.08702536	0.00870366	-0.02736227	0.01595744
1.01268133	-0.20934414	-0.08131620	-0.00111422	0.02149267	0.00495828
1.00985655	-0.21883746	-0.07559742	0.00674538	-0.00316883	0.00092033
1.00412890	-0.20608562	-0.07677458	-0.00810774	-0.01597819	0.01234055
1.00028798	-0.22105601	-0.07768998	-0.01384768	0.03595357	0.00283881
1.01014306	-0.21929569	-0.08718600	-0.00417923	0.03089869	0.00721617
1.00806127	-0.22813838	-0.09285965	0.00064846	0.03198680	0.01206269
1.00631007	-0.20586999	-0.08439076	0.00543247	-0.00002640	0.00277847
0.99902471	-0.22489425	-0.07068172	0.00905907	0.01545945	0.00448462
1.00785421	-0.22062073	-0.07013304	-0.00970506	0.02751205	0.00997188
1.00466470	-0.20745811	-0.07279174	-0.00575791	0.02756013	-0.00212914
1.01549801	-0.22387631	-0.06829259	-0.00145826	0.01356631	-0.01049782
1.01168861	-0.22171841	-0.06874964	0.01157637	-0.00074344	0.00126880
1.00341451	-0.21344001	-0.06724533	-0.00165182	-0.00017016	-0.00283506
1.01229542	-0.21364032	-0.07524832	-0.01465215	-0.00130085	-0.00329515
1.01219670	-0.20289417	-0.08015445	0.00240687	-0.00051712	0.00929263
1.01287853	-0.21069512	-0.08185509	0.00200367	0.03380468	-0.00843309
1.01028637	-0.20601148	-0.08004838	-0.01198632	0.00651071	-0.00935521
1.00381636	-0.21267840	-0.07920631	-0.00806964	0.01948863	-0.01266715
1.01655074	-0.21161601	-0.08223914	0.00189856	0.01384719	-0.02222459
