0.13135760	0.56556104	0.81996378	-0.01332386	0.02322650	-0.00249561
0.13719445	0.55808033	0.83033442	-0.00405059	0.02917458	0.00051946
0.13853459	0.55775124	0.82724122	-0.01357741	0.00867124	-0.00674192
0.14479371	0.55937771	0.82324620	-0.01333845	0.00766543	-0.00941091
0.14053353	0.55483907	0.83102329	0.00878792	0.01059991	-0.00854808
0.13686221	0.55606837	0.83083974	-0.00102096	0.01648970	0.00007603
0.13956726	0.55620287	0.83728679	0.00089856	0.00574251	-0.00119822
0.14283964	0.55735527	0.83627517	0.00028411	-0.00381467	-0.00588615
0.13819522	0.55522049	0.83304596	0.01567319	-0.00694217	-0.00655703
0.13929191	0.55798021	0.83091712	0.01936920	-0.00632493	-0.00135201
0.13571354	0.55846115	0.82866624	0.01998448	-0.01301977	0.00530048
0.14428381	0.56229393	0.82885311	0.01062868	-0.00363110	0.00339808
0.13475386	0.56379189	0.82649204	0.01778978	0.00335036	0.00757960
0.13894101	0.55748580	0.82633207	0.02211375	-0.03457930	0.00682043
0.14231932	0.54648316	0.82317345	0.02289232	-0.01879912	0.00193513
0.13842814	0.55098886	0.82632322	0.03659221	0.00278996	0.00394282
0.13655128	0.55664040	0.82117034	0.02303035	0.00941383	0.00285577
0.13319778	0.56105192	0.83052127	0.02450697	-0.01547325	0.00099116
0.12375571	0.56366331	0.83600852	0.00164066	-0.04468042	0.00295609
0.13587297	0.56120392	0.83100624	0.02133677	-0.03041617	0.00459159
0.13961477	0.55782717	0.83778015	0.01772827	-0.01999910	0.00019524
0.14813545	0.55810068	0.83273461	0.01915254	-0.02260739	-0.00182769
0.14533340	0.56040492	0.83423776	0.01121356	-0.01620051	-0.00223933
0.15019150	0.55083042	0.82772297	0.01979900	-0.02369411	-0.00101442
0.14233978	0.55758307	0.82937673	0.01965659	-0.03381279	0.00112587
0.13731935	0.55277290	0.83325373	0.01655749	-0.02813942	0.00765017
0.13623860	0.55196628	0.83313639	0.01940554	-0.03763237	0.00642947
0.14046480	0.55679331	0.81962923	0.02943685	-0.04216781	0.00915329
0.14752848	0.55483115	0.82282807	0.03093416	-0.04069175	0.00740432
0.15719369	0.55215809	0.82735876	0.04145524	-0.02470285	0.00523216
0.14891224	0.55637959	0.82838755	0.03981464	-0.02816928	-0.00123180
0.13898047	0.56393776	0.82117761	0.00502236	-0.01124272	-0.00176922
0.12930885	0.56618166	0.82003254	0.01393981	-0.01849380	-0.00187453
0.14342326	0.57628792	0.82324780	0.01245356	-0.02279937	-0.00552426
0.14961865	0.57147923	0.81669155	0.00878785	-0.03234748	0.00220064
0.14885084	0.56749238	0.81084413	-0.00835117	-0.01099474	-0.00310989
0.14663568	0.56528187	0.82394913	0.00158971	-0.01791772	-0.00143445
0.14173285	0.55952210	0.83578772	0.00344202	-0.01423274	-0.00557393
0.14873503	0.55742063	0.83448700	0.02359915	-0.01293178	0.00951000
0.14904682	0.55488330	0.82717519	0.00018931	-0.01475206	-0.00027086
0.14936085	0.55596929	0.83325892	0.01404929	-0.04053948	0.00528202
0.15223260	0.55770838	0.82535001	0.01970711	-0.00306013	0.00212127
0.15294578	0.55216779	0.82343991	0.02131181	-0.01004611	0.00231882
0.15483071	0.56148770	0.82735573	0.03773414	-0.02210872	-0.00352098
0.15144201	0.56873893	0.83005939	0.02946284	-0.01266484	-0.00296146
0.14652113	0.56967162	0.82523876	0.01544885	-0.01748241	-0.00813626
0.14739957	0.57524402	0.82193344	0.01272451	-0.00986116	-0.00388320
0.14904294	0.56895489	0.81809461	0.01110584	-0.01662819	-0.00366844
0.14161032	0.56978029	0.81965812	0.00800051	0.00203833	0.00247219
0.14995959	0.56891634	0.82467695	0.00316982	0.00255475	0.00257124
0.14752825	0.56795813	0.82066066	0.00617755	0.00491745	-0.00046320
0.14792630	0.56586909	0.82495650	-0.00282546	0.00960495	-0.00735212
0.15536180	0.56297875	0.82389108	-0.00956883	0.02471588	-0.00196255
0.15143032	0.56316667	0.81766213	-0.01241066	0.02636279	-0.00110040
0.14913365	0.55928756	0.81558136	-0.00609153	0.02176001	-0.00386331
0.14740229	0.56401766	0.81940211	-0.01280837	0.02615392	0.00110355
0.15075343	0.56333251	0.81569865	-0.02384407	0.03691170	0.01017963
0.14838934	0.56047273	0.81649988	-0.01381680	0.02649411	0.00162967
0.14947774	0.56081301	0.81069261	-0.02148842	0.03036702	0.00173729
0.15273588	0.56146409	0.81810391	-0.02414856	0.02565101	-0.00540355
0.15350951	0.56144596	0.83016406	-0.03564907	0.03991033	-0.00688773
0.14611625	0.55937079	0.83225889	-0.01495517	0.01918252	-0.00302074
0.14329617	0.56201302	0.82731141	-0.01135535	0.01834475	-0.00525774
0.14395764	0.55945660	0.83268081	0.00323018	0.01240471	-0.00306227
0.14987967	0.56247606	0.83161330	-0.00579212	0.01307082	0.00251448
0.14827220	0.56145033	0.82990115	-0.01394008	0.01260528	-0.00145011
0.15066241	0.55720254	0.82578009	0.00293045	0.01626291	-0.00198264
0.14660205	0.55758081	0.82222210	-0.00420220	0.00100742	-0.00274492
0.14295684	0.55935231	0.82950311	-0.00850953	0.00590592	-0.00016980
0.14373383	0.55902173	0.82398473	-0.01486224	0.01162577	-0.00061068
0.14335059	0.56136141	0.82176023	-0.01544204	0.02570002	-0.00001438
0.13839187	0.56690886	0.82764610	-0.01915496	-0.00605412	0.00048520
0.14560314	0.56726698	0.82690075	-0.01628746	0.01863432	-0.00280796
0.13995364	0.56633532	0.81970099	-0.01242910	0.02131326	-0.00391780
0.14101600	0.56279672	0.82513891	-0.00636075	0.01807210	-0.00304391
0.14100664	0.56137495	0.82387919	-0.01477709	0.01295210	0.00089906
0.14126636	0.55568911	0.81949696	-0.01379889	0.01655314	0.00165869
0.14088798	0.56242282	0.82749395	-0.01466990	0.00175944	0.00060585
0.14575796	0.55918926	0.83497684	-0.01076288	0.00646681	-0.00548511
0.14500927	0.55908567	0.82505396	-0.01094782	0.01419371	0.00267676
0.14652976	0.56301812	0.82810813	0.00232011	0.01036666	0.00783317
0.14230163	0.55892111	0.82621638	-0.00716365	0.00580123	0.00692617
0.13880512	0.55738121	0.82320303	-0.00599520	0.02088169	0.00238373
0.14213189	0.55523116	0.82325880	-0.00398926	0.00220710	0.00491518
0.14239066	0.55876612	0.82867739	0.00207637	-0.00743621	-0.00393827
0.13585564	0.56180243	0.83120781	-0.00743259	0.01822203	-0.00306273
0.12842277	0.56268132	0.83085934	-0.01457918	-0.00771954	0.00919651
0.13786226	0.56036304	0.83082048	-0.00041057	-0.00679193	0.02007413
0.14328702	0.55987397	0.83331233	-0.00471300	-0.00384644	0.00765381
0.14034074	0.55867998	0.82418817	0.01344175	-0.01160644	0.00968229
0.14090403	0.55455399	0.81825938	-0.00206927	0.00467247	0.00676504
0.14270194	0.55113645	0.82363935	-0.00507887	0.00655703	-0.00317202
0.14194186	0.54714755	0.82217369	-0.00329024	0.00218394	-0.00262810
0.14772658	0.55966818	0.82305159	-0.00061914	0.00996460	0.00063271
0.14397841	0.56573864	0.82671840	0.00153332	-0.00110108	0.00080517
0.14114854	0.56653243	0.82918078	0.01174689	0.00148966	0.00134906
0.14016592	0.55471505	0.82702577	0.00019882	0.00406662	0.00191070
0.13647317	0.55734221	0.82415264	0.00306017	-0.00531242	0.00464469
0.14118719	0.55775521	0.82294814	-0.00805716	-0.01488564	0.00883415
0.14640385	0.55795033	0.82482570	0.00823838	-0.03192730	0.00355075
0.14786446	0.55917783	0.82904726	-0.00460589	-0.02742927	0.00574513
0.14975668	0.55841247	0.82428200	0.00603716	-0.00701285	0.01425694
0.14320682	0.55985999	0.81873919	0.00153765	0.00630487	0.01669639
0.14636727	0.55940305	0.82055620	-0.01228451	-0.02169835	0.01001667
0.14255632	0.56008858	0.82200042	-0.01990591	0.00602042	-0.00817447
0.13422298	0.56462536	0.82652916	-0.02590139	0.00652322	-0.00403843
0.13816044	0.55796023	0.82436414	-0.01581542	0.00480383	0.00385830
0.14628745	0.55399123	0.82789724	-0.01898590	0.00978593	0.00030212
0.14146826	0.55313559	0.82820711	-0.00684416	0.03127911	0.00200905
0.14742434	0.56063001	0.83272998	-0.01787497	0.02841838	0.00429416
0.14263501	0.55565554	0.82878056	-0.01042980	0.00789795	0.00167138
0.14570354	0.55114300	0.83236116	-0.01089502	0.01315965	0.00196751
0.14519235	0.55014340	0.83269075	-0.00327040	0.01015110	-0.00885134
0.14713687	0.55164956	0.82900464	-0.00745507	0.00857381	-0.00641514
0.14300509	0.55409361	0.82671040	-0.00689761	0.01968930	-0.00504713
0.14245076	0.55780726	0.82713458	-0.01292450	0.00687806	0.00475898
0.13591099	0.55762859	0.82104203	0.00294980	0.02137164	0.00081718
0.13203012	0.55815585	0.81789238	0.00065291	0.02683268	0.00023053
0.13259556	0.55733001	0.82097775	-0.00571554	0.03244802	-0.00199467
0.13446441	0.55523007	0.82552391	-0.01213188	0.02806738	-0.00766770
0.13714080	0.55504076	0.82984973	-0.00770396	0.01158334	-0.00854084
0.14250343	0.55575205	0.82473596	-0.00820010	0.01821921	-0.00492487
0.13538858	0.55891867	0.81765553	-0.00567670	-0.00100144	-0.00270800
0.13316949	0.55589661	0.82641343	-0.00125647	0.00572682	0.00015188
0.13342151	0.55134282	0.82830598	0.01372663	0.00164307	-0.00701398
0.13314019	0.54854860	0.83360164	0.00009109	0.01054720	-0.00627765
0.13310857	0.55316817	0.83969014	-0.00455488	-0.00787589	-0.00221585
0.13846060	0.55285723	0.83513900	0.01362729	0.01288367	-0.00251094
