1.15138053	-0.08960298	-0.32290103	-0.72616689	0.23414997	0.65671878
0.97807429	-0.03619716	-0.25581261	-0.45226237	0.25493749	0.59946514
1.01246883	-0.17294457	-0.22655663	-0.85045219	0.20360373	0.71353559
1.00152048	-0.17452662	-0.18817326	-0.69357232	0.22044793	0.75092884
0.96603345	-0.19401160	-0.04557230	-0.56801660	0.40612121	0.64645704
0.81817841	-0.25373203	-0.06984926	-0.58680604	0.52004364	0.60173916
0.79526640	-0.36750559	0.06040313	-0.34800298	0.46051693	0.49170126
0.77646323	-0.30325474	-0.00190986	-0.53272302	0.33706283	0.43693745
0.84473132	-0.23998368	0.10352772	-0.69516721	0.27944765	0.44854655
0.71112791	-0.24667801	0.02720654	-0.49393803	0.57422383	0.07004993
0.83616354	-0.17926111	-0.06590969	-0.82259897	0.20052360	0.06327244
0.80264982	-0.22868685	-0.07385535	-0.85200469	0.29304008	0.15322168
0.87575145	-0.21633098	0.01009924	-0.70031049	0.19275175	0.15567108
1.14924815	-0.16038110	-0.05207929	-0.63712710	0.53161645	-0.27784494
1.10317324	-0.29693395	0.10294993	-0.40865154	0.72107168	-0.10743290
1.21254051	-0.15510517	-0.04934515	-0.80494992	0.88247427	-0.16408495
1.26487354	-0.21513615	0.05734258	-0.89673481	0.77471491	-0.03251048
1.13507443	-0.13996739	0.05417674	-0.98986686	0.68523818	-0.14620046
1.29011843	-0.08595448	0.14292163	-1.04367149	0.49191741	-0.16972710
1.17768462	-0.00104993	0.14317720	-1.14461749	0.48057101	0.01505679
1.33214719	-0.23845380	0.20828574	-1.17419968	0.48905402	0.06652825
1.30607507	-0.29467892	0.07488662	-1.04012226	0.24876932	0.36076563
1.28221886	-0.45016296	-0.19297650	-0.56626788	0.02954881	0.44773846
1.33368432	-0.62344280	-0.16852886	-0.17345501	0.18341098	0.42717540
1.12370097	-0.53092432	-0.32270024	0.33368957	0.32497188	0.33872164
0.85912230	-0.49683785	-0.30652392	0.51011775	0.86642983	0.16710118
0.88950039	-0.41785046	-0.33524649	-0.12117507	0.88007293	-0.19750188
0.86026309	-0.10528544	-0.43594125	-0.91168165	0.31637168	-0.19152988
0.73595403	-0.16351608	-0.34724857	-1.44800915	-0.26927662	-0.18940519
0.83439932	-0.21362106	-0.12944129	-0.64108450	-0.46453158	0.06234381
1.06791611	-0.25397036	-0.09951817	-0.47840240	-0.70867085	-0.11024504
0.81510448	-0.36826307	-0.08891328	-0.24504770	-0.58093210	-0.02406136
0.89280460	-0.20016345	-0.13524607	-0.58005740	-0.39528847	-0.51608749
0.84217404	-0.29268701	-0.15443151	-0.96728562	-0.41408000	-0.14836402
0.79037891	-0.20817591	-0.12267716	0.13017804	-0.17277006	-0.19915738
0.71219444	-0.11202976	-0.29406008	-0.40338018	-0.53216587	-0.52665230
0.99416909	-0.05576904	-0.27588702	-0.17801659	-0.38781548	-0.15077923
0.95585711	-0.06797490	-0.21905802	-0.58646098	-0.12445522	-0.24357950
0.97287036	-0.17598139	-0.22778457	0.02099394	-0.07911138	-0.12541704
0.93776757	-0.12282782	-0.14527977	0.09110283	-0.08215161	0.15156228
0.85782539	-0.05619693	-0.02111050	0.08072694	-0.13030568	0.20494366
0.98533447	-0.08768280	-0.09707555	0.04201006	0.04738125	0.26620914
1.00978450	-0.02657995	-0.03892277	0.03262052	-0.05478012	0.34089391
1.07233413	0.10420258	0.01661119	-0.18916395	-0.03918082	0.19700657
1.03086205	0.08848444	-0.17293159	0.22550228	-0.23713324	0.23844732
0.93162017	-0.05453922	-0.12016421	-0.27582672	0.57895250	0.12607534
1.04510274	-0.04153874	-0.16345250	-0.01384094	0.34806416	0.44462868
0.98025164	-0.08135761	-0.13695249	-0.35080217	0.27970814	0.03972047
1.14270130	-0.12284292	-0.11862589	-0.23255747	0.33716012	-0.15997323
0.99116678	-0.08536530	-0.13678368	-0.25298809	-0.02671427	-0.02906964
1.24007762	-0.11440776	-0.15811106	-0.14656084	-0.02499812	-0.11859678
1.08475616	-0.22738047	-0.21822541	-0.43758879	0.37316035	-0.17704259
1.18449436	-0.30334559	-0.36529312	-1.17241367	0.51121379	-0.22126945
0.92111448	-0.30442626	-0.17853003	-0.69756653	0.10923369	-0.16205094
0.92814145	-0.28612172	-0.35125818	-0.67976155	-0.15394204	-0.45422546
0.85271735	-0.24347988	-0.26656087	-0.92776054	0.18750093	-0.13074694
0.97737870	-0.33779713	-0.12301713	-0.75863771	0.46883261	0.02582299
1.30530168	-0.24667286	-0.09994149	-0.40053059	0.53165074	0.03607464
1.15386341	-0.19789540	-0.08241591	-0.71597162	0.52518950	0.29124447
1.00015743	-0.05096789	-0.15544099	-0.76567681	0.39609990	0.59312941
0.88205783	-0.16074546	-0.09641961	-0.94317073	0.29146759	0.62989321
0.82659790	-0.12785197	-0.12895064	-1.06538153	0.12323375	0.45273922
0.71915906	-0.13576492	-0.18535434	-1.13516482	0.19551980	0.55542628
0.75736994	-0.12235923	-0.13195320	-1.37894269	0.15037108	0.67648782
0.87692625	-0.25509576	-0.17166880	-1.23123891	0.27218728	0.65848616
0.67608953	-0.22374604	-0.10376285	-1.38036069	0.36279832	0.42750292
0.75189891	-0.38829142	-0.15499087	-1.14168770	0.20404966	0.49968057
0.70033128	-0.37202136	-0.12855658	-0.92903514	0.24234679	0.48643761
0.92582110	-0.57539642	0.08515994	-0.90784386	0.16583828	0.05006076
0.92284834	-0.32101418	0.03931402	-0.60271486	0.42673516	-0.06439128
0.89373220	-0.32764178	0.03309913	-0.26157982	0.38897383	-0.33607269
1.02531271	-0.12476685	-0.04913500	-0.15376864	0.48173913	-0.16118022
0.88273847	0.01165051	0.02988754	-0.29765356	0.15609064	-0.25098848
0.94382571	-0.01888352	0.02023431	-0.41392033	0.22939092	-0.02982768
0.74543914	-0.03985337	-0.01807538	-0.80310094	0.32794268	0.19699944
0.96057454	-0.13651501	0.09293279	-0.44987989	0.34924541	-0.09084265
1.09986641	-0.36084605	0.07159887	-0.46835742	0.23350884	0.08688790
1.29810884	-0.17887278	0.08719544	-0.31650868	0.42711879	-0.18455155
1.35450367	-0.12815053	0.13964499	-0.84450091	0.68281855	-0.19436713
1.27857472	-0.09241044	0.08041102	-0.88208960	0.43084105	0.21303753
1.46723467	-0.12554842	-0.01207175	-0.71290789	0.26684423	0.57079394
1.38116788	-0.24947013	-0.17477964	-0.58779727	0.38927657	0.78986933
1.16722669	-0.54625846	-0.14726361	-0.03183953	-0.02596211	0.57344104
1.03846872	-0.60109425	-0.23986798	0.42036962	0.46877473	0.34987638
0.85376848	-0.67740506	-0.15121396	0.54728738	0.53409056	0.13114877
0.89320934	-0.33288906	-0.21882403	0.58546702	0.41538900	-0.21902557
0.64759104	-0.12131284	-0.24926021	-0.14382709	0.35594887	-0.45444211
0.98745163	-0.04247858	-0.24899256	-0.96071999	-0.19085054	-0.12535890
0.97057134	-0.08530271	-0.22320380	-0.39398139	-0.60909906	-0.00418757
0.98712591	-0.38934625	-0.02904228	-0.44505504	-0.71664888	0.12369786
0.92155820	-0.52672496	0.01392616	-0.53822101	-0.89662353	-0.15333521
0.90112108	-0.35108255	-0.16454760	0.07158852	-0.57753917	-0.43672929
0.74006499	-0.34535363	-0.16471452	-0.20425963	-0.15463182	-0.35852276
0.77398053	-0.14785664	-0.21058684	0.03769780	-0.37215432	-0.26273661
0.81901506	-0.22577846	-0.17906215	0.25454396	-0.39772565	-0.51171327
0.93415212	0.04613180	-0.12195986	0.11929853	-0.38821626	0.02928546
1.08442698	-0.07913710	-0.23043514	-0.04382171	-0.09098849	-0.25953092
0.97272876	-0.12158945	-0.16576045	0.01022632	0.05194528	0.05159472
0.98926332	-0.01820475	-0.14143038	-0.39793083	-0.18357559	0.10509569
0.76321273	-0.04180710	-0.03365711	-0.38484897	-0.24705583	0.07552569
1.11440935	-0.01356656	-0.10069918	0.08093592	-0.06706315	0.31613243
1.05236275	-0.16241118	0.05473406	-0.32398073	-0.04368245	0.05156895
0.95596691	-0.11302443	-0.10274085	-0.07014932	-0.20664943	0.31693836
1.22869265	-0.10852384	-0.09253707	-0.05497435	0.03172858	0.16248112
1.09016379	-0.17589127	-0.06493463	-0.35248803	0.13833244	0.13461395
1.02104730	-0.16283985	-0.12138929	-0.40981279	0.44563878	0.21840076
1.08271090	-0.07579718	-0.07664321	-0.08891678	0.41519442	0.01078667
1.40381933	-0.05349157	0.02263091	0.33674275	0.02563615	-0.13599868
1.40673053	-0.06872990	-0.02094414	-0.00888323	0.09327012	-0.42706631
1.27845321	-0.09220296	-0.12682558	-0.76031603	-0.10200588	-0.45358585
1.22111363	-0.01784128	-0.20054081	-0.69419764	-0.27264796	-0.27789949
1.44018693	-0.19538017	-0.40391773	-0.96614411	-0.25099690	-0.20175985
0.99244024	-0.23490582	-0.35533875	-0.78413520	-0.06782379	0.06718296
0.82194122	-0.45276410	-0.32702271	-1.02824889	0.06610025	0.04547207
0.94295036	-0.40098306	-0.24118007	-0.54724380	-0.09607868	-0.16535538
1.12929845	-0.48826645	-0.26783196	-0.23748378	0.04420056	-0.00403478
1.30646273	-0.43465299	-0.22763520	-0.13212295	0.68541071	-0.16578619
1.23619904	-0.25044061	-0.14192210	-0.02086960	0.76945171	0.24248949
1.17102418	-0.04841161	-0.15119483	0.00822220	0.51724487	0.66949786
1.09943927	-0.16516249	-0.12277633	-0.29497492	0.29260806	0.82895709
0.80531643	-0.16291180	-0.12144974	-0.15332745	0.46996330	0.59014762
0.62784572	-0.03313976	-0.17675850	-0.41373459	0.21168620	0.77383918
0.74193385	-0.16310666	-0.14689109	-0.69674283	0.21003061	0.70588317
0.53740156	-0.19142913	-0.07592809	-0.78124114	0.37326645	0.60361142
0.51502588	-0.10398888	-0.00121447	-0.89129249	0.20471641	0.58748540
0.74969570	-0.25908689	0.03131563	-0.49917729	0.25305374	0.48789720
0.75077282	-0.24582016	0.05477542	-0.77945501	0.19049993	0.06821518
0.77890981	-0.33655358	-0.05297763	-0.55337764	0.15115686	0.09190188
