0.65492915	-0.20801554	-0.06885307	-0.52712490	-0.08997050	0.00765544
0.63890793	-0.39928846	0.02819513	-0.12675901	0.09566119	0.18864894
0.85118132	-0.28098892	0.13474272	0.02479858	0.04917591	0.08171482
0.78872908	-0.16615555	0.05440129	0.14170730	0.15866464	-0.20060872
0.76234742	-0.27650804	0.07728346	0.15267012	0.09916712	-0.05724434
0.79753633	-0.13141897	0.01661494	-0.03467401	-0.03838709	-0.09367649
0.81426254	-0.03204993	0.04644396	0.27671997	0.04848900	-0.19728693
1.08005604	-0.20132227	0.05587096	-0.27147664	-0.10202813	-0.10391110
1.22478148	-0.33688937	0.02270135	0.19502719	-0.02554137	-0.32542025
1.31317044	-0.08394125	0.11559989	0.20164522	0.00303715	-0.57776432
1.42428639	0.02129866	0.10567817	-0.08488462	0.38977345	-0.31041483
1.32077964	-0.01736940	0.24583032	-0.08539020	0.69242058	0.01004601
1.41041306	-0.04335592	0.12849871	0.18776554	0.05778024	0.52118848
1.28753681	-0.22310917	-0.07256858	0.18711697	-0.31676579	0.74429905
1.07951331	-0.53581823	-0.09943251	0.64636898	-0.31992800	0.51414225
0.94155018	-0.77493221	-0.22714197	1.12663870	-0.28521124	0.32478526
1.11525911	-0.62294125	-0.29806886	0.97677221	0.18246395	0.07266121
0.89580964	-0.46967107	-0.28901600	0.85230000	0.68289072	-0.02101625
0.86939775	-0.22787991	-0.26117925	0.49450634	0.77513942	-0.46591678
0.98769914	-0.04632202	-0.16671357	-0.26852467	0.25911968	-0.69835959
0.97496604	0.01741904	-0.16179621	-0.24991382	-0.55681612	-0.34978541
0.87786492	-0.14301517	-0.11289915	0.13240965	-0.91368958	-0.20538860
0.97991145	-0.27987086	0.02074372	0.27225975	-1.03090640	-0.02967438
0.89122011	-0.28848187	-0.00081149	-0.26218546	-0.67816808	-0.20105763
0.75804238	-0.27832787	-0.20765151	-0.10242345	-0.62903333	-0.22832673
0.76928222	-0.18466656	-0.10071825	-0.47562637	-0.61129957	-0.27574244
0.61587778	-0.17773065	-0.14743203	0.43315219	-0.66374550	-0.36842246
0.82084972	-0.11020364	-0.14403445	0.13273760	-0.47394610	-0.26185050
1.02697647	0.00965710	-0.23324139	0.11553830	-0.11307780	-0.16104865
1.19333787	-0.20480156	-0.12180969	0.01781665	0.15734590	-0.22609759
1.00539895	-0.21913966	0.01931467	0.38469490	0.09461285	-0.01046690
0.86698404	-0.04647020	0.03819596	-0.20777999	-0.42875221	-0.05099881
0.80747683	0.02486151	-0.04891265	-0.31338375	-0.09828392	0.36197682
0.84529224	-0.11926036	0.00497778	0.05568330	-0.33003115	0.41471253
0.99811275	-0.26445080	-0.04199942	0.10466928	-0.44571519	0.22186158
1.10041108	-0.23136210	-0.11243352	0.54359048	-0.18947298	0.01131171
1.17200563	0.01717365	-0.05283850	0.41400902	0.36787419	-0.08945848
1.16906178	-0.00844051	-0.23220231	0.16045076	0.04291581	0.07412192
1.47625067	-0.05135897	-0.02863069	0.28118819	0.10516439	-0.44279650
1.24935937	-0.04546820	-0.09030541	0.27014798	0.42875657	-0.31921315
1.35959313	-0.17683012	-0.02566760	-0.12126280	0.07281286	-0.53665085
1.13295685	0.01295297	-0.12875186	-0.13185292	0.31714040	-0.30426068
1.04865534	-0.19366275	-0.39237290	-0.44630574	-0.22675530	-0.39964860
0.92719204	-0.18373526	-0.39084839	-0.54760025	-0.13509749	-0.37937892
0.96885956	-0.31973858	-0.30031135	-0.53387812	-0.29169928	-0.01640704
1.03172015	-0.34295284	-0.16240940	-0.25249842	0.27104275	0.10317823
1.05862610	-0.46570240	-0.24866045	0.15254896	0.38248275	-0.15309880
1.27725152	-0.34115585	-0.16391243	0.16690768	0.47968844	0.17231157
1.30326868	-0.33699112	-0.09465469	0.01591892	0.71353838	0.43968239
1.06937304	-0.20930106	-0.22343006	0.16212494	0.34393723	0.57916629
1.04189253	-0.12489670	-0.08286758	-0.09769464	0.26010371	0.50017282
0.93451152	0.00953745	-0.18687361	-0.19627429	0.02248000	0.42105767
0.50631366	-0.11187430	-0.08854710	-0.85761081	0.26266984	0.50642004
0.52762647	-0.24565420	-0.11659354	-0.47306609	0.13067015	0.67103562
0.51144719	-0.22961862	-0.19713593	-0.49140153	-0.02734628	0.56926623
0.72162072	-0.34111822	-0.07420782	-0.40716703	-0.04094911	0.76104098
0.85247265	-0.42373356	-0.03664947	-0.33260367	-0.10378075	0.51772103
0.99824190	-0.40678997	-0.06624834	-0.32438794	-0.08288501	-0.04978512
1.03817457	-0.37767668	0.02929850	0.19976970	0.15073766	-0.04003468
0.71879259	-0.14396468	0.05219505	0.24828155	0.34059649	-0.00911749
0.77092705	-0.31713972	0.05803133	0.34464046	-0.21775577	-0.38215153
0.91489960	-0.19112559	0.00674799	0.07894484	0.11374925	-0.33171105
0.90742033	-0.31733853	0.05751087	-0.28451086	0.20580707	-0.54342841
0.95605990	-0.06607875	-0.03227822	-0.19629569	0.30722967	-0.05022474
1.15737172	-0.30608588	-0.04187799	-0.71596881	0.02218533	-0.17252537
1.24486611	-0.07260512	0.01475173	-0.25478738	-0.33964906	-0.13601219
1.50005443	-0.08288967	0.16355072	-0.36928101	0.21510971	-0.07927247
1.57176109	-0.21317491	0.10770200	-0.11060716	0.37028855	0.03598230
1.29830541	-0.25504359	0.07639410	0.01263299	0.44176930	0.27074602
1.27340959	-0.41766082	-0.13861924	-0.03767849	-0.02316851	0.22686426
1.05979671	-0.59045816	-0.16857209	0.23072169	-0.27132476	0.62174189
1.16719738	-0.62165664	-0.25132317	0.43132952	-0.35817052	0.21163081
0.95359547	-0.49428354	-0.25975287	0.92940535	-0.04711483	0.17653740
0.88515110	-0.35606240	-0.27921310	0.86355117	0.84304177	-0.28454849
0.84897978	-0.20966607	-0.21210081	0.03960023	0.54757519	-0.46799060
0.74032303	-0.11279789	-0.21031035	-0.08149081	0.05678072	-0.41732085
1.01894917	-0.02268336	-0.04895604	0.01164506	-0.42905294	-0.33461606
0.78661868	-0.21336646	-0.04670986	-0.31918108	-0.63154821	0.03635263
0.95008302	-0.30636997	0.04834395	-0.05527262	-0.71154367	-0.34855956
0.85577411	-0.37064581	0.04910156	0.23707627	-0.89476391	-0.09210744
0.87046500	-0.19537503	-0.01983325	0.33043126	-0.67825766	-0.01703041
0.79548087	-0.35462515	-0.11757007	0.35541315	-0.33273238	-0.13632065
0.79425158	-0.24475730	-0.15274711	0.34506445	-0.05953636	-0.43252090
0.80916440	0.06802511	-0.20251244	0.19995694	-0.73260702	-0.36964792
0.96846670	0.02570601	-0.19089367	0.16927323	-0.30857838	0.10842239
0.88725738	-0.16820110	-0.14894615	0.01731841	-0.17950524	-0.16662492
0.98483701	-0.16848530	-0.08937250	-0.14802379	0.04372638	-0.00997838
0.99459062	-0.11470107	-0.08639905	-0.01469236	-0.32545574	-0.05949263
0.91013389	-0.15313445	-0.12025760	-0.21201419	-0.30445325	0.03266554
1.08599792	-0.18041787	0.02341135	0.26965789	-0.14480057	0.04377213
0.98149802	-0.03142023	-0.06922800	-0.03457300	0.23156555	0.26013672
1.03138206	0.14665096	-0.14682002	0.03310409	0.04847048	0.25926916
1.18942544	-0.06230975	-0.06208740	0.31320423	0.09817622	-0.01187227
1.23777341	-0.27966577	-0.14177927	-0.14604584	-0.20084674	-0.05968010
1.06012986	-0.12638010	-0.09570555	0.40109593	0.01805374	-0.17461382
1.26000562	0.04368398	-0.01905862	0.02917357	0.01858473	-0.24377151
1.12926405	-0.15936752	-0.14745309	0.26931852	0.08584326	-0.39751676
1.04796277	-0.01840975	-0.09552409	0.63413547	-0.02570477	-0.47521798
1.04805022	-0.12043926	-0.14406886	0.17522096	-0.03350439	-0.47080261
1.11119384	-0.34435976	-0.25949798	-0.30736738	0.13947447	-0.34086661
1.07155866	-0.44695505	-0.49742992	0.20957684	0.21363346	-0.30340060
0.94443798	-0.42393201	-0.36583717	-0.21127348	0.06696360	-0.58139931
1.03865154	-0.28042143	-0.38318726	-0.25864414	-0.05138622	-0.58770030
1.16701092	-0.45068941	-0.28917417	-0.15947477	-0.02013358	-0.61895515
1.31775874	-0.42691360	-0.28499077	-0.28785202	0.40081628	-0.20096025
1.49611721	-0.31519956	-0.26332847	0.54247498	0.44442514	0.33530995
1.15318669	-0.17802954	-0.21133435	0.34536130	0.57041084	0.53617339
1.11824724	-0.09991513	-0.16609996	0.12417463	0.53861080	0.37640854
0.87057762	-0.07263650	-0.06049816	-0.05113083	0.12660569	0.34037458
0.77095065	-0.04064514	-0.16624219	-0.40493538	0.22587312	0.45811572
0.77393893	-0.08218188	-0.07208986	-0.89209799	0.17192196	0.39004617
0.71720250	-0.09057842	-0.01576762	-0.85311971	0.06695732	0.39899860
0.73083720	-0.17229621	-0.10949450	-0.81968880	0.18995599	0.58236302
0.98237624	-0.24051376	-0.13688703	-0.75732812	-0.07370723	0.38174832
0.76340707	-0.36161018	-0.02443483	-0.62856016	0.07218772	0.52463444
0.85554099	-0.38832915	0.02919712	-0.37114164	0.03292630	0.02697981
0.66851163	-0.45024418	0.01030330	-0.29441768	-0.52517579	0.06290624
0.68595992	-0.27301454	-0.02380412	-0.14047166	0.00933000	0.07598816
0.89567843	-0.34884030	0.00151968	0.06087533	0.36216609	0.01596927
1.02787989	-0.19493425	0.11511499	-0.01737056	0.14485868	-0.19209997
0.84004727	-0.20002665	0.07432886	0.11252887	-0.16656040	-0.21592212
1.06166440	-0.26406692	0.00984922	-0.37294347	0.39495801	-0.35365996
1.05361836	-0.25080151	-0.14261988	-0.49377677	-0.04346280	-0.40064479
1.12188538	-0.08598322	-0.16523818	-0.30049074	-0.23984876	-0.01007004
1.16432919	-0.12722762	-0.02545969	-0.09372151	-0.00530044	-0.41329278
1.28716455	-0.16510559	0.09201089	-0.00990678	0.42610097	-0.13960126
1.49169618	0.00673638	0.23962624	-0.44174991	0.60827983	-0.06542733
1.60088314	0.01814080	0.04107190	-0.45795097	0.16331662	0.19578180
