1.08949893	-0.13706405	-0.21463423	-0.01973728	-0.20289677	-0.03167555
1.15132727	-0.21050491	-0.15683527	0.37738087	-0.25517449	-0.24724672
1.00281546	-0.48020879	-0.15425528	0.14611749	-0.46073989	-0.11696907
1.19093716	-0.38967243	-0.18704515	0.43371896	0.12309356	-0.18197242
1.43907896	-0.32308217	-0.42378647	0.50219189	-0.03248004	-0.10919161
1.54419820	-0.16730456	-0.52826916	0.20889597	-0.22426623	-0.18733315
1.51708178	-0.40926983	-0.48676502	0.18696399	-0.19101977	-0.19121470
1.51762566	-0.37451295	-0.44059452	0.16417973	-0.32828058	0.02873060
0.95148435	-0.36179657	-0.58198589	0.29408253	0.04183223	0.16568335
0.95697014	-0.42923534	-0.54015873	0.30050343	0.07459874	0.31988544
1.05934903	-0.38642858	-0.57304872	0.65741772	0.62584369	0.56192683
1.08839764	-0.36173946	-0.50263228	0.69891653	0.92754802	0.28215893
1.09329050	-0.29547838	-0.34749296	0.15912254	0.63486889	0.37993463
0.84542700	-0.14064525	-0.26304757	0.09846995	0.54597233	0.33139323
0.91193505	-0.10702512	-0.12807267	-0.33515379	0.60046390	0.31380631
0.86017003	-0.18381022	-0.16967353	-0.01928741	0.12599445	0.67830007
0.80550743	-0.34831802	-0.17361269	0.27691114	0.24131200	0.60712121
0.81904641	-0.37091271	-0.12715836	0.52455213	0.27276811	0.35380427
0.76042862	-0.21231271	-0.29669570	0.73719509	0.25021851	0.35845331
0.73873207	-0.23307261	-0.25907614	0.21634579	0.36009615	0.53667600
0.65330917	-0.33378678	-0.25026515	0.45249669	0.51864867	0.36145278
0.61265083	-0.39194087	-0.32272822	0.62179416	0.00746610	0.50542900
0.82380048	-0.11849683	-0.13016471	0.67474366	-0.08224838	0.56598745
0.82824930	-0.20676832	-0.11108355	0.71687488	-0.33176881	0.37490440
0.69436472	-0.24639269	-0.25339188	0.50960569	-0.11358269	0.06823113
0.64689915	-0.32109402	-0.25073813	0.63962143	0.01168966	0.16506038
0.74627316	-0.35571990	-0.16626943	0.41858458	-0.21751817	0.17592351
0.82640019	-0.27665122	-0.11673043	0.22246418	-0.03103314	0.06014615
0.86099636	-0.39304587	-0.05174752	0.25879782	-0.03049060	0.35394672
0.76535262	-0.29240114	-0.14065552	0.39702485	0.15185221	0.06559061
0.97469285	-0.39472173	-0.20100537	0.43183831	0.35874171	-0.31534833
0.90799806	-0.44814634	-0.07458262	-0.03617767	0.29353933	-0.06486969
0.79959127	-0.26511129	-0.10996405	0.22684478	0.17356786	-0.01822165
0.95780401	-0.43251046	0.04024207	0.09031212	0.66679684	-0.20960413
0.99614484	-0.31958949	-0.01714824	0.15243043	0.50596266	-0.06691046
0.91316587	-0.36597544	0.05252992	-0.04773748	0.67522096	-0.09031617
1.04869985	-0.22541573	-0.00465001	-0.02103334	0.36989247	0.45643687
1.15288440	0.00329256	-0.05786756	-0.27118875	0.46146523	0.42114295
1.11400829	-0.32366395	-0.09600614	-0.25289512	0.04491461	0.46602203
1.48950489	-0.39023309	-0.14568344	-0.33104915	-0.37374544	0.45793181
1.40299018	-0.85038908	-0.10702181	0.11371465	-0.71312548	0.22366493
1.29568088	-0.78704622	-0.12423032	0.55012102	-0.06143700	-0.34383982
1.16105683	-0.57708129	-0.11325926	0.37998035	0.48446264	-0.61542149
0.90397363	-0.40402916	-0.18132655	0.19809703	-0.39361373	-0.73156516
0.77887453	-0.35127467	-0.19362131	0.06610222	-0.78889820	-0.13605501
0.75298839	-0.32349137	-0.24295937	-0.29321519	-0.65551776	-0.26704282
0.77761708	-0.36057490	-0.36754337	-0.39805601	-0.40103664	0.01238684
0.84425533	-0.40684392	-0.23822539	-0.53301314	-0.86042204	-0.45365727
0.99296035	-0.27522314	-0.34625620	-0.56193320	-0.47902110	-0.17695428
0.85037628	-0.41886806	-0.15687541	-0.45462405	0.03778868	-0.44237227
0.98972466	-0.21710247	-0.14296261	-0.26645378	-0.29376738	-0.48733300
0.85866688	-0.37226639	-0.14965028	-0.40299390	-0.28925126	-0.64992723
0.96597392	-0.21043720	-0.30319467	-0.44172704	-0.06083275	-0.62387034
0.94283109	-0.21283227	-0.16732664	-0.42002159	-0.36586987	-0.55239838
0.64923573	-0.27963498	-0.22726482	-0.50377663	-0.48819530	-0.40813778
0.65908059	-0.24250973	-0.25542552	-0.06891615	-0.12371916	-0.51032270
0.62678592	-0.13482409	-0.25254413	-0.42652375	-0.05685811	-0.47693366
0.71081350	-0.21867913	-0.27494894	-0.12016248	-0.21345492	-0.26140659
0.69459116	-0.21310375	-0.41536650	-0.21144548	-0.05382959	-0.28770233
0.62548365	-0.07016161	-0.22263040	0.00335812	0.11436920	-0.52675012
0.62624993	-0.38586831	-0.24094171	-0.08538301	-0.31146914	-0.21346383
0.85148618	-0.13468997	-0.10187920	-0.21519787	-0.39459150	-0.14565593
0.99898177	-0.11875526	-0.22360568	-0.10275332	-0.32941159	-0.24530758
0.93801197	-0.08955106	-0.27842451	-0.41349167	-0.19678651	-0.08223759
1.00355644	-0.20426813	-0.25968055	-0.25336649	-0.34565751	-0.17548220
1.23550440	-0.21907367	-0.25096532	-0.47740962	-0.30487884	-0.01162997
0.99795367	-0.26943855	-0.14150667	0.04933977	-0.27461380	-0.24294064
1.14096263	-0.21333534	-0.21467767	-0.19304004	-0.30753594	-0.02219255
1.12201503	-0.20858809	-0.22199313	-0.12478103	-0.35210318	-0.12439383
1.12059946	-0.29506901	-0.20994840	0.11370288	0.50773399	-0.28861485
1.32015561	-0.29648971	-0.34667317	0.05930795	-0.24639327	-0.19571892
1.60726714	-0.22117662	-0.52277468	-0.00841840	-0.15097466	-0.18774343
1.70205324	-0.13714304	-0.46198532	-0.07097652	-0.12620205	-0.25214293
1.43959100	-0.36469485	-0.48135155	-0.23105506	-0.50051206	0.36590127
1.11195168	-0.45205442	-0.54683663	0.00238685	-0.55285343	0.62450673
0.92198628	-0.58678932	-0.39640672	0.20599042	0.19733155	0.69336129
1.02104929	-0.31034782	-0.48700259	-0.05710378	0.51694089	0.49474409
1.08946194	-0.32575384	-0.55373267	0.23724762	0.79705653	0.35739974
1.15481339	-0.27559124	-0.42654235	0.26098299	1.03280666	0.28014242
1.10329200	-0.26404786	-0.33653142	-0.03045020	1.03620610	0.38180937
0.91575638	-0.28568490	-0.03036442	-0.06614656	0.33987190	0.63596410
0.69335309	-0.14245146	-0.18818445	-0.16783848	0.28672476	0.45900334
0.82096955	-0.29544416	-0.23765496	-0.31450829	0.47544313	0.61416115
1.01139980	-0.16647732	-0.19347764	-0.24519391	0.05187961	0.44740519
1.01174106	-0.23436410	-0.18261518	-0.06252466	0.36239558	0.73762517
0.80931636	-0.36163290	-0.25254871	0.01814171	0.53565662	0.74129709
0.65544732	-0.34093846	-0.13594163	0.30237565	0.81622744	0.42942889
0.53669011	-0.27943932	-0.15129927	0.12607858	0.61510278	0.53950670
0.70148296	-0.28947519	-0.25006397	0.00185155	0.28255289	0.43628139
0.52334522	-0.35504715	-0.10114859	0.32468281	0.78274102	0.21726330
0.70772145	-0.25445980	-0.04531498	-0.02596308	0.57979830	0.28589108
0.69365735	-0.29774043	-0.14646154	0.14890501	0.86357461	0.40855090
0.63966913	-0.10925477	-0.00569835	0.03676109	0.49749308	0.20900452
0.89178986	-0.33202597	-0.12437284	-0.03249117	0.36809216	0.17821410
0.77166002	-0.28737259	-0.07548713	-0.33551940	0.21107467	0.16446707
0.69390641	-0.22572214	-0.20421808	-0.01722228	-0.08257089	0.22853169
0.89557577	-0.34624394	-0.09328076	-0.38459619	0.32231671	0.29836395
0.85516012	-0.48665446	-0.10387952	-0.24059294	0.38216998	0.12136866
0.73559180	-0.58888597	-0.03527329	-0.02189633	0.26496016	-0.09006675
0.96899008	-0.34573880	0.06262141	-0.21386448	0.09167375	0.14094013
1.15917797	-0.35889623	-0.09366920	-0.19672784	0.38723458	0.12675679
1.21220716	-0.26304784	0.07320506	-0.03290625	0.53814152	0.10232423
1.39614174	-0.42403002	-0.15143181	-0.53364246	0.46425804	0.04851420
1.45444235	-0.47688130	-0.27250551	-0.26544700	-0.20812342	0.27632426
1.44474204	-0.61466585	-0.20917242	-0.06928233	-0.07704399	0.39415398
1.35235387	-0.73106386	-0.17951022	0.29802040	-0.14119126	0.19210692
1.04215588	-0.61541901	-0.26460214	-0.01760918	-0.31595972	0.07243079
0.86547219	-0.55257768	-0.20355335	-0.24926598	-0.38070340	0.01327975
0.93963650	-0.44519773	-0.16999772	-0.32089765	-0.82731751	-0.06071133
0.95849688	-0.28437176	-0.28532716	-0.73164097	-0.44752744	-0.05450900
0.81058809	-0.26285739	-0.31330716	-0.86665349	-0.32209772	-0.35055735
0.89830491	-0.41466534	-0.15870333	-0.88574041	-0.31680237	-0.43066433
0.95952943	-0.34409995	-0.30242758	-0.71123612	-0.29107959	-0.47583605
0.84323819	-0.31912117	-0.20182499	-0.76316813	-0.09244397	-0.18603524
0.75461202	-0.47218667	-0.15974868	-0.56116051	-0.34443358	-0.43673489
0.92612485	-0.36285367	-0.23115784	-0.50311661	0.06386983	-0.40745273
0.86109676	-0.22868539	-0.14881093	-0.39711316	0.22720038	-0.29972677
0.78254765	-0.17084698	-0.24052337	-0.44053114	0.15518294	-0.51375027
0.53110364	-0.07033643	-0.30436049	-0.56195416	0.06327116	-0.31417343
0.65235950	-0.04731151	-0.26555520	-0.84525873	-0.20112845	-0.27742572
0.67527349	-0.25684911	-0.16675029	-0.84433272	-0.22597058	-0.21207715
0.87799594	-0.16427672	-0.25526012	-0.60946198	-0.09967038	-0.17713322
0.83683349	-0.31398374	-0.24216137	-0.79366027	-0.39717763	0.12267554
0.86867460	-0.22455065	-0.21768129	-0.77928607	-0.01054416	-0.01980480
1.02996467	-0.14324728	-0.22467772	-0.80496724	0.04401636	0.09050342
0.78088869	-0.08768082	-0.25701188	-0.68851111	0.10932448	0.01273496
0.84747018	-0.12212064	-0.19124919	-0.49645015	-0.08646718	0.01345247
1.14390669	-0.14446218	-0.12686345	-0.10560524	-0.13207937	-0.02846792
