1.09713813	-0.47821293	0.06457516	2.34873875	-0.13888586	-0.86182234
1.20692947	-0.72425358	-0.01413759	2.30513123	-0.38413427	-0.97936551
1.71358517	-0.21983155	-0.06357492	1.97290874	0.39784260	-0.49640723
1.71141027	0.10614699	-0.29556894	1.49567211	0.61341344	-0.24161939
1.45570067	0.31750811	-0.12704739	1.68078659	-0.46371769	-0.21030963
0.94358926	0.03862528	-0.00673998	-0.05155870	-0.18329586	-0.02020280
0.99372691	0.00171033	0.03377205	0.18376545	-0.99844207	0.22807905
0.81258485	0.01882299	-0.07981392	0.20316191	-1.12791677	0.06026370
0.53116967	-0.30445074	-0.25414060	-0.34795434	-1.46844067	0.33912385
0.60071922	-0.21505665	-0.32259710	-0.41305107	-1.27662483	0.26152040
0.64916653	-0.40628348	-0.23829225	-0.23536602	-0.80965414	-0.03610315
0.72880964	-0.23331329	-0.24779838	0.54442731	-0.61752868	0.03093721
0.80297907	-0.21803276	-0.10116001	0.72800502	0.41601776	-0.13098567
0.73113736	-0.28799375	-0.03742053	0.46573136	0.33200738	0.04160988
0.62201501	0.03584801	0.05620437	0.68535245	0.00177971	0.18561401
0.66234058	-0.08346005	-0.03628660	1.13099338	0.33342478	0.07939274
0.48329177	0.30929080	-0.06543400	0.65333935	0.28374936	0.17051051
0.38218734	0.38454909	-0.14479503	1.06130001	-0.49829219	0.45318437
0.65152390	0.01524967	-0.02427414	0.36281139	-0.19364508	0.58373106
0.59860794	-0.24884898	-0.12116462	0.07250995	-0.00284847	0.59051687
0.55962599	-0.51654183	-0.00416830	0.77071260	-0.21628496	0.68559627
0.94067453	-0.42107087	-0.01164904	0.69788695	0.49526707	0.10044127
0.80894192	-0.12684512	-0.24195138	0.26029195	0.90175745	-0.05654015
0.80565852	-0.11247366	-0.12526859	0.15166131	0.89748968	-0.17720061
1.04379420	-0.20820408	-0.16736135	0.14317343	1.02187060	-0.57997642
1.21885596	-0.25817218	-0.01798859	-0.76359730	0.95778117	-0.41512145
1.42120628	-0.29641298	0.00909111	-1.03812901	0.11825533	-0.39801612
1.54996840	-0.18500274	-0.03372566	-0.49889306	-0.64696701	-0.13876679
1.82797512	-0.15452866	0.08880177	-1.00742954	-0.45106485	0.04957509
1.88892247	-0.55723378	0.16939261	0.42305654	-0.41258641	-0.00279664
1.50794060	-0.66498451	0.00772171	1.55208110	-0.70947939	0.02916130
1.39684478	-0.45119148	-0.12672462	1.23117862	-0.50880556	0.19033377
1.27038070	-0.51381217	-0.08690483	0.49882682	-0.08951138	0.00040225
1.02131178	-0.32940897	-0.12074613	0.89077668	0.20621298	0.36670184
1.05004109	0.03098563	0.04488020	0.45273419	-0.74993157	0.32775879
0.95298822	0.02598594	0.02384571	-0.28081352	-0.63716398	0.30298807
0.86127325	-0.15782832	-0.03869695	0.81792593	-0.49323280	0.18660244
0.50914817	-0.34859342	-0.01090012	-0.08637356	-0.43452607	0.02533376
0.56786064	0.13044692	-0.09326476	-0.15078107	-0.25264174	-0.09784594
0.79460868	-0.25114087	0.00517252	0.21803913	-0.32055373	-0.11967420
0.52172804	-0.10480730	-0.03350791	0.19710659	-0.05280463	-0.20745405
0.57648298	-0.17122867	-0.03232018	-0.21582564	-0.34464471	-0.54659853
0.59856522	-0.34310436	0.13678197	-0.40394802	-0.05942266	-0.83872568
0.67335683	-0.17745007	0.06448961	0.62573988	-0.56152286	-0.43103695
0.59634861	-0.21533227	-0.07296819	0.22794413	-0.51979167	-0.38841496
0.93918587	-0.11566343	-0.08574844	0.24000303	-0.66893932	-0.37184267
0.74325057	-0.47315521	-0.09110811	-0.27186315	-0.42669475	-0.29342217
0.76697371	-0.26216827	-0.15475698	0.31027423	-0.20200264	-0.46397906
0.95517058	-0.18625692	-0.10448031	0.92887311	0.39445494	-0.45784640
0.95484482	-0.72970447	-0.11544587	0.13737201	-0.08095282	-0.25316987
1.20503063	-0.44309955	-0.14581461	0.11868664	-0.21768049	0.22530769
1.37796167	-0.62239572	-0.06246297	0.49898895	0.01096358	0.20696416
1.49080354	-0.82038561	-0.12797202	1.23366847	0.89441125	0.53512402
1.47996203	-0.49772139	-0.16587940	1.58869724	1.33320381	0.27216530
1.45122040	-0.30913665	-0.11339732	1.91367051	1.10416628	-0.28942485
1.41613380	-0.28751434	0.21070857	1.35270087	0.94391414	-0.38278154
1.72774283	-0.06552357	0.04822785	0.66052962	-0.21581629	0.03764961
1.23133708	0.16489624	-0.21234468	-0.24409530	-0.33166612	-0.19267180
1.34781626	0.16585315	-0.04240412	0.24254913	-0.19673950	-0.09411870
1.38700956	-0.13709894	-0.16905086	-0.36373610	-0.45832467	-0.14759794
0.82962708	-0.36652651	-0.10319030	-0.18090412	-0.62304444	0.26901137
0.97309880	-0.55155700	-0.12969804	0.32544604	-0.77251231	0.06932411
1.02793531	-0.35988268	-0.20923268	0.51806305	-0.91561061	-0.05290518
1.02625791	-0.35210839	-0.24292042	0.36987880	-0.43758951	-0.26532956
0.73123399	-0.06184881	-0.18306423	0.80107948	-0.46673156	0.09209569
0.71909495	-0.07073107	-0.30411350	0.49743714	-0.70291445	-0.03603381
0.66853648	-0.09498415	-0.29495851	0.64240819	-0.71090082	0.14671065
0.75210021	-0.40539571	-0.23535116	1.05565057	-0.12289986	0.31072858
0.66651921	-0.20485304	-0.17100763	0.68706714	-0.18259183	0.48581123
0.75292070	-0.19600404	-0.00402597	1.10148857	0.20822992	0.46895951
0.83048941	-0.27296470	0.01426723	0.42992011	0.18880918	0.16400969
0.69734082	-0.03976507	0.01630856	1.28760810	-0.14150343	0.28490544
0.60121973	-0.00552555	0.08275057	0.50106384	-0.19750306	0.46298997
0.59803078	0.05691910	-0.08958986	0.93314846	-0.36204286	0.30757517
0.94358079	-0.01634424	-0.14501326	0.72980742	-0.19138119	0.59464760
0.82042807	-0.31022949	-0.11269816	1.04949495	0.34735338	0.14915610
1.02474239	-0.22574422	-0.18189533	0.92998868	1.04242505	-0.37012136
0.60448281	-0.30744061	-0.13420864	1.12446684	1.09844624	-0.27577999
0.89126008	-0.27709741	-0.15926493	0.10667835	1.15595623	-0.34138816
0.82705913	-0.24643829	-0.07093664	0.45898640	1.41829298	-0.46904544
0.87026041	-0.22070763	0.15255845	-0.46997424	0.84342870	-0.69244016
1.47597117	0.10781526	-0.17830696	-0.41597453	-0.49257249	-0.51716358
1.91019245	-0.02212103	-0.26051700	-0.76849861	-0.84204453	-0.17658414
1.79298503	-0.39980645	-0.16866056	-0.53863465	-0.48083881	0.13145052
1.98957754	-0.85850973	-0.08916035	-0.79057036	-0.07252979	0.24388618
1.46781074	-0.90909871	0.04917221	0.25400284	-0.37597406	0.12936581
1.54590827	-0.86420308	0.19081344	0.90325894	-0.07733035	-0.15485601
1.15435557	-0.49132276	0.09869103	0.90300341	-0.24516920	-0.03083487
1.04086206	-0.40547371	-0.13657529	1.00110762	0.15489838	0.10939911
0.94017466	-0.13061632	-0.10639582	0.87525118	0.14961886	-0.17943288
1.18960864	0.19171682	-0.01624023	0.29321130	0.12767578	0.03182688
0.70965849	-0.18507519	0.00990016	0.27547093	-0.38839439	0.31431491
0.77996371	0.00368312	-0.04467832	-0.45464314	-0.24894351	0.08031109
0.31405805	-0.26366009	0.05888369	0.06192332	-0.45044552	0.14657799
0.09282020	-0.19980857	-0.14521233	-0.01901480	-0.55587592	-0.22575119
0.53106545	-0.07348064	-0.04047126	0.16763477	-0.35935693	-0.13767353
0.63484198	-0.19033294	0.05486480	0.08704821	0.29959111	-0.18007481
0.49638435	0.01780365	-0.11214938	-0.09608346	0.10274073	0.00237069
0.56784837	-0.20558567	-0.08872919	0.19344256	-0.29791156	-0.24415306
0.75363723	-0.30869368	-0.11299231	-0.48952595	-0.53107961	0.18374457
0.56198803	-0.22742592	-0.06336047	0.44375948	-0.52583643	-0.07071733
0.53918163	-0.12745866	-0.05667628	0.63670309	-0.71257485	-0.01469519
0.83103494	-0.19873252	-0.04827424	0.40697588	-1.12390668	-0.32841604
0.86312039	-0.34039180	-0.06098547	0.33422818	-0.31671276	-0.38703913
0.99870061	-0.23490316	-0.16694476	0.02625907	0.21482078	-0.57114666
0.59698714	-0.18150887	-0.30786829	0.81461862	-0.20513461	-0.48410182
1.05250826	-0.30679519	-0.44683156	0.16394498	0.25953449	-0.14485433
1.49379575	-0.38811934	-0.34913595	-0.32149510	0.34701406	0.25637580
1.88123422	-0.34512663	-0.15168261	0.67251417	0.27543818	-0.14091929
1.60925803	-0.42258629	-0.14022225	1.24912923	0.65449063	-0.13964980
1.32022335	-0.34645116	-0.13393509	0.47997583	0.91143698	-0.46113913
1.46361602	-0.19442333	-0.18008104	0.58126076	0.05999668	-0.15894188
1.38508136	-0.37768186	-0.26602978	1.32451126	-0.86740791	0.65031082
1.09625591	-0.11589628	-0.18273744	1.19676972	-0.48379745	0.32443034
1.41563306	-0.22957489	-0.02418846	0.71032851	0.08902687	-0.37056085
1.34146681	-0.05326120	-0.07284984	0.64388407	-0.42706189	-0.72747680
0.98534273	-0.03764291	0.05452390	-0.11087700	-0.37996719	-0.83296226
0.85654773	-0.04185966	-0.11588645	0.26399752	-0.64784603	-0.50117065
0.60857492	-0.00514740	-0.15010464	0.53271445	-1.03836098	0.12887466
0.88372307	0.01220231	-0.28594137	0.81961887	-0.27280630	0.09141904
0.80557550	-0.01110300	-0.30708376	0.43880737	-0.52339478	0.16782435
0.60706191	-0.15087481	-0.12382470	0.60386807	-1.00068187	0.07305575
0.80093648	-0.29796631	-0.12549245	0.30347956	-0.96960281	0.36552808
0.54524827	-0.18653093	-0.17933365	1.60068168	-0.28691042	0.33305263
1.00681037	-0.27165012	-0.16744305	1.32630953	-0.00443740	0.31177542
0.84317626	-0.32202951	-0.08089923	1.49514497	0.26401491	0.28388456
0.83497487	-0.24584817	-0.06829051	1.70614969	0.28550588	0.33443765
0.72768750	-0.14566319	-0.04207436	1.10099114	0.04247858	-0.09164761
