0.89059561	-0.48557715	-0.30531179	0.31679340	-0.54104103	-1.29487867
0.93511616	-0.38317327	-0.22859157	0.70601505	-0.27480557	-1.18451839
0.57087353	-0.39100018	-0.36404348	0.85856778	0.24507522	-1.27963244
0.75537201	-0.19667160	-0.38768745	0.51549989	-0.13294571	-0.73455185
0.78043970	-0.35456677	-0.34581199	0.53808371	-0.14574736	-0.60782184
0.67288679	-0.20086570	-0.28815781	0.41463709	-0.28205213	-0.50955507
0.77411829	-0.14698942	-0.31452895	0.46498108	-0.18395846	-0.62117890
0.61139173	-0.30268093	-0.29153260	0.47622956	-0.36044494	-0.85557190
0.80039097	-0.19858729	-0.19663700	0.38872107	0.05374245	-0.96205352
0.80483144	-0.20349187	-0.22024746	0.69964944	-0.11295057	-0.91218860
0.70350133	0.01124807	-0.29532360	0.44825975	-0.96699645	-0.74230829
0.89642294	0.01621303	-0.28766675	0.05951554	-0.24676953	-0.78193515
1.02666921	-0.04899098	-0.18555871	0.40248692	-0.25241118	-0.46481060
0.95450156	-0.10835687	-0.19599072	0.28866767	-0.55429221	-0.41621683
1.01829704	-0.02439504	-0.27409167	-0.00100815	-0.41208018	-0.17360253
0.92652211	-0.03389033	-0.23968419	-0.15751786	-0.32953500	-0.05029658
1.20371311	-0.09783415	-0.17471765	-0.54507943	-0.41417670	-0.16006320
0.80502528	-0.11260144	-0.01233896	-0.36635250	-0.03088372	-0.30125864
1.04003783	-0.40199763	-0.10058318	-0.09467849	-0.21010015	-0.16550104
1.03062018	-0.28103221	-0.18881612	-0.41351278	0.09761964	-0.50197364
1.16095328	-0.33040553	-0.23718786	0.51528735	-0.20496057	-0.03921342
1.27151823	-0.16736715	-0.31167158	0.45745663	-0.66090106	-0.03293466
1.44545369	-0.29952105	-0.41576262	0.67818085	0.17193744	0.01839631
1.67269336	-0.47402162	-0.44992204	0.86457343	0.51008355	-0.57070777
1.70179623	-0.43856374	-0.58839420	0.51165425	-0.01807578	-0.24412027
1.65146977	-0.35105691	-0.54829525	0.41743416	-0.04702327	-0.39862775
1.08845373	-0.39277906	-0.47964275	0.30056789	-0.19880062	0.01721880
0.88913720	-0.42332562	-0.60640104	0.53261341	-0.13820477	0.40267514
1.03199141	-0.44427329	-0.43548788	0.47359460	0.70387336	0.46850716
1.14488881	-0.39896237	-0.58767902	0.56843714	1.34100073	0.68243321
1.17348937	-0.43068941	-0.53913558	0.48626634	0.88243741	0.60257356
0.99459987	-0.23507334	-0.30710012	0.71515164	0.33178789	0.27729223
0.90168774	-0.16669504	-0.29996862	0.36456658	0.29810478	0.24052358
0.82098191	-0.19522248	-0.27476850	-0.06932383	-0.20471518	0.37416593
0.67708358	-0.22688084	-0.27870250	0.23938300	-0.06988435	0.30542449
0.75588835	-0.30299675	-0.25788787	0.35730104	0.13441497	0.35550209
0.71010229	-0.40245037	-0.30605454	0.71774228	0.34591959	0.74366390
0.78544556	-0.37962082	-0.17611425	0.69918901	0.38527599	0.38382097
0.72450097	-0.48076074	-0.21410065	0.64123475	0.55179858	0.41601738
0.70747143	-0.29967443	-0.21235867	0.60268894	0.13925917	0.53103751
0.78203524	-0.21927411	-0.18289866	0.31612048	0.10805408	0.57000324
0.79225962	-0.17756991	-0.23045130	0.23505711	-0.11698743	0.44107346
0.79304455	-0.10162400	-0.09960807	0.23999175	0.06927268	0.31851786
0.66270198	-0.43181800	-0.17738079	0.21761421	-0.13968397	0.12186270
0.63122529	-0.33000466	-0.16279619	0.23961447	-0.45501708	0.96806378
0.64332153	-0.46097512	-0.13041137	-0.18724152	0.01664594	0.36101682
0.95120046	-0.42252627	-0.14045896	-0.12691113	-0.23954259	0.44637227
0.89986410	-0.35525723	-0.13740501	0.06284139	0.01324382	0.10458460
0.89841310	-0.41960412	-0.12690860	0.18286562	0.29250128	0.02812088
0.94832162	-0.38789961	-0.13493787	0.08165154	0.42183382	0.09356064
0.98944990	-0.38497316	-0.00215211	0.10320300	0.39387981	-0.11005551
1.03801419	-0.47587172	-0.08611361	0.23006343	0.47515334	0.25061165
1.04040548	-0.42067329	-0.20973143	0.54285694	0.35227753	-0.03263835
1.01361350	-0.26842204	-0.03385529	-0.07873722	0.06424951	-0.32901597
1.27998433	-0.16102527	-0.28855316	-0.50320078	-0.12427978	-0.06184315
1.55787953	-0.63717372	-0.34369441	-0.09446549	-0.25511704	0.38610489
1.42350917	-0.89002878	-0.22397679	0.26988671	-0.50065069	0.59306549
1.50595975	-1.02357073	-0.34054421	0.41102155	0.01046986	-0.03973314
1.45173976	-0.58386648	-0.31001947	0.36684978	-0.35891345	0.13373594
0.91133752	-0.49549392	-0.10618798	0.41244226	-0.58329736	-0.18886771
0.81854604	-0.38036523	-0.19641823	0.25633490	-0.16451583	-0.82674036
0.82329660	-0.14782748	-0.33581907	0.12609436	-0.44948532	-0.27670017
0.99119519	-0.11681345	-0.34476014	-0.81261775	-0.38534129	-0.31273407
0.94435719	-0.08944730	-0.28374545	-0.66317673	-0.47821899	-0.55844825
0.82774172	-0.28154544	-0.27442126	-0.42934471	-0.82275984	-0.54733549
0.97412621	-0.49914102	-0.17574496	-0.05641241	-0.47786557	-0.76774452
0.90704441	-0.46607313	-0.13131074	-0.03678272	-0.12496781	-0.51359945
0.65276629	-0.36018730	-0.16310982	-0.03328145	-0.38165184	-0.43132433
0.55345280	-0.13207239	-0.38062874	-0.42521786	-0.28327698	-0.21675229
0.71897681	-0.07737382	-0.28377461	-0.50595526	-0.44266532	-0.47472435
0.72399412	-0.07464059	-0.21565093	-0.66663319	-0.24252361	-0.52108128
0.66822177	-0.12721480	-0.29470327	-0.65462110	0.00267387	-0.46716090
0.71307817	-0.12044644	-0.30020809	-0.50141083	0.20258984	-0.18084977
0.71909813	-0.33859393	-0.30675296	-0.37296685	0.07752303	-0.29725248
0.62664748	-0.09173685	-0.19721062	-0.16676003	-0.27129690	-0.35603368
0.78220162	-0.23586112	-0.25909932	-0.25270250	-0.29121742	0.01142136
0.85151551	-0.25465704	-0.43900731	-0.31234287	-0.39566124	-0.10457325
1.07095423	-0.25233692	-0.25779902	-0.34566365	0.68754046	-0.02546518
1.00797000	-0.25248572	-0.26766387	-0.08063763	-0.45412878	-0.24855253
1.03543883	-0.20193426	-0.31625644	-0.15847477	-0.41938195	0.07255934
0.94167528	-0.21361788	-0.23660599	-0.26277284	-0.28902971	0.61283351
0.99779788	-0.09417432	-0.27904090	-0.27424018	-0.20639433	-0.15213172
1.02690385	-0.18752661	-0.36839101	-0.60821535	-0.59443327	0.24212324
1.02722475	-0.22812217	-0.25687933	0.01273809	-0.70739726	0.10610649
1.23960747	-0.24109313	-0.27946129	-0.07880002	0.02732657	0.16930017
1.13028688	-0.38879092	-0.29995733	-0.01183620	-0.42766035	-0.30879414
1.29858612	-0.47316049	-0.38068007	0.29042181	-0.29722961	-0.10954553
1.49590485	-0.47098241	-0.41964004	0.25145345	-0.11928556	-0.22899081
1.49535384	-0.41805021	-0.61889834	0.54667617	0.08577773	0.02381487
1.48482345	-0.45061622	-0.45637819	0.60328362	-0.02724429	-0.06999686
1.05736022	-0.38238807	-0.50372373	0.41834311	-0.35888242	0.01495229
0.89235716	-0.48057031	-0.51097850	0.35026051	0.30686805	0.83802907
1.03654134	-0.47948404	-0.55429578	0.44817256	0.68757806	1.06397200
0.93428101	-0.34996831	-0.53698530	0.41303558	0.80643679	0.60125129
1.14509273	-0.31585760	-0.38295354	0.32068320	0.84462769	0.44839472
0.94582264	-0.22183032	-0.22568741	0.40642076	0.89723095	0.49231306
0.97488589	-0.29732627	-0.26080720	0.16134603	0.64887065	0.32945455
0.86770217	-0.38166220	-0.18598951	0.11251968	0.51452634	0.32382412
0.96517823	-0.29172355	-0.17434528	0.75107050	0.92419393	0.27774713
0.80762805	-0.33568314	-0.20031925	0.63434620	0.52537807	0.21405229
0.70718663	-0.41603498	-0.33909849	1.00059917	0.33426050	0.14558312
0.66132025	-0.33615134	-0.11238113	1.00007124	0.34682267	0.20654386
0.74017836	-0.41651067	-0.07543109	0.86794379	0.53783429	0.31968379
0.68967522	-0.34130480	-0.10683096	0.88455915	0.11679363	0.39314031
0.57944381	-0.06501224	-0.14608936	0.62174136	-0.09773392	0.45283271
0.55722384	-0.25834966	-0.12275664	0.61239768	-0.06724682	0.35734837
0.66258167	-0.25736037	-0.06186437	0.34033194	-0.04524163	0.36948135
0.71155445	-0.03421980	-0.12759972	0.21705263	-0.00990275	0.18946636
0.53493531	-0.24825814	-0.09398104	-0.10731852	-0.23981532	-0.07624303
0.89738041	-0.20126953	-0.11379175	0.05123169	-0.41285955	0.41132580
0.90088483	-0.65136580	-0.21852333	0.20404586	0.34130956	0.28813739
0.84198676	-0.45788725	-0.09439915	0.23603619	0.09261312	0.39495318
0.82005757	-0.56341471	-0.19802864	0.43482991	0.00206179	-0.16818893
0.83542081	-0.25110664	-0.15072078	0.32869979	-0.37446650	-0.08915592
0.84166510	-0.43226162	-0.06174379	-0.10879869	-0.20968871	0.20271015
0.95439412	-0.59237450	-0.16916091	0.22475889	0.24068739	-0.07648553
1.01075045	-0.33099094	-0.11887093	0.37063997	0.09776275	-0.00941537
1.22824691	-0.42407738	-0.10853914	-0.00713279	0.18852919	0.17426472
1.49651149	-0.31075727	-0.02134925	-0.38584010	0.37271700	-0.45957225
1.30360778	-0.66972210	-0.27055027	-0.56509179	0.66121377	-0.14212130
1.54425654	-0.76553592	-0.27856010	-0.14256376	0.26007119	0.27080824
1.50384940	-0.72189674	-0.23086801	-0.35708618	-0.73799148	0.02217768
1.26208012	-0.78931756	-0.29868835	-0.16341532	-0.45262335	0.06906737
1.02190579	-0.47702144	-0.19994506	0.12107404	-0.18516815	-0.12960017
0.99691281	-0.68058934	-0.25758470	-0.16612330	-0.70305464	-0.32111716
0.58360218	-0.41967058	-0.26763050	-0.47309411	-0.70370459	-0.55834388
0.66629569	-0.63400642	-0.24573547	-0.67356394	-0.71283048	0.01531463
0.76345728	-0.38634867	-0.27109608	-0.71463048	-0.98289497	-0.45101584
