0.70541331	-0.51796169	-0.28629816	-0.58393579	-0.20175648	-0.59067315
0.80399824	-0.36138993	-0.29464627	-0.00244218	-0.25806148	-0.63172802
0.88084000	-0.49998572	-0.05544960	0.59498865	-0.39620406	-0.73317556
0.85975865	-0.40473773	-0.16342696	0.61586959	0.15168868	-0.88755949
0.80399243	-0.18256747	-0.23802718	0.35713581	-0.08643492	-0.69516581
0.83736799	-0.10562891	-0.39015881	0.49555256	-0.18178398	-0.97738023
0.78290692	-0.03266040	-0.19598560	-0.52024033	0.29107134	-0.78314125
0.46507446	0.05625401	-0.25387839	-0.14126717	-0.09606248	-0.52124779
0.50286673	0.01802438	-0.26523515	-0.49522145	-0.15984151	-0.64961576
0.66358510	-0.26237366	-0.25883120	-0.70909190	-0.43244700	-0.39452731
0.83019840	-0.27744609	-0.28009703	-0.80015207	-0.29983528	-0.03142195
0.89497060	-0.34428193	-0.23014380	-0.46645535	-0.44640686	-0.31744881
0.73903877	-0.33380635	-0.29251230	0.25584019	-0.06074989	-0.20700029
0.90199275	-0.27102549	-0.29939808	0.07994098	0.11890320	-0.15722782
0.85561007	-0.16348291	-0.26721528	-0.05617870	0.06330953	-0.25624894
1.01646175	-0.22824715	-0.28899915	-0.19645918	-0.44117166	-0.02751026
0.91531212	-0.04473048	-0.16160413	-0.13068661	-0.42048875	-0.29645541
0.97412749	-0.00737722	-0.25421070	-0.63509029	-0.22972158	0.19141491
1.03306720	-0.30729976	-0.33213772	-0.70217253	-0.28700288	0.15756770
1.07302467	-0.07582033	-0.24371823	-0.60693119	-0.23036495	0.15571755
0.85511454	-0.12851486	-0.23533754	-0.34024296	-0.07215586	-0.03582780
0.95465717	-0.27000750	-0.08134870	-0.72201530	-0.08399658	0.09761028
1.00350453	-0.25644457	-0.26345426	-0.18331351	-0.28142511	0.08167742
1.37784587	-0.15726787	-0.13232212	-0.11929589	-0.16461578	-0.11505877
1.24584539	-0.40853243	-0.29442631	0.36364759	-0.08946491	-0.11171224
1.27445896	-0.32735770	-0.44560524	0.47456539	-0.30691367	-0.22835330
1.39207173	-0.29594107	-0.62510682	0.27931763	-0.15874009	-0.30380738
1.40148521	-0.36841443	-0.54787343	0.20623781	-0.13921741	-0.12965385
1.53143374	-0.33869880	-0.41676083	0.76186039	-0.29637326	-0.10407775
1.33958134	-0.28594609	-0.48263863	0.30972201	0.31384139	0.28330699
1.10922085	-0.28758132	-0.48031564	0.04991498	0.26380595	0.53575573
1.18869844	-0.12776388	-0.50828148	0.10674383	1.00943175	0.58118764
0.97138342	-0.27935424	-0.51890569	-0.16386742	1.47659047	0.40151058
1.17668416	-0.34988607	-0.41463745	-0.13692631	0.68038794	0.54176825
1.10612296	-0.25952207	-0.21733909	-0.46893588	0.66832122	0.53958483
0.93612654	-0.21031437	-0.20141006	-0.39202200	0.41685246	0.48354158
0.79480743	-0.31435573	-0.24306352	-0.44281640	0.23338523	0.50048784
0.62359130	-0.35284997	-0.28103129	-0.12272724	0.11964203	0.43557349
0.95391614	-0.49380066	-0.28226991	0.36324812	0.30134077	0.60361487
0.78916171	-0.34938195	-0.20573411	0.38480531	0.51171627	0.18909223
0.84496164	-0.46803207	-0.21058234	1.19164633	1.08051116	0.50288910
0.97303796	-0.32055293	-0.34317393	1.03229819	0.19961390	-0.17608050
0.86258205	-0.33968791	-0.25568171	0.59704325	0.33866190	0.01118143
0.72576381	-0.35374476	-0.22794806	0.83789946	0.26238737	0.18363885
0.65229042	-0.37901286	-0.19636921	0.84942175	-0.08061750	0.26006561
0.82032993	-0.16504299	-0.16414585	0.90654999	0.19798794	0.12094784
0.67528521	-0.23586128	-0.20400068	0.91557512	0.12426695	0.46349940
0.77046497	-0.20044617	-0.04376750	0.88707235	0.02307801	-0.13081425
0.60189546	-0.23568431	-0.12681401	-0.14896637	-0.15184605	0.31795137
0.54608232	-0.21545865	0.08754922	-0.16917572	-0.19149322	0.34734040
0.88449140	-0.29627499	-0.09317149	0.21162217	-0.14918264	0.32588374
0.79537116	-0.47835841	-0.06461500	0.18949335	0.05714210	0.31672644
0.77021879	-0.46124555	-0.17262447	-0.14737880	0.00081109	-0.04476574
0.71268415	-0.40238618	-0.05280062	0.49886068	0.03847715	-0.22223237
1.01870405	-0.36954243	-0.00882117	-0.08650642	0.04846587	-0.14289021
1.13749972	-0.16858275	-0.02100960	0.30361785	0.51156579	-0.07528421
1.11533372	-0.49574941	-0.06224071	0.15781652	0.40296052	-0.11878758
1.32803139	-0.40631933	0.06604985	0.32109489	0.52371592	0.06778229
1.36325491	-0.30171974	-0.10685713	0.08581231	0.20879444	-0.05535795
1.44216503	-0.25911756	-0.09775797	-0.19699477	0.49203459	0.04204060
1.47888711	-0.53969212	-0.11818365	-0.09720022	-0.51654056	0.23885254
1.69826913	-0.69804414	-0.07125964	0.47576129	-0.28550123	0.22598573
1.67487522	-0.75160523	-0.08935818	0.49309331	-0.37188547	-0.23310433
1.02930013	-0.52956426	-0.16821642	0.30773456	-0.31456140	-0.04163236
0.69426484	-0.42842564	-0.44579976	-0.51860971	-0.28274365	-0.22221693
0.54280867	-0.33968685	-0.37009946	-0.42928534	-0.03853078	-0.03851452
0.93573932	-0.52188504	-0.28095427	-0.46795091	-0.35331138	-0.39756539
0.86885286	-0.59019227	-0.20174805	-0.51768796	-0.33921907	-0.47989691
0.82394304	-0.46089348	-0.25484868	0.01714660	-0.29401393	-0.58035190
0.92365162	-0.43167419	-0.39920419	-0.03538392	-0.42861875	-0.60771035
0.98068976	-0.35122251	-0.22828601	-0.22530932	-0.00546724	-0.49294099
0.87696006	-0.19549750	-0.15567265	-0.02973096	0.09625072	-0.50228652
0.70871189	-0.34349430	-0.21492131	-0.25960333	-0.42648395	-0.48747894
0.88266000	-0.28723897	-0.29552103	0.03458738	-0.13187613	-0.37449603
0.80312780	-0.13518168	-0.22670426	-0.36558468	-0.20945746	-0.36128793
0.68175229	-0.10598508	-0.30756041	-0.47107716	-0.11278264	-0.28544900
0.69149390	-0.18062402	-0.12553418	-0.32681679	-0.27224871	-0.33990419
0.70032694	-0.31340104	-0.24206755	-0.46789920	-0.23395278	-0.47709948
0.80132887	-0.26652406	-0.16465387	-0.21459201	-0.29326089	-0.30463357
0.86878008	-0.19125727	-0.23331095	-0.16597699	-0.34851570	-0.56856749
0.64474393	-0.15990692	-0.22236267	0.15278917	-0.00143451	-0.17376397
0.85705590	-0.02342562	-0.20769554	0.10369698	-0.13023594	-0.32556899
0.90596592	-0.22261410	-0.37458537	-0.23012590	-0.57307340	-0.10110203
0.81349017	-0.09403085	-0.22480303	0.05348980	-0.32546261	0.10834690
0.85515021	-0.21781041	-0.24906138	0.14650704	-0.82307027	-0.26712396
1.07004789	-0.19344085	-0.26591355	-0.26252761	-0.18287916	-0.30873742
1.03857589	-0.18837912	-0.30366822	-0.10424303	-0.37961068	-0.04032966
1.08966269	-0.24363069	-0.12477795	-0.04883529	-0.11410430	-0.24882756
1.09587788	-0.30356902	-0.16629603	0.06256256	-0.30061046	-0.17967745
1.11862879	-0.17086638	-0.24837369	-0.07022841	-0.39682107	-0.26259436
1.33915750	-0.37937512	-0.26930624	0.25413608	-0.46800982	0.04981679
1.15116308	-0.39239475	-0.40983002	0.23565980	-0.58878139	-0.32437679
1.42500409	-0.20308706	-0.51319179	0.38581108	-0.29335757	-0.05112736
1.40157098	-0.28531458	-0.59594294	0.58603533	-0.20306380	-0.18476744
1.32206913	-0.36689911	-0.54281361	0.36040437	-0.19362662	0.01051345
1.20972147	-0.36071187	-0.61442954	-0.02756057	0.38067233	0.41926005
0.83089528	-0.33979749	-0.48044866	-0.35756099	0.69668571	0.79735822
0.90263016	-0.43112764	-0.42434607	-0.19332511	0.70934466	0.61742566
1.03549085	-0.32982667	-0.38891228	-0.22091945	0.23226188	0.36150579
1.00095501	-0.16819613	-0.53019149	-0.13993229	0.74545549	0.54559875
0.93990670	-0.12516427	-0.37422960	-0.28246896	0.85531970	0.38521174
0.92509439	-0.31885156	-0.23790222	-0.10739407	0.60439596	0.42111490
0.81417620	-0.26057495	-0.20565177	-0.23522450	0.63395412	0.40082176
0.84131213	-0.36796677	-0.16029624	-0.10574412	0.19697374	0.50922125
0.77862742	-0.31900848	-0.23833623	-0.05928608	0.30425459	0.22416863
0.66180252	-0.10888007	-0.22070159	-0.15976750	-0.05158035	0.55143860
0.78981933	-0.31318053	-0.33610398	-0.09448076	0.69130949	0.71263300
0.79300120	-0.19853984	-0.13960563	0.46916548	0.74166120	0.57384900
0.71190975	-0.34972236	-0.21950040	-0.11314573	0.42685321	0.30933466
0.66354941	-0.30761347	-0.15492464	0.00924774	0.41732825	0.28999587
0.34992357	-0.30165771	-0.14271783	0.32174068	0.21719659	0.47644326
0.60380735	-0.27952343	-0.03342453	-0.05326464	0.15103886	0.35139899
0.78546310	-0.34541944	-0.07446407	-0.26600966	0.19086798	0.54415391
0.72564898	-0.29301938	-0.04676508	-0.31589698	0.39991754	0.22230030
0.82985724	-0.27041998	-0.20916251	-0.33899905	0.19499441	0.11873226
0.62163030	-0.31437192	-0.22842309	-0.08187198	0.02843880	0.38751046
0.78028613	-0.17613223	-0.08515434	-0.45992253	-0.20525961	0.15996283
0.93136135	-0.45223546	-0.01214625	-0.04306526	-0.07779824	0.05387311
1.00818254	-0.46274057	-0.12662604	-0.03156153	0.52968257	0.39387132
1.12686046	-0.52298685	-0.11098102	-0.32161423	0.41933766	-0.02672408
1.17090406	-0.50580328	0.02935931	-0.16546335	0.72109185	0.31543009
1.39083406	-0.32829974	-0.06680305	-0.09156048	1.02569489	0.00590585
1.47993855	-0.42284894	-0.26041928	-0.31015006	0.57567424	0.09656337
1.42502101	-0.59039300	-0.28083434	-0.19776602	0.01451840	0.13507516
1.37450039	-0.61685928	-0.28258498	0.02507500	-0.53808787	0.44419529
1.39635124	-0.92087047	-0.30253222	0.51262841	-0.72850130	0.27882666
1.16215384	-0.69307882	-0.11270365	-0.21308430	-0.12828179	-0.11729377
0.86512986	-0.36474976	-0.19844700	-0.13064149	-0.39915769	-0.47218714
