1.09539620	-0.40264987	-0.49787406	-0.35798822	0.24316698	0.01390648
1.06342204	-0.57627308	-0.45884904	-0.23818039	0.32201265	0.34026955
0.92702310	-0.48063249	-0.41821695	0.08976444	1.02231804	0.52760588
1.12302458	-0.27101141	-0.42372538	0.34919411	0.64566658	0.22746957
0.92643812	-0.06433627	-0.18654874	0.06271338	1.18686486	0.68032652
1.14222071	-0.29831829	-0.19886379	0.42329924	1.33773270	0.82270479
0.90095757	-0.25289472	-0.51609887	0.07004199	0.91050416	0.82829668
0.65491441	-0.24114569	-0.36056585	0.08258114	0.87943408	0.45436831
1.08100967	-0.26202172	-0.14612219	-0.11434259	0.59019779	0.50235392
1.05819596	-0.41545613	-0.24888639	0.40663055	0.63537781	0.41319335
0.80916155	-0.27574560	-0.19886613	0.44319484	0.25038553	0.23231619
0.74285326	-0.28090293	-0.20568422	0.68089876	0.33515153	0.27580497
0.83138344	-0.43778555	-0.20722152	0.23464180	0.35701554	0.26552928
0.77382387	-0.22653128	-0.15031760	0.43039085	-0.04376867	0.02486565
0.63522058	-0.17907102	-0.20156410	0.63483823	0.26887428	-0.01616488
0.56507895	-0.26511317	-0.18372778	-0.23790064	0.11542901	0.17549064
0.60098211	-0.23318367	-0.12999630	-0.07566901	0.51963957	-0.11341817
0.63294100	-0.26718374	-0.12090813	-0.19502953	-0.07575973	0.07399445
0.55808848	-0.25217302	-0.13538856	-0.05621206	0.09296142	0.04663428
0.56581643	-0.31958284	-0.13799037	-0.33584146	-0.03137378	0.53967616
0.94620321	-0.35746754	-0.15412165	-0.26078780	0.06149469	0.00679984
0.98448148	-0.42596126	-0.18237989	-0.11486443	0.36068657	0.15905533
0.95866245	-0.53512971	-0.11427006	-0.01727253	-0.16445969	0.33507215
0.97001732	-0.40193600	-0.11245294	-0.70755946	0.06550430	-0.02301078
1.01520545	-0.39531280	-0.15583863	-0.15367221	0.02714743	0.02138216
1.25187007	-0.42666667	-0.11534020	0.04483894	0.33858680	0.23851583
1.31130700	-0.51158415	-0.26595827	-0.44334629	0.26867808	0.31513693
1.64026868	-0.61625583	-0.38739995	-0.05412726	-0.31882745	0.23260881
1.62807797	-0.62602723	-0.29755719	0.09560865	0.25987623	0.25501047
1.24948938	-0.41219058	-0.22861102	0.52549770	0.24434411	-0.06282753
1.13417346	-0.36341808	-0.26945062	0.02627705	0.17732657	-0.49896755
0.55286364	-0.41214455	-0.33810516	-0.44454358	-0.50362407	-0.54689593
0.78101905	-0.28481696	-0.51935135	-0.35733781	-0.48071837	-0.31230060
0.93091494	-0.39270869	-0.33547199	-0.68741738	-0.39444514	-0.43843854
1.05239962	-0.43541183	-0.14364665	-0.44547312	-0.10691244	-0.77168448
1.00326463	-0.25950635	-0.26118456	-0.54392503	-0.36350126	-0.35256252
0.97882373	-0.44872484	-0.10340438	-0.44372302	-0.11984155	-0.68247055
1.05423597	-0.35023525	-0.11410066	0.03021483	-0.17801640	-0.87197384
0.75561429	-0.12022010	-0.04723112	-0.15049946	-0.31775338	-0.40483523
1.01044063	-0.20960914	-0.30766469	-0.23616205	-0.21297022	-0.64425830
0.65361898	-0.07672243	-0.23968951	-0.65269760	-0.20550983	-0.44679328
0.59411768	-0.22585497	-0.39185250	-0.82765160	-0.71157354	-0.18926617
0.71327638	-0.07512768	-0.29563446	-1.08845181	-0.74106069	-0.62963136
0.74933016	-0.25881659	-0.30318838	-0.88489113	0.03556121	-0.31000919
0.70495667	-0.25468152	-0.20795284	-1.13668223	-0.15290806	-0.43612123
0.88917891	-0.40155308	-0.34582553	-0.47943573	-0.16435587	-0.46095925
0.91504892	-0.25817480	-0.17251705	-0.46421791	0.43244842	-0.39965979
0.72428673	-0.09573270	-0.38143317	-0.33637546	0.10082306	-0.46298293
0.83456472	-0.17182487	-0.21532011	-0.22874159	-0.12156650	-0.39613697
0.88353062	-0.12510410	-0.30686111	0.15647599	-0.17046583	-0.27507006
0.66790236	-0.08257832	-0.30294362	-0.30499926	0.06792357	-0.17512391
0.87389431	-0.07589460	-0.29806315	-0.54860285	-0.22511524	0.31936667
0.94491493	-0.15145167	-0.27565490	-0.47961130	-0.48219811	-0.06847494
1.01090597	-0.15503580	-0.27448077	-0.83783307	-0.70126916	0.07532819
1.15680749	-0.33774842	-0.26890920	-0.71371096	-0.53037921	-0.26131910
1.28644676	-0.26765760	-0.24821548	-0.55272780	-0.10649684	-0.49480541
1.30717236	-0.29928616	-0.37599538	0.16052403	-0.12458126	-0.07831560
1.22088707	-0.44716164	-0.39899802	0.03976710	-0.04181847	-0.14683192
1.36731723	-0.38580830	-0.60389420	0.34026120	0.02637937	-0.09076402
1.55875327	-0.42021115	-0.60738379	-0.05919564	-0.05358122	-0.12152296
1.27085881	-0.04271201	-0.63608571	0.00529718	0.27678264	0.09626115
1.16546500	-0.43301812	-0.60828542	0.11257330	-0.05674484	0.38155318
0.71959731	-0.49367756	-0.56238496	-0.18014246	-0.02059619	0.74486761
0.87572308	-0.47846933	-0.39783364	0.53341296	0.51214430	0.60931251
0.98956746	-0.41529985	-0.40796482	0.44727473	1.04577480	0.31771955
0.97989135	-0.27225212	-0.40210182	0.62492917	1.08644569	0.70591935
0.83389591	-0.38578911	-0.24455963	0.53703379	0.56901485	0.60488677
1.01296402	-0.22090520	-0.25473600	0.35550631	0.71920975	0.46965582
0.72055695	-0.46742418	-0.14246888	0.93479965	0.53446469	0.47019135
0.74900819	-0.39090740	-0.33136128	0.56069886	-0.07222563	0.30150449
0.79714316	-0.32715932	-0.23868452	0.73048799	0.25874164	0.41203678
0.81247441	-0.31752284	-0.17735758	1.10301910	0.83304901	0.50925700
0.76095182	-0.37844060	-0.18027774	1.59067767	0.02398321	0.31843805
0.73235971	-0.30780037	-0.07977210	1.21280781	0.08503121	-0.07451970
0.70168127	-0.28433369	-0.12436172	1.00116701	0.07698041	0.24030285
0.74749024	-0.21493403	-0.17054701	1.00848109	0.27009258	0.21530342
0.79889554	-0.19821049	-0.15983392	0.82901078	-0.02654140	0.10370914
0.59845992	-0.14328838	-0.08064534	0.79268007	-0.61606423	0.21728575
0.56248492	-0.17811512	-0.09302185	0.67548108	-0.30056023	0.36779149
0.75701591	-0.26450402	0.00942259	0.37630404	-0.54315826	0.07172477
0.72687590	-0.37235567	-0.13406684	0.20321540	-0.24151948	0.21999165
0.67920223	-0.28554915	-0.18343172	0.41740002	-0.37487452	-0.02766654
0.64787115	-0.35911367	-0.05856208	0.33844931	-0.45224482	-0.24971188
0.68116813	-0.47721189	0.06447008	0.55334860	-0.26516670	-0.16488269
0.75179011	-0.38757787	0.00410505	0.63134885	-0.28840030	-0.41085502
0.86903404	-0.37440651	-0.21378559	0.37545043	0.39901889	-0.46191783
1.13932393	-0.35482838	-0.07238066	0.60024421	0.19620870	-0.10366218
1.20603610	-0.03013730	-0.04340353	0.34414071	-0.04598738	-0.17378857
1.28911131	-0.02440693	-0.04712193	0.42257718	0.35625594	-0.06763565
1.41397845	-0.40181039	-0.03369210	-0.58478476	-0.40572629	-0.21121098
1.46290746	-0.41542662	-0.20336951	-0.32916598	-1.07345675	-0.20188560
1.57840207	-0.83823681	-0.17933781	-0.22561905	-1.02684065	-0.04199193
1.74582121	-0.84403403	-0.24525140	0.31662329	-0.54033648	0.05447461
1.51416513	-0.75433932	-0.23384557	0.38867961	-0.36908411	-0.19885517
0.99779157	-0.70678962	-0.23583001	0.77354312	-0.04904754	-0.40478770
0.53340051	-0.59606068	-0.14539466	0.37320536	-0.53638882	-0.17225182
0.81800030	-0.50585233	-0.34660396	1.00178185	-0.53146476	-0.33305652
0.87354153	-0.62719763	-0.37490769	0.72550033	-0.53172433	-0.56480872
0.64447561	-0.51608669	-0.35183006	0.28873612	-0.41098075	-0.79777141
0.73337202	-0.35496285	-0.32202451	-0.00958739	-0.44128729	-0.78554351
0.80337312	-0.27669048	-0.36342971	0.24473107	-0.03495054	-0.92287264
0.67837920	-0.33465785	-0.19763452	0.34063093	0.10531062	-0.81900785
0.89988605	-0.40731328	-0.19464183	0.57919143	-0.36694912	-0.90118674
0.78190991	-0.38852715	-0.12491628	0.82592151	0.03338652	-0.58406281
0.85469917	-0.18535111	-0.24094699	0.49265460	-0.00485990	-0.79872582
0.80180014	-0.23107255	-0.22080732	0.39323630	-0.55066382	-0.53881713
0.91215710	-0.12479070	-0.22124576	-0.00952742	0.03193076	-0.70561682
0.73300523	-0.22053446	-0.30346465	-0.03647998	-0.36582844	-0.20024750
0.65818182	-0.29653229	-0.29668800	-0.27204435	-0.00612975	-0.26391582
0.80784942	-0.13406375	-0.17994426	0.01059019	-0.20450806	-0.65437782
0.95210895	-0.25917608	-0.20442269	0.00915160	0.09481197	-0.43529486
0.62832749	-0.25455400	-0.13775458	0.59776866	0.07298497	-0.54994642
0.83884164	-0.25758903	-0.07319734	0.20099110	-0.00340931	-0.29242522
0.70074210	-0.07377549	-0.19585984	0.30376403	-0.51411008	-0.24452444
0.82979534	-0.01059973	-0.22462077	0.04781635	-0.41099627	-0.24620983
0.77867205	-0.08806708	-0.17375884	0.47105088	-0.15670878	-0.54612205
0.91644508	-0.06680534	-0.19162609	-0.01929928	-0.59896910	-0.17612602
1.01466861	-0.01606963	-0.15288207	-0.21607882	-0.10713304	-0.31077067
0.90925891	-0.11378061	-0.18186387	0.09944401	-0.26657645	-0.18938375
1.25272757	-0.14668824	-0.15564978	-0.07983108	-0.52213564	-0.07981075
1.11370310	-0.15401452	-0.08522436	-0.03273761	-0.42644973	0.14580073
1.22692823	-0.33983215	-0.12772646	-0.26893797	-0.10539564	-0.31910715
1.27401836	-0.39604139	-0.08000338	0.20110298	-0.41862243	0.09840642
1.39157600	-0.53264488	-0.19967433	0.32708050	-0.15695253	0.01839071
1.43201705	-0.28532085	-0.35474606	0.47726845	-0.04138688	-0.52201584
1.65071615	-0.19417633	-0.48301296	-0.04133010	0.29995004	-0.48301527
1.77682064	0.03001574	-0.45049174	-0.11514870	-0.08405974	-0.18220422
1.56738530	-0.13752960	-0.45174217	-0.33003652	-0.91058661	0.14558880
