1.15256836	-0.20637611	-0.58340202	-0.18061232	-1.00370644	0.39789878
1.03872482	-0.35659959	-0.68870428	-0.20048167	-0.31272193	0.45181666
1.20437753	-0.46656984	-0.66034657	0.04064413	1.45893988	0.89775023
1.15380475	-0.43805680	-0.48972506	0.35439996	1.29402625	0.27249643
0.96757491	-0.40154716	-0.27434236	0.38419228	1.15424114	0.33042962
0.72661012	-0.31605734	-0.30456519	0.64302034	0.75411208	0.32751874
0.58123745	-0.19818244	-0.32617387	0.38589073	0.64832663	0.23222261
0.93886769	-0.25454193	-0.25754985	0.32224322	0.15264787	0.31397604
0.84045450	-0.32906278	-0.09145562	0.77068103	0.99443080	0.49573842
1.00654581	-0.29335692	-0.22395025	0.76880804	0.42482582	0.69880583
0.79400828	-0.26819737	-0.25300103	1.04754186	0.37994689	0.47409510
0.61070903	-0.28051944	-0.25668664	0.51349176	0.68476056	0.38886881
0.59934379	-0.21691078	-0.20060213	0.80201427	0.40673052	0.22441627
0.71440921	-0.15203363	-0.21832088	0.49264695	0.46275376	0.07351116
0.62229829	-0.21282105	-0.06191524	0.59151191	0.65709145	0.27387308
0.33875990	-0.22603187	-0.18460745	0.04037352	0.08528629	0.04014887
0.62184297	-0.42531027	0.01849526	0.00098566	0.21977824	0.33331208
0.60178425	-0.34254312	-0.03361173	0.10402963	0.41792477	0.03674996
0.46170916	-0.27643891	-0.01902064	0.41703571	-0.13860407	-0.08879821
0.82693414	-0.42985306	-0.14796814	-0.15788147	-0.53440828	0.24861820
0.69505695	-0.51819055	-0.09773410	0.12208927	-0.39649232	0.38392003
0.92009395	-0.44439601	-0.11775718	0.54890508	0.05080851	0.03268179
0.95639454	-0.38086220	-0.19459401	0.49621529	0.50411649	0.13130779
0.95855234	-0.37695627	-0.28107226	0.49126341	-0.25075336	0.23077864
1.08646848	-0.36855659	-0.14029271	-0.02301219	-0.21175305	0.68503988
1.31497282	-0.29924168	-0.23312847	0.04331068	0.19923361	0.47843575
1.61666923	-0.41356441	-0.19373237	0.42122641	0.47751122	0.48781136
1.41862311	-0.65198731	-0.35735984	0.09215232	-0.21693985	0.41163945
1.57317252	-0.75520523	-0.32845826	0.09652034	-0.94912117	-0.05818218
1.32525628	-0.61499482	-0.17975218	0.23748781	-0.74392735	0.06034054
0.90847250	-0.41134844	-0.34230033	0.38502493	-1.14063746	-0.26834020
0.70919717	-0.33306108	-0.34056080	0.28772639	-0.61679313	0.27904038
0.76645556	-0.33503635	-0.42393793	-0.42781330	-0.91814720	0.15703993
0.84577941	-0.42172778	-0.22330426	-0.41092929	-0.21783815	-0.13927760
0.84900571	-0.44874147	-0.21108562	-0.52049057	-0.60367322	-0.39399820
0.82641570	-0.37666864	-0.28242557	-0.33962039	-0.78867924	-0.51574547
0.99026307	-0.37463620	-0.24655704	-0.13482012	-0.57885069	-0.45722948
0.72543610	-0.44896259	-0.20592328	0.02592552	-0.84731292	-0.77410698
0.86257374	-0.29824774	-0.07915088	0.02341562	-0.33821907	-0.77373804
0.92174780	-0.17535426	-0.15237063	-0.17868499	-0.23393942	-0.78095705
0.74247024	-0.17975482	-0.18758765	-0.43625208	0.12209477	-0.72607643
0.59055570	-0.21649915	-0.40637698	-0.31938457	-0.26303049	-0.92000134
0.69269835	-0.08251982	-0.24695401	-0.61515913	-0.04108499	-0.55190367
0.60701693	-0.18426899	-0.31140266	-0.50121198	-0.18307697	-0.89083967
0.85009351	-0.11167428	-0.26242369	-0.21405442	0.12756263	-0.95241609
0.82720572	-0.17951452	-0.23348342	-0.49635453	0.35195877	-1.25943488
0.89822869	-0.14868087	-0.32994260	-0.16753743	0.25037950	-0.81849670
0.79960802	-0.10295092	-0.28171159	-0.02201804	-0.28532752	-0.87706304
0.72575317	-0.17975043	-0.35298407	0.04439849	-0.48529894	-0.62354097
0.73700931	-0.00859473	-0.32983260	-0.35864983	-0.43449995	-0.26274416
0.80969307	-0.11593267	-0.34978587	0.17347056	-0.73567762	-0.38131013
0.88881267	-0.16653722	-0.36563799	0.28712160	-0.49786714	-0.27980485
1.06607570	-0.05164489	-0.26039053	0.32247469	-0.07997588	-0.24681377
1.13193974	-0.15097162	-0.30941067	-0.07986193	0.17953393	0.10396126
1.14511517	0.06831637	-0.32596437	0.19389964	0.33419241	-0.11793602
1.11546241	-0.02426798	-0.20442997	-0.38943954	-0.17423597	0.09705893
0.99465768	-0.18714415	-0.28973974	-0.29822639	-0.60753432	-0.04281977
1.15740278	-0.20128820	-0.34583115	-0.21971500	-0.96325121	0.23046297
1.08418514	-0.30777219	-0.36583694	-0.01712791	-0.88890134	0.35831620
1.52473340	-0.41583368	-0.56951475	0.08672851	-0.90764809	0.67826765
1.79653698	-0.31555877	-0.83362961	-0.02042836	-0.25521486	-0.06117185
1.44180383	-0.57851176	-0.70871549	0.20341207	0.25985097	0.55788455
1.03062517	-0.36421579	-0.49447807	0.65138858	0.50417714	0.70528799
0.82218376	-0.34901297	-0.56977954	0.81999374	0.38356479	0.63920281
0.79765326	-0.34499416	-0.52143363	0.81729374	1.03501296	0.31725068
1.02546810	-0.31605635	-0.45797047	0.67413493	1.58974513	0.64167161
0.99660759	-0.32621272	-0.33363523	0.93592911	0.82581364	0.33514547
1.02982795	-0.27475095	-0.31275547	1.01986284	1.45176725	0.43734575
0.97211775	-0.18999912	-0.27989583	0.83173898	1.13146947	0.36513779
0.74844833	-0.17451983	-0.18992613	0.24176696	0.43089277	0.70940425
0.85528882	-0.14333731	-0.33795074	0.14498669	0.26218068	0.46054222
0.91251621	-0.21671278	-0.12189480	0.02881349	0.53740001	0.36512554
0.69866531	-0.22166736	-0.17607044	0.10337152	0.28323404	0.46467699
0.71093128	-0.35604996	-0.23574850	0.39747166	0.06943576	-0.11892157
0.84661657	-0.34954462	-0.25416067	0.18012819	0.16035600	0.35033701
0.50221919	-0.27350141	-0.13573160	0.14596230	0.34126637	0.53403438
0.68276385	-0.34228509	-0.17842356	0.19409463	0.39800333	0.39085898
0.69553342	-0.33012864	-0.13948623	0.27951652	0.31330069	-0.00243848
0.86717419	-0.41953114	-0.14687282	-0.00900697	-0.07614020	0.01880441
0.73934887	-0.35551803	-0.14698545	0.43221971	-0.05205057	0.39041003
0.45719672	-0.38512662	-0.18826975	0.17205329	-0.02312759	0.15169991
0.89304158	-0.51246328	-0.18179841	0.05222756	-0.15874621	0.63812316
0.92828783	-0.40879829	-0.09782294	0.42095747	-0.49044367	0.37244791
0.96928509	-0.42468710	-0.09544921	-0.04945205	0.41439749	0.34439007
0.85151325	-0.22388344	-0.12863482	0.12825743	0.85360875	0.17058841
0.68589576	-0.33164236	-0.07215273	-0.31334770	0.02637168	0.21048881
0.89159465	-0.54643850	-0.18630006	0.16536589	0.57777748	0.01556844
1.18048388	-0.41530554	-0.02011373	-0.27202449	0.36477918	0.07413429
1.12019789	-0.30925538	-0.17863204	0.08981135	0.48586330	-0.06036970
1.10618490	-0.29872215	-0.04292872	0.10491446	0.73917210	0.17582117
1.09895811	-0.41913006	-0.24647424	-0.57618997	0.82130960	0.10682949
1.46903870	-0.71580555	-0.27849554	-0.37111227	0.29501227	-0.00964259
1.28221075	-0.69761430	-0.30197010	-0.24925003	-1.13966726	0.36328524
1.31323629	-0.71885326	-0.20836674	0.23504065	-0.79463859	0.13801580
1.03707605	-0.53664850	-0.13621922	0.56747174	-0.69330190	-0.10967894
0.84649260	-0.64681926	-0.31905699	0.39950020	-0.55907195	-0.11150668
0.61855140	-0.40883514	-0.40594085	-0.30669793	-0.65393302	-0.26067399
0.57885509	-0.29188074	-0.25730629	-0.42124908	-0.43581298	-0.51468393
0.68580927	-0.41098591	-0.23258709	-0.44122511	-0.02192395	-0.16479242
0.95613285	-0.42980533	-0.39514248	-0.58636960	-0.71370766	-0.50365374
1.00409631	-0.34514358	-0.34560938	-0.09914962	-0.16011634	-0.99747372
0.86717659	-0.35241666	-0.28137491	0.17771809	-0.26400211	-0.81104643
1.02884285	-0.60282077	-0.20162079	0.32143955	0.40848935	-1.05102198
0.84842582	-0.39204663	-0.19479101	0.29668066	0.09708619	-0.54756255
0.64796336	-0.32490092	-0.11196826	0.49028482	-0.23260510	-0.63692048
0.63309964	-0.17685292	-0.33546612	0.27941558	-0.34289618	-0.40453451
0.88529431	-0.07319643	-0.33347503	-0.17513411	-0.27130076	-0.78512586
0.82622636	0.01042316	-0.20881776	-0.33147829	0.25989622	-0.36726043
0.61133400	-0.17481024	-0.23276431	-0.65754739	-0.36429737	-0.63703402
0.71219737	-0.19144283	-0.37107950	-0.29529848	-0.17747848	-0.38541545
0.72295110	-0.34171511	-0.16713130	-0.17637523	-0.62730505	-0.28937778
0.82095324	-0.08802172	-0.28451370	-0.26058946	-0.26450916	-0.17650947
1.03944736	-0.24350149	-0.26209715	-0.08324827	0.21080964	-0.53477948
0.80722814	-0.11285629	-0.31192904	-0.28978836	-0.27944836	-0.27684196
0.63717642	-0.13919521	-0.19559277	-0.38870209	-0.26881949	-0.18096988
0.88670822	-0.24280363	-0.26167442	-0.14137103	-0.59620683	-0.16847753
1.03559068	-0.09186840	-0.29285701	-0.10386109	-0.14258842	-0.12718785
1.05202127	-0.13214914	-0.21126135	-0.52077543	-0.25782369	0.24008830
1.01934204	-0.20274044	-0.30101307	-0.22605406	-0.31203237	-0.09856638
1.09167827	-0.24268681	-0.30171898	-0.20811619	-0.17985580	0.04538744
1.08352040	-0.36679386	-0.32102828	-0.17948039	-0.33953140	0.11538229
1.14478046	-0.42528093	-0.24882018	0.17606168	0.33824170	-0.13905617
1.16958993	-0.32175800	-0.19136181	0.58510744	0.30548922	-0.26080754
1.35522150	-0.14666575	-0.23677192	0.38842124	0.48752967	-0.12927332
1.66758654	-0.36695185	-0.41863954	0.36812033	-0.01997292	-0.32339224
1.32902546	-0.15315503	-0.51168086	0.40830493	-0.14438305	-0.36787776
1.27739622	-0.25085495	-0.50305594	-0.10825124	-0.07506882	0.14729857
1.15484034	-0.35175302	-0.38120729	0.28685705	-0.16090470	0.43227394
