1.01283323	-0.24576226	-0.07888918	0.25475682	-0.11809610	0.00133141
1.01587930	-0.24347822	-0.08222627	0.22096144	-0.10849902	-0.01633857
1.00301736	-0.24732385	-0.08421931	0.17739585	-0.10328809	-0.03014755
0.99439166	-0.25300717	-0.08809191	0.31892368	-0.09172177	-0.02033555
0.99234215	-0.25039025	-0.07680143	0.21189925	-0.05872901	-0.01846161
0.99992217	-0.26212381	-0.06719300	0.35841265	-0.03325916	-0.01785691
1.01861339	-0.24390929	-0.06500099	0.17454134	-0.02018807	-0.01967717
1.02492246	-0.25048633	-0.06973163	0.29450798	-0.01614898	-0.04755549
1.01369433	-0.22831835	-0.07091353	0.28609442	-0.02312391	-0.04481610
0.99843396	-0.22990459	-0.07019879	0.22859903	-0.02317902	-0.03122189
1.00029193	-0.22724432	-0.05776282	0.21925558	-0.02476845	-0.02940169
0.99712473	-0.23482671	-0.05325312	0.11963409	-0.03603553	-0.02299016
1.00535513	-0.22797778	-0.05698745	0.24171864	-0.04479334	-0.02170488
1.00584568	-0.22151181	-0.04874680	0.09721044	0.00538628	-0.02798298
1.01539551	-0.22765084	-0.05302445	-0.01980064	-0.05927875	-0.01599782
1.01443080	-0.22260709	-0.05927887	0.04005905	-0.00584652	-0.01864412
1.00873920	-0.22996808	-0.05593254	-0.07442893	0.02129860	-0.00461251
1.01049489	-0.23355608	-0.06392561	0.04132214	-0.00524590	-0.00704424
1.00981093	-0.22734148	-0.06281713	-0.02310832	-0.01662080	-0.00910940
1.01572109	-0.23528662	-0.06519179	-0.08832976	-0.01896184	-0.01401845
1.00230682	-0.23848434	-0.06532826	-0.02962529	0.04428321	0.00056540
1.00938324	-0.23013342	-0.07359616	-0.09665540	0.00653192	0.00812796
1.01683421	-0.22551467	-0.07343380	-0.07654575	0.02154895	0.00112553
1.00950649	-0.23697380	-0.07763059	-0.04838601	0.01161808	0.01084888
1.01828782	-0.24859409	-0.06245867	-0.09152790	0.02085793	-0.00138399
1.01003136	-0.25079057	-0.06292446	-0.01416001	0.02323067	-0.01283484
1.00098148	-0.24606984	-0.06065369	-0.13096871	0.02578911	-0.00751106
1.00884648	-0.23462731	-0.07187527	0.01232330	0.02816342	-0.03289796
1.00965027	-0.23175555	-0.07812028	-0.12462696	-0.00050273	-0.04506531
1.01387190	-0.22204297	-0.07143843	-0.09664947	0.05003559	-0.02695644
1.01019297	-0.23180022	-0.06315156	-0.17825370	0.04271038	-0.00653889
1.01235705	-0.21677393	-0.06391263	-0.20468989	0.06759253	-0.01221064
1.01436588	-0.21567552	-0.06269361	-0.19245017	0.06186474	-0.02300019
1.00372637	-0.22045303	-0.05907152	-0.26147314	0.06962417	0.00174010
0.99208056	-0.22386966	-0.04700716	-0.17411553	0.09188175	0.01782210
1.00351419	-0.22659657	-0.05070931	-0.29192551	0.06717768	0.01457893
1.00637706	-0.23363038	-0.05623180	-0.23351412	0.06397834	-0.00987784
1.01425665	-0.23017508	-0.06774227	-0.27863337	0.04711166	-0.00713779
1.00887642	-0.22986656	-0.07257035	-0.35606371	0.08244899	-0.00299943
1.00808408	-0.25319869	-0.06985160	-0.31372726	0.05324155	-0.00127295
1.00523512	-0.24972414	-0.08134843	-0.30925955	0.02975736	-0.01016144
1.00160003	-0.24496196	-0.08703380	-0.29137037	0.05853295	0.00592919
1.00519017	-0.25056830	-0.08685257	-0.29554799	0.06943957	-0.00005725
1.00501397	-0.24887458	-0.08178771	-0.27673621	0.10446001	0.00332975
1.00108970	-0.25023335	-0.08805300	-0.29620694	0.03603544	-0.00271632
1.00211329	-0.25566682	-0.08563081	-0.23197742	0.07149779	0.00107594
1.00003567	-0.24718103	-0.07446660	-0.32985625	0.04685464	0.00035211
0.99481334	-0.25825668	-0.06574165	-0.15398910	0.04707203	-0.00877026
0.99876261	-0.25410557	-0.08163682	-0.23192095	0.04771949	-0.00206976
0.99505085	-0.25362118	-0.08080172	-0.17315285	0.02980033	0.00657997
1.00031333	-0.24801130	-0.07677583	-0.10430332	0.07173408	-0.00985051
1.00785966	-0.23518486	-0.06080364	-0.08227750	0.04739085	-0.00577345
1.00666951	-0.23475750	-0.06637025	-0.18438305	-0.02736146	-0.00197991
1.00793078	-0.23271140	-0.07018218	-0.16752260	0.00662188	-0.00028807
1.00874484	-0.23735037	-0.06230072	-0.13162898	-0.03861370	0.00583368
1.00187481	-0.24708255	-0.07005109	-0.07938322	-0.01459764	0.00762258
0.99939377	-0.24532873	-0.07322291	-0.16752769	-0.01289499	0.01053735
1.00052557	-0.24491249	-0.07455368	-0.18643899	0.01011561	0.01161072
1.00379923	-0.24270856	-0.06666313	-0.04403834	-0.00497536	0.01658918
1.00523147	-0.23792460	-0.06881726	-0.04783225	-0.03032673	0.00515125
1.01087603	-0.24324616	-0.06449649	-0.13574810	-0.01628904	0.02376645
1.00393864	-0.24257572	-0.06727152	-0.08760798	-0.06053623	0.02898400
1.00170594	-0.23328178	-0.06783636	-0.07770805	-0.00102818	0.03752651
1.00219369	-0.24292251	-0.06336632	-0.00105176	-0.00700192	0.03491816
1.00867233	-0.23857647	-0.06767140	-0.10689656	-0.01110838	0.01921313
1.00131213	-0.23794497	-0.06853396	0.07847421	0.01248112	0.01872244
1.00615055	-0.25078917	-0.06500411	0.04631611	0.04157081	0.00771984
1.00070163	-0.24301289	-0.06375503	0.04390303	0.02786970	-0.00440605
1.01293013	-0.23278851	-0.06252827	0.06863522	-0.00175733	-0.00804152
1.00082165	-0.22710210	-0.06841399	0.05725359	0.01137530	0.00301668
0.99964452	-0.23056586	-0.07436838	-0.00192800	0.01302042	-0.01453871
1.00029025	-0.21922978	-0.05961195	0.06722465	-0.00022367	-0.01900062
0.99801200	-0.22927783	-0.05746277	-0.02169118	-0.02399119	-0.02213025
1.00480413	-0.21997365	-0.05718683	0.07199085	-0.00952708	-0.01620422
0.99774980	-0.22357995	-0.06289502	0.10097575	-0.00629825	-0.01349771
1.00069680	-0.23067891	-0.05974886	0.03376968	-0.04812337	0.00285256
1.00404087	-0.23781271	-0.06649159	0.00189514	-0.04180662	0.03372204
1.00860045	-0.26112495	-0.07221803	0.13030538	-0.05778046	0.00681205
1.00623262	-0.26082657	-0.07024446	0.05123900	-0.00713525	-0.01815770
1.00555703	-0.23953150	-0.06084959	0.15727257	0.01115254	-0.01819975
1.00852650	-0.22660193	-0.05955060	0.17068506	0.01879159	-0.01345518
0.99883581	-0.22487998	-0.05156831	0.15708390	0.00795525	-0.01296905
1.00522483	-0.22124387	-0.06575600	0.16436099	-0.04770422	0.00201712
1.00406700	-0.21248626	-0.06885368	0.12893247	-0.04123311	-0.01303667
0.99868211	-0.21674599	-0.06425103	0.02597073	-0.02422705	-0.00471030
0.99723506	-0.22236718	-0.06640763	0.07937391	0.01773633	-0.02067816
0.99971288	-0.21900573	-0.05960515	-0.09028411	-0.01830265	-0.01061317
1.00266382	-0.21877216	-0.06375317	-0.00698577	-0.03688405	-0.00784200
1.00750595	-0.22594735	-0.06762919	-0.01959933	-0.01281709	-0.00844646
1.00744240	-0.23507363	-0.05750699	0.01800324	-0.00476137	0.00161446
1.01216477	-0.24115278	-0.05752812	0.00857596	0.02708671	0.00099393
1.00868677	-0.23338840	-0.06249450	-0.04536740	0.02727905	0.00713909
1.01616197	-0.23284875	-0.07170988	0.10377738	0.01250880	0.01961758
1.01250570	-0.24396971	-0.06387505	-0.03921205	-0.02195314	0.03010435
1.00198611	-0.23449792	-0.07002379	-0.02600790	0.05207298	0.02158192
1.00736194	-0.24027465	-0.06478576	-0.10717859	-0.00869427	-0.00629826
1.01210243	-0.23789829	-0.06810015	-0.02587517	0.02678938	0.01615547
1.01989414	-0.23747481	-0.07812871	0.04045888	-0.01185894	-0.00286375
1.01427085	-0.24219319	-0.07688370	0.00730541	-0.01640877	-0.01610101
1.00213715	-0.24880388	-0.06732869	0.06947074	-0.05158526	0.01764496
0.99267398	-0.24410292	-0.07493328	0.01246457	0.01971571	0.00819514
1.00139472	-0.24423550	-0.08177482	0.03283626	0.02979915	-0.00136911
1.00859236	-0.24557411	-0.07427330	0.02890793	0.04178841	0.00835855
1.00913542	-0.24300332	-0.07952707	0.02797619	-0.00822026	-0.00252142
1.00986295	-0.24396657	-0.07309057	0.07782913	-0.02947678	0.01638986
1.00291216	-0.24745779	-0.07143823	-0.02639054	-0.00092082	0.02025999
1.00160474	-0.24654986	-0.08013941	-0.06208424	0.02573032	0.01685372
1.00412697	-0.24785346	-0.07439559	0.02280388	-0.00440013	0.02664970
0.99861912	-0.24797125	-0.07729414	-0.00740425	0.03457315	-0.00038564
1.01169111	-0.23140294	-0.07265673	0.03488084	0.00451700	0.02088852
1.00370674	-0.23476134	-0.07386588	-0.05554513	0.02408812	0.01862229
1.00702689	-0.23671801	-0.07340242	-0.13256246	0.03599327	-0.00066007
1.00747178	-0.23011510	-0.07009689	0.02545945	0.02334207	0.01193643
1.00462029	-0.24664161	-0.06940730	0.02449647	0.03338857	0.00974281
1.00690124	-0.23157798	-0.06555613	-0.14237048	0.03086422	0.01166391
1.00224022	-0.23767356	-0.06031185	0.01405692	-0.00901280	0.01470845
1.00335960	-0.23011658	-0.06104882	-0.14676592	0.02414108	0.01457816
1.00683718	-0.24780757	-0.05525706	-0.10442205	0.02839530	0.00946038
1.00945553	-0.24663813	-0.05224022	-0.00208117	0.02598905	0.01478769
1.00753389	-0.24940303	-0.05564172	-0.08102771	0.06094718	0.03072969
1.00490048	-0.24466816	-0.06102776	-0.13579923	0.05148736	0.01812616
1.01067521	-0.24512492	-0.06699927	-0.15671491	0.08530415	-0.00434334
1.00872444	-0.24677226	-0.07219980	-0.05430962	0.06603702	-0.00568068
1.01284513	-0.24684982	-0.07709399	-0.11792066	0.05078347	-0.01004001
1.01179438	-0.24747605	-0.08562221	-0.10413759	0.05074221	-0.02254819
0.99839322	-0.23528365	-0.07284894	-0.00963300	-0.00113184	-0.03654705
0.99199546	-0.23549131	-0.06843204	0.06265047	0.05174407	-0.01090473
0.99523833	-0.22089711	-0.06910715	0.11227663	0.00200680	-0.02210532
