0.99991147	-0.24137911	-0.10155925	0.03935583	-0.01333905	-0.00130269
0.99724179	-0.24238996	-0.09076226	0.05159012	-0.00502492	0.00435521
0.99855531	-0.24443362	-0.09729585	0.00726821	-0.00581472	-0.00089980
0.99627893	-0.24324822	-0.08636409	0.00308940	-0.00916899	-0.00277389
1.00037044	-0.24534510	-0.09101323	-0.01099140	-0.02135215	0.00870697
1.00233576	-0.23926355	-0.08929830	-0.01461736	-0.01661518	0.02521419
0.99664387	-0.24314936	-0.08930715	-0.01573358	-0.01595639	0.02210908
0.99615800	-0.24558861	-0.09331552	-0.00185019	-0.02197609	0.02327542
1.00002438	-0.24940361	-0.08938485	-0.02132307	-0.04103376	0.00678978
1.00481801	-0.25385802	-0.09961389	-0.02082070	-0.01143432	0.00158185
1.00591454	-0.25277575	-0.09695036	0.02257296	0.01323008	0.00252577
1.00716479	-0.24741633	-0.10604266	-0.01796625	0.01501500	0.00525595
1.00516555	-0.24134359	-0.09611454	-0.03195517	0.01136113	-0.00392719
1.00158135	-0.24892760	-0.09173590	-0.03458359	-0.00771872	-0.00150567
0.99191264	-0.25776552	-0.09277106	0.00443164	-0.02629016	-0.00943267
0.99749914	-0.25296723	-0.09866281	-0.01313958	-0.01933371	-0.01256054
1.00502882	-0.24312772	-0.09049286	-0.02861364	-0.01419224	-0.00324687
1.00482234	-0.24855107	-0.09616653	-0.03409851	-0.01946881	-0.00620200
0.99987976	-0.25334933	-0.10320892	-0.04587613	-0.00871309	0.00035371
0.99952021	-0.26004616	-0.09695889	-0.02336778	-0.01486737	-0.00200848
0.99544456	-0.25863085	-0.09026737	-0.01507793	-0.01471840	0.00165912
0.99924225	-0.25266420	-0.09663210	-0.00053732	-0.01138704	-0.00999045
0.99920784	-0.25652161	-0.09197092	-0.00102592	-0.01658117	-0.00413385
0.99824625	-0.24903934	-0.09828100	0.01216294	-0.01288890	-0.00143838
1.00049294	-0.25294362	-0.09674804	-0.00091441	-0.02343270	-0.00071052
1.00361518	-0.25030835	-0.09495785	0.03587479	-0.03005971	-0.00089534
1.00221764	-0.24738469	-0.09185038	0.00662999	-0.01045493	-0.00100595
0.99933043	-0.24851722	-0.08792632	0.02514994	-0.00396852	0.01492491
0.99323275	-0.25509542	-0.09005056	0.00552656	-0.01504165	0.01319711
1.00118809	-0.24836656	-0.10061752	0.01254627	-0.02482821	0.00185248
1.00333950	-0.24984625	-0.10275300	-0.02067097	-0.01583569	0.01774363
1.00058234	-0.25273295	-0.10266380	-0.01577158	-0.00960045	0.00907911
1.00110005	-0.24937852	-0.09636219	-0.00055764	-0.00878869	0.01248660
1.00232579	-0.25373188	-0.09761916	0.00869931	-0.00281063	0.01582788
1.00120868	-0.24884388	-0.08611033	-0.01360554	0.00444553	0.00079987
1.00141564	-0.24948632	-0.09084621	-0.01245280	0.01035985	-0.00007225
1.00436001	-0.24913766	-0.08546453	-0.02349624	0.01426580	-0.00928550
0.99812608	-0.24840614	-0.09265660	-0.01438141	0.00271230	0.00594632
0.99920904	-0.25244139	-0.08908176	-0.00861969	0.00089447	0.00473424
1.00141463	-0.25900512	-0.09143327	-0.01149264	0.00443401	0.00622573
1.00289447	-0.26253053	-0.09212697	-0.00457135	0.03078873	-0.00203772
1.00206134	-0.25319098	-0.09103154	-0.01204421	0.03717747	-0.02019324
1.00225298	-0.25616248	-0.09476746	0.00055455	0.02429723	-0.01793752
1.00280281	-0.25476320	-0.08975337	0.01491992	0.01781613	-0.00947015
1.00101528	-0.25939164	-0.09590561	-0.00413463	0.00797422	-0.00152848
0.99647918	-0.25629534	-0.09560162	0.03221095	0.01627598	-0.00689841
0.99779670	-0.24679303	-0.09501991	0.03705829	0.00235168	0.00096306
0.99867923	-0.25149306	-0.09275824	0.03047851	0.01031423	0.00399528
0.99948382	-0.25813384	-0.08454397	0.04242296	0.00343375	0.00439401
1.00205014	-0.25108631	-0.08474020	0.00505500	0.00389787	0.00047966
0.99974588	-0.24385827	-0.09542077	0.03461142	-0.01274945	0.00995676
0.99920254	-0.25289806	-0.09637219	0.02653377	-0.01151985	0.01392420
0.99933475	-0.25587628	-0.09331982	0.04812222	-0.01261869	0.02129698
0.99880210	-0.25005446	-0.08772937	0.04773515	-0.00133934	0.00497973
0.99930072	-0.25797319	-0.08805331	0.05466503	0.00287560	0.00399149
1.00038515	-0.24365602	-0.09906876	0.04182562	0.00284666	-0.00194548
1.00122431	-0.24986036	-0.09276846	0.04440493	-0.00994618	-0.00134608
1.00150582	-0.25194952	-0.09481297	0.02708805	0.00090428	-0.00215295
0.99942287	-0.24076265	-0.10340197	0.02645109	0.00137892	-0.00288571
1.00117752	-0.24988027	-0.10003480	0.01136645	0.01144372	-0.00352457
0.99905305	-0.24745314	-0.10118200	0.01785566	0.00926885	-0.00329187
0.99925175	-0.25260823	-0.10154021	0.02515145	0.01392805	0.00564591
0.99931119	-0.26078741	-0.10497997	0.02796489	0.01175263	-0.00077757
0.99465188	-0.24889875	-0.09482086	0.01724887	0.00871521	-0.00351130
0.99784247	-0.24585258	-0.09758262	0.04168563	0.00188049	-0.00894485
0.99740614	-0.25257289	-0.09423172	0.02651984	0.00611544	-0.01447795
1.00179569	-0.24947509	-0.09564272	0.02421290	-0.00029537	-0.01145066
1.00198222	-0.24799382	-0.09060507	0.00383678	-0.00159943	-0.00636722
1.00474035	-0.24881137	-0.09317824	0.00901165	0.00190331	0.00026415
1.00111864	-0.24529247	-0.09702321	0.00431931	0.00687186	0.00139928
0.99978467	-0.24720427	-0.09610413	-0.00355053	0.01256921	-0.00762521
1.00128408	-0.24938089	-0.09269819	-0.00401344	0.01785065	-0.00610534
1.00241661	-0.26292296	-0.09465573	-0.02557800	0.02674810	-0.00470898
1.00095554	-0.25775195	-0.09341675	-0.02201173	0.01586098	-0.01679144
0.99801290	-0.25050748	-0.08226088	-0.02547187	-0.00169989	-0.00061703
0.99335380	-0.25267986	-0.08225823	-0.01687298	0.01348319	0.00064136
0.99821971	-0.25540934	-0.09250021	-0.01172757	-0.00202252	-0.00272071
1.00046241	-0.26185013	-0.10389975	-0.00581087	0.02976617	0.00959564
1.00168409	-0.25877753	-0.09639571	0.01317224	-0.01142610	-0.00029904
1.00081358	-0.24705112	-0.09136464	-0.00773204	0.00130255	0.00538019
1.00096373	-0.25162703	-0.09530801	0.00615836	-0.00033678	0.00270848
1.00084711	-0.25699137	-0.09123200	-0.01090557	0.00866258	0.00984637
1.00205687	-0.26568845	-0.08854732	0.02059091	-0.00407018	-0.00676539
1.00044634	-0.26233456	-0.08282692	-0.00620871	0.00264642	0.00256727
0.99744698	-0.25252355	-0.09892545	0.00323925	-0.00408373	-0.00062854
0.99969131	-0.24302400	-0.09658093	0.00145165	0.00970721	-0.00357757
1.00002448	-0.24890952	-0.08831725	-0.00284352	-0.00613697	-0.00515439
0.99571170	-0.24769351	-0.08630744	-0.02794539	0.00180106	-0.01170468
0.99692829	-0.25332728	-0.08919705	-0.00756867	0.00383891	-0.00316324
0.99561358	-0.25811423	-0.08860217	-0.03496870	-0.01518479	-0.00523818
1.00015643	-0.25010014	-0.08890334	-0.01739407	-0.00010551	-0.00412585
1.00404330	-0.26230749	-0.07514894	-0.00364205	0.00245995	-0.00594469
1.00208647	-0.25499250	-0.07777139	-0.00735954	-0.00519592	-0.00319258
1.00287659	-0.25171245	-0.06880845	-0.02683265	-0.01425008	-0.00792712
0.99954216	-0.24923412	-0.06658094	-0.02560646	-0.01204389	-0.01026449
0.99977567	-0.24868119	-0.08724926	-0.03932361	-0.01017577	0.00032760
0.99770969	-0.25182437	-0.10280204	-0.05436687	-0.00129373	0.00785276
1.00040687	-0.24818206	-0.10847503	-0.02031707	-0.00661151	0.00149875
0.99897499	-0.25495176	-0.09648550	0.02502527	0.00445306	-0.03215082
1.00142544	-0.24239603	-0.09744620	-0.00365347	0.02517438	-0.03275322
1.00273989	-0.23055307	-0.10213414	-0.00664112	0.00245477	-0.01326898
0.99947071	-0.25040093	-0.08767198	0.00368697	-0.02889199	-0.02271977
0.99421979	-0.25417390	-0.09407483	0.01780724	-0.03025045	-0.03066733
1.00070592	-0.25021596	-0.09344889	0.04104540	-0.03035842	-0.03742915
1.00349569	-0.25247210	-0.10714704	0.06552293	-0.00883159	-0.02266363
1.00004860	-0.24787018	-0.10592485	0.04490541	-0.03221122	-0.02532123
0.99659932	-0.24558988	-0.09357194	0.05558992	-0.02825352	-0.01661575
1.00005109	-0.24674964	-0.09419104	0.05164345	-0.02656187	-0.03371408
0.99887128	-0.24266637	-0.08555583	0.05949938	-0.03358920	-0.04495954
0.99807805	-0.23837963	-0.09346160	0.06311916	-0.05412112	-0.03016621
0.99978430	-0.23170189	-0.08984333	0.01487876	-0.04469894	-0.01372574
0.99741711	-0.21966248	-0.10069716	0.00638206	-0.02806121	-0.01410558
1.00408712	-0.22925960	-0.09101990	-0.02719990	0.00093720	-0.00777843
1.00888178	-0.24930359	-0.09894088	-0.06242999	-0.01401219	-0.01188039
1.00115602	-0.24594445	-0.09192120	-0.07712630	-0.00146765	-0.00723023
0.99835129	-0.24984388	-0.09688631	-0.03711410	0.00168113	0.00004973
0.99705262	-0.25596592	-0.09430632	-0.02905784	-0.00823035	0.01347975
0.99969120	-0.26399646	-0.09613334	0.00438094	-0.01539184	0.01508610
0.99875806	-0.26427390	-0.10394823	0.01210769	-0.00423471	-0.00090601
1.00006135	-0.25726183	-0.10328366	0.03475390	-0.00938884	0.00496946
1.00471768	-0.25998231	-0.10886864	0.03391407	-0.01819587	0.00669001
1.00461391	-0.25440668	-0.10109987	0.01396842	0.00100623	0.00512466
1.00132971	-0.24837872	-0.09426410	0.04937146	0.00468308	0.00086653
0.99784342	-0.23506947	-0.10193297	0.04353967	-0.00676683	-0.00568227
0.99683775	-0.23578384	-0.09339160	0.02724722	-0.00387985	0.00655242
1.00012701	-0.24336394	-0.09642756	0.02183822	0.01344829	-0.00076643
1.00264864	-0.23830295	-0.09032759	-0.01069410	-0.00477666	0.00329277
1.00428008	-0.23505956	-0.10262697	-0.02457107	0.00287701	0.01244463
