0.96359507	-0.02318287	0.34698257	-0.01060319	-0.06994760	0.02703764
0.96456994	-0.02297537	0.34396780	0.00400481	-0.04893907	0.01504498
0.96512998	-0.02452220	0.34260005	0.01852951	-0.05246576	0.02192729
0.97158002	-0.03003682	0.34304341	0.02517725	-0.03491768	0.02023664
0.96381927	-0.03057962	0.34109267	0.02386812	-0.03142296	0.03313377
0.97002232	-0.03377730	0.33991183	0.01472122	-0.05408255	0.03949571
0.96512090	-0.02944438	0.34274506	0.03111041	-0.06747939	0.02330889
0.96526386	-0.03896023	0.32926944	0.03640969	-0.04716111	0.04087777
0.96609340	-0.04209539	0.33957688	0.03948796	-0.06329680	0.02296376
0.97332827	-0.03561355	0.32241888	0.02689384	-0.06535879	0.01798691
0.97662509	-0.04220303	0.33525083	0.01103065	-0.02867855	-0.00272427
0.97865155	-0.05352288	0.32915999	0.00404209	-0.01461746	-0.00911422
0.97762191	-0.05262213	0.32574257	-0.00590661	-0.02509154	-0.02057978
0.96743326	-0.04463867	0.33663195	-0.00969089	-0.01927965	-0.02580230
0.96706539	-0.04590508	0.33623125	-0.01177874	-0.02065274	-0.02462286
0.97214659	-0.03958632	0.33197689	-0.00087464	-0.01676348	-0.02017824
0.97080164	-0.03730150	0.32664335	0.00663049	0.00541837	-0.02206376
0.97183438	-0.03130453	0.32709061	-0.00098888	0.00470976	-0.02447100
0.96589877	-0.03350434	0.32998211	-0.00028534	-0.01487313	-0.00787404
0.97034158	-0.03537209	0.32942500	0.00233626	-0.03279459	-0.01230427
0.97000491	-0.03625463	0.32778024	0.01650689	-0.02986986	-0.01183260
0.97168003	-0.03517965	0.33648324	0.01622867	-0.02087407	-0.00495377
0.96940846	-0.04125887	0.33228246	0.00731489	-0.01191906	-0.01452083
0.97178443	-0.04323469	0.33315014	0.01293629	-0.01885762	-0.01302899
0.97133597	-0.03692483	0.32530855	0.01291027	-0.03399112	-0.00617832
0.97592609	-0.03712937	0.32698058	0.01333843	-0.02562518	0.00335487
0.97519639	-0.02936390	0.32573674	0.00378905	-0.02205162	-0.00998793
0.97923041	-0.02966054	0.33363229	0.00531843	-0.00727046	0.00007744
0.97990113	-0.03039732	0.32762022	0.00414184	-0.00695251	0.00588811
0.97485372	-0.03402799	0.33027614	0.00735880	-0.01918988	-0.01010170
0.97465844	-0.03676952	0.33952881	0.00049481	-0.01517393	-0.01603163
0.97437164	-0.03270240	0.33083938	-0.00240344	0.00503428	-0.01288510
0.97067168	-0.03655822	0.32770413	0.00285328	-0.01210926	-0.02011858
0.97143677	-0.03187230	0.32999837	-0.00485782	-0.01313065	-0.00212040
0.96918360	-0.03137107	0.33286559	-0.00456556	-0.01918352	0.00582327
0.96923472	-0.03286460	0.32975924	0.00027430	-0.02514952	-0.00006307
0.96713293	-0.02931247	0.32862013	-0.00009213	-0.03112240	0.00162664
0.96712790	-0.02675542	0.31291408	-0.00994377	-0.06629505	-0.02732819
0.97138741	-0.03358626	0.32173848	-0.01060734	-0.05978585	-0.02392220
0.97363136	-0.03175683	0.31121027	-0.01130291	-0.04352992	-0.03762021
0.97773514	-0.03625843	0.32723332	-0.01865428	-0.02408017	-0.02497742
0.97811052	-0.03397462	0.33921253	0.00129175	-0.03021394	-0.01357966
0.97673709	-0.03363443	0.34965874	0.00930411	-0.00839694	0.00668756
0.97732028	-0.04365769	0.32425140	0.02051772	0.01741386	0.02059929
0.97998501	-0.04389662	0.32318940	0.02647818	0.02877505	-0.02207837
0.97942031	-0.04028839	0.31946266	0.00771832	0.02371639	-0.03542039
0.96992467	-0.03133191	0.31662732	0.00423238	0.00237310	-0.00980031
0.97356427	-0.02379900	0.31541795	-0.00498799	-0.01779829	0.01048640
0.97101855	-0.02866447	0.31789050	-0.00091483	-0.01528284	-0.00065389
0.97632844	-0.03062213	0.32646405	0.01276628	-0.00394227	0.00482120
0.97594911	-0.03233154	0.32461041	0.00615258	0.02060893	-0.00087225
0.97054138	-0.02341733	0.31819480	-0.00787692	-0.00153325	-0.02104222
0.97805072	-0.03257595	0.33014487	-0.00377938	-0.00292596	-0.01238634
0.97487503	-0.03361326	0.32959130	-0.01757620	0.00249633	-0.01146227
0.97713564	-0.02651928	0.33249774	-0.00234263	-0.00987335	-0.00996012
0.97303323	-0.02608619	0.31612138	-0.00281075	0.00233897	-0.00749229
0.97566297	-0.03234488	0.31028050	-0.00933286	0.02508443	-0.01273567
0.97594400	-0.03630978	0.32294141	0.00584485	0.00693714	-0.01710716
0.97258759	-0.02735017	0.32805434	0.00035882	-0.01341247	-0.02820084
0.96890659	-0.02802653	0.32729174	0.00016592	-0.01289107	-0.00521214
0.96930939	-0.03363523	0.32963571	0.00636522	0.00327351	-0.00424507
0.97646621	-0.03961659	0.33048524	-0.00870156	0.01207349	-0.01184041
0.97729310	-0.03847160	0.32600269	-0.00001698	0.00797420	-0.01075925
0.97336437	-0.03304442	0.32548285	0.01108391	0.02227056	-0.00085865
0.97139003	-0.03114416	0.32598371	0.01089472	0.01109614	-0.01123505
0.96721127	-0.03121679	0.32859090	0.00880804	0.02729513	-0.00093656
0.97552722	-0.03021654	0.32585504	0.01410368	0.00872905	-0.00113791
0.98023338	-0.03115880	0.32595819	-0.00140932	-0.00912738	-0.00662391
0.97453283	-0.03605815	0.31944424	-0.00488114	0.00364285	-0.00744921
0.97036890	-0.03691193	0.32368169	-0.00330362	-0.00069132	-0.00937586
0.97577814	-0.03405087	0.33040030	0.00308989	-0.00749694	-0.00277316
0.97284059	-0.03242455	0.32686668	0.00068638	-0.01111639	-0.01243110
0.97156592	-0.03569999	0.32915525	0.00403863	-0.00360373	-0.00315674
0.97518133	-0.03709285	0.32675405	0.00653627	0.00882141	-0.02041706
0.97337115	-0.02779408	0.32869811	0.00220831	-0.00625485	-0.03380353
0.97728903	-0.03432989	0.32530851	0.00935024	-0.02724154	-0.01407847
0.97549117	-0.03537151	0.32833169	-0.00239123	-0.00300576	-0.01319006
0.97451808	-0.03368284	0.34134219	0.00127697	0.01203806	-0.02668524
0.97495179	-0.03374238	0.33322827	-0.00405126	0.01594843	-0.02065821
0.96661999	-0.02762895	0.32349296	-0.00769603	-0.01729139	-0.03112981
0.96923364	-0.02395479	0.32629986	-0.00313195	-0.01498732	-0.01976533
0.97969297	-0.02888223	0.32028536	-0.00340577	-0.03334757	-0.02312610
0.97388168	-0.02815106	0.32283137	0.00243265	-0.03344794	-0.03335178
0.97498524	-0.03376293	0.33033161	0.00313520	-0.02366912	-0.01904418
0.97190344	-0.03763656	0.32492656	0.00345815	-0.02076691	-0.01442640
0.97067892	-0.04125566	0.32144523	0.00582761	-0.02352709	-0.01844703
0.97660682	-0.03076330	0.32224134	0.01302803	-0.03794483	-0.01553930
0.97931310	-0.02744075	0.32317266	0.00180968	-0.03829911	-0.01087189
0.97698670	-0.02587379	0.32479067	0.00394416	-0.01862538	0.00252153
0.97925823	-0.02635377	0.32670514	-0.00037429	-0.01250281	0.00080411
0.97736033	-0.02611734	0.33074929	-0.00299234	-0.02953445	-0.00820193
0.98016444	-0.02343779	0.31715728	-0.00397611	-0.03028353	-0.00408622
0.97579322	-0.02951023	0.31238955	0.00253419	-0.00938531	-0.00731102
0.97949393	-0.02831493	0.30726361	-0.00514678	-0.00834206	-0.01749187
0.97859853	-0.02465105	0.31284731	-0.01093229	0.01030125	-0.00839834
0.98317122	-0.03091694	0.31635186	0.01144397	-0.01564477	-0.01146254
0.98027675	-0.02906232	0.32331211	0.01017110	0.00249740	-0.02340849
0.97838952	-0.02974541	0.31906043	0.01381282	0.01325654	-0.02077546
0.97909126	-0.02897767	0.32103753	0.01228069	0.00507311	-0.02072585
0.97963221	-0.02562412	0.32238253	0.00256225	0.00648073	-0.00654484
0.97600073	-0.02555172	0.31826955	-0.00022285	0.00717264	-0.01277758
0.97276561	-0.02968836	0.31611049	-0.00166759	-0.02428055	-0.01909639
0.97483455	-0.02739388	0.31184058	0.00461117	-0.00261318	-0.00498805
0.97377922	-0.02939981	0.31744299	0.00581673	-0.00871950	0.00056781
0.97946831	-0.03132024	0.31897342	0.00002391	-0.00057825	-0.00297521
0.98011254	-0.02640239	0.32769426	-0.00085333	-0.01000096	-0.00718696
0.98187304	-0.02915904	0.31861149	-0.00171206	0.01478894	0.00428291
0.97479511	-0.02846872	0.31992757	-0.00306158	-0.01125749	0.00949159
0.97395507	-0.03512354	0.30965153	0.00832821	0.00106049	0.00255366
0.97037637	-0.02625290	0.31005959	0.00736070	0.01176502	0.00855760
0.97387114	-0.03368891	0.31252454	-0.00503647	-0.01150342	0.00331550
0.97390957	-0.02775645	0.32779412	0.00255489	0.00886969	0.00357304
0.97341212	-0.02848010	0.33095549	0.00482270	-0.01877847	-0.00687689
0.97148894	-0.02724304	0.32246277	-0.00071197	-0.01488018	-0.01937559
0.97805394	-0.03087925	0.31664198	0.00311246	-0.00846316	-0.01558183
0.97944037	-0.03426236	0.30963596	0.00084950	0.02374765	-0.00627348
0.97767327	-0.03111195	0.31227156	-0.00353409	0.01978927	-0.00779114
0.97563732	-0.03158008	0.32084107	-0.00566345	-0.00004124	-0.01879897
0.97265916	-0.02942814	0.31334560	-0.00459984	0.00195102	-0.01125207
0.97015285	-0.03110979	0.32033222	-0.00217094	0.00026540	-0.01279677
0.97337636	-0.03186862	0.32331550	0.00045793	-0.00848106	-0.01535890
0.97782339	-0.02622716	0.31206918	0.00607376	0.01724586	-0.01175587
0.97924451	-0.02906357	0.30983706	0.01311228	-0.01180080	-0.00275728
0.97625181	-0.03571778	0.31827472	-0.00132156	0.01881556	0.00945217
0.97404966	-0.03012209	0.31681434	-0.00504818	-0.00378843	0.00261435
0.97545019	-0.02857262	0.32423030	0.00252902	-0.02313666	-0.01414307
0.97490611	-0.03668146	0.31660109	-0.00064266	0.01170061	-0.00998397
0.97546868	-0.03271944	0.31359397	0.01116072	0.00777707	-0.02815157
