0.98259758	-0.28061383	-0.13726220	0.06685819	-0.01530819	0.00559325
0.98570359	-0.28154907	-0.13218435	0.04869749	-0.00846327	-0.00327842
0.98608016	-0.27878090	-0.13790287	0.05645089	-0.01624375	0.01316632
0.98427248	-0.28159268	-0.12221246	0.04227064	-0.02817176	0.00360973
0.97665104	-0.29446063	-0.12893445	0.05802896	-0.07415167	0.00425996
0.98604251	-0.28916779	-0.14633042	0.04831445	-0.05937824	0.01938763
0.98885774	-0.30114830	-0.15082686	0.05295242	-0.01811691	-0.02018128
0.98267479	-0.30044544	-0.13851629	0.03642668	0.05065784	-0.06142459
0.98805689	-0.30405765	-0.13309048	0.02616174	0.01371002	-0.01487911
0.98322696	-0.29915490	-0.12677010	0.02768970	0.03085896	0.01521745
0.98368649	-0.29503015	-0.12984946	0.02253187	0.03553991	-0.01138134
0.98917436	-0.28177131	-0.12227924	0.02266876	-0.04319012	-0.02713678
0.98782184	-0.28616333	-0.12882804	0.04073885	-0.00432795	-0.03394322
0.98690057	-0.28216448	-0.12836617	0.04771952	-0.02570434	-0.03084589
0.98923831	-0.29566826	-0.12771208	0.04275161	0.00193159	-0.00766714
0.98702777	-0.29012744	-0.11923890	0.04148428	0.01621408	-0.01330245
0.98910050	-0.28499629	-0.13978723	0.04947963	0.01877079	-0.00735437
0.98501878	-0.28907322	-0.13260518	0.04230346	0.00664848	-0.00073785
0.98638448	-0.28101357	-0.12884219	0.04380431	-0.01622471	-0.02588833
0.98831490	-0.28537970	-0.12981863	0.04967003	-0.03577249	-0.01475076
0.98311404	-0.29109302	-0.13208841	0.04523869	-0.00097008	-0.04189516
0.98496459	-0.29237749	-0.15242454	0.05035459	-0.00677046	0.01721166
0.98360957	-0.29812625	-0.13800043	0.04052813	-0.01425998	0.00607091
0.98236234	-0.28887897	-0.14452969	0.04559098	-0.00468604	-0.00484149
0.98468192	-0.28813977	-0.14707922	0.03759382	-0.02718893	-0.03552697
0.98884092	-0.28866113	-0.14307525	0.03480409	-0.01278776	-0.02036896
0.98468217	-0.29253877	-0.13432131	0.04464219	-0.00293178	-0.05246944
0.98136306	-0.29279063	-0.12557492	0.04378866	0.00345346	0.00056760
0.98462317	-0.28668196	-0.13560520	0.04620217	-0.04690319	-0.01356210
0.98363659	-0.28400927	-0.13554661	0.03856101	-0.00102939	0.00289221
0.98049925	-0.27963851	-0.12739971	0.04464933	-0.00411901	-0.02444530
0.98887019	-0.29644961	-0.13705738	0.04208054	0.01381308	-0.02432365
0.98742049	-0.28690767	-0.12899337	0.04379985	0.01549301	-0.02094062
0.98560692	-0.28560784	-0.12725059	0.04551613	0.01722942	-0.01856711
0.98897133	-0.28625367	-0.11934862	0.03720571	-0.00078983	-0.02703626
0.98995396	-0.28569341	-0.12732496	0.04215708	0.03513277	0.00743621
0.99133065	-0.28734172	-0.13254383	0.03678253	-0.04924610	-0.03293566
0.98368157	-0.28507502	-0.14170808	0.04474131	-0.01583920	-0.01713498
0.98575355	-0.29578050	-0.12109707	0.04703211	-0.00672735	0.01747461
0.99125544	-0.29455644	-0.13690505	0.03349325	-0.00099322	-0.01754767
0.98622717	-0.28443071	-0.14375898	0.03510866	-0.00942748	-0.01988889
0.99395366	-0.28840974	-0.11727261	0.01696253	-0.03247579	-0.05722512
0.99559791	-0.29501096	-0.12003386	0.03205454	-0.00584395	-0.07533990
0.99536373	-0.28925312	-0.11508325	0.00308280	-0.05306445	-0.10983394
0.99660615	-0.28258697	-0.11926849	0.00194369	-0.04524432	-0.14274199
0.99301418	-0.29845839	-0.12298346	0.01184048	-0.04658509	-0.15466748
0.98584168	-0.29042907	-0.13769914	0.04163681	-0.01433452	-0.10573972
0.98104342	-0.27469355	-0.14528088	0.03178450	-0.01197906	-0.13764789
0.98465723	-0.27099874	-0.14575811	0.00931325	-0.05700041	-0.09707830
0.98204819	-0.26301146	-0.15923938	0.00921455	-0.00469058	-0.05354294
0.98405893	-0.25229517	-0.16026499	-0.01777645	0.00836734	0.00189640
0.98441167	-0.27061709	-0.13447003	0.01004944	-0.03690661	-0.01382001
0.97946430	-0.26963563	-0.14172758	0.03527446	-0.03587325	-0.04366479
0.97970103	-0.27916090	-0.14548256	0.03216725	-0.02276074	-0.04800944
0.98197077	-0.28396455	-0.15672020	0.01631221	-0.01953176	-0.00164397
0.98969842	-0.26890895	-0.12974913	0.04101914	-0.03099206	-0.00184219
0.98843027	-0.27226077	-0.11923645	0.03858979	0.00161140	-0.02353160
0.98653594	-0.26697987	-0.12829080	0.05313957	0.00219774	-0.00262552
0.98643336	-0.26845606	-0.13449525	0.04374127	0.02434244	-0.01017438
0.99252515	-0.28466736	-0.12829580	0.02180811	0.08265052	0.02886910
0.98817344	-0.28644949	-0.14679479	0.01773960	0.09506939	0.03204710
0.98178974	-0.27948232	-0.13395965	0.01938845	0.08900079	0.01565812
0.97713424	-0.27300254	-0.12577335	0.05322144	0.01067523	0.06148192
0.98981133	-0.26637692	-0.13241569	0.06963075	0.00932142	0.04986478
0.99918027	-0.26946002	-0.12292851	0.06483905	0.02026320	-0.03662851
1.00283516	-0.27080310	-0.13497921	0.05508173	0.03274700	-0.03545514
0.99617789	-0.27614957	-0.12181629	0.04935872	0.03838361	0.02547956
0.99299180	-0.27150878	-0.11469965	0.02980977	0.00217039	0.01476564
0.98784140	-0.27241890	-0.10205094	0.04645126	-0.04423731	0.00132981
0.98879244	-0.27845572	-0.11369340	0.05342638	-0.01505277	-0.02090411
0.98884083	-0.29159416	-0.11525981	0.05338130	0.01478567	-0.01040406
0.98765846	-0.29038159	-0.12356562	0.06486770	-0.00755015	-0.04122386
0.99819651	-0.28797086	-0.11985813	0.03389101	0.03050364	0.02464386
0.99377156	-0.28999919	-0.10862293	0.04657260	0.02872180	0.01348575
0.99276354	-0.29547674	-0.11756759	0.04494590	-0.00350505	0.00784525
0.99445971	-0.28322722	-0.13011966	0.04295230	0.00021412	-0.02501832
0.99463330	-0.27469231	-0.12416437	0.05095457	0.01534051	0.00788513
0.99027018	-0.27545446	-0.12279864	0.03328379	-0.00649369	0.01946923
0.99412457	-0.27531986	-0.11771892	0.05047838	0.02005694	-0.01619789
0.99411234	-0.28335129	-0.12660700	0.04362210	0.01126930	0.00374354
0.99790348	-0.28341155	-0.11588536	0.04301446	0.03478572	-0.00144710
0.99515369	-0.27746871	-0.13783304	0.05547144	-0.00601939	-0.02548936
0.99495040	-0.27110682	-0.12338987	0.04161133	0.05882137	0.00631338
0.98999908	-0.28273798	-0.11958475	0.04080273	0.03111400	-0.02342797
0.98854741	-0.28028945	-0.10725973	0.05487333	0.03569677	0.03810553
0.98687228	-0.28536175	-0.11590816	0.05323598	0.02593917	-0.01335000
0.98704925	-0.28701529	-0.11117795	0.04526959	0.02664090	-0.01084654
0.98614446	-0.27888599	-0.11488974	0.03462655	0.02818357	-0.00617293
0.98776999	-0.28661285	-0.09923656	0.05946982	0.01556536	0.00652143
0.98489430	-0.28124231	-0.10728939	0.04009244	-0.01085440	0.02708816
0.98189156	-0.27230527	-0.10506174	0.04320878	-0.04764588	0.00285414
0.98894862	-0.27323637	-0.09570416	0.04784018	-0.12073109	0.01421500
0.98129405	-0.26354519	-0.10176215	0.04254091	-0.09213869	0.02663580
0.98325493	-0.27794269	-0.11294143	0.03783209	-0.09842016	0.02378796
0.98523871	-0.27799906	-0.12244312	0.03104144	-0.11141749	0.05314017
0.99082524	-0.28184258	-0.12203542	0.02928957	-0.04738051	-0.00039651
0.98834149	-0.27786356	-0.11238640	0.01644620	-0.09412749	-0.01737934
0.98384289	-0.29203648	-0.11377531	0.00984523	-0.11787672	0.00905660
0.98487359	-0.29478638	-0.11373618	0.00513529	-0.12657958	0.03429242
0.98542192	-0.29512861	-0.13808914	0.00147971	-0.08202035	0.00127285
0.97856272	-0.30423490	-0.13581063	0.01579247	-0.11577182	-0.02829240
0.98664795	-0.28883193	-0.12834308	0.01085139	-0.06258453	-0.00432172
0.98764827	-0.28866814	-0.13076064	0.00054753	-0.13182300	-0.02585853
0.99114401	-0.28889437	-0.12863811	-0.00125752	-0.10440497	-0.01553174
0.99693521	-0.28904032	-0.12919009	0.00938396	-0.08254528	-0.01311702
0.98990467	-0.28994468	-0.14364141	0.00380181	-0.13467503	-0.02322868
0.99217205	-0.28627530	-0.14228474	0.01538941	-0.11849462	-0.00555752
0.98913529	-0.28675400	-0.14270415	0.02201874	-0.09020201	0.00801345
0.98831369	-0.28317890	-0.14238979	0.01473420	-0.06422622	-0.00082651
0.98306840	-0.29461780	-0.14597830	0.00256139	-0.05436799	-0.02033019
0.98974069	-0.29111165	-0.15696122	0.01574247	-0.06780957	0.01559078
0.99291446	-0.29017869	-0.15151578	0.01602110	-0.05023551	-0.02467224
0.99118519	-0.28233035	-0.14967662	0.01251550	-0.05208013	0.00319609
0.98770460	-0.28855815	-0.14951114	0.02145272	-0.01955419	-0.02459670
0.99222512	-0.29379882	-0.14024716	0.01509706	-0.01790524	-0.01153836
0.98831882	-0.28000842	-0.15813226	0.03125105	-0.05112997	-0.02638326
0.98635918	-0.27858804	-0.15875203	0.01952248	-0.00795520	0.00320479
0.98699763	-0.28843746	-0.16086083	0.01999358	-0.01398631	0.00684934
0.99152136	-0.28668652	-0.15084067	0.02725716	0.00197461	0.01309516
0.98347941	-0.28898576	-0.14765133	0.02072546	0.01123693	-0.00936115
0.99082512	-0.27936854	-0.14104701	0.02064403	0.02809670	0.00476495
0.98768757	-0.29415553	-0.13154043	0.02408195	0.00618066	-0.02057954
0.98714238	-0.29003212	-0.14211393	0.02429144	0.02984730	-0.00510492
0.98865733	-0.28851909	-0.14744685	0.02948564	-0.00696330	0.00387089
0.98521256	-0.28987300	-0.14490307	0.02680981	0.04130589	-0.02378861
0.98595804	-0.28440006	-0.13842770	0.02631948	0.03252632	0.02266421
0.98447858	-0.29356832	-0.13645745	0.03252339	0.00160487	-0.00120525
0.98622428	-0.29196843	-0.14041481	0.02348805	0.02815196	0.00700411
