-0.16516065	-0.16934966	-0.98049545	0.01202477	0.00384974	0.00301929
-0.16666781	-0.16814635	-0.98444888	0.00676856	-0.00251099	0.00109077
-0.16647424	-0.16266904	-0.98770049	0.01244364	0.00803612	-0.00020566
-0.16480353	-0.15814734	-0.98893852	0.00809875	0.00543107	-0.00117961
-0.16576380	-0.16471552	-0.98346315	0.00429144	0.00464057	-0.00424486
-0.16653458	-0.16195313	-0.98408297	0.00265911	-0.00421637	-0.00278360
-0.16707943	-0.16680021	-0.98421274	-0.00866363	0.01031680	-0.00088746
-0.16556839	-0.16454923	-0.98278582	0.00121288	0.00918952	-0.00179803
-0.16616556	-0.16850390	-0.97702892	0.00430846	0.01058868	-0.00072185
-0.16231614	-0.16854011	-0.98717297	0.01493116	-0.00037712	-0.00246256
-0.16030169	-0.17361011	-0.98132029	0.00119925	-0.00719010	0.00125414
-0.16450189	-0.17422523	-0.98129167	-0.00607956	-0.00380242	0.00398177
-0.16555593	-0.17373387	-0.97813474	0.00123755	0.00443415	0.00705954
-0.16328541	-0.17136615	-0.98761921	-0.01243996	0.00127129	0.00185707
-0.16091608	-0.17132211	-0.98568159	-0.00048194	0.00935609	0.00592289
-0.16030364	-0.17190547	-0.98437308	0.00792429	-0.01007552	0.00333850
-0.16453205	-0.16994030	-0.98928775	0.00748432	-0.01241972	0.00245800
-0.16900953	-0.17010397	-0.98519449	-0.00649953	-0.01297953	0.00123999
-0.17106382	-0.17036359	-0.98044678	0.00864863	-0.00253144	0.00044579
-0.16506552	-0.16771247	-0.99169090	0.02664436	-0.00121017	-0.00265280
-0.16356198	-0.16885465	-0.99102642	0.01402157	0.00464863	-0.00281222
-0.16566440	-0.17024658	-0.98111876	0.01758338	-0.00646542	-0.00267041
-0.16114467	-0.16604779	-0.98270296	-0.00132666	-0.00080399	-0.00357966
-0.16237933	-0.16934905	-0.98305669	-0.00262875	0.00464235	-0.00299237
-0.16255195	-0.16806805	-0.99173990	0.00190608	-0.00063047	-0.00350869
-0.16392371	-0.16938369	-0.98645282	0.01120754	-0.01132973	-0.00460939
-0.16267076	-0.16576168	-0.99279611	-0.00002871	-0.00844870	0.00190081
-0.16642450	-0.16553608	-0.99230023	0.00349231	-0.00366485	0.00807200
-0.16827918	-0.16694517	-0.99590352	0.00584199	-0.00524503	0.00709299
-0.16872713	-0.16839194	-0.98855579	0.01358380	-0.00635786	0.00656463
-0.16600722	-0.17069700	-0.98250017	0.01061692	-0.01568363	0.00701302
-0.16522291	-0.16631614	-0.97481233	0.01985072	-0.00704280	0.00130902
-0.16738333	-0.16872539	-0.98407262	0.01260277	-0.01053391	-0.00381502
-0.16726223	-0.16569103	-0.98282350	0.01193865	-0.01142847	0.00120899
-0.16795690	-0.16754338	-0.98603661	0.00952130	-0.00700270	0.00009695
-0.16363510	-0.16663621	-0.98611573	0.00648173	0.01495569	-0.00315094
-0.16607947	-0.16933296	-0.98044653	0.00392936	-0.00288762	-0.00148596
-0.16611632	-0.16750681	-0.98614470	0.02301338	0.00079438	0.00045681
-0.16417084	-0.16765842	-0.98488254	0.01928832	-0.01334587	-0.00077077
-0.16561475	-0.17127256	-0.98440564	0.01237925	0.00363843	0.00378489
-0.16810844	-0.16761045	-0.98759000	0.01849735	0.00116175	0.00381076
-0.16989506	-0.17379144	-0.98254332	0.01520807	-0.00637528	0.00067461
-0.16605265	-0.17331508	-0.97441196	0.01757266	-0.01359822	0.00155039
-0.16639005	-0.17761697	-0.98111593	0.01570717	-0.00584646	0.00037391
-0.16859831	-0.17713519	-0.98154518	0.01867538	-0.00645869	0.00225298
-0.16740733	-0.17824493	-0.98445284	0.01486576	0.00345477	0.00259108
-0.16562121	-0.17451573	-0.99156861	0.01869041	-0.00294475	0.00197255
-0.16315006	-0.17551836	-0.99334093	0.00741004	-0.00953886	0.00152989
-0.16393208	-0.17206699	-0.98414369	0.02222866	-0.01303165	0.00063427
-0.16305301	-0.17174919	-0.97921326	0.01612301	-0.00724911	0.00272847
-0.16423378	-0.17398261	-0.98326349	0.02009664	-0.00673547	0.00286403
-0.16561586	-0.17491417	-0.98771103	0.01143924	-0.01215805	0.00095152
-0.16742298	-0.17900827	-0.98915390	0.00432293	0.00375235	0.00096394
-0.16583149	-0.17733925	-0.98329846	0.01151959	0.00664519	0.00118077
-0.16925678	-0.17460736	-0.97646928	0.00970295	-0.00236311	0.00271235
-0.16947526	-0.17675891	-0.97592969	0.01273781	0.00075432	0.00107311
-0.16794639	-0.17452172	-0.98274969	0.00091079	-0.00370294	0.00105315
-0.16608239	-0.17474921	-0.98865386	0.00224875	0.00720991	-0.00145175
-0.16522498	-0.17491093	-0.98893395	-0.00642128	0.00768647	-0.00024439
-0.16599142	-0.17386507	-0.98957303	-0.00444588	0.00093420	-0.00162871
-0.16524602	-0.17547740	-0.99255589	-0.00333169	-0.00133992	-0.00430620
-0.16674842	-0.18180126	-0.99098630	-0.00330083	0.00481222	-0.00421172
-0.16454905	-0.17645194	-0.98604525	-0.01346134	0.00330693	-0.00136046
-0.17157135	-0.17928398	-0.98296967	0.00850864	0.00036166	-0.00297151
-0.17136687	-0.17814115	-0.98606732	-0.00764764	-0.00263984	0.00071631
-0.16925994	-0.17475017	-0.98380136	-0.00073392	0.00215405	-0.00287573
-0.16770027	-0.17200836	-0.98524978	0.00540386	0.00466054	-0.00191873
-0.16547846	-0.17767793	-0.98022638	-0.00685456	0.00538510	-0.00348115
-0.16506297	-0.17285987	-0.98584298	-0.00822229	0.00165889	-0.00019749
-0.16733597	-0.16787781	-0.97998020	0.01131944	0.01060021	0.00222733
-0.16563230	-0.17083554	-0.97975591	0.00784386	-0.00905346	0.00235753
-0.16842395	-0.17631277	-0.98778943	-0.00407826	-0.00187964	0.00314747
-0.16535265	-0.17898137	-0.98832705	0.01550688	0.00206941	0.00119453
-0.16753484	-0.17630468	-0.98738546	0.01255144	0.00388893	-0.00010349
-0.16294451	-0.17563045	-0.98055255	-0.00013625	0.00510980	-0.00439395
-0.16598838	-0.17467859	-0.97662113	-0.00080999	-0.00262568	-0.00475072
-0.16552260	-0.16920813	-0.98214627	-0.00301986	-0.00611587	-0.00161278
-0.16258670	-0.16953306	-0.98796389	-0.00807195	-0.00419678	0.00300987
-0.16468854	-0.17555784	-0.97226710	-0.01508238	0.00634746	-0.00455128
-0.16456203	-0.16838519	-0.97542764	-0.00488310	0.00063890	-0.00430371
-0.16611720	-0.17224185	-0.98323772	-0.00851490	0.01189142	-0.00273859
-0.16269141	-0.17148959	-0.97858478	-0.01192088	0.00507079	-0.00175362
-0.16343549	-0.17294794	-0.98749911	-0.01005333	0.01541738	0.00094437
-0.16614115	-0.17579289	-0.99726735	0.00378921	0.01142725	0.00054623
-0.16878929	-0.17331804	-0.99019890	-0.02315344	0.01608224	0.00052854
-0.16587681	-0.17483381	-0.98982975	-0.02202257	0.01687578	-0.00024824
-0.16718204	-0.17363741	-0.98067636	-0.01332197	0.03678765	0.00039605
-0.16557923	-0.17188933	-0.97401574	0.00849633	0.01758661	-0.00255800
-0.17002145	-0.17439970	-0.98004652	0.02165879	0.01255533	-0.00150167
-0.16715018	-0.17382089	-0.98834973	0.01664683	0.00205288	-0.00246333
-0.16908700	-0.17382571	-0.98779408	0.01947884	0.00709815	0.00088187
-0.16457966	-0.17480189	-0.98731333	0.00331094	-0.00369824	0.00750574
-0.16519831	-0.17072298	-0.99112014	0.00540800	-0.00068003	0.00335273
-0.16236718	-0.17107713	-0.98673392	-0.00409440	-0.00978495	0.00130126
-0.15561139	-0.17345473	-0.98016626	0.00889503	0.00007299	-0.00017413
-0.15508571	-0.17564184	-0.97485300	-0.00025967	-0.00275844	-0.00043418
-0.15606425	-0.17202175	-0.97290041	-0.01754857	0.00652909	-0.00399725
-0.16328051	-0.17257750	-0.97854160	-0.02112414	-0.00220285	-0.00207127
-0.16472061	-0.17106733	-0.98433055	-0.02359947	-0.00137849	0.00138775
-0.16202941	-0.17252069	-0.99172844	-0.04258063	-0.00055035	0.00331771
-0.16437775	-0.17307231	-0.98566911	-0.03749028	0.00768448	-0.00167277
-0.16674215	-0.17069721	-0.98186454	-0.02834179	0.00414749	-0.00047010
-0.16363572	-0.16924559	-0.98185730	-0.03381903	0.01133173	0.00182010
-0.16092024	-0.16765850	-0.98728445	-0.03806436	0.01667350	-0.00248060
-0.16405562	-0.16559290	-0.98498336	-0.04324393	0.00116845	-0.00053083
-0.16507164	-0.16866569	-0.98352675	-0.04193987	0.01360888	0.00022048
-0.16006196	-0.16936289	-0.97962550	-0.02481046	0.00276665	-0.00161686
-0.15981064	-0.16398044	-0.98280386	-0.02094988	-0.00016304	-0.00050739
-0.16044299	-0.15970416	-0.98208300	-0.01169770	0.00765235	-0.00112619
-0.15961654	-0.16031990	-0.98171555	-0.00564237	0.00372407	-0.00047163
-0.16081795	-0.15931692	-0.98613238	0.00004359	0.00246803	0.00168389
-0.15875492	-0.15981541	-0.99098380	0.00894406	0.00432513	0.00217119
-0.15968791	-0.15740769	-0.98844764	-0.00078237	0.00147196	-0.00127580
-0.16542252	-0.16246970	-0.99458382	-0.00082511	-0.00362768	-0.00117375
-0.16647815	-0.16311057	-0.99041910	0.00884940	0.00011671	0.00071950
-0.16451747	-0.16399526	-0.98725349	0.01147923	-0.00828983	0.00289117
-0.16483372	-0.16594448	-0.98142674	-0.00792915	-0.00271232	-0.00050627
-0.16552879	-0.16488216	-0.98986724	0.00296701	0.01193243	-0.00091357
-0.16398826	-0.17013942	-0.98655429	-0.00502755	-0.00031381	-0.00125154
-0.16382519	-0.16761373	-0.98962612	-0.01307655	0.00042809	-0.00231840
-0.16364950	-0.16617419	-0.98758174	-0.01329355	-0.00327867	0.00075566
-0.16195751	-0.16564033	-0.99316117	-0.01785921	0.00044127	0.00218142
-0.15852772	-0.16635052	-0.99283327	-0.00952660	-0.00924549	-0.00012637
-0.16038136	-0.16572217	-0.98267177	-0.00538218	-0.00120721	-0.00279738
-0.16588731	-0.16462595	-0.98636262	-0.01145098	0.00593386	0.00101238
-0.16505618	-0.16747135	-0.98879922	-0.00796250	0.00553092	-0.00361122
-0.16275710	-0.16408426	-0.98313761	-0.01188907	-0.00385493	-0.00095157
-0.16459284	-0.16355077	-0.98540788	-0.00961452	0.00512012	0.00065274
