-0.02613007	0.42770422	0.63187629	0.26265873	-0.55299628	0.39298975
-0.00374412	0.45056452	0.69966835	0.43648738	-0.56219290	0.48388151
-0.00903731	0.53215259	0.58707841	0.29143276	-0.54952574	0.68268549
0.04158024	0.45968389	0.64911026	0.16418967	-0.58439323	0.72278032
0.05958474	0.39143518	0.63135810	0.19842320	-0.68184611	0.65598505
0.04126937	0.46392095	0.65829175	0.18740939	-0.92157382	0.42746162
0.06345005	0.41848133	0.75344185	0.39600933	-1.07741154	0.50625205
0.14008103	0.48177733	0.88016323	0.31453875	-0.63835519	0.48478963
0.19356063	0.45737163	0.82414086	0.50542741	-0.59228463	0.46510749
0.24212990	0.58581008	0.80081734	0.47014756	-0.44622606	0.48015147
0.22240716	0.62896893	0.81926676	0.14991716	-0.23812359	0.52772980
0.19768727	0.66109389	0.95220126	0.06671825	-0.26286558	0.58688046
0.15077512	0.66549267	1.06163221	-0.01893306	-0.75882244	0.55874640
-0.00148909	0.66576511	1.09217171	0.14528491	-0.75457589	0.48334669
0.01680781	0.58776438	0.97031890	0.26818097	-0.87879111	0.53628572
0.03931070	0.53125915	0.84523390	0.10206531	-0.67150444	0.67104346
0.15364918	0.49686717	0.80570167	0.35180373	-0.28588758	0.61402269
0.21344291	0.49418615	0.83348036	0.21757414	-0.48381104	0.50406386
0.16446486	0.53364129	0.87722966	0.44400806	-0.21699584	0.35854056
0.12780045	0.59585447	0.77025919	0.56817859	-0.38272596	0.47218847
0.07881976	0.65220895	0.82303122	0.29565531	-0.55817018	0.43377181
0.08150852	0.64073034	0.89119449	0.08694255	-0.54615855	0.43087485
0.11306790	0.59492137	0.76272675	0.07433369	-0.45566638	0.42385235
0.19886944	0.57657429	0.87470085	0.10827732	-0.35598085	0.44909279
0.20996911	0.53565215	0.95298828	0.03360822	-0.48860162	0.39868258
0.20711139	0.51723509	1.05623500	0.18598634	-0.39529415	0.41729809
0.17034760	0.54433126	0.96567273	0.38858255	-0.34862718	0.55470001
0.14546115	0.56010954	0.90821990	0.41419569	-0.53656678	0.56702950
0.17813777	0.51983075	0.82882841	0.38781354	-0.55060455	0.61904311
0.18224887	0.54907346	0.88078422	0.23349944	-0.41765915	0.53829144
0.14682604	0.51100639	0.87869999	0.49440545	-0.42053726	0.43828343
0.15175863	0.58462405	0.84914824	0.45013964	-0.15953814	0.37005393
0.19625733	0.61364838	0.70637575	0.32303561	-0.11692148	0.29169001
0.16091939	0.63003232	0.77664889	0.21816818	-0.23208541	0.42243729
0.13000933	0.62677681	0.80941955	0.24820230	-0.27263523	0.43154842
0.08170678	0.64313127	0.83147159	0.15383453	-0.22739108	0.38997425
0.08471611	0.62216270	0.82797974	0.04948944	-0.25334958	0.34619424
0.15310832	0.63673928	0.82525314	0.17636426	-0.36755712	0.24223249
0.11273634	0.61607900	0.76686847	0.04094813	-0.30208375	0.41354577
0.15230458	0.62337877	0.69080369	0.16604833	-0.37053221	0.36762255
0.19163333	0.62520852	0.75157830	0.24564542	-0.21587819	0.29812441
0.11623406	0.58233322	0.82107671	0.09035025	-0.12932779	0.24541009
0.16250589	0.59758026	0.78635975	-0.00464992	-0.21193425	0.25866420
0.15648723	0.62102144	0.77184852	0.04655308	-0.19039837	0.20134355
0.13695999	0.59116026	0.74753411	-0.10511434	-0.25823060	0.20098750
0.18921294	0.60092542	0.83262893	0.08243267	-0.15640074	0.35834792
0.15075163	0.60445824	0.75407718	-0.02347158	-0.36041369	0.15972808
0.19088803	0.59845302	0.82882882	-0.04152192	-0.22918482	0.15561185
0.20949658	0.60636192	0.79209393	0.00600939	-0.15644153	0.23711728
0.11390239	0.66081352	0.93534417	-0.27681466	-0.13874045	0.17604249
0.11349117	0.64728786	0.75596059	-0.25902646	-0.19607272	0.24629462
0.09748485	0.63888142	0.79862506	-0.35283031	-0.32858016	0.16420979
0.16480286	0.59354453	0.76563250	-0.22096340	-0.31316797	0.29072180
0.13628693	0.55265693	0.79812898	-0.17058922	0.01591721	0.22785867
0.12755949	0.52446530	0.77938967	0.02515162	-0.16554230	0.28931990
0.10885002	0.54475875	0.81730183	0.02340346	-0.07346127	0.33807170
0.03575447	0.52623613	0.81747943	-0.05045891	-0.20301155	0.34125302
0.05747314	0.51788582	0.89213518	-0.02817721	-0.33612755	0.30498641
0.06455816	0.43866412	0.86440151	0.06015843	-0.37701279	0.31572783
0.13354546	0.50156451	0.79300081	0.01787489	-0.20695651	0.35040032
0.11783888	0.49846842	0.87454725	0.25276041	-0.21109989	0.40045406
0.14447578	0.58967344	0.85563776	0.05062356	-0.18519775	0.39675136
0.12444659	0.52173788	0.79483982	0.11354825	-0.09837166	0.40368535
0.08027176	0.54163402	0.85328805	0.13193826	-0.23814637	0.32176887
0.14731666	0.52582036	0.78930497	0.13476124	-0.43739344	0.27979516
0.13559710	0.47334991	0.72022991	-0.02975215	-0.20937627	0.38788655
0.11880391	0.46889365	0.91084601	0.20484653	0.03525837	0.30484101
0.15723338	0.49320386	0.84936087	0.18774265	-0.06884041	0.38294091
0.11365724	0.52950738	0.83604892	0.18892220	-0.07892978	0.33636511
0.09855949	0.52937856	0.83287808	0.13454316	-0.23857459	0.34402785
0.11437850	0.55556853	0.72148625	0.12832206	-0.25979423	0.22112280
0.11960516	0.54025795	0.93358726	0.16660569	-0.33287361	0.42899163
0.05031166	0.56555142	0.85589820	-0.04243660	-0.33899550	0.19079154
0.07301720	0.52337062	0.83199705	0.07462794	-0.38939597	0.35021765
0.11119976	0.56206681	0.83473392	0.01376781	-0.13629058	0.27245036
0.08151427	0.57497973	0.80641271	0.05710056	-0.01214018	0.30298159
0.06927780	0.54978345	0.83248178	0.17175108	-0.24277470	0.11817020
0.07384579	0.55241272	0.77135721	-0.02262077	-0.07735440	0.33505239
0.09083283	0.55670521	0.81049636	-0.00445759	-0.25174501	0.25519748
0.06544295	0.54526814	0.87530983	0.01364616	-0.21708747	0.33118393
0.09570032	0.55209220	0.93268728	-0.02430083	-0.29544649	0.26471217
0.07283987	0.54447787	0.85551555	0.07963691	-0.15829070	0.36298979
0.11538411	0.52608121	0.87481502	-0.04131135	-0.29136558	0.24917781
0.05671318	0.52865527	0.90136397	0.17900145	-0.22584475	0.38285165
0.05212268	0.51950950	0.93849973	-0.04226842	-0.24350948	0.22918217
0.12159548	0.52317613	0.86045386	-0.01016319	-0.09544376	0.21330094
0.12713217	0.54530924	0.88833512	-0.05870725	-0.15705617	0.28916043
0.06922332	0.52838477	0.88182606	0.02130559	-0.15775943	0.25263187
0.03440764	0.58025051	0.84003270	0.07751607	-0.18270850	0.24578553
0.06789501	0.50861476	0.92130870	0.13920351	-0.15165343	0.30255231
0.03606217	0.46800512	0.84040530	0.05785182	-0.25245707	0.22180523
0.11595069	0.56264952	0.86220642	0.05382717	-0.15902500	0.16507241
0.06336367	0.57585018	0.84106584	0.07961086	-0.14973527	0.18132876
0.05725619	0.53490498	0.86987920	-0.02603035	-0.25559029	0.37339335
0.08380673	0.49869125	0.82512035	0.04286960	-0.19661283	0.35140464
0.07595955	0.53029809	0.83187144	-0.02061037	-0.10267392	0.37267220
0.07400810	0.56930262	0.73699594	0.03243208	-0.15362161	0.30531506
0.10557709	0.51072391	0.84840196	0.12149620	-0.26028264	0.22590385
0.07370218	0.55710159	0.86941150	-0.02223498	-0.15986018	0.12381462
0.06369376	0.56783980	0.88277832	-0.06270051	-0.21473703	0.23421544
0.08613916	0.53850232	0.84659832	0.08931398	-0.36554041	0.22216596
0.06935838	0.56702967	0.86215553	0.16586160	-0.22774617	0.17662022
0.07705409	0.56278255	0.91764581	0.10987397	-0.39713347	0.25674901
0.04162380	0.54067476	0.78445278	-0.03313131	-0.15548993	0.20150967
0.09771876	0.47804215	0.81776501	0.03662266	-0.15488297	0.17045630
0.08088822	0.54478702	0.88219631	-0.02123012	-0.13182269	0.20315043
0.06196470	0.52603362	0.86439067	0.09322747	-0.40414567	0.20582324
0.03504962	0.53759473	0.81345861	0.02035889	-0.08192540	0.26706060
0.05362152	0.53399997	0.84394813	0.07005674	-0.12409900	0.21536000
0.05959183	0.50788506	0.84285037	-0.08558562	-0.11664594	0.18446485
0.02536045	0.51708768	0.91925907	0.06747018	-0.27033011	0.12853636
0.07263915	0.53574140	0.89221097	0.03432162	-0.17102900	0.16728469
0.07099015	0.48018326	0.89349770	-0.10668954	-0.12719559	0.27321173
0.07507321	0.55632840	0.89175005	-0.06356243	-0.13608775	0.30155788
0.10546585	0.48200183	0.87751014	0.03604215	-0.16472608	0.22354818
0.07810911	0.48593430	0.85449994	-0.11626964	-0.08777129	0.25177185
0.03339591	0.51528147	0.94590179	0.10514026	-0.09811689	0.21652111
0.03701133	0.52372706	0.77929449	0.04387026	-0.03310713	0.11945794
0.07429569	0.49510937	0.81863163	-0.04413457	-0.19883646	0.24519035
0.04735281	0.54967508	0.90479451	-0.15804060	-0.26377994	0.13360578
0.05215836	0.50807602	0.87724652	0.02905265	-0.15284473	0.17372634
0.06820922	0.52289972	0.83086188	0.06424712	-0.01113459	0.16890573
0.07421946	0.50620192	0.88793096	-0.06502029	-0.17243718	0.11160454
0.04010796	0.55093075	0.83704685	0.07485341	-0.01033659	0.20103337
0.04965528	0.53081066	0.86533060	-0.07248768	-0.12779430	0.12247092
0.04275950	0.53560517	0.85279127	-0.04034747	-0.10623444	0.17021820
0.05240568	0.53395384	0.81040961	-0.19710947	-0.06328380	0.17220972
0.06490830	0.53705429	0.92249149	-0.05253652	-0.33546691	0.15023920
