1.47915442	-0.05250968	0.13461612	0.22188518	0.30753265	-0.31344476
1.54945609	-0.33889268	0.13500052	-0.16616698	0.67396908	0.26682961
1.36157339	-0.18309540	0.05801032	-0.14035635	0.20110416	0.52276685
1.29835105	-0.32274819	-0.26565992	-0.07156019	-0.33837819	0.61034532
1.29781580	-0.48649267	-0.18592093	0.82478009	-0.05107616	0.49109282
0.90167208	-0.53799099	-0.22657373	1.04764466	0.05567877	0.17960707
1.13986765	-0.52115456	-0.45870841	0.97114024	0.26439435	0.14744856
1.06822052	-0.39637855	-0.37893130	0.96273729	0.53156332	-0.07074711
1.02581922	-0.23834987	-0.26768598	0.26768349	0.66650851	-0.15069289
0.80092226	-0.15965308	-0.28169027	0.03650511	-0.21321881	-0.58081612
0.73543212	-0.29237668	-0.09501853	0.01106988	-0.58815337	0.02803949
0.83723886	-0.48000641	-0.00896416	0.25352809	-1.17510521	-0.30492295
0.76898748	-0.37289091	-0.18405258	0.41289900	-0.87456311	-0.27391842
0.53461717	-0.50487297	-0.13530251	0.64834247	-0.85519402	-0.56048658
0.70534536	-0.36160167	-0.10598253	0.75708262	-0.58590630	-0.53388990
0.61638110	-0.32488730	-0.23227347	0.16366500	-1.00701028	-1.09943965
0.56375015	-0.07561280	-0.19417215	0.30149604	-0.32330830	-0.35912134
0.91768045	-0.12219629	-0.21788527	0.81137450	-0.13396125	-0.46411795
0.98302925	-0.02379447	-0.20606338	0.40474573	-0.06925820	-0.41554632
0.77067227	0.17711391	-0.14930888	0.74769179	-0.09720909	-0.55483869
0.86168659	-0.09749161	-0.01573149	0.18100295	-0.38792675	0.04895208
0.88612920	-0.08358176	-0.04109588	0.12039308	-0.17410118	0.02811295
1.03561771	0.09811045	0.01591020	-0.22324150	-0.22082008	0.05335783
0.78232290	-0.04656733	-0.05074939	-0.08750295	-0.44982103	0.24939487
1.23977070	-0.04683051	-0.15170891	-0.09730850	-0.63880592	0.38329623
1.09340699	-0.04426934	-0.27492726	-0.23014213	-0.19153386	0.36812449
1.09223968	-0.03905754	-0.25050768	-0.11898174	0.46966320	-0.04579497
1.22456174	-0.04085701	-0.19600695	-0.10612296	0.13405092	-0.03470712
1.47246231	-0.05589915	-0.09809573	0.24714630	0.19370033	-0.44172829
1.45500295	-0.30574904	0.02805773	-0.06938471	0.11614049	-0.67492431
1.51791209	-0.07821359	-0.03523092	0.30411388	0.24571437	-0.55062350
1.18215053	-0.10187187	-0.35374677	-0.33201677	0.46223052	-0.36665357
1.31362028	-0.13228854	-0.40964172	-0.25400866	-0.04698751	-0.54296366
1.15342038	-0.14330400	-0.27122910	-1.50148674	0.09986030	-0.15117289
0.86316791	-0.22521741	-0.37294624	-0.79679186	0.12808340	-0.30112967
0.88573217	-0.36156370	-0.43742193	-0.56841461	-0.10399728	-0.26748321
0.98623641	-0.44953376	-0.26078541	-0.64039259	0.51598353	-0.35742173
1.15238110	-0.34041345	-0.25284071	-0.41052963	0.50092800	-0.11513130
1.46042881	-0.27315853	-0.39562474	-0.22245303	0.87367075	0.51799784
1.40273765	-0.17188487	-0.29072255	-0.30791524	1.12669351	0.64287502
0.96615472	-0.01975902	-0.15968851	-0.43670101	0.65765995	0.38269215
0.82822223	-0.18734461	-0.12859122	-0.44152060	0.73193931	0.63328595
0.74872951	-0.05485931	-0.23108569	-0.43883521	0.45647934	0.88558574
0.61371028	-0.09190916	-0.14886988	-0.98189349	0.02355594	0.55514499
0.64781841	-0.05328595	-0.07909623	-1.32638352	0.21028953	0.74053851
0.76792857	-0.08187614	-0.01340636	-0.82332708	0.01179271	0.72008401
0.59786117	-0.16119365	-0.05048172	-1.11464995	-0.15706699	0.47520661
0.71465348	-0.22535565	0.07888002	-0.93034677	-0.49146601	0.17389939
0.57821513	-0.28391305	0.08980204	-0.68264067	-0.53708273	0.19957020
0.69761624	-0.32857074	-0.08395229	-0.72084089	-0.30362050	0.33209387
0.68219390	-0.36620820	0.00115567	-0.81570571	-0.10422662	-0.04067838
0.70863149	-0.37874541	-0.02642641	-0.05846371	0.57721189	-0.18036665
1.06641770	-0.36838557	-0.08416131	-0.28602255	-0.07893994	-0.21549349
1.06652274	-0.21471552	-0.15669737	-0.33910249	0.41438056	-0.29439522
1.15888217	-0.12666453	-0.08671872	0.17313367	0.65795347	-0.07357417
1.38035260	-0.01459124	-0.15975294	0.07065917	0.45470341	-0.26696128
1.58639266	-0.00990887	0.12405347	0.07688320	0.47282473	0.04649452
1.56909996	0.00114058	0.16918525	-0.01261307	0.89283752	0.60994052
1.57859407	-0.16857361	0.15329178	-0.15988101	0.65309155	0.69214765
1.24476417	-0.35146703	0.04186667	0.17061712	0.22513556	0.90050483
1.12544662	-0.45681540	-0.05292195	0.51058986	0.34675467	0.61209380
1.09411175	-0.53399239	-0.30307824	0.63778781	0.20189705	0.25537431
1.07926104	-0.55006044	-0.27798162	0.50545518	0.29106215	0.20682029
1.00666386	-0.26731578	-0.08256306	0.44685479	-0.00923261	-0.24248765
0.74362792	-0.23038241	-0.20057291	0.13408444	0.08632907	-0.45078341
0.99585846	-0.11700419	-0.14903514	-0.14622077	0.01565735	-0.48216921
1.15151853	-0.20122762	-0.09744149	0.02808614	-0.42916432	-0.42085858
1.14788846	-0.20774905	-0.10255179	0.17854591	-0.27470259	-0.25817428
0.98125043	-0.38519515	0.15076013	0.03067081	-0.82235093	-0.14519604
0.84497078	-0.35383251	-0.13690874	0.03215159	-0.40213910	-0.56127437
0.84581113	-0.29533726	-0.10742918	0.20287114	-0.33715613	-0.62881139
0.81334542	-0.30272824	-0.16087595	0.27617928	-0.53783115	-0.60291500
0.67420763	-0.21550680	-0.16969196	0.29625747	-0.45777638	-0.50703683
0.66849546	-0.22510450	-0.22827953	0.38806682	-0.60455639	-0.35480545
1.02476679	-0.11536787	-0.10634538	0.39086176	-0.38647254	0.00889511
0.74223941	-0.13497777	-0.20013677	0.32252235	-0.08510374	-0.33724990
0.64987581	-0.12067587	-0.18199174	0.10704541	-0.23801157	-0.01052730
0.89692766	0.01219438	-0.02331504	0.03415711	-0.32921709	0.07721950
0.70543757	-0.01848142	-0.04172840	0.08153534	-0.59697783	0.25649565
0.91591611	-0.10409111	-0.11395113	0.58975771	-0.35227567	0.13273117
1.07401293	-0.02857303	-0.11909661	0.07068639	-0.54984179	0.20669733
1.12191354	-0.10384264	-0.12376138	0.25929670	0.28819155	0.26255917
1.21332191	0.04753313	-0.16291109	-0.00923340	-0.19520397	-0.02036974
1.17206320	-0.17410097	-0.11728192	-0.05050198	0.15912656	-0.09054795
1.46023058	-0.23112138	0.02334664	-0.14569009	0.20018619	-0.14853045
1.18497409	-0.12287202	-0.13600803	0.17177126	0.00837126	-0.74955513
1.32312926	-0.09829692	-0.21541757	-0.16362839	-0.03722734	-0.35110224
1.29723518	-0.32407002	-0.42401137	-0.19283053	-0.30631720	-0.62758794
1.22227966	-0.25738619	-0.48532419	-0.32346727	-0.16207886	-0.78447952
0.99901896	-0.29929970	-0.37708337	-0.44567329	-0.12018218	-0.39596228
0.90444182	-0.50027816	-0.31396097	-0.46077111	-0.51517322	-0.59535891
1.29342842	-0.35523078	-0.45535662	-0.13603794	-0.01005292	-0.35834012
1.30194549	-0.34776272	-0.41548590	-0.06319206	0.36614472	-0.28979198
1.30050746	-0.11227587	-0.25566523	0.04335190	0.84248769	0.37013729
1.17156394	-0.11655913	-0.23992296	0.42088377	0.66468347	0.73061762
1.04836442	-0.19057826	-0.20329279	-0.14672427	0.33119801	0.57065400
1.05607949	-0.04123059	-0.06949520	-0.00319955	0.67036903	0.70012497
0.61012742	-0.02610937	-0.14541470	-0.41457506	0.20769907	0.81383400
0.71893034	-0.10605862	-0.10740500	-0.81853251	0.48443015	0.57842513
0.58665157	-0.02899285	-0.01688824	-0.68419371	0.15969904	0.57465252
0.56598282	-0.20889118	-0.01007740	-0.92777469	-0.17702477	0.38131691
0.85648778	-0.06803907	-0.15056362	-0.83999510	0.17560042	0.19145835
0.76922077	-0.38936321	0.01836209	-0.86248647	-0.37206112	0.74006432
0.83170814	-0.31205142	-0.17516759	-0.46813944	-0.30694614	0.07480603
0.77397299	-0.44815957	-0.03126792	0.00083575	-0.16835636	-0.03830352
0.69742485	-0.54164178	-0.04712686	-0.07680941	-0.01188470	-0.22924382
0.83785781	-0.31768543	-0.05854999	0.42201787	-0.25455919	0.17878989
0.75410893	-0.41396624	0.01382625	0.36861228	0.21079203	-0.32091943
0.68299275	-0.19492089	-0.02170614	0.26524094	0.17373297	-0.58183744
1.08127897	-0.23826433	-0.06336097	0.19454200	-0.04101303	-0.26312207
1.15982081	-0.10752978	-0.17750018	0.23106014	-0.01788625	-0.09020516
1.26606564	-0.18091249	-0.14509569	-0.06906764	-0.10176566	-0.15544445
1.31253606	0.00691466	-0.09377319	0.11844838	0.21897174	-0.30588458
1.50581237	-0.11246800	0.07986325	-0.12082968	0.48276525	0.12119710
1.30365372	-0.06001135	0.06431197	0.17898515	0.58659600	0.52998928
1.47782605	-0.25468082	-0.02080695	-0.25417853	0.20001137	0.72480645
1.19134402	-0.29234641	-0.12457967	0.14554838	-0.10430922	0.36086305
1.23952475	-0.60828533	-0.22861376	0.36916385	0.26760887	0.70199230
1.16268811	-0.75616545	-0.23897578	0.96634080	0.21363077	0.36662050
0.97241906	-0.54338513	-0.14453636	0.93134073	0.50055688	0.18186233
0.85598142	-0.30535813	-0.27130649	0.88077967	0.56394561	-0.16438653
0.75698234	-0.23732136	-0.25548489	0.17952837	0.47279493	-0.48412925
0.71271219	-0.05832020	-0.17279501	0.20273675	0.13490034	-0.54066382
0.78586109	-0.28066473	-0.22637059	0.12236179	-0.37378924	-0.39137262
0.81047122	-0.49732152	-0.11101897	0.02928146	-0.40515006	0.15781622
0.89323982	-0.35037328	-0.07571452	0.47785585	-1.01433726	-0.29271433
1.07284469	-0.29044897	-0.12858989	0.51341447	-0.53715833	-0.38694187
0.84827810	-0.44346607	-0.17612381	0.52966928	-0.38130911	-0.50408055
