0.81692397	0.08665943	-0.13701667	-0.91476500	0.06655704	-0.06858344
1.02643920	0.11471237	-0.11538858	-0.75435491	-0.17883779	0.43401749
1.18348529	0.00271165	-0.28545320	-0.98053787	-0.33586361	0.02012153
1.63316034	-0.20587287	-0.64084811	-1.28931804	-0.55987883	0.11056066
1.68114450	-0.28288224	-0.63500865	-1.15572957	-0.03678279	-0.32347378
1.38039370	-0.33594098	-0.62590108	-0.92484942	-0.68887544	-0.47779150
1.36632281	-0.30342096	-0.57659902	-0.56456136	-0.04131641	0.20560166
1.30360110	-0.29834961	-0.61927167	-0.87218534	-0.14501131	0.59658457
1.24286651	-0.21590888	-0.57601768	-0.81663830	0.45272085	0.75616108
1.13813268	-0.02066656	-0.31771865	-1.15897837	0.15232935	0.65189188
1.04927281	-0.05556855	-0.42733541	-1.41509945	0.39908550	1.11408759
1.03069692	0.01419533	-0.50675112	-1.38583837	0.46060703	0.68476027
1.10568793	-0.01430710	-0.40192482	-1.38865213	0.19839029	1.01422977
1.18781078	-0.23617156	-0.30100777	-1.31199906	0.62769829	0.48690380
0.90138105	-0.36099797	-0.43044823	-1.31861718	0.55690695	0.87262745
0.80131985	-0.45434976	-0.26135840	-0.56547648	0.84837670	0.75238893
0.72085651	-0.41754339	-0.22242181	-1.10054437	0.92554654	0.34823954
0.70404823	-0.49541214	-0.25764746	-0.39218983	0.91775860	0.56881079
0.59761946	-0.37514046	-0.16728152	-0.28633148	0.82300694	1.16547431
0.70542213	-0.34747435	-0.10109269	-0.12225312	1.05025742	1.02882441
0.65389663	-0.27339250	-0.20083819	-0.24965143	1.06393187	0.84108955
0.57026252	-0.27545468	-0.10839045	-0.70999147	0.56161720	0.89199068
0.45377975	-0.22018776	-0.23772906	-0.42986699	0.13918096	0.34197597
0.63102962	-0.13648713	-0.22752129	-0.43134786	0.25687803	0.40229043
0.60058811	-0.18985163	-0.12092831	-0.63393079	0.43958791	-0.07128931
0.64508609	-0.27513741	-0.17679572	-0.47044372	0.44206623	0.40414323
0.85674707	-0.42076143	-0.17073507	-0.54083103	0.09447788	0.13962519
0.80242880	-0.30709901	-0.19041655	-0.58838439	0.80508585	0.02143153
0.70363978	-0.26709527	-0.09637976	-0.73186130	0.32802917	0.60403241
0.89714068	-0.20706229	-0.19882226	-0.97270310	0.23348563	0.12510384
0.73808947	-0.23804976	-0.16857113	-1.09638602	0.79535795	0.28448643
0.96202271	-0.33357140	-0.11105492	-1.07910081	0.99088841	0.32224913
0.87870642	-0.40910355	-0.03432376	-0.77633532	0.76998013	0.13312318
1.02419573	-0.36314297	-0.07477408	-1.30516571	0.67367222	0.48107117
1.10547137	-0.34940929	0.02904290	-1.12500450	0.43759779	0.66423564
1.19845513	-0.23871889	-0.16299437	-0.90309046	0.02331328	1.00617626
1.31380395	-0.42395649	-0.33973747	-2.23125924	0.06762356	0.76502561
1.46142326	-0.80868047	-0.60701165	-1.03687646	-0.31276161	0.56087050
1.67612978	-0.67517921	-0.43935572	-0.80938154	-0.70470097	0.40635047
1.17159229	-0.61026814	-0.42994174	-0.94958752	-0.31563410	-0.19330887
1.00473061	-0.43124992	-0.45667078	-1.13551466	-0.06449728	-0.03681925
0.74579560	-0.41814460	-0.25085696	-1.49887250	0.20993904	-0.40594841
0.69036624	-0.33064257	-0.32036718	-1.31394651	0.07273785	-0.15888690
0.90837298	-0.28499134	-0.23275426	-1.42738419	-0.04240722	-0.61095932
0.94931056	-0.34432768	-0.23977164	-1.41112017	-0.05059101	-0.62680372
0.91757251	-0.45930150	-0.15811543	-0.48932837	-0.22500210	-0.90655404
0.98700042	-0.46149268	-0.25920663	-0.63854046	0.34864555	-0.35766062
0.72035325	-0.36963827	-0.34347604	-0.80323055	0.34934379	-0.36013140
0.67270313	-0.15956613	-0.32030077	-0.68079397	-0.01546464	-0.48972987
0.63816370	-0.12491940	-0.30242033	-1.05856400	0.28690601	-0.39615348
0.43507279	0.01308661	-0.29835361	-1.73395274	-0.30329246	0.25530534
0.55266162	-0.25280954	-0.41505180	-1.50225696	-0.35767734	0.31100732
0.64242557	-0.11795618	-0.29323333	-1.54500791	-0.15395948	-0.32517677
0.69752333	-0.18181498	-0.17583052	-0.96048965	0.12669667	0.22413980
0.75285988	-0.08550112	-0.28759037	-0.98521118	-0.00185288	0.14487926
0.67388702	-0.08905988	-0.42530513	-0.98723283	-0.18655618	0.09899605
0.68059435	-0.20206478	-0.23082296	-0.93176174	-0.03174271	0.13379892
0.81566583	0.04654810	-0.30869225	-1.12904227	0.09945491	0.38730132
0.94758739	-0.05924204	-0.30553467	-1.27651091	0.71564923	0.00479899
1.07340847	-0.12887180	-0.26067317	-1.28285015	0.42046865	0.12425840
0.91417335	-0.09462944	-0.40150756	-1.25624616	0.35436913	-0.23604741
1.10680157	-0.28672424	-0.27361671	-1.42205421	0.30332379	0.03243278
0.77445590	-0.21797261	-0.35615846	-1.56060698	-0.36557532	0.09917275
1.23263468	-0.42216066	-0.41597146	-1.15003943	-0.28083532	0.00096043
1.30288805	-0.43702847	-0.43024345	-0.81228529	0.03963840	-0.36080104
1.67877136	-0.37124602	-0.59766885	-1.04106154	-0.12937034	-0.00915944
1.38713170	-0.29624607	-0.70331298	-1.00945813	0.05787973	-0.14366299
1.29746043	-0.26929517	-0.69806193	-0.39241793	-0.00103734	0.41331672
0.83349506	-0.19241776	-0.63563092	-0.57446373	0.26181811	0.70932473
1.04316652	-0.37728198	-0.47198892	-0.38611945	0.80108415	0.42684066
1.26527637	-0.28199106	-0.44894605	-0.18622249	1.27418146	0.40145917
1.20841911	-0.16226222	-0.31645593	-0.31486822	1.30337692	0.40465754
0.89506402	-0.25161385	-0.36645881	-0.34018170	1.05683228	0.87187746
0.85807811	-0.25934125	-0.29959990	-0.42724164	1.22711757	0.51307497
0.85011977	-0.36141134	-0.22999782	-0.32044953	0.90413579	0.43200236
0.96402458	-0.14166900	-0.21774429	-0.83325271	0.16301656	0.46599627
0.86888115	-0.36255664	-0.05807319	-0.30255047	0.82802639	0.48291724
0.85625648	-0.35297999	-0.19110057	0.10132026	0.69808460	0.82444488
0.60094901	-0.27827912	-0.23637583	-0.03804719	0.82881701	0.51759778
0.50644654	-0.19623989	-0.22402180	-0.27080913	0.94006186	0.72616058
0.45214294	-0.07557222	-0.15831729	-0.06264740	0.90342428	0.43544204
0.59982951	0.00155900	-0.11521751	-0.09244190	0.64738263	0.47288996
0.65992911	-0.05706146	-0.28840150	-0.50677759	0.67607552	0.33363856
0.39108362	0.06866362	-0.18733024	-0.89906880	0.80832076	0.66420985
0.66944959	-0.20740320	-0.02941078	-0.95734818	0.64899832	0.32226229
0.47882007	-0.39870431	0.02194915	-1.03425528	0.20945335	0.66083870
1.02558540	-0.52828826	0.04207845	-0.79288497	0.32415709	0.72237351
0.94880375	-0.44067112	0.00423843	-0.77967751	0.19122045	0.37786422
1.08914253	-0.61653734	-0.14007979	0.23945147	0.59562111	1.03773611
1.24486779	-0.51019244	-0.02189178	0.01391866	0.91032117	0.89949777
1.16579094	-0.38591757	-0.19430121	-0.59729460	0.93074141	1.02367875
1.21175029	-0.56988658	-0.25173087	-0.53097168	0.86579023	0.34695705
1.21713646	-0.48299484	-0.50546168	-0.71791685	0.38154854	0.41326519
1.45106820	-0.39614683	-0.52370056	-0.34929443	-0.39859042	0.13126261
0.94984275	-0.39727157	-0.25237817	-0.48669675	-0.44236896	0.14580477
1.13972256	-0.48565712	-0.31300329	-0.09683604	-0.47075985	-0.02269228
0.80846748	-0.28706552	-0.18817583	-0.75332920	-0.24345166	-0.10434899
0.58456035	-0.37744094	-0.45846265	-1.08825221	0.07032305	0.09655360
0.82835720	-0.32026948	-0.30256509	-1.24989872	-0.01917169	-0.41483500
0.94772483	-0.28183839	-0.37875978	-1.24515315	0.02429326	-0.83618661
1.21428320	-0.24577349	-0.29098838	-1.24307582	-0.25138145	-0.58205224
0.74713407	-0.29025703	-0.30233028	-0.55916076	-0.27468844	-0.49426366
0.71331369	-0.34646996	-0.20207256	-0.89809058	-0.15288244	-0.26182987
0.73983640	-0.16182095	-0.21276934	-0.97983917	-0.47858119	-0.33867781
0.30927800	-0.34767032	-0.39364446	-0.62528922	-0.51537698	-0.23864077
0.60871651	-0.27597734	-0.42662268	-0.82636334	-0.70126034	0.04812193
0.53582442	-0.30828716	-0.34621582	-1.25949768	-0.08114867	-0.15678535
0.75353436	-0.19218604	-0.30098675	-0.84708765	-0.60518555	-0.50299667
0.74633759	-0.20843646	-0.31525273	-0.68170543	-0.59724138	-0.15336701
0.68381430	-0.16281394	-0.26401563	-0.94236718	-0.09109628	-0.18685144
1.06560100	-0.11295710	-0.23392690	-0.55522323	-0.24376666	-0.37141790
0.92463718	-0.07823838	-0.28915090	-0.40013714	-0.32520424	-0.35332963
0.99753918	-0.13266396	-0.28507154	-0.83722512	0.17537729	-0.33423549
0.98464362	-0.04572302	-0.27596093	-1.29918136	0.02274384	-0.62142722
1.16812971	-0.02754342	-0.12765278	-1.70673017	-0.00767053	-0.12693982
1.40376829	-0.02735080	-0.33813825	-1.08818821	-0.45498474	-0.43682866
1.18903233	-0.15906084	-0.38567200	-1.25729794	-0.47110688	0.13173981
1.56822968	-0.53978179	-0.31543544	-0.61785650	-0.37380521	0.22072906
1.31142245	-0.68084700	-0.57233066	-0.23113358	0.35701736	-0.02935689
1.24976797	-0.56757818	-0.68137578	0.14726206	-0.08030413	-0.46120723
1.06615682	-0.52335443	-0.62559467	0.45413948	0.97887569	0.30009215
1.01769977	-0.16436076	-0.50099981	0.10235102	0.47455961	0.31705959
0.90218843	-0.13780030	-0.54778891	0.00100812	0.86602498	0.72425070
1.17290176	-0.22247435	-0.50924304	0.26826978	0.69695635	0.50376195
1.23931360	-0.27306390	-0.32166381	-0.23998856	0.95953661	0.59864711
1.08208615	-0.23810866	-0.44787821	-0.30595180	0.96666268	0.57880571
0.92541827	-0.34387055	-0.26013052	0.07475791	0.74295589	0.46455471
0.97369647	-0.27550039	-0.27173715	0.08081966	0.55232752	0.34544660
