0.94757281	-0.35830706	-0.21589673	-0.16642613	0.44209531	0.53565398
0.63470435	-0.35787940	-0.25522324	0.12662010	0.49064911	0.88424997
0.74596840	-0.28287823	-0.22888730	0.15298086	0.10389900	0.64518495
0.42108434	-0.34372390	-0.22667472	-0.07240576	0.12816094	0.52861880
0.85855851	-0.36694991	-0.26050421	0.37322866	0.51217239	0.27415685
0.55688183	-0.36370553	-0.25509927	0.15306393	0.42685879	0.31365048
0.48925829	-0.17867782	-0.12719003	0.02290329	0.66833471	-0.14170738
0.26914989	-0.21003533	-0.20357596	0.39920655	0.72517930	0.45522782
0.52571961	-0.03361789	-0.36671215	-0.27981272	0.48911546	0.15008929
0.53787070	-0.21712203	-0.19586322	-0.76551297	0.50771340	0.59991403
0.49879052	-0.35093658	-0.07923422	-1.34199965	0.41620266	0.57010499
0.48437825	-0.37789305	-0.07276718	-0.87160173	0.61370115	0.46188521
0.74781982	-0.54674070	0.05957340	-0.55547380	0.68845543	0.66164338
0.88205979	-0.48023138	-0.15652241	-0.74146137	-0.24091579	0.38180898
0.85535871	-0.37789136	-0.06758169	-0.67977218	-0.02947227	0.22189416
1.07311928	-0.38429271	-0.10025690	-1.14484577	-0.34561285	0.04853111
1.17044942	-0.44416831	-0.06527128	-0.29501746	-0.18783438	0.03351452
1.51222263	-0.56580404	-0.27919602	-0.49226673	0.36046941	0.13254071
1.29969864	-0.53326887	-0.37197958	-0.41919446	0.79091626	0.06201529
1.24234817	-0.59745176	-0.18767377	-0.22546812	0.26674783	0.04342506
1.51316505	-0.66041431	-0.46239577	0.21400689	-0.37850881	-0.06305950
1.00692874	-0.66680638	-0.22393244	0.45057719	-0.31991975	-0.06683859
0.71966674	-0.50770832	-0.21605032	0.40745937	-0.52364319	-0.44358589
1.04343362	-0.43144552	-0.42420130	-0.23609085	-0.54883409	-0.75014120
1.07567705	-0.50880733	-0.46958112	0.04601764	-0.61858325	-0.75466860
0.99792382	-0.23364600	-0.29347204	-0.06147656	-0.03677529	-0.66660812
1.24588963	-0.41031544	-0.34416517	0.01440983	-0.40367110	-0.91982218
1.17731411	-0.44794942	-0.16423668	0.43153107	-0.09165649	-1.17043781
1.23373125	-0.44093045	-0.14455269	0.58010933	-0.10231155	-0.44052068
0.83665435	-0.31678533	-0.15924113	0.98512779	-0.34313423	-0.48316659
0.98680773	-0.16101187	-0.33533694	0.01381725	-0.70034332	-0.30576382
0.71709839	-0.01386978	-0.32447917	-0.51399442	-0.58169680	-0.27338706
0.54715129	-0.06283984	-0.28425443	-0.68026057	-0.33684970	-0.46327550
0.56152779	-0.13226150	-0.46263085	-0.73106422	-0.48242044	-0.30638533
0.52997054	-0.16039680	-0.35388172	-0.67751702	-0.42753178	-0.29759821
0.68379910	-0.14749104	-0.15190216	-0.94547919	-0.67551067	-0.67098169
0.86014701	-0.41999871	-0.35210480	-1.21736202	-0.15404599	-0.76021605
0.84190439	-0.29173335	-0.25925030	-0.52324297	-0.40546231	-0.45111942
0.94796891	-0.20183923	-0.14982164	-0.69144716	-0.00217674	-0.17836748
0.96295940	-0.32450268	-0.22532990	-0.50261781	0.11640041	-0.47508153
1.19115100	-0.20369870	-0.52408988	-0.63954909	-0.49161889	-0.44540606
1.09952274	-0.17256558	-0.38238721	-0.56938173	-0.11133004	-0.09509589
1.06493139	-0.28105631	-0.46273344	-0.71173864	-0.12181137	-0.18678565
1.40949973	-0.37054077	-0.45219248	-0.06680072	-0.19820769	-0.25937482
1.27745835	-0.42858173	-0.47525118	-0.26374068	-0.19189600	-0.52638143
1.09796818	-0.41128637	-0.39999909	-0.42612568	-0.57154166	-0.41279978
1.22274672	-0.63331191	-0.49705273	0.72796480	0.05311241	-0.42326662
1.26076609	-0.30293647	-0.64648340	0.40100347	0.37359176	-0.43037249
1.15256675	-0.06881736	-0.59655506	0.60080092	0.67038646	0.04512382
0.84419956	-0.23810443	-0.43102112	0.41257132	0.97706107	0.25527516
0.67293289	-0.27292880	-0.48859495	0.86718871	0.92016638	0.41110346
0.94004664	-0.40136396	-0.32026995	1.02172930	0.49089094	0.82541623
0.84013887	-0.41844700	-0.36069971	0.44455883	0.41812626	0.66165669
0.86884998	-0.27363192	-0.32632222	1.20338529	0.52561617	0.53655510
1.05731467	-0.26041576	-0.32296149	1.41735579	0.76079967	0.45479196
0.88930090	-0.37687838	-0.31731948	1.24452347	0.13341220	0.27007252
0.78512252	-0.18014686	-0.48816034	1.13370615	-0.15316197	0.40859306
0.89022601	-0.31849442	-0.23695855	1.25168015	0.15753336	0.48733395
0.85631604	-0.42184785	-0.34293425	0.97029569	0.43365251	0.67388547
0.89353519	-0.30101757	-0.29413366	1.11566664	-0.01261922	0.69447858
0.94889424	-0.23811790	-0.08497879	1.30606766	-0.05262020	0.53048037
0.65527581	-0.21866160	-0.21558261	0.69344284	-0.10699211	0.18940147
0.50064364	-0.12328245	-0.20871743	0.72122229	-0.23555959	-0.05196991
0.42558615	-0.11168933	-0.16918468	0.24302872	-0.65670106	0.60732033
0.67167609	-0.38746566	-0.41126349	0.80403378	-0.81940010	0.06313361
0.53647686	-0.54832545	-0.29212550	0.34194892	-0.66282053	0.46880746
0.58516634	-0.53551049	-0.04849536	0.39008257	-0.58315126	-0.18811735
0.68131012	-0.57432998	-0.08805223	0.99868246	-0.63740208	-0.18627902
0.87633211	-0.40656647	-0.04011507	0.97078925	-1.02331168	-0.11720754
0.84228858	-0.56017309	-0.19672357	0.63913548	-0.55596309	-0.26549160
0.92583360	-0.48146773	-0.08538182	0.52324677	-0.63980184	-0.36145187
1.01290182	-0.21314037	-0.14083617	0.44017373	-0.04634324	-0.38533150
1.25238495	-0.33132760	-0.20188704	0.17680503	0.04983771	-0.22695716
1.37929171	-0.20968360	-0.18962875	-0.00509223	0.08341142	-0.24928179
1.47454664	-0.27353954	-0.29332383	-0.45905292	-0.22107967	0.24702156
1.20800113	-0.55324611	-0.32927338	-0.40304386	-0.37611735	0.53437083
1.62023893	-0.70890340	-0.36250936	0.01858134	-0.64532707	0.01136004
1.75519725	-0.86738124	-0.33835229	0.73545904	-0.53795865	-0.31982267
1.24725263	-0.60961164	-0.30079166	0.25525027	0.48549735	-0.42892252
0.59025340	-0.45636155	-0.33768614	0.37526491	-0.29957125	-0.64165427
0.40037307	-0.50690400	-0.52143788	0.24690930	-0.66517802	-0.24575912
0.71048556	-0.51523069	-0.11726341	0.11331745	-0.07428099	-0.56693934
0.72564382	-0.70718651	-0.25655526	-0.08164973	-0.34686200	-1.12961826
0.96484689	-0.48103231	-0.49226429	0.55261702	-0.32871677	-0.90225121
0.84565664	-0.64496891	-0.44464256	0.60804859	-0.48481909	-1.06802837
0.89121696	-0.36824562	-0.44047163	0.94833512	0.21701108	-0.78696345
0.62896138	-0.40094189	-0.16389395	1.02626713	-0.10460886	-0.96847318
0.80945864	-0.21903570	-0.29908885	0.59373609	0.06355677	-0.79431695
0.91934045	-0.06581285	-0.13444628	0.52278511	0.09603527	-0.87728845
0.81992943	-0.05240276	-0.34654599	0.17673250	-0.56047613	-0.56375881
0.89668099	-0.18684391	-0.25306766	-0.19080502	-0.70296231	-0.77175716
0.79826144	-0.24593511	-0.17700239	-0.35935543	-0.58182461	-0.91575694
0.69229532	-0.22972540	-0.28388477	0.29094354	-0.27970239	-0.50215878
0.68367915	-0.32065020	-0.26207331	0.11446779	-0.44771604	-0.82566432
0.84570673	-0.24239091	-0.19617857	0.86855000	0.09792575	-1.01588607
0.56240007	-0.05376966	-0.22401893	0.98862007	0.51479073	-0.85074161
0.82498799	-0.25587358	-0.31032635	0.28968738	-0.12715447	-0.62111356
0.85281644	-0.17130469	-0.27633610	0.48106765	0.02374017	-0.88008660
0.81172796	-0.15092731	-0.13667446	0.44063992	0.16764511	-0.57996527
0.70491036	-0.10821579	-0.13328358	-0.03157710	-0.08651264	-0.72287511
0.61013027	-0.02607966	-0.40655658	0.10808464	-0.42410524	-0.17645421
1.02531902	-0.09263481	-0.19696333	0.11559596	-0.55019961	-0.46440157
1.05926600	-0.08545747	-0.15475669	-0.36674869	-0.40076172	-0.11573338
1.27992634	-0.35795969	-0.18722202	-0.02872747	-0.32900762	-0.24138033
1.51025229	-0.58425762	-0.24554820	0.27093932	0.08623588	-0.83349418
1.07663081	-0.34731299	-0.32583931	-0.01550817	-0.28312042	-0.88626860
1.75085621	-0.32681708	-0.76800479	-0.05299433	-0.21792713	-0.54842629
2.09765581	-0.49811777	-0.79245362	-0.16869875	-0.71943788	-0.04605483
1.59638394	-0.33050531	-0.60695413	-0.20459428	-0.24338777	0.28430684
1.41391640	-0.14694988	-0.69813007	-0.51186711	-1.18908331	0.04675859
1.06608376	-0.31712220	-0.69971856	-0.12858720	-0.70282510	0.63062363
0.76058605	-0.38064057	-0.75047582	0.39111635	0.84713438	0.60296244
1.02823999	-0.56454892	-0.47349861	0.99738776	0.83645543	0.60901247
1.15449506	-0.39893997	-0.63147796	0.79806078	1.52545214	0.27422784
0.93129791	-0.33343200	-0.40638634	0.76470046	1.49048648	0.51884381
1.02136927	-0.36221771	-0.17585588	0.76814222	0.23974659	0.26864702
0.63365981	-0.25883131	-0.35361495	0.82020269	0.27240842	0.47038910
0.89841193	-0.29144245	-0.24492130	0.78554167	0.75628802	0.51081183
0.81282174	-0.20909360	-0.19585465	0.87644466	0.13178832	0.50257187
0.50992880	-0.16578643	-0.13277327	1.34941085	0.08196550	0.54547206
0.76451752	-0.23715649	-0.22596483	0.54844940	0.32944781	0.30012604
0.66884999	-0.22477102	-0.30289927	0.30771744	0.33881247	0.41484303
0.47999537	-0.27262212	-0.09886485	0.92663273	0.15379450	0.22253561
0.57414071	-0.24573990	-0.19728774	0.56263647	0.45495263	0.28875811
0.57423532	-0.10927115	-0.29818867	0.39636218	0.09583522	0.07847607
0.62104952	-0.19785732	-0.11108847	0.05835915	0.10139032	0.00878886
0.55693995	-0.23640774	-0.07914637	-0.03911609	-0.62028695	0.33923905
0.56119231	-0.28663478	-0.16196035	-0.03401745	-0.16318232	0.60847161
