1.02675268	-0.00428721	0.05503245	-0.03155100	-0.02280732	0.01489921
1.02810770	-0.00445625	0.05351229	-0.03049512	-0.02654967	0.01309117
1.02662777	-0.00512899	0.06139969	-0.00948506	-0.02456893	0.01094517
1.02774645	-0.00402918	0.05459707	-0.02160483	-0.02950998	0.00565022
1.02298262	-0.00469772	0.05178298	-0.04253736	-0.02978051	-0.00565957
1.02367983	-0.01567295	0.05672225	-0.01825739	-0.01934188	0.00767696
1.02285384	-0.02202942	0.05895652	-0.02049425	-0.02964736	0.01314894
1.02992168	-0.02023371	0.05094575	0.01230949	-0.03222521	0.01404750
1.03918223	-0.01784716	0.04138361	0.02091444	-0.00374786	0.00909774
1.03234372	-0.01749486	0.04063499	0.00285178	0.00952155	0.01052880
1.02564392	-0.00900860	0.05562363	0.00816629	0.00745878	-0.00321483
1.02390631	-0.01313146	0.04721605	-0.00206679	-0.01530478	0.00677827
1.02628428	-0.01160851	0.03826530	0.00422570	0.01489118	0.00549134
1.02939547	-0.00571491	0.02946948	-0.00456357	-0.00409029	0.00841096
1.03039544	-0.01556444	0.02417529	0.02232024	0.00344401	0.01095028
1.03137405	-0.01566057	0.02267068	0.00192471	0.00547706	0.00376671
1.02671479	-0.01590048	0.03501055	0.01680466	-0.00426239	0.00328512
1.02560442	-0.02191273	0.03693390	0.05082660	0.00039285	0.00578109
1.03250428	-0.02341539	0.03323584	0.04813571	-0.00341558	0.00426110
1.02763427	-0.01265708	0.03679620	0.04348945	-0.00657147	0.00299538
1.02869049	-0.01479927	0.04843450	0.04589245	-0.00341911	0.00337199
1.02744015	-0.00532309	0.04831994	0.04144285	-0.00266138	0.00906755
1.02657779	-0.00201747	0.04080645	0.02777671	-0.00285503	0.00389919
1.02793900	-0.00520173	0.04088279	0.01687708	-0.00612735	0.00772717
1.02566531	-0.00648717	0.04385084	0.02017616	0.00425364	0.00885106
1.02772948	-0.00947012	0.04261637	0.00755452	0.00200024	0.00276896
1.03007870	-0.00630082	0.03834531	0.01738640	0.01471981	0.00525901
1.02620553	-0.00838253	0.04974221	0.01524817	0.00728348	0.00137716
1.02569968	-0.00500965	0.04550606	0.01824511	0.00149855	-0.00760455
1.02267659	-0.00749795	0.04932975	0.00662697	-0.00924857	-0.00803207
1.02583172	-0.00288814	0.04894657	-0.00076056	0.00300218	0.00052327
1.02342449	-0.00103379	0.04657687	0.00162896	-0.01218571	0.00116102
1.02795269	0.00166688	0.04078246	-0.01430764	-0.00696169	0.00606164
1.02175436	-0.00997126	0.05098551	-0.02017910	-0.00903445	0.00549871
1.02218971	-0.00696137	0.04479864	-0.02445641	-0.01153985	-0.00034874
1.02473723	-0.01817441	0.03727927	-0.01206473	0.00310434	0.00154849
1.03069510	-0.01873558	0.04020005	-0.00281930	0.00039774	-0.00268551
1.02912717	-0.01709552	0.04137309	-0.00636457	-0.00902070	-0.00629184
1.02699919	-0.01503456	0.02964257	0.00028658	-0.00701245	-0.00301740
1.03038343	-0.01741668	0.03526662	0.00178624	0.00044276	-0.00121023
1.02912991	-0.01460089	0.03776552	0.00306088	0.00675945	0.00377034
1.02865763	-0.01028287	0.03655317	0.01075512	0.01413772	-0.00552765
1.02952337	-0.01739328	0.02696980	0.01673922	0.00725474	-0.00621871
1.02758670	-0.00603583	0.03056543	0.02913421	-0.00027244	-0.00714992
1.02752139	-0.01101499	0.03153185	-0.00172023	0.01008517	-0.01237756
1.03001275	-0.00868305	0.03783568	-0.00110184	0.00485432	-0.01630095
1.02612892	-0.00479576	0.03864968	0.01246777	0.01045932	-0.00646767
1.02905131	-0.00905706	0.03395275	-0.00026521	0.01158027	-0.00827245
1.02515722	-0.00976228	0.02764012	-0.01665085	0.00650405	-0.00433506
1.02154815	-0.01132820	0.04415120	-0.00376913	0.00334448	-0.00153459
1.02609920	-0.00172666	0.04481528	-0.03358868	0.01321262	0.00722748
1.02793079	-0.00590895	0.03442140	-0.01821119	0.00133833	-0.02016022
1.02942675	-0.00716099	0.03829297	-0.01474938	0.00113552	-0.02341827
1.02798259	-0.00767061	0.03551491	-0.01568666	-0.00703217	-0.01865899
1.02381456	-0.01396581	0.03490904	-0.01706788	0.00427398	-0.01502839
1.03004892	-0.01049067	0.04857751	-0.03108311	0.01379403	-0.01128253
1.03125168	-0.00970283	0.04714958	-0.01522326	0.00540330	-0.01233509
1.03127050	-0.00583557	0.03964142	-0.02562181	0.01699352	-0.01546547
1.02921531	-0.01268342	0.04193737	-0.00425206	0.01744326	-0.01596032
1.02668833	-0.00760307	0.03919057	0.01127126	0.01420866	-0.02024298
1.02694208	-0.01044135	0.03689102	0.02728733	0.01298475	-0.01545454
1.02311811	-0.01469832	0.05023596	0.01024558	0.01786328	-0.01542348
1.03019953	-0.00766647	0.04110210	0.01843194	0.02248081	-0.02157944
1.02595488	-0.00664416	0.05087750	0.03328151	0.01035351	-0.01951993
1.02715994	-0.00537971	0.06082909	0.02962065	0.01450753	-0.01263333
1.02652832	0.00051644	0.06025507	0.02146812	0.01333049	-0.01209446
1.02640355	-0.00181151	0.04713066	0.04066669	0.02078399	-0.01242058
1.02301930	0.00132961	0.05895804	0.03444240	0.00732676	-0.02357208
1.02372846	0.00079726	0.05042843	0.01141751	0.02564065	-0.01522941
1.02444196	0.00431393	0.04933190	0.01338080	0.01132728	-0.01432015
1.02624176	0.00233158	0.05326290	0.01529946	0.01133353	-0.01405991
1.02758150	-0.00485829	0.04970841	0.02521760	0.01248494	-0.00915033
1.02436476	0.00051329	0.04751938	0.01542499	0.02713754	-0.01533192
1.02480870	-0.00662113	0.06604654	0.01427099	0.03368981	-0.01384270
1.02219175	-0.00181608	0.05865020	0.00570011	0.02407386	-0.02182820
1.02492239	0.00014358	0.05860648	-0.01950024	0.01514359	-0.01043593
1.02304919	-0.00034066	0.06282889	-0.00669165	0.01508837	-0.00911934
1.02759152	0.00721372	0.05665618	0.00985481	0.01532975	-0.01027180
1.02104817	0.01217910	0.06468597	0.02032466	0.01592930	-0.00371394
1.02193515	-0.00019822	0.06717097	0.00490139	0.01173893	0.00044223
1.02185410	0.00910142	0.06001774	0.01667881	0.01174815	0.00543281
1.02274083	0.00598055	0.05898397	-0.01160765	-0.00055904	0.00585707
1.02297569	0.01204215	0.05776169	-0.00470411	0.00943639	-0.00752012
1.02424863	0.00659767	0.06312102	-0.01879396	-0.00246590	-0.00169512
1.02324044	0.00822944	0.05782845	-0.01028141	-0.00008628	0.00183047
1.02193956	0.00730175	0.04511224	-0.00840673	-0.01026695	0.00928811
1.02462423	0.00880157	0.04763084	-0.01782926	-0.00497234	0.00979399
1.02897683	0.00332420	0.05157400	-0.01929582	-0.01031339	0.01819586
1.02276023	0.00585456	0.06155765	-0.02809469	-0.00255098	0.00869371
1.02237255	0.00751752	0.06363777	-0.02705793	-0.00944388	-0.00690794
1.02261469	0.00519377	0.05305569	-0.00658129	-0.00052570	0.00901068
1.02330117	0.00379198	0.05162790	-0.01925419	-0.00807981	0.00666515
1.02411012	0.00083674	0.04838933	-0.02804734	-0.01032050	-0.00215117
1.02857675	0.00112271	0.04980960	-0.01464929	-0.01103577	-0.00115495
1.02188603	-0.00708880	0.05391142	-0.01697590	-0.01451334	0.01104267
1.02638943	-0.01025484	0.05539681	-0.00218004	-0.01033449	0.00615359
1.02609497	0.00157868	0.05332762	-0.00152527	-0.00403807	0.01177527
1.02917667	-0.00720989	0.04619765	-0.00275878	-0.00948981	0.00811400
1.02906572	-0.00134503	0.04660910	0.01056938	-0.00716347	0.00469961
1.02291168	0.00127677	0.04999453	0.01347648	-0.00834247	0.00394677
1.02156353	-0.00318903	0.05537092	-0.00040712	0.00216870	-0.00162643
1.02372014	-0.00274676	0.05275126	0.00851513	-0.00650481	0.00631689
1.02966136	-0.00201213	0.04954434	0.00215348	-0.02078758	0.00494512
1.02941538	-0.00576605	0.05876649	0.00083608	-0.00390707	0.00022729
1.02540532	-0.00747003	0.05828970	0.01324281	-0.01198262	0.00472055
1.02598121	-0.00574899	0.05434210	0.00254721	-0.00894051	0.00328860
1.02056686	-0.00472775	0.05088546	0.01016704	-0.00895192	0.01491382
1.02675685	-0.00109258	0.04642819	-0.00139569	-0.00659996	0.01303692
1.02814861	-0.00232623	0.05335618	0.01878340	-0.00189260	0.00204829
1.02481412	0.00194377	0.05216349	0.00894178	0.00325680	0.00716951
1.02620745	0.00131235	0.05836707	0.02735785	-0.00995570	0.00429507
1.02395612	-0.00016542	0.05495705	0.02765644	-0.00467185	0.00516149
1.02784190	-0.00215843	0.05544939	0.00504121	-0.00630811	0.00658595
1.02802101	0.00299660	0.04713039	0.00809325	-0.00598375	0.01236102
1.02460486	0.00365829	0.05374916	0.01775456	-0.00606773	0.00698196
1.02206434	0.00407726	0.05163344	0.00458642	-0.00292198	-0.00089126
1.02238261	-0.00667611	0.05339106	0.01791294	-0.00045392	0.00609283
1.02309911	-0.01089626	0.05165087	0.01964604	-0.01062874	0.00797724
1.02262397	-0.00692441	0.05588877	0.01273953	-0.00066203	0.00169825
1.02505863	0.00172513	0.05535379	0.01722888	-0.00269949	0.00241263
1.02213880	0.00776894	0.05174046	-0.00076961	0.00302580	0.00216438
1.02062546	0.01052605	0.04877642	-0.00022380	0.00167597	0.00191985
1.02365759	0.00491414	0.05897506	0.00072445	-0.01564154	0.00506144
1.02534200	0.00519564	0.05298309	0.00355968	-0.00062865	0.00150386
1.02625526	-0.00809833	0.04988692	-0.00390943	-0.00220029	-0.00089347
1.02677360	-0.00364680	0.03874706	0.00039230	0.00246035	0.00098969
1.02461977	-0.00806147	0.04797950	0.00049576	0.00051389	-0.00212938
1.02852920	-0.00153902	0.05213305	-0.00406887	-0.00460356	0.00578392
