0.93410096	0.18371773	0.35113830	0.01456567	-0.04328323	0.01449295
0.93068817	0.19850561	0.35694048	-0.02968263	-0.02664609	0.01254489
0.92895700	0.20214300	0.35138780	-0.03173365	-0.03731290	0.02477170
0.92696863	0.20074179	0.35258367	-0.02571386	-0.03846500	0.05013764
0.93439963	0.19795794	0.37006801	0.00469136	-0.03530922	0.04717177
0.93105324	0.18825622	0.37933862	-0.00104561	-0.04064528	0.02765852
0.93114998	0.17943431	0.37682843	-0.00874865	-0.04253308	0.02692335
0.93582809	0.18428843	0.37390810	-0.01557257	-0.05819127	0.01608703
0.93359750	0.19307137	0.36796199	-0.00481000	-0.06685471	0.02807791
0.93019719	0.20253322	0.35814532	-0.00150041	-0.03544382	0.02352531
0.93316553	0.20180007	0.36170760	-0.02775997	-0.04852127	0.02091571
0.92641819	0.20578660	0.36688476	-0.00594629	-0.05832913	0.02559288
0.93213953	0.20459474	0.36337975	0.00424271	-0.04112265	0.03476739
0.93108634	0.21164303	0.35984587	-0.01066397	-0.04568861	0.04557994
0.92837630	0.20317385	0.35439024	-0.03295965	-0.02054154	0.04403403
0.92706510	0.20840304	0.37095520	-0.02253250	-0.04829188	0.04980292
0.92700300	0.20611993	0.36566140	-0.02106154	-0.04635372	0.02044329
0.93451712	0.19140923	0.36793959	-0.02702066	-0.05434568	0.00036472
0.93188185	0.20235393	0.36924672	-0.05909659	-0.03869624	0.01930507
0.92860257	0.19809443	0.36662271	-0.04151531	-0.01162211	0.01235153
0.92835127	0.20279404	0.36508111	-0.04400363	-0.01840321	0.02860681
0.92402916	0.20789536	0.36761101	-0.04758179	-0.02885032	0.03813672
0.92518542	0.19847436	0.36937596	-0.05099168	-0.01313190	0.03682743
0.92382907	0.20411353	0.36643157	-0.04567617	-0.04545155	0.03799774
0.92408540	0.19994356	0.37169290	-0.02329274	-0.06113701	0.04081133
0.93328471	0.19576550	0.37269316	-0.02295582	-0.06265953	0.04455910
0.93504424	0.18736748	0.36910982	-0.02126654	-0.05054813	0.02765839
0.93097842	0.19461152	0.36126972	-0.01663058	-0.03024032	0.04456420
0.92137604	0.19910957	0.36469573	-0.04357760	-0.02076639	0.05241505
0.93007225	0.20109262	0.36851452	-0.03238719	-0.02288873	0.05264352
0.93661772	0.19407571	0.36113648	-0.05548063	-0.02178103	0.04447224
0.92962906	0.19156441	0.36066047	-0.07210459	-0.00932013	0.01495164
0.93161228	0.18428085	0.36354089	-0.07682528	0.01933095	0.02683024
0.93333892	0.19663460	0.36070759	-0.04889009	0.01099024	0.03078868
0.93375354	0.20390403	0.36246886	-0.04044262	-0.00845312	0.04340496
0.92969290	0.21073922	0.36076599	-0.06825937	-0.01442839	0.06169193
0.92276933	0.21170806	0.36088769	-0.06080184	-0.01655361	0.04795172
0.92835747	0.20240241	0.37118758	-0.05036866	-0.02651544	0.04980235
0.93007097	0.19741692	0.37077486	-0.04280993	-0.04710715	0.04349672
0.92662493	0.19714258	0.37238757	-0.02747197	-0.03312579	0.04910972
0.92502232	0.19572739	0.36255897	-0.04623918	-0.03487880	0.03224458
0.93046751	0.19081335	0.36943880	-0.05022060	-0.02893373	0.02885510
0.93050714	0.19566424	0.37621929	-0.02645971	-0.02598852	0.03277784
0.93455794	0.19221215	0.37203486	-0.01660057	-0.01949670	0.02529091
0.93094113	0.19396945	0.37323512	-0.01641753	-0.02977568	0.01197841
0.93110828	0.19918749	0.37927124	-0.03619609	-0.03652058	0.01235061
0.92725377	0.20164026	0.38133637	-0.03758910	-0.03479598	0.01772084
0.92643295	0.19549880	0.38181455	-0.03450315	-0.04852725	0.01467967
0.92405492	0.19903887	0.37511240	-0.01639237	-0.00911904	0.02027822
0.92148526	0.20115952	0.37093008	-0.00953738	-0.01518843	0.02236939
0.92832811	0.19329363	0.37141689	-0.00278304	-0.02339142	-0.00024761
0.93008091	0.19279380	0.36425559	-0.01263409	-0.01135554	0.00232577
0.93118268	0.19607346	0.36958078	-0.01833607	-0.03476308	0.01637942
0.93151397	0.20623045	0.37108725	-0.02041446	-0.03256363	-0.00176175
0.93635690	0.20151564	0.36654753	-0.02542960	-0.03674142	0.01195434
0.93011966	0.19101485	0.36977907	-0.02176397	-0.01079013	-0.00424332
0.93030181	0.19707908	0.37784025	-0.00585633	-0.00965064	-0.02466756
0.93059029	0.19492739	0.37733258	-0.00766084	-0.00770369	-0.01793512
0.92791191	0.21046089	0.37564973	0.00276970	-0.01298840	0.00875995
0.92237413	0.22076995	0.37819706	-0.01026770	-0.02059874	0.02684773
0.92346221	0.20883376	0.38684075	-0.00358676	-0.01156326	0.02222619
0.92390693	0.21295572	0.38468378	-0.01903960	-0.01427857	0.03177666
0.92743631	0.21450836	0.38280008	-0.00702519	-0.01960695	0.01722678
0.92846241	0.21071813	0.37336836	-0.00608322	-0.01602207	0.02924880
0.92980023	0.21140523	0.36245407	-0.00254057	0.00944518	0.03328966
0.92597128	0.21139916	0.36966738	-0.00784213	-0.01474294	0.01907500
0.92232216	0.20627430	0.36481853	-0.01682075	-0.02430921	0.03510408
0.92582088	0.21085510	0.37414876	-0.00821815	-0.02562852	0.04456607
0.92806426	0.20777666	0.37086808	-0.00693611	0.01037040	0.03248107
0.92674459	0.20120249	0.37196999	0.00049586	-0.00049328	0.03686506
0.92705016	0.20572333	0.38364727	-0.02432298	-0.01116835	0.02747137
0.92690985	0.20026818	0.37900759	-0.01904083	-0.02585761	0.04324678
0.92671871	0.20367778	0.37262555	-0.01417892	-0.02083765	0.03971927
0.92591717	0.19527779	0.37682993	-0.00254990	-0.00670078	0.03558672
0.92732743	0.20191580	0.38253032	-0.00595039	-0.01204290	0.02944724
0.92718058	0.20696911	0.38139787	0.00241580	-0.01608324	0.03251644
0.92105168	0.20739839	0.38620121	-0.01152561	-0.02055780	0.02384451
0.92383364	0.21334844	0.38240639	0.00186813	-0.01786472	0.04714438
0.92902830	0.20138794	0.37345049	-0.00567142	-0.03774356	0.03538318
0.93091455	0.20297553	0.36433386	-0.00064631	-0.02209700	0.03518454
0.93261212	0.19652181	0.35995242	0.00938485	-0.01920487	0.04233079
0.93149387	0.20748993	0.36128747	-0.00442605	-0.01382383	0.03017935
0.93159137	0.20646241	0.36330210	0.00364940	-0.02226663	0.02315321
0.92881620	0.20154182	0.37934836	-0.01309493	-0.02622333	0.03762216
0.92712091	0.20485981	0.36566305	-0.01746596	-0.02092304	0.02388618
0.92586579	0.19900335	0.36029878	-0.01141214	-0.00592315	0.03836970
0.92627758	0.20680681	0.37127290	-0.00818059	-0.00913558	0.03614934
0.92810906	0.20711968	0.36969823	-0.01209014	-0.01400524	0.02193942
0.92968399	0.20890975	0.37507649	-0.00133918	-0.02031525	0.03620860
0.92810480	0.20735053	0.37639311	-0.00990644	-0.02136411	0.03021054
0.92589007	0.20900098	0.37611620	-0.00662442	-0.01019273	0.02889977
0.92773420	0.20319395	0.37574009	-0.01362128	-0.02034375	0.01469481
0.92784421	0.20278168	0.36812502	-0.00213897	-0.00755425	0.02306980
0.93106630	0.20154895	0.37483128	-0.01652062	0.00113033	0.01088324
0.92979790	0.20126358	0.38130592	-0.01458881	-0.02085271	0.02440627
0.92831501	0.19812748	0.38007914	-0.02436697	-0.03336994	0.02323558
0.92494584	0.19577406	0.38470664	-0.00082177	-0.01283914	0.02970540
0.92582542	0.19924125	0.37270913	-0.01227046	-0.02872816	0.02847305
0.92892520	0.19564490	0.36582939	-0.02609227	-0.02404371	0.02394731
0.92969583	0.20036928	0.36587071	-0.02081177	-0.00516564	0.01936740
0.93520164	0.20760736	0.36254002	-0.01475645	-0.01046810	0.02051604
0.93021911	0.19896693	0.36878694	-0.01109229	-0.01332646	0.02264151
0.93102486	0.19275272	0.36508788	-0.00768380	-0.01619841	0.02736726
0.92936541	0.19987407	0.37193381	-0.00851478	-0.01865593	0.02297501
0.92450227	0.20474147	0.37113237	-0.00004091	-0.02706480	0.01802279
0.93363838	0.19443482	0.37308342	-0.01556246	-0.00886143	0.00744536
0.93485156	0.19916574	0.37022934	-0.00779350	-0.00717599	0.00180509
0.93062279	0.19793596	0.37519283	-0.01419281	0.00261677	0.02173882
0.92714222	0.18412920	0.36989744	-0.02318419	-0.00477418	0.00549902
0.92668522	0.19348944	0.37105084	-0.00845544	-0.01977961	0.01419050
0.92598913	0.19623321	0.36558748	-0.00265730	0.00112501	0.02839826
0.92935213	0.19943401	0.36367394	-0.00840870	-0.01428570	0.00538939
0.93034930	0.19954344	0.37008511	-0.01508497	-0.00449570	0.02339032
0.93010263	0.20000526	0.36796779	0.00073830	-0.02201216	0.01196653
0.92832378	0.19725669	0.36323638	-0.01570995	-0.01439517	0.02307481
0.92654091	0.20111872	0.35482063	-0.01262379	-0.00943293	0.02212003
0.92629573	0.20621327	0.36958175	-0.00090624	-0.00219150	0.02091110
0.92979972	0.20977220	0.37503577	-0.01759093	-0.00255458	0.01705233
0.93296803	0.20476736	0.37299049	-0.00636876	-0.00999887	0.00957253
0.93280639	0.20358045	0.37046932	-0.00294962	-0.01505012	0.00630982
0.93156875	0.20144074	0.36945531	0.00979147	-0.00874715	0.02699875
0.92796097	0.19961546	0.37769792	0.00839440	-0.00256191	0.01951636
0.92907861	0.19426785	0.37786826	-0.00762376	-0.01387561	0.02632551
0.92669856	0.18794809	0.38479725	-0.00773842	-0.00487385	0.03740000
0.92392839	0.19795764	0.38836715	-0.01403037	-0.01144940	0.02095009
0.92565650	0.19155668	0.36627269	-0.00197493	0.00070984	0.00961777
0.93047320	0.19990351	0.36603151	-0.02312080	-0.00288811	0.00472765
0.93196443	0.19787971	0.38024994	0.01079520	0.00113409	0.00964313
