1.30515334	-0.36473573	0.04143723	1.26450113	0.11064159	-0.55205559
1.23910592	-0.47842304	-0.02387807	0.63664575	0.32463912	-0.52968949
1.19075700	-0.50301764	-0.00190839	0.48661834	0.79713662	-0.27316400
1.23169559	-0.13950070	0.08974964	0.64303320	0.83651723	-0.21469453
1.14283076	-0.08074892	-0.04446140	0.05773990	1.51078943	-0.00598431
1.05535510	-0.09377015	0.02807873	-0.02850504	0.62974709	0.26262939
0.84613449	-0.00340740	0.21256896	-0.22385406	0.99414662	0.60574665
0.54053081	-0.14183927	-0.08832849	-0.44399849	1.31822592	0.09832412
0.63792775	0.00532886	0.02303753	-0.45967242	0.63892467	0.27059203
0.56541682	-0.19509661	0.08067520	-0.38083519	0.65428995	0.46908876
0.48577842	-0.21955068	0.09673139	-0.27223177	0.38092059	0.41159277
0.40607336	-0.37621770	0.21550957	0.18104075	0.62374712	-0.08951291
0.64301068	-0.17365725	0.06414454	0.22369373	0.16960769	-0.10865576
0.61532322	-0.09017576	0.19791818	0.63542262	0.16383950	0.00161362
0.83921389	-0.08280207	0.36581977	0.29164817	-0.21524625	0.00341110
0.74242319	0.01188292	0.32484955	0.58106941	-0.41588829	-0.10636197
0.81954422	0.09412341	0.35773768	0.50578109	-0.15733718	-0.13606196
0.92327260	0.15122272	0.58231514	0.27582855	-0.39885284	0.40418299
1.08049151	-0.02181200	0.36716155	0.17317467	-0.54045718	-0.05044948
1.35973835	0.02474619	0.30340699	0.12274820	-0.25574584	0.15148465
1.27510636	0.03110079	0.38014218	0.46726118	-0.17461112	-0.21005110
1.30929375	-0.06296469	0.26354742	0.46180653	-0.30680872	0.00144042
1.46195753	0.00246693	0.47681950	0.98588280	0.47610633	-0.19323644
1.23828263	0.24321453	0.59432868	0.61448883	0.20543437	-0.04962854
1.46296180	0.20241893	0.42055432	0.32419032	-0.13623641	0.23098268
1.45280965	-0.17736832	-0.11096645	-0.55340607	0.31836507	0.07765957
1.34101746	-0.46348858	-0.22655824	0.14123971	0.65780385	1.01368418
1.08126152	-0.66959054	0.15522942	0.53018941	-0.39713242	0.95297395
0.86116308	-0.47853292	0.19168270	0.63801601	-0.34439832	0.46012401
0.72499055	-0.37893028	0.11494390	0.45731489	-0.19928072	-0.32317048
0.96739512	-0.13433353	0.17080831	0.47285121	-1.06387650	-0.27493627
0.72245650	-0.00660336	0.01432683	0.19030511	-1.33652039	-0.54631928
0.95782767	-0.20994469	0.09814800	-0.03064154	-0.83606549	-0.04064893
1.01355749	-0.17622920	-0.00139448	0.29475759	-0.92231869	-0.28948432
0.77399172	-0.24075909	0.08491857	-0.02707472	-0.73046017	0.18678085
0.59608651	-0.07909988	-0.01180493	0.22438479	-0.75637046	-0.24033333
0.80635052	-0.13528722	0.04895803	0.57297307	-0.53919820	-0.60813041
0.77170540	-0.23958303	0.03429629	0.87188553	-0.79142215	0.27798066
1.04521847	-0.05547870	0.02239195	0.86886668	-0.82952056	0.14850707
0.97706380	-0.04591672	0.08484450	0.79773822	0.47253691	0.04714468
0.97597353	0.07082565	0.00891514	0.90064804	0.41390926	-0.04747009
0.84994655	0.12750702	0.04233423	0.51327707	-0.37837991	0.10173505
0.90219898	0.03510166	0.02202836	-0.02160176	0.22269803	0.35208774
1.02698854	0.08848446	0.09663369	-0.07262442	0.15856022	0.56285864
1.03001419	0.14618471	0.19508905	-0.20839029	-0.05234579	0.76758338
0.95802823	-0.04399872	0.05103102	-0.19921261	0.12627584	0.17444167
0.85111756	-0.01027150	0.24606976	0.16170759	-0.16668407	0.54893399
1.09567047	-0.04743600	0.06885775	0.30420993	0.22828347	0.26655024
1.21985167	-0.20728976	0.16187147	-0.12448144	-0.14428687	0.21377938
1.11709972	-0.28648728	0.09776821	0.17582691	0.35895425	-0.17616000
1.13579701	-0.01227507	0.18022603	0.51251719	-0.34851013	-0.28217723
1.03983211	0.03012267	0.31988643	0.30574225	-0.49102205	0.13643529
1.16524210	-0.05977529	0.16830167	0.55714980	-0.85803494	-0.11996505
1.22890648	-0.14611857	-0.04158668	0.76574677	-1.70488844	-0.63221539
1.32371473	-0.28100823	0.02394131	-0.06755629	-1.26535801	-0.66946507
1.14199166	-0.27240795	-0.17773868	-0.37038157	-1.24413777	-0.59474553
1.30589217	-0.19324347	-0.04582833	-0.17657192	-0.33679341	-0.64673165
1.60908700	-0.23622462	-0.01209190	0.52215591	0.68006847	-0.60235575
1.71339065	-0.38530220	-0.00497615	-0.08199671	0.95624461	-0.48891268
1.37267633	-0.19387798	-0.07972424	0.01493800	0.74913501	-0.26912106
1.23875906	-0.29943536	0.04827641	0.05319295	0.67543630	-0.07320595
1.22556012	-0.46367073	-0.02868506	-0.23459034	0.89158385	0.15658926
1.04882411	-0.20844671	0.10245551	-0.18571208	1.42580602	0.27331760
0.84814386	-0.01874926	0.08407905	-0.29111078	0.54153766	0.49567925
0.75646412	-0.02955464	0.20977584	-0.36474223	1.04897300	0.29601537
0.41859046	-0.16079701	0.10854045	-0.17237891	0.75769855	0.49276516
0.54244234	-0.07663819	-0.00475643	-0.54316944	0.46938917	0.37815527
0.59244476	-0.18075749	0.03618200	0.02161469	0.23158323	0.30648017
0.57421247	-0.19469153	0.18017805	-0.27811317	0.45296924	-0.25727950
0.65035863	-0.12430308	0.11026964	-0.05011878	0.25453517	-0.09736253
0.85253877	-0.23661709	0.32085322	-0.03655951	-0.23597497	-0.32324775
0.79701148	-0.16286235	0.35439079	0.34809009	0.18548079	-0.09164280
0.66398483	0.06403636	0.17504488	0.40402704	-0.21194408	0.09355728
0.76985028	0.15644646	0.20183351	0.21161926	-0.46564245	-0.24387625
0.78239174	0.15342069	0.22018061	0.00724722	-0.72064263	-0.38616735
0.98467188	0.07138782	0.25308035	-0.02386746	-0.02073933	0.01011145
1.26119757	0.15207654	0.32647588	-0.11719684	-0.57475769	0.25681876
1.38667024	-0.01129041	0.22606652	-0.35787491	-0.41440814	0.07463241
1.39266668	-0.00222574	0.21373544	-0.39568188	0.36593257	-0.55789697
1.18677994	0.01726157	0.54990521	-0.06179901	-0.36841895	0.01032887
1.12642315	-0.07917252	0.95285795	0.54353188	-0.06299778	0.22641804
1.42985840	0.06669405	0.66938935	0.69506601	-0.33588307	0.02512178
1.63833175	-0.03669652	0.06067734	0.00805866	-0.05335194	0.13282793
1.74139122	-0.58170210	-0.07842034	0.04841511	-0.06866098	0.64186404
1.37039430	-0.78499243	-0.10956778	0.44388324	0.60695269	0.73786252
0.89497583	-0.52955654	0.14626546	0.90236996	0.45954900	0.68188230
0.96725344	-0.28539384	-0.07973695	0.77350389	0.10797478	0.20170897
0.85839288	-0.02154238	-0.06135038	0.75015577	-0.35700722	-0.43570603
0.80552984	-0.02937838	0.12974645	-0.08461769	-0.86589778	-0.09996751
0.84872265	-0.21672723	-0.03672413	0.18754163	-1.29907512	-0.33823469
1.17436152	-0.31366000	-0.04154707	-0.03794678	-0.79050957	-0.22908514
1.24256613	-0.16462789	0.00852391	0.09503208	-1.13293198	0.26836050
0.84054471	-0.32567678	-0.05091938	0.14711136	-0.74365878	0.15251735
0.54445445	-0.26373540	-0.03952811	0.09240778	-0.13374071	-0.19816023
0.67091583	-0.20242543	-0.11389411	0.39291586	-0.01086825	-0.35782683
0.95980038	-0.12283331	-0.03516446	0.59629230	-0.33099957	0.25124738
0.85970353	0.01352524	-0.04280575	0.84761086	-0.20439095	-0.05020410
1.03443922	-0.14622150	0.09763288	0.58810593	0.02795004	0.00110778
1.01249695	-0.07863896	-0.11413569	0.86594259	0.34900415	-0.21505277
0.94119655	0.05311630	0.02415119	0.56893580	-0.15397042	0.40791062
0.66569361	0.11586113	0.05660886	0.27434062	0.13006090	0.07082309
0.86586903	0.10679625	-0.06485579	0.49316602	-0.08709810	0.03093936
1.04817256	-0.02591138	0.15480384	0.37705078	0.07317775	0.73496844
1.01318177	0.26755952	0.08066826	-0.14822318	0.12196805	0.31270012
1.03044752	0.15487377	0.26755280	-0.20109353	0.29887082	0.67517828
1.07678196	0.01952722	0.06422620	-0.31946783	-0.23754682	0.58818631
1.20040742	0.16493527	0.04878277	0.08359177	0.52154798	0.38169214
1.13441106	0.09451937	0.04455297	0.34833569	-0.24277993	0.44575936
1.14800587	-0.00261178	0.10231188	-0.00479580	0.16556244	0.24129677
1.10193024	0.03459173	0.10692810	0.25956838	-0.58840453	-0.04837487
1.07467607	-0.00480365	0.17194366	0.49742177	-0.28096617	-0.04612288
1.08003445	-0.11252482	0.01028963	0.69113501	-0.65359661	-0.29041013
1.17458330	-0.21688331	-0.01184122	0.36535848	-1.29343037	-0.49801672
1.28034710	-0.08323148	-0.24162597	-0.55796536	-1.30397228	-0.74397761
1.14525755	-0.18018433	0.02859438	-0.57692912	-0.08980276	-0.74427109
1.46638233	-0.16892920	-0.00951126	-0.29788405	-0.29541855	-0.69217662
1.50246763	-0.39220621	-0.02368432	0.04647691	0.49641805	-0.85884342
1.37397354	-0.54516280	-0.20417706	-0.11284918	0.45058651	-0.59935404
1.35464480	-0.04202657	0.12829066	-0.39192719	0.80663454	-0.30379928
1.40060620	-0.28087739	0.23228106	-0.16980640	0.78212718	-0.11080541
1.16332876	-0.01759648	0.15771160	-0.55234113	1.74269218	0.53651700
0.86017653	-0.20807308	-0.05867566	-0.27925333	0.67033325	0.09161901
0.64518530	-0.16373238	-0.01219596	-0.70251253	0.44499248	0.67714103
0.56565370	-0.12023377	-0.04773357	-1.09841056	1.39355595	0.11912316
0.83069964	0.00078491	0.17839355	-0.61018888	1.12405214	0.09903992
0.70137855	0.06705202	0.17952013	-0.83767829	0.52725020	0.06437921
0.42107220	-0.15272449	0.09088731	-0.70296356	0.42298851	0.04746901
0.64730493	-0.02438492	0.13650445	-0.52577831	0.74343041	-0.22904694
