0.60759206	-0.05713830	0.09977028	-0.81788693	0.88864464	0.42934269
0.57700109	-0.08666258	0.08140234	-0.54873804	0.97846730	0.19623477
0.52462224	-0.23480061	0.00216949	-0.53928839	0.45423462	0.18105094
0.57933686	-0.15670461	0.19256762	-0.39408007	0.47122858	-0.01494435
0.58056832	-0.03825124	0.08008948	-0.31670710	0.67518241	-0.03688620
0.57610828	-0.19714811	0.30710683	0.46932768	0.35781267	-0.24340464
0.79934854	-0.06235259	0.22665965	0.23663424	0.21317220	0.00457481
0.73841905	-0.04547392	0.33668279	0.01653560	-0.54224268	-0.14562808
0.63689340	-0.16827925	0.40286208	0.42578504	-0.34150927	-0.25063851
0.72827457	0.07827945	0.20271502	-0.01450888	-0.94804972	-0.13291742
0.97173413	0.15495172	0.40134739	-0.05424441	-0.62676840	0.00777780
0.99574024	0.11980686	0.20616028	-0.18596246	-0.65417358	-0.19263733
1.13084967	0.10858601	0.35787382	-0.27746781	-0.24304251	-0.29304626
1.30927507	-0.01968848	0.13578207	-0.50111447	-0.04794765	-0.21998194
1.30870204	-0.06869057	0.35456081	0.28662795	0.20200881	-0.29905811
1.35988216	0.17530596	0.50261704	0.82744254	0.32353860	-0.35141402
1.33737514	0.00578542	0.41865752	0.05758458	0.44686127	0.16435767
1.56770968	-0.23554552	0.10306915	-0.49805409	0.88551544	0.30307818
1.54242549	-0.45630219	-0.08672445	-0.08880895	0.62010669	0.57738311
1.19618254	-0.63758926	0.00588370	0.40922023	0.00084806	0.80533579
0.78795857	-0.42859532	0.00342241	0.34417927	0.16680928	0.53239199
0.70005266	-0.19023818	0.03499202	0.15041602	0.29210874	-0.20448135
1.02610000	-0.11331472	-0.06932003	0.16121800	-0.80946879	-0.10614364
0.87309694	-0.07601209	-0.04770321	0.02151010	-1.19164744	0.10581209
1.04152559	-0.13760759	0.12018309	0.18172725	-0.85908635	0.18584062
1.10700062	-0.25723790	0.04219586	0.30801041	-1.16583056	-0.08897473
0.76381902	-0.18330642	0.00568311	0.40218984	-0.88859898	-0.20463244
0.65394523	-0.22010240	0.01534759	0.41798328	-0.54004689	0.05356137
0.68042958	-0.11404354	0.02503735	0.26371435	-0.88480993	0.09638423
0.95879165	-0.08611783	0.03515289	0.69648600	-0.36637315	-0.12285654
0.98670901	-0.16285184	0.06320463	0.43021555	-0.28209382	-0.01610416
0.96832698	-0.10896845	-0.01100370	0.75522014	-0.10235967	0.14883316
0.83538253	0.20416267	0.07340785	0.42615122	-0.09426304	-0.15188007
0.90161644	-0.00647409	0.02029842	0.30146722	-0.04189577	-0.01095904
0.93645626	0.14553672	0.15631611	-0.10126677	0.19520888	0.07120506
1.01019371	0.01522719	0.11525811	-0.09861078	0.21613089	0.08227898
0.99349763	0.16281026	0.07361765	-0.26763222	0.09780704	0.25167203
0.91320606	0.06245369	0.09898314	-0.06567281	0.12040404	0.27227774
1.05074466	0.08040733	0.26025318	-0.52038954	0.18745512	0.41545619
1.08445774	0.01221953	0.13907659	-0.22174068	0.34372816	0.45573939
1.08530034	-0.02760768	0.16219500	0.03108624	0.48744910	0.30802365
1.07302594	-0.02557510	0.31199417	0.01283641	0.00830492	-0.14956682
1.15872245	-0.14787795	0.10939630	0.01608426	-0.41308565	-0.05097952
1.05344150	-0.06044640	0.19541535	0.05207971	-0.49788829	-0.20475069
1.30929670	0.08128718	0.14780005	0.31544130	-0.72373651	-0.19153828
1.21147880	-0.23609417	0.14468662	0.30013761	-1.16574754	-0.15246801
1.13853546	-0.10084256	-0.06334237	-0.00012926	-0.90139467	-0.35480164
1.02333490	-0.41437975	-0.02678122	-0.14552404	-1.05885520	-0.30678695
1.16923698	-0.35145871	-0.01249621	-0.26584975	-0.56775598	-0.71862883
1.33322702	-0.47963925	0.04440576	0.23264832	0.10323196	-0.65613719
1.29748681	-0.26262209	-0.03624762	-0.18213796	0.76860358	-0.75625400
1.37010651	-0.26172278	-0.02453691	-0.18516725	0.36531748	-0.41209398
1.07660098	-0.21787048	-0.00285134	-0.28366423	0.54520462	0.01020368
1.22025999	-0.17828373	0.02663644	-0.40371329	0.85247300	0.04308443
1.20867835	-0.08508226	-0.01960415	-0.32799134	1.43108189	0.15663530
0.90732656	0.03006578	0.03054000	-0.32773903	0.99761551	0.11834825
0.73864877	-0.02840422	0.04520416	-0.98526759	1.06476257	0.30109305
0.52759531	-0.11932769	0.19156971	-0.85430137	0.61047050	0.31883678
0.62790621	-0.02779106	0.00603546	-0.74519690	0.35391074	0.13622888
0.71120828	-0.17563277	0.19992350	-0.55995101	0.70921467	-0.08085763
0.63331304	-0.09378115	0.17379984	-0.72412271	0.11176331	-0.03607671
0.50528904	-0.24215551	0.15388153	-0.38694197	0.35218329	-0.34180919
0.61387641	-0.17397583	0.23982426	-0.37166541	0.30910552	-0.16255877
0.70785831	-0.20453413	0.15107760	-0.29429776	0.23297579	-0.41974722
0.60220857	-0.14048477	0.19863975	-0.10469318	-0.01863773	-0.34087356
0.64039303	-0.17950160	0.25883977	0.26120645	-0.49246632	0.17750903
0.46957445	-0.03593783	0.31101669	0.34398016	-0.34799674	0.06482509
0.87066010	-0.00497453	0.27980756	0.16090885	-1.23623348	0.10910424
0.89047554	0.15253299	0.31080101	-0.03407706	-0.90395305	-0.16548896
1.22934950	-0.00698266	0.43102698	-0.08337665	-0.46093056	-0.14343714
1.18956918	-0.03413992	0.08019947	-0.04366482	0.14564924	-0.04443908
1.24589570	0.08788041	0.22782992	0.18724697	-0.08823885	-0.04624588
1.36224319	-0.09158705	0.27248835	0.09901828	0.08558789	-0.05249825
1.57674886	-0.01704619	0.44953199	-0.32945262	0.51168867	0.01537734
1.57673144	0.20243647	0.27471109	-0.09064025	0.74052698	0.17434192
1.54237485	-0.14117802	0.15160446	-0.27549741	1.04808343	0.36277589
1.44900980	-0.36952376	-0.00664170	-0.00698216	0.69812430	0.84319157
1.35126969	-0.61131923	0.11872285	0.52535112	0.07757815	0.77053365
0.86805210	-0.41804836	0.01289493	0.19309570	0.69337148	0.05984550
0.85250908	-0.46235849	0.05374072	0.33823610	-0.33120495	0.28387230
0.76507891	-0.25999692	-0.09755934	0.23095305	-0.86204569	0.06572276
0.91352349	-0.16302830	-0.00373098	0.21784740	-0.85040183	-0.10459215
1.09309067	-0.16676835	-0.01405929	0.21925849	-0.50741149	0.25432924
0.98280630	-0.19337239	0.00354316	0.25537621	-0.53277347	-0.12773234
0.77743303	-0.21006494	0.03661832	0.60608144	-0.58102336	0.06405265
0.58021977	-0.10441955	0.00784445	0.46919311	-0.62285288	0.14678109
0.93590408	-0.02819359	0.06981357	0.62250899	-0.90120296	0.09384428
0.81371717	-0.09623512	0.10226930	0.79081092	-0.13138990	-0.02634792
0.99371307	-0.17864338	0.16299266	0.74165739	-0.01435693	-0.18144038
1.00659716	-0.02283482	0.03359647	0.68100480	0.04842336	0.07484895
0.86742985	0.19660249	0.15919177	0.35745232	-0.05781388	-0.06370056
0.74854540	0.05973770	0.04332760	-0.02007802	0.29262050	0.09729751
0.98602160	0.00507464	0.03224822	-0.16820878	0.45845748	0.22823160
0.93143872	0.22165541	0.15599394	-0.26264769	0.07166848	0.43921921
0.85108709	-0.04812060	0.04444358	-0.36231334	0.30051444	0.28375454
0.80379162	0.06011606	0.04498595	0.03931463	-0.10563304	0.22418750
0.89951178	0.05579912	0.03884238	-0.33602578	-0.06413403	0.73693834
0.85066943	0.02779597	0.18347341	-0.20204334	-0.21145048	0.57452535
1.00532984	-0.04652931	0.18849207	-0.00912847	0.10739713	0.12617583
1.03783294	-0.00383953	0.26496715	0.01831084	-0.18703375	0.34229330
1.18063409	-0.05492156	0.19489786	-0.08725638	-0.28833057	0.16535002
1.24590871	0.00220561	0.11921417	0.02543677	0.23989895	0.02259197
1.16738738	-0.04260712	0.32919425	0.34599302	-1.03303028	-0.24555316
1.27178333	-0.05810075	0.23198999	0.68803113	-0.46374153	0.16909134
1.32392665	-0.14782807	0.16585053	0.97323226	-0.78829405	0.14433361
1.16051207	-0.18110568	-0.18917558	0.14749302	-1.40929797	-0.19346218
1.17244993	-0.10015131	-0.08264663	-0.47999989	-1.21257434	-0.29693359
1.17579410	-0.31002909	-0.09649380	-0.52317401	0.19271700	-0.69633294
1.42213346	-0.26927708	0.00261873	-0.34978018	0.15767486	-0.67247784
1.24606157	-0.28423719	0.02677171	-0.25431977	0.41343160	-0.42842751
1.19016691	-0.13598531	0.03395216	-0.20942268	0.39459940	-0.28396993
1.31668037	-0.21434200	0.07989695	-0.13764144	0.35709034	-0.01588547
1.22068668	-0.22900960	0.01283381	-0.13390664	1.09683181	-0.22912959
1.23174616	-0.29035254	0.15312361	-0.23221490	0.88874965	0.33532418
0.86245681	-0.14145268	0.06615798	-0.34403173	1.10265131	0.08762471
0.61440997	-0.24132896	0.10999391	-0.65398411	0.60701952	0.46586147
0.73770789	-0.02382418	0.00774687	-0.70502972	1.05053452	0.37711348
0.75039792	-0.19588658	-0.00827437	-0.62434265	0.48966756	0.20946660
0.69798855	-0.02577363	0.12483330	-0.71150049	0.77829399	-0.02383737
0.64746089	-0.17549821	0.09395987	-0.80430051	0.50571797	-0.08728614
0.78940783	-0.02215967	0.22202829	-0.76883231	0.13105891	-0.37034735
0.78714179	-0.22010959	0.22199675	-0.25747547	0.28990016	-0.32546755
0.80367635	-0.24245356	0.24046828	-0.19890128	0.12601019	-0.26054884
0.64546644	-0.13689722	0.25414234	-0.20899762	-0.14118057	-0.21535689
0.70601845	0.05581037	0.46767992	0.30468729	-0.58048745	0.01340493
0.76546504	-0.00186993	0.32192182	-0.01196778	-0.82169080	0.00555238
0.99870881	0.07649828	0.39828998	0.18612206	-1.08498442	0.20757958
1.12695106	0.08675056	0.45461356	0.16742929	-0.63580016	0.33422744
