1.37620993	-0.39605010	0.18895150	-0.07961530	0.50426285	0.94501417
1.16436702	-0.84467013	0.26087042	0.78169845	1.03585903	0.94219477
0.88280871	-0.60426108	0.20904714	0.88199536	0.74480310	0.31181829
0.96322823	-0.41654632	0.18683054	0.43258830	0.11147429	0.01327580
0.93916015	-0.24773044	-0.06525610	0.24326498	-0.58375739	-0.07938309
0.65696076	-0.04506512	-0.11330779	0.16834175	-0.97525322	0.34541401
0.86906196	-0.05396837	-0.02645711	0.23881764	-1.21643350	0.31653067
0.89253576	-0.07616898	0.01429623	0.06233679	-0.83827651	-0.16203081
0.85932892	-0.18284583	-0.09961219	0.17076074	-1.00873498	0.02839770
0.83398974	-0.23454770	0.14565126	0.45333686	-0.66223787	-0.10729611
0.65668355	-0.14344242	0.04679626	0.21975790	-0.34014502	-0.34263303
0.48431476	-0.05439784	0.09490284	0.61594104	-0.74892266	-0.04316963
0.78799642	-0.14293860	0.05575418	0.21344254	-0.48015562	0.10990153
0.83475559	-0.09636697	0.12221400	0.57635010	-0.29150722	-0.02468923
0.89192493	-0.00184201	0.14012748	0.49323605	-0.00634528	-0.13897797
0.83091005	-0.10942668	0.09733056	0.28029756	0.00229085	-0.06709767
0.97836957	0.15333545	0.04874106	-0.00688306	0.27908447	0.11972673
0.98818080	-0.05334275	0.11099807	-0.00241290	0.05476196	0.45000970
0.96021079	0.09164356	0.06706956	0.06477021	0.00803774	0.35370217
1.09813863	0.13868827	-0.05557941	0.10056884	0.18817627	0.49196397
1.01806793	0.00843790	0.17859471	-0.15600870	0.01079489	0.40445738
1.10655828	0.19479695	0.13354176	-0.06146805	0.07683796	0.49455355
0.93086491	-0.15771128	0.24459813	-0.02237382	-0.11097653	0.21516986
1.13111025	-0.11495646	0.16840331	0.20300019	0.17794196	0.15441363
0.97257778	-0.17352002	0.10310785	-0.15833116	-0.52796587	0.07031670
1.14804633	0.14384994	0.19769140	-0.00818767	-0.51376346	0.09657937
1.36499254	0.06629648	0.15215175	0.53720192	-0.91100863	-0.01972879
1.24964980	-0.08354516	0.15354145	0.31215469	-0.57456021	-0.47119648
1.08567648	-0.21636618	0.10061167	0.27074979	-1.05489429	-0.28403904
1.07450149	-0.20977481	-0.09181088	0.06793999	-1.14445735	-0.57835293
1.22243447	-0.28428352	-0.09396883	-0.31539656	-0.85839689	-0.12956175
1.43283896	-0.27989619	-0.03502936	-0.16805612	-0.07099317	-0.95161092
1.41668002	-0.26033496	-0.01988702	0.04470043	0.13382202	-0.35493648
1.44669769	-0.25516296	0.02443883	-0.16792051	0.43273749	-0.68995702
1.37706677	-0.30350356	0.13647463	-0.23589686	0.44870672	-0.51179400
1.37430962	-0.28476986	0.01677592	-0.58766734	1.09017826	-0.33076882
1.03712071	-0.23065912	0.11833774	-0.29351000	1.26212548	-0.10272737
0.95944108	-0.27733688	0.01518747	-0.26841231	1.15128787	0.17761475
0.77952462	-0.03369444	0.04620578	-0.56622958	1.01891721	0.47665652
0.54417896	-0.10932513	-0.06420827	-0.38635508	1.14013552	0.27414762
0.69737834	0.03106020	0.12135265	-0.44093412	0.42180621	0.26094978
0.72306993	-0.01074768	0.06149724	-0.47386507	0.55662783	0.49973093
0.44969333	-0.17049273	0.02761533	-0.50230383	-0.23261666	-0.18480749
0.58360478	-0.10840712	0.07443261	-0.25928976	0.71302710	-0.07412712
0.78848479	-0.15598938	0.12576437	0.01706340	0.32972300	-0.40856900
0.81224507	-0.03963978	0.25704058	-0.09219615	0.14999477	-0.36073042
0.59609274	-0.09255247	0.21205871	0.34495142	-0.20145663	-0.25208493
0.67434720	0.06769657	0.26340694	-0.02446370	-0.51425718	0.07187172
0.68834160	-0.05037591	0.19403052	0.16828982	-0.18616999	0.39929523
0.77503490	-0.12245467	0.31312109	0.23184982	-0.69154323	0.08953665
1.12688166	0.17302546	0.31418150	0.14037542	-0.51137421	0.14291089
1.36822877	0.09043120	0.20572294	-0.21042543	-0.47177537	-0.42474709
1.60710062	-0.09746983	0.17188513	-0.44450081	-0.07536931	-0.25718119
1.38616773	0.13736967	0.42564861	-0.00501463	0.71934294	-0.31693355
1.43979746	0.05325328	0.66567548	0.31790541	0.43008629	0.32619970
1.45513763	0.20400635	0.52349665	0.27749930	0.17123791	0.21897554
1.44514922	-0.00825915	0.15574294	-0.08079672	0.35105709	0.11449503
1.29401115	-0.48969103	0.10952207	-0.04043282	0.47066724	0.67565203
1.09492658	-0.31428480	0.12563228	0.37577831	0.67329218	1.08289467
0.71764765	-0.48581443	0.01592872	0.52948609	-0.01751894	0.45023975
0.95921467	-0.12809721	-0.03723610	0.28650919	-0.32607250	0.05661607
1.08979899	-0.08208240	-0.07857627	0.34190384	-0.22147577	-0.07550818
0.94406485	-0.03083340	-0.00778631	0.11527366	-1.29619865	-0.00200506
0.95051016	-0.27555175	-0.06967304	-0.12436886	-1.25768909	0.39133212
0.98951737	-0.14731367	-0.06881647	0.26082319	-0.78232247	-0.05505492
0.88594918	0.00615739	0.01236632	-0.09091510	-1.18099027	-0.29365739
0.85671923	-0.06681264	0.08980279	-0.03924876	-1.24362336	-0.31672897
0.78908088	-0.03774470	0.11189969	0.50891787	-0.56374692	-0.28688114
0.76565229	-0.29602511	0.08041082	0.40243821	-0.61269100	-0.25897198
0.86494798	-0.23681062	0.03790332	0.68706018	-0.63730118	-0.03073350
0.94629715	-0.00920715	0.13077462	0.91059398	0.16985170	0.19630895
0.82896094	0.00321929	0.08549683	0.27464098	0.16730224	-0.42478868
0.92077100	0.06947893	0.00129800	-0.10170017	-0.47635069	-0.14646059
1.02067094	-0.09981249	0.04333809	-0.09152858	0.09089701	0.15116096
1.05534231	0.02409080	0.05565945	0.17729368	-0.00680509	0.30551812
0.83426655	-0.05183977	0.18802837	-0.18540607	0.12541897	0.05489780
0.94717795	0.21329801	0.17850854	-0.09907769	0.33304025	0.34812520
1.01043677	0.04514685	0.11619944	-0.23982290	0.57856167	0.41629761
1.00982363	-0.01131394	0.16793505	-0.13968753	0.27529362	0.29957386
1.16515900	-0.07779214	0.11048561	-0.30764813	-0.01565511	0.08605810
1.25936626	-0.15794432	0.16311186	0.04396732	-0.26244146	0.21405180
1.22144530	0.00347320	0.10586787	0.18996966	-0.00590792	-0.09633501
1.12813758	-0.17156585	0.07454913	0.46066419	-0.90798694	0.18448447
1.25390338	-0.23003509	0.14552150	0.70932859	-0.75475598	0.06732534
1.33365227	-0.44957603	0.06221033	0.42249659	-1.24173990	-0.22624998
1.26328796	-0.14915462	-0.02500533	0.09514831	-1.30707926	-0.60502369
1.49444477	-0.28821621	-0.07757333	-0.20904647	-0.83727858	-0.41082665
1.32414285	-0.41639900	-0.10722135	-0.17214516	0.31466751	-0.39489744
1.52142741	-0.16047333	-0.01478679	0.26713456	0.92503032	-0.84605582
1.18696243	-0.44394073	-0.09692105	-0.07865892	0.19596161	-0.24561480
1.34786662	-0.36679483	-0.00287071	-0.00497330	0.84919670	-0.14933272
1.26172148	-0.18670333	-0.01199903	0.23922935	0.89101029	-0.17108819
1.08739087	-0.18599619	-0.03862412	0.06442336	0.91328314	-0.27740322
1.17006349	-0.05419659	-0.05665656	-0.10069667	0.92057061	0.16698808
0.85168418	-0.13945145	0.02775011	-0.24301136	1.09029100	0.09384695
0.81814503	-0.24535335	-0.09371937	-0.39421041	0.94549346	0.47571782
0.73531884	-0.09597771	0.14024136	-0.40034818	0.68213971	0.06906305
0.44502729	-0.28564354	-0.02823956	-0.49820413	0.58516636	0.55266666
0.67089293	-0.14962845	0.19093221	-0.26796826	0.55526554	0.47386292
0.61771965	-0.14776357	0.07530425	-0.17545295	0.52897943	0.14984531
0.52450787	-0.26508808	0.15053687	-0.42501093	0.53001656	-0.16783933
0.55847191	-0.19209473	0.09258192	0.28885883	0.28255388	-0.51418523
0.82306309	0.00104516	0.15790719	0.05368162	-0.02658214	-0.02690709
0.81391090	0.05710817	0.15217972	0.02482261	-0.50743045	-0.03451302
0.72855008	-0.01403285	0.23618761	-0.23596017	-0.47022136	0.06691009
0.61848965	0.10025249	0.28646081	0.05356232	-0.68974715	0.17834493
0.74829024	-0.05708987	0.21107579	-0.09026748	-0.53468950	-0.12196423
0.88727241	-0.16885572	0.28828192	-0.21354731	-0.28844074	-0.20717398
1.15676808	0.02649493	0.27014448	-0.18833004	-0.31984560	-0.07281410
1.33598780	-0.10527770	0.30609052	-0.06777912	0.23727508	-0.69036972
1.23663188	-0.10872940	0.26827775	0.06439613	0.37348222	-0.15675478
1.35362446	0.01458031	0.56000344	0.60854041	0.34183679	-0.36785707
1.23596731	0.15609690	0.44489826	0.11172308	0.59858260	0.36737665
1.41258582	-0.06291022	0.35817003	-0.35099703	0.14371232	0.28495197
1.42499081	-0.33050360	0.27354038	-0.15021699	0.88141113	0.58845865
1.34573901	-0.43589620	0.02374882	0.59610484	0.20478058	1.08543836
0.83792686	-0.33011856	0.18181659	0.17358502	0.27175624	0.31197079
0.63475612	-0.35783720	0.00508794	0.10932904	0.06629398	0.19915668
0.80075233	-0.26975616	0.05052011	-0.13775927	-0.76796039	0.02265446
0.67679609	-0.18611383	-0.05653457	-0.01844583	-1.39704207	-0.07266663
0.94426848	-0.21411791	-0.06604599	-0.12005148	-0.80119759	0.18152082
1.02156536	-0.17794235	-0.04598604	0.27536099	-1.33760681	-0.15457132
0.95011477	-0.27614913	0.09889427	0.17469657	-0.49316307	-0.16341877
0.65216648	-0.10114192	0.11682605	0.24824102	-0.29353263	-0.26985781
0.89048898	-0.21568198	0.09620422	0.00962028	-0.45945164	-0.02397990
0.94448832	-0.05018736	0.05820759	0.15007374	-0.25918316	-0.46758485
0.75358794	-0.14294571	-0.09676334	0.42959828	0.07409340	-0.11749204
0.97009326	-0.18910024	0.01945280	0.48661001	-0.35294712	-0.06466192
