0.60985466	-0.09023833	0.13517263	0.78402519	0.00322750	-0.05164969
0.91885621	-0.00820982	0.21960540	0.54072725	-0.19791022	-0.19083938
0.88718658	-0.07121398	0.18997169	0.60659686	-0.40007638	-0.19714760
0.59927104	0.04630819	0.26642482	1.00019341	-0.55086107	-0.25045229
0.98365969	-0.07978133	0.14684344	1.19529666	-0.16203451	-0.40165039
1.18941205	-0.18393312	-0.04455107	1.11030104	0.22423088	-0.16467202
1.76738345	-0.25014006	-0.25577371	0.79343098	1.06390405	-0.36345946
1.97203460	-0.31151492	-0.18313266	0.64216777	0.17963603	-0.52174941
1.75337490	-0.24436155	-0.05277931	1.06085956	0.58030961	-0.23394951
1.78627102	0.01768456	-0.11070819	0.67573506	0.20178000	-0.52968837
1.58116553	0.08777997	0.11769912	0.72233541	-0.03519008	-0.28812448
1.31457787	-0.05500791	0.37678501	0.75802858	-0.15310898	0.10360412
1.35570952	-0.01299344	0.23078426	0.82870142	0.07641833	-0.21653906
1.21181178	-0.03459353	0.13165896	0.57271593	-0.43491891	0.16661285
1.18101671	-0.09379085	0.15915694	0.47390534	-0.41422424	0.24620288
1.00189389	-0.07917167	0.05526247	0.57247113	-0.20638972	0.45497740
1.23681398	-0.05137724	0.00375540	0.81184733	-0.31605256	0.05786890
0.76017033	0.06357843	0.20312491	0.81802670	-0.24052430	0.28417944
0.89375848	0.13532780	-0.04710725	0.37132472	-0.21721253	0.32114775
1.29244445	0.15232478	-0.05358068	0.13894621	-0.23223927	0.27409934
0.72091464	0.11449805	0.26102575	0.27188498	0.18950802	0.15380898
0.97586995	0.07088224	0.10919837	0.60292104	-0.04349945	0.15641250
0.82140197	0.02589528	0.13236368	0.76493157	-0.09475841	0.44812539
0.76411434	0.02365909	0.02720896	0.10592922	0.39178228	-0.03874063
0.89492106	-0.01163205	0.00700216	0.38325337	0.14305730	0.57230059
0.72042159	-0.03503289	-0.00321702	0.45008516	0.07634020	0.44838331
0.66511906	0.07229798	0.00529733	0.63849530	0.18325092	0.27320472
0.82410944	-0.14968388	0.11262984	0.27010594	0.33638079	0.32553492
0.79488746	-0.07883546	0.01452365	0.79387127	0.45344266	0.32659204
1.00193978	-0.03407738	-0.00550958	0.71745428	0.71737765	0.20834198
1.09105883	0.17022931	0.13471337	0.46355151	0.61475316	0.02750224
0.76273037	-0.00264849	0.09461946	0.49495589	0.61591877	0.35967155
0.99899836	0.12235304	0.21060877	0.33970943	0.75738680	0.04820719
0.86126628	0.15299816	0.00879789	0.40963483	0.56840540	-0.19289601
0.97243165	0.02619836	0.08534495	0.52297969	0.80759137	0.01355247
0.90859871	-0.25869465	0.22990408	0.63550742	0.24785853	-0.32060820
0.98015539	-0.28305999	0.15069142	0.46199776	0.42776549	-0.24900398
1.20352989	-0.34802161	0.24999987	0.30149879	-0.01226026	-0.90984968
1.56495220	-0.28257866	0.44359917	0.27421109	0.42020022	-0.42135638
1.83370576	-0.09523319	0.30903616	0.24395496	0.83324854	-0.20512040
1.64035625	-0.14911062	0.41075182	0.46403532	-0.02040543	-0.19985678
1.44396311	-0.21256176	0.35182608	0.73063104	0.13821022	-0.27782427
1.28108988	-0.04125213	0.41876909	0.07804740	0.22351651	-0.05667583
1.01473879	-0.05460577	0.26554103	0.46910938	0.40783514	0.34221372
0.93554008	-0.06057852	0.30357511	0.34829721	-0.05133207	0.46908932
0.95031950	0.05614492	0.30048581	0.42893174	0.13861494	0.27989617
0.97548690	-0.04020073	0.29785481	0.09723833	-0.29888967	0.53969211
0.93257531	-0.07379339	0.15799135	-0.08248162	-0.48806856	0.66313444
0.77765240	-0.03796853	0.34488337	0.36546299	-0.43017170	0.42253244
0.71819410	-0.04163673	0.21868665	0.51189141	-0.72320481	0.45253200
0.81854545	-0.20078333	0.18113846	0.68053893	-0.44610834	0.34117686
0.84694619	-0.12146506	0.38840571	0.70430538	-0.55468809	0.13805370
0.78473140	-0.05929686	0.34961329	0.55881657	-0.73429393	-0.01508467
0.62594282	0.03991427	0.09528689	0.45246646	-0.24458342	0.31356753
0.73527018	-0.04214808	0.28917743	0.36083242	-0.54867534	0.42852845
1.01320620	-0.11712170	0.18747712	0.71759187	-0.53834342	0.06074357
0.79439750	-0.01056583	0.08508680	0.42405564	-0.88423624	0.13212434
0.61736537	-0.10330688	0.15185871	0.22415646	-0.60111952	-0.10209587
0.74416841	-0.03638655	0.14932731	0.18723176	-0.26851884	0.20847057
0.88029155	-0.11009343	0.14746119	0.53279816	-0.69804348	0.10572670
0.87904790	-0.04788081	0.07001772	0.39184624	-0.81372440	-0.40513833
0.92593190	0.02620410	0.41165879	0.63413584	-0.50226213	-0.03036011
0.88977291	-0.01154802	0.28002280	0.36770852	-0.60115658	-0.08600869
0.88556575	0.00243141	0.12819767	0.73825069	-0.69830785	-0.27272344
0.88680587	-0.06543180	0.25987588	0.71727584	-0.65327083	-0.12641404
0.90790156	-0.05247328	0.32051489	0.63518506	-0.71284679	-0.37114070
0.90471153	-0.09900946	0.18504476	0.26493751	-0.15111970	-0.29496027
0.65620344	-0.10636974	-0.00758238	0.38056604	0.36201389	0.08869619
1.31157820	-0.15846192	-0.03802508	0.40232659	0.04613472	0.09145358
1.58416774	-0.10415842	-0.27497042	0.74554704	0.26190585	0.42408239
1.77129542	-0.20244387	-0.05276628	0.93255984	0.51230190	-0.03425987
1.70863461	-0.05873872	0.16849353	0.86545506	0.10283093	-0.42425415
1.47307950	0.13792783	0.18409550	0.78116852	-0.13650216	-0.59256280
1.47501471	0.16510280	0.10569026	0.22001754	-0.07603400	-0.30075157
1.39923667	0.09659693	0.12093664	-0.15429280	-0.36878736	0.38057553
0.97365877	-0.08300567	0.20220726	-0.11642340	-0.54261410	0.27894567
1.11800099	0.04235229	0.04549208	-0.06179202	-0.69351174	0.38228441
1.17068460	-0.17307983	-0.02615834	0.00353050	-0.41688693	0.12976974
1.00439302	-0.17998616	-0.04805376	0.58203480	-0.55610349	0.57610118
0.76637015	-0.09297827	-0.02072713	0.33291224	-0.39028489	0.23240857
1.06408729	0.07657747	0.06730253	0.29256332	-0.48599387	0.20643292
0.73002963	0.10038231	-0.04279492	0.23798000	-0.34746063	0.44216482
1.00630770	0.10740565	-0.01965539	-0.01194549	-0.28293676	0.75858799
0.73598535	0.02712674	-0.02328934	0.03898440	0.22229070	0.37273318
0.72318058	0.07446185	0.01484909	-0.14481768	0.03332089	0.52585481
0.83139857	0.04196041	0.12256096	-0.25326523	0.42677548	-0.01762730
1.06798949	0.11258923	0.22867926	0.05088551	0.05788303	0.12454224
0.96426175	0.05689649	0.13900584	-0.10267393	0.42309353	0.15404120
0.68137779	0.10553521	0.12830732	-0.02162534	0.02706152	0.01230522
0.72577337	0.16400933	0.03122023	-0.23711589	0.24674219	0.32792896
0.80366617	0.02248317	-0.02942510	-0.19048672	0.32830020	0.57448124
0.75550248	-0.05090829	0.03412295	-0.24775882	0.50668870	0.27896754
0.95656392	-0.08517979	0.19125747	0.34233098	0.54360433	0.18914641
0.74537851	0.02041364	0.17816338	0.37616706	0.36195684	0.12543185
1.03498903	0.07277885	0.06979799	0.07352240	0.52332947	0.43411837
0.92626056	0.14973836	0.14418487	-0.32544931	0.38590286	0.19657617
1.06141254	0.09374255	0.09606898	-0.43327445	0.59264255	0.10914706
0.84899009	-0.09173637	0.12360765	-0.17846429	0.63847457	-0.11073669
1.01497150	-0.28668405	0.13895123	0.25856257	0.63310361	-0.07855036
1.28083936	-0.42400943	0.22145761	-0.23928204	0.59250011	-0.67965892
1.47295620	-0.30945719	0.28253612	-0.32548401	0.85046405	-1.04432927
1.92737753	-0.25622513	0.20774082	0.16290959	0.33510859	-0.51350355
1.66478218	-0.12760786	0.15595290	-0.00718286	0.42344129	-0.42631946
1.59590026	-0.16052990	0.24033252	0.22759562	0.11698266	-0.38619741
1.50741032	-0.11602998	0.23089294	0.21947559	0.55156005	-0.39535904
1.39942144	-0.08473932	0.25341373	0.03035169	0.03512177	0.16517103
1.35917649	-0.13532299	0.14135856	0.44547594	0.32523972	0.58999687
1.24696691	-0.02338528	0.14012565	0.08395128	0.29927107	0.43709061
0.99384263	-0.19364804	0.26997257	0.22600573	0.02703625	0.10031323
1.04178944	-0.04097321	0.29709834	-0.29711319	-0.05463495	0.11440161
0.77214765	-0.09286256	0.21769212	-0.15876763	0.07762648	0.44457234
1.01026891	-0.13595958	0.19375550	-0.54190760	-0.06392978	0.88986635
0.62405522	-0.12706763	0.38411516	0.02747976	-0.14732292	0.57188616
0.80316544	-0.20102928	0.19954700	-0.14844495	-0.40388301	0.60722186
0.71538473	-0.22092184	0.21256325	0.51319147	-0.17764905	0.39251370
0.69904819	-0.17700014	0.20666946	0.26557024	-0.43384795	0.36240723
0.64623112	-0.06751846	0.20855848	0.36630134	-0.66047521	-0.07940439
0.78382821	0.11046377	0.23185064	0.23424288	-0.49896977	-0.23763849
0.73373035	-0.03969720	0.18625644	-0.00814478	-0.52256875	0.20775298
0.69693659	-0.05167459	0.29638600	0.34750914	-0.84477040	-0.00852834
0.56215924	-0.09006674	0.19399898	0.45639495	-0.86700070	-0.10317176
0.83879719	-0.01088699	0.10754676	0.41741718	-0.49424672	-0.40122568
0.68916278	-0.12046241	0.17999150	0.28637885	-0.94075184	-0.45854095
0.86069464	0.01391351	0.25961427	0.21120563	-1.12604467	-0.07882794
0.97143756	-0.13260149	0.21580923	0.26627785	-0.55835997	-0.02532910
0.72457757	-0.07211909	0.20694371	0.43029075	-0.65968323	-0.08483080
0.94949390	-0.02250951	0.18054932	0.22516829	-0.45551834	-0.43191568
1.06187697	0.00362981	0.14191181	0.39886374	-0.41589518	-0.17443938
