1.02879833	-0.09248778	0.00299076	0.11837374	0.05965622	-0.06472680
1.02354188	-0.09753017	-0.00095018	0.12019589	0.08099289	-0.06989260
1.02689780	-0.08990585	0.00447031	0.09967411	0.05367404	-0.07126380
1.03194951	-0.08712870	0.00298171	0.07164398	0.06620805	-0.07118849
1.02269061	-0.09542558	0.00737310	0.06917223	0.10090252	-0.09136510
1.01415383	-0.10734267	0.00040649	0.04400640	0.08421437	-0.08195029
1.01357759	-0.11159889	0.00542046	0.01271630	0.08021418	-0.06397960
1.02240804	-0.10130529	0.01054351	0.03701593	0.06228167	-0.07299597
1.01898903	-0.11733729	0.00918251	0.03512898	0.05426734	-0.07805515
1.01915403	-0.12615980	0.00946784	0.01042812	0.04640518	-0.07255852
1.02762698	-0.12908446	0.00061880	0.03228571	0.05508787	-0.07116989
1.02546586	-0.12320566	-0.01548792	-0.01710129	0.05814551	-0.03907972
1.03416358	-0.11924568	-0.01465547	0.02563054	0.04197929	-0.07485601
1.02703162	-0.12447733	-0.01183568	0.02615056	0.07449802	-0.05451715
1.02644988	-0.11525676	-0.00501856	0.03812025	0.04513099	-0.06739744
1.01902629	-0.11882343	-0.01111826	0.04565060	0.04271564	-0.06802620
1.02467814	-0.11406163	-0.00471897	0.04084150	0.03792405	-0.04408552
1.02465719	-0.10585046	-0.00601352	0.03111144	0.02375491	-0.05573900
1.02405765	-0.11047753	-0.01001705	-0.01679046	0.02338617	-0.04569887
1.02729131	-0.10471238	-0.00016460	-0.02169662	0.01863809	-0.01837549
1.01744735	-0.10171974	-0.00006728	-0.00046585	0.02670697	-0.05206904
1.02183207	-0.09399711	0.00672698	-0.00676714	0.04092957	-0.06993500
1.02354525	-0.10751219	0.00717050	-0.06433120	0.03789935	-0.06375082
1.02790387	-0.10329945	0.00302078	-0.03646798	0.04813710	-0.08457766
1.02654333	-0.10470067	0.00021761	-0.03177431	0.07033061	-0.10403492
1.03393273	-0.10951005	0.00580997	-0.05499269	0.07067439	-0.12390362
1.02497865	-0.10838049	0.01007498	-0.02253871	0.09666873	-0.08194850
1.03685634	-0.09641486	0.00524296	-0.04539694	0.10899305	-0.12823470
1.03598358	-0.10133605	0.00616016	-0.05976196	0.11778999	-0.10750208
1.03359034	-0.10080636	0.00694664	-0.02232828	0.14351444	-0.09005424
1.02529574	-0.09554681	0.00529028	-0.06012113	0.08608584	-0.04548777
1.01094608	-0.08703509	0.01965229	-0.03320294	0.02745766	-0.04765383
1.00832370	-0.09627054	0.00602297	-0.04157678	0.03419805	-0.01672259
1.00705266	-0.10800894	0.01299082	-0.02699857	-0.00279634	0.00093645
1.01855117	-0.09802158	0.00904570	0.00645414	-0.00415216	0.04281324
1.02512226	-0.09948961	0.00082607	0.02001382	-0.00603394	0.02418148
1.03433848	-0.11011468	0.00701456	0.05669793	-0.00240035	-0.01552497
1.03453782	-0.10846024	0.00384605	0.04610384	0.01645605	0.00023410
1.02690514	-0.09462023	-0.00156337	0.04886854	0.02220734	-0.01531158
1.02595567	-0.09624419	0.00626894	0.00598096	-0.00297615	-0.01026358
1.01770189	-0.10136338	0.00529951	0.03975742	-0.00441649	-0.01432923
1.02212145	-0.08891530	0.00684405	0.02545723	0.02850107	-0.01805643
1.02973979	-0.08432338	0.00682005	0.02957887	0.03968142	-0.03598853
1.03002956	-0.09370189	0.00981227	0.02314008	0.03267676	-0.05146799
1.02837864	-0.09291513	-0.00290151	-0.00245576	0.03401313	-0.00698963
1.03174446	-0.09646526	0.00675153	0.01482525	0.05534545	-0.07517040
1.02454373	-0.10387969	0.00462265	0.02252801	0.03865335	-0.07552975
1.02998814	-0.10724818	0.00127626	0.00695829	0.02864710	-0.05097878
1.02975151	-0.11000730	0.01289554	0.08778211	0.05486718	-0.05666976
1.02588949	-0.10603568	0.01204769	0.07014909	0.06232439	-0.06073473
1.02876545	-0.09772142	0.00627990	0.05533185	0.06063275	-0.03487929
1.03054599	-0.08965312	0.00772148	0.06514025	0.06487513	-0.05880473
1.02669128	-0.09617677	-0.00157717	0.03451614	0.05953718	-0.06382259
1.02296507	-0.08118280	-0.00280626	-0.00887792	0.06114486	-0.04359743
1.02556848	-0.09791692	0.00491133	0.04165482	0.05491921	-0.06935925
1.02840715	-0.09002466	0.01385305	0.03549132	0.03945846	-0.02971843
1.02103543	-0.08620350	0.01177606	0.01948809	0.04627782	-0.05625257
1.02046313	-0.08793603	0.00437467	0.01635793	0.04908398	-0.04782387
1.02237296	-0.07545084	0.01036104	0.04510875	0.04208027	-0.02738889
1.02674464	-0.07978533	0.00672462	-0.01313355	0.01636362	-0.06258170
1.03289451	-0.08088604	0.00526357	-0.02951896	0.03185146	-0.03416788
1.02240357	-0.07016853	-0.00657284	-0.04615730	0.03175370	-0.03899305
1.02375540	-0.08225601	-0.00797084	-0.04366382	0.02588895	-0.02077635
1.02206198	-0.07566401	-0.00495346	-0.04269641	0.02505169	-0.01745310
1.02027147	-0.08782174	-0.00216761	-0.03948302	0.01509001	-0.03010482
1.01894739	-0.09288988	-0.00656346	-0.06257572	0.01466352	-0.04840788
1.02254812	-0.09579338	-0.00519796	-0.06522239	0.02761141	-0.03397499
1.02519962	-0.10380037	-0.01047911	-0.08775983	0.03217487	-0.04166928
1.01070154	-0.09765286	-0.00682979	-0.06037817	0.01559126	-0.03973163
1.02203066	-0.10317875	-0.01247951	-0.11051591	0.02285958	-0.05491959
1.01784889	-0.11486264	-0.01275697	-0.07375618	0.03098674	-0.03690970
1.02232107	-0.11634265	-0.00524472	-0.03344618	0.03424817	-0.03852635
1.02423118	-0.12267314	-0.01652921	-0.02564987	0.02908265	-0.02774939
1.03180726	-0.11308375	-0.01444242	-0.05032282	0.00521187	-0.00818649
1.03075893	-0.11201283	-0.00885287	0.00754069	0.01014233	-0.00003376
1.02434133	-0.11530749	-0.01620310	0.01238187	0.01905507	-0.00991448
1.02078867	-0.10992248	-0.00907565	0.04404122	0.02039890	0.00056078
1.02263797	-0.10987782	-0.01126315	0.04368729	0.02829879	-0.00336290
1.02716632	-0.10028380	-0.00697496	0.01923504	0.02850839	0.00796384
1.02394178	-0.08974077	-0.00618674	0.02778657	0.02371199	-0.01846010
1.01801409	-0.10025793	-0.01307959	0.00661191	0.00090511	0.00034672
1.02352912	-0.09202312	-0.00699937	0.01340234	-0.00056022	0.01786163
1.02143878	-0.09218216	-0.00714221	-0.00214380	0.02344788	0.00660803
1.02039989	-0.09303519	-0.00737207	-0.02593805	-0.00109149	0.00957430
1.02499658	-0.09313599	-0.01227291	0.00091444	-0.00323077	-0.00067617
1.03026764	-0.09788586	-0.01451368	-0.01362072	-0.01438778	0.02319581
1.02999437	-0.09745831	-0.00652557	-0.00129964	0.01966396	0.03844381
1.02544680	-0.10257722	-0.01123427	-0.01926392	0.01012181	0.02192696
1.01855607	-0.10567511	-0.00667987	-0.03382973	0.01028864	0.00130651
1.02200941	-0.09881414	-0.01029316	-0.00150744	0.00259763	-0.00810484
1.02431570	-0.10156578	-0.01190626	0.01183948	0.00162352	-0.01835631
1.02212942	-0.09830252	-0.00922611	0.00697356	0.02048151	0.00682565
1.02658428	-0.09442269	-0.00565690	0.00303939	0.03642938	-0.00902857
1.02489488	-0.11078181	-0.00177030	0.00550348	0.00676903	-0.01354780
1.02683605	-0.10639511	0.00026007	0.01344456	0.04525185	-0.03420486
1.02419854	-0.10602573	-0.00193392	0.01200963	0.05211788	-0.02768853
1.02451200	-0.08057957	-0.00284020	0.00819377	0.04716176	-0.03368951
1.02737682	-0.09277818	-0.00126475	0.04787559	0.04003675	0.00154563
1.02313627	-0.10296837	-0.00188370	0.03434329	0.02183317	0.00989366
1.02010252	-0.09861848	-0.00590437	0.00645301	0.04769791	0.00302682
1.02315005	-0.10284779	-0.00676720	-0.00058795	0.01939271	-0.00451959
1.01946210	-0.10006002	0.00058029	0.02037787	0.03035599	0.00625254
1.02596790	-0.10363670	-0.00658370	0.01475138	0.02556886	-0.03190645
1.03004169	-0.11026327	-0.01204957	-0.02077068	0.03237720	-0.00767612
1.02143980	-0.10175032	-0.01109970	0.02690407	0.04853112	-0.00777581
1.02364269	-0.09502774	-0.00971759	-0.03640367	0.03877541	-0.01751438
1.02627693	-0.09995238	-0.01467150	0.00705059	0.01793857	-0.01006746
1.02405865	-0.10271672	-0.00984114	-0.00117959	0.04741549	0.00254278
1.02403761	-0.10094278	-0.00656099	-0.00419197	0.05088178	-0.00773765
1.02616564	-0.10342226	-0.01327659	-0.00770948	0.00454395	0.01153235
1.02822616	-0.10433857	-0.00352384	0.00971355	0.04237996	-0.01276974
1.02486913	-0.10922522	-0.00712247	-0.01824845	0.03300997	-0.02278964
1.03111574	-0.10507244	-0.01024593	-0.00547020	0.02723978	-0.01635377
1.03085032	-0.10282212	-0.01439346	0.00212176	0.03939947	-0.01394508
1.02629738	-0.10808350	-0.01569986	0.02544734	0.03991715	-0.04273971
1.02872168	-0.11093597	-0.01623236	0.01035895	0.01587973	-0.01576101
1.03184475	-0.10843764	-0.01349694	-0.01446762	0.01791908	0.00816404
1.02983567	-0.11224288	-0.01246210	-0.02008653	0.02888512	0.00314645
1.02449372	-0.10731014	-0.00795251	0.00771005	0.01547731	0.00568135
1.02265699	-0.10591952	-0.01524007	-0.01690082	0.02963029	0.00235337
1.02664022	-0.10361827	-0.01764423	0.02770835	0.04282495	-0.00284894
1.03093274	-0.11097698	-0.01196262	-0.01570590	0.02794609	0.00734837
1.02297575	-0.09967865	-0.01973947	0.02195819	0.02465035	-0.00400542
1.02840667	-0.10756467	-0.02120549	0.00105979	0.04260636	-0.00101100
1.02279748	-0.10549674	-0.02271764	-0.00652142	0.02449763	-0.00516350
1.02025308	-0.11677632	-0.02240133	-0.00459502	0.02898089	0.00520240
1.02979151	-0.11220223	-0.02497480	0.01134489	0.00204880	0.00842389
1.02835014	-0.11178468	-0.01762571	-0.02433510	0.02281837	0.00284158
