0.98983376	0.11101684	0.22732932	-0.00280132	-0.00331294	-0.00537754
0.98590615	0.11354838	0.22968448	-0.00085225	-0.00051044	0.00356832
0.99174675	0.11172362	0.22520293	0.00636974	-0.00424014	0.00575611
0.99756433	0.11496125	0.22723850	-0.00074545	-0.01335650	0.00669536
1.00093635	0.11368763	0.22999801	-0.00466395	0.00121296	0.00694762
0.99812465	0.11734711	0.23128188	-0.00211115	0.00323051	0.00403815
0.98855779	0.11924681	0.23194726	-0.00382145	-0.00424272	0.00636733
0.98679437	0.11898669	0.22943913	-0.00034272	-0.00964914	0.00296072
0.99119550	0.12247906	0.22061533	0.00254074	-0.01656732	0.00367060
0.99190697	0.11616993	0.21640866	0.00315869	-0.01195141	0.00850914
0.99653481	0.10964302	0.21713774	0.00121615	-0.00739551	0.00319857
0.99850875	0.10467293	0.21775253	0.00185214	0.00043178	0.00244695
0.99733094	0.11058816	0.21546557	0.00161951	0.00768016	0.00841329
1.00119729	0.11427750	0.22204225	0.00324394	0.00028211	0.00713057
0.99616716	0.11319841	0.22423298	0.00440343	-0.00631184	0.01021480
0.98972255	0.11315580	0.22463957	0.00263921	-0.00168970	0.00690762
0.99170308	0.11644470	0.23058921	0.00162477	-0.00625872	0.01178685
0.99075244	0.11877785	0.23283177	0.00113325	-0.00333710	0.00641705
0.99334575	0.11303947	0.22288451	0.00164145	0.00604295	0.01150333
0.99447465	0.11538148	0.22953892	0.00246766	-0.00189566	0.00868872
0.99570632	0.11288105	0.22373234	0.00568913	-0.00727120	0.00930329
0.99108139	0.11348402	0.21810190	0.00575589	-0.00738642	0.00330450
0.99315055	0.11413604	0.22210274	0.00385563	-0.00576368	0.01302833
0.99512728	0.11077103	0.22593503	0.00125407	-0.00014493	0.00722756
0.99255363	0.10490942	0.22749440	0.00496339	-0.00441675	0.01345724
0.99372062	0.10861031	0.22289489	-0.00071740	-0.00739719	0.00573656
0.99305881	0.10809147	0.22534581	0.00307351	-0.00470964	0.00559193
0.99283137	0.10694973	0.22473142	0.00042359	-0.00559098	0.00874455
0.99422057	0.11116980	0.21984570	0.00366699	-0.00102962	0.00865817
0.99272285	0.11205289	0.22337910	-0.00058086	-0.00020469	0.00539838
0.99251101	0.11412433	0.22808768	0.00073492	-0.00836294	0.00011879
0.99165146	0.11463812	0.22483743	-0.00187318	-0.00062736	0.00039412
0.99390307	0.11467649	0.22457313	0.00495694	-0.00328901	0.00179813
0.99242276	0.11168980	0.22380586	0.00325244	-0.00661802	0.00495171
0.99816478	0.11129290	0.22411280	-0.00202958	-0.00553709	0.00126145
0.99789611	0.11356825	0.22925580	-0.00304973	-0.00119436	0.00606495
0.99406918	0.10893128	0.22178388	-0.01088892	0.00323529	0.00574811
0.99268773	0.11319312	0.22860127	-0.00267761	0.00547175	0.00512555
0.99340927	0.11527593	0.22735372	0.00394275	-0.00481530	0.00226601
0.99171500	0.11435893	0.22225076	0.00369652	-0.00337648	-0.00222121
0.99144804	0.11288966	0.22186731	0.00021888	0.00373430	-0.00938442
0.99198451	0.10992093	0.21397277	-0.00533784	0.00959834	-0.01018327
0.98912473	0.10954501	0.22038128	-0.00441565	0.00715977	-0.00825240
0.98993159	0.10961364	0.21345415	-0.00651504	0.00698050	-0.00725888
0.98830157	0.10918587	0.21534214	-0.00530561	0.00565171	-0.00421219
0.99253982	0.11234825	0.22019706	-0.00231993	0.00965255	-0.01239473
0.99159947	0.11406452	0.21848915	0.00063605	0.00359584	-0.00926109
0.99357219	0.11667476	0.22511010	-0.00145990	0.01256540	-0.00905653
0.99264601	0.11337925	0.22461744	0.00314078	0.00776505	-0.00600796
0.98917591	0.11735259	0.23017079	-0.00179044	0.01004447	-0.01029028
0.99339015	0.11454594	0.22962613	-0.00177395	0.00913566	-0.01206129
0.99989604	0.11337542	0.23094947	-0.00053976	0.00627767	-0.00564400
1.00111547	0.11237658	0.22234148	-0.00318737	0.01292866	-0.00751528
0.99598071	0.11260667	0.21593302	-0.00601705	0.01719305	-0.00563387
0.99502821	0.11358678	0.21471128	-0.00277633	0.00681422	-0.00687178
0.99310515	0.11390336	0.23059559	-0.00734714	0.00588924	-0.00895285
0.99342466	0.11233283	0.22462092	-0.00725668	0.00229697	-0.00870450
0.98917547	0.11635750	0.21947640	-0.00486857	0.00759135	-0.00309768
0.99338559	0.11722895	0.22354055	-0.00685334	0.00652884	-0.00675465
0.99118722	0.11232466	0.21879508	-0.00611969	0.00600448	-0.01021094
0.99152014	0.11351680	0.22711870	-0.00322264	0.00832046	-0.00893372
0.99141749	0.11662976	0.22346687	0.00329714	0.00900566	-0.00755911
0.98962667	0.11557040	0.22544705	-0.00091171	0.01203849	-0.00505923
0.99486208	0.11867265	0.23343897	0.00370269	0.00697033	-0.00685169
0.99377470	0.11146356	0.22456718	0.00041385	-0.00348063	-0.00584022
0.99435114	0.11134478	0.22646823	-0.00348762	0.00348391	-0.00486603
0.99710210	0.11326753	0.23173770	-0.00133801	0.00966735	-0.01419224
0.99430207	0.11987471	0.23510575	-0.00688821	0.01735477	-0.00957472
0.99314828	0.11910850	0.22924142	0.00041795	0.00659850	-0.00496253
0.99270530	0.11891899	0.22937200	-0.00023823	-0.00324902	-0.01121946
0.99769903	0.11576721	0.22617334	0.00188669	0.00643483	-0.00625753
0.99309276	0.11395379	0.22458166	-0.00349638	0.00534165	-0.00694021
0.99220915	0.11038269	0.22446935	-0.00300619	0.00692704	-0.00532806
0.99166435	0.10686617	0.22371429	0.00215383	0.00761112	-0.00749089
0.99162126	0.10772726	0.21825114	0.00284598	0.00342335	-0.00623499
0.99338412	0.11353262	0.22972399	0.00511338	0.00024738	-0.00651328
0.99286918	0.11546069	0.22312244	0.00083635	0.00246907	-0.01370832
0.99091792	0.11176867	0.22818008	-0.00242495	0.01005782	-0.01252143
0.98730957	0.11151986	0.22821859	-0.00099619	0.00517626	-0.01178574
0.98427670	0.11063318	0.22500104	-0.00651078	0.00359744	-0.01046441
0.98959973	0.11614112	0.23070776	-0.00800844	0.00791944	-0.00553228
0.99808923	0.11889522	0.22877586	-0.00379206	0.00354052	0.00208772
0.99230127	0.11825992	0.22379504	0.00124137	0.00074243	-0.00190084
0.99372656	0.12096462	0.22651940	0.00333161	0.00457326	-0.00102451
0.99150986	0.11829981	0.22877604	0.00171444	0.00688549	-0.00165667
0.99220957	0.11333175	0.23437475	0.00437630	0.00356380	-0.00068090
0.99212210	0.11531646	0.23752603	0.00643541	0.00188342	-0.00421648
0.99472655	0.11503489	0.23030884	0.00175969	0.00311738	-0.00269341
0.99438106	0.11708454	0.22234887	-0.00474195	0.00313451	-0.00709573
0.99373517	0.11608924	0.22176809	0.00121802	0.00792499	-0.00101431
0.99161221	0.11830775	0.22456071	0.00347832	-0.00067457	-0.00341060
0.99227129	0.11577782	0.22699086	0.00377705	0.00951706	-0.00144751
0.99071060	0.11713766	0.22744742	0.00719684	0.00875029	0.00051131
0.99422603	0.11541232	0.22561625	0.01226078	-0.00118002	-0.00178426
0.99244067	0.11113325	0.22219329	0.01092366	-0.00288512	0.00386951
0.99048645	0.11134833	0.22007957	0.00777152	-0.00356956	0.00254827
0.98813705	0.11151364	0.21593444	0.00478033	-0.00674726	0.00286695
0.98790542	0.11130832	0.21955218	-0.00409403	0.00256893	0.00032943
0.99221463	0.11186191	0.22764964	-0.00362377	-0.00175373	0.00160126
0.99249682	0.11223200	0.22731588	0.00067653	-0.00159977	0.00185093
0.98472116	0.11322493	0.23209683	0.00692967	-0.01611307	0.00195270
0.99076593	0.11618627	0.22847293	0.00624921	-0.00462075	0.00413344
0.99287803	0.11456851	0.22163609	0.00329408	0.00019189	0.00769395
0.99317900	0.11301895	0.22920780	0.00509694	-0.00346557	0.00489755
0.99232205	0.11268896	0.22891634	0.00256704	0.00144478	0.00660792
0.99249810	0.11372125	0.22667744	0.00044390	-0.00726708	0.00322279
0.99403774	0.11361963	0.22567585	-0.00090157	-0.00764698	0.00094543
0.99523908	0.11718008	0.22887695	0.00348950	-0.00109667	0.00290108
0.99053629	0.11538874	0.23252024	0.00541855	0.00216904	0.00809530
0.99417302	0.11595833	0.22885780	0.00403372	0.00196520	0.00449772
0.99211376	0.11225500	0.22959437	0.00306652	-0.00062171	-0.00003056
0.99154651	0.11150035	0.22736477	0.00631325	-0.00930001	-0.00059999
0.98799884	0.11356166	0.22866313	0.00545211	-0.01022410	0.00566304
0.99057066	0.11423696	0.22624553	-0.00113600	-0.01112940	0.00339603
0.98945787	0.11658172	0.22278927	0.00251738	-0.00579215	0.00765421
0.99148782	0.11584297	0.22094589	0.00248562	-0.01170143	0.00692982
0.99230247	0.11267316	0.21900546	0.00228914	-0.00864755	-0.00086750
0.99345170	0.11426208	0.21517842	0.00118934	-0.00124777	0.00383099
0.99194508	0.11394894	0.21633197	0.00188530	-0.00305282	0.00105544
0.99110232	0.11021367	0.21721210	0.00089205	0.00546452	-0.00141069
0.99327690	0.11298718	0.21866270	-0.00101389	-0.00365070	-0.00353722
0.99409605	0.11258870	0.22108244	0.00575134	0.00282747	0.00170087
0.99232931	0.11152507	0.22949279	0.00316834	0.00349292	-0.00355296
0.99291561	0.11341152	0.22736448	0.00461844	0.00340980	0.00650008
0.99277932	0.11313905	0.22391363	-0.00187983	-0.00014953	0.00149415
0.99466467	0.10910774	0.22932558	-0.00104661	0.00453283	-0.00494838
0.99150990	0.11156341	0.22373425	-0.00370035	-0.00209900	0.00396688
0.99210727	0.11388893	0.22663835	-0.01121456	0.00251022	0.00368252
