0.99017192	0.11823811	0.23151120	-0.00070605	0.00423052	-0.00450390
0.99089763	0.11931091	0.22957234	0.00087268	-0.00045674	-0.00881196
0.99046684	0.11743391	0.23117052	0.00001417	0.00674741	-0.00341091
0.99151802	0.11400741	0.22329314	-0.00223923	-0.00030477	-0.00876312
0.98718998	0.10752444	0.22325517	-0.00346003	0.00873585	-0.00338041
0.98979319	0.10992485	0.23207167	-0.00335057	0.00977742	-0.00524686
0.99121246	0.11607404	0.23914424	-0.00569695	0.01142928	-0.00552752
0.99210203	0.11907310	0.23641274	-0.00216161	0.00544891	-0.00412141
0.99110529	0.11722721	0.23561746	-0.00384163	0.00504550	-0.00039687
0.99204105	0.11902021	0.23757249	-0.00093458	0.00804513	-0.00656152
0.99150501	0.12296845	0.23428395	0.00113835	0.00079493	-0.00802505
0.99235210	0.11861903	0.23110880	0.00210557	0.00328980	-0.00733387
0.99337055	0.11900575	0.23644114	-0.00363514	0.00716617	-0.00567290
0.99352191	0.12053948	0.23652018	-0.01255464	0.01039320	-0.00700373
0.99196331	0.11820917	0.23733361	-0.01439648	0.01022508	-0.01426986
0.98509030	0.11803024	0.23519803	-0.00442955	0.01066485	-0.01045097
0.98640519	0.12232784	0.23290143	-0.00120313	0.00471953	-0.00383755
0.98802126	0.12183200	0.23587554	-0.00510308	0.00045513	-0.00403299
0.98765560	0.12178826	0.23397605	-0.00342107	0.00818537	-0.00460130
0.98881647	0.12221194	0.23213937	-0.00462444	0.00046068	0.00173765
0.99018383	0.11402549	0.23143841	-0.00339411	0.00849907	-0.00114384
0.99086094	0.11621651	0.23292545	-0.00496624	0.00450855	-0.00199350
0.98865519	0.11686411	0.23336104	0.00386958	0.00437923	-0.00225497
0.98944318	0.11886389	0.23571577	0.00274699	-0.00013211	-0.00806691
0.98771805	0.12150686	0.23778120	-0.00067994	-0.00125212	-0.00275277
0.99050055	0.12556017	0.23503622	0.00268864	-0.00756454	-0.00118749
0.99055528	0.12319079	0.23055586	0.00239914	-0.00411627	0.00104680
0.99231957	0.12341104	0.23534523	0.00136973	-0.00002801	0.00351354
0.99291778	0.12358915	0.23027568	-0.00015978	0.00222496	0.00531586
0.99193953	0.12718806	0.23213787	-0.00458375	0.00007708	0.00256870
0.99289544	0.12514973	0.23274835	-0.00703621	0.00049346	-0.00337830
0.99118528	0.12419816	0.23491524	-0.00678573	0.00017119	-0.00364604
0.99196028	0.12318309	0.23196316	-0.00377191	0.00021421	0.00034505
0.98786955	0.12049249	0.23077636	-0.00841570	0.00007370	-0.00165947
0.98700762	0.11913557	0.23248105	-0.00309376	0.00587626	0.00079731
0.99010809	0.11793483	0.23099561	-0.00664766	0.00557163	0.00137234
0.98912384	0.11876069	0.23185782	-0.00403855	0.00819304	0.00752133
0.98637386	0.11531740	0.23427238	0.00074421	-0.00704122	0.00199471
0.98609601	0.11639369	0.23358436	0.00349159	0.00449903	-0.00650054
0.98969758	0.11167300	0.23396707	-0.00101867	0.00199868	-0.00021494
0.98649313	0.12064100	0.23187560	0.00308181	-0.00098854	0.00647400
0.99107937	0.11560385	0.23469838	-0.00023634	0.00188887	-0.00091163
0.98873129	0.12095128	0.23612770	-0.00357093	0.00012459	-0.00213260
0.98969828	0.12506386	0.23352935	0.00071857	-0.00171879	-0.00083650
0.98948378	0.12187219	0.23817740	-0.00060609	-0.00326539	0.00371875
0.99010918	0.12022034	0.23622203	-0.00568281	-0.00080177	-0.00418185
0.99258229	0.11592393	0.23310992	-0.00262715	0.00201297	-0.00245725
0.98834633	0.11764604	0.23790256	-0.00036131	0.00793154	-0.01297950
0.98340734	0.11815495	0.23819654	-0.00932286	0.00024080	-0.00368546
0.98784761	0.11477680	0.23914197	-0.00222736	-0.00453244	-0.00606808
0.98982706	0.11744761	0.23555370	0.00102017	0.00312260	-0.00696074
0.98953458	0.11893457	0.23246529	0.00212934	0.00287296	-0.00528754
0.98943557	0.11633208	0.22941984	0.00571397	0.00884126	0.00190677
0.99230552	0.11865929	0.23211818	0.00550669	0.01108547	-0.00196983
0.99230079	0.12222577	0.23458470	0.00523997	-0.00033562	-0.00092395
0.99483390	0.12295195	0.23291751	0.00662365	0.00201515	0.00279830
0.99312368	0.12338564	0.23406315	0.00133967	0.00177908	0.00804863
0.99237536	0.12612903	0.23637418	0.00557306	0.00534868	0.01016319
0.98968032	0.12162018	0.23584432	0.00024113	-0.00562891	0.00177390
0.98727881	0.12597984	0.23692129	0.00066036	-0.00430891	0.00324658
0.99029146	0.12480783	0.23304630	0.00449875	-0.00487698	0.00661812
0.99285706	0.12435597	0.22903896	-0.00055497	-0.01035788	0.00930392
0.99073186	0.12127228	0.22825422	0.00211869	-0.01450985	0.00562541
0.98716150	0.11732318	0.22804897	0.00236648	-0.00989716	0.00079899
0.99039796	0.12464976	0.22724253	0.00325824	-0.00804497	0.00215002
0.99011879	0.11722526	0.23353068	0.00405543	-0.01252385	0.00049800
0.99046443	0.11894646	0.23450343	0.00884753	-0.00530178	0.00086495
0.99165484	0.11978102	0.23317363	0.00451002	-0.00315637	0.00712063
0.99131199	0.12292396	0.22975395	0.00091231	-0.00106233	0.00463647
0.99126274	0.12308836	0.23134979	0.00126738	-0.00780200	0.01096490
0.98936735	0.12523189	0.23152315	0.00249373	-0.01024320	0.00642940
0.98644589	0.12642619	0.23074113	0.00359846	-0.01463048	0.01107395
0.98953782	0.12175450	0.23191502	0.00095048	-0.00963836	0.00571898
0.98893425	0.12128869	0.23604959	-0.00050883	-0.00936823	0.00805678
0.99040554	0.11994081	0.23752736	0.00540262	-0.01355296	0.00774331
0.99243982	0.11906550	0.23485502	0.00979277	-0.00837996	0.00900280
0.99203205	0.12193344	0.23246094	0.00697318	-0.01282124	0.01319834
0.99211012	0.12072414	0.23062040	0.00397646	-0.01136786	0.01176209
0.98989884	0.11947111	0.23484590	0.00484681	-0.01278730	0.01042843
0.98921376	0.11992197	0.23463156	0.00673716	-0.00982506	0.00604948
0.99091764	0.11614498	0.23198636	0.00339228	-0.00761261	0.00888724
0.99486453	0.11585251	0.23573700	0.00745885	0.00069893	0.01000422
0.99385036	0.11750440	0.23329234	0.00459957	-0.00603945	0.00053804
0.99012123	0.11706771	0.23956884	0.00821230	-0.00531063	0.01022080
0.98293608	0.11925318	0.23276652	0.00356277	-0.01334391	0.00767180
0.98656438	0.11857949	0.22955333	0.00548349	-0.01483546	0.00660817
0.99187054	0.11782154	0.23064728	0.00644816	-0.00446607	0.00116532
0.99016676	0.12079797	0.22852108	0.00298293	0.00023243	-0.00080056
0.99569592	0.11577267	0.22825566	0.00295259	0.00155610	0.00412554
0.99575475	0.11892752	0.23423611	0.00313879	0.01001002	0.00453858
0.99546931	0.11996941	0.23731626	0.00168146	0.00401532	0.00491451
0.99228580	0.12210201	0.22698292	-0.00326134	0.00258917	-0.00292352
0.98950152	0.11886881	0.22494323	-0.00066828	0.00061912	-0.00295432
0.99238785	0.11978843	0.22473413	-0.00072997	0.00064450	-0.00408870
0.99306527	0.11746876	0.23457681	-0.00357745	0.00890342	-0.00408975
0.98809992	0.11561897	0.23338852	0.00345800	0.00220039	0.00178754
0.98729851	0.11796513	0.23630264	-0.00094480	0.00130327	0.00017002
0.98617830	0.11667440	0.23671709	-0.00191967	-0.00049791	0.00525992
0.98536359	0.11412194	0.23418856	0.00134852	-0.00177538	-0.00089693
0.98625235	0.11414474	0.23334806	-0.00078072	0.00233654	-0.00332531
0.98846720	0.11271151	0.23243065	-0.00272200	0.00156879	0.00374439
0.99110455	0.11759275	0.23156554	0.00168381	-0.00057265	0.00169362
0.99107830	0.11763096	0.22617354	0.00534498	-0.00175152	-0.00152144
0.99336896	0.11673006	0.22338103	0.00158491	-0.00724449	-0.00035664
0.99336839	0.11874414	0.23065641	-0.00066878	-0.00276285	-0.00178902
0.99279848	0.11457297	0.23406346	0.00329748	-0.00278305	-0.00435438
0.99356342	0.11643528	0.23288507	-0.00198752	0.00110300	-0.00159203
0.99422482	0.11630783	0.22755780	-0.00394595	0.00719972	-0.00200857
0.99389544	0.11907982	0.22919633	-0.00211318	0.00274791	-0.00230247
0.99281979	0.12093673	0.22919920	-0.00897392	0.00859920	-0.00360469
0.99047147	0.11908011	0.22958433	-0.00631901	0.00210577	0.00451979
0.99082098	0.11899176	0.23408548	-0.00148227	-0.00129036	-0.00483961
0.99336016	0.11556899	0.23411607	0.00202228	0.00003917	-0.00618101
0.99291201	0.11664068	0.22958069	0.00283270	0.00453968	-0.00418004
0.99106929	0.11552410	0.22531901	-0.00320625	-0.00027888	-0.00928970
0.99005256	0.11793666	0.22698845	-0.00141813	0.00098121	-0.01162653
0.99018641	0.12062580	0.22889195	-0.00180294	0.00242103	-0.01032773
0.98969141	0.11601826	0.22524475	-0.01056369	0.01189654	-0.01282833
0.99215804	0.11166802	0.22588338	-0.01538046	0.01213035	-0.01549921
0.98843354	0.11769478	0.23292267	-0.00452708	0.01089073	-0.00797037
0.98415900	0.12842522	0.23594006	-0.00188077	-0.00285436	-0.00911816
0.98814823	0.12579731	0.23079260	-0.00476332	-0.00032117	-0.00886990
0.99476889	0.12599566	0.22558849	-0.00594530	0.00411421	-0.00334036
0.99311723	0.12257144	0.22635486	-0.00440416	0.00949056	-0.00918834
0.99163871	0.11723086	0.22545690	-0.00608637	0.01588494	-0.01967920
0.98864462	0.11764470	0.22514794	-0.00789354	0.01221827	-0.01871384
0.98439451	0.12003653	0.23239274	-0.00397012	0.00879586	-0.01674706
0.98576154	0.12537317	0.23220357	-0.00822747	0.01110726	-0.01226165
