0.06401933	0.85993152	0.51260815	-0.13863254	-0.12482630	0.45480731
0.07368999	0.85363917	0.52627991	-0.14368260	-0.10776897	0.41732932
0.08434944	0.84811474	0.52806683	-0.09613967	-0.14722567	0.44161607
0.08812988	0.85644323	0.53185418	-0.10055648	-0.15591778	0.40336126
0.08234358	0.86456963	0.53410912	-0.09048935	-0.11662902	0.48983584
0.09321751	0.86866153	0.52864551	-0.10970646	-0.12288732	0.45994110
0.09541261	0.86713928	0.52565881	-0.08114325	-0.12243998	0.45161158
0.08738389	0.86845584	0.51723774	-0.11884868	-0.13059176	0.41871367
0.08296915	0.86993117	0.50995723	-0.09833000	-0.14039527	0.44527750
0.08385851	0.87431122	0.50257809	-0.13183140	-0.14938487	0.38220919
0.07832369	0.86968886	0.50867672	-0.13017688	-0.18072711	0.35120161
0.08567986	0.86932760	0.51262181	-0.14516808	-0.16567763	0.39846337
0.07966626	0.87018480	0.51369414	-0.15575483	-0.19572318	0.43719296
0.09530326	0.86900711	0.51568062	-0.13116492	-0.18203133	0.46004077
0.09429078	0.87134407	0.52105203	-0.15100883	-0.12964026	0.33900980
0.09518644	0.85605414	0.52436925	-0.12173505	-0.13579185	0.42312466
0.09270343	0.85832709	0.52470758	-0.12641018	-0.14558225	0.39729337
0.09497052	0.86294634	0.52180988	-0.12026336	-0.14904709	0.36506804
0.09172104	0.86578244	0.52875952	-0.15282047	-0.10726978	0.38476775
0.08622084	0.86319285	0.52359720	-0.11981577	-0.10633068	0.35477047
0.09650597	0.85845171	0.52305709	-0.11394745	-0.10682704	0.35905368
0.10111780	0.86335485	0.52341409	-0.12024282	-0.10366036	0.35546763
0.10072003	0.86618184	0.52589788	-0.13157872	-0.12875925	0.35409119
0.09682119	0.86222787	0.52812123	-0.14257207	-0.09422464	0.37443623
0.08941422	0.86504501	0.53222459	-0.14110133	-0.09897789	0.36205434
0.08889591	0.86486090	0.52696742	-0.13329868	-0.08906164	0.35511641
0.09435372	0.86782908	0.52163319	-0.12758936	-0.07763531	0.37689300
0.08970591	0.86113183	0.52143207	-0.11149672	-0.08200114	0.32523352
0.09307736	0.86148496	0.51926264	-0.12749440	-0.09197610	0.34913300
0.09221128	0.86550242	0.51356745	-0.13520746	-0.08245717	0.33720524
0.09667145	0.85344114	0.51839157	-0.12625089	-0.08302919	0.38241374
0.09103357	0.85193957	0.51568399	-0.10811130	-0.08258853	0.33627576
0.09222051	0.85875051	0.52514564	-0.08321283	-0.10106125	0.34733653
0.08838314	0.85826240	0.52703219	-0.11467970	-0.07237248	0.39198060
0.09535892	0.86372986	0.52355957	-0.11961137	-0.10371139	0.31760691
0.08951043	0.86273092	0.52295943	-0.08702141	-0.06849631	0.36379091
0.09059847	0.86043998	0.52373035	-0.12122687	-0.07265591	0.38465724
0.09801854	0.86207162	0.51981347	-0.10475655	-0.05701575	0.32974312
0.09402851	0.86204496	0.51969256	-0.09581057	-0.07661345	0.30423677
0.09734695	0.85863591	0.52280310	-0.08148743	-0.08308827	0.30316388
0.09160123	0.86409510	0.51273812	-0.10545146	-0.06415667	0.29995184
0.09725187	0.85786777	0.52397191	-0.11576757	-0.09194399	0.37524704
0.09534198	0.86071523	0.52338620	-0.10662346	-0.06451984	0.32039136
0.09382223	0.85983864	0.52978236	-0.11420680	-0.06730828	0.36057960
0.09740409	0.85890461	0.51910096	-0.11337810	-0.05617213	0.31107478
0.09502719	0.86205370	0.51531189	-0.10587717	-0.06480684	0.36816141
0.08987317	0.86417403	0.51871019	-0.10521544	-0.09268752	0.33933736
0.09997451	0.85848658	0.52856915	-0.10992646	-0.04403811	0.28905653
0.09757474	0.86061111	0.52661293	-0.09528701	-0.04546323	0.34515846
0.09759780	0.85438614	0.52186979	-0.11808064	-0.05570509	0.26472684
0.09566555	0.85592316	0.51705464	-0.08795341	-0.02949677	0.29182683
0.09399341	0.85461111	0.52277709	-0.07496712	-0.04528336	0.28552503
0.09027466	0.85841700	0.52387289	-0.08528617	-0.07096775	0.29232492
0.08243021	0.86115255	0.52569824	-0.10110837	-0.05672990	0.36889460
0.08536064	0.86096006	0.52173248	-0.06506921	-0.06274606	0.29973383
0.08858068	0.86645008	0.52130759	-0.09452345	-0.02883115	0.26419875
0.09277963	0.86209096	0.51803116	-0.06118171	-0.01970730	0.30900014
0.10356132	0.86659165	0.52054949	-0.06525844	-0.06677356	0.31685095
0.09696825	0.85364887	0.52660730	-0.06993507	-0.08086536	0.26664345
0.09724942	0.85925556	0.52700921	-0.06763098	-0.08541884	0.34068171
0.09356463	0.86574863	0.52768070	-0.09196973	-0.01714350	0.30272893
0.09770329	0.86978208	0.52815788	-0.09025109	-0.07008678	0.28278919
0.09979003	0.86792358	0.52559531	-0.09540156	-0.04729290	0.22632552
0.10115116	0.85815654	0.52580207	-0.08420209	-0.05252608	0.28717836
0.10068672	0.86009285	0.52586547	-0.08443342	-0.05687028	0.25221046
0.09995216	0.86104608	0.52223510	-0.08038508	-0.04286443	0.28100584
0.08964426	0.85962314	0.52835237	-0.06714501	-0.06438882	0.23623975
0.09625413	0.86241869	0.52177456	-0.06636155	-0.05920123	0.25571655
0.08651636	0.86346321	0.52379887	-0.06822236	-0.04840313	0.29173567
0.08762478	0.85817462	0.52107411	-0.08254616	-0.04883015	0.27020656
0.08697074	0.86581361	0.52503447	-0.06054735	-0.04966943	0.27109157
0.09344353	0.86292004	0.51900400	-0.06182959	-0.03668032	0.26839966
0.09236354	0.86100149	0.52832293	-0.05991973	-0.06346729	0.29589821
0.09242055	0.85665021	0.53103919	-0.05201622	-0.06687536	0.22339083
0.09581286	0.85489524	0.53087151	-0.07482734	-0.06204948	0.30094098
0.09382688	0.85644161	0.53144641	-0.04835847	-0.03638307	0.25677839
0.09657113	0.85340241	0.52897996	-0.06843877	-0.05938682	0.24813810
0.09895038	0.86243256	0.53408922	-0.08634654	-0.05236232	0.27374584
0.09743709	0.86578635	0.53303968	-0.08097834	-0.04888679	0.18400458
0.09956175	0.87001615	0.52026697	-0.06803849	-0.05473260	0.20111424
0.08718595	0.86257949	0.51220201	-0.05448387	-0.03984413	0.17278130
0.09422605	0.85831798	0.51756563	-0.06880251	-0.01205363	0.23906093
0.09983538	0.86067370	0.51692357	-0.06441954	-0.04266460	0.22431425
0.09786552	0.85989559	0.51938237	-0.05532725	-0.03818736	0.25941840
0.09260309	0.85235698	0.51460317	-0.05285565	-0.05249428	0.19853415
0.09712669	0.86025880	0.51776207	-0.06552883	-0.00695644	0.14764954
0.09524568	0.86058999	0.51766059	-0.03116548	-0.00944075	0.24381475
0.09132432	0.86274973	0.52416319	-0.07247355	-0.02564434	0.21199086
0.09907990	0.86236194	0.52323044	-0.07453430	-0.00760578	0.22160197
0.10088513	0.86219212	0.52481704	-0.06143258	-0.01902255	0.19199411
0.10173698	0.85967571	0.52599864	-0.05026722	-0.01595448	0.21750160
0.09855543	0.85471197	0.52086468	-0.05881037	-0.00647641	0.16585115
0.09756375	0.85454249	0.52318417	-0.05582723	-0.01083459	0.19335185
0.09377664	0.85833499	0.52634690	-0.04084081	-0.04672236	0.21055923
0.09708132	0.85799126	0.52213051	-0.06452645	-0.02065531	0.19168056
0.10658247	0.85649528	0.52261589	-0.06107631	0.01291878	0.21284482
0.09611796	0.86215090	0.51690563	-0.05959960	-0.01391236	0.17027343
0.09879970	0.86756090	0.51849437	-0.05515772	0.00255712	0.18823377
0.09491291	0.86414440	0.52311997	-0.05759486	-0.02422732	0.19453036
0.09420412	0.85467886	0.52275061	-0.05019916	-0.02988229	0.17162136
0.09736424	0.86307531	0.52559039	-0.03927449	-0.01561231	0.12874116
0.09630747	0.86274061	0.52005972	-0.05772993	-0.00362865	0.14018001
0.08386022	0.86069909	0.51823523	-0.03631577	-0.02048520	0.20984230
0.09142096	0.86350770	0.51687485	-0.05938936	0.00398623	0.17653239
0.10165541	0.86240427	0.52890818	-0.07185607	-0.04987864	0.16214535
0.10043280	0.86130392	0.52269781	-0.03179849	-0.03266409	0.18651916
0.10159513	0.85827674	0.53099920	-0.03687423	-0.05388867	0.18624602
0.09845207	0.85833063	0.53054015	-0.03655748	-0.01564818	0.13250850
0.09448262	0.86713153	0.53171519	-0.03548273	-0.00001295	0.17990311
0.10220130	0.85262122	0.52742108	-0.06468820	-0.03817975	0.15502223
0.09811602	0.86223484	0.53009936	-0.05016716	-0.00358986	0.20041496
0.09976161	0.85753463	0.52216869	-0.02600848	-0.01255519	0.12803062
0.09021954	0.85821619	0.52405993	-0.03297423	0.00434343	0.16132541
0.08755228	0.86075683	0.52036891	-0.02382198	-0.02010665	0.08906792
0.08817887	0.85849927	0.52153008	-0.04587736	0.01264715	0.14338459
0.08359396	0.85733913	0.52673663	-0.02393105	-0.02111698	0.16363780
0.09095214	0.85793237	0.52667357	-0.03439775	0.00324438	0.15656741
0.08913759	0.86402454	0.52957561	-0.04019826	-0.00282349	0.19736649
0.09820736	0.85910447	0.52951499	-0.04386676	-0.02380487	0.14488780
0.09391721	0.85932453	0.53079440	-0.03947145	0.01062620	0.10359428
0.09162591	0.85890832	0.52089073	-0.03798829	0.01248400	0.15598952
0.09276459	0.86120217	0.52378751	-0.04427408	-0.01936558	0.09111669
0.09080209	0.86206592	0.52072808	-0.05551298	-0.00279561	0.14380118
0.09263471	0.86531739	0.52795903	-0.03302601	-0.02529918	0.16512229
0.09079713	0.86513434	0.53364572	-0.03376988	-0.05457000	0.14883522
0.09493171	0.85419512	0.53102557	-0.03452284	-0.04323149	0.08852185
0.09525287	0.85970894	0.52695073	-0.03442938	0.00009001	0.15297750
0.09823751	0.86259493	0.52758816	-0.02728917	-0.01310123	0.15997821
