0.09502390	0.86050062	0.52559986	-0.02937733	-0.00127079	0.13041241
0.09506567	0.86342465	0.52619871	-0.03171643	-0.00783614	0.09636666
0.09755754	0.86302410	0.52388808	-0.03469896	-0.00043083	0.11199514
0.09558470	0.85851267	0.51990149	-0.03378866	-0.01095294	0.12894426
0.09445953	0.85430271	0.52420205	-0.03571974	-0.00396035	0.11195457
0.09537039	0.85440142	0.52492591	-0.02829381	-0.00612440	0.09669144
0.09220333	0.86458432	0.52324881	-0.02548462	-0.00505480	0.11824367
0.09106539	0.86031852	0.53003545	-0.02782712	0.00020446	0.11166800
0.09395711	0.85654447	0.52835122	-0.03199256	0.00546754	0.11022017
0.09823160	0.85353726	0.52584204	-0.02034554	-0.00224339	0.10218663
0.09674776	0.85659444	0.52426426	-0.02047699	-0.00130249	0.06976629
0.09226239	0.86437442	0.52150993	-0.02191606	0.00181979	0.07813257
0.09276252	0.86591846	0.52947311	-0.01238338	0.00145071	0.10235384
0.09117121	0.87157003	0.53067338	-0.01743036	0.00346277	0.10775118
0.09229722	0.86242227	0.52854154	-0.02185452	-0.00073649	0.09983791
0.09324111	0.86071320	0.52604686	-0.01182263	-0.01165040	0.09241281
0.09448075	0.85833736	0.53010805	-0.01958343	-0.00524188	0.07870180
0.09554489	0.85674297	0.52895943	-0.02785744	-0.00334987	0.06862452
0.09242484	0.86040949	0.53043545	-0.02090535	-0.00117635	0.09027513
0.09417679	0.85988466	0.52656798	-0.02534472	-0.00734791	0.07578923
0.09453084	0.86434749	0.52204304	-0.02457096	-0.00371986	0.07374373
0.09570213	0.86308359	0.52814166	-0.03098671	0.00330165	0.07660539
0.09617190	0.86093639	0.53470271	-0.01258148	0.00163006	0.06916086
0.09547841	0.86020309	0.53127252	-0.01616111	0.00509170	0.10427978
0.09284341	0.86003950	0.52513437	-0.01850813	-0.00268324	0.09999936
0.09529783	0.86101193	0.52764961	-0.02469783	-0.00468739	0.06994067
0.09898190	0.85776370	0.53399276	-0.01560597	-0.01110654	0.06702473
0.09956881	0.85555311	0.52736264	-0.01494394	-0.00237731	0.06600285
0.09578442	0.85601707	0.53082905	-0.01653376	0.00838298	0.07309370
0.09425811	0.85983035	0.52986737	-0.00980998	0.00751521	0.06975550
0.09189273	0.86073140	0.53063471	-0.01536813	0.00473787	0.09260227
0.09041471	0.86116874	0.52516384	-0.01810091	0.00434807	0.07138864
0.09336434	0.85765946	0.52755612	-0.01253583	0.00840393	0.06869049
0.09483297	0.85727772	0.52839865	-0.02046857	0.00648795	0.09311392
0.09255581	0.85995495	0.52286084	-0.00440948	-0.00218470	0.08563888
0.09261893	0.86088396	0.52405606	-0.01401654	0.00168326	0.06677715
0.09557342	0.85928550	0.52180889	-0.00702206	0.00653129	0.06850607
0.09966431	0.85656071	0.52330904	-0.01358786	-0.00433650	0.07003866
0.09320089	0.85993598	0.52404553	-0.00026031	0.00298849	0.08204209
0.08994251	0.86240769	0.52520555	-0.01151403	0.00299676	0.06002665
0.09899573	0.86112049	0.52852882	-0.00812824	0.01256170	0.05089908
0.10213476	0.85661937	0.52379298	-0.01300164	0.02110754	0.05247768
0.09755269	0.85908359	0.51811643	-0.01429185	0.01180079	0.03021685
0.09616003	0.86012536	0.52798332	-0.01161047	0.00377028	0.02830060
0.09454534	0.85524966	0.53106212	-0.01386079	0.00690621	0.03205705
0.09415994	0.85612288	0.52556283	-0.01819044	-0.00043223	0.03670878
0.09253209	0.85860228	0.52950118	-0.00671210	0.00455355	0.04690758
0.09412230	0.86342376	0.53034121	-0.00670793	0.01102556	0.04602086
0.09579894	0.86343942	0.52718550	-0.00136058	0.00935714	0.04227479
0.09429369	0.85911174	0.52702765	-0.00375799	0.00764517	0.05382429
0.09214967	0.85970855	0.52205024	0.00264491	0.00387067	0.06637171
0.09441307	0.86038000	0.52928234	-0.00500071	0.01017519	0.04777688
0.09400147	0.85970265	0.52648150	-0.00821677	0.00991471	0.03887832
0.09432795	0.86147734	0.52781793	0.00028853	0.01403679	0.02788649
0.09612912	0.86147848	0.53002215	-0.01402084	0.01434249	0.04698322
0.09618200	0.85944355	0.52957579	-0.00277507	0.00364693	0.03099167
0.09662430	0.86304556	0.52990728	-0.00673516	0.00145134	0.02340305
0.09669298	0.85828051	0.52753137	0.00249855	0.00825548	0.02947428
0.09515058	0.85981053	0.53073558	-0.00685557	0.01038650	0.01347151
0.09272760	0.86591870	0.52689497	-0.00486285	0.00928643	0.03006902
0.09465694	0.86416287	0.52264279	0.00444266	0.00160149	0.04187308
0.09670018	0.85877256	0.51947239	-0.00224784	-0.00693071	0.04074361
0.10031541	0.85359822	0.52200445	0.00241967	0.00266874	0.02044746
0.10032144	0.85081876	0.52256917	0.00095006	0.00251731	-0.00356657
0.09418507	0.85732933	0.52494855	0.00184073	0.00254071	0.03315380
0.09146274	0.85811416	0.52346687	0.00012758	0.00694015	0.02412436
0.08969147	0.85998273	0.52269507	-0.00016375	0.00954995	0.03376690
0.09317335	0.86143322	0.52565039	-0.00473439	0.00473861	0.02351343
0.09353588	0.86174412	0.52498531	-0.00532497	0.01266692	0.01120417
0.09709565	0.86343935	0.52636948	-0.00632110	0.00718892	0.01480433
0.09760378	0.85995606	0.52356554	0.00810280	0.01222671	0.01769233
0.09603102	0.85727552	0.52704010	0.00644792	0.00841515	-0.00067334
0.09815370	0.85552939	0.52629704	0.00268984	0.00910241	0.01974571
0.09477085	0.85689104	0.52594118	-0.00229689	0.00201283	0.02307878
0.09285934	0.85849621	0.52627630	-0.00501216	-0.00107726	0.00888583
0.09326896	0.86012162	0.52252850	0.00147325	0.00487318	0.01276545
0.09414142	0.85947532	0.52169904	-0.00366115	-0.00132733	-0.00419453
0.09292848	0.85954558	0.52565320	-0.00856793	-0.00139312	0.03952696
0.09888158	0.86221240	0.52698523	-0.00580734	0.00428256	0.03139863
0.10041895	0.86400451	0.53155331	0.01503559	0.00286093	0.02281169
0.09759565	0.86180903	0.53253775	0.00455580	0.01617646	0.03134069
0.09334862	0.86059227	0.52987506	-0.00884109	-0.00471506	0.00966019
0.09431407	0.86504392	0.53100002	0.00429009	-0.00429714	-0.01514473
0.09602990	0.86278658	0.52573830	0.00282553	0.00399047	0.02981862
0.10036732	0.86083675	0.52326292	0.00183353	0.00840390	0.00780676
0.10267719	0.85762441	0.52742801	-0.00092554	0.01662727	0.02808078
0.10110019	0.86085945	0.52650088	0.00948682	0.00880648	-0.00908822
0.10205134	0.86280229	0.52558263	0.00019977	0.01670153	0.02875500
0.09760737	0.86303291	0.52397348	-0.00129072	0.01352155	-0.01112539
0.09401915	0.86386671	0.52310122	-0.00578417	0.00812470	0.01545868
0.09283826	0.86390234	0.52986764	-0.00934137	0.01370900	0.05134039
0.09383067	0.86289477	0.52808474	-0.00668194	0.00360529	0.00157590
0.09071151	0.85759808	0.52455319	-0.01201549	0.00250015	0.02233871
0.09096699	0.85403738	0.51850001	-0.00283730	0.00374310	-0.00351856
0.09678092	0.85654017	0.52393120	0.00026272	0.00035210	0.03156270
0.09843305	0.86216078	0.53128658	0.00314608	0.00595032	-0.00144659
0.10282693	0.85740586	0.52462988	0.00326661	0.00916432	-0.01167843
0.09747733	0.85757248	0.52185254	-0.00165816	0.01678237	0.00889603
0.10076434	0.85872477	0.52342785	-0.00034935	0.01242680	0.00181937
0.09821657	0.85928344	0.51976888	0.00700906	0.00738484	-0.00016692
0.09418514	0.85765455	0.52212657	-0.00158661	0.00927796	-0.00626031
0.09678018	0.85801889	0.52254584	0.00441983	0.01654407	0.01505666
0.09786372	0.86118000	0.52415790	0.01185530	0.01652893	-0.01107269
0.09953326	0.85853423	0.52841542	-0.00249893	0.00797923	0.01345495
0.10254093	0.86143289	0.52709642	0.00089482	0.01606384	-0.01210953
0.09764895	0.85958486	0.52653653	0.00702464	0.01177681	-0.00222334
0.09797229	0.86135078	0.52723463	-0.00177858	0.01868174	-0.00868801
0.10068692	0.86377152	0.52326870	0.00572376	0.01895087	-0.00473691
0.10141707	0.86108054	0.51908033	0.00698451	0.01958537	-0.00756025
0.09931576	0.85873930	0.51680254	0.00983352	0.01537056	0.00136598
0.09469135	0.85685689	0.52323955	0.00537265	0.01340984	0.00830109
0.09612574	0.85730392	0.53243509	0.00797587	0.01903708	-0.00728517
0.09542765	0.85814948	0.52935252	0.01022832	0.02355640	-0.01367497
0.09511234	0.85651636	0.52616633	0.01449569	0.01910059	0.02756002
0.09843142	0.85625746	0.53055658	0.00711255	0.01180760	-0.00509477
0.09882088	0.86198222	0.52122319	0.01794901	0.00683494	0.00353236
0.09864246	0.86106141	0.52031049	0.00875631	0.00508918	-0.02369807
0.09460228	0.85743861	0.52260744	0.01249358	0.00363800	0.00549521
0.09929630	0.85909696	0.52058453	0.01028407	0.00733506	-0.00646662
0.09659980	0.86038865	0.52021368	0.00633163	0.01205404	-0.01746690
0.09615272	0.85796822	0.51938498	-0.00425433	0.01225448	-0.01198666
0.09458482	0.85573068	0.52204004	0.00635452	0.01353109	0.00579165
0.09409387	0.85979667	0.52446264	0.00080966	0.01123551	-0.02086391
0.09791768	0.86007803	0.52431348	0.00311842	0.00623716	-0.02344716
0.10114915	0.86052774	0.53024597	-0.00240921	0.01361268	0.01668310
0.09598301	0.85955796	0.53077878	-0.00408783	0.01286385	-0.00706002
0.09544635	0.86048726	0.52482486	-0.00278192	0.01366346	-0.01924490
0.09893509	0.85820488	0.52333638	-0.00449365	0.00490257	-0.00573087
