0.09807336	0.85588167	0.52443451	-0.00382291	-0.00426625	0.00753732
0.10272796	0.85864257	0.52371817	0.00101719	-0.00162760	0.00685857
0.10321604	0.85699508	0.53112535	-0.00160591	-0.00093582	0.00049878
0.09962565	0.85118858	0.52507265	-0.00943945	0.00033479	0.00402626
0.10132933	0.85227734	0.52704619	-0.00294652	-0.00014270	0.00432567
0.10355281	0.85533449	0.53119126	-0.00637949	-0.00247373	0.00291396
0.10624999	0.85490274	0.52564892	-0.00477920	-0.00050459	-0.00073677
0.10672073	0.85498908	0.52728067	0.00316034	0.00373479	-0.00707836
0.10223059	0.85583394	0.52475090	0.00742104	0.00524404	-0.00796433
0.09815599	0.85745987	0.52502690	0.00478720	0.00613670	-0.00364766
0.09523539	0.86373868	0.52577073	0.00173983	0.00694345	0.00438600
0.08993444	0.86578590	0.52740319	0.00548447	0.00445993	0.00120297
0.09400614	0.85852804	0.52356243	0.00046833	0.00613426	0.00050258
0.09256762	0.85791989	0.52519974	0.00070263	0.00024424	-0.00297489
0.08978612	0.86154724	0.52541530	0.00577498	-0.00797670	0.00259618
0.09446148	0.85968713	0.52348776	0.00289307	-0.00577957	0.00116128
0.09549441	0.85777890	0.52331895	-0.00120993	-0.00399419	0.00338256
0.09866272	0.85264246	0.52826639	-0.00120971	0.00274088	0.00409160
0.10545111	0.85354765	0.52816626	-0.00498009	0.00744295	0.00637554
0.10083040	0.85641656	0.52711335	0.00300179	0.00071702	-0.00412731
0.10188880	0.85475866	0.52738437	-0.00229846	0.00018087	-0.00130948
0.10663221	0.85302976	0.52962306	-0.00090075	0.01226592	-0.00099402
0.10131265	0.85272565	0.53241584	0.00184007	0.01257179	-0.00332591
0.09517810	0.85681986	0.53208375	0.00006681	0.00549031	-0.00579666
0.09721910	0.85500431	0.52790148	0.00530270	-0.00071102	-0.00027336
0.09215146	0.85987449	0.52484280	0.01109066	-0.00313342	0.00060182
0.09373174	0.85947174	0.52441176	0.00362204	0.00325681	0.00860370
0.09959350	0.86232967	0.52293094	-0.00290840	0.00679066	0.00939640
0.09663522	0.85994841	0.52628695	0.00040062	0.00253637	0.00823438
0.09778892	0.86165020	0.52048149	-0.00252068	-0.00430033	-0.00448549
0.10231881	0.86128621	0.52434461	-0.00520900	-0.00711193	-0.00377156
0.10193731	0.85662990	0.52300690	0.00039599	-0.00309049	-0.01165818
0.10459980	0.85839320	0.52232596	0.00115191	0.00428394	-0.00772858
0.10268473	0.85404993	0.53009219	0.00530443	0.01231680	-0.00147978
0.10037088	0.85732215	0.52663098	0.00045895	0.00516322	-0.00636262
0.09557695	0.85946717	0.52427336	0.00026968	0.00518387	0.00199634
0.09759633	0.85928613	0.52014151	-0.00311610	0.00314324	-0.00071961
0.10189673	0.85652038	0.52002945	-0.00118733	-0.00105394	0.00183639
0.09936903	0.85759437	0.52215394	-0.00190810	0.00136505	0.00356174
0.09967769	0.85432978	0.52681167	0.00218674	-0.00049361	-0.00073347
0.09885663	0.85468622	0.52956013	-0.00149779	0.00343891	0.00008462
0.10212748	0.85337561	0.52114207	0.00365400	0.00490305	0.00708233
0.10314359	0.85395324	0.51971091	0.00396667	0.00741921	0.00487524
0.10130283	0.85401208	0.52107321	0.00232266	0.00238861	-0.00096062
0.09936765	0.86009500	0.52373351	0.00154217	0.01230868	-0.00482216
0.10075196	0.86013182	0.52887690	-0.00214637	0.00599027	-0.00039834
0.09733130	0.86128205	0.53169683	-0.00052837	0.00591304	-0.00165312
0.09771950	0.86250100	0.52623351	0.00190655	0.00563726	0.00098474
0.09679984	0.85855001	0.52646508	0.00053692	0.00719069	-0.00109066
0.09676269	0.85804689	0.52945610	0.00245204	0.00425289	-0.00199831
0.09708427	0.85826466	0.52313120	0.00198617	0.00455629	0.00196459
0.09382405	0.85833997	0.52143410	-0.00306957	0.00346571	0.00550547
0.09477950	0.86203088	0.51407733	0.00155913	0.00458543	0.00239435
0.09827615	0.86328607	0.51102279	-0.00022623	0.00189199	0.00539578
0.09713480	0.85854998	0.52181433	0.00269179	0.00280197	0.00677453
0.10154278	0.85914473	0.52471681	0.00125857	0.00050062	0.00286149
0.10089966	0.85718105	0.52619909	0.00185848	-0.00045624	0.00306225
0.09835318	0.86120556	0.52773710	0.00215843	0.00105306	0.00411839
0.09643675	0.85933436	0.52935428	0.00230486	0.00149097	0.00169471
0.09616436	0.85995006	0.53229594	-0.00138559	0.00373708	-0.00435058
0.09605293	0.85813627	0.53166567	-0.00310407	0.00357073	-0.00385866
0.09733567	0.86013058	0.52706413	-0.00199703	0.00177102	-0.00879695
0.09611827	0.85974983	0.51763742	-0.00081491	0.00488379	-0.00045481
0.09530866	0.85893931	0.52459513	-0.00052543	0.00295626	0.00018974
0.09864971	0.85945528	0.52263421	-0.00403489	0.00357301	0.00648374
0.09724934	0.86341424	0.52247056	-0.00528527	0.00551185	0.00549928
0.09924216	0.86061020	0.52479629	-0.00697782	0.00821491	0.00528784
0.09972952	0.86163420	0.52377282	-0.00830089	0.00519347	-0.00152996
0.09727065	0.85888507	0.52159528	-0.00360271	-0.00364626	0.00177821
0.09878901	0.85842315	0.52835920	0.00115383	-0.00607279	-0.00662654
0.09705755	0.86009922	0.52805277	-0.00127257	-0.00161539	-0.00516524
0.09525500	0.85933406	0.53343493	0.00348723	0.00097576	-0.00237772
0.09344568	0.86355335	0.52827464	0.00329171	0.00803508	-0.00501866
0.09324762	0.86129328	0.52125714	0.00922276	0.00955928	-0.00191238
0.09480858	0.85678774	0.52297885	0.00305565	0.00248525	0.00516993
0.09680784	0.85858583	0.52192031	0.00610933	0.00280746	0.00263898
0.09959401	0.85902555	0.52129951	0.00509511	-0.00079182	0.00817190
0.09742138	0.86007758	0.51642386	0.00246069	-0.00524574	0.01103325
0.10099328	0.86006988	0.52225149	-0.00088944	-0.00377116	0.00844972
0.10200595	0.85647588	0.52469290	0.00219399	-0.00680793	0.01064816
0.10531491	0.85432205	0.52941884	0.00102990	-0.01184982	-0.00079246
0.09879511	0.85355987	0.52301714	-0.00510328	-0.00579716	-0.00326058
0.09774012	0.85393146	0.51425289	-0.00334999	-0.00390165	-0.00175072
0.09828532	0.85560201	0.52265244	-0.00218221	-0.00745497	0.00345518
0.09760659	0.85758222	0.52363687	-0.00252850	-0.00484332	0.00224041
0.09642391	0.86151321	0.52859211	0.00316968	-0.00741400	0.00341571
0.09511454	0.86068233	0.53116078	0.00152875	-0.00268092	0.00015970
0.09191537	0.86199244	0.52777668	0.00467131	-0.00085003	-0.00028257
0.08987362	0.86242261	0.52688178	0.00301281	0.00116777	0.00279226
0.09345370	0.86161774	0.52328669	-0.00231291	-0.00084379	0.00776763
0.09866134	0.85659255	0.52931221	-0.00229770	-0.00303067	0.00386191
0.10074205	0.85640995	0.52723474	-0.00107130	-0.00478097	0.00569392
0.09541381	0.85567400	0.52299425	-0.00112178	-0.00294489	0.00696455
0.09830420	0.86283097	0.52290343	0.00457468	-0.00431949	0.00082108
0.10175216	0.85451852	0.52973313	0.00338099	-0.00346549	-0.00023900
0.10095514	0.85542071	0.52910498	0.00064494	0.00121363	-0.00318446
0.10134177	0.85572402	0.53237316	-0.00518063	0.00251198	-0.00174137
0.10069361	0.85645170	0.53877220	-0.00936771	0.00188134	-0.00169987
0.09709515	0.86118464	0.53820474	-0.00123344	0.00370530	-0.00130442
0.09581360	0.85510347	0.53548452	0.00423314	0.00241793	-0.00123902
0.10072228	0.85532625	0.53416097	0.00438183	0.00444482	-0.00562123
0.09848615	0.85710926	0.52227650	0.00717380	-0.00257280	-0.00058219
0.09169908	0.85916643	0.51573055	0.00662735	-0.00409386	-0.00718776
0.09160102	0.86236997	0.52573032	0.00122595	-0.00066850	-0.00066826
0.09517100	0.86055801	0.52630382	-0.00030833	-0.00429802	0.00644320
0.09446140	0.86452669	0.53258095	-0.00081278	-0.00367965	0.00571911
0.09381134	0.86406080	0.53115575	-0.00287563	-0.00134172	0.00955362
0.09803173	0.85832601	0.52396714	-0.00143341	-0.00039581	0.00689504
0.10179891	0.86038896	0.52939878	-0.00287040	-0.00337968	-0.00041965
0.10347670	0.85682493	0.53514999	-0.00016607	-0.00574459	-0.00448973
0.09830500	0.85993213	0.52696766	-0.00193433	-0.00979524	-0.00894613
0.10344728	0.86140361	0.53162469	0.00301998	-0.00364789	-0.01489682
0.10232047	0.85814298	0.52878803	0.00140224	0.00554763	-0.00321509
0.09691643	0.85868477	0.52981828	0.00078361	0.00520059	-0.00451120
0.09857418	0.85726376	0.52138303	0.00213698	0.00149705	-0.00061760
0.09477264	0.86046593	0.52030206	0.00027451	-0.00210641	0.00463782
0.09560945	0.86540747	0.52515724	0.00207239	-0.00240748	0.00981350
0.09427845	0.86485759	0.51436040	0.00366727	-0.00314611	0.01110699
0.09624940	0.86213767	0.51523369	0.00253607	-0.00177921	0.00652545
0.09837789	0.85612599	0.51864304	0.00411782	-0.00662084	0.00688750
0.10268393	0.85589000	0.51691123	-0.00260699	-0.01191928	0.00698451
0.10443121	0.85669657	0.52174779	0.00341098	-0.00612813	0.00340178
0.10408505	0.85385408	0.52817415	0.00089431	-0.00794161	0.00286580
0.10607531	0.85317838	0.52301293	-0.00284864	-0.00381547	-0.00327339
0.10688500	0.85244135	0.52752258	0.00102587	-0.00592798	-0.00264269
0.09943911	0.84913417	0.53238883	0.00272388	-0.00506708	-0.00510264
0.09596558	0.85386785	0.52920579	0.00428385	-0.00170658	-0.00694320
0.09712546	0.85782043	0.52723296	0.00671607	-0.00097059	-0.00513657
