0.11283009	0.85990947	0.51887090	0.10485466	0.02771974	0.20193883
0.11229334	0.85441962	0.52182742	0.13302620	0.02676945	0.19272657
0.11159999	0.84929323	0.53213270	0.14433341	0.05249884	0.18520824
0.11126174	0.84910721	0.52600305	0.12196741	0.06185625	0.17473194
0.10987192	0.85437657	0.51901355	0.11620994	0.07606351	0.15883612
0.10684413	0.86188650	0.52802314	0.12299662	0.06224480	0.18559525
0.10695424	0.85829421	0.52238578	0.11017822	0.04058188	0.19544774
0.11182516	0.85721498	0.52545646	0.13516979	0.05675749	0.19422918
0.11366803	0.85769398	0.52767372	0.13075261	0.05925760	0.17792946
0.11810410	0.85387620	0.52708999	0.10802139	0.06112930	0.20126784
0.11618404	0.85260126	0.53130667	0.10712149	0.05037983	0.15885656
0.11446726	0.85603489	0.53017452	0.08046384	0.05199835	0.12745638
0.11238256	0.85574159	0.53090918	0.13569967	0.05004487	0.16118855
0.11444487	0.85501944	0.52931760	0.10555207	0.04182829	0.15004467
0.11505976	0.85504190	0.53166620	0.11722582	0.05480649	0.11849674
0.11057753	0.85166107	0.53539905	0.10574173	0.07236719	0.16276381
0.10991531	0.85266601	0.53482853	0.11369711	0.06728950	0.13206023
0.10692702	0.85180008	0.53063960	0.08512192	0.05596142	0.13910749
0.10257685	0.85178199	0.53331548	0.13567061	0.06498373	0.11293437
0.10372663	0.85123007	0.52943244	0.10227280	0.05062693	0.11013728
0.11125842	0.85518393	0.53377952	0.10413986	0.05429506	0.14318918
0.10543107	0.85495814	0.53413194	0.11177411	0.04937324	0.12107339
0.11275194	0.85640068	0.53198489	0.10782510	0.04061100	0.13410652
0.11835072	0.85369416	0.53334207	0.10108535	0.04132007	0.13067045
0.12154462	0.85601626	0.53330741	0.08203956	0.05251151	0.12015746
0.11736826	0.85174090	0.53490668	0.08928971	0.03392844	0.11689545
0.11563776	0.85003091	0.54002390	0.08958325	0.04191001	0.12469615
0.10925498	0.84919052	0.53631988	0.09890165	0.04059716	0.11205194
0.11311461	0.85339548	0.53109718	0.08635903	0.05446592	0.12046087
0.11502858	0.84935402	0.52334335	0.07694545	0.03968913	0.09152154
0.11153650	0.85271289	0.52417608	0.10095004	0.03155320	0.08870369
0.11286385	0.85047273	0.52814880	0.08747341	0.02606759	0.10399665
0.11753092	0.85089231	0.53735490	0.09424765	0.03673279	0.11902419
0.11486659	0.84959838	0.53485963	0.09102591	0.05817478	0.08008704
0.11431941	0.85623338	0.52854055	0.09792039	0.06475828	0.12112354
0.11386068	0.85881689	0.53091356	0.06864898	0.04147590	0.11507167
0.11226637	0.85523282	0.53403112	0.08408451	0.02674780	0.08133273
0.11432238	0.85213053	0.52960877	0.05600747	0.04529334	0.11960962
0.11385564	0.85464582	0.52826856	0.09637409	0.03627447	0.09774232
0.11517206	0.85467966	0.52290140	0.07587642	0.05649561	0.07981145
0.11611228	0.85653568	0.52149495	0.09250972	0.05355275	0.09793231
0.11520905	0.85890507	0.52610610	0.08740993	0.04322327	0.06203143
0.11402922	0.85944351	0.52710135	0.08385617	0.06802642	0.07359385
0.11532514	0.85700726	0.52923338	0.07254541	0.05573392	0.08487717
0.11703076	0.85314767	0.53113801	0.06480684	0.03403320	0.07543026
0.11370125	0.85177238	0.52962361	0.06783865	0.04598043	0.10811300
0.11642394	0.85527835	0.53013914	0.04130148	0.05043015	0.09552170
0.11198664	0.85903484	0.52743137	0.07973348	0.05657649	0.09104163
0.11262071	0.85735676	0.52992687	0.06261281	0.05245051	0.11714422
0.11112355	0.85799680	0.52762762	0.07434797	0.05100344	0.10608862
0.10941665	0.85927162	0.53040536	0.03532814	0.06373866	0.14009981
0.10634716	0.85372544	0.53217319	0.10027886	0.05248276	0.07500909
0.10795642	0.85336083	0.52751750	0.07593222	0.05183523	0.09741256
0.11188590	0.84844824	0.52647703	0.05617229	0.05410013	0.05852371
0.11048692	0.84898916	0.52825312	0.07687934	0.05749842	0.07318466
0.11395195	0.85225171	0.52951254	0.05823456	0.06233619	0.09428743
0.10860265	0.85440791	0.53235635	0.06153116	0.05363613	0.07706004
0.11245860	0.85794621	0.53115718	0.07098360	0.04544419	0.10073300
0.11087061	0.85807589	0.53209658	0.08153684	0.03838197	0.07023352
0.11084827	0.85864284	0.52779972	0.06491926	0.03298527	0.08697477
0.11303692	0.85453333	0.52326649	0.06343680	0.04257498	0.07434955
0.10836003	0.85652794	0.52159141	0.05438092	0.03480755	0.06083184
0.10588307	0.85238302	0.52322529	0.04928544	0.02157101	0.05808148
0.10412205	0.85412284	0.53098360	0.05672602	0.03858736	0.05343382
0.10982386	0.85615862	0.52911502	0.06351488	0.04471148	0.00959653
0.10673939	0.85818452	0.52971732	0.02714604	0.07913806	0.04174018
0.10759729	0.85493528	0.53040841	0.03672218	0.08062792	0.04717157
0.10820290	0.85510158	0.53010842	0.02620311	0.05243474	0.04187395
0.10955790	0.84938638	0.52674049	0.05586761	0.03627386	0.04774398
0.10705097	0.84916336	0.52515374	0.03715199	0.03345597	0.02823962
0.11444448	0.84913972	0.53055634	0.03947436	0.01973435	0.04272851
0.11888647	0.85235953	0.53472859	0.05670648	0.04465523	0.07280370
0.11550007	0.85140714	0.53420875	0.02906657	0.04074849	0.04421985
0.10660525	0.85396451	0.53477582	0.06784800	0.03297201	0.07749345
0.10540605	0.85087441	0.53343863	0.03090564	0.03887451	0.07355924
0.10792415	0.85190755	0.53105176	0.04362578	0.02986897	0.04288658
0.10884815	0.85271585	0.52757517	0.06043588	0.03314701	0.02829567
0.10885403	0.85210675	0.52706846	0.03343438	0.02666189	0.03706292
0.10429562	0.85246014	0.53119110	0.04042462	0.01711372	0.05326091
0.10368913	0.85449345	0.53680033	0.02295737	0.03522604	0.03913602
0.10342532	0.85278625	0.53753437	0.04055757	0.03252948	0.04153002
0.10434394	0.85702975	0.53453562	0.03208699	0.03014148	0.02973300
0.10524210	0.85693025	0.53158251	0.03339291	0.02990621	0.04560002
0.10865085	0.85564529	0.53098893	0.03756571	0.01849879	0.05844210
0.10897759	0.85239937	0.52820244	0.05022374	0.03078717	0.02706726
0.11164106	0.85217259	0.52654908	0.05239225	0.02138141	0.04840834
0.10830995	0.85367110	0.52482679	0.01948676	0.03249189	0.06129441
0.10915390	0.85206184	0.52350081	0.01195701	0.02737549	0.04276447
0.10992240	0.85446539	0.52973808	0.02277162	0.01559178	0.02467043
0.10614968	0.85596001	0.53275433	0.03718397	0.01200408	0.04055263
0.10213749	0.85566973	0.52851808	0.02054602	0.00910722	0.02896440
0.10472233	0.85900759	0.52967574	0.04155324	-0.00329878	0.01687015
0.10405725	0.85598184	0.53774275	0.02661721	0.01301875	0.04218760
0.10418254	0.84945621	0.53264020	0.03607139	0.00753423	0.02162749
0.10638965	0.85263731	0.53439612	0.04813142	0.01840709	0.06653227
0.10540787	0.85103083	0.53335645	0.02651995	0.01387532	0.04896645
0.10477250	0.85172914	0.52854321	0.04244631	0.02759497	0.00856204
0.10267529	0.85291609	0.52999868	0.01971306	0.01996351	0.05236442
0.10391255	0.85674646	0.53084527	0.03684561	0.04165342	0.03295741
0.10898025	0.85578891	0.53032822	0.02718979	0.01641753	0.05094339
0.10929625	0.85465620	0.53089762	0.03056899	0.01383472	0.04292767
0.10904444	0.85250125	0.53213695	0.03182237	0.01312106	0.05965602
0.10887792	0.84941318	0.52971953	0.02715343	0.01046555	0.00821837
0.10869394	0.85069655	0.52582514	0.02437230	-0.00190168	0.00997528
0.10816988	0.85410948	0.52882039	0.01355836	0.01646071	0.04193111
0.10866008	0.85501858	0.52882313	0.02227386	0.00163737	0.03762433
0.10747183	0.85363304	0.53191509	0.00268532	0.01378671	0.00222142
0.11088806	0.85397430	0.53018758	0.01574161	0.01474202	0.01681969
0.10722314	0.85390091	0.53386105	0.00237069	0.00461364	0.04466942
0.10947053	0.85749508	0.53008405	0.01193315	-0.00260666	0.03505190
0.10529544	0.85910040	0.52645408	0.01290247	0.00679573	0.01058028
0.10817389	0.85818156	0.52774512	0.01450541	-0.01437695	0.03826261
0.10386084	0.85753822	0.52616592	0.02266296	0.01265365	0.02550403
0.10229006	0.86152385	0.52750540	0.02731101	0.00761026	0.03889550
0.10181564	0.86068024	0.52880722	0.01859521	0.00773188	0.02934452
0.10509432	0.85527428	0.53182095	0.00707066	-0.00367046	0.00563566
0.10797752	0.84954731	0.53185599	-0.00010714	0.00017760	-0.00405305
0.10755344	0.84968733	0.53123017	0.01929526	0.00768417	-0.00297294
0.11055707	0.85213231	0.52847528	0.02150220	0.00678980	0.02860974
0.11339305	0.85206698	0.52406430	-0.00850575	0.01952993	0.02451509
0.11146960	0.85154883	0.52580761	0.03271209	0.00918684	0.02298159
0.11353218	0.85532593	0.52985079	0.02481900	-0.00069103	0.00986791
0.11358447	0.85791420	0.53203501	0.00764305	0.00146991	0.02751835
0.10817544	0.85884466	0.53203528	0.01869206	-0.00071901	0.03480115
0.11125042	0.85596764	0.53478477	0.00215940	0.00762131	0.03018407
0.11088207	0.85281211	0.53213722	0.00599844	0.00249761	0.03176762
0.10664513	0.85621365	0.53109289	0.01404907	-0.01378566	0.03122831
0.10241255	0.85812522	0.52801810	0.00983681	0.00119995	0.00158678
