0.69831278	-0.03286654	-0.10790953	0.17375790	-0.00284889	0.44684813
0.62060093	0.01121655	-0.08970938	-0.29281997	0.83132961	0.34948742
0.47251441	0.02010535	0.11996088	0.07770456	0.30012138	0.88159694
0.73686574	-0.06246118	0.03751198	0.28609498	0.31924917	0.15431741
1.10862098	-0.10847610	0.07028513	0.41958066	0.47460141	-0.08195956
0.96464813	0.04112702	-0.02382672	0.76865907	0.11556156	-0.10681773
0.91643288	0.03515342	-0.09627510	0.38295095	0.75204516	0.30114696
0.80400257	-0.33860187	-0.21873364	0.79535176	0.16060434	0.14953305
0.64493622	-0.26424575	0.09861694	0.44189754	0.48590011	-0.07271671
0.87662389	-0.26736935	0.01992495	1.07618708	-0.07072865	-0.42509559
1.39335334	-0.23314974	0.23122354	0.73785908	0.04582083	-0.50764418
1.83489223	-0.19323582	0.23198414	0.85149356	0.52306321	-0.67808614
2.05914062	0.21001747	0.21600999	-0.14498436	0.57097638	0.05181071
1.61093982	-0.03722280	0.29322526	0.01296366	0.74734501	-0.23490595
1.39349112	-0.31592748	0.21446812	0.38629395	0.28063421	-0.07075697
1.03978985	0.15330721	0.18942507	0.69303642	0.04063785	0.36284930
0.98117656	-0.18479364	0.33507615	1.07475985	0.19948580	0.44671046
1.16279206	0.06559899	0.25148353	0.92049553	-0.45409337	0.01537402
0.75263158	0.11011134	0.14487213	0.53097964	-0.48587534	0.28028897
0.72303552	0.19127550	0.26664866	0.87029090	-0.17258979	0.15637824
0.79397114	0.02605916	0.24104334	0.48058456	-0.75621985	0.50408344
0.92149790	0.20708500	0.18693627	0.36468529	-0.30560785	0.44909595
0.51694917	0.09791869	0.05663519	0.73429887	-0.27225157	0.13286540
0.71952307	-0.03052934	0.10942608	0.39032740	0.16079658	0.22998162
0.79551376	-0.02350028	0.01630401	-0.03172513	-0.64687413	0.03943539
0.32994378	-0.08828796	0.12148883	0.70544522	-0.07988931	-0.03301982
0.66223072	-0.11597155	0.17188300	0.08509326	-0.24290134	0.19705000
0.50197356	-0.28892289	0.09984140	0.25388606	-0.38168337	0.03379852
0.65690342	-0.28580671	0.11272154	0.07380404	-0.47496531	0.23279140
0.88999578	-0.01362339	0.21195686	0.21515013	-0.46316118	0.17363294
1.03187179	-0.10324994	0.17252854	0.07173098	-0.60061017	0.09214182
0.82687999	0.00010221	0.11067836	0.92420663	-0.76272373	-0.50113723
0.69541195	0.00809013	0.27129123	0.40208501	-0.65971906	-0.50772671
0.82290418	0.26784045	0.26576136	0.94888742	-0.64233758	-0.75774670
0.68389637	-0.09716560	0.22293256	0.60360318	-0.28098594	-0.20299061
0.94917908	-0.02513695	0.16153902	0.55561454	-0.23148659	-0.30192806
1.11664709	-0.09711327	-0.07877699	0.80791890	0.50810678	0.40956386
1.49262166	-0.36536207	-0.42262892	0.80226765	0.35540901	-0.06306294
1.62711256	-0.14275611	-0.31768252	0.30371241	0.58963692	-0.05982291
1.94329651	-0.25080798	-0.15331545	0.68433643	1.21178447	-0.26102111
1.38008685	0.12623727	0.04580261	0.48967590	0.74194953	-0.48881258
1.60193922	0.33267400	0.19364921	0.24221068	-0.00008022	-0.40248780
1.01904021	0.11059605	0.15884365	0.02620725	-0.25291518	0.21005028
1.26425703	0.04309987	0.22893995	0.93352120	-0.48735089	0.06000948
1.39573902	0.11334926	0.12350838	0.53253670	-0.54250758	0.38894025
1.28381774	-0.08510264	-0.03105338	0.36410688	-0.09831634	0.43675819
0.90808891	-0.27952290	-0.03640274	0.52492891	-0.79259504	0.27286128
0.83185966	0.03248395	-0.06965961	0.61825109	-0.96785298	0.55792298
0.70961823	0.06199287	-0.15825583	0.51015898	-0.44130210	0.42850383
1.05096044	0.32864692	-0.12344679	0.44886131	0.05659041	0.41150759
1.18218463	0.12332886	0.02173572	0.57249146	0.31611146	0.12276060
0.67824461	0.05611442	0.01734694	0.09166057	0.94811578	0.30242387
0.68789377	-0.03591812	-0.03879432	0.34545983	0.15173341	0.42945190
0.66258480	0.16853413	-0.02727393	-0.17857316	0.37191023	0.41916875
0.52755474	0.13165095	0.07205918	-0.15800416	0.40825438	0.65906278
0.75539608	0.25263252	0.20498899	-0.69688731	0.17498414	0.64387503
0.56565741	-0.00499274	0.02056834	-0.51838168	0.43220596	0.20110204
0.70717828	-0.11863123	-0.03129946	-0.38531163	0.00647044	0.53343472
0.83177633	-0.04624811	-0.05447911	-0.46259524	0.25774660	0.99657513
0.74877487	0.01604948	0.12912431	0.18523478	0.53330584	0.36746481
1.14335526	0.25658922	0.01963060	-0.04260044	1.31961717	0.33347108
1.19759403	0.18552580	0.07711658	-0.49743844	1.06039370	0.60075234
0.68338175	-0.06823446	-0.12425908	-0.13144328	0.52307228	0.37793204
0.64881312	-0.22224343	-0.03607665	-0.53319007	0.22871569	0.45358037
1.15463181	-0.40411412	0.08450101	0.14790872	-0.10125911	-0.50358906
1.48940551	-0.55610578	0.04147419	-0.22530359	0.22677731	-0.67182439
1.75480433	-0.26106451	-0.05715413	-0.91624905	0.19227526	-0.78851107
1.38220631	-0.03026958	0.01691539	-0.51417616	0.70613749	-0.75642066
1.65509991	-0.05482864	0.11667750	-1.25721716	0.49066979	-0.77301778
1.52110634	-0.32830852	0.44534152	-0.61182545	-0.46263429	-0.67056420
1.64938244	-0.41337124	0.39231905	-0.26079988	0.66351359	-0.53218332
1.42371089	-0.14466751	0.05143274	-0.64092373	0.64301510	-0.24199268
1.32385296	0.19305914	0.06980927	-0.41230123	0.18305381	-0.15080063
0.79305484	0.12374474	0.08122427	-1.72941267	0.11353639	0.03718260
0.78934449	0.23007220	0.18802073	-1.69095363	-0.36765404	0.35850000
1.24998681	-0.08354841	-0.00648560	-1.71739850	0.24242927	-0.01565942
0.95190159	-0.10364705	0.17150251	-2.18377258	0.05621090	-0.04388149
0.76539514	-0.02013506	0.23843830	-2.15407052	0.03633384	0.24163461
0.86182602	-0.32356528	0.05162864	-1.10941274	0.34896598	-0.15587312
0.42966053	-0.09793471	0.09207116	-1.66318337	-0.06304060	-0.52230005
0.49801513	0.06200290	0.19956601	-1.32627669	0.46685884	-0.06434093
0.71388692	-0.00216405	0.01422033	-1.14434315	0.11598402	-0.49403425
0.71167439	0.01021936	0.15110579	-1.04431955	0.03903681	-0.14763183
0.81478054	-0.05932047	0.21578278	-0.86946896	-0.05280000	-0.51356999
0.67458102	-0.14473533	0.15313890	-1.19826377	-0.29801184	-0.44159019
0.64835549	0.08796261	0.24761493	-1.00297465	-0.24906524	-0.43453469
0.90698788	0.05242746	0.16413272	-1.30454098	-0.13733624	-0.89271305
1.00509727	0.13380953	0.04271711	-1.10514288	0.07474547	-0.04907958
0.97166935	0.20597023	0.13020166	-1.15871017	-0.15242466	-0.12446881
0.94345543	0.09216885	0.10723459	-0.84211678	0.01433710	-0.14021647
0.76326369	0.00421720	0.11636396	-0.78589876	0.50789572	-0.23221298
0.97206189	0.06933560	-0.01208988	-1.21785485	0.63539828	-0.53815479
1.33563215	-0.36952290	-0.15072295	-0.72532169	0.74961253	-0.36501148
1.97392361	-0.74611002	-0.28804448	-0.60386434	0.82430159	0.38473473
1.70137533	-0.62121307	-0.10632203	-0.12368415	0.88891981	-0.11667819
1.33174676	-0.17815622	0.05382557	0.02869125	-0.00663467	-0.82382676
1.68079798	0.07680569	-0.01270622	-0.54931137	0.55398908	-1.35457078
1.52035963	0.56028098	0.03566203	-1.89372579	-0.30924014	-0.62606456
1.41111588	0.14379729	-0.03997602	-1.47219658	-0.38797981	-0.44651339
1.16804843	-0.07811207	0.02309818	-1.37950568	-0.40488414	-0.00012730
1.38053678	-0.13214735	0.04206292	-0.67563724	-0.66634051	0.01624877
1.24191033	-0.12393678	0.01714519	-1.08049165	-0.71591782	0.26547039
0.79307099	-0.06703804	-0.12757173	-0.66418778	-1.09213993	0.09574163
0.81762313	0.07672605	0.06012728	-0.10735389	-1.44084324	0.28654312
1.07584194	-0.03687177	-0.05150895	-0.76072505	-0.82061225	0.49866976
0.63756498	0.04939321	-0.10605391	-0.81637388	-0.27334249	0.39732799
0.83494890	-0.07428503	-0.18167087	-0.94133610	-0.42378301	0.44858511
1.01515356	0.01294505	0.03563227	-1.04775747	-0.11613703	0.31470327
0.55083062	0.11327352	-0.05724637	-0.54073275	-0.03466233	0.28243521
0.73439645	0.04436546	-0.11369546	-0.83401609	0.17357128	0.43077875
0.87918614	0.07174762	-0.09073179	-0.59382557	0.25914342	-0.07248299
0.34580639	0.06026110	-0.02214934	-0.02685341	0.01935780	0.33383592
0.82044390	-0.32050068	0.06629932	0.03216951	0.19070988	0.19812214
0.74150024	-0.22913550	0.04327240	0.95182204	0.43247461	0.23005863
0.59043058	-0.23683022	0.05039257	0.88518333	0.75535431	-0.08103233
0.81571616	-0.19270778	-0.00383830	1.12028565	0.60476116	-0.24515237
0.61300437	-0.18771441	0.03192061	0.18916888	0.42698009	-0.23147080
0.92574458	0.17837482	0.15510280	0.63566428	0.42236822	0.68778335
1.13022599	0.21072428	0.05885229	0.01966824	0.44667202	0.29343154
0.63993994	0.28045431	-0.02762041	0.14524663	-0.22539554	0.44232192
1.05046364	-0.24084870	-0.13858920	-0.12830183	-0.12808338	-0.13908327
0.96954068	-0.58893296	-0.06191002	0.62126842	-0.00786189	-0.10485085
1.40672728	-0.77089374	0.03073904	0.46240818	-0.19468828	-1.05432837
1.53854294	-0.29114894	0.05741189	0.09282615	0.63024560	-1.30845595
1.73726941	-0.00918139	0.24634231	-0.06411213	0.59981897	-0.44302618
1.67455464	-0.30933769	0.11814625	-0.94665122	0.70721946	-0.44097233
1.68310873	-0.42126945	0.28667676	-0.78054672	0.22263156	0.11898385
1.52158828	-0.46091507	0.25928250	0.03913762	0.48143086	0.08495826
