1.75523647	0.19810240	0.26213119	1.52507159	0.60653488	0.11760217
1.39153526	0.14779950	0.22381902	0.59475552	0.73009159	0.46376899
1.00572048	-0.03524603	0.12199552	0.22258490	0.37598113	0.41060519
0.83413585	-0.09038925	0.24227416	0.32241030	0.63163307	0.40022177
0.82006451	0.11943720	-0.06335803	1.04898119	0.32728785	0.32181589
0.84761743	0.27582149	0.19702355	0.53736862	0.19388374	0.64300995
0.66307605	0.15121362	0.44657450	0.96195664	0.04598209	0.15063230
0.74851080	0.06962222	0.31889974	0.55473912	0.29687267	-0.07318042
0.90837701	0.03522307	0.37577641	0.50733950	-0.03591721	-0.16787010
0.46438819	0.05740778	0.09874338	0.39577174	-0.38676803	-0.10310061
0.54171681	-0.05147762	0.27541905	0.55741271	-0.23676847	-0.14647489
0.54972007	0.13896870	0.16797964	0.10108850	-0.16801700	-0.31996998
0.35135264	-0.08906654	0.01504490	-0.04622523	-0.22295081	-0.10835408
0.58364827	0.04819812	0.02119222	0.20954071	-0.67892686	-0.16201562
0.62159913	0.03585163	0.11608554	0.08091919	-0.56943196	-0.29724141
0.69453706	0.05727243	0.13787653	0.22617876	-0.79678075	-0.26783982
0.42125680	-0.11151327	0.14630780	0.23629805	-0.61248357	-0.89184555
0.31933987	-0.11859623	0.21165096	0.79495291	-0.54324311	-0.66024806
1.23732432	-0.22871215	0.31877152	1.25970311	-0.85433991	-0.55429317
1.20047124	-0.35276353	0.09246694	1.42510826	-1.13313953	-0.11583776
1.31265004	-0.08390143	-0.13536591	1.41382108	-0.61403355	-0.11940072
1.70748537	-0.08912424	-0.13246897	1.19866693	-0.19340124	0.37808850
1.64376970	-0.33592077	-0.60604972	0.95099957	0.23203362	-0.19540004
1.93097617	-0.29104444	-0.36384362	1.44262379	0.52404225	-0.23250721
2.12993657	-0.14650054	-0.17003561	1.30698068	0.48598859	-0.22371954
1.82215202	0.02483872	0.00037766	1.47200111	0.00718832	-0.63941377
1.61500736	0.14332456	0.07193471	0.79283502	-0.17723260	-0.49046100
1.83215761	0.05533613	-0.05076407	0.26206347	-0.19096285	0.03743343
1.21095329	0.09302835	0.08302852	0.83704090	-0.40218339	-0.10429705
1.03368634	-0.02539251	-0.26048542	0.57263269	-0.54204854	0.24822533
1.09330433	-0.13951917	-0.11405694	0.44744584	-0.44609451	0.17204616
0.92229541	-0.12575487	-0.18289909	1.34470696	-0.51743620	0.54063197
0.88298667	-0.21403592	-0.18043729	1.16833916	-0.67827016	0.37478647
1.10342957	-0.25025582	-0.05698974	1.36520873	-0.37865965	0.05743908
0.81392299	0.04319050	-0.00544091	1.39074964	-0.14973103	0.13662208
0.63601687	0.06671251	-0.10960232	1.02685902	0.40169535	0.13808340
0.84134390	-0.01577290	-0.14596637	1.18343171	0.57365769	0.07068090
0.54205966	0.08268339	-0.09264570	0.66784769	0.58181477	0.14099509
0.45559699	0.01686552	-0.27121716	0.74430346	0.33896882	0.50521995
0.57155434	-0.01767774	-0.14733341	0.66589210	0.42311448	0.34635689
0.34325392	-0.08783454	-0.17556732	0.96209339	0.46838004	0.27828635
0.68453387	-0.05852925	0.06990047	0.85903014	0.58551004	0.29072505
0.61470970	-0.09336688	-0.00932447	1.23827079	0.67336961	0.02200505
0.60615540	-0.11392301	-0.02970870	1.02045182	0.66297954	-0.16376222
0.74210129	0.11843742	0.05315502	1.99939216	0.67030012	-0.10698629
0.77225719	0.15151844	-0.00817089	1.14846214	0.44804091	-0.25314989
0.74108526	0.25622764	0.05731069	0.80772813	0.27196923	-0.28073668
0.63452056	0.12108455	-0.09036401	0.21545286	0.23153315	-0.20020853
0.86231853	-0.06205974	0.21578744	0.40622502	-0.11207997	-0.47596583
0.97913394	-0.51160819	0.21233016	0.07972810	-0.08213607	-0.45150563
1.89170728	-0.40415936	0.16887508	0.34906179	0.00098456	-0.62142396
1.85368289	-0.08806742	0.23813902	-0.09798530	0.68147921	-0.71215547
2.21593107	0.15867225	0.62622905	-0.28442706	0.30087644	-0.62662261
1.57222852	0.02663296	0.62118895	-0.13482054	0.12453076	-0.66741935
1.28830791	0.15138683	0.35055148	0.08015598	0.13678168	-0.09428303
1.31821280	-0.15145374	0.29828236	-0.26765498	-0.09514757	0.23985956
1.35201228	-0.01000652	0.33026078	0.74365377	-0.25696245	0.51705194
1.20465332	0.18338094	0.38656847	0.92973363	-0.33137265	0.38931827
1.06779955	-0.00686877	0.33246900	0.12571089	-0.36182732	0.30645713
0.85696997	0.09057671	0.19883497	0.66878372	-0.47134068	0.32586825
0.80244754	-0.00997620	0.14719661	0.26908028	-0.24213849	0.55610418
0.77187983	0.03290685	0.33441318	-0.12068315	-0.64008453	0.52864143
0.40687658	0.02167026	0.11429764	0.40832219	-0.36828509	0.33881169
0.66336805	-0.10636453	0.02520096	-0.09840069	-1.00602177	-0.04979823
-0.03079429	-0.07856533	-0.08745733	0.42433544	-0.40009598	0.07294719
0.60914428	-0.13975222	-0.08106114	0.41081517	-0.80760327	0.12299752
0.64630521	-0.24436826	0.08474404	0.07943342	-0.38221467	0.00329977
0.35531494	-0.12390943	-0.11123638	-0.24527785	-0.40203990	-0.05026235
0.31424957	-0.11388953	-0.00016432	0.41674065	-0.92558782	-0.33512059
0.69784518	0.03949436	0.11917360	0.50811976	-1.11170349	-0.51350114
0.79260738	-0.14583598	0.10384070	0.30596523	-1.12993596	-0.57899867
0.92793475	-0.10174523	0.03582493	1.02399039	-0.82375399	-0.21204172
0.97025620	-0.21388287	0.21676909	0.25043861	-0.70334720	-0.21672551
0.93099765	-0.09466612	-0.27428563	0.31621162	-0.57226962	0.25676001
1.53223336	-0.37759452	-0.24277284	0.26653798	-0.35740751	0.35844446
1.62283939	-0.39554320	-0.34073661	1.21448580	0.40391371	-0.00868219
1.56523856	-0.21426331	-0.07845020	1.47473469	0.87727450	-0.32919036
1.50900944	0.11881938	0.08237286	2.36210667	0.63006750	-0.30382162
1.83938092	0.37197828	-0.06239940	0.57616270	-0.27487715	-0.23334619
1.40361698	0.33292010	0.06534134	-0.08363206	-0.17170967	-0.04654164
1.33200098	0.08491099	0.34628295	-0.15836137	0.04753316	0.26705381
1.26386468	0.03881621	-0.10230237	0.63636385	-0.30499227	0.27494871
0.83860127	0.04198945	0.13779181	0.33346371	-0.37591710	0.21185292
1.19330161	-0.14608522	-0.28745745	0.34081210	-0.79583848	0.29818921
0.66630531	-0.22270385	-0.10803668	0.82622748	-0.45690892	0.32171817
0.93371167	-0.02176680	-0.04326540	0.93535395	-0.16375665	0.08106868
0.87430594	0.07277941	-0.06513271	0.54734440	-0.14583341	0.33020702
0.92467932	-0.05728420	-0.04699893	0.75600959	0.13024781	0.20293064
0.90974485	0.09706575	-0.04860368	0.41060122	-0.00609717	0.37991920
0.83912035	0.00599890	-0.06380107	0.72808461	0.10611359	0.20612626
0.75287967	0.21600018	-0.03671877	0.45827972	0.18023509	-0.00183000
0.90750322	-0.06803968	0.00240617	0.33118323	0.19468618	0.26271219
0.44887588	-0.07298106	0.02042745	0.33406642	0.37679837	0.18169158
0.36571047	-0.12913795	-0.13116476	0.71415356	0.22046798	0.34938931
0.50839738	-0.01918889	0.02464419	0.91578380	0.43501076	0.59233159
0.68602356	-0.03850407	0.31464472	1.16930473	0.52490802	0.14813722
0.87323870	-0.03429653	0.15256744	0.93277977	0.87085801	-0.10234423
1.21529491	0.13747179	0.32505469	1.44707120	0.53783111	0.03412923
0.75294696	0.21477126	0.23446621	0.86167387	0.40412866	-0.03775913
0.84972465	0.20734569	-0.09023539	0.18276134	0.07833559	0.43763773
0.89221248	0.13416530	-0.21408423	-0.20975069	0.20406204	0.34764582
0.64959870	-0.10127764	-0.11572765	0.35932375	0.16986742	-0.01330775
1.01977139	-0.21559504	0.08105238	1.20148603	0.54052541	-0.42848160
1.03720018	-0.50157387	0.27673381	1.11028844	0.01698285	-1.00373173
1.75899426	-0.13200650	0.50073393	0.34842325	0.03163591	-0.61709943
1.82171962	0.17348979	0.16472395	-0.66149662	0.45871356	-0.29966594
1.97789496	0.08661874	0.29550934	-0.55705448	-0.27401385	0.53816294
1.69432134	-0.24750148	0.19819247	0.24585860	0.20536247	0.11573644
1.56909162	-0.38441158	0.42453679	0.54226476	0.01795950	0.11241311
1.65818984	-0.26935331	0.34893201	0.70051644	0.15674576	0.15704649
1.03498411	-0.15780036	0.21392341	0.89107319	-0.07670903	0.19486564
1.23588331	-0.13226732	0.18126346	0.59776682	-0.19476960	0.31159899
0.99265866	-0.07548610	0.12895232	0.47208615	-0.58105228	0.43098711
0.74113241	-0.21152607	0.19925909	-0.10002534	-0.19044510	0.44123146
0.61022313	0.05930336	0.23191228	0.37556754	-0.17714038	0.62001808
0.41020194	-0.05331410	-0.01966158	0.34436864	-0.39537663	0.35424175
0.60961138	-0.16789517	0.25990778	0.41422450	-0.60675068	0.15216826
0.55044050	-0.09164181	0.26292761	0.88066497	-0.24553134	0.33958156
0.41458991	0.09002933	0.34587755	1.15238223	-0.71227973	-0.11442521
0.54579058	0.03587680	0.28115719	0.70842836	-0.32221436	-0.49956849
0.69174052	0.06968067	0.12869350	0.74376998	-0.53602990	-0.29925812
0.59512695	-0.04066662	0.13340576	0.24786199	-0.69393481	-0.18017106
0.67067141	-0.01359188	0.06176626	0.72277008	-0.25365898	-0.17171538
0.47122499	0.02918196	-0.04253547	0.00277941	-0.54400149	-0.15023861
0.32766211	0.11147655	0.03316349	-0.12905479	-0.98162076	-0.39484932
0.70662436	0.15235194	0.16490464	0.76054081	-0.46604598	-0.70872687
0.99125903	-0.09651589	0.22639626	0.27199299	-0.67442567	-0.60536040
0.78296950	0.02208228	0.13339670	0.41773779	-0.55612227	-0.37178039
