0.72569931	0.06552602	0.33054081	1.12867765	-0.60020208	0.13476858
0.61208968	0.02002136	0.47745508	1.07578974	-0.52882288	0.02362228
0.81790982	0.14743452	0.47936617	0.93605517	-0.34913542	-0.12845323
0.83627771	0.01869146	0.43387167	0.37361668	0.11515580	-0.29779175
0.93007738	0.07464340	0.57467783	0.44439934	0.06345457	-0.42889757
0.78660228	-0.09518060	0.61203453	0.96671023	-0.04515853	-0.13776498
1.07774223	-0.01121227	0.66971171	-0.02404698	-0.05519362	0.37274178
1.20180860	-0.09150208	0.49807058	-0.12373983	-0.63166427	0.09956583
1.69644462	-0.32596490	0.47461228	-0.60390332	-0.57086912	0.29959716
1.65843972	-0.44787890	0.47741231	-0.25211770	0.19719489	0.77768614
1.18983760	-0.47090036	0.49411719	-0.18610404	-0.45772244	0.57007997
0.76845142	-0.48565574	0.04189673	-0.10725120	-0.73315706	0.46935148
0.63754453	-0.64122564	0.09978391	0.40034324	-0.77095353	0.08054025
1.01150730	-0.47259254	0.07103068	0.66491617	-1.25844056	0.29621100
1.14104957	-0.31101152	-0.02431957	0.62900564	-1.51881502	-0.05046428
1.14041111	-0.35857552	-0.11311207	0.59091944	-1.13093995	-0.10222983
1.15674574	-0.27322870	-0.23583604	0.63091826	-1.51645075	-0.22101430
1.09584094	-0.33269958	-0.09816386	1.15419069	-1.09199160	-0.40746557
0.85576881	-0.32483763	-0.02342729	0.65471475	-1.76708467	-0.31607286
0.81577284	-0.04638909	0.08847951	0.47063818	-0.94582198	-0.33441270
0.70429750	-0.15026123	-0.21069359	0.11825624	-0.93315084	-0.39739520
0.88609203	-0.03888258	-0.09270891	-0.11489014	-0.75060491	-0.47198790
0.55953611	-0.08917549	-0.02044473	0.41149318	-0.97156409	-0.50286212
0.65345026	-0.13462156	0.01270943	0.00597703	-0.36022103	-0.38147650
0.72237673	-0.03355209	-0.04268005	0.26590008	-0.96299599	-0.66721256
0.51847383	-0.15238865	-0.00580086	-0.03027346	-1.12505290	-0.63297318
0.81074361	-0.13406913	0.08044789	0.00774258	-0.27620848	-0.66849321
0.90714961	-0.12825171	0.11862164	-0.34758435	-0.05944086	-0.43443761
0.69286227	0.01340535	-0.11981514	-0.03595247	-0.83490336	-0.21698763
0.98502726	0.08661955	0.03345856	0.08798680	-0.11788689	-0.21595598
0.82654523	0.06454177	-0.24500439	-0.73992464	-0.86398374	-0.22143603
1.11676464	0.10991053	-0.13997314	-0.29625077	-0.69611591	-0.17387060
0.98580378	-0.05042376	-0.10729561	-0.60302033	0.18826612	-0.25061132
1.28828754	-0.09282840	0.00921490	-0.60558917	-0.34454155	-0.00991408
1.52099302	0.02491295	-0.02470568	-0.33841399	0.36813439	0.11658394
1.34245438	-0.12530915	-0.02354676	-0.31745569	0.22472517	0.34065526
1.65261332	-0.05969009	-0.29356837	-0.30645195	-0.10054250	0.15199909
1.60725213	-0.23414009	-0.44499045	-0.94373803	0.03107203	-0.04981741
1.65061745	-0.41312656	-0.54099324	-0.43730861	-0.40113062	0.24345470
1.58691614	-0.47826004	-0.23948661	-0.26787819	0.60630950	0.40055752
1.63012345	-0.53218128	-0.22657243	-0.26559963	0.36466719	0.50857238
1.32495251	-0.39296521	-0.22263752	-0.52972259	0.38031981	0.54336627
0.94286735	-0.37277023	-0.15212260	0.48905519	0.91696250	0.41390508
0.93636360	-0.33767193	-0.01595653	0.27774663	0.97220453	0.17115525
1.04967435	-0.22384952	0.10106412	0.19361671	0.94548782	-0.01671661
0.93635608	-0.13938137	-0.01198105	-0.19475389	0.88842096	-0.00258532
0.91031143	-0.24308374	-0.02543745	-0.82456847	1.56253607	-0.02988760
0.90855605	-0.20577907	0.13084911	-0.56953596	1.71202285	0.02129972
0.98504677	-0.18431727	-0.04483892	-0.51439539	1.39386495	0.17239613
0.54393954	-0.26646588	0.09923391	-0.40774354	1.32777770	0.32612501
0.85893990	-0.29405379	0.01824167	-0.29279681	1.24442986	-0.07716419
0.77515932	-0.19197874	-0.04202443	-0.17347477	1.09320746	0.30133700
0.66990270	-0.04432034	0.04298601	-0.14257941	0.71671522	0.22060632
0.59557496	-0.13777848	-0.08642265	-0.46159828	1.40038205	0.12276722
0.64556895	-0.10666606	0.13795859	0.12801303	1.19120504	0.34619934
0.58100017	-0.08188142	0.17162481	-0.66968265	0.95806853	0.35274381
0.46376495	-0.23591498	0.22076293	-0.34082366	0.54955000	0.36771036
0.64228905	-0.18672904	0.00779198	-0.63927695	0.32382992	0.48017083
0.48338962	-0.34385229	0.13448819	0.10282631	0.20233443	0.53253930
0.60325554	-0.16757366	0.42802122	0.09979323	0.63344355	0.46153862
0.64819481	-0.29262791	0.37793724	0.08141681	-0.57570504	0.09164864
0.59695639	-0.21430684	0.22675055	0.01737074	-0.40955478	-0.14199600
0.77081509	-0.17748154	0.35256061	0.16818241	-0.09389868	-0.17685384
0.85162283	-0.09119644	0.16761407	-0.22446799	0.11776670	-0.56716495
0.95815285	-0.21041645	0.27395171	0.23852905	-0.14195837	-0.32801536
1.12626837	-0.23653828	0.43497498	0.19848212	0.11984435	0.19768581
1.64346357	-0.35382510	0.21380774	-0.51200973	0.37059815	0.01927667
1.77234649	-0.61900189	0.33295703	-0.81438186	-0.19128078	0.15410931
1.47547245	-0.49679513	0.31517621	-0.84945463	-0.41095902	-0.08112584
1.05802279	-0.24337064	0.18272852	-0.60239662	-0.54641230	0.10017012
0.78091832	-0.27960228	0.14311430	-0.12038600	-1.02870241	0.20885274
0.65031169	-0.53379246	-0.05963546	-0.25173753	-0.50566861	0.08358556
1.05644542	-0.35242838	0.03124994	0.09261394	-1.37748162	-0.40708406
1.19125396	-0.38342609	-0.19213695	-0.10034076	-1.13723472	-0.47668036
0.98794202	-0.33316410	-0.10919305	0.02658106	-1.00913964	-0.43522697
1.07829799	-0.31023403	-0.07508293	0.66534027	-1.34928191	-0.30647654
0.80440699	-0.18533969	-0.06160604	0.91505576	-0.74744467	-0.34625185
0.88610805	-0.09436803	-0.18129928	0.08098918	-1.54418140	-0.20850079
0.91947599	-0.02607166	-0.17369604	-0.19941434	-0.74787532	-0.25507520
0.86224271	-0.00315511	-0.04131734	-0.75078913	-0.96143004	-0.11708492
0.56167006	-0.11281002	-0.09919755	-0.29742936	-1.46276599	-0.22404974
0.64397552	-0.18761653	-0.08917830	-0.54555725	-0.45371017	-0.35294044
0.80782013	-0.08661713	-0.03728698	-0.43941494	-0.53600606	-0.48693027
0.75157290	-0.20243848	-0.15003535	-0.37608039	-0.05094750	-0.45327661
0.89500020	-0.14085663	-0.07091299	-0.22356576	-0.37809018	-0.50817812
0.65504696	-0.04234719	-0.15002712	-0.38558929	-0.16810953	-0.18682337
1.01006609	-0.04691197	-0.03395277	-0.48305036	0.41797185	0.00982412
0.96547858	0.09090698	-0.11067763	-0.65452107	-0.06777279	0.03652184
0.70079515	-0.04641851	-0.21468579	-1.23130689	-0.59355283	-0.07676288
1.28905299	0.10955281	-0.05503222	-0.92018795	0.19461103	-0.10035711
0.99421777	-0.03690280	-0.22808310	-1.20743992	-0.79924371	0.08216393
0.99650584	-0.09201716	0.00439408	-0.99622879	0.08446312	-0.04710835
1.15048629	-0.10729114	-0.25273414	-1.30046559	-0.13607979	0.08409999
1.06613941	-0.15367219	-0.22131951	-0.98979669	-0.29581255	0.26997247
1.17716337	-0.06853717	-0.17393769	-0.17831018	0.04565298	0.45338914
1.43482522	-0.35644841	-0.16414296	-0.85975815	-1.21769746	0.14594009
1.50671805	-0.17920023	-0.31911353	-0.63423535	-0.31739707	-0.06020174
1.78499136	-0.34871528	-0.41980481	-0.77062721	-0.76170401	0.16953276
1.67548633	-0.45628001	-0.32972345	-0.27031332	0.31117406	0.46692842
1.56939384	-0.53498163	-0.21402407	-0.31934905	0.38476801	0.51084989
1.15245180	-0.36340532	-0.36421097	-0.06854257	0.91911484	0.44361972
1.28968409	-0.34554901	-0.15386726	-0.37146662	1.13381554	0.24430158
0.81046729	-0.05838287	-0.17920569	-0.67621640	1.69021195	0.00721694
1.04338394	-0.10516185	0.02414533	-0.49270561	1.53579413	-0.09646424
1.01601556	-0.20903682	-0.20213811	-0.94917569	1.29201456	-0.37348010
0.87343205	-0.22641343	-0.23975722	-1.48985902	1.76677001	-0.34405966
0.94532709	-0.24222553	0.02053869	-1.15326597	1.80636324	-0.14350070
0.41944741	-0.46336480	-0.12860214	-0.95491131	1.61041998	0.09939719
0.84461627	-0.36460541	0.02951332	-0.42549018	1.30499608	0.13200537
0.96627208	-0.32624801	-0.05486835	0.14075520	1.25416326	0.18480531
0.79530766	-0.19633707	-0.10918965	0.52125865	1.36926401	0.28759405
0.98676024	-0.17243546	-0.22227313	0.13324911	1.45068201	0.05254921
0.65462417	-0.07980049	0.18624073	0.36391167	1.46110650	0.14531623
0.73562984	-0.04181638	0.05072545	0.43184792	1.50789350	0.05523761
0.53784839	-0.04958769	-0.03194935	-0.16732958	0.92382778	0.03590302
0.71082906	0.02002316	-0.09840956	-0.31544504	0.19865861	0.06167511
0.65064466	-0.13105776	0.12604227	-0.54709752	-0.15527765	0.32229712
0.59262936	-0.24325175	0.16657811	-0.18011307	0.25307380	0.64407030
0.35595145	-0.32269346	0.15973243	-0.30534967	-0.07884283	0.64315084
0.49134988	-0.24509064	0.18559313	0.71370750	-0.49992511	0.30179745
0.61640748	-0.29127972	0.17155555	0.89987034	0.24254061	0.24460996
0.57374971	-0.17853248	0.18093999	0.77242629	-0.64857014	-0.17775349
0.74514609	-0.01921638	0.25772581	0.47194948	-0.26772422	-0.25780135
1.03930507	-0.07980012	0.34918372	0.70927651	-0.27528988	0.02605145
1.28170251	-0.05021500	0.28675263	0.47081304	-0.75830162	-0.10750958
1.64397524	-0.24669572	0.28076959	0.37182395	0.03695537	-0.00287475
1.55276294	-0.25043413	0.40349453	-0.08576483	-0.59094631	0.47014380
1.95352335	-0.43318812	0.47110619	0.45741707	0.29374667	0.63514257
