1.62463671	-0.44340420	0.25006903	0.75673498	-0.23807024	0.00320252
0.92437380	-0.39201828	0.15730923	0.93004477	-0.64905362	-0.05710606
0.82731947	-0.40735637	0.25445093	0.59282562	-1.32254257	-0.00411655
0.91819023	-0.30344161	-0.08373979	0.57715896	-0.84229547	-0.30559340
0.76901977	-0.44865620	0.06807394	0.33068715	-0.73203857	-0.17478661
0.88120985	-0.34720777	-0.01613368	0.94882024	-1.22528941	-0.12622151
1.02205738	-0.48783823	0.12872642	0.68363567	-0.87027761	-0.07251814
1.05090361	-0.27594341	0.01695810	0.89549349	-0.95438017	-0.47569604
0.88536445	-0.27774602	0.00692955	0.93782765	-1.13521495	-0.43297019
0.83222716	-0.10619973	-0.22770429	0.50445916	-0.81440579	-0.42042761
0.90623661	-0.15548408	-0.04341176	0.30173422	-1.03993649	-0.25215374
0.77985732	-0.02195150	-0.05924617	0.21701832	-1.34834014	0.07720207
0.96964178	-0.04567108	0.01222818	-0.09415550	-1.04067051	-0.15471905
0.91911497	-0.06490352	-0.04881122	0.59165352	-1.29345434	0.08690587
0.72411179	-0.12831962	-0.14037382	0.10831261	-0.81867308	-0.40785193
0.62209561	-0.26861825	0.02542800	-0.11278727	-0.45216438	-0.66216718
0.71590264	-0.21470214	-0.06207741	0.37003692	-0.51285915	-0.81492773
0.66012552	-0.25394953	0.03437276	0.30860376	-0.69964195	-0.17590397
0.79570049	-0.10606642	-0.13730679	-0.18348591	-0.51046622	-0.21208370
0.98886075	0.04112333	-0.21470680	-0.17687269	-0.40863766	0.04165903
0.94804622	-0.07588079	-0.24964161	-0.11166182	-0.67446035	-0.04631972
1.16350183	-0.03082803	-0.14718552	0.00450646	-0.71388899	-0.21210829
0.97832125	-0.09281985	-0.15551577	-0.61966772	-0.61706353	0.00499263
1.10703679	-0.17136842	-0.14274354	-0.23766598	-0.66710411	-0.02908149
1.26999214	-0.06180999	-0.14584853	0.53820377	-0.36919544	-0.12367723
1.31187748	-0.11308324	-0.10701390	-0.29560846	0.01297173	0.06327184
1.40752660	-0.07879133	-0.20601443	0.18353372	0.08085723	0.17417711
1.70470234	-0.17083318	-0.27224056	0.11942289	0.01440540	0.28720986
1.75987935	-0.35922912	-0.34106179	0.23903960	0.04688896	0.40690566
1.59787756	-0.61318926	-0.39640034	-0.14156786	0.41261807	0.32973621
1.58218047	-0.45861700	-0.28163471	0.90138345	0.60312411	0.18336125
1.15673559	-0.53460882	-0.27224592	1.36002576	0.95412265	0.29031549
0.86285773	-0.42232909	-0.21680028	0.43933435	0.83064870	-0.03757681
1.14267886	-0.35689538	-0.15347525	0.32119752	0.92495205	0.29819643
1.19792351	-0.39256669	-0.04499406	0.05783377	1.42900929	-0.24410240
1.25249328	-0.20869901	0.03901046	0.18548737	1.70252828	-0.13696137
1.11208953	-0.19833751	0.02551039	-0.26010223	1.71581790	-0.22544072
0.89666003	-0.27077504	0.05580829	-0.27312389	1.31730496	-0.46519512
0.81796943	-0.27231128	-0.04592658	-0.25356347	1.20055910	0.19978040
0.75969745	-0.33222066	0.04957116	-0.00242010	0.90333312	0.47700054
0.72348490	-0.37083172	-0.05926997	0.69387668	1.01061549	0.23433218
0.71553938	-0.45850809	0.01181646	1.11868905	0.60660742	-0.04985288
0.96634272	-0.22931914	0.12830885	0.61815919	0.81983561	0.35146515
0.86980025	-0.40460738	-0.07060433	1.12223676	0.29916545	0.03804278
0.78373941	-0.16384795	-0.02094863	0.45509643	0.72188914	0.34853224
0.48335196	-0.04698646	0.20586088	0.36146441	0.39311306	0.24173714
0.66481450	-0.17034015	-0.00975590	0.44815417	0.19576324	0.44700242
0.62577337	-0.21773000	0.20004165	0.14057657	-0.06641551	0.34848920
0.61890783	-0.14536948	0.15415012	0.56005241	0.43836810	0.35376120
0.51143817	-0.41019632	0.30928333	-0.13590794	-0.02197200	0.30660977
0.50601597	-0.23261602	0.32439896	0.86501874	0.29240327	-0.15257236
0.52670832	-0.17107062	0.19446937	0.98605681	0.28081620	-0.07655721
0.73379329	-0.14042756	0.37866171	1.40104014	-0.16305376	-0.49463704
1.10004975	-0.16477014	0.41352038	0.50432790	-0.44263571	-0.40972461
1.30586155	-0.15669828	0.26552847	0.52971370	0.19557845	-0.56658224
1.29124575	-0.12378609	0.23449023	1.04599961	-0.24865773	-0.20461158
1.62860401	-0.38894252	0.43944497	0.52851551	-0.34516373	-0.27094649
1.74758938	-0.52178581	0.28199908	0.61368605	-0.57894645	-0.16666269
1.70419913	-0.29371097	0.32674422	0.88742640	-0.35194934	0.21655582
1.42433536	-0.25804525	0.23821713	0.93255624	-0.65654636	-0.16793264
0.68471092	-0.37407877	0.08940182	0.89260937	-0.86255322	0.11297171
0.63273714	-0.22662219	0.13283099	0.68384884	-1.67068112	-0.06241512
0.92054748	-0.39589224	-0.03715706	0.46681929	-0.96585797	-0.19216720
0.83646073	-0.40811661	0.00553698	0.72044727	-0.65071130	-0.51405180
1.11940569	-0.41726091	-0.01610822	1.05524087	-0.96872083	-0.25836501
0.97524629	-0.34798261	-0.05678723	1.26935395	-0.93037445	-0.33097978
1.10676701	-0.13431137	0.19868441	1.51136623	-0.82356670	-0.36001830
0.89725297	-0.12916946	-0.05513364	1.23972096	-1.15755021	-0.39586969
1.13404825	-0.09132060	0.04192785	0.80373227	-1.20020415	-0.16967595
0.68477848	-0.07811660	-0.08233146	0.36905363	-1.16187175	-0.46810242
0.72063968	0.00798747	-0.03148589	-0.30251110	-1.35804813	-0.17900487
0.95576252	-0.15194750	-0.12564109	0.38467184	-1.18823290	-0.54811819
0.92071700	-0.16923529	-0.23135674	0.63003339	-0.78046410	-0.55853564
0.85585238	-0.31384798	-0.07687966	0.18937937	-0.90803398	-0.73412432
0.53043400	-0.24482114	-0.00828375	0.62737216	-0.07895900	-0.92403517
0.75575061	-0.08370553	-0.01134052	0.64366915	-0.35671457	-0.64382903
0.62020990	-0.04450547	-0.05969294	0.55049775	-0.66023393	-0.27791734
0.42510039	-0.08572937	-0.22916333	0.11452005	0.29811614	-0.28588751
0.79602572	0.08888050	-0.17758110	-0.09362635	-0.35010125	0.02034911
0.76278124	-0.10210528	-0.20942299	-0.37328352	-0.01817173	-0.20584756
0.96415592	-0.00819475	-0.05895260	-0.21882131	-0.15308564	0.07528824
1.12643912	-0.22747936	-0.00363708	0.02996032	0.20558750	-0.30695018
0.98679383	0.00183213	-0.08384310	0.49633280	-0.67471122	-0.33738506
1.13787735	-0.09595885	-0.13252366	0.09847661	-0.28729096	0.01050455
0.96571872	-0.12559573	-0.10612408	0.48152356	-0.34080777	-0.10694524
1.60287434	-0.00621272	-0.07345260	0.78547661	-0.84344565	0.11550674
1.74769667	0.05727755	-0.15258760	1.42830050	-0.52677214	0.09693007
1.71475654	0.03241662	-0.05622452	1.36610481	-0.46040349	0.33725033
1.88584080	-0.02343272	-0.18762556	0.91029013	-0.67371202	0.54209246
1.46581899	-0.15945527	-0.19936519	1.22368442	-0.15017509	0.34112396
1.35977912	-0.19369715	-0.41766542	1.17284454	-0.68513241	0.34898309
1.26645299	-0.42938439	-0.12789195	1.38496623	0.32608933	0.30028037
1.20699081	-0.52344194	-0.18493920	0.81757414	0.72582974	0.04613041
0.89117312	-0.32604402	-0.03633848	1.40169555	0.94690595	-0.04937422
0.59894298	-0.44836624	-0.07677308	0.82857655	0.85336856	-0.12449137
1.10298668	-0.40376613	-0.17824425	1.16637158	0.66589390	-0.35815830
1.05374118	-0.44590527	0.01898059	1.27564639	0.61447498	-0.36190465
1.16082502	-0.37139112	0.06080362	1.37086991	0.87030709	-0.29385336
1.11501239	-0.47036403	-0.13367874	1.99504035	0.77932081	0.06474069
0.89394740	-0.44033233	-0.05429993	2.12211244	0.54345011	0.16343929
0.86643444	-0.29434094	-0.08484682	1.94582108	0.69659474	0.25798722
0.86849082	-0.36000264	-0.12101387	2.27483837	0.65086812	-0.15584623
0.84529203	-0.13352394	0.00061555	2.61478320	0.99804451	0.09112990
0.74806632	-0.04809117	0.06573447	2.05921519	0.60765309	-0.06969059
0.70015291	-0.08522454	0.02751556	2.55040830	0.30604338	0.07253779
0.91948625	-0.20024171	0.12735722	2.05940944	0.74862314	0.11558881
0.71326929	-0.05861759	0.04087047	1.80795950	0.04980363	0.34087548
0.65487745	-0.05150070	0.06752132	0.98309757	-0.63830151	0.39916363
0.57450127	-0.04071301	0.20573965	1.42115375	-0.03969344	0.44562160
0.53787168	-0.19145261	0.31577624	1.28238625	0.25000741	0.51031921
0.58143790	-0.08983035	0.21779868	1.21075634	0.10406913	0.47720338
0.64840733	-0.03797916	0.41138262	0.67339217	0.02688626	0.70939121
0.80331717	0.01494778	0.30730154	0.95440052	0.25032391	0.27888403
0.51262550	0.05350371	0.23365118	0.21097103	0.50201357	0.01914080
0.70251687	-0.02387452	0.35727897	0.19147496	0.06444506	-0.24435489
1.15285943	-0.02942641	0.44213010	-0.04590979	0.16699685	0.04282988
0.99470178	-0.22521911	0.56380279	-0.01064803	0.41882460	-0.23754165
1.13085397	-0.13313947	0.56319821	0.11661400	0.43083176	-0.20604021
1.11184078	-0.15472734	0.34761651	-0.83773889	0.53678555	0.11234461
1.34752877	-0.19052234	0.34148785	-0.23911261	0.06346403	0.48654941
1.66314281	-0.46954768	0.23263967	-1.73412416	-0.19847093	0.40951500
1.38217278	-0.46847803	0.27474901	0.19393918	-0.67449020	0.37416796
0.84979694	-0.57569640	0.07187338	-0.10011870	-0.33565153	0.36333982
0.73062452	-0.48483419	-0.05178817	-0.08978034	-0.81233846	0.04192897
0.78047723	-0.48485667	0.02322883	0.80076092	-1.30239679	-0.03847336
1.14810700	-0.48185292	0.09514965	0.26884808	-1.36662669	-0.24081774
1.34511010	-0.39090389	0.06176174	0.62476788	-1.02624623	-0.18546228
0.88863153	-0.28027656	0.05278555	0.38470345	-1.11934326	-0.32144692
