0.85541148	0.13816662	-0.27953695	2.34746305	-1.32175867	-0.65427708
0.94421326	0.34361011	-0.00068495	2.41119671	-0.16267108	-0.34650782
0.99466104	0.34285889	-0.06753326	1.73145226	-0.31488614	-0.83688225
1.02194388	0.30719839	-0.06537371	0.97108460	0.94379514	-0.53967730
0.99385284	0.42327755	-0.12152112	0.49629662	0.61257282	-0.42978191
0.78552632	0.07253693	0.01380456	-0.39418850	0.69806337	-0.12063869
1.03040662	0.09143648	0.21303081	-0.33627578	0.92007580	-0.34968991
0.59972249	-0.02459842	0.34540848	-0.85635163	0.37469288	-0.17362636
1.16355173	-0.08548943	0.21160883	-0.22486067	-0.18850460	-0.00483837
1.32596713	-0.11854449	0.16150482	-0.16602101	0.16334821	0.18203775
1.35419758	-0.12244275	0.02728506	0.00681671	0.51548013	0.44431105
1.82475981	-0.16888221	0.04940659	-0.59035749	-0.05194867	0.69927650
1.76942336	-0.34281441	-0.00710300	-0.62764306	-0.52764804	0.58868452
1.87562702	-0.37016595	0.07406296	-1.55774412	0.31982577	0.56725238
1.45417477	-0.56883542	0.14502040	-0.69518425	0.02132716	0.81124453
1.50626301	-0.40037373	0.00460806	-0.67016294	0.13166905	0.70196601
1.09520558	-0.50632375	-0.16519813	-0.08895324	0.50475125	0.67322586
0.86550763	-0.40416985	-0.09608112	0.05241543	-0.28005723	0.34844417
1.11973081	-0.16524898	-0.34691728	-0.40510959	0.47638368	0.29851601
0.98042087	-0.19784791	-0.32023149	-0.92297493	0.35236624	0.06245371
1.07248077	-0.13677037	-0.12859757	-0.75824188	0.98526698	0.06389166
1.13514332	-0.39309232	-0.03597719	-0.68418644	1.22906797	-0.21161909
1.11204054	-0.53935754	0.05283943	-0.40233421	1.56730654	0.20968514
1.02615171	-0.38379892	-0.07245921	0.71609992	1.56899621	0.19921262
0.90886417	-0.33456827	-0.17354268	0.34524898	1.37593888	0.21295403
0.92159467	-0.25195999	-0.06493501	-0.39905090	1.50115718	0.29316622
0.82460612	-0.09832439	0.09729133	-0.29395079	1.53542168	-0.02941929
0.65898400	-0.21144404	0.08588888	0.39387989	1.08542078	0.50338620
0.51926764	-0.27268088	0.06392104	-0.28333546	1.16944506	0.40783662
0.71211151	-0.10184697	0.09906053	-1.14009776	0.71589762	0.47733306
0.62470214	-0.40771614	0.06801895	-1.49915480	0.75066350	0.47775222
0.52686187	-0.14976364	0.03866469	-1.14447380	1.02170764	0.56655804
0.74617626	-0.19431630	0.26689207	-1.37388070	0.36750837	0.28718411
0.56852930	-0.32960709	0.25751722	-0.94186671	0.52578716	0.44013429
0.63175929	-0.02528103	0.14100810	-0.40924914	0.34699551	0.05927281
0.41214458	-0.06772904	0.20159074	-0.35159699	-0.07694407	0.03038460
0.55264602	-0.31227101	0.23951695	-0.14328238	0.03596001	-0.16479188
0.71114260	-0.25141611	0.31427856	-0.28535128	-0.26717768	-0.44154828
1.03929012	-0.13743118	0.20386886	0.45505951	-0.15351725	-0.49671084
1.25722292	-0.05118144	0.29807532	-0.57186396	0.22114672	-0.31598924
1.35619537	-0.09611692	0.24001349	0.06571544	0.31281369	-0.09800839
1.72915383	-0.33548437	0.25301966	-0.30396478	-0.17386982	0.23267220
1.80452128	-0.51170012	0.20833085	-0.43869314	-0.06234534	0.48972771
1.53871394	-0.57481387	0.25184952	-0.42436350	-0.03860909	0.27948632
1.39851940	-0.33052517	0.23136839	-0.28529416	-0.53416522	0.27438001
0.73840546	-0.27949645	0.04351906	-0.66870140	-0.66812019	0.32665836
0.65311315	-0.43766818	0.14772218	-0.38622080	-1.26013176	0.01097644
1.02875470	-0.36382013	-0.01340506	0.36921849	-1.12168716	-0.36643410
0.96414330	-0.38859026	0.12522256	0.51943615	-0.70350787	-0.08351210
1.08023922	-0.41431625	-0.09620288	0.48692462	-0.64010441	-0.32691221
0.89626370	-0.25028007	-0.07597860	0.17626727	-0.82332974	-0.39008570
0.90263216	-0.12065628	0.00560476	0.40214166	-0.58448175	-0.32958867
0.93244352	-0.18266752	-0.18645279	1.11956468	-1.06042791	-0.37518640
0.74977963	-0.14025399	-0.11173891	0.07233436	-1.05403709	-0.38018262
1.03323015	-0.02495547	-0.08004948	-0.29424959	-1.18728771	-0.33527383
0.80801433	-0.23109670	-0.08993850	-0.07197644	-0.70104750	-0.18628114
0.77883509	-0.05229924	-0.09032678	-0.53082617	-1.02107859	-0.01385956
0.79789092	-0.36899238	-0.10471256	-0.31928098	-1.01294713	-0.28722424
0.78493099	-0.32323740	-0.04529772	-0.15384857	-0.51498884	-0.58944861
0.78049747	-0.27402825	-0.03814544	-0.25063745	-0.35939721	-0.33128194
0.70744658	0.01133492	-0.09504924	-0.07410086	-0.01424097	-0.40065054
0.70210118	-0.02500420	-0.09158024	-0.11799799	-0.34053678	-0.47924016
0.72362320	-0.11493648	-0.03281861	-0.50307595	-0.72265070	-0.02880306
0.73743850	-0.02280004	-0.12364354	-0.45975639	-0.17557569	-0.29428337
0.46862674	0.01564813	-0.14970355	-0.38648073	-0.42457437	-0.38776526
0.99420040	-0.14176236	-0.06879655	-0.60937299	0.31809808	-0.15996191
1.05649095	-0.09346096	0.00884973	-0.95772324	-0.37660387	-0.44775805
1.37601485	-0.01298578	-0.17771061	-1.33334969	0.26436511	0.01625004
1.11834864	0.02908038	-0.15898426	-1.34648462	0.01897137	0.13693034
1.66773337	-0.22333666	-0.19801174	-1.07647648	-0.29662281	0.16529841
1.92202016	-0.30804627	-0.14512373	-1.24126339	0.01188315	0.62192823
1.87116805	-0.55188026	-0.13176782	-1.08325040	-0.20565484	0.36377220
1.57282233	-0.32256599	-0.19771764	-0.96718395	0.47581314	0.52642177
1.66814694	-0.58740353	-0.33456029	-1.17990510	0.00430720	0.60393406
1.17487994	-0.29753265	-0.23779015	-0.37093085	0.67701607	0.46970868
1.12364331	-0.32641453	-0.25126184	-0.22569504	1.46917118	0.34329678
0.77884895	-0.24224371	-0.29878610	-0.10949795	0.71036510	0.28182044
0.98850797	-0.22161516	-0.12201046	-1.44266725	1.28402517	-0.05423919
0.73569390	-0.14569543	-0.11970438	-0.79817789	1.42254506	-0.29268038
1.04731362	-0.21027018	-0.13491049	-1.07155174	2.28543597	-0.16142284
0.92907937	-0.12617937	-0.15728062	-1.38675192	1.97149853	-0.17380660
0.73207808	-0.21392884	-0.04604937	-1.01593840	1.80106996	0.15177117
0.63954406	-0.47674412	0.01468388	-0.85402893	1.55870964	0.27955695
0.70766950	-0.36374358	0.01871082	-0.69648813	1.08179017	0.51293974
0.90216664	-0.23540119	-0.01605162	0.42028605	0.69053365	0.34212821
0.91905087	-0.25276826	-0.03739287	-0.22461539	0.70401149	0.22410839
0.53277461	-0.23179164	0.07155788	0.00566959	0.65716328	0.31242307
0.56182409	-0.18358279	0.05255558	-0.34014031	0.81066382	0.17843981
0.35530798	-0.10952678	-0.09013206	-0.68573309	0.62558428	0.35028412
0.72334788	-0.13863690	0.12965408	-0.49921382	0.12958582	0.50012923
0.80745337	-0.09135087	0.17566427	-0.33431999	0.49239708	0.44156610
0.48594147	-0.16064135	0.15871259	-0.50012520	0.19253782	0.31709744
0.75995052	-0.16777924	0.28277779	-0.20215430	0.54924810	0.26411052
0.56579743	-0.18057327	0.33520823	-0.19847570	0.59645916	0.06705278
0.73320441	-0.26626683	0.35065149	-0.69631485	-0.19332561	-0.30210266
0.92917981	-0.14780066	0.30217861	-0.60530408	-0.34211053	-0.18675664
0.75758106	-0.17437503	0.41580970	-0.33506794	0.57591988	0.17981101
1.14134417	-0.25639522	0.30166526	-0.51564304	0.17284313	-0.35873895
1.40084066	-0.37100282	0.28571471	-0.64807899	-0.35745217	-0.18952588
1.60611134	-0.51732932	0.31517854	-0.38826863	-0.06826218	0.29311108
1.54077877	-0.44994694	0.30159885	-0.02461826	-0.54434627	0.29368181
1.12637579	-0.41715088	0.26002986	-0.00504105	-0.52131798	0.44220109
1.04769452	-0.33463451	-0.03724568	-0.75118139	-1.05992944	0.16758536
0.73207512	-0.39899904	0.00648241	-1.35009049	-1.17052698	0.01824603
1.09489508	-0.47736012	-0.09039840	-0.27621480	-0.38672388	-0.10286297
0.86626833	-0.47835560	0.02841131	-0.38269488	-0.95441136	-0.20873027
0.93922693	-0.33242797	-0.01664870	-0.10839269	-0.85773284	-0.45767339
1.23111388	-0.23097771	-0.14894889	0.00449479	-0.51789868	-0.34616088
0.97313515	-0.05457869	0.08601406	0.13360192	-1.04600510	-0.28263460
0.97355098	-0.07581689	0.01302365	0.23229471	-0.45404458	-0.59010419
0.87051355	-0.09391804	-0.03896315	-0.43064171	-0.72690519	-0.31737891
0.80773358	0.00361726	0.00896422	0.30216158	-1.03166163	-0.21295557
0.72515642	-0.05285848	0.02149597	-1.00707997	-0.72775436	-0.20245426
0.91766608	0.01353302	-0.12323000	-0.36106922	-0.84511785	-0.01331693
0.70620713	-0.16536626	-0.16712700	-0.92845072	-1.05760645	-0.17938444
1.02603524	-0.28261757	-0.02768228	-0.05141086	-0.46500110	-0.45022115
0.88353792	-0.28970732	-0.16782077	-0.65576290	-0.40836209	-0.64415232
0.82311812	-0.19568273	-0.17876862	-0.50185770	-0.58366416	-0.62906717
0.89987519	-0.21271211	-0.10455753	-0.23779470	-0.29357657	-0.26031165
0.85394687	-0.09084610	-0.32334657	-0.51001926	-0.77924866	-0.06753720
0.61782367	-0.14429319	-0.15571043	-0.32548417	-0.40721165	0.02604515
1.15470819	-0.13533563	-0.12295763	-1.14212448	-0.84457720	-0.12968125
0.91743912	-0.06845193	-0.08433067	0.02150664	-0.52509431	0.26120838
1.20915592	-0.12158008	-0.15051441	-0.93022577	-0.40365346	0.22313320
1.41264916	-0.13454188	-0.14447476	-0.98987477	-0.53882214	0.11039925
1.21212911	-0.12133398	-0.18596471	-0.29157064	-0.47311011	0.18837348
1.54145343	0.01932696	-0.18290644	-0.33515526	-0.00386305	0.07041444
1.60182120	-0.18826718	-0.27145565	-0.27713253	-0.01292533	0.72373498
